0.5020 0.0075 0.5126 0 0 -30 0
0.4940 0.0063 0.5109 0 0 -30 0
0.4960 0.0063 0.5109 0 0 -30 0
0.5220 0.0068 0.5107 0 0 -30 0
0.5040 0.0097 0.5119 0 0 -30 0
0.4840 0.0109 0.5127 0 0 -30 0
0.4880 0.0094 0.5078 0 0 -30 0
0.4920 0.0094 0.5078 0 0 -30 0
0.4920 0.0094 0.5078 0 0 -30 0
0.4940 0.0074 0.5083 0 0 -30 0
0.4940 0.0074 0.5083 0 0 0 0
0.5020 0.0057 0.5055 0 0 -30 0
0.5100 0.0052 0.5074 0 0 -30 0
0.5100 0.0052 0.5074 0 0 -30 0
0.5100 0.0052 0.5074 0 0 -30 0
0.4800 0.0060 0.5090 0 0 -30 0
0.4800 0.0070 0.5109 0 0 -30 0
0.4800 0.0070 0.5109 0 0 -30 0
0.4800 0.0070 0.5109 0 0 -30 0
0.4800 0.0070 0.5109 0 0 -30 0
0.4920 0.0072 0.5090 0 0 -30 0
0.4920 0.0072 0.5090 0 0 -30 0
0.4920 0.0072 0.5090 0 0 0 0
0.4940 0.0072 0.4960 0 0 -30 0
0.4820 0.0072 0.4960 0 0 -30 0
0.4800 0.0070 0.4957 0 0 -30 0
0.4820 0.0065 0.4963 0 0 -30 0
0.4820 0.0063 0.4943 0 0 -30 0
0.5220 0.0063 0.4943 0 0 -30 0
0.5020 0.0064 0.4932 0 0 -30 0
0.4960 0.0065 0.4928 0 0 -30 0
0.5100 0.0067 0.4935 0 0 -30 0
0.5100 0.0067 0.4935 0 0 -30 0
0.5100 0.0067 0.4935 0 0 -30 0
0.5100 0.0067 0.4935 0 0 0 0
0.4900 0.0071 0.5003 0 0 -30 0
0.4900 0.0074 0.5006 0 0 -30 0
0.5060 0.0076 0.5017 0 0 -30 0
0.5080 0.0075 0.5021 0 0 -30 0
0.5080 0.0074 0.5016 0 0 -30 0
0.5080 0.0074 0.5016 0 0 -30 0
0.5040 0.0072 0.5012 0 0 -30 0
0.5040 0.0072 0.5012 0 0 -30 0
0.5280 0.0074 0.5012 0 0 -30 0
0.5280 0.0074 0.5012 0 0 0 0
0.5100 0.0102 0.5082 0 0 -30 0
0.5120 0.0104 0.5096 0 0 -30 0
0.4860 0.0106 0.5101 0 0 -30 0
0.4880 0.0106 0.5100 0 0 -30 0
0.4960 0.0107 0.5100 0 0 0 0
0.4980 0.0115 0.5126 0 0 0 0
0.5060 0.0195 0.4524 0 0 30 0
0.5140 0.0189 0.4505 0 0 30 0
0.5140 0.0190 0.4510 0 0 30 0
0.5120 0.0191 0.4479 0 0 30 0
0.5120 0.0186 0.4476 0 0 0 0
0.4880 0.0162 0.4499 0 0 30 0
0.4920 0.0159 0.4488 0 0 30 0
0.4920 0.0159 0.4488 0 0 30 0
0.4980 0.0154 0.4494 0 0 30 0
0.4980 0.0149 0.4528 0 0 30 0
0.5120 0.0146 0.4508 0 0 0 0
0.4940 0.0120 0.4563 0 0 30 0
0.4880 0.0119 0.4587 0 0 30 0
0.4800 0.0122 0.4604 0 0 0 0
0.4760 0.0110 0.4491 0 0 0 30
0.4740 0.0105 0.4385 0 0 0 30
0.4740 0.0109 0.4279 0 0 0 30
0.4720 0.0122 0.4191 0 0 0 30
0.4620 0.0122 0.4191 0 0 0 0
0.4820 0.0130 0.4188 0 0 0 30
0.4660 0.0130 0.4188 0 0 0 30
0.4900 0.0125 0.4135 0 0 0 30
0.4920 0.0126 0.4164 0 0 0 30
0.4640 0.0128 0.4147 0 0 0 30
0.4900 0.0128 0.4179 0 0 0 30
0.4720 0.0129 0.4209 0 0 0 0
0.4840 0.0115 0.4344 0 0 0 30
0.4980 0.0104 0.4422 0 0 0 30
0.4800 0.0102 0.4490 0 0 0 30
0.4800 0.0102 0.4490 0 0 0 30
0.4800 0.0102 0.4490 0 0 0 0
0.4820 0.0085 0.4573 0 0 0 30
0.5000 0.0080 0.4590 0 0 0 30
0.4840 0.0082 0.4588 0 0 0 0
0.4840 0.0118 0.4653 0 0 0 30
0.5000 0.0111 0.4667 0 0 0 30
0.4980 0.0106 0.4692 0 0 0 30
0.5180 0.0102 0.4768 0 0 0 0
0.4820 0.0097 0.4849 0 0 0 30
0.4880 0.0101 0.4845 0 0 0 30
0.4700 0.0108 0.4849 0 0 0 30
0.4760 0.0113 0.4867 0 0 0 30
0.4880 0.0120 0.4873 0 0 0 30
0.5000 0.0133 0.4912 0 0 0 30
0.5120 0.0137 0.4907 0 0 0 0
0.4760 0.0138 0.4893 0 0 0 30
0.4900 0.0138 0.4893 0 0 0 30
0.5040 0.0135 0.4967 0 0 0 30
0.4820 0.0128 0.4922 0 0 0 30
0.4820 0.0128 0.4922 0 0 0 30
0.5060 0.0116 0.4904 0 0 0 30
0.5060 0.0111 0.4868 0 0 0 0
0.5100 0.0140 0.4969 0 0 -30 0
0.4980 0.0140 0.4969 0 0 -30 0
0.4860 0.0134 0.4998 0 0 -30 0
0.4900 0.0134 0.5048 0 0 -30 0
0.4780 0.0143 0.5121 0 0 -30 0
0.5100 0.0141 0.5200 0 0 -30 0
0.5100 0.0141 0.5200 0 0 -30 0
0.5180 0.0140 0.5184 0 0 -30 0
0.5180 0.0140 0.5184 0 0 0 0
0.5140 0.0118 0.5206 0 0 -30 0
0.4960 0.0125 0.5204 0 0 -30 0
0.4940 0.0136 0.5234 0 0 -30 0
0.5080 0.0144 0.5246 0 0 -30 0
0.5020 0.0158 0.5265 0 0 -30 0
0.4840 0.0177 0.5312 0 0 -30 0
0.5020 0.0186 0.5302 0 0 -30 0
0.5020 0.0186 0.5302 0 0 -30 0
0.5020 0.0186 0.5302 0 0 -30 0
0.4920 0.0185 0.5287 0 0 -30 0
0.4920 0.0185 0.5287 0 0 0 0
0.5020 0.0139 0.5313 0 0 0 -30
0.4920 0.0139 0.5313 0 0 0 -30
0.5140 0.0135 0.5444 0 0 0 -30
0.5140 0.0135 0.5444 0 0 0 -30
0.4980 0.0140 0.5441 0 0 0 -30
0.5080 0.0173 0.5625 0 0 0 -30
0.5080 0.0184 0.5774 0 0 0 -30
0.5080 0.0184 0.5774 0 0 0 -30
0.4980 0.0178 0.5884 0 0 0 -30
0.4980 0.0173 0.5873 0 0 0 -30
0.5060 0.0173 0.5873 0 0 0 0
0.5040 0.0170 0.5941 0 0 0 -30
0.5020 0.0171 0.5951 0 0 0 -30
0.4800 0.0172 0.6023 0 0 0 -30
0.4800 0.0172 0.5981 0 0 0 -30
0.4720 0.0172 0.5981 0 0 0 -30
0.4720 0.0172 0.5981 0 0 0 -30
0.4720 0.0172 0.6052 0 0 0 -30
0.4780 0.0172 0.6052 0 0 0 -30
0.4780 0.0172 0.6052 0 0 0 -30
0.4780 0.0172 0.6052 0 0 0 -30
0.4780 0.0172 0.6052 0 0 0 -30
0.4780 0.0172 0.6052 0 0 0 -30
0.5060 0.0170 0.6100 0 0 0 -30
0.5060 0.0170 0.6100 0 0 0 0
0.4840 0.0171 0.6063 0 0 0 -30
0.4940 0.0170 0.6062 0 0 0 -30
0.4800 0.0166 0.6001 0 0 0 -30
0.4760 0.0161 0.5947 0 0 0 -30
0.4760 0.0161 0.5947 0 0 0 -30
0.4760 0.0158 0.5900 0 0 0 -30
0.4880 0.0158 0.5900 0 0 0 -30
0.4880 0.0158 0.5900 0 0 0 -30
0.4880 0.0158 0.5900 0 0 0 -30
0.5040 0.0157 0.5878 0 0 0 -30
0.5040 0.0157 0.5878 0 0 0 -30
0.5040 0.0157 0.5878 0 0 0 -30
0.5040 0.0157 0.5878 0 0 0 -30
0.5040 0.0157 0.5878 0 0 0 -30
0.4840 0.0158 0.5839 0 0 0 -30
0.4840 0.0158 0.5839 0 0 0 0
0.4840 0.0158 0.5839 0 0 0 -30
0.5120 0.0156 0.5841 0 0 0 -30
0.5000 0.0152 0.5792 0 0 0 -30
0.5000 0.0152 0.5792 0 0 0 -30
0.4920 0.0148 0.5761 0 0 0 -30
0.4920 0.0148 0.5761 0 0 0 -30
0.4980 0.0147 0.5715 0 0 0 -30
0.4980 0.0147 0.5715 0 0 0 -30
0.4980 0.0147 0.5715 0 0 0 -30
0.4880 0.0149 0.5657 0 0 0 -30
0.4880 0.0149 0.5657 0 0 0 -30
0.4880 0.0149 0.5657 0 0 0 -30
0.5300 0.0152 0.5629 0 0 0 -30
0.5300 0.0152 0.5629 0 0 0 -30
0.5300 0.0152 0.5629 0 0 0 -30
0.5300 0.0152 0.5629 0 0 0 0
0.5300 0.0159 0.5593 0 0 0 -30
0.5180 0.0160 0.5562 0 0 0 -30
0.5120 0.0156 0.5494 0 0 0 -30
0.5300 0.0147 0.5438 0 0 0 -30
0.5140 0.0142 0.5399 0 0 0 -30
0.5160 0.0148 0.5335 0 0 0 -30
0.5100 0.0151 0.5316 0 0 0 -30
0.5100 0.0151 0.5316 0 0 0 0
0.5120 0.0151 0.5305 0 0 0 -30
0.5020 0.0153 0.5285 0 0 0 -30
0.4920 0.0154 0.5278 0 0 0 -30
0.5060 0.0154 0.5236 0 0 0 -30
0.5060 0.0154 0.5236 0 0 0 -30
0.5060 0.0154 0.5236 0 0 0 -30
0.5120 0.0152 0.5209 0 0 0 -30
0.5120 0.0152 0.5209 0 0 0 -30
0.5120 0.0152 0.5209 0 0 0 -30
0.5120 0.0155 0.5203 0 0 0 -30
0.5000 0.0155 0.5203 0 0 0 -30
0.5000 0.0155 0.5203 0 0 0 -30
0.5000 0.0155 0.5203 0 0 0 0
0.5000 0.0155 0.5203 0 0 0 -30
0.5040 0.0157 0.5166 0 0 0 -30
0.5140 0.0157 0.5151 0 0 0 -30
0.5140 0.0157 0.5151 0 0 0 -30
0.5140 0.0157 0.5151 0 0 0 -30
0.5140 0.0157 0.5151 0 0 0 -30
0.4880 0.0156 0.5128 0 0 0 -30
0.4880 0.0156 0.5128 0 0 0 -30
0.4880 0.0156 0.5128 0 0 0 -30
0.4880 0.0156 0.5128 0 0 0 -30
0.5000 0.0152 0.5106 0 0 0 -30
0.5000 0.0152 0.5106 0 0 0 -30
0.5000 0.0152 0.5106 0 0 0 -30
0.5000 0.0152 0.5106 0 0 0 0
0.5040 0.0156 0.5068 0 0 0 -30
0.5120 0.0162 0.5034 0 0 0 -30
0.5260 0.0160 0.5017 0 0 0 -30
0.5260 0.0160 0.5017 0 0 0 -30
0.5260 0.0160 0.5017 0 0 0 -30
0.5260 0.0160 0.5017 0 0 0 -30
0.5280 0.0157 0.4980 0 0 0 -30
0.5280 0.0157 0.4980 0 0 0 -30
0.5280 0.0157 0.4980 0 0 0 0
0.5120 0.0149 0.4931 0 0 0 -30
0.5040 0.0146 0.4916 0 0 0 -30
0.5080 0.0144 0.4903 0 0 0 -30
0.5080 0.0144 0.4903 0 0 0 -30
0.5080 0.0144 0.4903 0 0 0 -30
0.5080 0.0144 0.4903 0 0 0 -30
0.5060 0.0147 0.4872 0 0 0 -30
0.5060 0.0147 0.4872 0 0 0 -30
0.5060 0.0147 0.4872 0 0 0 -30
0.5160 0.0150 0.4869 0 0 0 -30
0.5160 0.0150 0.4869 0 0 0 0
0.4920 0.0152 0.4844 0 0 0 -30
0.4920 0.0152 0.4844 0 0 0 -30
0.4920 0.0152 0.4844 0 0 0 -30
0.4920 0.0152 0.4844 0 0 0 -30
0.4920 0.0152 0.4844 0 0 0 -30
0.4920 0.0151 0.4834 0 0 0 -30
0.4960 0.0151 0.4834 0 0 0 -30
0.5240 0.0152 0.4811 0 0 0 -30
0.5240 0.0153 0.4796 0 0 0 -30
0.4880 0.0154 0.4800 0 0 0 0
0.5100 0.0157 0.4778 0 0 0 -30
0.5100 0.0155 0.4798 0 0 0 -30
0.4980 0.0150 0.4763 0 0 0 -30
0.5020 0.0150 0.4763 0 0 0 -30
0.5040 0.0148 0.4753 0 0 0 -30
0.5180 0.0149 0.4759 0 0 0 -30
0.5180 0.0149 0.4759 0 0 0 -30
0.5180 0.0155 0.4725 0 0 0 -30
0.4860 0.0155 0.4725 0 0 0 0
0.4700 0.0166 -0.0756 0 0 0 -30
0.5020 0.0158 -0.0738 0 0 0 -30
0.5000 0.0157 -0.0744 0 0 0 -30
0.5040 0.0155 -0.0747 0 0 0 -30
0.5040 0.0155 -0.0747 0 0 0 -30
0.5080 0.0156 -0.0743 0 0 0 -30
0.5080 0.0156 -0.0743 0 0 0 0
0.4940 0.0178 -0.0868 0 0 0 -30
0.4960 0.0169 -0.0916 0 0 0 -30
0.4740 0.0152 -0.0930 0 0 0 -30
0.5000 0.0147 -0.0967 0 0 0 -30
0.5100 0.0152 -0.0951 0 0 0 0
0.4500 0.0166 0.3687 0 0 -30 0
0.4880 0.0163 0.3675 0 0 -30 0
0.4980 0.0163 0.3679 0 0 -30 0
0.4820 0.0164 0.3685 0 0 -30 0
0.4820 0.0165 0.3689 0 0 -30 0
0.4820 0.0163 0.3691 0 0 -30 0
0.4820 0.0163 0.3691 0 0 -30 0
0.4680 0.0160 0.3709 0 0 -30 0
0.4680 0.0160 0.3709 0 0 -30 0
0.4680 0.0160 0.3709 0 0 0 0
0.4680 0.0160 0.3709 0 0 -30 0
0.4740 0.0161 0.3702 0 0 -30 0
0.4720 0.0168 0.3727 0 0 -30 0
0.4920 0.0180 0.3724 0 0 -30 0
0.4740 0.0189 0.3717 0 0 -30 0
0.4740 0.0193 0.3742 0 0 -30 0
0.4500 0.0193 0.3742 0 0 -30 0
0.4500 0.0193 0.3742 0 0 -30 0
0.4500 0.0193 0.3742 0 0 -30 0
0.4640 0.0192 0.3717 0 0 -30 0
0.4640 0.0192 0.3717 0 0 0 0
0.4920 0.0187 0.3687 0 0 -30 0
0.4800 0.0190 0.3693 0 0 -30 0
0.4580 0.0192 0.3659 0 0 -30 0
0.4860 0.0194 0.3667 0 0 -30 0
0.4860 0.0194 0.3640 0 0 -30 0
0.4800 0.0194 0.3640 0 0 -30 0
0.4740 0.0197 0.3596 0 0 -30 0
0.4740 0.0197 0.3596 0 0 -30 0
0.4820 0.0199 0.3609 0 0 0 0
0.4840 0.0219 0.3487 0 0 30 0
0.4840 0.0219 0.3487 0 0 30 0
0.4720 0.0224 0.3496 0 0 30 0
0.4640 0.0228 0.3531 0 0 30 0
0.4540 0.0254 0.3558 0 0 30 0
0.4840 0.0257 0.3577 0 0 30 0
0.4620 0.0253 0.3571 0 0 30 0
0.4620 0.0253 0.3571 0 0 30 0
0.4620 0.0252 0.3561 0 0 30 0
0.4640 0.0252 0.3561 0 0 0 0
0.4740 0.0251 0.3565 0 0 30 0
0.4620 0.0253 0.3585 0 0 30 0
0.4680 0.0255 0.3599 0 0 30 0
0.4620 0.0258 0.3605 0 0 30 0
0.4620 0.0258 0.3605 0 0 30 0
0.4620 0.0258 0.3605 0 0 30 0
0.4620 0.0258 0.3605 0 0 30 0
0.4620 0.0258 0.3605 0 0 30 0
0.4620 0.0258 0.3605 0 0 30 0
0.4620 0.0258 0.3623 0 0 0 0
0.4840 0.0244 0.3591 0 0 30 0
0.4780 0.0244 0.3591 0 0 30 0
0.4820 0.0238 0.3586 0 0 30 0
0.4660 0.0231 0.3587 0 0 30 0
0.4660 0.0231 0.3587 0 0 30 0
0.4660 0.0231 0.3587 0 0 30 0
0.4720 0.0226 0.3595 0 0 30 0
0.4720 0.0226 0.3595 0 0 0 0
0.4540 0.0215 0.3586 0 0 30 0
0.4780 0.0213 0.3579 0 0 30 0
0.4780 0.0213 0.3579 0 0 30 0
0.4780 0.0213 0.3579 0 0 30 0
0.4780 0.0210 0.3592 0 0 30 0
0.4520 0.0210 0.3592 0 0 30 0
0.4520 0.0210 0.3592 0 0 30 0
0.4600 0.0206 0.3590 0 0 0 0
0.4560 0.0199 0.3556 0 0 30 0
0.4760 0.0190 0.3527 0 0 30 0
0.4660 0.0183 0.3524 0 0 30 0
0.4720 0.0175 0.3479 0 0 0 0
0.4700 0.0168 0.3493 0 0 30 0
0.4720 0.0171 0.3476 0 0 30 0
0.4720 0.0173 0.3475 0 0 30 0
0.4840 0.0172 0.3503 0 0 30 0
0.4760 0.0172 0.3503 0 0 30 0
0.4760 0.0167 0.3531 0 0 30 0
0.4700 0.0167 0.3531 0 0 30 0
0.4700 0.0167 0.3531 0 0 30 0
0.4660 0.0163 0.3535 0 0 30 0
0.4660 0.0163 0.3535 0 0 0 0
0.4800 0.0152 0.3546 0 0 30 0
0.4960 0.0146 0.3548 0 0 30 0
0.4980 0.0146 0.3548 0 0 30 0
0.4720 0.0143 0.3558 0 0 30 0
0.4760 0.0143 0.3545 0 0 30 0
0.4760 0.0143 0.3545 0 0 30 0
0.4940 0.0148 0.3564 0 0 30 0
0.4940 0.0148 0.3564 0 0 30 0
0.4740 0.0152 0.3534 0 0 30 0
0.4740 0.0152 0.3534 0 0 0 0
0.4740 0.0158 0.3585 0 0 30 0
0.4780 0.0158 0.3585 0 0 30 0
0.4540 0.0160 0.3580 0 0 30 0
0.4740 0.0158 0.3596 0 0 30 0
0.4740 0.0158 0.3596 0 0 30 0
0.4800 0.0146 0.3581 0 0 30 0
0.4700 0.0133 0.3584 0 0 30 0
0.4720 0.0121 0.3555 0 0 0 0
0.4620 0.0107 0.3513 0 0 30 0
0.4720 0.0103 0.3525 0 0 30 0
0.4600 0.0100 0.3513 0 0 30 0
0.4580 0.0095 0.3529 0 0 30 0
0.4680 0.0090 0.3509 0 0 30 0
0.4680 0.0082 0.3511 0 0 30 0
0.4680 0.0082 0.3511 0 0 30 0
0.4680 0.0082 0.3511 0 0 0 0
0.4680 0.0082 0.3526 0 0 30 0
0.4620 0.0077 0.3542 0 0 30 0
0.4480 0.0074 0.3555 0 0 30 0
0.4340 0.0074 0.3569 0 0 30 0
0.4660 0.0076 0.3567 0 0 30 0
0.4560 0.0077 0.3559 0 0 30 0
0.4560 0.0077 0.3559 0 0 30 0
0.4560 0.0077 0.3559 0 0 30 0
0.4560 0.0075 0.3565 0 0 30 0
0.4560 0.0075 0.3565 0 0 30 0
0.4560 0.0075 0.3565 0 0 0 0
0.4780 0.0076 0.3182 0 30 0 0
0.4780 0.0076 0.3182 0 30 0 0
0.4780 0.0076 0.3182 0 30 0 0
0.4560 0.0075 0.3016 0 30 0 0
0.4560 0.0081 0.2854 0 30 0 0
0.4520 0.0097 0.2761 0 30 0 0
0.4560 0.0109 0.2762 0 30 0 0
0.4300 0.0118 0.2696 0 30 0 0
0.4460 0.0121 0.2697 0 30 0 0
0.4460 0.0111 0.2712 0 30 0 0
0.4520 0.0095 0.2758 0 30 0 0
0.4520 0.0095 0.2758 0 30 0 0
0.4520 0.0095 0.2758 0 30 0 0
0.4340 0.0077 0.2781 0 30 0 0
0.4340 0.0077 0.2781 0 30 0 0
0.4340 0.0077 0.2781 0 30 0 0
0.4340 0.0077 0.2781 0 30 0 0
0.4340 0.0077 0.2781 0 30 0 0
0.4660 0.0072 0.2823 0 30 0 0
0.4660 0.0072 0.2823 0 30 0 0
0.4660 0.0072 0.2823 0 30 0 0
0.4540 0.0077 0.2878 0 30 0 0
0.4540 0.0077 0.2878 0 30 0 0
0.4540 0.0077 0.2878 0 30 0 0
0.4540 0.0077 0.2878 0 30 0 0
0.4540 0.0077 0.2878 0 30 0 0
0.4460 0.0091 0.2929 0 30 0 0
0.4460 0.0091 0.2929 0 30 0 0
0.4460 0.0091 0.2929 0 30 0 0
0.4460 0.0091 0.2929 0 30 0 0
0.4120 0.0104 0.2965 0 30 0 0
0.4120 0.0104 0.2965 0 30 0 0
0.4120 0.0104 0.2965 0 30 0 0
0.4120 0.0104 0.2965 0 30 0 0
0.4120 0.0104 0.2965 0 30 0 0
0.4120 0.0104 0.2965 0 30 0 0
0.4120 0.0104 0.2965 0 30 0 0
0.4120 0.0104 0.2965 0 30 0 0
0.4280 0.0110 0.3020 0 30 0 0
0.4280 0.0110 0.3020 0 30 0 0
0.4280 0.0110 0.3020 0 30 0 0
0.4420 0.0103 0.3064 0 30 0 0
0.4420 0.0103 0.3064 0 30 0 0
0.4640 0.0097 0.3104 0 30 0 0
0.4640 0.0097 0.3104 0 30 0 0
0.4340 0.0092 0.3137 0 30 0 0
0.4340 0.0092 0.3137 0 30 0 0
0.4340 0.0092 0.3137 0 30 0 0
0.4340 0.0092 0.3137 0 30 0 0
0.4340 0.0092 0.3137 0 30 0 0
0.4340 0.0092 0.3137 0 30 0 0
0.4320 0.0087 0.3175 0 30 0 0
0.4320 0.0087 0.3175 0 30 0 0
0.4320 0.0087 0.3175 0 30 0 0
0.4320 0.0087 0.3175 0 30 0 0
0.4320 0.0087 0.3175 0 30 0 0
0.4460 0.0084 0.3215 0 30 0 0
0.4460 0.0084 0.3215 0 30 0 0
0.4580 0.0089 0.3245 0 30 0 0
0.4580 0.0089 0.3245 0 30 0 0
0.4580 0.0089 0.3245 0 30 0 0
0.4580 0.0089 0.3245 0 30 0 0
0.4580 0.0089 0.3245 0 30 0 0
0.4820 0.0098 0.3267 0 30 0 0
0.4820 0.0098 0.3267 0 30 0 0
0.4820 0.0098 0.3267 0 30 0 0
0.4820 0.0098 0.3267 0 30 0 0
0.4660 0.0108 0.3279 0 30 0 0
0.4660 0.0108 0.3279 0 30 0 0
0.4660 0.0108 0.3279 0 30 0 0
0.4660 0.0108 0.3279 0 30 0 0
0.4520 0.0117 0.3289 0 30 0 0
0.4520 0.0117 0.3289 0 30 0 0
0.4520 0.0117 0.3289 0 30 0 0
0.4520 0.0117 0.3289 0 30 0 0
0.4540 0.0122 0.3309 0 30 0 0
0.4540 0.0122 0.3309 0 30 0 0
0.4540 0.0122 0.3309 0 30 0 0
0.4540 0.0122 0.3309 0 30 0 0
0.4540 0.0122 0.3309 0 30 0 0
0.4660 0.0121 0.3324 0 30 0 0
0.4660 0.0121 0.3324 0 30 0 0
0.4660 0.0121 0.3324 0 30 0 0
0.4520 0.0116 0.3332 0 30 0 0
0.4520 0.0116 0.3332 0 30 0 0
0.4520 0.0116 0.3332 0 30 0 0
0.4520 0.0116 0.3332 0 30 0 0
0.4520 0.0116 0.3332 0 30 0 0
0.4760 0.0110 0.3332 0 30 0 0
0.4760 0.0110 0.3332 0 30 0 0
0.4760 0.0110 0.3332 0 30 0 0
0.4760 0.0110 0.3332 0 30 0 0
0.4760 0.0110 0.3332 0 30 0 0
0.4700 0.0107 0.3331 0 30 0 0
0.4700 0.0107 0.3331 0 30 0 0
0.4460 0.0109 0.3323 0 30 0 0
0.4460 0.0109 0.3323 0 30 0 0
0.4460 0.0109 0.3323 0 30 0 0
0.4460 0.0109 0.3323 0 30 0 0
0.4460 0.0109 0.3323 0 30 0 0
0.4680 0.0113 -0.1413 0 30 0 0
0.4680 0.0113 -0.1413 0 30 0 0
0.4680 0.0113 -0.1413 0 30 0 0
0.4680 0.0113 -0.1413 0 30 0 0
0.4640 0.0114 -0.1423 0 30 0 0
0.4640 0.0114 -0.1423 0 30 0 0
0.4640 0.0114 -0.1423 0 30 0 0
0.4660 0.0115 -0.1426 0 30 0 0
0.4660 0.0115 -0.1426 0 30 0 0
0.4660 0.0115 -0.1426 0 30 0 0
0.4660 0.0115 -0.1426 0 30 0 0
0.4660 0.0115 -0.1426 0 30 0 0
0.4660 0.0115 -0.1426 0 30 0 0
0.4460 0.0119 -0.1417 0 30 0 0
0.4460 0.0119 -0.1417 0 30 0 0
0.4460 0.0119 -0.1417 0 30 0 0
0.4460 0.0119 -0.1417 0 30 0 0
0.4740 0.0125 -0.1426 0 30 0 0
0.4740 0.0125 -0.1426 0 30 0 0
0.4740 0.0125 -0.1426 0 30 0 0
0.4740 0.0125 -0.1426 0 30 0 0
0.4740 0.0125 -0.1426 0 30 0 0
0.4740 0.0125 -0.1426 0 30 0 0
0.4740 0.0125 -0.1426 0 30 0 0
0.4740 0.0125 -0.1426 0 30 0 0
0.4740 0.0125 -0.1426 0 30 0 0
0.4740 0.0137 -0.1424 0 30 0 0
0.4840 0.0137 -0.1424 0 30 0 0
0.4840 0.0137 -0.1424 0 30 0 0
0.4840 0.0137 -0.1424 0 30 0 0
0.4720 0.0142 -0.1391 0 30 0 0
0.4800 0.0142 -0.1405 0 30 0 0
0.4800 0.0142 -0.1405 0 30 0 0
0.4800 0.0142 -0.1405 0 30 0 0
0.4600 0.0138 -0.1413 0 30 0 0
0.4600 0.0138 -0.1413 0 30 0 0
0.4600 0.0138 -0.1413 0 30 0 0
0.4600 0.0138 -0.1413 0 30 0 0
0.4660 0.0136 -0.1404 0 30 0 0
0.4660 0.0136 -0.1404 0 30 0 0
0.4660 0.0136 -0.1404 0 30 0 0
0.4660 0.0136 -0.1404 0 30 0 0
0.4660 0.0134 -0.1396 0 30 0 0
0.4540 0.0134 -0.1396 0 30 0 0
0.4540 0.0134 -0.1396 0 30 0 0
0.4540 0.0134 -0.1396 0 30 0 0
0.4540 0.0134 -0.1396 0 30 0 0
0.4500 0.0130 -0.1378 0 30 0 0
0.4500 0.0130 -0.1378 0 30 0 0
0.4500 0.0130 -0.1378 0 30 0 0
0.4500 0.0130 -0.1378 0 30 0 0
0.4500 0.0130 -0.1378 0 30 0 0
0.4500 0.0130 -0.1378 0 30 0 0
0.4500 0.0130 -0.1378 0 30 0 0
0.4580 0.0123 -0.1388 0 30 0 0
0.4680 0.0118 -0.1375 0 30 0 0
0.4680 0.0118 -0.1375 0 30 0 0
0.4680 0.0118 -0.1375 0 30 0 0
0.4680 0.0118 -0.1375 0 30 0 0
0.4660 0.0115 -0.1390 0 30 0 0
0.4660 0.0115 -0.1390 0 30 0 0
0.4660 0.0115 -0.1390 0 30 0 0
0.4660 0.0115 -0.1390 0 30 0 0
0.4660 0.0115 -0.1390 0 30 0 0
0.4600 0.0117 -0.1396 0 30 0 0
0.4600 0.0117 -0.1396 0 30 0 0
0.4600 0.0117 -0.1396 0 30 0 0
0.4600 0.0117 -0.1396 0 30 0 0
0.4640 0.0122 -0.1390 0 30 0 0
0.4640 0.0122 -0.1390 0 30 0 0
0.4640 0.0122 -0.1390 0 30 0 0
0.4640 0.0122 -0.1390 0 30 0 0
0.4700 0.0129 -0.1411 0 30 0 0
0.4700 0.0129 -0.1411 0 30 0 0
0.4700 0.0129 -0.1411 0 30 0 0
0.4700 0.0129 -0.1411 0 30 0 0
0.4740 0.0133 -0.1415 0 30 0 0
0.4740 0.0133 -0.1415 0 30 0 0
0.4740 0.0133 -0.1415 0 30 0 0
0.4740 0.0133 -0.1415 0 30 0 0
0.4700 0.0138 -0.1420 0 30 0 0
0.4700 0.0138 -0.1420 0 30 0 0
0.4700 0.0138 -0.1420 0 30 0 0
0.4700 0.0138 -0.1420 0 30 0 0
0.4700 0.0138 -0.1420 0 30 0 0
0.4700 0.0138 -0.1420 0 30 0 0
0.4700 0.0138 -0.1420 0 30 0 0
0.4700 0.0138 -0.1420 0 30 0 0
0.4700 0.0138 -0.1420 0 30 0 0
0.4700 0.0138 -0.1420 0 0 0 0
0.4840 0.0142 0.3974 0 30 0 0
0.4660 0.0142 0.3974 0 30 0 0
0.4660 0.0115 0.3990 0 30 0 0
0.4580 0.0104 0.3992 0 30 0 0
0.4560 0.0107 0.4035 0 30 0 0
0.4760 0.0104 0.4025 0 30 0 0
0.4820 0.0091 0.4034 0 30 0 0
0.4600 0.0083 0.4054 0 30 0 0
0.4740 0.0075 0.4057 0 30 0 0
0.4740 0.0075 0.4057 0 30 0 0
0.4740 0.0075 0.4057 0 30 0 0
0.4820 0.0068 0.4099 0 30 0 0
0.4820 0.0068 0.4099 0 30 0 0
0.4820 0.0068 0.4099 0 30 0 0
0.4820 0.0068 0.4099 0 30 0 0
0.4820 0.0068 0.4099 0 0 0 0
0.4540 0.0090 0.4222 0 30 0 0
0.4520 0.0091 0.4221 0 30 0 0
0.4520 0.0091 0.4221 0 30 0 0
0.4720 0.0091 0.4267 0 30 0 0
0.4460 0.0090 0.4263 0 30 0 0
0.4740 0.0095 0.4270 0 30 0 0
0.4740 0.0100 0.4301 0 30 0 0
0.4740 0.0100 0.4301 0 30 0 0
0.4740 0.0100 0.4301 0 30 0 0
0.4760 0.0107 0.4297 0 30 0 0
0.4760 0.0107 0.4297 0 30 0 0
0.4760 0.0107 0.4297 0 30 0 0
0.4880 0.0116 0.4277 0 30 0 0
0.4880 0.0116 0.4277 0 30 0 0
0.4880 0.0116 0.4277 0 30 0 0
0.4800 0.0119 0.4279 0 30 0 0
0.4800 0.0119 0.4279 0 30 0 0
0.4800 0.0119 0.4279 0 30 0 0
0.4800 0.0119 0.4279 0 0 0 0
0.4780 0.0127 0.4260 0 30 0 0
0.4740 0.0129 0.4252 0 30 0 0
0.4540 0.0132 0.4237 0 30 0 0
0.4760 0.0134 0.4230 0 30 0 0
0.4760 0.0134 0.4230 0 30 0 0
0.4760 0.0134 0.4230 0 30 0 0
0.4760 0.0134 0.4230 0 30 0 0
0.4760 0.0134 0.4230 0 30 0 0
0.5000 0.0131 0.4222 0 30 0 0
0.5000 0.0131 0.4222 0 30 0 0
0.5000 0.0131 0.4222 0 30 0 0
0.5000 0.0131 0.4222 0 30 0 0
0.5000 0.0131 0.4222 0 30 0 0
0.4900 0.0119 0.4217 0 30 0 0
0.4900 0.0119 0.4217 0 0 0 0
0.4480 0.0101 0.4191 0 30 0 0
0.4640 0.0109 0.4206 0 30 0 0
0.4660 0.0101 0.4201 0 30 0 0
0.4880 0.0086 0.4218 0 30 0 0
0.4660 0.0066 0.4211 0 30 0 0
0.4760 0.0067 0.4200 0 30 0 0
0.4760 0.0067 0.4200 0 30 0 0
0.4440 0.0086 0.4186 0 30 0 0
0.4440 0.0086 0.4186 0 30 0 0
0.4440 0.0086 0.4186 0 30 0 0
0.4440 0.0086 0.4186 0 30 0 0
0.4440 0.0086 0.4186 0 30 0 0
0.4440 0.0086 0.4186 0 30 0 0
0.4540 0.0107 0.4179 0 30 0 0
0.4580 0.0118 0.4174 0 30 0 0
0.4580 0.0118 0.4174 0 30 0 0
0.4580 0.0118 0.4174 0 30 0 0
0.4580 0.0118 0.4174 0 30 0 0
0.4580 0.0118 0.4174 0 30 0 0
0.4580 0.0129 0.4169 0 30 0 0
0.4880 0.0129 0.4169 0 0 0 0
0.4700 0.0131 0.4164 0 30 0 0
0.4780 0.0131 0.4164 0 30 0 0
0.4920 0.0130 0.4159 0 30 0 0
0.4920 0.0130 0.4159 0 30 0 0
0.4920 0.0130 0.4159 0 30 0 0
0.4920 0.0130 0.4159 0 30 0 0
0.4920 0.0130 0.4159 0 30 0 0
0.4920 0.0130 0.4159 0 30 0 0
0.4920 0.0130 0.4159 0 30 0 0
0.4920 0.0130 0.4159 0 30 0 0
0.4760 0.0128 0.4160 0 30 0 0
0.4760 0.0128 0.4160 0 30 0 0
0.4760 0.0120 0.4151 0 30 0 0
0.4700 0.0115 0.4148 0 30 0 0
0.4940 0.0109 0.4146 0 30 0 0
0.4940 0.0109 0.4146 0 30 0 0
0.4940 0.0109 0.4146 0 30 0 0
0.4940 0.0109 0.4146 0 30 0 0
0.4940 0.0109 0.4146 0 30 0 0
0.4860 0.0100 0.4137 0 30 0 0
0.4860 0.0100 0.4137 0 30 0 0
0.4860 0.0100 0.4137 0 30 0 0
0.4740 0.0099 0.4138 0 30 0 0
0.4740 0.0099 0.4138 0 30 0 0
0.4740 0.0099 0.4138 0 30 0 0
0.4740 0.0099 0.4138 0 30 0 0
0.4720 0.0102 0.4130 0 30 0 0
0.4720 0.0102 0.4130 0 30 0 0
0.4720 0.0102 0.4130 0 30 0 0
0.4720 0.0102 0.4130 0 30 0 0
0.4720 0.0102 0.4130 0 30 0 0
0.4720 0.0102 0.4130 0 30 0 0
0.4680 0.0107 0.4138 0 30 0 0
0.4680 0.0107 0.4138 0 30 0 0
0.4680 0.0108 0.4138 0 30 0 0
0.4700 0.0108 0.4138 0 0 0 0
0.4440 0.0101 0.4136 0 30 0 0
0.4440 0.0101 0.4136 0 30 0 0
0.4780 0.0085 0.4161 0 30 0 0
0.4920 0.0079 0.4172 0 30 0 0
0.4680 0.0081 0.4167 0 30 0 0
0.5020 0.0084 0.4153 0 30 0 0
0.4560 0.0079 0.4152 0 30 0 0
0.4560 0.0079 0.4152 0 30 0 0
0.4560 0.0079 0.4152 0 30 0 0
0.4720 0.0067 0.4160 0 30 0 0
0.4720 0.0067 0.4160 0 30 0 0
0.4720 0.0067 0.4160 0 30 0 0
0.4720 0.0067 0.4160 0 30 0 0
0.4740 0.0058 0.4179 0 30 0 0
0.4740 0.0058 0.4179 0 30 0 0
0.4740 0.0058 0.4179 0 30 0 0
0.4740 0.0058 0.4179 0 30 0 0
0.4660 0.0052 0.4165 0 30 0 0
0.4660 0.0052 0.4165 0 30 0 0
0.4660 0.0052 0.4165 0 30 0 0
0.4660 0.0052 0.4165 0 30 0 0
0.4660 0.0052 0.4165 0 30 0 0
0.4640 0.0052 0.4179 0 30 0 0
0.4640 0.0052 0.4179 0 0 0 0
0.4940 0.0056 0.4222 0 30 0 0
0.4940 0.0061 0.4211 0 30 0 0
0.4740 0.0061 0.4211 0 30 0 0
0.4960 0.0069 0.4215 0 30 0 0
0.4960 0.0069 0.4215 0 30 0 0
0.5000 0.0076 0.4193 0 30 0 0
0.5000 0.0076 0.4193 0 30 0 0
0.5000 0.0076 0.4193 0 30 0 0
0.4940 0.0080 0.4179 0 30 0 0
0.4940 0.0080 0.4179 0 30 0 0
0.4940 0.0080 0.4179 0 30 0 0
0.4940 0.0080 0.4179 0 30 0 0
0.4940 0.0080 0.4179 0 30 0 0
0.4940 0.0085 0.4160 0 30 0 0
0.4920 0.0085 0.4160 0 30 0 0
0.4920 0.0085 0.4160 0 30 0 0
0.4920 0.0085 0.4160 0 30 0 0
0.5120 0.0095 0.4156 0 30 0 0
0.5120 0.0095 0.4156 0 30 0 0
0.5120 0.0095 0.4156 0 30 0 0
0.4800 0.0107 0.4163 0 30 0 0
0.4800 0.0107 0.4163 0 30 0 0
0.4800 0.0107 0.4163 0 30 0 0
0.4800 0.0107 0.4163 0 30 0 0
0.4800 0.0107 0.4163 0 30 0 0
0.4900 0.0116 0.4166 0 30 0 0
0.4900 0.0116 0.4166 0 30 0 0
0.4900 0.0116 0.4166 0 30 0 0
0.4900 0.0116 0.4166 0 30 0 0
0.4980 0.0116 0.4156 0 30 0 0
0.4980 0.0116 0.4156 0 30 0 0
0.4980 0.0116 0.4156 0 30 0 0
0.4560 0.0113 0.4124 0 30 0 0
0.4560 0.0113 0.4124 0 30 0 0
0.4560 0.0113 0.4124 0 30 0 0
0.4560 0.0113 0.4124 0 30 0 0
0.4560 0.0113 0.4124 0 30 0 0
0.4820 0.0110 0.4127 0 30 0 0
0.4820 0.0110 0.4127 0 30 0 0
0.4820 0.0110 0.4127 0 30 0 0
0.4820 0.0110 0.4127 0 30 0 0
0.4820 0.0110 0.4127 0 30 0 0
0.4860 0.0111 0.4132 0 30 0 0
0.4860 0.0111 0.4132 0 30 0 0
0.4860 0.0111 0.4132 0 30 0 0
0.4960 0.0114 0.4155 0 30 0 0
0.4960 0.0114 0.4155 0 30 0 0
0.4960 0.0114 0.4155 0 30 0 0
0.4960 0.0114 0.4155 0 30 0 0
0.4960 0.0114 0.4155 0 30 0 0
0.4540 0.0118 0.4152 0 30 0 0
0.4540 0.0118 0.4152 0 30 0 0
0.4540 0.0118 0.4152 0 30 0 0
0.4540 0.0118 0.4152 0 0 0 0
0.4860 0.0120 0.4185 -30 0 0 0
0.4780 0.0122 0.4159 -30 0 0 0
0.4520 0.0126 0.4135 -30 0 0 0
0.4600 0.0130 0.4109 -30 0 0 0
0.4800 0.0135 0.4107 -30 0 0 0
0.4920 0.0129 0.3970 -30 0 0 0
0.4920 0.0129 0.3970 -30 0 0 0
0.4760 0.0116 0.3988 -30 0 0 0
0.4760 0.0116 0.3988 -30 0 0 0
0.4760 0.0116 0.3988 -30 0 0 0
0.4760 0.0116 0.3988 -30 0 0 0
0.4760 0.0116 0.3988 -30 0 0 0
0.4760 0.0099 0.3922 -30 0 0 0
0.4500 0.0099 0.3922 -30 0 0 0
0.4500 0.0099 0.3922 -30 0 0 0
0.4500 0.0099 0.3922 -30 0 0 0
0.4640 0.0094 0.3936 -30 0 0 0
0.4640 0.0094 0.3936 -30 0 0 0
0.4640 0.0094 0.3936 -30 0 0 0
0.4860 0.0097 0.3823 -30 0 0 0
0.4860 0.0097 0.3823 -30 0 0 0
0.4860 0.0097 0.3823 -30 0 0 0
0.4860 0.0097 0.3823 -30 0 0 0
0.4860 0.0097 0.3823 -30 0 0 0
0.4860 0.0097 0.3823 -30 0 0 0
0.4880 0.0112 0.3742 -30 0 0 0
0.4880 0.0112 0.3742 -30 0 0 0
0.4880 0.0112 0.3742 -30 0 0 0
0.4880 0.0112 0.3742 -30 0 0 0
0.4700 0.0123 0.3750 -30 0 0 0
0.4700 0.0123 0.3750 -30 0 0 0
0.4700 0.0123 0.3750 -30 0 0 0
0.4740 0.0133 0.3662 -30 0 0 0
0.4740 0.0133 0.3662 -30 0 0 0
0.4740 0.0133 0.3662 -30 0 0 0
0.4740 0.0133 0.3662 -30 0 0 0
0.4740 0.0133 0.3662 -30 0 0 0
0.4700 0.0139 0.3660 -30 0 0 0
0.4700 0.0139 0.3660 -30 0 0 0
0.4700 0.0139 0.3660 -30 0 0 0
0.4700 0.0139 0.3660 -30 0 0 0
0.4840 0.0143 0.3655 -30 0 0 0
0.4840 0.0143 0.3655 -30 0 0 0
0.4840 0.0143 0.3655 -30 0 0 0
0.4840 0.0143 0.3655 -30 0 0 0
0.4840 0.0143 0.3655 -30 0 0 0
0.4840 0.0143 0.3655 -30 0 0 0
0.4840 0.0143 0.3655 -30 0 0 0
0.4840 0.0143 0.3655 -30 0 0 0
0.4840 0.0143 0.3655 -30 0 0 0
0.4840 0.0143 0.3655 -30 0 0 0
0.4840 0.0150 0.3650 -30 0 0 0
0.4800 0.0150 0.3650 -30 0 0 0
0.4980 0.0155 0.3616 -30 0 0 0
0.4980 0.0155 0.3616 -30 0 0 0
0.4740 0.0157 0.3616 -30 0 0 0
0.4740 0.0157 0.3616 -30 0 0 0
0.4740 0.0157 0.3616 -30 0 0 0
0.4620 0.0154 0.3609 -30 0 0 0
0.4620 0.0154 0.3609 -30 0 0 0
0.4620 0.0154 0.3609 -30 0 0 0
0.4620 0.0154 0.3609 -30 0 0 0
0.4620 0.0154 0.3609 -30 0 0 0
0.4620 0.0145 0.3633 -30 0 0 0
0.4620 0.0145 0.3633 -30 0 0 0
0.4620 0.0145 0.3633 -30 0 0 0
0.4620 0.0145 0.3633 -30 0 0 0
0.4620 0.0134 0.3619 -30 0 0 0
0.4720 0.0134 0.3619 -30 0 0 0
0.4720 0.0134 0.3619 -30 0 0 0
0.4740 0.0122 0.3629 -30 0 0 0
0.4740 0.0122 0.3629 -30 0 0 0
0.4740 0.0122 0.3629 -30 0 0 0
0.4740 0.0122 0.3629 -30 0 0 0
0.4740 0.0122 0.3629 -30 0 0 0
0.4740 0.0122 0.3629 -30 0 0 0
0.4640 0.0103 0.3610 -30 0 0 0
0.4640 0.0103 0.3610 -30 0 0 0
0.4640 0.0103 0.3610 -30 0 0 0
0.4640 0.0093 0.3619 -30 0 0 0
0.4960 0.0093 0.3619 -30 0 0 0
0.4960 0.0093 0.3619 -30 0 0 0
0.4800 0.0090 0.3632 -30 0 0 0
0.4800 0.0090 0.3632 -30 0 0 0
0.4800 0.0090 0.3632 -30 0 0 0
0.4800 0.0090 0.3632 -30 0 0 0
0.4800 0.0090 0.3632 -30 0 0 0
0.4680 0.0087 0.3641 -30 0 0 0
0.4680 0.0087 0.3641 -30 0 0 0
0.4680 0.0087 0.3641 -30 0 0 0
0.4680 0.0087 0.3641 -30 0 0 0
0.4680 0.0086 0.3660 -30 0 0 0
0.4680 0.0086 0.3660 -30 0 0 0
0.4680 0.0086 0.3660 -30 0 0 0
0.4680 0.0086 0.3660 -30 0 0 0
0.4680 0.0086 0.3660 -30 0 0 0
0.4440 0.0087 0.3681 0 0 0 0
0.4960 0.0037 0.3773 -30 0 0 0
0.4800 0.0038 0.3779 -30 0 0 0
0.4660 0.0037 0.3784 -30 0 0 0
0.4980 0.0024 0.3833 -30 0 0 0
0.4980 0.0024 0.3833 -30 0 0 0
0.4780 0.0016 0.3851 -30 0 0 0
0.4760 0.0010 0.3852 -30 0 0 0
0.5020 0.0019 0.3818 -30 0 0 0
0.5000 0.0030 0.3815 -30 0 0 0
0.5000 0.0030 0.3815 -30 0 0 0
0.5020 0.0042 0.3799 -30 0 0 0
0.5020 0.0042 0.3799 -30 0 0 0
0.5020 0.0042 0.3799 -30 0 0 0
0.5020 0.0042 0.3799 -30 0 0 0
0.4980 0.0056 0.3788 -30 0 0 0
0.4980 0.0056 0.3788 -30 0 0 0
0.4980 0.0056 0.3788 -30 0 0 0
0.4980 0.0056 0.3788 -30 0 0 0
0.4980 0.0056 0.3788 -30 0 0 0
0.4980 0.0062 0.3797 -30 0 0 0
0.4820 0.0062 0.3797 -30 0 0 0
0.4820 0.0062 0.3797 -30 0 0 0
0.4820 0.0062 0.3797 -30 0 0 0
0.4820 0.0062 0.3797 -30 0 0 0
0.4820 0.0062 0.3797 -30 0 0 0
0.5000 0.0062 0.3833 -30 0 0 0
0.5000 0.0062 0.3833 -30 0 0 0
0.5060 0.0067 0.3857 -30 0 0 0
0.5060 0.0067 0.3857 -30 0 0 0
0.5060 0.0067 0.3857 -30 0 0 0
0.5060 0.0067 0.3857 -30 0 0 0
0.5060 0.0067 0.3857 -30 0 0 0
0.4780 0.0075 0.3859 -30 0 0 0
0.4780 0.0075 0.3859 -30 0 0 0
0.4780 0.0075 0.3859 -30 0 0 0
0.4780 0.0075 0.3859 -30 0 0 0
0.4960 0.0083 0.3859 -30 0 0 0
0.4960 0.0083 0.3859 -30 0 0 0
0.4960 0.0083 0.3859 -30 0 0 0
0.4580 0.0092 0.3880 -30 0 0 0
0.4580 0.0092 0.3880 -30 0 0 0
0.4580 0.0092 0.3880 -30 0 0 0
0.4580 0.0092 0.3880 -30 0 0 0
0.4840 0.0097 0.3883 -30 0 0 0
0.4840 0.0097 0.3883 -30 0 0 0
0.4840 0.0097 0.3883 -30 0 0 0
0.4840 0.0097 0.3883 -30 0 0 0
0.4840 0.0097 0.3883 -30 0 0 0
0.4840 0.0101 0.3907 -30 0 0 0
0.4840 0.0101 0.3907 -30 0 0 0
0.4840 0.0101 0.3907 -30 0 0 0
0.4840 0.0101 0.3907 -30 0 0 0
0.4840 0.0102 0.3918 -30 0 0 0
0.4840 0.0102 0.3918 -30 0 0 0
0.4840 0.0102 0.3918 -30 0 0 0
0.4840 0.0102 0.3918 -30 0 0 0
0.4600 0.0104 0.3868 -30 0 0 0
0.4600 0.0104 0.3868 -30 0 0 0
0.4600 0.0104 0.3868 -30 0 0 0
0.4600 0.0104 0.3868 -30 0 0 0
0.4860 0.0106 0.3884 -30 0 0 0
0.4860 0.0106 0.3884 -30 0 0 0
0.4860 0.0106 0.3884 -30 0 0 0
0.4860 0.0106 0.3884 -30 0 0 0
0.4740 0.0111 0.3867 -30 0 0 0
0.4740 0.0111 0.3867 -30 0 0 0
0.4740 0.0111 0.3867 -30 0 0 0
0.4740 0.0111 0.3867 -30 0 0 0
0.4740 0.0113 0.3865 -30 0 0 0
0.4740 0.0113 0.3865 -30 0 0 0
0.4740 0.0113 0.3865 -30 0 0 0
0.4740 0.0113 0.3865 -30 0 0 0
0.4740 0.0113 0.3865 -30 0 0 0
0.4860 0.0109 0.3853 -30 0 0 0
0.4860 0.0109 0.3853 -30 0 0 0
0.4860 0.0109 0.3853 -30 0 0 0
0.4800 0.0102 0.3857 -30 0 0 0
0.4800 0.0102 0.3857 -30 0 0 0
0.4800 0.0102 0.3857 -30 0 0 0
0.4800 0.0102 0.3857 -30 0 0 0
0.4880 0.0097 0.3850 -30 0 0 0
0.4880 0.0097 0.3850 -30 0 0 0
0.4880 0.0097 0.3850 -30 0 0 0
0.4880 0.0097 0.3850 -30 0 0 0
0.4880 0.0093 0.3841 -30 0 0 0
0.5220 0.0093 0.3841 -30 0 0 0
0.5220 0.0093 0.3841 -30 0 0 0
0.5220 0.0093 0.3841 -30 0 0 0
0.4900 0.0089 0.3818 -30 0 0 0
0.4900 0.0089 0.3818 -30 0 0 0
0.4900 0.0089 0.3818 -30 0 0 0
0.4900 0.0089 0.3818 -30 0 0 0
0.4900 0.0089 0.3818 -30 0 0 0
0.4740 0.0083 0.3823 -30 0 0 0
0.4740 0.0083 0.3823 -30 0 0 0
0.4740 0.0083 0.3823 -30 0 0 0
0.4740 0.0083 0.3823 -30 0 0 0
0.4740 0.0083 0.3823 -30 0 0 0
0.4760 0.0074 0.3825 -30 0 0 0
0.4760 0.0074 0.3825 -30 0 0 0
0.4760 0.0074 0.3825 -30 0 0 0
0.4980 0.0067 0.3836 -30 0 0 0
0.4980 0.0067 0.3836 -30 0 0 0
0.4980 0.0067 0.3836 -30 0 0 0
0.4980 0.0067 0.3836 -30 0 0 0
0.4980 0.0067 0.3836 -30 0 0 0
0.4860 0.0061 0.3839 -30 0 0 0
0.4860 0.0061 0.3839 -30 0 0 0
0.4860 0.0061 0.3839 -30 0 0 0
0.4860 0.0061 0.3839 -30 0 0 0
0.4880 0.0051 0.3858 -30 0 0 0
0.4880 0.0051 0.3858 -30 0 0 0
0.4880 0.0051 0.3858 -30 0 0 0
0.4980 0.0041 0.3861 -30 0 0 0
0.4980 0.0041 0.3861 -30 0 0 0
0.4980 0.0041 0.3861 -30 0 0 0
0.4980 0.0041 0.3861 -30 0 0 0
0.4980 0.0041 0.3861 -30 0 0 0
0.4860 0.0038 0.3878 -30 0 0 0
0.4860 0.0038 0.3878 -30 0 0 0
0.4860 0.0038 0.3878 -30 0 0 0
0.4860 0.0038 0.3878 -30 0 0 0
0.4960 0.0040 0.3884 -30 0 0 0
0.4960 0.0040 0.3884 -30 0 0 0
0.4960 0.0040 0.3884 -30 0 0 0
0.5120 0.0052 0.3900 -30 0 0 0
0.5120 0.0052 0.3900 -30 0 0 0
0.5120 0.0052 0.3900 -30 0 0 0
0.5120 0.0052 0.3900 -30 0 0 0
0.4920 0.0061 0.3903 -30 0 0 0
0.4920 0.0061 0.3903 -30 0 0 0
0.4920 0.0061 0.3903 -30 0 0 0
0.4920 0.0061 0.3903 -30 0 0 0
0.4920 0.0061 0.3903 -30 0 0 0
0.4920 0.0061 0.3903 -30 0 0 0
0.4920 0.0061 0.3903 -30 0 0 0
0.4920 0.0069 0.3907 -30 0 0 0
0.4980 0.0069 0.3912 -30 0 0 0
0.4980 0.0069 0.3912 -30 0 0 0
0.4980 0.0069 0.3912 -30 0 0 0
0.4980 0.0069 0.3912 -30 0 0 0
0.5000 0.0066 0.3970 -30 0 0 0
0.5000 0.0066 0.3970 -30 0 0 0
0.5000 0.0066 0.3970 -30 0 0 0
0.5000 0.0066 0.3970 -30 0 0 0
0.5000 0.0066 0.3970 -30 0 0 0
0.5060 0.0064 0.4032 -30 0 0 0
0.5060 0.0064 0.4032 -30 0 0 0
0.5060 0.0064 0.4032 -30 0 0 0
0.5120 0.0066 0.4026 -30 0 0 0
0.5120 0.0066 0.4026 -30 0 0 0
0.5120 0.0066 0.4026 -30 0 0 0
0.5120 0.0066 0.4026 -30 0 0 0
0.5120 0.0066 0.4026 -30 0 0 0
0.4980 0.0069 0.4004 -30 0 0 0
0.4980 0.0069 0.4004 -30 0 0 0
0.4980 0.0069 0.4004 -30 0 0 0
0.4980 0.0069 0.4004 -30 0 0 0
0.4980 0.0069 0.4004 -30 0 0 0
0.5100 0.0072 0.4010 -30 0 0 0
0.5100 0.0077 0.3973 -30 0 0 0
0.5100 0.0077 0.3973 -30 0 0 0
0.5100 0.0077 0.3973 -30 0 0 0
0.5100 0.0077 0.3973 -30 0 0 0
0.5040 0.0080 0.3970 -30 0 0 0
0.5040 0.0080 0.3970 -30 0 0 0
0.5040 0.0080 0.3970 -30 0 0 0
0.5040 0.0080 0.3970 -30 0 0 0
0.5040 0.0080 0.3970 -30 0 0 0
0.5040 0.0080 0.3970 -30 0 0 0
0.5080 0.0087 0.3937 -30 0 0 0
0.5080 0.0087 0.3937 -30 0 0 0
0.5080 0.0087 0.3937 -30 0 0 0
0.5280 0.0085 0.3937 -30 0 0 0
0.5280 0.0085 0.3937 -30 0 0 0
0.5280 0.0085 0.3937 -30 0 0 0
0.5280 0.0085 0.3937 -30 0 0 0
0.5280 0.0085 0.3937 -30 0 0 0
0.5080 0.0077 0.3865 -30 0 0 0
0.5080 0.0077 0.3865 -30 0 0 0
0.5080 0.0077 0.3865 -30 0 0 0
0.5080 0.0077 0.3865 -30 0 0 0
0.5080 0.0063 0.3866 -30 0 0 0
0.5040 0.0063 0.3866 -30 0 0 0
0.5040 0.0063 0.3866 -30 0 0 0
0.5040 0.0054 0.3885 -30 0 0 0
0.5240 0.0054 0.3885 -30 0 0 0
0.5240 0.0054 0.3885 -30 0 0 0
0.5240 0.0054 0.3885 -30 0 0 0
0.5020 0.0045 0.3894 -30 0 0 0
0.5020 0.0045 0.3894 -30 0 0 0
0.5020 0.0045 0.3894 -30 0 0 0
0.5020 0.0045 0.3894 -30 0 0 0
0.5020 0.0045 0.3894 -30 0 0 0
0.5140 0.0044 0.3897 -30 0 0 0
0.5140 0.0044 0.3897 -30 0 0 0
0.5140 0.0044 0.3897 -30 0 0 0
0.5320 0.0049 0.3907 -30 0 0 0
0.5320 0.0049 0.3907 -30 0 0 0
0.5320 0.0049 0.3907 -30 0 0 0
0.5320 0.0049 0.3907 -30 0 0 0
0.5120 0.0060 0.3910 -30 0 0 0
0.5120 0.0060 0.3910 -30 0 0 0
0.5120 0.0060 0.3910 -30 0 0 0
0.5120 0.0060 0.3910 -30 0 0 0
0.5120 0.0060 0.3910 -30 0 0 0
0.5120 0.0060 0.3910 -30 0 0 0
0.5200 0.0070 0.3902 -30 0 0 0
0.5200 0.0070 0.3902 -30 0 0 0
0.5200 0.0070 0.3902 -30 0 0 0
0.5240 0.0070 0.3910 -30 0 0 0
0.5240 0.0070 0.3910 -30 0 0 0
0.5240 0.0070 0.3910 -30 0 0 0
0.5240 0.0070 0.3910 -30 0 0 0
0.5160 0.0066 0.3912 -30 0 0 0
0.5160 0.0066 0.3912 -30 0 0 0
0.5160 0.0066 0.3912 -30 0 0 0
0.5160 0.0066 0.3912 -30 0 0 0
0.5360 0.0058 0.3929 -30 0 0 0
0.5360 0.0058 0.3929 -30 0 0 0
0.5360 0.0058 0.3929 -30 0 0 0
0.5320 0.0055 0.3935 -30 0 0 0
0.5320 0.0055 0.3935 -30 0 0 0
0.5320 0.0055 0.3935 -30 0 0 0
0.5260 0.0052 0.3942 -30 0 0 0
0.5260 0.0052 0.3942 -30 0 0 0
0.5260 0.0052 0.3942 -30 0 0 0
0.5260 0.0052 0.3942 -30 0 0 0
0.5260 0.0052 0.3942 -30 0 0 0
0.5260 0.0052 0.3942 -30 0 0 0
0.5320 0.0047 0.3952 -30 0 0 0
0.5320 0.0047 0.3952 -30 0 0 0
0.5320 0.0047 0.3952 -30 0 0 0
0.4940 0.0047 0.3964 -30 0 0 0
0.4940 0.0047 0.3964 -30 0 0 0
0.4940 0.0047 0.3964 -30 0 0 0
0.4940 0.0047 0.3964 -30 0 0 0
0.5020 0.0050 0.3980 -30 0 0 0
0.5020 0.0050 0.3980 -30 0 0 0
0.5020 0.0050 0.3980 -30 0 0 0
0.5020 0.0050 0.3980 -30 0 0 0
0.5020 0.0050 0.3980 -30 0 0 0
0.5020 0.0050 0.3980 -30 0 0 0
0.5020 0.0050 0.3980 -30 0 0 0
0.5020 0.0050 0.3980 -30 0 0 0
0.5020 0.0050 0.3980 -30 0 0 0
0.5200 0.0059 0.3983 -30 0 0 0
0.5200 0.0059 0.3983 -30 0 0 0
0.5200 0.0059 0.3983 -30 0 0 0
0.5200 0.0059 0.3983 -30 0 0 0
0.5200 0.0059 0.3983 -30 0 0 0
0.5200 0.0059 0.3983 -30 0 0 0
0.5200 0.0059 0.3983 -30 0 0 0
0.5300 0.0065 0.3985 -30 0 0 0
0.5420 0.0070 0.3992 0 0 0 0
0.5180 0.0103 0.4088 30 0 0 0
0.5480 0.0113 0.4099 30 0 0 0
0.5280 0.0112 0.4093 30 0 0 0
0.5500 0.0110 0.4089 30 0 0 0
0.5340 0.0110 0.4086 30 0 0 0
0.5260 0.0112 0.4083 30 0 0 0
0.5100 0.0113 0.4078 30 0 0 0
0.5100 0.0113 0.4078 30 0 0 0
0.5220 0.0112 0.4078 30 0 0 0
0.5220 0.0112 0.4078 30 0 0 0
0.5220 0.0112 0.4078 30 0 0 0
0.5220 0.0112 0.4078 30 0 0 0
0.5220 0.0112 0.4078 30 0 0 0
0.5220 0.0112 0.4078 30 0 0 0
0.5440 0.0110 0.4088 30 0 0 0
0.5440 0.0110 0.4088 30 0 0 0
0.5440 0.0110 0.4088 30 0 0 0
0.5160 0.0106 0.4084 30 0 0 0
0.5060 0.0100 0.4081 30 0 0 0
0.5060 0.0100 0.4081 30 0 0 0
0.5060 0.0100 0.4081 30 0 0 0
0.5060 0.0100 0.4081 30 0 0 0
0.5320 0.0098 0.4077 30 0 0 0
0.5320 0.0098 0.4077 30 0 0 0
0.5320 0.0098 0.4077 30 0 0 0
0.5200 0.0098 0.4072 30 0 0 0
0.5200 0.0098 0.4072 30 0 0 0
0.5200 0.0098 0.4072 30 0 0 0
0.5200 0.0098 0.4072 30 0 0 0
0.5200 0.0098 0.4072 30 0 0 0
0.5520 0.0100 0.4063 30 0 0 0
0.5520 0.0100 0.4063 30 0 0 0
0.5520 0.0100 0.4063 30 0 0 0
0.5520 0.0100 0.4063 30 0 0 0
0.5180 0.0101 0.4063 30 0 0 0
0.5180 0.0101 0.4063 30 0 0 0
0.5180 0.0101 0.4063 30 0 0 0
0.5440 0.0101 0.4068 30 0 0 0
0.5440 0.0101 0.4068 30 0 0 0
0.5440 0.0101 0.4068 30 0 0 0
0.5440 0.0101 0.4068 30 0 0 0
0.5440 0.0101 0.4068 30 0 0 0
0.5440 0.0101 0.4068 30 0 0 0
0.5360 0.0098 0.4073 30 0 0 0
0.5360 0.0098 0.4073 30 0 0 0
0.5360 0.0098 0.4073 30 0 0 0
0.5360 0.0096 0.4088 30 0 0 0
0.5300 0.0096 0.4088 30 0 0 0
0.5300 0.0096 0.4088 30 0 0 0
0.5380 0.0093 0.4089 30 0 0 0
0.5380 0.0093 0.4089 30 0 0 0
0.5380 0.0093 0.4089 30 0 0 0
0.5380 0.0093 0.4089 30 0 0 0
0.5380 0.0093 0.4089 30 0 0 0
0.5420 0.0083 0.4109 30 0 0 0
0.5420 0.0083 0.4109 30 0 0 0
0.5420 0.0083 0.4109 30 0 0 0
0.5420 0.0083 0.4109 30 0 0 0
0.5360 0.0075 0.4113 30 0 0 0
0.5360 0.0075 0.4113 30 0 0 0
0.5360 0.0075 0.4113 30 0 0 0
0.5220 0.0070 0.4114 30 0 0 0
0.5220 0.0070 0.4114 30 0 0 0
0.5220 0.0070 0.4114 30 0 0 0
0.5220 0.0070 0.4114 30 0 0 0
0.5220 0.0067 0.4112 30 0 0 0
0.5420 0.0067 0.4112 30 0 0 0
0.5420 0.0067 0.4112 30 0 0 0
0.5420 0.0067 0.4112 30 0 0 0
0.5420 0.0069 0.4120 30 0 0 0
0.5420 0.0069 0.4120 30 0 0 0
0.5420 0.0069 0.4120 30 0 0 0
0.5320 0.0070 0.4116 30 0 0 0
0.5320 0.0070 0.4116 30 0 0 0
0.5320 0.0070 0.4116 30 0 0 0
0.5320 0.0070 0.4116 30 0 0 0
0.5320 0.0070 0.4116 30 0 0 0
0.5400 0.0072 0.4118 30 0 0 0
0.5400 0.0072 0.4118 30 0 0 0
0.5400 0.0072 0.4118 30 0 0 0
0.5400 0.0072 0.4118 30 0 0 0
0.5400 0.0072 0.4118 30 0 0 0
0.5200 0.0074 0.4136 30 0 0 0
0.5200 0.0074 0.4136 30 0 0 0
0.5200 0.0074 0.4136 30 0 0 0
0.5320 0.0072 0.4138 30 0 0 0
0.5320 0.0072 0.4138 30 0 0 0
0.5320 0.0072 0.4138 30 0 0 0
0.5320 0.0072 0.4138 30 0 0 0
0.5360 0.0070 0.4132 30 0 0 0
0.5360 0.0070 0.4132 30 0 0 0
0.5360 0.0070 0.4132 30 0 0 0
0.5360 0.0070 0.4132 30 0 0 0
0.5360 0.0070 0.4132 30 0 0 0
0.5180 0.0072 0.4128 30 0 0 0
0.5180 0.0072 0.4128 30 0 0 0
0.5180 0.0072 0.4128 30 0 0 0
0.5300 0.0075 0.4131 30 0 0 0
0.5300 0.0075 0.4131 30 0 0 0
0.5300 0.0075 0.4131 30 0 0 0
0.5300 0.0076 0.4126 30 0 0 0
0.5320 0.0076 0.4126 30 0 0 0
0.5320 0.0076 0.4126 30 0 0 0
0.5320 0.0076 0.4126 30 0 0 0
0.5320 0.0076 0.4126 30 0 0 0
0.5360 0.0075 0.4124 30 0 0 0
0.5360 0.0075 0.4124 30 0 0 0
0.5360 0.0075 0.4124 30 0 0 0
0.5420 0.0075 0.4119 30 0 0 0
0.5420 0.0075 0.4119 30 0 0 0
0.5420 0.0075 0.4119 30 0 0 0
0.5420 0.0075 0.4119 30 0 0 0
0.5420 0.0075 0.4119 30 0 0 0
0.5400 0.0076 0.4111 30 0 0 0
0.5400 0.0076 0.4111 30 0 0 0
0.5400 0.0076 0.4111 30 0 0 0
0.5400 0.0077 0.4106 30 0 0 0
0.5420 0.0077 0.4106 30 0 0 0
0.5420 0.0077 0.4106 30 0 0 0
0.5420 0.0077 0.4106 30 0 0 0
0.5460 0.0080 0.4108 30 0 0 0
0.5460 0.0080 0.4108 30 0 0 0
0.5460 0.0080 0.4108 30 0 0 0
0.5460 0.0080 0.4108 30 0 0 0
0.5460 0.0080 0.4108 30 0 0 0
0.5260 0.0083 0.4104 30 0 0 0
0.5260 0.0083 0.4104 30 0 0 0
0.5260 0.0083 0.4104 30 0 0 0
0.5260 0.0083 0.4104 30 0 0 0
0.5220 0.0084 0.4103 30 0 0 0
0.5220 0.0084 0.4103 30 0 0 0
0.5220 0.0084 0.4103 30 0 0 0
0.5240 0.0082 0.4098 30 0 0 0
0.5240 0.0082 0.4098 30 0 0 0
0.5240 0.0082 0.4098 30 0 0 0
0.5240 0.0082 0.4098 30 0 0 0
0.5160 0.0079 0.4101 30 0 0 0
0.5160 0.0079 0.4101 30 0 0 0
0.5160 0.0079 0.4101 30 0 0 0
0.5160 0.0079 0.4101 30 0 0 0
0.4940 0.0080 0.4096 30 0 0 0
0.4940 0.0080 0.4096 30 0 0 0
0.4940 0.0080 0.4096 30 0 0 0
0.4940 0.0080 0.4096 30 0 0 0
0.5200 0.0079 0.4120 30 0 0 0
0.5200 0.0079 0.4120 30 0 0 0
0.5200 0.0079 0.4120 30 0 0 0
0.5200 0.0079 0.4120 30 0 0 0
0.5200 0.0079 0.4120 30 0 0 0
0.5100 0.0075 0.4126 30 0 0 0
0.5100 0.0075 0.4126 30 0 0 0
0.5100 0.0075 0.4126 30 0 0 0
0.5100 0.0075 0.4126 30 0 0 0
0.5180 0.0071 0.4122 30 0 0 0
0.5180 0.0071 0.4122 30 0 0 0
0.5180 0.0071 0.4122 30 0 0 0
0.5080 0.0064 0.4126 30 0 0 0
0.5080 0.0064 0.4126 30 0 0 0
0.5080 0.0064 0.4126 30 0 0 0
0.5080 0.0064 0.4126 0 0 0 0
0.5180 0.0048 0.4176 30 0 0 0
0.5040 0.0049 0.4173 30 0 0 0
0.5000 0.0057 0.4164 30 0 0 0
0.5040 0.0065 0.4155 30 0 0 0
0.5100 0.0070 0.4156 30 0 0 0
0.4980 0.0070 0.4153 30 0 0 0
0.4980 0.0070 0.4153 30 0 0 0
0.4980 0.0070 0.4153 30 0 0 0
0.4980 0.0070 0.4153 30 0 0 0
0.4900 0.0064 0.4166 30 0 0 0
0.4900 0.0064 0.4166 30 0 0 0
0.4900 0.0064 0.4166 30 0 0 0
0.4900 0.0064 0.4166 30 0 0 0
0.4900 0.0064 0.4166 30 0 0 0
0.4900 0.0064 0.4166 30 0 0 0
0.4900 0.0064 0.4166 30 0 0 0
0.4900 0.0064 0.4166 30 0 0 0
0.4900 0.0064 0.4166 30 0 0 0
0.4900 0.0064 0.4166 30 0 0 0
0.4900 0.0064 0.4166 0 0 0 0
0.5200 0.0071 0.4197 30 0 0 0
0.5080 0.0072 0.4207 30 0 0 0
0.5240 0.0073 0.4215 30 0 0 0
0.5100 0.0077 0.4218 30 0 0 0
0.4940 0.0083 0.4217 30 0 0 0
0.5040 0.0093 0.4210 30 0 0 0
0.5020 0.0096 0.4215 30 0 0 0
0.5120 0.0095 0.4223 30 0 0 0
0.5120 0.0095 0.4223 30 0 0 0
0.5120 0.0095 0.4183 30 0 0 0
0.5040 0.0095 0.4183 30 0 0 0
0.5040 0.0095 0.4183 30 0 0 0
0.5040 0.0095 0.4183 30 0 0 0
0.5040 0.0095 0.4183 30 0 0 0
0.5140 0.0102 0.4183 30 0 0 0
0.5140 0.0102 0.4183 30 0 0 0
0.5140 0.0102 0.4183 30 0 0 0
0.5140 0.0102 0.4183 30 0 0 0
0.5080 0.0107 0.4084 30 0 0 0
0.5080 0.0107 0.4084 30 0 0 0
0.5080 0.0107 0.4084 30 0 0 0
0.4840 0.0105 0.4080 30 0 0 0
0.4840 0.0105 0.4080 30 0 0 0
0.4840 0.0105 0.4080 30 0 0 0
0.4840 0.0105 0.4080 30 0 0 0
0.4960 0.0099 0.4046 30 0 0 0
0.4960 0.0099 0.4046 30 0 0 0
0.4960 0.0099 0.4046 30 0 0 0
0.4960 0.0099 0.4046 30 0 0 0
0.4960 0.0099 0.4046 30 0 0 0
0.4960 0.0093 0.4057 30 0 0 0
0.4960 0.0093 0.4057 30 0 0 0
0.4960 0.0093 0.4057 30 0 0 0
0.4960 0.0093 0.4057 30 0 0 0
0.4960 0.0093 0.4057 30 0 0 0
0.4960 0.0093 0.4057 30 0 0 0
0.5180 0.0092 0.4056 30 0 0 0
0.5180 0.0092 0.4056 30 0 0 0
0.5180 0.0092 0.4056 30 0 0 0
0.5180 0.0092 0.4056 30 0 0 0
0.5180 0.0092 0.4056 30 0 0 0
0.5180 0.0095 0.4057 30 0 0 0
0.5280 0.0095 0.4057 30 0 0 0
0.5320 0.0101 0.4081 30 0 0 0
0.5320 0.0101 0.4081 30 0 0 0
0.5240 0.0106 0.4098 30 0 0 0
0.5240 0.0106 0.4098 30 0 0 0
0.5240 0.0106 0.4098 30 0 0 0
0.5240 0.0106 0.4098 30 0 0 0
0.5240 0.0106 0.4098 30 0 0 0
0.5240 0.0106 0.4098 30 0 0 0
0.5240 0.0106 0.4098 30 0 0 0
0.5240 0.0106 0.4098 30 0 0 0
0.5240 0.0106 0.4098 30 0 0 0
0.5240 0.0106 0.4098 30 0 0 0
0.5240 0.0106 0.4098 30 0 0 0
0.5240 0.0106 0.4098 30 0 0 0
0.5200 0.0110 0.4103 30 0 0 0
0.5200 0.0114 0.4101 30 0 0 0
0.5120 0.0117 0.4097 30 0 0 0
0.5120 0.0121 0.4129 30 0 0 0
0.5000 0.0121 0.4129 30 0 0 0
0.5000 0.0121 0.4129 30 0 0 0
0.5000 0.0121 0.4129 30 0 0 0
0.5000 0.0121 0.4129 30 0 0 0
0.5000 0.0121 0.4129 30 0 0 0
0.5000 0.0125 0.4133 30 0 0 0
0.5000 0.0125 0.4133 30 0 0 0
0.5000 0.0125 0.4133 30 0 0 0
0.5080 0.0123 0.4176 30 0 0 0
0.5080 0.0123 0.4176 30 0 0 0
0.5080 0.0123 0.4176 30 0 0 0
0.5080 0.0123 0.4176 30 0 0 0
0.4980 0.0114 0.4172 30 0 0 0
0.4980 0.0114 0.4172 30 0 0 0
0.4980 0.0114 0.4172 30 0 0 0
0.4980 0.0114 0.4172 30 0 0 0
0.4980 0.0114 0.4172 30 0 0 0
0.4980 0.0114 0.4172 30 0 0 0
0.5200 0.0097 0.4212 30 0 0 0
0.5200 0.0097 0.4212 30 0 0 0
0.5340 0.0084 0.4205 30 0 0 0
0.5340 0.0084 0.4205 30 0 0 0
0.5340 0.0084 0.4205 30 0 0 0
0.5340 0.0084 0.4205 30 0 0 0
0.5340 0.0084 0.4205 30 0 0 0
0.5220 0.0080 0.4171 30 0 0 0
0.5220 0.0080 0.4171 30 0 0 0
0.5220 0.0080 0.4171 30 0 0 0
0.5220 0.0080 0.4171 30 0 0 0
0.5220 0.0080 0.4171 30 0 0 0
0.5260 0.0086 0.4163 30 0 0 0
0.5260 0.0086 0.4163 30 0 0 0
0.5260 0.0086 0.4163 30 0 0 0
0.5260 0.0090 0.4176 30 0 0 0
0.5260 0.0090 0.4176 30 0 0 0
0.5260 0.0090 0.4176 30 0 0 0
0.5260 0.0090 0.4176 30 0 0 0
0.5220 0.0092 0.4175 30 0 0 0
0.5220 0.0092 0.4175 30 0 0 0
0.5220 0.0092 0.4175 30 0 0 0
0.5220 0.0092 0.4175 30 0 0 0
0.5220 0.0092 0.4175 30 0 0 0
0.5340 0.0092 0.4163 30 0 0 0
0.5340 0.0092 0.4163 30 0 0 0
0.5340 0.0092 0.4163 30 0 0 0
0.5340 0.0092 0.4163 30 0 0 0
0.5340 0.0092 0.4163 30 0 0 0
0.5340 0.0092 0.4163 30 0 0 0
0.5340 0.0092 0.4163 30 0 0 0
0.5340 0.0092 0.4163 30 0 0 0
0.5400 0.0093 0.4145 30 0 0 0
0.5400 0.0093 0.4145 30 0 0 0
0.5180 0.0096 0.4130 30 0 0 0
0.5180 0.0098 0.4113 30 0 0 0
0.4960 0.0098 0.4113 30 0 0 0
0.4960 0.0098 0.4113 30 0 0 0
0.4960 0.0098 0.4113 30 0 0 0
0.5260 0.0097 0.4100 30 0 0 0
0.5260 0.0097 0.4100 30 0 0 0
0.5260 0.0097 0.4100 30 0 0 0
0.5260 0.0097 0.4100 30 0 0 0
0.5260 0.0097 0.4100 30 0 0 0
0.5260 0.0097 0.4100 30 0 0 0
0.5260 0.0097 0.4100 30 0 0 0
0.5260 0.0097 0.4100 0 0 0 0
0.4960 0.0115 0.4073 30 0 0 0
0.4860 0.0115 0.4073 30 0 0 0
0.4960 0.0116 0.4053 30 0 0 0
0.4960 0.0116 0.4053 30 0 0 0
0.5220 0.0121 0.4048 30 0 0 0
0.5020 0.0128 0.4017 30 0 0 0
0.5040 0.0157 0.3996 30 0 0 0
0.4980 0.0162 0.4032 30 0 0 0
0.4980 0.0162 0.4032 30 0 0 0
0.4980 0.0162 0.4032 30 0 0 0
0.4980 0.0162 0.4032 30 0 0 0
0.5060 0.0158 0.4028 30 0 0 0
0.5060 0.0158 0.4028 30 0 0 0
0.5060 0.0158 0.4028 30 0 0 0
0.5060 0.0158 0.4028 30 0 0 0
0.5060 0.0158 0.4028 30 0 0 0
0.5120 0.0144 0.4042 30 0 0 0
0.5120 0.0144 0.4042 30 0 0 0
0.5120 0.0144 0.4042 30 0 0 0
0.5080 0.0134 0.4044 30 0 0 0
0.5080 0.0134 0.4044 0 0 0 0
0.5200 0.0079 0.4060 30 0 0 0
0.5400 0.0078 0.4084 30 0 0 0
0.5080 0.0073 0.4098 30 0 0 0
0.5360 0.0077 0.4102 30 0 0 0
0.5280 0.0079 0.4104 30 0 0 0
0.5280 0.0079 0.4104 30 0 0 0
0.5280 0.0079 0.4104 30 0 0 0
0.5160 0.0076 0.4107 30 0 0 0
0.5160 0.0076 0.4107 30 0 0 0
0.5160 0.0076 0.4107 30 0 0 0
0.5160 0.0076 0.4107 30 0 0 0
0.5160 0.0076 0.4107 30 0 0 0
0.5260 0.0074 0.4102 30 0 0 0
0.5260 0.0074 0.4102 30 0 0 0
0.5260 0.0074 0.4102 30 0 0 0
0.5260 0.0074 0.4102 30 0 0 0
0.5500 0.0073 0.4085 30 0 0 0
0.5500 0.0073 0.4085 30 0 0 0
0.5500 0.0073 0.4085 30 0 0 0
0.5340 0.0074 0.4084 30 0 0 0
0.5340 0.0074 0.4084 30 0 0 0
0.5340 0.0074 0.4084 30 0 0 0
0.5340 0.0074 0.4084 30 0 0 0
0.5340 0.0074 0.4084 30 0 0 0
0.5300 0.0080 0.4071 30 0 0 0
0.5300 0.0080 0.4071 30 0 0 0
0.5300 0.0080 0.4071 30 0 0 0
0.5300 0.0080 0.4071 30 0 0 0
0.5260 0.0083 0.4057 30 0 0 0
0.5260 0.0083 0.4057 30 0 0 0
0.5260 0.0083 0.4057 30 0 0 0
0.5120 0.0084 0.4058 30 0 0 0
0.5120 0.0084 0.4058 30 0 0 0
0.5120 0.0084 0.4058 30 0 0 0
0.5120 0.0084 0.4058 30 0 0 0
0.5120 0.0084 0.4058 30 0 0 0
0.5220 0.0085 0.4018 30 0 0 0
0.5220 0.0085 0.4018 30 0 0 0
0.5220 0.0085 0.4018 30 0 0 0
0.5220 0.0085 0.4018 30 0 0 0
0.5120 0.0085 0.4020 30 0 0 0
0.5120 0.0085 0.4020 30 0 0 0
0.5120 0.0085 0.4020 30 0 0 0
0.5340 0.0085 0.4040 30 0 0 0
0.5340 0.0085 0.4040 30 0 0 0
0.5340 0.0085 0.4040 30 0 0 0
0.5340 0.0085 0.4040 30 0 0 0
0.5340 0.0085 0.4040 30 0 0 0
0.5340 0.0085 0.4040 30 0 0 0
0.5340 0.0085 0.4040 30 0 0 0
0.5340 0.0085 0.4040 30 0 0 0
0.5340 0.0085 0.4040 30 0 0 0
0.5340 0.0085 0.4040 30 0 0 0
0.5340 0.0081 0.4040 30 0 0 0
0.5320 0.0081 0.4040 30 0 0 0
0.5320 0.0081 0.4040 30 0 0 0
0.5320 0.0077 0.4037 30 0 0 0
0.5080 0.0077 0.4037 30 0 0 0
0.5220 0.0074 0.4040 30 0 0 0
0.5220 0.0074 0.4040 30 0 0 0
0.5220 0.0074 0.4028 30 0 0 0
0.5120 0.0074 0.4028 30 0 0 0
0.5120 0.0074 0.4028 30 0 0 0
0.5120 0.0074 0.4028 30 0 0 0
0.5120 0.0074 0.4028 30 0 0 0
0.5020 0.0076 0.4032 30 0 0 0
0.5020 0.0076 0.4032 30 0 0 0
0.5020 0.0076 0.4032 30 0 0 0
0.4960 0.0078 0.4015 30 0 0 0
0.4960 0.0078 0.4015 30 0 0 0
0.4960 0.0078 0.4015 30 0 0 0
0.4960 0.0078 0.4015 30 0 0 0
0.4960 0.0078 0.4015 30 0 0 0
0.5220 0.0080 0.3972 30 0 0 0
0.5220 0.0080 0.3972 30 0 0 0
0.5220 0.0080 0.3972 30 0 0 0
0.5220 0.0080 0.3972 30 0 0 0
0.5100 0.0083 0.3974 30 0 0 0
0.5100 0.0083 0.3974 30 0 0 0
0.5100 0.0083 0.3974 30 0 0 0
0.5160 0.0085 0.3969 30 0 0 0
0.5160 0.0085 0.3969 30 0 0 0
0.5160 0.0085 0.3969 30 0 0 0
0.5160 0.0090 0.3906 30 0 0 0
0.4980 0.0090 0.3906 30 0 0 0
0.4980 0.0090 0.3906 30 0 0 0
0.4980 0.0090 0.3906 30 0 0 0
0.4980 0.0090 0.3906 30 0 0 0
0.5100 0.0099 0.3908 30 0 0 0
0.5100 0.0099 0.3908 30 0 0 0
0.5100 0.0099 0.3908 0 0 0 0
0.5040 0.0094 0.4001 0 30 0 0
0.5000 0.0090 0.4005 0 30 0 0
0.5000 0.0090 0.4008 0 30 0 0
0.5060 0.0096 0.4024 0 30 0 0
0.5160 0.0099 0.4028 0 30 0 0
0.5340 0.0098 0.4026 0 30 0 0
0.5320 0.0094 0.4029 0 30 0 0
0.5320 0.0094 0.4029 0 30 0 0
0.5240 0.0090 0.4020 0 30 0 0
0.5240 0.0090 0.4020 0 30 0 0
0.5240 0.0090 0.4020 0 30 0 0
0.5240 0.0089 0.4029 0 30 0 0
0.5320 0.0089 0.4029 0 30 0 0
0.5320 0.0089 0.4029 0 30 0 0
0.5320 0.0089 0.4029 0 30 0 0
0.5320 0.0089 0.4029 0 30 0 0
0.5240 0.0090 0.4038 0 30 0 0
0.5240 0.0090 0.4038 0 30 0 0
0.5240 0.0090 0.4038 0 30 0 0
0.5240 0.0090 0.4038 0 30 0 0
0.5360 0.0096 0.4047 0 30 0 0
0.5360 0.0096 0.4047 0 30 0 0
0.5360 0.0096 0.4047 0 30 0 0
0.5120 0.0104 0.4064 0 30 0 0
0.5120 0.0104 0.4064 0 30 0 0
0.5120 0.0104 0.4064 0 30 0 0
0.5120 0.0104 0.4064 0 30 0 0
0.5120 0.0104 0.4064 0 30 0 0
0.5140 0.0107 0.4061 0 30 0 0
0.5140 0.0107 0.4061 0 30 0 0
0.5140 0.0107 0.4061 0 30 0 0
0.5140 0.0107 0.4061 0 30 0 0
0.5140 0.0107 0.4061 0 0 0 0
0.5120 0.0107 0.4075 -30 0 0 0
0.5120 0.0107 0.4075 -30 0 0 0
0.5240 0.0101 0.4088 -30 0 0 0
0.5240 0.0101 0.4088 -30 0 0 0
0.5280 0.0088 0.4086 -30 0 0 0
0.5280 0.0065 0.3977 -30 0 0 0
0.5280 0.0065 0.3977 -30 0 0 0
0.5120 0.0054 0.3961 -30 0 0 0
0.5040 0.0051 0.4003 -30 0 0 0
0.5020 0.0054 0.4060 -30 0 0 0
0.5060 0.0057 0.4087 -30 0 0 0
0.5060 0.0057 0.4087 -30 0 0 0
0.5060 0.0057 0.4087 -30 0 0 0
0.5060 0.0057 0.4087 -30 0 0 0
0.5140 0.0064 0.4147 -30 0 0 0
0.5140 0.0064 0.4147 -30 0 0 0
0.5140 0.0064 0.4147 -30 0 0 0
0.5180 0.0072 0.4144 -30 0 0 0
0.5180 0.0072 0.4144 -30 0 0 0
0.5180 0.0072 0.4144 -30 0 0 0
0.5180 0.0080 0.4197 -30 0 0 0
0.5180 0.0080 0.4197 -30 0 0 0
0.5180 0.0080 0.4197 -30 0 0 0
0.5180 0.0080 0.4197 -30 0 0 0
0.5180 0.0080 0.4197 -30 0 0 0
0.5180 0.0080 0.4197 -30 0 0 0
0.5180 0.0087 0.4206 -30 0 0 0
0.5160 0.0087 0.4206 -30 0 0 0
0.5160 0.0087 0.4206 -30 0 0 0
0.5100 0.0090 0.4234 -30 0 0 0
0.5100 0.0090 0.4234 -30 0 0 0
0.5100 0.0090 0.4234 -30 0 0 0
0.4980 0.0093 0.4227 -30 0 0 0
0.4980 0.0093 0.4227 -30 0 0 0
0.4980 0.0093 0.4227 -30 0 0 0
0.4980 0.0093 0.4227 -30 0 0 0
0.4980 0.0093 0.4227 -30 0 0 0
0.5140 0.0101 0.4259 -30 0 0 0
0.5140 0.0101 0.4259 -30 0 0 0
0.5140 0.0101 0.4259 -30 0 0 0
0.5200 0.0110 0.4264 -30 0 0 0
0.5200 0.0110 0.4264 -30 0 0 0
0.5200 0.0110 0.4264 -30 0 0 0
0.5200 0.0110 0.4264 -30 0 0 0
0.5180 0.0117 0.4283 0 0 0 0
0.5260 0.0062 0.3998 0 -30 0 0
0.5220 0.0051 0.4009 0 -30 0 0
0.5200 0.0040 0.4005 0 -30 0 0
0.4960 0.0041 0.4005 0 -30 0 0
0.4960 0.0041 0.4005 0 -30 0 0
0.4960 0.0071 0.4016 0 -30 0 0
0.5200 0.0085 0.4006 0 -30 0 0
0.5280 0.0091 0.4004 0 -30 0 0
0.5180 0.0088 0.4024 0 -30 0 0
0.5180 0.0088 0.4024 0 -30 0 0
0.5180 0.0088 0.4024 0 -30 0 0
0.5200 0.0084 0.4026 0 -30 0 0
0.5200 0.0084 0.4026 0 -30 0 0
0.5200 0.0084 0.4026 0 -30 0 0
0.5200 0.0084 0.4026 0 -30 0 0
0.5060 0.0075 0.4044 0 -30 0 0
0.5060 0.0075 0.4044 0 -30 0 0
0.5060 0.0075 0.4044 0 -30 0 0
0.5060 0.0075 0.4044 0 -30 0 0
0.5060 0.0075 0.4044 0 -30 0 0
0.5260 0.0069 0.4054 0 -30 0 0
0.5260 0.0069 0.4054 0 -30 0 0
0.5260 0.0069 0.4054 0 -30 0 0
0.5260 0.0062 0.4069 0 -30 0 0
0.5360 0.0062 0.4069 0 -30 0 0
0.5360 0.0062 0.4069 0 -30 0 0
0.5360 0.0062 0.4069 0 -30 0 0
0.5200 0.0054 0.4069 0 -30 0 0
0.5200 0.0054 0.4069 0 -30 0 0
0.5200 0.0054 0.4069 0 -30 0 0
0.5200 0.0054 0.4069 0 -30 0 0
0.5320 0.0047 0.4056 0 -30 0 0
0.5320 0.0047 0.4056 0 -30 0 0
0.5320 0.0047 0.4056 0 -30 0 0
0.5320 0.0047 0.4056 0 -30 0 0
0.5320 0.0040 0.4057 0 -30 0 0
0.5420 0.0040 0.4057 0 -30 0 0
0.5420 0.0040 0.4057 0 -30 0 0
0.5420 0.0040 0.4057 0 -30 0 0
0.5300 0.0037 0.4057 0 -30 0 0
0.5300 0.0037 0.4057 0 -30 0 0
0.5300 0.0037 0.4057 0 -30 0 0
0.5300 0.0037 0.4057 0 -30 0 0
0.5140 0.0037 0.4060 0 -30 0 0
0.5140 0.0037 0.4060 0 -30 0 0
0.5140 0.0037 0.4060 0 -30 0 0
0.5140 0.0037 0.4060 0 -30 0 0
0.5140 0.0037 0.4060 0 -30 0 0
0.5140 0.0037 0.4060 0 -30 0 0
0.5140 0.0037 0.4060 0 -30 0 0
0.5140 0.0037 0.4060 0 -30 0 0
0.5140 0.0037 0.4060 0 -30 0 0
0.5140 0.0037 0.4060 0 -30 0 0
0.5140 0.0038 0.4073 0 -30 0 0
0.5500 0.0038 0.4073 0 -30 0 0
0.5500 0.0038 0.4073 0 -30 0 0
0.5180 0.0041 0.4100 0 -30 0 0
0.5300 0.0042 0.4104 0 -30 0 0
0.5300 0.0042 0.4104 0 -30 0 0
0.5300 0.0042 0.4104 0 -30 0 0
0.5400 0.0040 0.4101 0 -30 0 0
0.5400 0.0040 0.4101 0 -30 0 0
0.5400 0.0040 0.4101 0 -30 0 0
0.5400 0.0040 0.4101 0 -30 0 0
0.5180 0.0038 0.4106 0 -30 0 0
0.5180 0.0038 0.4106 0 -30 0 0
0.5180 0.0038 0.4106 0 -30 0 0
0.5180 0.0038 0.4106 0 -30 0 0
0.5380 0.0035 0.4121 0 -30 0 0
0.5380 0.0035 0.4121 0 -30 0 0
0.5380 0.0035 0.4121 0 -30 0 0
0.5380 0.0035 0.4121 0 -30 0 0
0.5380 0.0033 0.4122 0 -30 0 0
0.5280 0.0033 0.4122 0 -30 0 0
0.5280 0.0033 0.4122 0 -30 0 0
0.5280 0.0033 0.4122 0 -30 0 0
0.5360 0.0033 0.4096 0 -30 0 0
0.5360 0.0033 0.4096 0 -30 0 0
0.5360 0.0033 0.4096 0 -30 0 0
0.5360 0.0033 0.4096 0 -30 0 0
0.5140 0.0035 0.4099 0 -30 0 0
0.5140 0.0035 0.4099 0 -30 0 0
0.5140 0.0035 0.4099 0 -30 0 0
0.5140 0.0035 0.4099 0 -30 0 0
0.5200 0.0040 0.4080 0 -30 0 0
0.5200 0.0040 0.4080 0 -30 0 0
0.5200 0.0040 0.4080 0 -30 0 0
0.5200 0.0050 0.4082 0 -30 0 0
0.5000 0.0050 0.4082 0 -30 0 0
0.5000 0.0050 0.4082 0 -30 0 0
0.5000 0.0050 0.4082 0 -30 0 0
0.5000 0.0050 0.4082 0 -30 0 0
0.5000 0.0050 0.4082 0 -30 0 0
0.4960 0.0062 0.4060 0 -30 0 0
0.4960 0.0062 0.4060 0 -30 0 0
0.4960 0.0062 0.4060 0 -30 0 0
0.4960 0.0062 0.4060 0 -30 0 0
0.5120 0.0069 0.4054 0 -30 0 0
0.5120 0.0069 0.4054 0 -30 0 0
0.5120 0.0069 0.4054 0 -30 0 0
0.5060 0.0077 0.4061 0 -30 0 0
0.5060 0.0077 0.4061 0 -30 0 0
0.5060 0.0077 0.4061 0 -30 0 0
0.5060 0.0077 0.4061 0 -30 0 0
0.5060 0.0077 0.4061 0 -30 0 0
0.5260 0.0085 0.4034 0 -30 0 0
0.5260 0.0085 0.4034 0 -30 0 0
0.5260 0.0085 0.4034 0 -30 0 0
0.5260 0.0085 0.4034 0 -30 0 0
0.5220 0.0096 0.4033 0 -30 0 0
0.5220 0.0096 0.4033 0 -30 0 0
0.5220 0.0096 0.4033 0 -30 0 0
0.5460 0.0110 0.3990 0 -30 0 0
0.5460 0.0110 0.3990 0 -30 0 0
0.5460 0.0110 0.3990 0 -30 0 0
0.5460 0.0110 0.3990 0 -30 0 0
0.5380 0.0117 0.3987 0 -30 0 0
0.5380 0.0117 0.3987 0 -30 0 0
0.5380 0.0117 0.3987 0 -30 0 0
0.5380 0.0117 0.3987 0 -30 0 0
0.5080 0.0120 0.3977 0 -30 0 0
0.5080 0.0120 0.3977 0 -30 0 0
0.5080 0.0120 0.3977 0 -30 0 0
0.5080 0.0120 0.3977 0 -30 0 0
0.5080 0.0117 0.3977 0 -30 0 0
0.5260 0.0117 0.3977 0 -30 0 0
0.5260 0.0117 0.3977 0 -30 0 0
0.5260 0.0117 0.3977 0 -30 0 0
0.5260 0.0108 0.3976 0 -30 0 0
0.5260 0.0108 0.3976 0 -30 0 0
0.5260 0.0108 0.3976 0 -30 0 0
0.5260 0.0108 0.3976 0 -30 0 0
0.5260 0.0108 0.3976 0 -30 0 0
0.5060 0.0098 0.3974 0 -30 0 0
0.5060 0.0098 0.3974 0 -30 0 0
0.5060 0.0098 0.3974 0 -30 0 0
0.5080 0.0083 0.3969 0 -30 0 0
0.5080 0.0083 0.3969 0 -30 0 0
0.5080 0.0083 0.3969 0 -30 0 0
0.5080 0.0083 0.3969 0 -30 0 0
0.5040 0.0072 0.3969 0 -30 0 0
0.5040 0.0072 0.3969 0 -30 0 0
0.5040 0.0072 0.3969 0 -30 0 0
0.5040 0.0072 0.3969 0 -30 0 0
0.5140 0.0068 0.3981 0 -30 0 0
0.5140 0.0068 0.3981 0 -30 0 0
0.5140 0.0068 0.3981 0 -30 0 0
0.5160 0.0067 0.3981 0 -30 0 0
0.5160 0.0067 0.3981 0 -30 0 0
0.5160 0.0067 0.3981 0 -30 0 0
0.5160 0.0067 0.3981 0 -30 0 0
0.5160 0.0070 0.3959 0 -30 0 0
0.5180 0.0070 0.3959 0 -30 0 0
0.5180 0.0070 0.3959 0 -30 0 0
0.5180 0.0070 0.3959 0 -30 0 0
0.5180 0.0070 0.3959 0 -30 0 0
0.5160 0.0073 0.3962 0 -30 0 0
0.5160 0.0073 0.3962 0 -30 0 0
0.5160 0.0073 0.3962 0 -30 0 0
0.5160 0.0073 0.3962 0 -30 0 0
0.5160 0.0076 0.4020 0 -30 0 0
0.5160 0.0076 0.4020 0 -30 0 0
0.5160 0.0076 0.4020 0 -30 0 0
0.5160 0.0076 0.4020 0 -30 0 0
0.4960 0.0080 0.4037 0 -30 0 0
0.4960 0.0080 0.4037 0 -30 0 0
0.4960 0.0080 0.4037 0 -30 0 0
0.4960 0.0080 0.4037 0 -30 0 0
0.4960 0.0080 0.4037 0 -30 0 0
0.5140 0.0080 0.4043 0 -30 0 0
0.5140 0.0080 0.4043 0 -30 0 0
0.5140 0.0080 0.4043 0 -30 0 0
0.5000 0.0083 0.4062 0 -30 0 0
0.5000 0.0083 0.4062 0 -30 0 0
0.5000 0.0083 0.4062 0 -30 0 0
0.5000 0.0083 0.4062 0 -30 0 0
0.5060 0.0090 0.4064 0 -30 0 0
0.5060 0.0090 0.4064 0 -30 0 0
0.5060 0.0090 0.4064 0 -30 0 0
0.5060 0.0090 0.4064 0 -30 0 0
0.5060 0.0090 0.4064 0 -30 0 0
0.5120 0.0094 0.4070 0 -30 0 0
0.5120 0.0094 0.4070 0 -30 0 0
0.5120 0.0094 0.4070 0 -30 0 0
0.5100 0.0096 0.4068 0 -30 0 0
0.5100 0.0096 0.4068 0 -30 0 0
0.5100 0.0096 0.4068 0 -30 0 0
0.5100 0.0096 0.4068 0 -30 0 0
0.5240 0.0098 0.4084 0 -30 0 0
0.5240 0.0098 0.4084 0 -30 0 0
0.5240 0.0098 0.4084 0 -30 0 0
0.5240 0.0098 0.4084 0 -30 0 0
0.5260 0.0095 0.4080 0 -30 0 0
0.5260 0.0095 0.4080 0 -30 0 0
0.5260 0.0095 0.4080 0 -30 0 0
0.5260 0.0095 0.4080 0 -30 0 0
0.5200 0.0087 0.4076 0 -30 0 0
0.5200 0.0087 0.4076 0 -30 0 0
0.5200 0.0087 0.4076 0 -30 0 0
0.5200 0.0087 0.4076 0 -30 0 0
0.5260 0.0080 0.4076 0 -30 0 0
0.5260 0.0080 0.4076 0 -30 0 0
0.5260 0.0080 0.4076 0 -30 0 0
0.5260 0.0080 0.4076 0 -30 0 0
0.5260 0.0080 0.4076 0 -30 0 0
0.5260 0.0080 0.4076 0 -30 0 0
0.5260 0.0080 0.4076 0 -30 0 0
0.5260 0.0072 0.4090 0 -30 0 0
0.5260 0.0072 0.4090 0 -30 0 0
0.5180 0.0068 0.4087 0 -30 0 0
0.5180 0.0068 0.4087 0 -30 0 0
0.5180 0.0068 0.4087 0 -30 0 0
0.5180 0.0068 0.4087 0 -30 0 0
0.5180 0.0067 0.4070 0 -30 0 0
0.5180 0.0067 0.4070 0 -30 0 0
0.5180 0.0067 0.4070 0 -30 0 0
0.5180 0.0067 0.4070 0 -30 0 0
0.5180 0.0067 0.4070 0 -30 0 0
0.5180 0.0067 0.4070 0 -30 0 0
0.5000 0.0065 0.4065 0 -30 0 0
0.5000 0.0065 0.4065 0 -30 0 0
0.5060 0.0068 0.4066 0 -30 0 0
0.5060 0.0068 0.4066 0 -30 0 0
0.5060 0.0068 0.4066 0 -30 0 0
0.5060 0.0068 0.4066 0 -30 0 0
0.5060 0.0071 0.4095 0 -30 0 0
0.5220 0.0071 0.4095 0 -30 0 0
0.5220 0.0071 0.4095 0 -30 0 0
0.5220 0.0071 0.4095 0 -30 0 0
0.5220 0.0071 0.4095 0 -30 0 0
0.5220 0.0071 0.4095 0 -30 0 0
0.5220 0.0076 0.4099 0 -30 0 0
0.5400 0.0076 0.4099 0 -30 0 0
0.5400 0.0076 0.4099 0 -30 0 0
0.5400 0.0076 0.4099 0 -30 0 0
0.5380 0.0076 0.4144 0 -30 0 0
0.5380 0.0076 0.4144 0 -30 0 0
0.5380 0.0076 0.4144 0 -30 0 0
0.5380 0.0076 0.4142 0 -30 0 0
0.5160 0.0076 0.4142 0 -30 0 0
0.5160 0.0076 0.4142 0 -30 0 0
0.5160 0.0076 0.4142 0 -30 0 0
0.5160 0.0076 0.4142 0 -30 0 0
0.5160 0.0076 0.4142 0 -30 0 0
0.5180 0.0076 0.4180 0 -30 0 0
0.5180 0.0076 0.4180 0 -30 0 0
0.5180 0.0074 0.4178 0 -30 0 0
0.5060 0.0074 0.4178 0 -30 0 0
0.5060 0.0074 0.4178 0 0 0 0
0.5140 0.0079 0.4116 0 -30 0 0
0.5000 0.0079 0.4127 0 -30 0 0
0.4900 0.0073 0.4105 0 -30 0 0
0.5100 0.0072 0.4122 0 -30 0 0
0.5100 0.0072 0.4122 0 -30 0 0
0.5100 0.0072 0.4122 0 -30 0 0
0.5080 0.0074 0.4119 0 -30 0 0
0.5060 0.0079 0.4097 0 -30 0 0
0.5040 0.0080 0.4098 0 -30 0 0
0.5000 0.0081 0.4128 0 -30 0 0
0.5000 0.0081 0.4128 0 -30 0 0
0.4920 0.0082 0.4127 0 -30 0 0
0.4920 0.0082 0.4127 0 -30 0 0
0.4920 0.0082 0.4127 0 -30 0 0
0.4920 0.0082 0.4127 0 -30 0 0
0.4920 0.0082 0.4127 0 -30 0 0
0.4920 0.0084 0.4146 0 -30 0 0
0.4920 0.0084 0.4146 0 -30 0 0
0.5200 0.0083 0.4147 0 -30 0 0
0.5200 0.0083 0.4147 0 -30 0 0
0.5200 0.0083 0.4147 0 -30 0 0
0.5200 0.0083 0.4147 0 -30 0 0
0.5200 0.0083 0.4147 0 -30 0 0
0.5040 0.0082 0.4151 0 -30 0 0
0.5040 0.0082 0.4151 0 -30 0 0
0.5040 0.0082 0.4151 0 -30 0 0
0.5040 0.0082 0.4151 0 -30 0 0
0.5040 0.0084 0.4134 0 -30 0 0
0.5040 0.0084 0.4134 0 -30 0 0
0.5040 0.0084 0.4134 0 -30 0 0
0.5060 0.0087 0.4131 0 -30 0 0
0.5060 0.0087 0.4131 0 -30 0 0
0.5060 0.0087 0.4131 0 -30 0 0
0.5060 0.0087 0.4131 0 -30 0 0
0.5060 0.0087 0.4131 0 -30 0 0
0.5200 0.0091 0.4124 0 -30 0 0
0.5200 0.0091 0.4124 0 -30 0 0
0.5200 0.0091 0.4124 0 -30 0 0
0.5200 0.0091 0.4124 0 -30 0 0
0.5200 0.0091 0.4124 0 -30 0 0
0.5220 0.0094 0.4127 0 -30 0 0
0.5220 0.0094 0.4127 0 -30 0 0
0.5080 0.0094 0.4142 0 -30 0 0
0.5080 0.0094 0.4142 0 -30 0 0
0.5080 0.0094 0.4142 0 -30 0 0
0.5080 0.0094 0.4142 0 -30 0 0
0.5080 0.0094 0.4142 0 -30 0 0
0.5080 0.0094 0.4142 0 -30 0 0
0.5040 0.0091 0.4120 0 -30 0 0
0.5040 0.0091 0.4120 0 -30 0 0
0.5040 0.0091 0.4120 0 -30 0 0
0.5040 0.0091 0.4120 0 -30 0 0
0.5120 0.0088 0.4131 0 -30 0 0
0.5120 0.0088 0.4131 0 -30 0 0
0.5120 0.0088 0.4131 0 -30 0 0
0.4980 0.0084 0.4129 0 -30 0 0
0.4980 0.0084 0.4129 0 -30 0 0
0.4980 0.0084 0.4129 0 -30 0 0
0.4980 0.0084 0.4129 0 -30 0 0
0.4980 0.0084 0.4129 0 -30 0 0
0.4980 0.0084 0.4129 0 -30 0 0
0.4980 0.0084 0.4129 0 -30 0 0
0.4980 0.0084 0.4129 0 -30 0 0
0.4980 0.0084 0.4129 0 -30 0 0
0.4980 0.0084 0.4129 0 -30 0 0
0.4980 0.0084 0.4129 0 -30 0 0
0.5180 0.0077 0.4128 0 -30 0 0
0.5180 0.0077 0.4128 0 -30 0 0
0.5180 0.0077 0.4128 0 -30 0 0
0.4840 0.0072 0.4117 0 -30 0 0
0.5020 0.0068 0.4115 0 -30 0 0
0.5020 0.0071 0.4120 0 -30 0 0
0.4980 0.0071 0.4120 0 -30 0 0
0.4980 0.0071 0.4120 0 -30 0 0
0.4980 0.0071 0.4120 0 -30 0 0
0.4980 0.0071 0.4120 0 -30 0 0
0.5120 0.0077 0.4123 0 -30 0 0
0.5120 0.0077 0.4123 0 -30 0 0
0.5120 0.0077 0.4123 0 -30 0 0
0.5000 0.0088 0.4118 0 -30 0 0
0.5000 0.0088 0.4118 0 -30 0 0
0.5000 0.0088 0.4118 0 -30 0 0
0.5000 0.0088 0.4118 0 -30 0 0
0.5000 0.0088 0.4118 0 -30 0 0
0.5140 0.0104 0.4110 0 -30 0 0
0.5140 0.0104 0.4110 0 -30 0 0
0.5140 0.0104 0.4110 0 -30 0 0
0.5140 0.0104 0.4110 0 -30 0 0
0.5300 0.0108 0.4105 0 -30 0 0
0.5300 0.0108 0.4105 0 -30 0 0
0.5300 0.0108 0.4105 0 -30 0 0
0.5300 0.0108 0.4105 0 -30 0 0
0.5300 0.0108 0.4105 0 -30 0 0
0.5240 0.0112 0.4095 0 -30 0 0
0.5240 0.0112 0.4095 0 -30 0 0
0.5240 0.0112 0.4095 0 -30 0 0
0.5240 0.0112 0.4095 0 -30 0 0
0.5240 0.0112 0.4095 0 -30 0 0
0.4960 0.0116 0.4088 0 -30 0 0
0.4960 0.0116 0.4088 0 -30 0 0
0.5160 0.0119 0.4084 0 -30 0 0
0.5160 0.0119 0.4084 0 -30 0 0
0.5180 0.0118 0.4084 0 -30 0 0
0.5180 0.0118 0.4084 0 -30 0 0
0.5180 0.0118 0.4084 0 -30 0 0
0.5180 0.0118 0.4084 0 -30 0 0
0.5180 0.0118 0.4084 0 -30 0 0
0.5180 0.0113 0.4082 0 -30 0 0
0.4920 0.0113 0.4082 0 -30 0 0
0.4920 0.0113 0.4082 0 -30 0 0
0.4920 0.0113 0.4082 0 -30 0 0
0.4860 0.0104 0.4093 0 -30 0 0
0.4860 0.0104 0.4093 0 -30 0 0
0.4860 0.0104 0.4093 0 -30 0 0
0.4860 0.0104 0.4093 0 -30 0 0
0.4860 0.0104 0.4093 0 -30 0 0
0.4860 0.0104 0.4093 0 -30 0 0
0.4860 0.0104 0.4093 0 -30 0 0
0.4860 0.0104 0.4093 0 -30 0 0
0.5000 0.0094 0.4100 0 -30 0 0
0.5000 0.0094 0.4100 0 -30 0 0
0.5000 0.0094 0.4100 0 -30 0 0
0.4880 0.0082 0.4129 0 -30 0 0
0.4880 0.0082 0.4129 0 -30 0 0
0.5120 0.0079 0.4149 0 -30 0 0
0.5120 0.0079 0.4149 0 -30 0 0
0.5120 0.0079 0.4149 0 -30 0 0
0.4920 0.0078 0.4144 0 -30 0 0
0.4920 0.0078 0.4144 0 -30 0 0
0.4920 0.0078 0.4144 0 -30 0 0
0.4920 0.0083 0.4154 0 -30 0 0
0.5260 0.0083 0.4154 0 -30 0 0
0.5260 0.0083 0.4154 0 -30 0 0
0.5260 0.0083 0.4154 0 -30 0 0
0.5260 0.0091 0.4144 0 -30 0 0
0.4940 0.0091 0.4144 0 0 0 0
0.5220 0.0183 0.4069 -30 0 0 0
0.5140 0.0183 0.4069 -30 0 0 0
0.5300 0.0173 0.4037 -30 0 0 0
0.5240 0.0160 0.4036 -30 0 0 0
0.5280 0.0144 0.4072 -30 0 0 0
0.5220 0.0121 0.4047 -30 0 0 0
0.5300 0.0099 0.4073 -30 0 0 0
0.5300 0.0099 0.4073 -30 0 0 0
0.5300 0.0099 0.4073 -30 0 0 0
0.5300 0.0099 0.4073 -30 0 0 0
0.5180 0.0081 0.4082 -30 0 0 0
0.5180 0.0081 0.4082 -30 0 0 0
0.5180 0.0081 0.4082 -30 0 0 0
0.5200 0.0071 0.4080 -30 0 0 0
0.5200 0.0071 0.4080 -30 0 0 0
0.5200 0.0071 0.4080 -30 0 0 0
0.5200 0.0067 0.4071 -30 0 0 0
0.5140 0.0067 0.4071 -30 0 0 0
0.5140 0.0067 0.4071 -30 0 0 0
0.5140 0.0067 0.4071 -30 0 0 0
0.5140 0.0067 0.4071 -30 0 0 0
0.5240 0.0070 0.4073 -30 0 0 0
0.5240 0.0070 0.4073 -30 0 0 0
0.5240 0.0070 0.4073 -30 0 0 0
0.5240 0.0070 0.4073 -30 0 0 0
0.5320 0.0076 0.4056 -30 0 0 0
0.5320 0.0076 0.4056 -30 0 0 0
0.5320 0.0076 0.4056 -30 0 0 0
0.5320 0.0087 0.4071 -30 0 0 0
0.5180 0.0087 0.4071 -30 0 0 0
0.5180 0.0087 0.4071 -30 0 0 0
0.5180 0.0087 0.4071 -30 0 0 0
0.5180 0.0087 0.4071 -30 0 0 0
0.5180 0.0094 0.4083 -30 0 0 0
0.5200 0.0094 0.4083 -30 0 0 0
0.5200 0.0094 0.4083 -30 0 0 0
0.5200 0.0094 0.4083 -30 0 0 0
0.5200 0.0094 0.4083 -30 0 0 0
0.5160 0.0100 0.4106 -30 0 0 0
0.5160 0.0100 0.4106 -30 0 0 0
0.5160 0.0100 0.4106 -30 0 0 0
0.5160 0.0104 0.4100 -30 0 0 0
0.5100 0.0104 0.4100 -30 0 0 0
0.5100 0.0104 0.4100 -30 0 0 0
0.5100 0.0104 0.4100 -30 0 0 0
0.5100 0.0104 0.4100 -30 0 0 0
0.5240 0.0101 0.4108 -30 0 0 0
0.5240 0.0101 0.4108 -30 0 0 0
0.5240 0.0101 0.4108 -30 0 0 0
0.5240 0.0101 0.4108 -30 0 0 0
0.5240 0.0101 0.4108 -30 0 0 0
0.5240 0.0101 0.4108 -30 0 0 0
0.5460 0.0095 0.4118 -30 0 0 0
0.5420 0.0090 0.4116 -30 0 0 0
0.5420 0.0090 0.4116 -30 0 0 0
0.5420 0.0090 0.4116 -30 0 0 0
0.5420 0.0090 0.4116 -30 0 0 0
0.5080 0.0088 0.4129 -30 0 0 0
0.5080 0.0088 0.4129 0 0 0 0
0.5060 0.0047 0.4113 -30 0 0 0
0.5200 0.0032 0.4115 -30 0 0 0
0.5180 0.0039 0.4116 -30 0 0 0
0.5200 0.0050 0.4127 -30 0 0 0
0.4920 0.0067 0.4127 -30 0 0 0
0.5200 0.0079 0.4128 -30 0 0 0
0.5240 0.0087 0.4129 -30 0 0 0
0.5260 0.0091 0.4147 -30 0 0 0
0.5260 0.0091 0.4147 -30 0 0 0
0.5260 0.0091 0.4147 -30 0 0 0
0.5260 0.0091 0.4147 -30 0 0 0
0.5100 0.0092 0.4152 -30 0 0 0
0.5100 0.0092 0.4152 -30 0 0 0
0.5100 0.0092 0.4152 -30 0 0 0
0.5100 0.0092 0.4152 -30 0 0 0
0.5100 0.0092 0.4152 -30 0 0 0
0.5100 0.0099 0.4161 -30 0 0 0
0.5100 0.0099 0.4161 -30 0 0 0
0.5100 0.0099 0.4161 -30 0 0 0
0.5080 0.0103 0.4154 -30 0 0 0
0.5080 0.0103 0.4154 -30 0 0 0
0.5080 0.0103 0.4154 -30 0 0 0
0.5080 0.0103 0.4154 -30 0 0 0
0.5080 0.0103 0.4154 -30 0 0 0
0.5080 0.0103 0.4154 -30 0 0 0
0.5080 0.0103 0.4154 -30 0 0 0
0.5080 0.0103 0.4154 -30 0 0 0
0.5080 0.0103 0.4154 -30 0 0 0
0.5080 0.0103 0.4154 -30 0 0 0
0.5080 0.0103 0.4154 -30 0 0 0
0.5080 0.0103 0.4154 -30 0 0 0
0.5080 0.0103 0.4162 -30 0 0 0
0.4940 0.0097 0.4118 -30 0 0 0
0.5240 0.0091 0.4104 -30 0 0 0
0.5240 0.0091 0.4104 -30 0 0 0
0.5220 0.0082 0.4106 -30 0 0 0
0.5220 0.0082 0.4106 -30 0 0 0
0.5220 0.0082 0.4106 -30 0 0 0
0.5220 0.0082 0.4106 0 0 0 0
0.5240 0.0089 0.3998 -30 0 0 0
0.5240 0.0093 0.3960 -30 0 0 0
0.5320 0.0067 0.3918 -30 0 0 0
0.4940 0.0054 0.3927 -30 0 0 0
0.4980 0.0050 0.3916 -30 0 0 0
0.5280 0.0053 0.3879 -30 0 0 0
0.5040 0.0056 0.3888 -30 0 0 0
0.5120 0.0061 0.3854 -30 0 0 0
0.5120 0.0061 0.3854 -30 0 0 0
0.5120 0.0061 0.3854 -30 0 0 0
0.5360 0.0070 0.3807 -30 0 0 0
0.5360 0.0070 0.3807 -30 0 0 0
0.5360 0.0070 0.3807 -30 0 0 0
0.5260 0.0072 0.3816 -30 0 0 0
0.5260 0.0072 0.3816 -30 0 0 0
0.5260 0.0072 0.3816 -30 0 0 0
0.5260 0.0072 0.3816 -30 0 0 0
0.5000 0.0067 0.3819 -30 0 0 0
0.5000 0.0067 0.3819 -30 0 0 0
0.5000 0.0067 0.3819 0 0 0 0
0.5240 0.0054 0.3816 -30 0 0 0
0.5140 0.0045 0.3826 -30 0 0 0
0.5380 0.0038 0.3835 -30 0 0 0
0.5140 0.0036 0.3850 -30 0 0 0
0.5140 0.0036 0.3850 -30 0 0 0
0.5180 0.0040 0.3852 -30 0 0 0
0.5080 0.0052 0.3843 -30 0 0 0
0.5080 0.0052 0.3843 -30 0 0 0
0.5080 0.0052 0.3843 -30 0 0 0
0.5080 0.0052 0.3843 -30 0 0 0
0.5080 0.0052 0.3843 -30 0 0 0
0.5080 0.0052 0.3843 -30 0 0 0
0.5180 0.0073 0.3857 -30 0 0 0
0.5180 0.0073 0.3857 -30 0 0 0
0.5180 0.0073 0.3857 -30 0 0 0
0.5180 0.0080 0.3838 -30 0 0 0
0.5180 0.0080 0.3838 0 0 0 0
0.5160 0.0080 0.3799 0 -30 0 0
0.5140 0.0078 0.3791 0 -30 0 0
0.5160 0.0082 0.3801 0 -30 0 0
0.5220 0.0084 0.3802 0 -30 0 0
0.5100 0.0079 0.3810 0 -30 0 0
0.5100 0.0079 0.3810 0 -30 0 0
0.5000 0.0059 0.3818 0 -30 0 0
0.5000 0.0059 0.3818 0 -30 0 0
0.5000 0.0059 0.3818 0 -30 0 0
0.5000 0.0059 0.3818 0 -30 0 0
0.5000 0.0054 0.3787 0 -30 0 0
0.5260 0.0054 0.3787 0 -30 0 0
0.5260 0.0054 0.3787 0 -30 0 0
0.5280 0.0054 0.3798 0 -30 0 0
0.5280 0.0054 0.3798 0 -30 0 0
0.5280 0.0054 0.3798 0 -30 0 0
0.5280 0.0054 0.3798 0 -30 0 0
0.5280 0.0054 0.3798 0 -30 0 0
0.5220 0.0059 0.3781 0 -30 0 0
0.5220 0.0059 0.3781 0 -30 0 0
0.5220 0.0059 0.3781 0 -30 0 0
0.5220 0.0059 0.3781 0 -30 0 0
0.5220 0.0059 0.3781 0 -30 0 0
0.5220 0.0059 0.3781 0 -30 0 0
0.5220 0.0059 0.3781 0 -30 0 0
0.5220 0.0059 0.3781 0 -30 0 0
0.5220 0.0059 0.3781 0 -30 0 0
0.5220 0.0059 0.3781 0 -30 0 0
0.5020 0.0058 0.3787 0 -30 0 0
0.5020 0.0058 0.3787 0 -30 0 0
0.5160 0.0055 0.3792 0 -30 0 0
0.5220 0.0049 0.3801 0 -30 0 0
0.5220 0.0049 0.3801 0 -30 0 0
0.5220 0.0049 0.3801 0 -30 0 0
0.5220 0.0049 0.3801 0 -30 0 0
0.5220 0.0047 0.3799 0 -30 0 0
0.5220 0.0047 0.3799 0 -30 0 0
0.5220 0.0047 0.3799 0 -30 0 0
0.5180 0.0046 0.3808 0 -30 0 0
0.5180 0.0046 0.3808 0 -30 0 0
0.5180 0.0046 0.3808 0 -30 0 0
0.5180 0.0046 0.3808 0 -30 0 0
0.5180 0.0049 0.3790 0 -30 0 0
0.5040 0.0049 0.3790 0 -30 0 0
0.5040 0.0049 0.3790 0 -30 0 0
0.5040 0.0049 0.3790 0 -30 0 0
0.5040 0.0049 0.3790 0 -30 0 0
0.5140 0.0058 0.3801 0 -30 0 0
0.5140 0.0058 0.3801 0 -30 0 0
0.5140 0.0069 0.3832 0 -30 0 0
0.5120 0.0069 0.3832 0 -30 0 0
0.5120 0.0069 0.3832 0 -30 0 0
0.5120 0.0069 0.3832 0 -30 0 0
0.5120 0.0069 0.3832 0 -30 0 0
0.5120 0.0069 0.3832 0 -30 0 0
0.5020 0.0082 0.3838 0 -30 0 0
0.5020 0.0082 0.3838 0 -30 0 0
0.5020 0.0082 0.3838 0 -30 0 0
0.5020 0.0082 0.3838 0 -30 0 0
0.5020 0.0082 0.3838 0 -30 0 0
0.5080 0.0085 0.3848 0 -30 0 0
0.5080 0.0085 0.3848 0 -30 0 0
0.5080 0.0082 0.3851 0 -30 0 0
0.5080 0.0082 0.3851 0 -30 0 0
0.5080 0.0082 0.3851 0 -30 0 0
0.5080 0.0082 0.3851 0 -30 0 0
0.5080 0.0082 0.3851 0 -30 0 0
0.5020 0.0076 0.3845 0 -30 0 0
0.5020 0.0076 0.3845 0 -30 0 0
0.5020 0.0076 0.3845 0 -30 0 0
0.5020 0.0076 0.3845 0 -30 0 0
0.5020 0.0076 0.3845 0 -30 0 0
0.5160 0.0077 0.3826 0 -30 0 0
0.5160 0.0077 0.3826 0 -30 0 0
0.5180 0.0076 0.3834 0 -30 0 0
0.5180 0.0076 0.3834 0 -30 0 0
0.5180 0.0076 0.3834 0 -30 0 0
0.5180 0.0076 0.3834 0 -30 0 0
0.5180 0.0076 0.3834 0 -30 0 0
0.5180 0.0076 0.3834 0 -30 0 0
0.4980 0.0071 0.3848 0 -30 0 0
0.4980 0.0071 0.3848 0 -30 0 0
0.4980 0.0071 0.3848 0 -30 0 0
0.4980 0.0071 0.3848 0 -30 0 0
0.4980 0.0071 0.3848 0 -30 0 0
0.5120 0.0066 0.3859 0 -30 0 0
0.5120 0.0063 0.3860 0 -30 0 0
0.5180 0.0063 0.3860 0 -30 0 0
0.5180 0.0063 0.3860 0 -30 0 0
0.5180 0.0063 0.3860 0 -30 0 0
0.5180 0.0063 0.3860 0 -30 0 0
0.5180 0.0063 0.3860 0 -30 0 0
0.4920 0.0064 0.3869 0 -30 0 0
0.4920 0.0064 0.3869 0 -30 0 0
0.4920 0.0064 0.3869 0 -30 0 0
0.4920 0.0064 0.3869 0 -30 0 0
0.4920 0.0064 0.3869 0 -30 0 0
0.4900 0.0070 0.3871 0 -30 0 0
0.4900 0.0070 0.3871 0 -30 0 0
0.4900 0.0070 0.3871 0 -30 0 0
0.4960 0.0078 0.3873 0 -30 0 0
0.4960 0.0078 0.3873 0 -30 0 0
0.4960 0.0078 0.3873 0 -30 0 0
0.5060 0.0087 0.3867 0 -30 0 0
0.5060 0.0087 0.3867 0 -30 0 0
0.5060 0.0087 0.3867 0 -30 0 0
0.5060 0.0087 0.3867 0 -30 0 0
0.5020 0.0092 0.3865 0 -30 0 0
0.5020 0.0092 0.3865 0 -30 0 0
0.5120 0.0093 0.3864 0 -30 0 0
0.5120 0.0093 0.3864 0 -30 0 0
0.5120 0.0093 0.3864 0 -30 0 0
0.5120 0.0093 0.3864 0 -30 0 0
0.5120 0.0093 0.3864 0 -30 0 0
0.5120 0.0093 0.3864 0 -30 0 0
0.5060 0.0088 0.3870 0 -30 0 0
0.5060 0.0088 0.3870 0 -30 0 0
0.5060 0.0088 0.3870 0 -30 0 0
0.5060 0.0088 0.3870 0 -30 0 0
0.5060 0.0088 0.3870 0 -30 0 0
0.5020 0.0079 0.3877 0 -30 0 0
0.5020 0.0079 0.3877 0 -30 0 0
0.5020 0.0079 0.3877 0 -30 0 0
0.5020 0.0072 0.3870 0 -30 0 0
0.5020 0.0072 0.3870 0 -30 0 0
0.5020 0.0072 0.3870 0 -30 0 0
0.5020 0.0072 0.3870 0 -30 0 0
0.5020 0.0059 0.3887 0 -30 0 0
0.5020 0.0059 0.3887 0 -30 0 0
0.5020 0.0059 0.3887 0 -30 0 0
0.5020 0.0059 0.3887 0 -30 0 0
0.4980 0.0055 0.3907 0 -30 0 0
0.4980 0.0055 0.3907 0 -30 0 0
0.4980 0.0055 0.3907 0 -30 0 0
0.4980 0.0055 0.3907 0 -30 0 0
0.4960 0.0059 0.3907 0 -30 0 0
0.4960 0.0059 0.3907 0 -30 0 0
0.4960 0.0059 0.3907 0 -30 0 0
0.5020 0.0064 0.3914 0 -30 0 0
0.5020 0.0064 0.3914 0 -30 0 0
0.5020 0.0064 0.3914 0 -30 0 0
0.5020 0.0064 0.3914 0 -30 0 0
0.5060 0.0076 0.3914 0 -30 0 0
0.5060 0.0076 0.3914 0 -30 0 0
0.5060 0.0076 0.3914 0 -30 0 0
0.5060 0.0076 0.3914 0 -30 0 0
0.5060 0.0076 0.3914 0 -30 0 0
0.5180 0.0084 0.3897 0 -30 0 0
0.5180 0.0084 0.3897 0 0 0 0
0.4920 0.0081 0.3841 -30 0 0 0
0.4920 0.0081 0.3841 -30 0 0 0
0.5080 0.0084 0.3836 -30 0 0 0
0.5060 0.0093 0.3843 -30 0 0 0
0.5200 0.0118 0.3795 -30 0 0 0
0.5120 0.0140 0.3746 -30 0 0 0
0.4920 0.0165 0.3733 -30 0 0 0
0.4880 0.0181 0.3704 -30 0 0 0
0.4880 0.0181 0.3704 -30 0 0 0
0.4880 0.0181 0.3704 -30 0 0 0
0.4880 0.0181 0.3704 -30 0 0 0
0.5040 0.0187 0.3711 -30 0 0 0
0.5040 0.0187 0.3711 -30 0 0 0
0.5040 0.0187 0.3711 -30 0 0 0
0.5040 0.0187 0.3711 0 0 0 0
0.4920 0.0125 0.3671 -30 0 0 0
0.4900 0.0118 0.3702 -30 0 0 0
0.5020 0.0123 0.3719 -30 0 0 0
0.4960 0.0128 0.3732 -30 0 0 0
0.4980 0.0128 0.3735 -30 0 0 0
0.5020 0.0126 0.3729 -30 0 0 0
0.4920 0.0130 0.3735 -30 0 0 0
0.4920 0.0130 0.3735 -30 0 0 0
0.4920 0.0130 0.3735 -30 0 0 0
0.4920 0.0130 0.3735 -30 0 0 0
0.4920 0.0135 0.3750 -30 0 0 0
0.4860 0.0135 0.3750 -30 0 0 0
0.4860 0.0135 0.3750 -30 0 0 0
0.4860 0.0135 0.3750 -30 0 0 0
0.4860 0.0135 0.3750 -30 0 0 0
0.4860 0.0135 0.3750 -30 0 0 0
0.4860 0.0135 0.3750 -30 0 0 0
0.4860 0.0135 0.3750 -30 0 0 0
0.4860 0.0135 0.3750 -30 0 0 0
0.4860 0.0135 0.3750 -30 0 0 0
0.4860 0.0135 0.3750 -30 0 0 0
0.4860 0.0134 0.3757 -30 0 0 0
0.4760 0.0121 0.3775 0 0 0 0
0.5000 0.0111 0.3764 -30 0 0 0
0.4900 0.0116 0.3753 -30 0 0 0
0.4820 0.0125 0.3749 -30 0 0 0
0.4880 0.0133 0.3737 -30 0 0 0
0.4760 0.0148 0.3738 -30 0 0 0
0.4920 0.0152 0.3746 -30 0 0 0
0.4940 0.0152 0.3746 -30 0 0 0
0.4940 0.0152 0.3745 -30 0 0 0
0.4880 0.0152 0.3745 -30 0 0 0
0.4880 0.0152 0.3745 -30 0 0 0
0.4880 0.0152 0.3745 -30 0 0 0
0.4880 0.0152 0.3745 -30 0 0 0
0.4880 0.0152 0.3745 -30 0 0 0
0.4880 0.0152 0.3745 -30 0 0 0
0.4880 0.0152 0.3745 -30 0 0 0
0.4880 0.0152 0.3745 -30 0 0 0
0.4880 0.0152 0.3745 0 0 0 0
0.5060 0.0116 0.3688 -30 0 0 0
0.5060 0.0115 0.3674 -30 0 0 0
0.4900 0.0116 0.3661 -30 0 0 0
0.4780 0.0115 0.3662 -30 0 0 0
0.5000 0.0106 0.3697 -30 0 0 0
0.4960 0.0099 0.3707 -30 0 0 0
0.5140 0.0092 -0.1480 -30 0 0 0
0.5140 0.0092 -0.1480 -30 0 0 0
0.5140 0.0092 -0.1480 -30 0 0 0
0.5140 0.0092 -0.1480 -30 0 0 0
0.5000 0.0085 -0.1477 -30 0 0 0
0.5000 0.0085 -0.1477 -30 0 0 0
0.5000 0.0085 -0.1477 -30 0 0 0
0.5100 0.0078 -0.1453 -30 0 0 0
0.5100 0.0078 -0.1453 -30 0 0 0
0.5100 0.0078 -0.1453 -30 0 0 0
0.5100 0.0078 -0.1453 0 0 0 0
0.5120 0.0099 0.3565 0 30 0 0
0.5080 0.0099 0.3565 0 30 0 0
0.4880 0.0091 0.3568 0 30 0 0
0.5000 0.0083 0.3587 0 30 0 0
0.5100 0.0101 0.3575 0 30 0 0
0.5100 0.0101 0.3575 0 30 0 0
0.4880 0.0122 0.3477 0 30 0 0
0.4880 0.0122 0.3477 0 30 0 0
0.4800 0.0127 0.3393 0 30 0 0
0.4780 0.0127 0.3368 0 30 0 0
0.4720 0.0123 0.3320 0 30 0 0
0.4720 0.0123 0.3320 0 30 0 0
0.4720 0.0123 0.3320 0 30 0 0
0.4720 0.0123 0.3320 0 30 0 0
0.4720 0.0123 0.3320 0 30 0 0
0.4860 0.0111 0.3321 0 30 0 0
0.4860 0.0111 0.3321 0 0 0 0
0.4860 0.0100 0.3279 0 30 0 0
0.5040 0.0093 0.3273 0 30 0 0
0.4960 0.0092 0.3299 0 30 0 0
0.4840 0.0092 0.3309 0 30 0 0
0.4840 0.0094 0.3318 0 30 0 0
0.4840 0.0094 0.3318 0 30 0 0
0.4820 0.0092 0.3347 0 30 0 0
0.4820 0.0092 0.3347 0 30 0 0
0.4820 0.0092 0.3347 0 30 0 0
0.4820 0.0092 0.3347 0 30 0 0
0.4820 0.0092 0.3347 0 30 0 0
0.4940 0.0087 0.3361 0 30 0 0
0.4940 0.0087 0.3361 0 30 0 0
0.4940 0.0087 0.3361 0 30 0 0
0.4760 0.0079 0.3390 0 30 0 0
0.4760 0.0079 0.3390 0 30 0 0
0.4760 0.0079 0.3390 0 30 0 0
0.4760 0.0079 0.3390 0 30 0 0
0.4760 0.0079 0.3390 0 30 0 0
0.4800 0.0072 0.3377 0 30 0 0
0.4800 0.0072 0.3377 0 30 0 0
0.4800 0.0072 0.3377 0 30 0 0
0.4800 0.0072 0.3377 0 30 0 0
0.4800 0.0074 0.3384 0 30 0 0
0.4800 0.0074 0.3384 0 30 0 0
0.4800 0.0074 0.3384 0 30 0 0
0.4940 0.0083 0.3395 0 30 0 0
0.4940 0.0083 0.3395 0 30 0 0
0.4940 0.0083 0.3395 0 30 0 0
0.4940 0.0083 0.3395 0 30 0 0
0.4940 0.0083 0.3395 0 30 0 0
0.4920 0.0097 0.3380 0 30 0 0
0.4920 0.0097 0.3380 0 30 0 0
0.4920 0.0097 0.3380 0 30 0 0
0.4920 0.0097 0.3380 0 30 0 0
0.4820 0.0107 0.3408 0 30 0 0
0.4820 0.0107 0.3408 0 30 0 0
0.4820 0.0107 0.3408 0 30 0 0
0.4860 0.0113 0.3429 0 30 0 0
0.4860 0.0113 0.3429 0 30 0 0
0.4860 0.0113 0.3429 0 30 0 0
0.4860 0.0113 0.3429 0 30 0 0
0.4860 0.0113 0.3429 0 30 0 0
0.4880 0.0118 0.3415 0 30 0 0
0.4880 0.0118 0.3415 0 30 0 0
0.4880 0.0118 0.3415 0 30 0 0
0.4880 0.0118 0.3415 0 30 0 0
0.4880 0.0118 0.3415 0 30 0 0
0.4700 0.0119 0.3420 0 30 0 0
0.4700 0.0119 0.3420 0 30 0 0
0.4700 0.0119 0.3420 0 30 0 0
0.4700 0.0119 0.3420 0 30 0 0
0.4700 0.0119 0.3420 0 30 0 0
0.4700 0.0119 0.3420 0 30 0 0
0.4700 0.0119 0.3420 0 30 0 0
0.4700 0.0119 0.3420 0 30 0 0
0.4700 0.0119 0.3420 0 30 0 0
0.4700 0.0119 0.3420 0 30 0 0
0.4700 0.0119 0.3420 0 30 0 0
0.4740 0.0113 0.3404 0 30 0 0
0.4740 0.0113 0.3404 0 30 0 0
0.4860 0.0109 0.3396 0 30 0 0
0.4940 0.0106 0.3402 0 30 0 0
0.4940 0.0106 0.3402 0 30 0 0
0.4940 0.0106 0.3402 0 30 0 0
0.4920 0.0102 0.3376 0 30 0 0
0.4920 0.0102 0.3376 0 30 0 0
0.4920 0.0102 0.3376 0 30 0 0
0.4920 0.0102 0.3376 0 30 0 0
0.4920 0.0102 0.3376 0 30 0 0
0.4920 0.0102 0.3376 0 30 0 0
0.4920 0.0102 0.3376 0 30 0 0
0.4820 0.0098 0.3378 0 30 0 0
0.4820 0.0098 0.3378 0 30 0 0
0.4640 0.0090 0.3358 0 30 0 0
0.4640 0.0090 0.3358 0 30 0 0
0.4640 0.0090 0.3358 0 30 0 0
0.4540 0.0080 0.3378 0 30 0 0
0.4540 0.0080 0.3378 0 0 0 0
0.4580 0.0060 0.3418 0 30 0 0
0.4540 0.0060 0.3418 0 30 0 0
0.4520 0.0062 0.3407 0 30 0 0
0.4520 0.0063 0.3408 0 30 0 0
0.4720 0.0063 0.3408 0 30 0 0
0.4620 0.0052 -0.2072 0 30 0 0
0.4720 0.0054 -0.2054 0 30 0 0
0.4720 0.0054 -0.2054 0 30 0 0
0.4780 0.0062 -0.2067 0 30 0 0
0.4600 0.0066 -0.2083 0 30 0 0
0.4900 0.0066 -0.2069 0 30 0 0
0.4700 0.0064 -0.2090 0 30 0 0
0.4700 0.0064 -0.2090 0 30 0 0
0.4700 0.0064 -0.2090 0 30 0 0
0.4700 0.0064 -0.2090 0 30 0 0
0.4640 0.0062 -0.2096 0 0 0 0
0.4540 0.0059 -0.2214 0 0 0 30
0.4540 0.0075 -0.2146 0 0 0 30
0.4420 0.0075 -0.2146 0 0 0 30
0.4540 0.0076 -0.2142 0 0 0 30
0.4560 0.0067 -0.2157 0 0 0 30
0.4560 0.0069 -0.2069 0 0 0 30
0.4660 0.0069 -0.2069 0 0 0 30
0.4720 0.0074 -0.2057 0 0 0 30
0.4720 0.0074 -0.2057 0 0 0 30
0.4720 0.0080 -0.2064 0 0 0 30
0.4600 0.0080 -0.2064 0 0 0 30
0.4600 0.0080 -0.2064 0 0 0 30
0.4600 0.0080 -0.2064 0 0 0 30
0.4600 0.0080 -0.2064 0 0 0 30
0.4520 0.0084 -0.2056 0 0 0 30
0.4520 0.0084 -0.2056 0 0 0 0
0.4520 0.0087 -0.2026 0 0 0 30
0.4480 0.0087 -0.2026 0 0 0 30
0.4360 0.0093 -0.2051 0 0 0 30
0.4480 0.0099 0.2799 0 0 0 30
0.4540 0.0100 0.2801 0 0 0 30
0.4180 0.0096 0.2832 0 0 0 30
0.4180 0.0096 0.2832 0 0 0 30
0.4180 0.0096 0.2832 0 0 0 30
0.4180 0.0096 0.2832 0 0 0 30
0.4180 0.0096 0.2832 0 0 0 30
0.4180 0.0096 0.2832 0 0 0 30
0.4180 0.0096 0.2832 0 0 0 30
0.4560 0.0087 0.2818 0 0 0 30
0.4640 0.0085 0.2794 0 0 0 30
0.4640 0.0085 0.2794 0 0 0 30
0.4640 0.0085 0.2794 0 0 0 30
0.4640 0.0085 0.2794 0 0 0 30
0.4640 0.0085 0.2794 0 0 0 0
0.4500 0.0082 0.2810 0 0 0 30
0.4700 0.0083 0.2859 0 0 0 30
0.4820 0.0077 0.2841 0 0 0 30
0.4700 0.0068 0.2885 0 0 0 30
0.4700 0.0068 0.2885 0 0 0 30
0.4700 0.0068 0.2885 0 0 0 30
0.4680 0.0060 0.2963 0 0 0 30
0.4680 0.0060 0.2963 0 0 0 30
0.4680 0.0060 0.2963 0 0 0 30
0.4680 0.0060 0.2963 0 0 0 30
0.4640 0.0056 0.2953 0 0 0 30
0.4640 0.0056 0.2953 0 0 0 30
0.4640 0.0056 0.2953 0 0 0 30
0.4640 0.0056 0.2953 0 0 0 30
0.4820 0.0052 0.2951 0 0 0 30
0.4820 0.0052 0.2951 0 0 0 30
0.4820 0.0052 0.2951 0 0 0 30
0.4820 0.0052 0.2951 0 0 0 30
0.4820 0.0052 0.2951 0 0 0 30
0.4900 0.0051 0.2972 0 0 0 30
0.4900 0.0051 0.2972 0 0 0 30
0.4900 0.0051 0.2972 0 0 0 30
0.4820 0.0056 -0.2078 0 0 0 30
0.4820 0.0056 -0.2078 0 0 0 30
0.4820 0.0056 -0.2078 0 0 0 30
0.4820 0.0056 -0.2078 0 0 0 30
0.4720 0.0061 -0.2031 0 0 0 30
0.4720 0.0061 -0.2031 0 0 0 30
0.4720 0.0061 -0.2031 0 0 0 30
0.4720 0.0061 -0.2031 0 0 0 30
0.4720 0.0061 -0.2031 0 0 0 30
0.4720 0.0061 -0.2031 0 0 0 30
0.4680 0.0072 -0.1968 0 0 0 30
0.4680 0.0072 -0.1968 0 0 0 30
0.4680 0.0072 -0.1968 0 0 0 30
0.4560 0.0076 -0.1941 0 0 0 30
0.4560 0.0076 -0.1941 0 0 0 30
0.4560 0.0076 -0.1941 0 0 0 30
0.4560 0.0076 -0.1941 0 0 0 30
0.4640 0.0079 -0.1938 0 0 0 30
0.4640 0.0079 -0.1938 0 0 0 30
0.4640 0.0079 -0.1938 0 0 0 30
0.4640 0.0079 -0.1938 0 0 0 30
0.4640 0.0079 -0.1938 0 0 0 30
0.4640 0.0079 -0.1938 0 0 0 30
0.4720 0.0077 -0.1938 0 0 0 30
0.4720 0.0077 -0.1938 0 0 0 30
0.4720 0.0067 -0.1907 0 0 0 30
0.4640 0.0067 -0.1907 0 0 0 30
0.4640 0.0067 -0.1907 0 0 0 30
0.4640 0.0067 -0.1907 0 0 0 30
0.4660 0.0055 -0.1919 0 0 0 30
0.4660 0.0055 -0.1919 0 0 0 30
0.4660 0.0055 -0.1919 0 0 0 30
0.4660 0.0055 -0.1919 0 0 0 30
0.4660 0.0055 -0.1919 0 0 0 30
0.4660 0.0055 -0.1919 0 0 0 30
0.4920 0.0038 -0.1890 0 0 0 30
0.4920 0.0038 -0.1890 0 0 0 30
0.4920 0.0038 -0.1890 0 0 0 30
0.4920 0.0030 -0.1871 0 0 0 30
0.4920 0.0030 -0.1871 0 0 0 30
0.4920 0.0030 -0.1871 0 0 0 30
0.4920 0.0030 -0.1871 0 0 0 30
0.4880 0.0029 -0.1833 0 0 0 30
0.4880 0.0029 -0.1833 0 0 0 30
0.4880 0.0029 -0.1833 0 0 0 30
0.4880 0.0029 -0.1833 0 0 0 30
0.4880 0.0029 -0.1833 0 0 0 30
0.4880 0.0029 -0.1833 0 0 0 30
0.5040 0.0034 -0.1814 0 0 0 30
0.5040 0.0034 -0.1814 0 0 0 30
0.5040 0.0034 -0.1814 0 0 0 30
0.5040 0.0041 -0.1774 0 0 0 30
0.5180 0.0041 -0.1774 0 0 0 30
0.5180 0.0041 -0.1774 0 0 0 30
0.5180 0.0041 -0.1774 0 0 0 30
0.5180 0.0041 -0.1774 0 0 0 30
0.5160 0.0046 -0.1756 0 0 0 30
0.5160 0.0046 -0.1756 0 0 0 30
0.5160 0.0046 -0.1756 0 0 0 30
0.5160 0.0046 -0.1756 0 0 0 30
0.5160 0.0046 -0.1756 0 0 0 30
0.4880 0.0052 -0.1694 0 0 0 30
0.4880 0.0052 -0.1694 0 0 0 30
0.4780 0.0056 -0.1656 0 0 0 30
0.4780 0.0056 -0.1656 0 0 0 30
0.4780 0.0056 -0.1656 0 0 0 30
0.4780 0.0056 -0.1656 0 0 0 30
0.4780 0.0056 -0.1656 0 0 0 30
0.4780 0.0056 -0.1656 0 0 0 30
0.4780 0.0056 -0.1656 0 0 0 30
0.4780 0.0056 -0.1656 0 0 0 30
0.4780 0.0056 -0.1656 0 0 0 30
0.4780 0.0056 -0.1656 0 0 0 30
0.5000 0.0061 -0.1631 0 0 0 30
0.4980 0.0066 -0.1601 0 0 0 30
0.4980 0.0066 -0.1601 0 0 0 30
0.4840 0.0066 -0.1578 0 0 0 30
0.4840 0.0066 -0.1578 0 0 0 30
0.4840 0.0066 -0.1578 0 0 0 30
0.4900 0.0063 -0.1565 0 0 0 30
0.4900 0.0063 -0.1565 0 0 0 30
0.4900 0.0063 -0.1565 0 0 0 30
0.4900 0.0063 -0.1565 0 0 0 30
0.4900 0.0063 -0.1565 0 0 0 30
0.4900 0.0063 -0.1565 0 0 0 30
0.5040 0.0063 -0.1520 0 0 0 30
0.5040 0.0063 -0.1520 0 0 0 30
0.5040 0.0063 -0.1520 0 0 0 30
0.5000 0.0066 -0.1496 0 0 0 30
0.5000 0.0066 -0.1496 0 0 0 30
0.5000 0.0066 -0.1496 0 0 0 30
0.5000 0.0066 -0.1496 0 0 0 30
0.5080 0.0075 -0.1465 0 0 0 30
0.5080 0.0075 -0.1465 0 0 0 30
0.5080 0.0075 -0.1465 0 0 0 30
0.5080 0.0075 -0.1465 0 0 0 30
0.5080 0.0075 -0.1465 0 0 0 30
0.5080 0.0075 -0.1465 0 0 0 30
0.5180 0.0084 -0.1450 0 0 0 30
0.5180 0.0084 -0.1450 0 0 0 30
0.5180 0.0084 -0.1450 0 0 0 30
0.5000 0.0089 -0.1435 0 0 0 30
0.5000 0.0089 -0.1435 0 0 0 30
0.5000 0.0089 -0.1435 0 0 0 30
0.5000 0.0089 -0.1435 0 0 0 30
0.5160 0.0090 -0.1404 0 0 0 30
0.5160 0.0090 -0.1404 0 0 0 30
0.5160 0.0090 -0.1404 0 0 0 30
0.5160 0.0090 -0.1404 0 0 0 30
0.5160 0.0090 -0.1404 0 0 0 30
0.5260 0.0084 -0.1392 0 0 0 30
0.5260 0.0084 -0.1392 0 0 0 30
0.5260 0.0084 -0.1392 0 0 0 30
0.5260 0.0076 -0.1358 0 0 0 30
0.5260 0.0076 -0.1358 0 0 0 30
0.5260 0.0076 -0.1358 0 0 0 30
0.5260 0.0076 -0.1358 0 0 0 30
0.5280 0.0068 -0.1329 0 0 0 30
0.5280 0.0068 -0.1329 0 0 0 30
0.5280 0.0068 -0.1329 0 0 0 30
0.5280 0.0068 -0.1329 0 0 0 30
0.5280 0.0068 -0.1329 0 0 0 30
0.5280 0.0068 -0.1329 0 0 0 30
0.5440 0.0063 -0.1304 0 0 0 30
0.5440 0.0063 -0.1304 0 0 0 30
0.5440 0.0063 -0.1304 0 0 0 30
0.5300 0.0064 -0.1277 0 0 0 30
0.5300 0.0064 -0.1277 0 0 0 0
0.5380 0.0088 -0.1178 0 0 0 30
0.5300 0.0095 -0.1161 0 0 0 30
0.5340 0.0101 -0.1136 0 0 0 30
0.5300 0.0103 -0.1103 0 0 0 30
0.5300 0.0103 -0.1103 0 0 0 30
0.5300 0.0103 -0.1103 0 0 0 30
0.5300 0.0104 -0.1073 0 0 0 30
0.5560 0.0104 -0.1073 0 0 0 30
0.5560 0.0104 -0.1073 0 0 0 30
0.5560 0.0104 -0.1073 0 0 0 30
0.5560 0.0104 -0.1073 0 0 0 30
0.5520 0.0103 -0.1060 0 0 0 30
0.5520 0.0103 -0.1060 0 0 0 30
0.5520 0.0103 -0.1060 0 0 0 0
0.5460 0.0100 -0.1014 0 0 0 30
0.5500 0.0105 -0.1029 0 0 0 30
0.5360 0.0108 -0.0990 0 0 0 30
0.5360 0.0108 -0.0990 0 0 0 30
0.5440 0.0104 -0.0997 0 0 0 30
0.5440 0.0104 -0.0997 0 0 0 30
0.5440 0.0104 -0.0997 0 0 0 30
0.5440 0.0104 -0.0997 0 0 0 30
0.5440 0.0104 -0.0997 0 0 0 30
0.5600 0.0099 -0.0977 0 0 0 0
0.5400 0.0097 -0.0909 0 0 0 30
0.5300 0.0101 -0.0902 0 0 0 30
0.5380 0.0108 -0.0887 0 0 0 30
0.5560 0.0104 -0.0889 0 0 0 30
0.5600 0.0104 -0.0889 0 0 0 30
0.5580 0.0099 -0.0889 0 0 0 30
0.5600 0.0094 -0.0872 0 0 0 30
0.5600 0.0094 -0.0872 0 0 0 30
0.5600 0.0094 -0.0872 0 0 0 30
0.5440 0.0092 -0.0852 0 0 0 30
0.5440 0.0092 -0.0852 0 0 0 30
0.5440 0.0092 -0.0852 0 0 0 0
0.5680 0.0088 -0.0846 0 0 0 30
0.5640 0.0091 -0.0841 0 0 0 30
0.5520 0.0099 -0.0806 0 0 0 30
0.5420 0.0107 -0.0781 0 0 0 30
0.5540 0.0117 -0.0746 0 0 0 30
0.5540 0.0117 -0.0746 0 0 0 30
0.5520 0.0120 -0.0731 0 0 0 30
0.5520 0.0120 -0.0731 0 0 0 30
0.5520 0.0120 -0.0731 0 0 0 30
0.5520 0.0120 -0.0731 0 0 0 30
0.5340 0.0117 -0.0720 0 0 0 0
0.5720 0.0091 -0.0630 0 0 0 30
0.5520 0.0086 -0.0625 0 0 0 30
0.5560 0.0077 -0.0612 0 0 0 30
0.5600 0.0070 -0.0607 0 0 0 30
0.5500 0.0070 -0.0603 0 0 0 30
0.5600 0.0074 -0.0595 0 0 0 30
0.5600 0.0074 -0.0595 0 0 0 30
0.5600 0.0074 -0.0595 0 0 0 30
0.5600 0.0084 -0.0595 0 0 0 30
0.5340 0.0084 -0.0595 0 0 0 30
0.5340 0.0084 -0.0595 0 0 0 0
0.5800 0.0136 -0.0435 0 0 0 30
0.5760 0.0150 -0.0443 0 0 0 30
0.5760 0.0150 -0.0443 0 0 0 30
0.5760 0.0148 -0.0434 0 0 0 30
0.5760 0.0148 -0.0434 0 0 0 30
0.5740 0.0143 -0.0448 0 0 0 30
0.5740 0.0143 -0.0448 0 0 0 30
0.5860 0.0155 -0.0449 0 0 0 30
0.5860 0.0157 -0.0490 0 0 0 30
0.5760 0.0157 -0.0490 0 0 0 30
0.5700 0.0154 -0.0495 0 0 0 30
0.5700 0.0153 -0.0503 0 0 0 0
0.5780 0.0152 -0.0482 0 0 0 30
0.5760 0.0140 -0.0435 0 0 0 30
0.5840 0.0129 -0.0421 0 0 0 30
0.5980 0.0115 -0.0415 0 0 0 30
0.5980 0.0115 -0.0415 0 0 0 30
0.5980 0.0115 -0.0415 0 0 0 30
0.5920 0.0111 -0.0415 0 0 0 30
0.5920 0.0111 -0.0415 0 0 0 30
0.5920 0.0111 -0.0415 0 0 0 30
0.5920 0.0110 -0.0408 0 0 0 30
0.5920 0.0110 -0.0408 0 0 0 30
0.5920 0.0110 -0.0408 0 0 0 30
0.5920 0.0110 -0.0408 0 0 0 0
0.5760 0.0107 -0.0404 0 0 0 30
0.5880 0.0108 -0.0384 0 0 0 30
0.5880 0.0109 -0.0387 0 0 0 30
0.5900 0.0106 -0.0353 0 0 0 30
0.6000 0.0085 -0.0330 0 0 0 30
0.5820 0.0083 -0.0333 0 0 0 30
0.5860 0.0083 -0.0333 0 0 0 30
0.5860 0.0083 -0.0333 0 0 0 30
0.5860 0.0083 -0.0333 0 0 0 30
0.5860 0.0083 -0.0333 0 0 0 30
0.5860 0.0083 -0.0333 0 0 0 30
0.5860 0.0083 -0.0333 0 0 0 0
0.5840 0.0050 -0.0234 -30 0 0 0
0.6160 0.0055 -0.0207 -30 0 0 0
0.6160 0.0063 -0.0192 -30 0 0 0
0.6120 0.0071 -0.0183 -30 0 0 0
0.6000 0.0080 -0.0180 -30 0 0 0
0.5960 0.0095 -0.0165 -30 0 0 0
0.6020 0.0096 -0.0171 -30 0 0 0
0.6020 0.0096 -0.0171 -30 0 0 0
0.6020 0.0096 -0.0171 -30 0 0 0
0.6020 0.0096 -0.0171 -30 0 0 0
0.6020 0.0096 -0.0171 -30 0 0 0
0.6100 0.0094 -0.0168 -30 0 0 0
0.6100 0.0094 -0.0168 -30 0 0 0
0.6100 0.0094 -0.0168 -30 0 0 0
0.6100 0.0094 -0.0168 -30 0 0 0
0.6100 0.0094 -0.0168 -30 0 0 0
0.6100 0.0094 -0.0168 -30 0 0 0
0.6100 0.0094 -0.0168 -30 0 0 0
0.6100 0.0094 -0.0168 -30 0 0 0
0.6100 0.0094 -0.0168 -30 0 0 0
0.6100 0.0094 -0.0168 -30 0 0 0
0.6100 0.0094 -0.0168 -30 0 0 0
0.6100 0.0094 -0.0168 -30 0 0 0
0.6120 0.0089 -0.0167 -30 0 0 0
0.6020 0.0085 -0.0166 -30 0 0 0
0.6020 0.0085 -0.0166 -30 0 0 0
0.6140 0.0082 -0.0153 -30 0 0 0
0.6200 0.0086 -0.0158 -30 0 0 0
0.6200 0.0086 -0.0158 -30 0 0 0
0.6200 0.0086 -0.0158 -30 0 0 0
0.6180 0.0092 -0.0164 -30 0 0 0
0.6180 0.0092 -0.0164 -30 0 0 0
0.6180 0.0092 -0.0164 -30 0 0 0
0.6180 0.0092 -0.0164 -30 0 0 0
0.6180 0.0092 -0.0164 -30 0 0 0
0.6180 0.0102 -0.0158 -30 0 0 0
0.6060 0.0102 -0.0158 -30 0 0 0
0.6060 0.0102 -0.0158 -30 0 0 0
0.6060 0.0102 -0.0158 -30 0 0 0
0.6060 0.0108 -0.0165 -30 0 0 0
0.6060 0.0108 -0.0165 -30 0 0 0
0.6060 0.0108 -0.0165 -30 0 0 0
0.6060 0.0108 -0.0165 -30 0 0 0
0.6080 0.0110 -0.0193 -30 0 0 0
0.6080 0.0110 -0.0193 -30 0 0 0
0.6080 0.0110 -0.0193 -30 0 0 0
0.6080 0.0110 -0.0193 -30 0 0 0
0.6080 0.0110 -0.0193 -30 0 0 0
0.6140 0.0108 -0.0204 -30 0 0 0
0.6140 0.0108 -0.0204 -30 0 0 0
0.6100 0.0105 -0.0210 -30 0 0 0
0.6100 0.0105 -0.0210 -30 0 0 0
0.6100 0.0105 -0.0210 -30 0 0 0
0.6100 0.0105 -0.0210 -30 0 0 0
0.6060 0.0104 -0.0226 -30 0 0 0
0.6060 0.0104 -0.0226 -30 0 0 0
0.6060 0.0104 -0.0226 -30 0 0 0
0.6060 0.0104 -0.0226 -30 0 0 0
0.6060 0.0104 -0.0226 -30 0 0 0
0.6060 0.0104 -0.0226 -30 0 0 0
0.5920 0.0102 -0.0254 -30 0 0 0
0.5920 0.0102 -0.0254 -30 0 0 0
0.5980 0.0102 -0.0254 -30 0 0 0
0.5980 0.0102 -0.0254 -30 0 0 0
0.5980 0.0102 -0.0254 -30 0 0 0
0.5980 0.0102 -0.0254 -30 0 0 0
0.5980 0.0102 -0.0254 -30 0 0 0
0.5980 0.0104 -0.0254 -30 0 0 0
0.6100 0.0104 -0.0254 -30 0 0 0
0.6100 0.0104 -0.0254 -30 0 0 0
0.6100 0.0104 -0.0254 -30 0 0 0
0.6100 0.0104 -0.0254 -30 0 0 0
0.5920 0.0108 -0.0247 -30 0 0 0
0.5920 0.0108 -0.0247 -30 0 0 0
0.6120 0.0110 -0.0254 -30 0 0 0
0.6120 0.0110 -0.0254 -30 0 0 0
0.6120 0.0110 -0.0254 -30 0 0 0
0.6120 0.0110 -0.0254 -30 0 0 0
0.6120 0.0110 -0.0254 -30 0 0 0
0.5960 0.0109 -0.0265 -30 0 0 0
0.5960 0.0109 -0.0265 -30 0 0 0
0.5960 0.0109 -0.0265 -30 0 0 0
0.5960 0.0109 -0.0265 -30 0 0 0
0.5960 0.0105 -0.0264 -30 0 0 0
0.5960 0.0105 -0.0264 0 0 0 0
0.6040 0.0124 -0.0275 0 30 0 0
0.6040 0.0130 -0.0280 0 30 0 0
0.5980 0.0134 -0.0281 0 30 0 0
0.6120 0.0126 -0.0335 0 30 0 0
0.5960 0.0117 -0.0370 0 30 0 0
0.6220 0.0108 -0.0340 0 30 0 0
0.6160 0.0109 -0.0338 0 30 0 0
0.6160 0.0109 -0.0338 0 30 0 0
0.6160 0.0109 -0.0338 0 30 0 0
0.6140 0.0114 -0.0335 0 30 0 0
0.6140 0.0114 -0.0335 0 30 0 0
0.6140 0.0114 -0.0335 0 30 0 0
0.6140 0.0114 -0.0335 0 30 0 0
0.6140 0.0114 -0.0335 0 30 0 0
0.6060 0.0121 -0.0325 0 30 0 0
0.6060 0.0121 -0.0325 0 30 0 0
0.6060 0.0121 -0.0325 0 30 0 0
0.6060 0.0121 -0.0325 0 30 0 0
0.6240 0.0125 -0.0311 0 30 0 0
0.6240 0.0125 -0.0311 0 30 0 0
0.6240 0.0125 -0.0311 0 30 0 0
0.6000 0.0125 -0.0310 0 30 0 0
0.6000 0.0125 -0.0310 0 30 0 0
0.6000 0.0125 -0.0310 0 30 0 0
0.6000 0.0125 -0.0310 0 30 0 0
0.6000 0.0125 -0.0310 0 30 0 0
0.6000 0.0126 -0.0312 0 30 0 0
0.5880 0.0126 -0.0312 0 30 0 0
0.5880 0.0126 -0.0312 0 30 0 0
0.5880 0.0126 -0.0312 0 30 0 0
0.5880 0.0126 -0.0312 0 30 0 0
0.6100 0.0129 -0.0309 0 30 0 0
0.6100 0.0129 -0.0309 0 30 0 0
0.6100 0.0134 -0.0326 0 30 0 0
0.6100 0.0134 -0.0326 0 30 0 0
0.6100 0.0134 -0.0326 0 30 0 0
0.6100 0.0134 -0.0326 0 30 0 0
0.6100 0.0134 -0.0326 0 30 0 0
0.6100 0.0134 -0.0326 0 30 0 0
0.6100 0.0134 -0.0326 0 30 0 0
0.6100 0.0134 -0.0326 0 30 0 0
0.6100 0.0134 -0.0326 0 30 0 0
0.6100 0.0134 -0.0326 0 30 0 0
0.6100 0.0134 -0.0326 0 30 0 0
0.6060 0.0147 -0.0323 0 30 0 0
0.6060 0.0147 -0.0323 0 30 0 0
0.6060 0.0147 -0.0323 0 30 0 0
0.6200 0.0154 -0.0319 0 30 0 0
0.5860 0.0154 -0.0316 0 30 0 0
0.5860 0.0154 -0.0316 0 30 0 0
0.6040 0.0153 -0.0314 0 30 0 0
0.6040 0.0153 -0.0314 0 30 0 0
0.6040 0.0153 -0.0314 0 30 0 0
0.6040 0.0153 -0.0314 0 30 0 0
0.6080 0.0153 -0.0308 0 30 0 0
0.6080 0.0153 -0.0308 0 30 0 0
0.6080 0.0153 -0.0308 0 30 0 0
0.6080 0.0153 -0.0308 0 30 0 0
0.6040 0.0155 -0.0315 0 30 0 0
0.6040 0.0155 -0.0315 0 30 0 0
0.6040 0.0155 -0.0315 0 30 0 0
0.6040 0.0155 -0.0315 0 30 0 0
0.6040 0.0155 -0.0315 0 30 0 0
0.5780 0.0155 -0.0299 0 30 0 0
0.5780 0.0155 -0.0299 0 30 0 0
0.5780 0.0155 -0.0299 0 30 0 0
0.5780 0.0155 -0.0299 0 30 0 0
0.5780 0.0155 -0.0299 0 30 0 0
0.5780 0.0155 -0.0299 0 30 0 0
0.5780 0.0155 -0.0299 0 30 0 0
0.5780 0.0155 -0.0299 0 30 0 0
0.5780 0.0155 -0.0299 0 30 0 0
0.5780 0.0155 -0.0299 0 30 0 0
0.5780 0.0154 -0.0293 0 30 0 0
0.5920 0.0154 -0.0293 0 30 0 0
0.5920 0.0154 -0.0297 0 30 0 0
0.5920 0.0154 -0.0297 0 30 0 0
0.5820 0.0151 -0.0288 0 30 0 0
0.5820 0.0151 -0.0288 0 30 0 0
0.5960 0.0152 -0.0274 0 30 0 0
0.5960 0.0152 -0.0274 0 30 0 0
0.5960 0.0152 -0.0274 0 30 0 0
0.6040 0.0155 -0.0265 0 30 0 0
0.6040 0.0155 -0.0265 0 30 0 0
0.6040 0.0155 -0.0265 0 30 0 0
0.6040 0.0155 -0.0265 0 30 0 0
0.5900 0.0162 -0.0249 0 30 0 0
0.5900 0.0162 -0.0249 0 30 0 0
0.5900 0.0162 -0.0249 0 30 0 0
0.5900 0.0162 -0.0249 0 30 0 0
0.5900 0.0162 -0.0249 0 30 0 0
0.6140 0.0164 -0.0244 0 30 0 0
0.6140 0.0164 -0.0244 0 30 0 0
0.6140 0.0164 -0.0244 0 30 0 0
0.5960 0.0162 -0.0232 0 30 0 0
0.5960 0.0162 -0.0232 0 30 0 0
0.5960 0.0162 -0.0232 0 30 0 0
0.5960 0.0162 -0.0232 0 30 0 0
0.5980 0.0157 -0.0221 0 30 0 0
0.5980 0.0157 -0.0221 0 30 0 0
0.5980 0.0157 -0.0221 0 30 0 0
0.5980 0.0157 -0.0221 0 30 0 0
0.5980 0.0157 -0.0221 0 30 0 0
0.6080 0.0150 -0.0205 0 30 0 0
0.6080 0.0150 -0.0205 0 30 0 0
0.5940 0.0146 -0.0202 0 30 0 0
0.5940 0.0146 -0.0202 0 30 0 0
0.5940 0.0146 -0.0202 0 30 0 0
0.5940 0.0146 -0.0202 0 30 0 0
0.5940 0.0146 -0.0202 0 30 0 0
0.6020 0.0145 -0.0206 0 30 0 0
0.6020 0.0145 -0.0206 0 30 0 0
0.6020 0.0145 -0.0206 0 30 0 0
0.6020 0.0145 -0.0206 0 30 0 0
0.6060 0.0150 -0.0217 0 30 0 0
0.6060 0.0150 -0.0217 0 30 0 0
0.6060 0.0156 -0.0213 0 30 0 0
0.6220 0.0156 -0.0213 0 30 0 0
0.6220 0.0156 -0.0213 0 30 0 0
0.6220 0.0156 -0.0213 0 30 0 0
0.6220 0.0156 -0.0213 0 30 0 0
0.6220 0.0156 -0.0213 0 30 0 0
0.6180 0.0155 -0.0200 0 0 0 0
0.5960 0.0104 -0.0109 0 0 0 30
0.6420 0.0092 -0.0112 0 0 0 30
0.5920 0.0086 -0.0117 0 0 0 30
0.5920 0.0100 0.5203 0 0 0 30
0.6260 0.0100 0.5203 0 0 0 30
0.6080 0.0100 0.5208 0 0 0 30
0.6100 0.0098 0.5201 0 0 0 30
0.6040 0.0100 0.5196 0 0 0 30
0.6040 0.0100 0.5196 0 0 0 30
0.6000 0.0100 0.5189 0 0 0 30
0.6000 0.0100 0.5189 0 0 0 30
0.6000 0.0099 0.5179 0 0 0 30
0.6000 0.0099 0.5179 0 0 0 0
0.5860 0.0069 0.5702 0 0 0 -30
0.5820 0.0069 0.5702 0 0 0 -30
0.5780 0.0050 0.5691 0 0 0 -30
0.5780 0.0049 0.5677 0 0 0 -30
0.5720 0.0076 0.5702 0 0 0 -30
0.5800 0.0091 0.5704 0 0 0 -30
0.5800 0.0102 0.5725 0 0 0 -30
0.5800 0.0102 0.5725 0 0 0 -30
0.5800 0.0109 0.5731 0 0 0 -30
0.5800 0.0109 0.5731 0 0 0 -30
0.5800 0.0109 0.5731 0 0 0 -30
0.5800 0.0109 0.5731 0 0 0 0
0.5840 0.0132 0.5679 0 0 0 -30
0.5860 0.0132 0.5679 0 0 0 -30
0.5760 0.0131 0.5669 0 0 0 -30
0.5900 0.0126 0.5613 0 0 0 -30
0.5740 0.0125 0.5633 0 0 0 -30
0.5740 0.0125 0.5633 0 0 0 0
0.5980 0.0099 0.5623 0 0 0 -30
0.6020 0.0092 0.5595 0 0 0 -30
0.6020 0.0092 0.5595 0 0 0 -30
0.6020 0.0092 0.5595 0 0 0 -30
0.6020 0.0092 0.5595 0 0 0 -30
0.6020 0.0092 0.5595 0 0 0 0
