0.4140 0.0048 -0.0168 0 0 0 -30
0.4160 0.0048 -0.0168 0 0 0 -30
0.4280 0.0050 -0.0164 0 0 0 -30
0.4220 0.0050 -0.0175 0 0 0 -30
0.4220 0.0050 -0.0175 0 0 0 -30
0.3940 0.0051 -0.0175 0 0 0 -30
0.4220 0.0053 -0.0203 0 0 0 -30
0.4000 0.0018 -0.0200 0 0 0 -30
0.4000 0.0018 -0.0200 0 0 0 0
0.4020 0.0057 -0.0188 0 0 0 -30
0.4080 0.0057 -0.0188 0 0 0 -30
0.4080 0.0067 -0.0213 0 0 0 -30
0.4000 0.0067 -0.0213 0 0 0 -30
0.3920 0.0066 -0.0214 0 0 0 -30
0.4240 0.0059 -0.0215 0 0 0 -30
0.4220 0.0051 -0.0197 0 0 0 -30
0.4220 0.0051 -0.0197 0 0 0 0
0.4340 0.0143 0.0007 0 -30 0 0
0.4320 0.0149 0.0006 0 -30 0 0
0.4320 0.0145 0.0010 0 -30 0 0
0.4220 0.0145 0.0010 0 -30 0 0
0.4340 0.0142 0.0013 0 -30 0 0
0.4280 0.0143 -0.0001 0 -30 0 0
0.4320 0.0149 -0.0001 0 -30 0 0
0.4320 0.0155 -0.0000 0 -30 0 0
0.4280 0.0162 0.0007 0 -30 0 0
0.4280 0.0162 0.0007 0 -30 0 0
0.4120 0.0166 0.0008 0 -30 0 0
0.4120 0.0168 0.0001 0 -30 0 0
0.4220 0.0168 0.0001 0 -30 0 0
0.4220 0.0168 0.0001 0 -30 0 0
0.4220 0.0168 0.0001 0 -30 0 0
0.4220 0.0168 0.0001 0 -30 0 0
0.4420 0.0166 0.0008 0 -30 0 0
0.4420 0.0166 0.0008 0 -30 0 0
0.4420 0.0166 0.0008 0 -30 0 0
0.4420 0.0166 0.0008 0 -30 0 0
0.4420 0.0166 0.0008 0 -30 0 0
0.4420 0.0166 0.0008 0 -30 0 0
0.4400 0.0162 0.0012 0 -30 0 0
0.4400 0.0162 0.0012 0 0 0 0
0.4560 0.0142 0.0046 0 -30 0 0
0.4400 0.0142 0.0049 0 -30 0 0
0.4420 0.0144 0.0051 0 -30 0 0
0.4420 0.0144 0.0051 0 -30 0 0
0.4420 0.0153 0.0051 0 -30 0 0
0.4500 0.0151 0.0052 0 -30 0 0
0.4740 0.0145 0.0068 0 -30 0 0
0.4740 0.0145 0.0068 0 -30 0 0
0.4460 0.0143 0.0066 0 -30 0 0
0.4320 0.0141 0.0068 0 -30 0 0
0.4320 0.0141 0.0068 0 -30 0 0
0.4320 0.0141 0.0068 0 -30 0 0
0.4380 0.0139 0.0065 0 0 0 0
0.4300 0.0138 0.0074 0 -30 0 0
0.4380 0.0137 0.0067 0 -30 0 0
0.4380 0.0137 0.0067 0 -30 0 0
0.4440 0.0136 0.0059 0 -30 0 0
0.4160 0.0136 0.0052 0 -30 0 0
0.4160 0.0138 0.0049 0 -30 0 0
0.4120 0.0138 0.0049 0 -30 0 0
0.4120 0.0138 0.0049 0 -30 0 0
0.4200 0.0139 0.0041 0 -30 0 0
0.4200 0.0139 0.0041 0 -30 0 0
0.4200 0.0139 0.0041 0 -30 0 0
0.4200 0.0139 0.0041 0 -30 0 0
0.4200 0.0139 0.0041 0 -30 0 0
0.4200 0.0145 0.0040 0 -30 0 0
0.4280 0.0145 0.0040 0 -30 0 0
0.4280 0.0145 0.0040 0 0 0 0
0.4300 0.0146 0.0057 0 -30 0 0
0.4300 0.0147 0.0057 0 -30 0 0
0.4200 0.0146 0.0030 0 -30 0 0
0.4340 0.0133 0.0017 0 -30 0 0
0.4260 0.0115 0.0002 0 -30 0 0
0.4380 0.0112 0.0001 0 -30 0 0
0.4300 0.0109 0.0003 0 -30 0 0
0.4420 0.0109 0.0015 0 -30 0 0
0.4420 0.0109 0.0015 0 -30 0 0
0.4420 0.0109 0.0015 0 -30 0 0
0.4360 0.0112 0.0015 0 -30 0 0
0.4360 0.0112 0.0015 0 -30 0 0
0.4360 0.0112 0.0015 0 -30 0 0
0.4360 0.0112 0.0015 0 -30 0 0
0.4360 0.0112 0.0015 0 -30 0 0
0.4280 0.0115 0.0006 0 0 0 0
0.4440 0.0132 0.0010 0 -30 0 0
0.4460 0.0139 0.0007 0 -30 0 0
0.4420 0.0146 0.0001 0 -30 0 0
0.4420 0.0146 0.0001 0 -30 0 0
0.4220 0.0154 0.0001 0 -30 0 0
0.4220 0.0154 0.0001 0 -30 0 0
0.4220 0.0154 0.0001 0 -30 0 0
0.4220 0.0154 0.0001 0 -30 0 0
0.4220 0.0154 0.0001 0 -30 0 0
0.4220 0.0154 0.0001 0 -30 0 0
0.4220 0.0154 0.0001 0 -30 0 0
0.4220 0.0154 0.0001 0 -30 0 0
0.4220 0.0154 0.0001 0 -30 0 0
0.4220 0.0154 0.0001 0 0 0 0
0.4240 0.0103 0.0013 0 -30 0 0
0.4460 0.0082 0.0001 0 -30 0 0
0.4680 0.0084 0.0003 0 -30 0 0
0.4680 0.0084 0.0003 0 -30 0 0
0.4280 0.0088 -0.0009 0 -30 0 0
0.4520 0.0084 -0.0005 0 -30 0 0
0.4520 0.0078 -0.0002 0 -30 0 0
0.4400 0.0078 -0.0002 0 -30 0 0
0.4380 0.0071 0.0001 0 -30 0 0
0.4380 0.0071 0.0001 0 -30 0 0
0.4380 0.0071 0.0001 0 -30 0 0
0.4380 0.0064 0.0011 0 -30 0 0
0.4380 0.0064 0.0011 0 -30 0 0
0.4320 0.0065 0.0009 0 -30 0 0
0.4320 0.0065 0.0009 0 -30 0 0
0.4320 0.0065 0.0009 0 -30 0 0
0.4320 0.0065 0.0009 0 0 0 0
0.4300 0.0084 0.0010 0 -30 0 0
0.4360 0.0093 0.0014 0 -30 0 0
0.4360 0.0093 0.0014 0 -30 0 0
0.4460 0.0103 0.0024 0 -30 0 0
0.4320 0.0111 0.0030 0 -30 0 0
0.4240 0.0115 0.0027 0 -30 0 0
0.4240 0.0119 0.0031 0 -30 0 0
0.4420 0.0119 0.0031 0 -30 0 0
0.4420 0.0119 0.0031 0 -30 0 0
0.4420 0.0119 0.0031 0 -30 0 0
0.4300 0.0124 0.0048 0 -30 0 0
0.4300 0.0124 0.0048 0 -30 0 0
0.4300 0.0124 0.0048 0 -30 0 0
0.4300 0.0124 0.0048 0 -30 0 0
0.4300 0.0124 0.0048 0 -30 0 0
0.4300 0.0124 0.0048 0 -30 0 0
0.4300 0.0124 0.0048 0 -30 0 0
0.4420 0.0130 0.0050 0 -30 0 0
0.4420 0.0130 0.0050 0 0 0 0
0.4620 0.0134 0.0039 0 -30 0 0
0.4620 0.0122 0.0037 0 -30 0 0
0.4220 0.0122 0.0037 0 -30 0 0
0.4240 0.0107 0.0024 0 -30 0 0
0.4240 0.0095 0.0017 0 -30 0 0
0.4260 0.0095 0.0017 0 -30 0 0
0.4400 0.0087 0.0011 0 -30 0 0
0.4400 0.0087 0.0011 0 -30 0 0
0.4400 0.0087 0.0011 0 -30 0 0
0.4400 0.0087 0.0011 0 -30 0 0
0.4460 0.0084 -0.0007 0 -30 0 0
0.4460 0.0084 -0.0007 0 -30 0 0
0.4460 0.0084 -0.0007 0 -30 0 0
0.4420 0.0087 -0.0012 0 -30 0 0
0.4360 0.0097 -0.0017 0 -30 0 0
0.4360 0.0097 -0.0017 0 -30 0 0
0.4360 0.0097 -0.0017 0 -30 0 0
0.4360 0.0097 -0.0017 0 0 0 0
0.4380 0.0105 -0.0032 0 -30 0 0
0.4420 0.0100 -0.0033 0 -30 0 0
0.4280 0.0092 -0.0014 0 -30 0 0
0.4500 0.0087 -0.0015 0 -30 0 0
0.4500 0.0087 -0.0015 0 -30 0 0
0.4500 0.0093 -0.0019 0 -30 0 0
0.4500 0.0093 -0.0019 0 -30 0 0
0.4400 0.0101 -0.0023 0 -30 0 0
0.4400 0.0101 -0.0023 0 -30 0 0
0.4400 0.0101 -0.0023 0 -30 0 0
0.4480 0.0107 -0.0019 0 -30 0 0
0.4480 0.0107 -0.0019 0 -30 0 0
0.4480 0.0107 -0.0019 0 -30 0 0
0.4480 0.0107 -0.0019 0 -30 0 0
0.4480 0.0107 -0.0019 0 0 0 0
0.4400 0.0102 -0.0096 -30 0 0 0
0.4380 0.0102 -0.0096 -30 0 0 0
0.4400 0.0102 -0.0117 -30 0 0 0
0.4480 0.0107 -0.0143 -30 0 0 0
0.4480 0.0107 -0.0143 -30 0 0 0
0.4320 0.0112 -0.0138 -30 0 0 0
0.4320 0.0110 -0.0129 -30 0 0 0
0.4320 0.0110 -0.0129 -30 0 0 0
0.4400 0.0103 -0.0125 -30 0 0 0
0.4280 0.0096 -0.0119 -30 0 0 0
0.4320 0.0088 -0.0121 -30 0 0 0
0.4320 0.0088 -0.0121 -30 0 0 0
0.4320 0.0088 -0.0121 -30 0 0 0
0.4320 0.0088 -0.0121 -30 0 0 0
0.4400 0.0079 -0.0111 -30 0 0 0
0.4400 0.0079 -0.0111 -30 0 0 0
0.4400 0.0079 -0.0111 -30 0 0 0
0.4320 0.0077 -0.0102 -30 0 0 0
0.4320 0.0077 -0.0102 -30 0 0 0
0.4320 0.0077 -0.0102 -30 0 0 0
0.4320 0.0077 -0.0102 -30 0 0 0
0.4220 0.0081 -0.0098 -30 0 0 0
0.4220 0.0081 -0.0098 -30 0 0 0
0.4220 0.0081 -0.0098 -30 0 0 0
0.4220 0.0081 -0.0098 -30 0 0 0
0.4220 0.0081 -0.0098 -30 0 0 0
0.4400 0.0082 -0.0108 -30 0 0 0
0.4400 0.0082 -0.0108 -30 0 0 0
0.4400 0.0082 -0.0108 -30 0 0 0
0.4400 0.0082 -0.0108 -30 0 0 0
0.4320 0.0077 -0.0124 -30 0 0 0
0.4320 0.0077 -0.0124 -30 0 0 0
0.4320 0.0077 -0.0124 -30 0 0 0
0.4320 0.0077 -0.0124 -30 0 0 0
0.4240 0.0070 -0.0122 -30 0 0 0
0.4240 0.0070 -0.0122 -30 0 0 0
0.4240 0.0070 -0.0122 -30 0 0 0
0.4240 0.0070 -0.0122 -30 0 0 0
0.4240 0.0056 -0.0128 -30 0 0 0
0.4240 0.0056 -0.0128 -30 0 0 0
0.4240 0.0056 -0.0128 -30 0 0 0
0.4300 0.0051 -0.0123 -30 0 0 0
0.4300 0.0051 -0.0123 -30 0 0 0
0.4300 0.0051 -0.0123 -30 0 0 0
0.4300 0.0051 -0.0123 -30 0 0 0
0.4300 0.0051 -0.0123 -30 0 0 0
0.4340 0.0049 -0.0113 -30 0 0 0
0.4340 0.0049 -0.0113 -30 0 0 0
0.4340 0.0049 -0.0113 -30 0 0 0
0.4340 0.0049 -0.0113 -30 0 0 0
0.4340 0.0049 -0.0113 -30 0 0 0
0.4360 0.0050 -0.0102 -30 0 0 0
0.4360 0.0050 -0.0102 -30 0 0 0
0.4360 0.0050 -0.0102 -30 0 0 0
0.4320 0.0052 -0.0096 -30 0 0 0
0.4320 0.0052 -0.0096 -30 0 0 0
0.4320 0.0052 -0.0096 -30 0 0 0
0.4320 0.0052 -0.0096 -30 0 0 0
0.4300 0.0056 -0.0089 -30 0 0 0
0.4300 0.0056 -0.0089 -30 0 0 0
0.4300 0.0056 -0.0089 -30 0 0 0
0.4300 0.0056 -0.0089 -30 0 0 0
0.4300 0.0056 -0.0089 -30 0 0 0
0.4500 0.0060 -0.0089 -30 0 0 0
0.4500 0.0060 -0.0089 -30 0 0 0
0.4500 0.0060 -0.0089 -30 0 0 0
0.4420 0.0062 -0.0082 -30 0 0 0
0.4420 0.0062 -0.0082 -30 0 0 0
0.4420 0.0062 -0.0082 -30 0 0 0
0.4420 0.0062 -0.0082 -30 0 0 0
0.4420 0.0062 -0.0082 -30 0 0 0
0.4420 0.0062 -0.0082 -30 0 0 0
0.4300 0.0064 -0.0094 -30 0 0 0
0.4300 0.0064 -0.0094 -30 0 0 0
0.4300 0.0064 -0.0094 -30 0 0 0
0.4300 0.0064 -0.0094 -30 0 0 0
0.4400 0.0064 -0.0090 -30 0 0 0
0.4400 0.0064 -0.0090 -30 0 0 0
0.4400 0.0067 -0.0085 -30 0 0 0
0.4440 0.0067 -0.0085 -30 0 0 0
0.4440 0.0067 -0.0085 -30 0 0 0
0.4440 0.0067 -0.0085 -30 0 0 0
0.4440 0.0067 -0.0085 -30 0 0 0
0.4440 0.0067 -0.0085 -30 0 0 0
0.4440 0.0067 -0.0085 -30 0 0 0
0.4440 0.0067 -0.0085 -30 0 0 0
0.4440 0.0067 -0.0085 -30 0 0 0
0.4440 0.0067 -0.0085 -30 0 0 0
0.4340 0.0068 -0.0084 -30 0 0 0
0.4340 0.0066 -0.0079 -30 0 0 0
0.4340 0.0066 -0.0079 -30 0 0 0
0.4300 0.0065 -0.0068 -30 0 0 0
0.4300 0.0065 -0.0068 -30 0 0 0
0.4300 0.0065 -0.0068 -30 0 0 0
0.4300 0.0065 -0.0068 -30 0 0 0
0.4280 0.0062 -0.0063 -30 0 0 0
0.4280 0.0062 -0.0063 -30 0 0 0
0.4280 0.0062 -0.0063 -30 0 0 0
0.4280 0.0062 -0.0063 -30 0 0 0
0.4280 0.0062 -0.0063 -30 0 0 0
0.4400 0.0058 -0.0043 -30 0 0 0
0.4400 0.0058 -0.0043 -30 0 0 0
0.4360 0.0058 -0.0040 -30 0 0 0
0.4360 0.0058 -0.0040 -30 0 0 0
0.4360 0.0058 -0.0040 -30 0 0 0
0.4360 0.0058 -0.0040 -30 0 0 0
0.4360 0.0058 -0.0040 -30 0 0 0
0.4360 0.0058 -0.0040 -30 0 0 0
0.4360 0.0053 -0.0010 -30 0 0 0
0.4380 0.0053 -0.0010 -30 0 0 0
0.4380 0.0053 -0.0010 -30 0 0 0
0.4380 0.0053 -0.0010 -30 0 0 0
0.4460 0.0047 -0.0004 -30 0 0 0
0.4460 0.0047 -0.0004 -30 0 0 0
0.4460 0.0047 -0.0004 -30 0 0 0
0.4460 0.0045 -0.0017 -30 0 0 0
0.4400 0.0045 -0.0017 -30 0 0 0
0.4400 0.0045 -0.0017 -30 0 0 0
0.4400 0.0045 -0.0017 -30 0 0 0
0.4400 0.0045 -0.0017 -30 0 0 0
0.4400 0.0045 -0.0017 -30 0 0 0
0.4360 0.0044 -0.0013 -30 0 0 0
0.4360 0.0044 -0.0013 -30 0 0 0
0.4360 0.0044 -0.0013 -30 0 0 0
0.4360 0.0044 -0.0013 -30 0 0 0
0.4360 0.0044 -0.0013 -30 0 0 0
0.4420 0.0046 -0.0016 -30 0 0 0
0.4420 0.0046 -0.0016 -30 0 0 0
0.4540 0.0050 -0.0014 -30 0 0 0
0.4540 0.0050 -0.0014 0 0 0 0
0.4340 0.0070 -0.0023 -30 0 0 0
0.4340 0.0078 -0.0031 -30 0 0 0
0.4380 0.0078 -0.0031 -30 0 0 0
0.4240 0.0084 -0.0028 -30 0 0 0
0.4240 0.0084 -0.0028 -30 0 0 0
0.4100 0.0084 -0.0022 -30 0 0 0
0.4180 0.0083 -0.0022 -30 0 0 0
0.4180 0.0083 -0.0022 -30 0 0 0
0.4280 0.0086 -0.0020 -30 0 0 0
0.4280 0.0086 -0.0020 -30 0 0 0
0.4280 0.0086 -0.0020 -30 0 0 0
0.4280 0.0086 -0.0020 -30 0 0 0
0.4280 0.0086 -0.0020 -30 0 0 0
0.4280 0.0086 -0.0020 -30 0 0 0
0.4280 0.0086 -0.0020 -30 0 0 0
0.4280 0.0086 -0.0020 -30 0 0 0
0.4260 0.0092 -0.0011 -30 0 0 0
0.4260 0.0092 -0.0011 -30 0 0 0
0.4200 0.0095 -0.0009 -30 0 0 0
0.4200 0.0095 -0.0009 -30 0 0 0
0.4100 0.0090 -0.0015 -30 0 0 0
0.4100 0.0090 -0.0015 -30 0 0 0
0.4100 0.0080 -0.0014 -30 0 0 0
0.4120 0.0080 -0.0014 -30 0 0 0
0.4120 0.0080 -0.0014 -30 0 0 0
0.4240 0.0071 -0.0015 -30 0 0 0
0.4240 0.0071 -0.0015 -30 0 0 0
0.4240 0.0071 -0.0015 -30 0 0 0
0.4240 0.0071 -0.0015 -30 0 0 0
0.4240 0.0071 -0.0015 -30 0 0 0
0.4100 0.0061 -0.0030 -30 0 0 0
0.4100 0.0061 -0.0030 -30 0 0 0
0.4100 0.0061 -0.0030 -30 0 0 0
0.4100 0.0061 -0.0030 -30 0 0 0
0.4100 0.0061 -0.0030 -30 0 0 0
0.4220 0.0053 -0.0033 -30 0 0 0
0.4220 0.0053 -0.0033 -30 0 0 0
0.4300 0.0048 -0.0046 -30 0 0 0
0.4300 0.0048 -0.0046 -30 0 0 0
0.4300 0.0048 -0.0046 -30 0 0 0
0.4300 0.0048 -0.0046 -30 0 0 0
0.4300 0.0048 -0.0046 -30 0 0 0
0.4300 0.0048 -0.0046 -30 0 0 0
0.4300 0.0048 -0.0046 -30 0 0 0
0.4320 0.0046 -0.0048 -30 0 0 0
0.4320 0.0046 -0.0048 -30 0 0 0
0.4320 0.0046 -0.0048 -30 0 0 0
0.4320 0.0046 -0.0048 -30 0 0 0
0.4440 0.0047 -0.0046 -30 0 0 0
0.4440 0.0047 -0.0046 -30 0 0 0
0.4440 0.0047 -0.0046 -30 0 0 0
0.4460 0.0046 -0.0045 -30 0 0 0
0.4460 0.0046 -0.0045 -30 0 0 0
0.4460 0.0046 -0.0045 -30 0 0 0
0.4460 0.0046 -0.0045 -30 0 0 0
0.4460 0.0046 -0.0045 -30 0 0 0
0.4540 0.0038 -0.0033 -30 0 0 0
0.4540 0.0038 -0.0033 -30 0 0 0
0.4540 0.0038 -0.0033 -30 0 0 0
0.4540 0.0038 -0.0033 -30 0 0 0
0.4540 0.0038 -0.0033 -30 0 0 0
0.4380 0.0036 -0.0035 -30 0 0 0
0.4380 0.0036 -0.0035 -30 0 0 0
0.4280 0.0036 -0.0040 -30 0 0 0
0.4280 0.0036 -0.0040 -30 0 0 0
0.4280 0.0036 -0.0040 -30 0 0 0
0.4280 0.0036 -0.0040 -30 0 0 0
0.4280 0.0036 -0.0040 -30 0 0 0
0.4280 0.0036 -0.0040 -30 0 0 0
0.4200 0.0041 -0.0043 -30 0 0 0
0.4200 0.0041 -0.0043 -30 0 0 0
0.4200 0.0041 -0.0043 -30 0 0 0
0.4200 0.0041 -0.0043 -30 0 0 0
0.4200 0.0041 -0.0043 -30 0 0 0
0.4200 0.0041 -0.0043 -30 0 0 0
0.4200 0.0041 -0.0043 -30 0 0 0
0.4280 0.0044 -0.0038 -30 0 0 0
0.4280 0.0044 -0.0038 -30 0 0 0
0.4300 0.0043 -0.0039 -30 0 0 0
0.4300 0.0043 -0.0039 -30 0 0 0
0.4300 0.0043 -0.0039 -30 0 0 0
0.4300 0.0043 -0.0039 -30 0 0 0
0.4360 0.0042 -0.0047 -30 0 0 0
0.4360 0.0042 -0.0047 -30 0 0 0
0.4360 0.0042 -0.0047 -30 0 0 0
0.4360 0.0042 -0.0047 -30 0 0 0
0.4360 0.0042 -0.0047 -30 0 0 0
0.4360 0.0042 -0.0047 -30 0 0 0
0.4260 0.0041 -0.0034 -30 0 0 0
0.4260 0.0041 -0.0034 -30 0 0 0
0.4260 0.0041 -0.0034 -30 0 0 0
0.4260 0.0041 -0.0034 -30 0 0 0
0.4260 0.0041 -0.0034 -30 0 0 0
0.4260 0.0041 -0.0034 -30 0 0 0
0.4260 0.0041 -0.0034 -30 0 0 0
0.4260 0.0041 -0.0034 -30 0 0 0
0.4360 0.0043 -0.0034 -30 0 0 0
0.4360 0.0043 -0.0034 -30 0 0 0
0.4360 0.0043 -0.0034 -30 0 0 0
0.4360 0.0043 -0.0034 -30 0 0 0
0.4380 0.0045 -0.0038 -30 0 0 0
0.4380 0.0048 -0.0041 -30 0 0 0
0.4380 0.0048 -0.0041 -30 0 0 0
0.4260 0.0048 -0.0036 -30 0 0 0
0.4260 0.0048 -0.0036 -30 0 0 0
0.4260 0.0048 -0.0036 -30 0 0 0
0.4260 0.0048 -0.0036 -30 0 0 0
0.4200 0.0045 -0.0028 -30 0 0 0
0.4200 0.0045 -0.0028 -30 0 0 0
0.4200 0.0045 -0.0028 -30 0 0 0
0.4200 0.0045 -0.0028 -30 0 0 0
0.4340 0.0047 -0.0024 -30 0 0 0
0.4340 0.0047 -0.0024 -30 0 0 0
0.4340 0.0047 -0.0024 -30 0 0 0
0.4340 0.0047 -0.0024 -30 0 0 0
0.4240 0.0055 -0.0018 -30 0 0 0
0.4240 0.0055 -0.0018 -30 0 0 0
0.4240 0.0055 -0.0018 -30 0 0 0
0.4240 0.0055 -0.0018 -30 0 0 0
0.4400 0.0064 -0.0004 -30 0 0 0
0.4400 0.0064 -0.0004 -30 0 0 0
0.4400 0.0064 -0.0004 -30 0 0 0
0.4400 0.0064 -0.0004 -30 0 0 0
0.4400 0.0064 -0.0004 -30 0 0 0
0.4340 0.0067 -0.0001 -30 0 0 0
0.4340 0.0067 -0.0001 -30 0 0 0
0.4340 0.0067 -0.0001 -30 0 0 0
0.4340 0.0067 -0.0001 -30 0 0 0
0.4460 0.0066 0.0012 -30 0 0 0
0.4460 0.0066 0.0012 -30 0 0 0
0.4460 0.0066 0.0012 -30 0 0 0
0.4460 0.0066 0.0012 -30 0 0 0
0.4360 0.0067 0.0034 -30 0 0 0
0.4360 0.0067 0.0034 -30 0 0 0
0.4360 0.0067 0.0034 -30 0 0 0
0.4360 0.0067 0.0034 -30 0 0 0
0.4360 0.0067 0.0034 -30 0 0 0
0.4280 0.0069 0.0038 -30 0 0 0
0.4280 0.0069 0.0038 -30 0 0 0
0.4280 0.0069 0.0038 -30 0 0 0
0.4380 0.0071 0.0047 -30 0 0 0
0.4380 0.0071 0.0047 -30 0 0 0
0.4380 0.0071 0.0047 -30 0 0 0
0.4380 0.0071 0.0047 -30 0 0 0
0.4460 0.0070 0.0049 -30 0 0 0
0.4460 0.0070 0.0049 -30 0 0 0
0.4460 0.0070 0.0049 -30 0 0 0
0.4460 0.0070 0.0049 -30 0 0 0
0.4460 0.0070 0.0049 -30 0 0 0
0.4240 0.0067 0.0054 -30 0 0 0
0.4240 0.0067 0.0054 -30 0 0 0
0.4240 0.0067 0.0054 -30 0 0 0
0.4240 0.0067 0.0054 -30 0 0 0
0.4100 0.0061 0.0050 -30 0 0 0
0.4100 0.0061 0.0050 -30 0 0 0
0.4100 0.0061 0.0050 -30 0 0 0
0.4100 0.0061 0.0050 -30 0 0 0
0.4280 0.0056 0.0051 -30 0 0 0
0.4280 0.0056 0.0051 -30 0 0 0
0.4280 0.0056 0.0051 -30 0 0 0
0.4280 0.0056 0.0051 -30 0 0 0
0.4180 0.0046 0.0047 -30 0 0 0
0.4180 0.0046 0.0047 -30 0 0 0
0.4180 0.0046 0.0047 -30 0 0 0
0.4180 0.0046 0.0047 -30 0 0 0
0.4460 0.0038 0.0053 -30 0 0 0
0.4460 0.0038 0.0053 -30 0 0 0
0.4460 0.0038 0.0053 -30 0 0 0
0.4460 0.0038 0.0053 -30 0 0 0
0.4380 0.0036 0.0053 -30 0 0 0
0.4380 0.0036 0.0053 -30 0 0 0
0.4380 0.0036 0.0053 -30 0 0 0
0.4380 0.0036 0.0053 -30 0 0 0
0.4380 0.0036 0.0053 -30 0 0 0
0.4500 0.0038 0.0048 -30 0 0 0
0.4500 0.0038 0.0048 -30 0 0 0
0.4500 0.0038 0.0048 -30 0 0 0
0.4440 0.0040 0.0049 -30 0 0 0
0.4440 0.0040 0.0049 -30 0 0 0
0.4440 0.0040 0.0049 -30 0 0 0
0.4440 0.0040 0.0049 -30 0 0 0
0.4440 0.0040 0.0049 -30 0 0 0
0.4440 0.0040 0.0050 -30 0 0 0
0.4380 0.0040 0.0050 -30 0 0 0
0.4380 0.0040 0.0050 -30 0 0 0
0.4380 0.0040 0.0050 -30 0 0 0
0.4380 0.0039 0.0046 -30 0 0 0
0.4380 0.0039 0.0046 -30 0 0 0
0.4380 0.0039 0.0046 -30 0 0 0
0.4380 0.0039 0.0046 -30 0 0 0
0.4300 0.0040 0.0041 -30 0 0 0
0.4300 0.0040 0.0041 -30 0 0 0
0.4300 0.0040 0.0041 -30 0 0 0
0.4300 0.0040 0.0041 -30 0 0 0
0.4300 0.0040 0.0041 -30 0 0 0
0.4200 0.0044 0.0048 -30 0 0 0
0.4200 0.0044 0.0048 -30 0 0 0
0.4200 0.0044 0.0048 -30 0 0 0
0.4200 0.0044 0.0048 -30 0 0 0
0.4200 0.0044 0.0048 -30 0 0 0
0.4520 0.0049 0.0048 -30 0 0 0
0.4520 0.0049 0.0048 -30 0 0 0
0.4520 0.0049 0.0048 -30 0 0 0
0.4480 0.0052 0.0023 -30 0 0 0
0.4480 0.0052 0.0023 -30 0 0 0
0.4480 0.0052 0.0023 -30 0 0 0
0.4480 0.0052 0.0023 -30 0 0 0
0.4500 0.0050 0.0020 -30 0 0 0
0.4500 0.0050 0.0020 -30 0 0 0
0.4500 0.0050 0.0020 -30 0 0 0
0.4500 0.0050 0.0020 -30 0 0 0
0.4380 0.0047 -0.0031 -30 0 0 0
0.4380 0.0047 -0.0031 -30 0 0 0
0.4380 0.0047 -0.0031 -30 0 0 0
0.4380 0.0047 -0.0031 -30 0 0 0
0.4380 0.0047 -0.0031 -30 0 0 0
0.4420 0.0044 -0.0029 -30 0 0 0
0.4420 0.0044 -0.0029 -30 0 0 0
0.4420 0.0044 -0.0029 -30 0 0 0
0.4420 0.0044 -0.0029 -30 0 0 0
0.4500 0.0042 -0.0021 -30 0 0 0
0.4500 0.0042 -0.0021 -30 0 0 0
0.4500 0.0042 -0.0021 -30 0 0 0
0.4500 0.0042 -0.0021 -30 0 0 0
0.4340 0.0039 -0.0024 -30 0 0 0
0.4340 0.0039 -0.0024 -30 0 0 0
0.4340 0.0039 -0.0024 -30 0 0 0
0.4340 0.0039 -0.0024 -30 0 0 0
0.4540 0.0039 -0.0003 -30 0 0 0
0.4540 0.0039 -0.0003 -30 0 0 0
0.4540 0.0039 -0.0003 -30 0 0 0
0.4540 0.0039 -0.0003 -30 0 0 0
0.4540 0.0039 -0.0003 -30 0 0 0
0.4420 0.0046 -0.0003 -30 0 0 0
0.4420 0.0046 -0.0003 -30 0 0 0
0.4420 0.0046 -0.0003 -30 0 0 0
0.4420 0.0046 -0.0003 -30 0 0 0
0.4320 0.0058 -0.0002 -30 0 0 0
0.4320 0.0058 -0.0002 -30 0 0 0
0.4320 0.0058 -0.0002 -30 0 0 0
0.4320 0.0058 -0.0002 -30 0 0 0
0.4380 0.0072 0.0017 -30 0 0 0
0.4380 0.0072 0.0017 -30 0 0 0
0.4380 0.0072 0.0017 -30 0 0 0
0.4380 0.0072 0.0017 -30 0 0 0
0.4600 0.0078 0.0018 -30 0 0 0
0.4600 0.0078 0.0018 -30 0 0 0
0.4600 0.0078 0.0018 -30 0 0 0
0.4600 0.0078 0.0018 -30 0 0 0
0.4600 0.0078 0.0018 -30 0 0 0
0.4500 0.0079 0.0016 -30 0 0 0
0.4500 0.0079 0.0016 -30 0 0 0
0.4500 0.0079 0.0016 -30 0 0 0
0.4500 0.0079 0.0016 -30 0 0 0
0.4500 0.0079 0.0016 -30 0 0 0
0.4500 0.0079 0.0016 -30 0 0 0
0.4500 0.0079 0.0016 -30 0 0 0
0.4500 0.0079 0.0016 -30 0 0 0
0.4500 0.0079 0.0016 -30 0 0 0
0.4500 0.0079 0.0016 -30 0 0 0
0.4500 0.0079 0.0016 -30 0 0 0
0.4500 0.0073 0.0011 -30 0 0 0
0.4440 0.0073 0.0011 -30 0 0 0
0.4460 0.0062 0.0029 -30 0 0 0
0.4460 0.0052 0.0028 -30 0 0 0
0.4460 0.0052 0.0028 -30 0 0 0
0.4280 0.0045 0.0026 -30 0 0 0
0.4280 0.0045 0.0026 -30 0 0 0
0.4280 0.0045 0.0026 -30 0 0 0
0.4280 0.0045 0.0026 -30 0 0 0
0.4220 0.0041 0.0022 -30 0 0 0
0.4220 0.0041 0.0022 -30 0 0 0
0.4220 0.0041 0.0022 -30 0 0 0
0.4220 0.0041 0.0022 -30 0 0 0
0.4220 0.0041 0.0022 -30 0 0 0
0.4340 0.0041 0.0012 -30 0 0 0
0.4340 0.0041 0.0012 -30 0 0 0
0.4340 0.0041 0.0012 -30 0 0 0
0.4340 0.0041 0.0012 -30 0 0 0
0.4480 0.0043 0.0009 -30 0 0 0
0.4480 0.0043 0.0009 -30 0 0 0
0.4480 0.0043 0.0009 -30 0 0 0
0.4480 0.0043 0.0009 -30 0 0 0
0.4340 0.0044 0.0014 -30 0 0 0
0.4340 0.0044 0.0014 -30 0 0 0
0.4340 0.0044 0.0014 -30 0 0 0
0.4340 0.0044 0.0014 -30 0 0 0
0.4340 0.0044 0.0014 -30 0 0 0
0.4340 0.0044 0.0014 -30 0 0 0
0.4300 0.0045 0.0012 -30 0 0 0
0.4300 0.0045 0.0012 -30 0 0 0
0.4300 0.0046 0.0032 -30 0 0 0
0.4580 0.0046 0.0032 -30 0 0 0
0.4580 0.0046 0.0032 -30 0 0 0
0.4580 0.0046 0.0032 -30 0 0 0
0.4580 0.0046 0.0032 -30 0 0 0
0.4420 0.0049 0.0034 -30 0 0 0
0.4420 0.0049 0.0034 -30 0 0 0
0.4420 0.0049 0.0034 -30 0 0 0
0.4420 0.0049 0.0034 -30 0 0 0
0.4420 0.0049 0.0034 -30 0 0 0
0.4420 0.0049 0.0034 0 0 0 0
0.4420 0.0058 0.0070 0 -30 0 0
0.4500 0.0057 0.0069 0 -30 0 0
0.4300 0.0058 0.0082 0 -30 0 0
0.4400 0.0066 0.0077 0 -30 0 0
0.4400 0.0066 0.0077 0 -30 0 0
0.4400 0.0066 0.0077 0 -30 0 0
0.4400 0.0066 0.0077 0 -30 0 0
0.4520 0.0080 0.0091 0 -30 0 0
0.4520 0.0080 0.0091 0 -30 0 0
0.4520 0.0080 0.0091 0 -30 0 0
0.4380 0.0081 0.0103 0 -30 0 0
0.4560 0.0081 0.0103 0 -30 0 0
0.4560 0.0081 0.0103 0 -30 0 0
0.4560 0.0081 0.0103 0 -30 0 0
0.4580 0.0074 0.0109 0 -30 0 0
0.4580 0.0074 0.0109 0 -30 0 0
0.4580 0.0074 0.0109 0 -30 0 0
0.4580 0.0074 0.0109 0 -30 0 0
0.4580 0.0074 0.0109 0 -30 0 0
0.4580 0.0074 0.0109 0 -30 0 0
0.4680 0.0059 0.0119 0 -30 0 0
0.4680 0.0059 0.0119 0 -30 0 0
0.4680 0.0059 0.0119 0 -30 0 0
0.4700 0.0048 0.0108 0 -30 0 0
0.4700 0.0048 0.0108 0 -30 0 0
0.4700 0.0048 0.0108 0 -30 0 0
0.4700 0.0048 0.0108 0 -30 0 0
0.4680 0.0039 0.0105 0 -30 0 0
0.4680 0.0039 0.0105 0 -30 0 0
0.4680 0.0039 0.0105 0 -30 0 0
0.4680 0.0039 0.0105 0 -30 0 0
0.4680 0.0039 0.0105 0 -30 0 0
0.4680 0.0039 0.0105 0 -30 0 0
0.4680 0.0039 0.0105 0 -30 0 0
0.4680 0.0039 0.0105 0 -30 0 0
0.4680 0.0039 0.0105 0 -30 0 0
0.4680 0.0039 0.0105 0 -30 0 0
0.4780 0.0039 0.0095 0 -30 0 0
0.4780 0.0039 0.0095 0 -30 0 0
0.4640 0.0051 0.0102 0 -30 0 0
0.4620 0.0064 0.0107 0 -30 0 0
0.4620 0.0064 0.0107 0 -30 0 0
0.4620 0.0064 0.0107 0 -30 0 0
0.4620 0.0064 0.0107 0 -30 0 0
0.4460 0.0076 0.0102 0 -30 0 0
0.4460 0.0076 0.0102 0 -30 0 0
0.4460 0.0076 0.0102 0 -30 0 0
0.4460 0.0076 0.0102 0 -30 0 0
0.4460 0.0076 0.0102 0 -30 0 0
0.4460 0.0076 0.0102 0 -30 0 0
0.4260 0.0070 0.0095 0 -30 0 0
0.4460 0.0070 0.0095 0 -30 0 0
0.4460 0.0070 0.0095 0 -30 0 0
0.4460 0.0070 0.0095 0 -30 0 0
0.4460 0.0070 0.0095 0 -30 0 0
0.4460 0.0070 0.0095 0 -30 0 0
0.4440 0.0062 0.0095 0 -30 0 0
0.4440 0.0062 0.0095 0 -30 0 0
0.4440 0.0058 0.0086 0 -30 0 0
0.4420 0.0058 0.0086 0 -30 0 0
0.4420 0.0058 0.0086 0 -30 0 0
0.4420 0.0058 0.0086 0 -30 0 0
0.4420 0.0058 0.0086 0 -30 0 0
0.4800 0.0056 0.0083 0 -30 0 0
0.4800 0.0056 0.0083 0 -30 0 0
0.4800 0.0056 0.0083 0 -30 0 0
0.4800 0.0056 0.0083 0 -30 0 0
0.4800 0.0056 0.0083 0 -30 0 0
0.4580 0.0054 0.0087 0 -30 0 0
0.4580 0.0054 0.0087 0 -30 0 0
0.4580 0.0054 0.0087 0 -30 0 0
0.4480 0.0053 0.0087 0 -30 0 0
0.4480 0.0053 0.0087 0 -30 0 0
0.4480 0.0053 0.0087 0 -30 0 0
0.4480 0.0053 0.0081 0 -30 0 0
0.4460 0.0053 0.0081 0 -30 0 0
0.4460 0.0053 0.0081 0 -30 0 0
0.4460 0.0053 0.0081 0 -30 0 0
0.4460 0.0053 0.0081 0 -30 0 0
0.4460 0.0053 0.0081 0 -30 0 0
0.4460 0.0051 0.0079 0 -30 0 0
0.4440 0.0051 0.0079 0 -30 0 0
0.4440 0.0051 0.0079 0 -30 0 0
0.4440 0.0051 0.0079 0 -30 0 0
0.4480 0.0046 0.0100 0 -30 0 0
0.4480 0.0046 0.0100 0 -30 0 0
0.4480 0.0046 0.0100 0 -30 0 0
0.4480 0.0046 0.0100 0 -30 0 0
0.4480 0.0046 0.0100 0 -30 0 0
0.4540 0.0040 0.0100 0 -30 0 0
0.4540 0.0040 0.0100 0 -30 0 0
0.4540 0.0040 0.0100 0 -30 0 0
0.4540 0.0040 0.0100 0 -30 0 0
0.4540 0.0040 0.0100 0 0 0 0
0.4360 0.0123 0.0075 -30 0 0 0
0.4440 0.0150 0.0073 -30 0 0 0
0.4320 0.0164 0.0059 -30 0 0 0
0.4460 0.0174 0.0065 -30 0 0 0
0.4460 0.0178 0.0064 -30 0 0 0
0.4380 0.0177 0.0058 -30 0 0 0
0.4380 0.0177 0.0058 -30 0 0 0
0.4380 0.0171 0.0044 -30 0 0 0
0.4440 0.0171 0.0044 -30 0 0 0
0.4440 0.0171 0.0044 -30 0 0 0
0.4440 0.0171 0.0044 -30 0 0 0
0.4360 0.0159 0.0052 -30 0 0 0
0.4360 0.0159 0.0052 -30 0 0 0
0.4360 0.0159 0.0052 -30 0 0 0
0.4360 0.0159 0.0052 -30 0 0 0
0.4360 0.0159 0.0052 -30 0 0 0
0.4360 0.0159 0.0052 -30 0 0 0
0.4240 0.0131 0.0053 -30 0 0 0
0.4240 0.0131 0.0053 -30 0 0 0
0.4240 0.0131 0.0053 -30 0 0 0
0.4240 0.0131 0.0053 -30 0 0 0
0.4320 0.0115 0.0061 -30 0 0 0
0.4320 0.0115 0.0061 -30 0 0 0
0.4320 0.0115 0.0061 -30 0 0 0
0.4400 0.0106 0.0062 -30 0 0 0
0.4400 0.0106 0.0062 -30 0 0 0
0.4400 0.0106 0.0062 -30 0 0 0
0.4400 0.0106 0.0062 -30 0 0 0
0.4500 0.0097 0.0066 -30 0 0 0
0.4500 0.0097 0.0066 -30 0 0 0
0.4500 0.0097 0.0066 -30 0 0 0
0.4500 0.0097 0.0066 -30 0 0 0
0.4260 0.0090 0.0069 -30 0 0 0
0.4260 0.0090 0.0069 -30 0 0 0
0.4260 0.0090 0.0069 -30 0 0 0
0.4380 0.0087 0.0075 -30 0 0 0
0.4380 0.0087 0.0075 -30 0 0 0
0.4380 0.0087 0.0075 -30 0 0 0
0.4380 0.0087 0.0075 -30 0 0 0
0.4380 0.0087 0.0075 -30 0 0 0
0.4380 0.0094 0.0076 -30 0 0 0
0.4380 0.0094 0.0076 -30 0 0 0
0.4380 0.0094 0.0076 -30 0 0 0
0.4380 0.0094 0.0076 -30 0 0 0
0.4380 0.0094 0.0076 -30 0 0 0
0.4380 0.0094 0.0076 -30 0 0 0
0.4360 0.0102 0.0076 -30 0 0 0
0.4360 0.0102 0.0076 -30 0 0 0
0.4480 0.0106 0.0074 -30 0 0 0
0.4480 0.0106 0.0074 -30 0 0 0
0.4480 0.0106 0.0074 -30 0 0 0
0.4480 0.0106 0.0074 -30 0 0 0
0.4480 0.0106 0.0074 -30 0 0 0
0.4480 0.0106 0.0074 -30 0 0 0
0.4480 0.0106 0.0074 -30 0 0 0
0.4480 0.0106 0.0074 -30 0 0 0
0.4480 0.0106 0.0074 -30 0 0 0
0.4480 0.0106 0.0074 -30 0 0 0
0.4560 0.0105 0.0078 -30 0 0 0
0.4560 0.0105 0.0078 -30 0 0 0
0.4560 0.0101 0.0095 -30 0 0 0
0.4400 0.0101 0.0095 -30 0 0 0
0.4420 0.0097 0.0098 -30 0 0 0
0.4420 0.0097 0.0098 -30 0 0 0
0.4340 0.0094 0.0110 -30 0 0 0
0.4340 0.0094 0.0110 -30 0 0 0
0.4340 0.0094 0.0110 -30 0 0 0
0.4340 0.0094 0.0110 -30 0 0 0
0.4340 0.0094 0.0110 -30 0 0 0
0.4200 0.0092 0.0109 -30 0 0 0
0.4200 0.0092 0.0109 -30 0 0 0
0.4200 0.0092 0.0109 -30 0 0 0
0.4200 0.0092 0.0109 -30 0 0 0
0.4480 0.0087 0.0122 -30 0 0 0
0.4480 0.0087 0.0122 -30 0 0 0
0.4480 0.0087 0.0122 -30 0 0 0
0.4480 0.0087 0.0122 -30 0 0 0
0.4480 0.0087 0.0122 -30 0 0 0
0.4360 0.0077 0.0121 -30 0 0 0
0.4360 0.0077 0.0121 -30 0 0 0
0.4360 0.0077 0.0121 -30 0 0 0
0.4360 0.0077 0.0121 -30 0 0 0
0.4360 0.0077 0.0121 -30 0 0 0
0.4360 0.0077 0.0121 -30 0 0 0
0.4360 0.0077 0.0121 -30 0 0 0
0.4560 0.0070 0.0122 -30 0 0 0
0.4520 0.0060 0.0122 -30 0 0 0
0.4520 0.0060 0.0122 -30 0 0 0
0.4520 0.0060 0.0122 -30 0 0 0
0.4520 0.0060 0.0122 -30 0 0 0
0.4500 0.0057 0.0139 -30 0 0 0
0.4500 0.0057 0.0139 -30 0 0 0
0.4500 0.0057 0.0139 -30 0 0 0
0.4500 0.0057 0.0139 -30 0 0 0
0.4320 0.0068 0.0135 -30 0 0 0
0.4320 0.0068 0.0135 -30 0 0 0
0.4320 0.0068 0.0135 -30 0 0 0
0.4500 0.0083 0.0149 -30 0 0 0
0.4500 0.0083 0.0149 -30 0 0 0
0.4500 0.0083 0.0149 -30 0 0 0
0.4500 0.0083 0.0149 -30 0 0 0
0.4500 0.0083 0.0149 -30 0 0 0
0.4500 0.0103 0.0156 -30 0 0 0
0.4480 0.0103 0.0156 -30 0 0 0
0.4480 0.0103 0.0156 -30 0 0 0
0.4480 0.0103 0.0156 -30 0 0 0
0.4480 0.0103 0.0156 -30 0 0 0
0.4620 0.0115 0.0156 -30 0 0 0
0.4620 0.0115 0.0156 -30 0 0 0
0.4740 0.0123 0.0153 -30 0 0 0
0.4740 0.0123 0.0153 -30 0 0 0
0.4740 0.0123 0.0153 -30 0 0 0
0.4740 0.0123 0.0153 -30 0 0 0
0.4740 0.0123 0.0153 -30 0 0 0
0.4520 0.0120 0.0160 -30 0 0 0
0.4520 0.0120 0.0160 -30 0 0 0
0.4520 0.0120 0.0160 -30 0 0 0
0.4520 0.0120 0.0160 -30 0 0 0
0.4520 0.0120 0.0160 -30 0 0 0
0.4480 0.0108 0.0159 -30 0 0 0
0.4480 0.0108 0.0159 -30 0 0 0
0.4480 0.0108 0.0159 -30 0 0 0
0.4380 0.0093 0.0155 -30 0 0 0
0.4380 0.0093 0.0155 -30 0 0 0
0.4380 0.0093 0.0155 -30 0 0 0
0.4380 0.0093 0.0155 -30 0 0 0
0.4560 0.0079 0.0146 -30 0 0 0
0.4560 0.0079 0.0146 -30 0 0 0
0.4560 0.0079 0.0146 -30 0 0 0
0.4560 0.0079 0.0146 -30 0 0 0
0.4560 0.0079 0.0146 -30 0 0 0
0.4500 0.0072 0.0137 -30 0 0 0
0.4500 0.0072 0.0137 -30 0 0 0
0.4500 0.0072 0.0137 -30 0 0 0
0.4500 0.0072 0.0137 -30 0 0 0
0.4720 0.0071 0.0129 -30 0 0 0
0.4720 0.0071 0.0129 -30 0 0 0
0.4720 0.0071 0.0129 -30 0 0 0
0.4720 0.0071 0.0129 -30 0 0 0
0.4720 0.0071 0.0129 -30 0 0 0
0.4780 0.0074 0.0115 -30 0 0 0
0.4780 0.0074 0.0115 -30 0 0 0
0.4780 0.0074 0.0115 -30 0 0 0
0.4780 0.0074 0.0115 -30 0 0 0
0.4860 0.0065 0.0111 -30 0 0 0
0.4860 0.0065 0.0111 -30 0 0 0
0.4860 0.0065 0.0111 -30 0 0 0
0.4640 0.0057 0.0101 -30 0 0 0
0.4640 0.0057 0.0101 -30 0 0 0
0.4640 0.0057 0.0101 -30 0 0 0
0.4640 0.0057 0.0101 -30 0 0 0
0.4640 0.0057 0.0101 -30 0 0 0
0.4840 0.0044 0.0101 -30 0 0 0
0.4840 0.0044 0.0101 -30 0 0 0
0.4840 0.0044 0.0101 -30 0 0 0
0.4840 0.0044 0.0101 -30 0 0 0
0.4740 0.0043 0.0096 -30 0 0 0
0.4740 0.0043 0.0096 -30 0 0 0
0.4740 0.0043 0.0096 -30 0 0 0
0.4740 0.0043 0.0096 -30 0 0 0
0.4520 0.0043 0.0094 -30 0 0 0
0.4520 0.0043 0.0094 -30 0 0 0
0.4520 0.0043 0.0094 -30 0 0 0
0.4520 0.0043 0.0094 -30 0 0 0
0.4700 0.0046 0.0104 -30 0 0 0
0.4700 0.0046 0.0104 -30 0 0 0
0.4700 0.0046 0.0104 -30 0 0 0
0.4700 0.0046 0.0104 -30 0 0 0
0.4700 0.0046 0.0104 -30 0 0 0
0.4720 0.0053 0.0097 -30 0 0 0
0.4720 0.0053 0.0097 -30 0 0 0
0.4720 0.0053 0.0097 -30 0 0 0
0.4580 0.0059 0.0089 -30 0 0 0
0.4580 0.0059 0.0089 -30 0 0 0
0.4580 0.0059 0.0089 -30 0 0 0
0.4580 0.0059 0.0089 -30 0 0 0
0.4580 0.0059 0.0089 -30 0 0 0
0.4740 0.0061 0.0081 -30 0 0 0
0.4740 0.0061 0.0081 -30 0 0 0
0.4740 0.0061 0.0081 -30 0 0 0
0.4740 0.0060 0.0082 -30 0 0 0
0.4700 0.0060 0.0082 -30 0 0 0
0.4700 0.0060 0.0082 -30 0 0 0
0.4700 0.0060 0.0082 -30 0 0 0
0.4620 0.0059 0.0078 -30 0 0 0
0.4620 0.0059 0.0078 -30 0 0 0
0.4620 0.0059 0.0078 -30 0 0 0
0.4620 0.0059 0.0078 -30 0 0 0
0.4620 0.0059 0.0078 -30 0 0 0
0.4580 0.0063 0.0073 -30 0 0 0
0.4580 0.0063 0.0073 -30 0 0 0
0.4580 0.0063 0.0073 -30 0 0 0
0.4580 0.0063 0.0073 -30 0 0 0
0.4820 0.0065 0.0067 -30 0 0 0
0.4820 0.0065 0.0067 -30 0 0 0
0.4820 0.0065 0.0067 -30 0 0 0
0.4740 0.0064 0.0050 -30 0 0 0
0.4740 0.0064 0.0050 -30 0 0 0
0.4740 0.0064 0.0050 -30 0 0 0
0.4740 0.0064 0.0050 -30 0 0 0
0.4740 0.0064 0.0050 -30 0 0 0
0.4560 0.0061 0.0047 -30 0 0 0
0.4560 0.0061 0.0047 -30 0 0 0
0.4560 0.0061 0.0047 -30 0 0 0
0.4560 0.0061 0.0047 -30 0 0 0
0.4660 0.0061 0.0034 -30 0 0 0
0.4660 0.0061 0.0034 -30 0 0 0
0.4660 0.0061 0.0034 -30 0 0 0
0.4660 0.0061 0.0034 -30 0 0 0
0.4760 0.0064 0.0034 -30 0 0 0
0.4760 0.0064 0.0034 -30 0 0 0
0.4760 0.0064 0.0034 -30 0 0 0
0.4760 0.0064 0.0034 -30 0 0 0
0.4860 0.0070 0.0026 -30 0 0 0
0.4860 0.0070 0.0026 -30 0 0 0
0.4860 0.0070 0.0026 -30 0 0 0
0.4860 0.0070 0.0026 -30 0 0 0
0.4860 0.0070 0.0026 -30 0 0 0
0.4820 0.0080 0.0014 -30 0 0 0
0.4820 0.0080 0.0014 -30 0 0 0
0.4820 0.0080 0.0014 -30 0 0 0
0.4820 0.0080 0.0014 -30 0 0 0
0.4920 0.0092 0.0018 -30 0 0 0
0.4920 0.0092 0.0018 -30 0 0 0
0.4920 0.0092 0.0018 -30 0 0 0
0.4920 0.0092 0.0018 -30 0 0 0
0.4940 0.0101 0.0014 -30 0 0 0
0.4940 0.0101 0.0014 -30 0 0 0
0.4940 0.0101 0.0014 -30 0 0 0
0.4940 0.0101 0.0014 -30 0 0 0
0.4940 0.0101 0.0014 -30 0 0 0
0.4740 0.0106 0.0016 -30 0 0 0
0.4740 0.0106 0.0016 -30 0 0 0
0.4740 0.0106 0.0016 -30 0 0 0
0.4740 0.0106 0.0016 -30 0 0 0
0.4820 0.0110 -0.0013 -30 0 0 0
0.4820 0.0110 -0.0013 -30 0 0 0
0.4820 0.0110 -0.0013 -30 0 0 0
0.4820 0.0110 -0.0013 -30 0 0 0
0.5020 0.0115 -0.0007 -30 0 0 0
0.5020 0.0115 -0.0007 -30 0 0 0
0.5020 0.0115 -0.0007 -30 0 0 0
0.5020 0.0115 -0.0007 -30 0 0 0
0.5020 0.0115 -0.0007 -30 0 0 0
0.4860 0.0121 -0.0015 -30 0 0 0
0.4860 0.0121 -0.0015 -30 0 0 0
0.4860 0.0121 -0.0015 -30 0 0 0
0.4860 0.0121 -0.0015 -30 0 0 0
0.4720 0.0124 -0.0011 -30 0 0 0
0.4720 0.0124 -0.0011 -30 0 0 0
0.4720 0.0124 -0.0011 -30 0 0 0
0.4720 0.0124 -0.0011 -30 0 0 0
0.4940 0.0123 -0.0013 -30 0 0 0
0.4940 0.0123 -0.0013 -30 0 0 0
0.4940 0.0123 -0.0013 -30 0 0 0
0.4940 0.0123 -0.0013 -30 0 0 0
0.4860 0.0119 -0.0010 -30 0 0 0
0.4860 0.0119 -0.0010 -30 0 0 0
0.4860 0.0119 -0.0010 -30 0 0 0
0.4860 0.0119 -0.0010 -30 0 0 0
0.4860 0.0107 0.0004 -30 0 0 0
0.4900 0.0107 0.0004 -30 0 0 0
0.4900 0.0107 0.0004 -30 0 0 0
0.4900 0.0107 0.0004 -30 0 0 0
0.4900 0.0107 0.0004 -30 0 0 0
0.5080 0.0096 0.0008 -30 0 0 0
0.5080 0.0096 0.0008 -30 0 0 0
0.5080 0.0096 0.0008 -30 0 0 0
0.5080 0.0096 0.0008 -30 0 0 0
0.5180 0.0081 0.0013 -30 0 0 0
0.5180 0.0081 0.0013 -30 0 0 0
0.5180 0.0081 0.0013 -30 0 0 0
0.5180 0.0081 0.0013 -30 0 0 0
0.5260 0.0068 0.0020 -30 0 0 0
0.5260 0.0068 0.0020 -30 0 0 0
0.5260 0.0068 0.0020 -30 0 0 0
0.5260 0.0068 0.0020 -30 0 0 0
0.5260 0.0068 0.0020 -30 0 0 0
0.5120 0.0061 0.0024 -30 0 0 0
0.5120 0.0061 0.0024 -30 0 0 0
0.5120 0.0061 0.0024 -30 0 0 0
0.5120 0.0061 0.0024 -30 0 0 0
0.4880 0.0059 0.0020 -30 0 0 0
0.4880 0.0059 0.0020 -30 0 0 0
0.4880 0.0059 0.0020 -30 0 0 0
0.4880 0.0059 0.0020 0 0 0 0
0.5220 0.0097 0.0048 0 30 0 0
0.5300 0.0097 0.0048 0 30 0 0
0.5280 0.0103 0.0045 0 30 0 0
0.5420 0.0100 0.0043 0 30 0 0
0.5320 0.0096 0.0060 0 30 0 0
0.5260 0.0100 0.0059 0 30 0 0
0.5260 0.0100 0.0059 0 30 0 0
0.5260 0.0110 0.0057 0 30 0 0
0.5240 0.0110 0.0057 0 30 0 0
0.5240 0.0110 0.0057 0 30 0 0
0.5240 0.0110 0.0057 0 30 0 0
0.5280 0.0116 0.0057 0 30 0 0
0.5280 0.0116 0.0057 0 30 0 0
0.5180 0.0117 0.0069 0 30 0 0
0.5180 0.0117 0.0069 0 30 0 0
0.5180 0.0117 0.0069 0 30 0 0
0.5180 0.0117 0.0069 0 30 0 0
0.5180 0.0117 0.0069 0 30 0 0
0.5080 0.0114 0.0064 0 30 0 0
0.5080 0.0114 0.0064 0 30 0 0
0.5080 0.0114 0.0064 0 30 0 0
0.5080 0.0114 0.0064 0 0 0 0
0.5200 0.0112 0.0073 0 30 0 0
0.5060 0.0115 0.0116 0 30 0 0
0.5140 0.0118 0.0115 0 30 0 0
0.5140 0.0118 0.0115 0 30 0 0
0.5020 0.0118 0.0114 0 30 0 0
0.5020 0.0118 0.0114 0 30 0 0
0.5020 0.0118 0.0114 0 30 0 0
0.5180 0.0117 0.0112 0 30 0 0
0.5180 0.0117 0.0112 0 30 0 0
0.5180 0.0117 0.0090 0 30 0 0
0.5180 0.0117 0.0090 0 30 0 0
0.5180 0.0117 0.0090 0 30 0 0
0.5180 0.0117 0.0090 0 30 0 0
0.5180 0.0117 0.0090 0 30 0 0
0.5240 0.0115 0.0089 0 0 0 0
0.5180 0.0087 0.0157 30 0 0 0
0.5260 0.0082 0.0146 30 0 0 0
0.5340 0.0080 0.0146 30 0 0 0
0.5320 0.0084 0.0149 30 0 0 0
0.5200 0.0084 0.0149 30 0 0 0
0.5200 0.0084 0.0149 30 0 0 0
0.5240 0.0082 0.0161 30 0 0 0
0.5100 0.0077 0.0151 30 0 0 0
0.5100 0.0077 0.0151 30 0 0 0
0.5100 0.0077 0.0151 30 0 0 0
0.5360 0.0071 0.0143 30 0 0 0
0.5360 0.0071 0.0143 30 0 0 0
0.5360 0.0071 0.0143 30 0 0 0
0.5360 0.0071 0.0143 30 0 0 0
0.5360 0.0071 0.0143 30 0 0 0
0.5120 0.0071 0.0162 30 0 0 0
0.5120 0.0071 0.0162 30 0 0 0
0.5120 0.0071 0.0162 30 0 0 0
0.5200 0.0076 0.0165 30 0 0 0
0.5200 0.0076 0.0165 30 0 0 0
0.5200 0.0076 0.0165 30 0 0 0
0.5200 0.0076 0.0165 0 0 0 0
0.5040 0.0083 0.0173 30 0 0 0
0.5160 0.0083 0.0173 30 0 0 0
0.5140 0.0083 0.0173 30 0 0 0
0.5140 0.0083 0.0173 30 0 0 0
0.5140 0.0083 0.0173 30 0 0 0
0.5140 0.0083 0.0173 30 0 0 0
0.5240 0.0084 0.0169 30 0 0 0
0.5240 0.0084 0.0169 30 0 0 0
0.5240 0.0084 0.0169 30 0 0 0
0.5340 0.0083 0.0183 30 0 0 0
0.5260 0.0085 0.0185 30 0 0 0
0.5260 0.0085 0.0185 0 0 0 0
0.5300 0.0047 0.0172 0 0 0 -30
0.5160 0.0051 0.0190 0 0 0 -30
0.5160 0.0051 0.0190 0 0 0 -30
0.5240 0.0059 0.0197 0 0 0 -30
0.5420 0.0061 0.0191 0 0 0 -30
0.5480 0.0065 0.0176 0 0 0 -30
0.5380 0.0078 0.0165 0 0 0 -30
0.5300 0.0085 0.0167 0 0 0 -30
0.5200 0.0088 0.0181 0 0 0 -30
0.5200 0.0088 0.0181 0 0 0 0
0.5380 0.0082 0.0191 0 0 0 -30
0.5380 0.0078 0.0180 0 0 0 -30
0.5380 0.0078 0.0180 0 0 0 -30
0.5280 0.0073 0.0143 0 0 0 -30
0.5460 0.0068 0.5093 0 0 0 -30
0.5400 0.0064 0.5090 0 0 0 0
0.5240 0.0052 0.4942 0 0 0 -30
0.5220 0.0052 0.4942 0 0 0 -30
0.5220 0.0052 0.4942 0 0 0 0
