0.5080 0.0095 -0.0128 0 0 0 30
0.5200 0.0077 -0.0144 0 0 0 30
0.5000 0.0063 -0.0149 0 0 0 30
0.4920 0.0063 -0.0149 0 0 0 30
0.4900 0.0056 -0.0151 0 0 0 30
0.4860 0.0074 -0.0136 0 0 0 0
0.4960 0.0068 -0.0159 0 0 0 30
0.5040 0.0060 -0.0164 0 0 0 30
0.5040 0.0055 -0.0169 0 0 0 30
0.4840 0.0051 -0.0163 0 0 0 30
0.5080 0.0055 -0.0149 0 0 0 30
0.5080 0.0055 -0.0149 0 0 0 30
0.4940 0.0066 -0.0133 0 0 0 30
0.4940 0.0066 -0.0133 0 0 0 0
0.4840 0.0086 0.0008 0 0 0 30
0.5000 0.0086 0.0008 0 0 0 30
0.5000 0.0086 0.0006 0 0 0 0
0.5220 0.0067 -0.0004 0 0 0 30
0.5080 0.0053 -0.0014 0 0 0 30
0.5160 0.0059 -0.0024 0 0 0 30
0.5160 0.0059 -0.0024 0 0 0 30
0.5200 0.0059 -0.0021 0 0 0 0
0.5140 0.0045 0.0011 0 0 0 30
0.5160 0.0063 0.0012 0 0 0 30
0.5100 0.0063 0.0012 0 0 0 30
0.4880 0.0067 -0.0011 0 0 0 30
0.4880 0.0067 -0.0011 0 0 0 0
0.5300 0.0040 0.0001 -30 0 0 0
0.5320 0.0060 -0.0002 -30 0 0 0
0.5320 0.0083 0.0018 -30 0 0 0
0.5440 0.0079 0.0022 -30 0 0 0
0.5360 0.0068 0.0019 -30 0 0 0
0.5160 0.0061 0.0039 -30 0 0 0
0.5380 0.0065 0.0034 -30 0 0 0
0.5060 0.0070 0.0037 -30 0 0 0
0.5060 0.0070 0.0037 -30 0 0 0
0.5060 0.0073 0.0038 -30 0 0 0
0.5060 0.0073 0.0038 -30 0 0 0
0.5060 0.0073 0.0038 -30 0 0 0
0.5060 0.0073 0.0038 -30 0 0 0
0.5060 0.0073 0.0038 -30 0 0 0
0.5280 0.0067 0.0011 -30 0 0 0
0.5280 0.0067 0.0011 -30 0 0 0
0.5280 0.0067 0.0011 -30 0 0 0
0.5280 0.0067 0.0011 -30 0 0 0
0.5280 0.0067 0.0011 -30 0 0 0
0.5280 0.0067 0.0011 -30 0 0 0
0.5240 0.0063 0.0006 -30 0 0 0
0.5240 0.0063 0.0006 -30 0 0 0
0.5240 0.0063 0.0006 -30 0 0 0
0.5240 0.0063 0.0006 -30 0 0 0
0.5220 0.0063 -0.0019 -30 0 0 0
0.5220 0.0063 -0.0019 -30 0 0 0
0.5180 0.0063 0.0000 -30 0 0 0
0.5180 0.0063 0.0000 -30 0 0 0
0.5300 0.0062 0.0001 -30 0 0 0
0.5300 0.0062 0.0001 -30 0 0 0
0.5300 0.0062 0.0001 -30 0 0 0
0.5300 0.0062 0.0001 -30 0 0 0
0.5300 0.0062 0.0001 -30 0 0 0
0.5540 0.0062 0.0033 -30 0 0 0
0.5540 0.0062 0.0033 -30 0 0 0
0.5540 0.0062 0.0033 -30 0 0 0
0.5540 0.0062 0.0033 -30 0 0 0
0.5540 0.0062 0.0035 -30 0 0 0
0.5300 0.0062 0.0035 -30 0 0 0
0.5300 0.0062 0.0035 -30 0 0 0
0.5300 0.0062 0.0035 -30 0 0 0
0.5340 0.0059 0.0068 -30 0 0 0
0.5340 0.0059 0.0068 -30 0 0 0
0.5340 0.0059 0.0068 -30 0 0 0
0.5340 0.0059 0.0068 -30 0 0 0
0.5420 0.0053 0.0068 -30 0 0 0
0.5420 0.0053 0.0068 -30 0 0 0
0.5420 0.0053 0.0068 -30 0 0 0
0.5420 0.0053 0.0068 -30 0 0 0
0.5420 0.0053 0.0068 -30 0 0 0
0.5420 0.0053 0.0068 -30 0 0 0
0.5420 0.0053 0.0068 -30 0 0 0
0.5420 0.0053 0.0068 -30 0 0 0
0.5420 0.0053 0.0068 -30 0 0 0
0.5420 0.0053 0.0068 -30 0 0 0
0.5420 0.0053 0.0068 -30 0 0 0
0.5360 0.0048 0.0082 -30 0 0 0
0.5260 0.0045 0.0081 -30 0 0 0
0.4940 0.0045 0.0095 -30 0 0 0
0.4940 0.0045 0.0095 -30 0 0 0
0.5020 0.0052 0.0098 -30 0 0 0
0.5020 0.0052 0.0098 -30 0 0 0
0.5020 0.0052 0.0098 -30 0 0 0
0.5020 0.0052 0.0098 -30 0 0 0
0.5240 0.0063 0.0111 -30 0 0 0
0.5240 0.0063 0.0111 -30 0 0 0
0.5240 0.0063 0.0111 -30 0 0 0
0.5240 0.0063 0.0111 -30 0 0 0
0.5240 0.0075 0.0111 -30 0 0 0
0.4980 0.0075 0.0111 -30 0 0 0
0.4980 0.0075 0.0111 -30 0 0 0
0.4980 0.0075 0.0111 -30 0 0 0
0.4980 0.0075 0.0111 -30 0 0 0
0.4980 0.0075 0.0111 -30 0 0 0
0.4980 0.0075 0.0111 -30 0 0 0
0.4980 0.0075 0.0111 -30 0 0 0
0.4980 0.0075 0.0111 -30 0 0 0
0.4980 0.0075 0.0111 -30 0 0 0
0.4980 0.0075 0.0111 -30 0 0 0
0.4980 0.0079 0.0127 -30 0 0 0
0.5320 0.0081 0.0128 -30 0 0 0
0.5320 0.0081 0.0128 -30 0 0 0
0.5260 0.0081 0.0112 -30 0 0 0
0.5260 0.0081 0.0112 -30 0 0 0
0.5280 0.0076 0.0120 -30 0 0 0
0.5280 0.0076 0.0120 -30 0 0 0
0.5280 0.0076 0.0120 -30 0 0 0
0.5280 0.0076 0.0120 -30 0 0 0
0.5280 0.0076 0.0120 -30 0 0 0
0.5280 0.0076 0.0120 -30 0 0 0
0.5280 0.0076 0.0120 -30 0 0 0
0.5280 0.0076 0.0120 -30 0 0 0
0.5300 0.0069 0.0121 -30 0 0 0
0.5180 0.0059 0.0135 -30 0 0 0
0.5180 0.0059 0.0135 -30 0 0 0
0.5340 0.0054 0.0135 -30 0 0 0
0.5340 0.0054 0.0135 -30 0 0 0
0.5340 0.0054 0.0135 -30 0 0 0
0.5340 0.0049 0.0144 -30 0 0 0
0.5340 0.0049 0.0144 -30 0 0 0
0.5340 0.0049 0.0144 -30 0 0 0
0.5340 0.0049 0.0144 -30 0 0 0
0.5340 0.0049 0.0144 -30 0 0 0
0.5120 0.0052 0.0138 -30 0 0 0
0.5120 0.0052 0.0138 -30 0 0 0
0.5120 0.0052 0.0138 -30 0 0 0
0.5120 0.0052 0.0138 -30 0 0 0
0.5120 0.0052 0.0138 -30 0 0 0
0.5000 0.0060 0.0134 -30 0 0 0
0.5000 0.0067 0.0133 -30 0 0 0
0.5240 0.0067 0.0133 -30 0 0 0
0.5240 0.0067 0.0133 -30 0 0 0
0.5240 0.0067 0.0133 -30 0 0 0
0.5240 0.0067 0.0133 -30 0 0 0
0.5240 0.0067 0.0133 -30 0 0 0
0.5240 0.0067 0.0133 -30 0 0 0
0.5200 0.0070 0.0145 -30 0 0 0
0.5200 0.0070 0.0145 -30 0 0 0
0.5200 0.0070 0.0145 -30 0 0 0
0.5200 0.0070 0.0145 -30 0 0 0
0.5020 0.0068 0.0141 -30 0 0 0
0.5020 0.0068 0.0141 -30 0 0 0
0.5180 0.0065 0.0141 -30 0 0 0
0.5180 0.0065 0.0141 -30 0 0 0
0.5180 0.0065 0.0141 -30 0 0 0
0.5180 0.0065 0.0141 -30 0 0 0
0.5180 0.0065 0.0141 -30 0 0 0
0.5120 0.0058 0.0132 -30 0 0 0
0.5120 0.0058 0.0132 -30 0 0 0
0.5120 0.0058 0.0132 -30 0 0 0
0.5120 0.0058 0.0132 -30 0 0 0
0.5160 0.0052 0.0141 -30 0 0 0
0.5160 0.0052 0.0141 -30 0 0 0
0.5160 0.0052 0.0141 -30 0 0 0
0.5160 0.0052 0.0141 -30 0 0 0
0.5240 0.0048 0.0156 -30 0 0 0
0.5240 0.0048 0.0156 -30 0 0 0
0.5240 0.0048 0.0156 -30 0 0 0
0.5240 0.0048 0.0156 -30 0 0 0
0.5180 0.0044 0.0152 -30 0 0 0
0.5180 0.0044 0.0152 -30 0 0 0
0.5180 0.0044 0.0152 -30 0 0 0
0.5180 0.0044 0.0152 -30 0 0 0
0.5180 0.0044 0.0152 -30 0 0 0
0.5180 0.0044 0.0152 -30 0 0 0
0.5180 0.0044 0.0152 -30 0 0 0
0.5120 0.0042 0.0159 -30 0 0 0
0.5200 0.0039 0.0154 -30 0 0 0
0.5200 0.0039 0.0154 -30 0 0 0
0.5200 0.0039 0.0154 -30 0 0 0
0.5200 0.0024 0.0156 -30 0 0 0
0.5140 0.0024 0.0156 -30 0 0 0
0.5140 0.0024 0.0156 -30 0 0 0
0.5140 0.0024 0.0156 -30 0 0 0
0.5140 0.0024 0.0156 -30 0 0 0
0.5140 0.0020 0.0151 -30 0 0 0
0.5140 0.0020 0.0151 -30 0 0 0
0.5140 0.0020 0.0151 -30 0 0 0
0.5020 0.0030 0.0158 -30 0 0 0
0.5020 0.0030 0.0158 -30 0 0 0
0.5020 0.0030 0.0158 -30 0 0 0
0.5020 0.0030 0.0158 -30 0 0 0
0.5020 0.0030 0.0158 -30 0 0 0
0.5200 0.0045 0.0154 -30 0 0 0
0.5200 0.0045 0.0154 -30 0 0 0
0.5200 0.0045 0.0154 -30 0 0 0
0.5200 0.0045 0.0154 -30 0 0 0
0.5200 0.0045 0.0154 -30 0 0 0
0.5340 0.0053 0.0157 -30 0 0 0
0.5340 0.0053 0.0157 -30 0 0 0
0.5340 0.0053 0.0157 0 0 0 0
0.5440 0.0060 0.0146 -30 0 0 0
0.5500 0.0039 0.0132 -30 0 0 0
0.5440 0.0044 0.0143 -30 0 0 0
0.5420 0.0061 0.0136 -30 0 0 0
0.5480 0.0065 0.0139 -30 0 0 0
0.5260 0.0077 0.0157 -30 0 0 0
0.5360 0.0083 0.0151 -30 0 0 0
0.5360 0.0083 0.0151 -30 0 0 0
0.5360 0.0083 0.0151 -30 0 0 0
0.5600 0.0080 0.0163 -30 0 0 0
0.5600 0.0080 0.0163 -30 0 0 0
0.5600 0.0080 0.0163 -30 0 0 0
0.5600 0.0080 0.0163 -30 0 0 0
0.5600 0.0071 0.0161 -30 0 0 0
0.5600 0.0071 0.0161 -30 0 0 0
0.5600 0.0071 0.0161 -30 0 0 0
0.5600 0.0071 0.0161 -30 0 0 0
0.5600 0.0071 0.0161 -30 0 0 0
0.5600 0.0059 0.0164 -30 0 0 0
0.5640 0.0059 0.0164 -30 0 0 0
0.5560 0.0056 0.0161 -30 0 0 0
0.5560 0.0056 0.0161 -30 0 0 0
0.5560 0.0056 0.0161 -30 0 0 0
0.5560 0.0056 0.0161 -30 0 0 0
0.5560 0.0056 0.0161 -30 0 0 0
0.5580 0.0060 0.0153 -30 0 0 0
0.5580 0.0060 0.0153 -30 0 0 0
0.5580 0.0060 0.0153 -30 0 0 0
0.5580 0.0060 0.0153 -30 0 0 0
0.5580 0.0060 0.0153 -30 0 0 0
0.5540 0.0066 0.0150 -30 0 0 0
0.5540 0.0066 0.0150 -30 0 0 0
0.5540 0.0066 0.0150 -30 0 0 0
0.5700 0.0070 0.0144 -30 0 0 0
0.5700 0.0070 0.0144 -30 0 0 0
0.5700 0.0070 0.0144 -30 0 0 0
0.5700 0.0070 0.0144 -30 0 0 0
0.5700 0.0069 0.0150 -30 0 0 0
0.5800 0.0069 0.0150 -30 0 0 0
0.5800 0.0069 0.0150 -30 0 0 0
0.5800 0.0069 0.0150 -30 0 0 0
0.5800 0.0069 0.0150 -30 0 0 0
0.5800 0.0069 0.0150 -30 0 0 0
0.5540 0.0063 0.0146 -30 0 0 0
0.5540 0.0063 0.0146 -30 0 0 0
0.5500 0.0058 0.0148 -30 0 0 0
0.5500 0.0058 0.0148 -30 0 0 0
0.5500 0.0058 0.0148 -30 0 0 0
0.5500 0.0058 0.0148 -30 0 0 0
0.5500 0.0058 0.0148 -30 0 0 0
0.5560 0.0052 0.0143 -30 0 0 0
0.5560 0.0052 0.0143 -30 0 0 0
0.5560 0.0052 0.0143 -30 0 0 0
0.5560 0.0052 0.0143 -30 0 0 0
0.5300 0.0047 0.0129 -30 0 0 0
0.5300 0.0047 0.0129 -30 0 0 0
0.5400 0.0048 0.0128 -30 0 0 0
0.5400 0.0048 0.0128 -30 0 0 0
0.5400 0.0048 0.0128 -30 0 0 0
0.5400 0.0048 0.0128 -30 0 0 0
0.5400 0.0048 0.0128 -30 0 0 0
0.5440 0.0051 0.0125 -30 0 0 0
0.5440 0.0051 0.0125 -30 0 0 0
0.5440 0.0051 0.0125 -30 0 0 0
0.5440 0.0051 0.0125 -30 0 0 0
0.5440 0.0051 0.0125 -30 0 0 0
0.5440 0.0051 0.0125 -30 0 0 0
0.5460 0.0054 0.0119 -30 0 0 0
0.5460 0.0054 0.0119 -30 0 0 0
0.5580 0.0055 0.0108 -30 0 0 0
0.5580 0.0055 0.0108 -30 0 0 0
0.5580 0.0055 0.0108 -30 0 0 0
0.5580 0.0055 0.0108 -30 0 0 0
0.5440 0.0056 0.0106 -30 0 0 0
0.5440 0.0056 0.0106 -30 0 0 0
0.5440 0.0056 0.0106 -30 0 0 0
0.5440 0.0056 0.0106 -30 0 0 0
0.5440 0.0056 0.0106 -30 0 0 0
0.5440 0.0056 0.0106 -30 0 0 0
0.5520 0.0059 0.0104 -30 0 0 0
0.5520 0.0059 0.0104 -30 0 0 0
0.5340 0.0065 0.0102 -30 0 0 0
0.5340 0.0065 0.0102 -30 0 0 0
0.5340 0.0065 0.0102 -30 0 0 0
0.5380 0.0070 0.0097 -30 0 0 0
0.5380 0.0070 0.0097 -30 0 0 0
0.5380 0.0070 0.0097 -30 0 0 0
0.5380 0.0070 0.0097 -30 0 0 0
0.5380 0.0070 0.0097 -30 0 0 0
0.5380 0.0070 0.0097 -30 0 0 0
0.5360 0.0073 0.0097 -30 0 0 0
0.5360 0.0073 0.0097 -30 0 0 0
0.5440 0.0073 0.0097 -30 0 0 0
0.5440 0.0073 0.0097 -30 0 0 0
0.5440 0.0073 0.0097 -30 0 0 0
0.5440 0.0073 0.0097 -30 0 0 0
0.5440 0.0073 0.0097 -30 0 0 0
0.5620 0.0068 0.0107 -30 0 0 0
0.5620 0.0068 0.0107 -30 0 0 0
0.5620 0.0068 0.0107 -30 0 0 0
0.5620 0.0068 0.0107 -30 0 0 0
0.5620 0.0068 0.0107 -30 0 0 0
0.5620 0.0055 0.0100 -30 0 0 0
0.5460 0.0055 0.0100 -30 0 0 0
0.5460 0.0055 0.0100 -30 0 0 0
0.5460 0.0045 0.0103 -30 0 0 0
0.5340 0.0045 0.0103 -30 0 0 0
0.5340 0.0045 0.0103 -30 0 0 0
0.5340 0.0045 0.0103 -30 0 0 0
0.5660 0.0039 0.0100 -30 0 0 0
0.5660 0.0039 0.0100 -30 0 0 0
0.5660 0.0039 0.0100 -30 0 0 0
0.5660 0.0039 0.0100 -30 0 0 0
0.5660 0.0039 0.0100 -30 0 0 0
0.5480 0.0040 0.0079 -30 0 0 0
0.5480 0.0040 0.0079 -30 0 0 0
0.5480 0.0040 0.0079 -30 0 0 0
0.5740 0.0045 0.0076 -30 0 0 0
0.5740 0.0045 0.0076 -30 0 0 0
0.5740 0.0045 0.0076 -30 0 0 0
0.5740 0.0045 0.0076 -30 0 0 0
0.5500 0.0050 0.0067 -30 0 0 0
0.5500 0.0050 0.0067 -30 0 0 0
0.5500 0.0050 0.0067 -30 0 0 0
0.5500 0.0050 0.0067 -30 0 0 0
0.5500 0.0050 0.0067 -30 0 0 0
0.5520 0.0053 0.0063 -30 0 0 0
0.5520 0.0053 0.0063 -30 0 0 0
0.5520 0.0053 0.0041 -30 0 0 0
0.5560 0.0053 0.0041 -30 0 0 0
0.5560 0.0053 0.0041 -30 0 0 0
0.5560 0.0053 0.0041 -30 0 0 0
0.5560 0.0053 0.0041 -30 0 0 0
0.5480 0.0050 0.0034 -30 0 0 0
0.5480 0.0050 0.0034 -30 0 0 0
0.5480 0.0050 0.0034 -30 0 0 0
0.5480 0.0050 0.0034 -30 0 0 0
0.5340 0.0043 0.0027 -30 0 0 0
0.5340 0.0043 0.0027 -30 0 0 0
0.5340 0.0043 0.0027 -30 0 0 0
0.5520 0.0035 0.0026 -30 0 0 0
0.5520 0.0035 0.0026 -30 0 0 0
0.5520 0.0035 0.0026 -30 0 0 0
0.5520 0.0035 0.0026 -30 0 0 0
0.5560 0.0023 0.0028 -30 0 0 0
0.5560 0.0023 0.0028 -30 0 0 0
0.5560 0.0023 0.0028 -30 0 0 0
0.5560 0.0023 0.0028 -30 0 0 0
0.5560 0.0023 0.0028 -30 0 0 0
0.5300 0.0018 0.0040 -30 0 0 0
0.5300 0.0018 0.0040 -30 0 0 0
0.5300 0.0018 0.0040 -30 0 0 0
0.5440 0.0020 0.0040 -30 0 0 0
0.5440 0.0020 0.0040 -30 0 0 0
0.5440 0.0020 0.0040 -30 0 0 0
0.5440 0.0020 0.0040 -30 0 0 0
0.5440 0.0020 0.0040 -30 0 0 0
0.5520 0.0019 0.0042 0 0 0 0
0.5600 0.0106 0.0062 -30 0 0 0
0.5700 0.0112 0.0065 -30 0 0 0
0.5680 0.0109 0.0076 -30 0 0 0
0.5740 0.0093 0.0077 -30 0 0 0
0.5640 0.0100 0.0082 -30 0 0 0
0.5720 0.0111 0.0078 -30 0 0 0
0.5720 0.0111 0.0078 -30 0 0 0
0.5720 0.0111 0.0078 -30 0 0 0
0.5720 0.0111 0.0078 -30 0 0 0
0.5560 0.0117 0.0072 -30 0 0 0
0.5560 0.0117 0.0072 -30 0 0 0
0.5560 0.0117 0.0072 -30 0 0 0
0.5560 0.0117 0.0072 -30 0 0 0
0.5560 0.0117 0.0072 -30 0 0 0
0.5560 0.0117 0.0072 -30 0 0 0
0.5560 0.0117 0.0072 -30 0 0 0
0.5560 0.0117 0.0072 -30 0 0 0
0.5560 0.0117 0.0072 -30 0 0 0
0.5560 0.0117 0.0072 -30 0 0 0
0.5720 0.0118 0.0066 -30 0 0 0
0.5720 0.0111 0.0065 -30 0 0 0
0.5560 0.0111 0.0065 -30 0 0 0
0.5620 0.0103 0.0064 -30 0 0 0
0.5620 0.0097 0.0066 -30 0 0 0
0.5540 0.0097 0.0066 -30 0 0 0
0.5540 0.0097 0.0066 -30 0 0 0
0.5540 0.0097 0.0066 -30 0 0 0
0.5540 0.0097 0.0066 -30 0 0 0
0.5540 0.0097 0.0066 -30 0 0 0
0.5780 0.0090 0.0073 -30 0 0 0
0.5780 0.0090 0.0073 -30 0 0 0
0.5780 0.0090 0.0073 -30 0 0 0
0.5780 0.0090 0.0073 -30 0 0 0
0.5780 0.0088 0.0057 -30 0 0 0
0.5820 0.0088 0.0057 -30 0 0 0
0.5820 0.0088 0.0057 -30 0 0 0
0.5820 0.0088 0.0057 -30 0 0 0
0.5660 0.0091 0.0056 -30 0 0 0
0.5660 0.0091 0.0056 -30 0 0 0
0.5660 0.0091 0.0056 -30 0 0 0
0.5660 0.0091 0.0056 -30 0 0 0
0.5760 0.0096 0.0060 0 0 0 0
0.5680 0.0068 0.0155 -30 0 0 0
0.5240 0.0050 0.0145 -30 0 0 0
0.5420 0.0042 0.0140 -30 0 0 0
0.5440 0.0039 0.0138 -30 0 0 0
0.5560 0.0043 0.0138 -30 0 0 0
0.5380 0.0070 0.0123 -30 0 0 0
0.5380 0.0070 0.0123 -30 0 0 0
0.5540 0.0078 0.0111 -30 0 0 0
0.5540 0.0078 0.0111 -30 0 0 0
0.5540 0.0078 0.0111 -30 0 0 0
0.5620 0.0082 0.0116 -30 0 0 0
0.5620 0.0082 0.0116 -30 0 0 0
0.5620 0.0082 0.0116 -30 0 0 0
0.5620 0.0082 0.0116 -30 0 0 0
0.5500 0.0083 0.0116 -30 0 0 0
0.5500 0.0083 0.0116 -30 0 0 0
0.5500 0.0083 0.0116 -30 0 0 0
0.5500 0.0083 0.0116 -30 0 0 0
0.5640 0.0079 0.0120 -30 0 0 0
0.5640 0.0079 0.0120 -30 0 0 0
0.5640 0.0079 0.0120 -30 0 0 0
0.5640 0.0079 0.0120 -30 0 0 0
0.5640 0.0079 0.0120 -30 0 0 0
0.5640 0.0079 0.0120 -30 0 0 0
0.5640 0.0079 0.0120 -30 0 0 0
0.5640 0.0079 0.0120 -30 0 0 0
0.5520 0.0074 0.0118 -30 0 0 0
0.5520 0.0074 0.0118 -30 0 0 0
0.5520 0.0074 0.0118 -30 0 0 0
0.5540 0.0074 0.0120 -30 0 0 0
0.5540 0.0082 0.0120 -30 0 0 0
0.5580 0.0082 0.0120 -30 0 0 0
0.5580 0.0082 0.0120 -30 0 0 0
0.5500 0.0094 0.0073 -30 0 0 0
0.5500 0.0094 0.0073 -30 0 0 0
0.5500 0.0094 0.0073 -30 0 0 0
0.5500 0.0094 0.0073 -30 0 0 0
0.5400 0.0097 0.0077 -30 0 0 0
0.5400 0.0097 0.0077 -30 0 0 0
0.5400 0.0097 0.0077 -30 0 0 0
0.5400 0.0097 0.0077 -30 0 0 0
0.5340 0.0090 0.0076 -30 0 0 0
0.5340 0.0090 0.0076 -30 0 0 0
0.5340 0.0090 0.0076 -30 0 0 0
0.5340 0.0075 0.0075 -30 0 0 0
0.5340 0.0075 0.0075 -30 0 0 0
0.5340 0.0075 0.0075 -30 0 0 0
0.5340 0.0075 0.0075 -30 0 0 0
0.5340 0.0060 0.0068 -30 0 0 0
0.5340 0.0060 0.0068 -30 0 0 0
0.5340 0.0060 0.0068 -30 0 0 0
0.5340 0.0060 0.0068 -30 0 0 0
0.5340 0.0060 0.0068 -30 0 0 0
0.5480 0.0049 0.0059 -30 0 0 0
0.5480 0.0049 0.0059 -30 0 0 0
0.5280 0.0047 0.0057 -30 0 0 0
0.5280 0.0047 0.0057 -30 0 0 0
0.5280 0.0047 0.0057 -30 0 0 0
0.5280 0.0047 0.0057 -30 0 0 0
0.5280 0.0047 0.0057 -30 0 0 0
0.5420 0.0051 0.0044 -30 0 0 0
0.5420 0.0051 0.0044 -30 0 0 0
0.5420 0.0051 0.0044 0 0 0 0
0.5680 0.0097 -0.0000 -30 0 0 0
0.5900 0.0089 -0.0014 -30 0 0 0
0.5740 0.0080 -0.0019 -30 0 0 0
0.5640 0.0073 -0.0028 -30 0 0 0
0.5720 0.0077 -0.0036 -30 0 0 0
0.5440 0.0076 -0.0039 -30 0 0 0
0.5600 0.0074 -0.0040 -30 0 0 0
0.5600 0.0074 -0.0040 -30 0 0 0
0.5600 0.0074 -0.0040 -30 0 0 0
0.5600 0.0072 -0.0053 -30 0 0 0
0.5440 0.0072 -0.0053 -30 0 0 0
0.5440 0.0072 -0.0053 -30 0 0 0
0.5440 0.0073 -0.0054 -30 0 0 0
0.5440 0.0073 -0.0054 -30 0 0 0
0.5440 0.0073 -0.0054 -30 0 0 0
0.5340 0.0073 -0.0052 -30 0 0 0
0.5340 0.0073 -0.0052 -30 0 0 0
0.5340 0.0073 -0.0052 -30 0 0 0
0.5340 0.0073 -0.0052 -30 0 0 0
0.5340 0.0073 -0.0052 -30 0 0 0
0.5340 0.0073 -0.0052 -30 0 0 0
0.5460 0.0073 -0.0053 -30 0 0 0
0.5460 0.0073 -0.0053 -30 0 0 0
0.5500 0.0075 -0.0050 -30 0 0 0
0.5500 0.0075 -0.0050 -30 0 0 0
0.5500 0.0075 -0.0050 -30 0 0 0
0.5500 0.0075 -0.0050 -30 0 0 0
0.5500 0.0075 -0.0050 -30 0 0 0
0.5640 0.0077 -0.0046 -30 0 0 0
0.5640 0.0077 -0.0046 -30 0 0 0
0.5640 0.0077 -0.0046 -30 0 0 0
0.5640 0.0077 -0.0046 -30 0 0 0
0.5640 0.0077 -0.0046 -30 0 0 0
0.5500 0.0079 -0.0032 -30 0 0 0
0.5500 0.0079 -0.0032 -30 0 0 0
0.5500 0.0079 -0.0032 -30 0 0 0
0.5680 0.0079 -0.0026 -30 0 0 0
0.5680 0.0079 -0.0026 -30 0 0 0
0.5680 0.0079 -0.0026 -30 0 0 0
0.5680 0.0079 -0.0026 -30 0 0 0
0.5680 0.0079 -0.0026 -30 0 0 0
0.5760 0.0075 -0.0027 -30 0 0 0
0.5760 0.0075 -0.0027 -30 0 0 0
0.5760 0.0075 -0.0027 -30 0 0 0
0.5760 0.0075 -0.0027 -30 0 0 0
0.5760 0.0075 -0.0027 -30 0 0 0
0.5520 0.0070 -0.0028 -30 0 0 0
0.5520 0.0070 -0.0028 -30 0 0 0
0.5620 0.0067 -0.0028 -30 0 0 0
0.5620 0.0067 -0.0028 -30 0 0 0
0.5620 0.0067 -0.0028 -30 0 0 0
0.5620 0.0067 -0.0028 -30 0 0 0
0.5780 0.0064 -0.0027 -30 0 0 0
0.5780 0.0064 -0.0027 -30 0 0 0
0.5780 0.0064 -0.0027 -30 0 0 0
0.5780 0.0064 -0.0027 -30 0 0 0
0.5780 0.0064 -0.0027 -30 0 0 0
0.5780 0.0064 -0.0027 -30 0 0 0
0.5780 0.0060 -0.0037 -30 0 0 0
0.5780 0.0060 -0.0037 -30 0 0 0
0.5740 0.0057 -0.0037 -30 0 0 0
0.5740 0.0057 -0.0037 -30 0 0 0
0.5740 0.0057 -0.0037 -30 0 0 0
0.5740 0.0057 -0.0037 -30 0 0 0
0.5780 0.0056 -0.0033 -30 0 0 0
0.5780 0.0056 -0.0033 -30 0 0 0
0.5780 0.0056 -0.0033 -30 0 0 0
0.5780 0.0056 -0.0033 -30 0 0 0
0.5780 0.0056 -0.0033 -30 0 0 0
0.5800 0.0060 -0.0026 -30 0 0 0
0.5800 0.0060 -0.0026 -30 0 0 0
0.5800 0.0060 -0.0026 -30 0 0 0
0.5860 0.0062 -0.0024 -30 0 0 0
0.5860 0.0062 -0.0024 -30 0 0 0
0.5860 0.0062 -0.0024 -30 0 0 0
0.5860 0.0062 -0.0024 -30 0 0 0
0.5860 0.0063 -0.0018 -30 0 0 0
0.5560 0.0063 -0.0018 -30 0 0 0
0.5560 0.0063 -0.0018 -30 0 0 0
0.5560 0.0063 -0.0018 -30 0 0 0
0.5560 0.0063 -0.0018 -30 0 0 0
0.5560 0.0063 -0.0018 -30 0 0 0
0.5560 0.0063 -0.0018 -30 0 0 0
0.5560 0.0063 -0.0018 -30 0 0 0
0.5560 0.0063 -0.0018 -30 0 0 0
0.5560 0.0063 -0.0018 -30 0 0 0
0.5560 0.0063 -0.0018 -30 0 0 0
0.5560 0.0063 -0.0018 -30 0 0 0
0.5620 0.0056 -0.0017 -30 0 0 0
0.5620 0.0053 -0.0014 -30 0 0 0
0.5520 0.0053 -0.0014 -30 0 0 0
0.5520 0.0053 -0.0014 -30 0 0 0
0.5520 0.0051 -0.0011 -30 0 0 0
0.5620 0.0051 -0.0011 -30 0 0 0
0.5620 0.0051 -0.0011 -30 0 0 0
0.5980 0.0051 -0.0011 -30 0 0 0
0.5980 0.0051 -0.0011 -30 0 0 0
0.5980 0.0051 -0.0011 -30 0 0 0
0.5980 0.0051 -0.0011 -30 0 0 0
0.5760 0.0050 -0.0021 -30 0 0 0
0.5760 0.0050 -0.0021 -30 0 0 0
0.5760 0.0050 -0.0021 -30 0 0 0
0.5760 0.0050 -0.0021 -30 0 0 0
0.5760 0.0050 -0.0021 -30 0 0 0
0.5760 0.0050 -0.0021 -30 0 0 0
0.5740 0.0044 -0.0016 -30 0 0 0
0.5740 0.0044 -0.0016 -30 0 0 0
0.5800 0.0039 -0.0003 -30 0 0 0
0.5800 0.0039 -0.0003 -30 0 0 0
0.5800 0.0039 -0.0003 -30 0 0 0
0.5800 0.0039 -0.0003 -30 0 0 0
0.5800 0.0039 -0.0003 -30 0 0 0
0.5800 0.0039 -0.0003 -30 0 0 0
0.5620 0.0029 -0.0007 -30 0 0 0
0.5620 0.0029 -0.0007 -30 0 0 0
0.5620 0.0029 -0.0007 -30 0 0 0
0.5620 0.0029 -0.0007 -30 0 0 0
0.5760 0.0022 0.0006 -30 0 0 0
0.5760 0.0022 0.0006 -30 0 0 0
0.5560 0.0016 0.0006 -30 0 0 0
0.5560 0.0016 0.0006 -30 0 0 0
0.5560 0.0016 0.0006 -30 0 0 0
0.5560 0.0016 0.0006 -30 0 0 0
0.5560 0.0016 0.0006 -30 0 0 0
0.5560 0.0016 0.0006 -30 0 0 0
0.5640 0.0014 0.0023 -30 0 0 0
0.5640 0.0014 0.0023 -30 0 0 0
0.5640 0.0014 0.0023 -30 0 0 0
0.5640 0.0014 0.0023 -30 0 0 0
0.5640 0.0014 0.0023 -30 0 0 0
0.5800 0.0015 0.0019 -30 0 0 0
0.5800 0.0015 0.0019 -30 0 0 0
0.5800 0.0015 0.0019 0 0 0 0
0.5680 0.0016 0.0020 0 -30 0 0
0.5440 0.0015 0.0053 0 -30 0 0
0.5600 0.0015 0.0053 0 -30 0 0
0.5580 0.0017 0.0054 0 -30 0 0
0.5540 0.0018 0.0059 0 -30 0 0
0.5660 0.0016 0.0057 0 -30 0 0
0.5660 0.0016 0.0057 0 -30 0 0
0.5740 0.0021 0.0054 0 -30 0 0
0.5740 0.0021 0.0054 0 -30 0 0
0.5740 0.0021 0.0054 0 -30 0 0
0.5740 0.0021 0.0054 0 -30 0 0
0.5740 0.0021 0.0054 0 -30 0 0
0.5760 0.0034 0.0053 0 -30 0 0
0.5760 0.0034 0.0053 0 -30 0 0
0.5760 0.0034 0.0053 0 -30 0 0
0.5760 0.0034 0.0053 0 -30 0 0
0.5440 0.0049 0.0052 0 -30 0 0
0.5440 0.0049 0.0052 0 -30 0 0
0.5440 0.0049 0.0052 0 -30 0 0
0.5480 0.0061 0.0054 0 -30 0 0
0.5480 0.0061 0.0054 0 -30 0 0
0.5480 0.0061 0.0054 0 -30 0 0
0.5480 0.0061 0.0054 0 -30 0 0
0.5480 0.0061 0.0054 0 -30 0 0
0.5480 0.0063 0.0044 0 -30 0 0
0.5420 0.0063 0.0044 0 -30 0 0
0.5420 0.0063 0.0044 0 -30 0 0
0.5420 0.0063 0.0044 0 -30 0 0
0.5420 0.0063 0.0044 0 -30 0 0
0.5420 0.0063 0.0044 0 -30 0 0
0.5580 0.0057 0.0045 0 -30 0 0
0.5680 0.0055 0.0043 0 -30 0 0
0.5680 0.0055 0.0043 0 -30 0 0
0.5680 0.0055 0.0043 0 -30 0 0
0.5680 0.0055 0.0043 0 -30 0 0
0.5680 0.0058 0.0044 0 -30 0 0
0.5740 0.0058 0.0044 0 -30 0 0
0.5740 0.0058 0.0044 0 -30 0 0
0.5740 0.0058 0.0044 0 -30 0 0
0.5720 0.0064 0.0049 0 -30 0 0
0.5720 0.0064 0.0049 0 -30 0 0
0.5720 0.0068 0.0053 0 -30 0 0
0.5880 0.0068 0.0053 0 -30 0 0
0.5880 0.0068 0.0053 0 -30 0 0
0.5880 0.0068 0.0053 0 -30 0 0
0.5880 0.0068 0.0053 0 -30 0 0
0.5880 0.0068 0.0053 0 -30 0 0
0.5740 0.0074 0.0062 0 -30 0 0
0.5740 0.0074 0.0062 0 -30 0 0
0.5740 0.0074 0.0062 0 -30 0 0
0.5740 0.0074 0.0062 0 -30 0 0
0.5600 0.0076 0.0064 0 -30 0 0
0.5600 0.0076 0.0064 0 -30 0 0
0.5780 0.0075 0.0065 0 -30 0 0
0.5780 0.0075 0.0065 0 -30 0 0
0.5780 0.0075 0.0065 0 -30 0 0
0.5780 0.0075 0.0065 0 -30 0 0
0.5780 0.0075 0.0065 0 -30 0 0
0.5720 0.0069 0.0064 0 -30 0 0
0.5720 0.0069 0.0064 0 -30 0 0
0.5720 0.0069 0.0064 0 -30 0 0
0.5720 0.0069 0.0064 0 -30 0 0
0.5720 0.0069 0.0064 0 -30 0 0
0.5780 0.0058 0.0063 0 -30 0 0
0.5780 0.0058 0.0063 0 -30 0 0
0.5760 0.0049 0.0064 0 -30 0 0
0.5760 0.0049 0.0064 0 -30 0 0
0.5760 0.0049 0.0064 0 -30 0 0
0.5760 0.0049 0.0064 0 -30 0 0
0.5760 0.0049 0.0064 0 -30 0 0
0.5780 0.0031 0.0058 0 -30 0 0
0.5780 0.0031 0.0058 0 -30 0 0
0.5780 0.0031 0.0058 0 -30 0 0
0.5780 0.0031 0.0058 0 -30 0 0
0.5680 0.0022 0.0065 0 -30 0 0
0.5680 0.0022 0.0065 0 -30 0 0
0.5720 0.0017 0.0072 0 -30 0 0
0.5720 0.0017 0.0072 0 -30 0 0
0.5720 0.0017 0.0072 0 -30 0 0
0.5720 0.0017 0.0072 0 -30 0 0
0.5720 0.0017 0.0072 0 -30 0 0
0.5720 0.0017 0.0072 0 -30 0 0
0.5680 0.0020 0.0072 0 -30 0 0
0.5680 0.0020 0.0072 0 -30 0 0
0.5680 0.0020 0.0072 0 -30 0 0
0.5680 0.0020 0.0072 0 0 0 0
0.5900 0.0035 0.5116 0 -30 0 0
0.5880 0.0037 0.5120 0 -30 0 0
0.5880 0.0037 0.5120 0 -30 0 0
0.5780 0.0055 0.5127 0 -30 0 0
0.6080 0.0067 0.5129 0 -30 0 0
0.6080 0.0067 0.5129 0 -30 0 0
0.6080 0.0067 0.5129 0 -30 0 0
0.6080 0.0067 0.5129 0 -30 0 0
0.5860 0.0082 0.5129 0 -30 0 0
0.5860 0.0082 0.5129 0 -30 0 0
0.5860 0.0082 0.5129 0 -30 0 0
0.5860 0.0082 0.5129 0 -30 0 0
0.6040 0.0086 0.5140 0 -30 0 0
0.6040 0.0086 0.5140 0 -30 0 0
0.6240 0.0085 0.5135 0 -30 0 0
0.6240 0.0085 0.5135 0 -30 0 0
0.6240 0.0085 0.5135 0 -30 0 0
0.6240 0.0085 0.5135 0 -30 0 0
0.6240 0.0085 0.5135 0 -30 0 0
0.6240 0.0085 0.5135 0 -30 0 0
0.6160 0.0073 0.5127 0 0 0 0
0.6140 0.0052 0.5120 0 -30 0 0
0.6280 0.0046 0.5114 0 -30 0 0
0.6060 0.0044 0.5117 0 -30 0 0
0.6020 0.0043 0.5113 0 -30 0 0
0.6140 0.0048 0.5096 0 -30 0 0
0.6140 0.0048 0.5096 0 -30 0 0
0.6140 0.0048 0.5096 0 -30 0 0
0.6140 0.0048 0.5096 0 -30 0 0
0.6140 0.0048 0.5096 0 -30 0 0
0.6140 0.0048 0.5096 0 -30 0 0
0.5900 0.0054 0.5095 0 -30 0 0
0.5900 0.0054 0.5095 0 -30 0 0
0.5900 0.0054 0.5095 0 -30 0 0
0.5980 0.0062 0.5087 0 -30 0 0
0.5980 0.0062 0.5087 0 -30 0 0
0.5980 0.0062 0.5087 0 -30 0 0
0.6020 0.0070 0.5073 0 -30 0 0
0.6020 0.0070 0.5073 0 -30 0 0
0.6020 0.0070 0.5073 0 -30 0 0
0.6020 0.0070 0.5073 0 -30 0 0
0.6260 0.0073 0.5074 0 0 0 0
0.6100 0.0135 0.4961 -30 0 0 0
0.5920 0.0133 0.4953 -30 0 0 0
0.5920 0.0129 0.4963 -30 0 0 0
0.6020 0.0124 0.4950 -30 0 0 0
0.5900 0.0109 0.4910 -30 0 0 0
0.6080 0.0109 0.4906 -30 0 0 0
0.5980 0.0121 0.4877 -30 0 0 0
0.5980 0.0128 0.4876 -30 0 0 0
0.5960 0.0128 0.4876 -30 0 0 0
0.6140 0.0134 0.4886 -30 0 0 0
0.6140 0.0134 0.4886 -30 0 0 0
0.6140 0.0134 0.4886 -30 0 0 0
0.6140 0.0134 0.4886 -30 0 0 0
0.6140 0.0134 0.4886 -30 0 0 0
0.6140 0.0134 0.4886 -30 0 0 0
0.5880 0.0134 0.4921 -30 0 0 0
0.5880 0.0134 0.4921 -30 0 0 0
0.5880 0.0126 0.4918 -30 0 0 0
0.5880 0.0126 0.4918 -30 0 0 0
0.5880 0.0126 0.4918 -30 0 0 0
0.5880 0.0126 0.4918 -30 0 0 0
0.5720 0.0117 0.4920 -30 0 0 0
0.5720 0.0117 0.4920 -30 0 0 0
0.5720 0.0117 0.4920 -30 0 0 0
0.5720 0.0117 0.4920 -30 0 0 0
0.5720 0.0117 0.4920 -30 0 0 0
0.5720 0.0117 0.4920 -30 0 0 0
0.5680 0.0101 0.4904 -30 0 0 0
0.5680 0.0101 0.4904 -30 0 0 0
0.5680 0.0101 0.4904 -30 0 0 0
0.5680 0.0101 0.4904 -30 0 0 0
0.5680 0.0101 0.4904 -30 0 0 0
0.5780 0.0088 0.4893 -30 0 0 0
0.5780 0.0088 0.4893 -30 0 0 0
0.5780 0.0088 0.4893 -30 0 0 0
0.5760 0.0074 0.4896 -30 0 0 0
0.5760 0.0074 0.4896 -30 0 0 0
0.5760 0.0074 0.4896 -30 0 0 0
0.6000 0.0066 0.4895 -30 0 0 0
0.6000 0.0066 0.4895 0 0 0 0
0.6020 0.0060 0.4953 -30 0 0 0
0.5960 0.0060 0.4953 -30 0 0 0
0.6220 0.0069 0.4989 -30 0 0 0
0.6180 0.0070 0.4996 -30 0 0 0
0.6260 0.0061 0.5007 -30 0 0 0
0.6160 0.0059 0.4978 -30 0 0 0
0.6080 0.0068 0.4983 -30 0 0 0
0.6060 0.0078 0.4965 -30 0 0 0
0.6060 0.0078 0.4965 -30 0 0 0
0.6060 0.0078 0.4965 -30 0 0 0
0.6060 0.0078 0.4965 -30 0 0 0
0.6060 0.0078 0.4965 -30 0 0 0
0.6040 0.0082 0.4946 -30 0 0 0
0.6040 0.0082 0.4946 -30 0 0 0
0.6040 0.0082 0.4946 -30 0 0 0
0.6080 0.0081 0.4975 -30 0 0 0
0.6080 0.0081 0.4975 -30 0 0 0
0.6080 0.0081 0.4975 0 0 0 0
0.6160 0.0080 0.4981 -30 0 0 0
0.6260 0.0086 0.4984 -30 0 0 0
0.6120 0.0093 0.5021 -30 0 0 0
0.6020 0.0098 0.5015 -30 0 0 0
0.6020 0.0098 0.5015 -30 0 0 0
0.5900 0.0097 0.5104 -30 0 0 0
0.5900 0.0097 0.5104 -30 0 0 0
0.5900 0.0097 0.5104 -30 0 0 0
0.5900 0.0097 0.5104 -30 0 0 0
0.6180 0.0085 0.5119 -30 0 0 0
0.6180 0.0085 0.5119 -30 0 0 0
0.6180 0.0067 0.5136 -30 0 0 0
0.6260 0.0067 0.5136 -30 0 0 0
0.6260 0.0067 0.5136 -30 0 0 0
0.6260 0.0067 0.5136 0 0 0 0
0.5960 0.0024 0.5150 -30 0 0 0
0.6240 0.0028 0.5131 -30 0 0 0
0.6020 0.0042 0.5125 -30 0 0 0
0.5860 0.0053 0.5065 -30 0 0 0
0.6160 0.0055 0.5036 -30 0 0 0
0.5820 0.0085 0.5029 -30 0 0 0
0.5820 0.0085 0.5029 -30 0 0 0
0.5820 0.0085 0.5029 -30 0 0 0
0.5820 0.0085 0.5029 -30 0 0 0
0.5820 0.0085 0.5029 -30 0 0 0
0.5940 0.0104 0.5039 -30 0 0 0
0.5940 0.0119 0.5088 -30 0 0 0
0.6120 0.0119 0.5088 -30 0 0 0
0.6020 0.0126 0.5082 -30 0 0 0
0.6020 0.0126 0.5082 0 0 0 0
0.6060 0.0095 0.5154 -30 0 0 0
0.6040 0.0106 0.5140 -30 0 0 0
0.5960 0.0102 0.5096 -30 0 0 0
0.5880 0.0091 0.5024 -30 0 0 0
0.5900 0.0094 0.4986 -30 0 0 0
0.5760 0.0108 0.4962 -30 0 0 0
0.5720 0.0102 0.4915 -30 0 0 0
0.5720 0.0102 0.4915 -30 0 0 0
0.5720 0.0102 0.4915 -30 0 0 0
0.5720 0.0102 0.4915 -30 0 0 0
0.5860 0.0090 0.4900 -30 0 0 0
0.5860 0.0090 0.4900 -30 0 0 0
0.5860 0.0090 0.4900 -30 0 0 0
0.5660 0.0073 0.4880 -30 0 0 0
0.5660 0.0073 0.4880 -30 0 0 0
0.5660 0.0073 0.4880 -30 0 0 0
0.5660 0.0073 0.4880 0 0 0 0
0.5760 0.0054 0.4886 -30 0 0 0
0.5640 0.0045 0.4852 -30 0 0 0
0.5640 0.0045 0.4852 -30 0 0 0
0.5740 0.0046 0.4856 -30 0 0 0
0.5740 0.0046 0.4856 -30 0 0 0
0.5740 0.0046 0.4856 -30 0 0 0
0.5940 0.0053 0.4846 -30 0 0 0
0.5940 0.0053 0.4846 -30 0 0 0
0.5940 0.0053 0.4846 -30 0 0 0
0.5940 0.0053 0.4846 -30 0 0 0
0.5940 0.0053 0.4846 -30 0 0 0
0.5940 0.0053 0.4846 -30 0 0 0
0.5940 0.0053 0.4846 -30 0 0 0
0.5940 0.0053 0.4846 -30 0 0 0
0.5940 0.0053 0.4846 -30 0 0 0
0.5940 0.0053 0.4846 -30 0 0 0
0.5940 0.0053 0.4846 -30 0 0 0
0.5940 0.0053 0.4846 -30 0 0 0
0.5600 0.0063 0.4844 -30 0 0 0
0.5740 0.0078 0.4852 0 0 0 0
0.5640 0.0084 0.4891 -30 0 0 0
0.5640 0.0076 0.4908 -30 0 0 0
0.5680 0.0072 0.4916 -30 0 0 0
0.5640 0.0059 0.4921 -30 0 0 0
0.5660 0.0063 0.4937 -30 0 0 0
0.5700 0.0072 0.4946 -30 0 0 0
0.5700 0.0072 0.4946 -30 0 0 0
0.5700 0.0072 0.4946 -30 0 0 0
0.5700 0.0072 0.4946 -30 0 0 0
0.5700 0.0085 0.4937 -30 0 0 0
0.5700 0.0085 0.4937 -30 0 0 0
0.5700 0.0085 0.4937 -30 0 0 0
0.5700 0.0085 0.4937 -30 0 0 0
0.5700 0.0085 0.4937 -30 0 0 0
0.5580 0.0102 0.4924 -30 0 0 0
0.5580 0.0102 0.4924 -30 0 0 0
0.5580 0.0102 0.4924 -30 0 0 0
0.5580 0.0102 0.4924 0 0 0 0
0.5580 0.0093 0.4916 -30 0 0 0
0.5520 0.0080 0.4944 -30 0 0 0
0.5520 0.0071 0.4925 -30 0 0 0
0.5700 0.0065 0.4920 -30 0 0 0
0.5620 0.0064 0.4933 -30 0 0 0
0.5540 0.0064 0.4934 -30 0 0 0
0.5540 0.0070 0.4972 -30 0 0 0
0.5540 0.0070 0.4972 -30 0 0 0
0.5540 0.0070 0.4972 -30 0 0 0
0.5480 0.0080 0.4976 -30 0 0 0
0.5480 0.0080 0.4976 -30 0 0 0
0.5480 0.0080 0.4976 -30 0 0 0
0.5520 0.0093 0.4979 -30 0 0 0
0.5520 0.0093 0.4979 -30 0 0 0
0.5520 0.0093 0.4979 0 0 0 0
0.5520 0.0072 0.5046 0 -30 0 0
0.5420 0.0068 0.5076 0 -30 0 0
0.5300 0.0076 0.5086 0 -30 0 0
0.5400 0.0101 0.5134 0 -30 0 0
0.5480 0.0101 0.5132 0 -30 0 0
0.5520 0.0098 0.5119 0 -30 0 0
0.5520 0.0098 0.5119 0 -30 0 0
0.5520 0.0098 0.5119 0 -30 0 0
0.5700 0.0094 0.5095 0 -30 0 0
0.5700 0.0094 0.5095 0 -30 0 0
0.5700 0.0094 0.5095 0 -30 0 0
0.5580 0.0094 0.5067 0 -30 0 0
0.5580 0.0094 0.5067 0 -30 0 0
0.5580 0.0094 0.5067 0 -30 0 0
0.5580 0.0094 0.5067 0 -30 0 0
0.5500 0.0095 0.5091 0 -30 0 0
0.5500 0.0095 0.5091 0 -30 0 0
0.5500 0.0095 0.5091 0 -30 0 0
0.5500 0.0095 0.5091 0 -30 0 0
0.5500 0.0095 0.5091 0 -30 0 0
0.5620 0.0098 0.5078 0 -30 0 0
0.5620 0.0098 0.5078 0 -30 0 0
0.5620 0.0098 0.5078 0 -30 0 0
0.5760 0.0099 0.5085 0 -30 0 0
0.5760 0.0099 0.5085 0 -30 0 0
0.5760 0.0099 0.5085 0 -30 0 0
0.5760 0.0099 0.5085 0 -30 0 0
0.5760 0.0099 0.5085 0 -30 0 0
0.5760 0.0098 0.5080 0 -30 0 0
0.5540 0.0098 0.5080 0 -30 0 0
0.5540 0.0098 0.5080 0 -30 0 0
0.5540 0.0098 0.5080 0 -30 0 0
0.5460 0.0095 0.5121 0 -30 0 0
0.5460 0.0095 0.5121 0 -30 0 0
0.5460 0.0090 0.5113 0 -30 0 0
0.5560 0.0090 0.5113 0 -30 0 0
0.5560 0.0090 0.5113 0 -30 0 0
0.5560 0.0090 0.5113 0 -30 0 0
0.5560 0.0090 0.5113 0 -30 0 0
0.5300 0.0081 0.5084 0 -30 0 0
0.5300 0.0081 0.5084 0 -30 0 0
0.5300 0.0081 0.5084 0 -30 0 0
0.5300 0.0081 0.5084 0 -30 0 0
0.5300 0.0081 0.5084 0 -30 0 0
0.5300 0.0081 0.5084 0 -30 0 0
0.5580 0.0073 0.4982 0 -30 0 0
0.5580 0.0073 0.4982 0 -30 0 0
0.5580 0.0073 0.4982 0 -30 0 0
0.5300 0.0070 0.4978 0 -30 0 0
0.5300 0.0070 0.4978 0 -30 0 0
0.5300 0.0070 0.4978 0 -30 0 0
0.5300 0.0070 0.4978 0 -30 0 0
0.5400 0.0067 0.4783 0 -30 0 0
0.5400 0.0067 0.4783 0 -30 0 0
0.5400 0.0067 0.4783 0 -30 0 0
0.5400 0.0067 0.4783 0 -30 0 0
0.5460 0.0066 0.4833 0 -30 0 0
0.5460 0.0066 0.4833 0 -30 0 0
0.5460 0.0066 0.4666 0 -30 0 0
0.5520 0.0066 0.4666 0 -30 0 0
0.5520 0.0066 0.4666 0 -30 0 0
0.5520 0.0066 0.4666 0 -30 0 0
0.5380 0.0063 0.4657 0 -30 0 0
0.5380 0.0063 0.4657 0 -30 0 0
0.5380 0.0063 0.4657 0 -30 0 0
0.5380 0.0063 0.4657 0 -30 0 0
0.5380 0.0063 0.4657 0 -30 0 0
0.5320 0.0060 0.4689 0 -30 0 0
0.5320 0.0060 0.4689 0 -30 0 0
0.5320 0.0060 0.4689 0 -30 0 0
0.5320 0.0060 0.4689 0 -30 0 0
0.5200 0.0056 0.4730 0 -30 0 0
0.5200 0.0056 0.4730 0 -30 0 0
0.5200 0.0056 0.4730 0 -30 0 0
0.5200 0.0056 0.4730 0 -30 0 0
0.5200 0.0056 0.4730 0 -30 0 0
0.5360 0.0055 0.4756 0 -30 0 0
0.5360 0.0055 0.4756 0 -30 0 0
0.5360 0.0055 0.4756 0 -30 0 0
0.5360 0.0055 0.4756 0 -30 0 0
0.5360 0.0060 0.4730 0 -30 0 0
0.5520 0.0060 0.4730 0 -30 0 0
0.5520 0.0064 0.4757 0 -30 0 0
0.5540 0.0064 0.4757 0 -30 0 0
0.5540 0.0064 0.4757 0 -30 0 0
0.5540 0.0064 0.4757 0 -30 0 0
0.5540 0.0064 0.4757 0 -30 0 0
0.5540 0.0064 0.4757 0 -30 0 0
0.5540 0.0064 0.4757 0 -30 0 0
0.5540 0.0064 0.4757 0 -30 0 0
0.5540 0.0064 0.4757 0 -30 0 0
0.5540 0.0064 0.4757 0 -30 0 0
0.5540 0.0064 0.4757 0 -30 0 0
0.5540 0.0064 0.4757 0 -30 0 0
0.5420 0.0067 0.4738 0 -30 0 0
0.5420 0.0067 0.4738 0 -30 0 0
0.5180 0.0067 0.4744 0 -30 0 0
0.5460 0.0066 0.4741 0 -30 0 0
0.5460 0.0066 0.4741 0 -30 0 0
0.5460 0.0066 0.4741 0 -30 0 0
0.5460 0.0062 0.4711 0 -30 0 0
0.5300 0.0062 0.4711 0 -30 0 0
0.5300 0.0062 0.4711 0 -30 0 0
0.5300 0.0062 0.4711 0 -30 0 0
0.5340 0.0057 0.4675 0 -30 0 0
0.5340 0.0057 0.4675 0 -30 0 0
0.5300 0.0056 0.4726 0 -30 0 0
0.5300 0.0056 0.4726 0 -30 0 0
0.5300 0.0056 0.4726 0 -30 0 0
0.5300 0.0056 0.4726 0 -30 0 0
0.5300 0.0056 0.4726 0 -30 0 0
0.5300 0.0056 0.4726 0 -30 0 0
0.5500 0.0053 0.4734 0 -30 0 0
0.5500 0.0053 0.4734 0 -30 0 0
0.5500 0.0053 0.4734 0 -30 0 0
0.5500 0.0053 0.4734 0 -30 0 0
0.5500 0.0053 0.4734 0 -30 0 0
0.5500 0.0053 0.4734 0 -30 0 0
0.5500 0.0053 0.4734 0 -30 0 0
0.5500 0.0053 0.4734 0 -30 0 0
0.5500 0.0053 0.4734 0 -30 0 0
0.5500 0.0053 0.4734 0 -30 0 0
0.5500 0.0051 0.4747 0 -30 0 0
0.5500 0.0051 0.4747 0 -30 0 0
0.5520 0.0049 0.4585 0 -30 0 0
0.5380 0.0042 0.4580 0 -30 0 0
0.5380 0.0042 0.4580 0 -30 0 0
0.5380 0.0042 0.4580 0 -30 0 0
0.5400 0.0034 0.4434 0 -30 0 0
0.5400 0.0034 0.4434 0 -30 0 0
0.5400 0.0034 0.4434 0 -30 0 0
0.5400 0.0034 0.4434 0 -30 0 0
0.5360 0.0028 0.4445 0 -30 0 0
0.5360 0.0028 0.4445 0 -30 0 0
0.5360 0.0028 0.4445 0 -30 0 0
0.5360 0.0028 0.4445 0 -30 0 0
0.5360 0.0028 0.4445 0 -30 0 0
0.5400 0.0027 0.4349 0 -30 0 0
0.5400 0.0027 0.4349 0 -30 0 0
0.5400 0.0027 0.4349 0 -30 0 0
0.5580 0.0028 0.4258 0 -30 0 0
0.5580 0.0028 0.4258 0 0 0 0
0.5200 0.0109 0.4063 0 -30 0 0
0.5360 0.0109 0.4063 0 -30 0 0
0.5260 0.0111 0.4134 0 -30 0 0
0.5260 0.0108 0.4208 0 -30 0 0
0.5320 0.0103 0.4242 0 -30 0 0
0.5340 0.0088 0.4292 0 -30 0 0
0.5400 0.0075 0.4329 0 -30 0 0
0.5400 0.0075 0.4329 0 -30 0 0
0.5400 0.0075 0.4329 0 -30 0 0
0.5400 0.0065 0.4341 0 -30 0 0
0.5460 0.0065 0.4341 0 -30 0 0
0.5460 0.0065 0.4341 0 -30 0 0
0.5520 0.0057 0.4351 0 -30 0 0
0.5520 0.0057 0.4351 0 -30 0 0
0.5520 0.0057 0.4351 0 -30 0 0
0.5520 0.0057 0.4351 0 -30 0 0
0.5520 0.0057 0.4351 0 -30 0 0
0.5280 0.0049 0.4387 0 -30 0 0
0.5280 0.0049 0.4387 0 -30 0 0
0.5280 0.0049 0.4387 0 -30 0 0
0.5280 0.0049 0.4387 0 -30 0 0
0.5340 0.0044 0.4403 0 -30 0 0
0.5340 0.0044 0.4403 0 -30 0 0
0.5340 0.0044 0.4403 0 -30 0 0
0.5540 0.0042 0.4410 0 -30 0 0
0.5540 0.0042 0.4410 0 -30 0 0
0.5540 0.0042 0.4410 0 -30 0 0
0.5540 0.0042 0.4410 0 -30 0 0
0.5640 0.0040 0.4421 0 -30 0 0
0.5640 0.0040 0.4421 0 -30 0 0
0.5640 0.0040 0.4421 0 -30 0 0
0.5640 0.0040 0.4421 0 -30 0 0
0.5640 0.0040 0.4431 0 -30 0 0
0.5500 0.0040 0.4431 0 -30 0 0
0.5500 0.0040 0.4431 0 -30 0 0
0.5560 0.0041 0.4444 0 -30 0 0
0.5560 0.0041 0.4444 0 -30 0 0
0.5560 0.0041 0.4444 0 -30 0 0
0.5560 0.0041 0.4444 0 -30 0 0
0.5560 0.0041 0.4444 0 -30 0 0
0.5560 0.0041 0.4444 0 -30 0 0
0.5620 0.0040 0.4454 0 -30 0 0
0.5620 0.0040 0.4454 0 -30 0 0
0.5620 0.0040 0.4454 0 -30 0 0
0.5560 0.0038 0.4498 0 -30 0 0
0.5560 0.0038 0.4498 0 -30 0 0
0.5800 0.0039 0.4506 0 -30 0 0
0.5800 0.0039 0.4506 0 -30 0 0
0.5800 0.0039 0.4506 0 -30 0 0
0.5800 0.0039 0.4506 0 -30 0 0
0.5800 0.0039 0.4506 0 -30 0 0
0.5460 0.0045 0.4541 0 -30 0 0
0.5460 0.0045 0.4541 0 0 0 0
0.5320 0.0054 0.4598 0 -30 0 0
0.5320 0.0049 0.4609 0 -30 0 0
0.5560 0.0046 0.4617 0 -30 0 0
0.5500 0.0045 0.4614 0 -30 0 0
0.5500 0.0045 0.4614 0 -30 0 0
0.5460 0.0044 0.4637 0 -30 0 0
0.5360 0.0045 0.4635 0 -30 0 0
0.5360 0.0045 0.4635 0 -30 0 0
0.5460 0.0052 0.4661 0 -30 0 0
0.5460 0.0052 0.4661 0 -30 0 0
0.5460 0.0052 0.4661 0 -30 0 0
0.5460 0.0052 0.4661 0 -30 0 0
0.5740 0.0058 0.4677 0 -30 0 0
0.5740 0.0058 0.4677 0 -30 0 0
0.5740 0.0058 0.4677 0 -30 0 0
0.5740 0.0058 0.4677 0 -30 0 0
0.5500 0.0061 0.4688 0 -30 0 0
0.5500 0.0061 0.4688 0 -30 0 0
0.5500 0.0061 0.4688 0 -30 0 0
0.5500 0.0061 0.4688 0 -30 0 0
0.5740 0.0058 0.4694 0 -30 0 0
0.5740 0.0058 0.4694 0 -30 0 0
0.5740 0.0058 0.4694 0 -30 0 0
0.5740 0.0058 0.4694 0 -30 0 0
0.5480 0.0053 0.4703 0 -30 0 0
0.5480 0.0053 0.4703 0 -30 0 0
0.5480 0.0053 0.4703 0 -30 0 0
0.5640 0.0050 0.4693 0 -30 0 0
0.5640 0.0050 0.4693 0 -30 0 0
0.5640 0.0050 0.4693 0 -30 0 0
0.5640 0.0050 0.4693 0 -30 0 0
0.5440 0.0047 0.4708 0 -30 0 0
0.5440 0.0047 0.4708 0 -30 0 0
0.5440 0.0047 0.4708 0 -30 0 0
0.5440 0.0047 0.4708 0 -30 0 0
0.5440 0.0042 0.4673 0 -30 0 0
0.5580 0.0042 0.4673 0 -30 0 0
0.5580 0.0042 0.4673 0 -30 0 0
0.5580 0.0037 0.4683 0 -30 0 0
0.5540 0.0037 0.4683 0 -30 0 0
0.5540 0.0037 0.4683 0 -30 0 0
0.5540 0.0037 0.4683 0 -30 0 0
0.5540 0.0037 0.4683 0 -30 0 0
0.5680 0.0034 0.4683 0 -30 0 0
0.5680 0.0034 0.4683 0 -30 0 0
0.5680 0.0034 0.4683 0 -30 0 0
0.5680 0.0034 0.4683 0 -30 0 0
0.5580 0.0036 0.4695 0 -30 0 0
0.5580 0.0036 0.4695 0 -30 0 0
0.5580 0.0036 0.4695 0 -30 0 0
0.5580 0.0036 0.4695 0 -30 0 0
0.5720 0.0038 0.4699 0 -30 0 0
0.5720 0.0038 0.4699 0 -30 0 0
0.5720 0.0038 0.4699 0 -30 0 0
0.5720 0.0038 0.4699 0 -30 0 0
0.5460 0.0042 0.4698 0 -30 0 0
0.5460 0.0042 0.4698 0 -30 0 0
0.5460 0.0042 0.4698 0 -30 0 0
0.5460 0.0042 0.4698 0 -30 0 0
0.5460 0.0042 0.4698 0 -30 0 0
0.5520 0.0052 0.4707 0 -30 0 0
0.5520 0.0052 0.4707 0 -30 0 0
0.5520 0.0052 0.4707 0 -30 0 0
0.5500 0.0060 0.4718 0 -30 0 0
0.5500 0.0060 0.4718 0 -30 0 0
0.5500 0.0060 0.4718 0 -30 0 0
0.5500 0.0060 0.4718 0 -30 0 0
0.5500 0.0060 0.4718 0 -30 0 0
0.5500 0.0065 0.4730 0 -30 0 0
0.5700 0.0065 0.4730 0 -30 0 0
0.5700 0.0065 0.4730 0 -30 0 0
0.5700 0.0065 0.4730 0 -30 0 0
0.5700 0.0065 0.4730 0 -30 0 0
0.5700 0.0065 0.4730 0 -30 0 0
0.5700 0.0065 0.4730 0 -30 0 0
0.5700 0.0065 0.4730 0 -30 0 0
0.5700 0.0065 0.4730 0 -30 0 0
0.5640 0.0069 0.4744 0 -30 0 0
0.5640 0.0069 0.4744 0 -30 0 0
0.5640 0.0069 0.4744 0 -30 0 0
0.5780 0.0070 0.4761 0 -30 0 0
0.5840 0.0068 0.4778 0 -30 0 0
0.5840 0.0068 0.4778 0 -30 0 0
0.6100 0.0066 0.4791 0 -30 0 0
0.6100 0.0066 0.4791 0 -30 0 0
0.6100 0.0066 0.4791 0 -30 0 0
0.6100 0.0066 0.4791 0 -30 0 0
0.5920 0.0062 0.4821 0 -30 0 0
0.5920 0.0062 0.4821 0 -30 0 0
0.5920 0.0062 0.4821 0 -30 0 0
0.5920 0.0062 0.4821 0 -30 0 0
0.5920 0.0057 0.4826 0 -30 0 0
0.5840 0.0057 0.4826 0 -30 0 0
0.5840 0.0057 0.4826 0 -30 0 0
0.5840 0.0057 0.4826 0 -30 0 0
0.5840 0.0057 0.4826 0 -30 0 0
0.5540 0.0055 0.4844 0 -30 0 0
0.5540 0.0055 0.4844 0 -30 0 0
0.5540 0.0055 0.4844 0 -30 0 0
0.5920 0.0058 0.4877 0 -30 0 0
0.5920 0.0058 0.4877 0 -30 0 0
0.5920 0.0058 0.4877 0 -30 0 0
0.5920 0.0058 0.4877 0 -30 0 0
0.5820 0.0057 0.4889 0 -30 0 0
0.5820 0.0057 0.4889 0 -30 0 0
0.5820 0.0057 0.4889 0 -30 0 0
0.5820 0.0057 0.4889 0 -30 0 0
0.5700 0.0053 0.4880 0 -30 0 0
0.5700 0.0053 0.4880 0 0 0 0
0.5880 0.0076 0.4937 0 -30 0 0
0.6080 0.0076 0.4937 0 -30 0 0
0.6120 0.0080 0.4935 0 -30 0 0
0.6180 0.0083 0.4959 0 -30 0 0
0.6020 0.0102 0.4964 0 -30 0 0
0.6080 0.0099 0.4980 0 -30 0 0
0.6260 0.0099 0.4999 0 -30 0 0
0.6140 0.0100 0.5004 0 -30 0 0
0.6140 0.0100 0.5004 0 -30 0 0
0.6140 0.0100 0.5004 0 -30 0 0
0.6440 0.0104 0.5059 0 -30 0 0
0.6440 0.0104 0.5059 0 -30 0 0
0.5980 0.0105 0.5063 0 -30 0 0
0.5980 0.0105 0.5063 0 -30 0 0
0.5980 0.0105 0.5063 0 -30 0 0
0.5980 0.0105 0.5063 0 -30 0 0
0.6200 0.0106 0.5087 0 -30 0 0
0.6200 0.0106 0.5087 0 -30 0 0
0.6200 0.0106 0.5087 0 -30 0 0
0.6200 0.0106 0.5087 0 -30 0 0
0.6200 0.0106 0.5087 0 -30 0 0
0.6200 0.0106 0.5087 0 -30 0 0
0.6240 0.0103 0.5087 0 -30 0 0
0.6240 0.0103 0.5087 0 -30 0 0
0.6060 0.0099 0.5084 0 -30 0 0
0.6060 0.0099 0.5084 0 -30 0 0
0.6060 0.0099 0.5084 0 -30 0 0
0.6060 0.0099 0.5084 0 -30 0 0
0.6140 0.0093 0.5054 0 -30 0 0
0.6140 0.0093 0.5054 0 -30 0 0
0.6140 0.0093 0.5054 0 -30 0 0
0.6140 0.0093 0.5054 0 -30 0 0
0.6140 0.0093 0.5054 0 -30 0 0
0.6080 0.0085 0.5054 0 -30 0 0
0.6080 0.0085 0.5054 0 -30 0 0
0.6080 0.0085 0.5054 0 -30 0 0
0.6040 0.0078 0.5067 0 -30 0 0
0.6040 0.0078 0.5067 0 -30 0 0
0.6040 0.0078 0.5067 0 -30 0 0
0.5940 0.0073 0.5071 0 -30 0 0
0.5940 0.0073 0.5071 0 -30 0 0
0.5940 0.0073 0.5071 0 -30 0 0
0.5940 0.0073 0.5071 0 -30 0 0
0.5940 0.0073 0.5071 0 -30 0 0
0.5940 0.0069 0.5084 0 -30 0 0
0.5940 0.0069 0.5084 0 -30 0 0
0.5940 0.0069 0.5084 0 -30 0 0
0.5960 0.0068 0.5097 0 -30 0 0
0.5960 0.0068 0.5097 0 -30 0 0
0.5960 0.0068 0.5097 0 -30 0 0
0.5960 0.0068 0.5097 0 -30 0 0
0.5820 0.0071 0.5125 0 -30 0 0
0.5820 0.0071 0.5125 0 -30 0 0
0.5820 0.0071 0.5125 0 -30 0 0
0.5820 0.0071 0.5125 0 -30 0 0
0.5820 0.0071 0.5125 0 -30 0 0
0.5840 0.0077 0.5123 0 -30 0 0
0.5840 0.0077 0.5123 0 -30 0 0
0.5840 0.0077 0.5123 0 -30 0 0
0.5840 0.0077 0.5123 0 -30 0 0
0.5840 0.0077 0.5123 0 -30 0 0
0.5840 0.0077 0.5123 0 -30 0 0
0.5840 0.0077 0.5123 0 -30 0 0
0.5840 0.0077 0.5123 0 -30 0 0
0.5840 0.0077 0.5123 0 -30 0 0
0.5840 0.0079 0.5141 0 -30 0 0
0.6000 0.0079 0.5141 0 -30 0 0
0.5920 0.0079 0.5143 0 -30 0 0
0.5940 0.0075 0.5174 0 -30 0 0
0.5940 0.0075 0.5174 0 -30 0 0
0.6020 0.0072 0.5177 0 -30 0 0
0.6020 0.0072 0.5177 0 -30 0 0
0.6020 0.0072 0.5177 0 -30 0 0
0.6020 0.0072 0.5177 0 -30 0 0
0.6020 0.0072 0.5177 0 -30 0 0
0.5840 0.0068 0.5176 0 -30 0 0
0.5840 0.0068 0.5176 0 -30 0 0
0.5840 0.0068 0.5176 0 -30 0 0
0.5840 0.0068 0.5176 0 -30 0 0
0.5840 0.0063 0.5169 0 -30 0 0
0.5900 0.0063 0.5169 0 -30 0 0
0.5900 0.0063 0.5169 0 -30 0 0
0.5980 0.0061 0.5167 0 -30 0 0
0.5980 0.0061 0.5167 0 -30 0 0
0.5980 0.0061 0.5167 0 0 0 0
0.5940 0.0064 0.5166 -30 0 0 0
0.5860 0.0066 0.5161 -30 0 0 0
0.5880 0.0066 0.5160 -30 0 0 0
0.5820 0.0069 0.5156 -30 0 0 0
0.5940 0.0086 0.5172 -30 0 0 0
0.5880 0.0090 0.5183 -30 0 0 0
0.5880 0.0090 0.5183 -30 0 0 0
0.5880 0.0090 0.5183 -30 0 0 0
0.5880 0.0090 0.5183 -30 0 0 0
0.6060 0.0094 0.5182 -30 0 0 0
0.6060 0.0094 0.5182 -30 0 0 0
0.6060 0.0094 0.5182 -30 0 0 0
0.6060 0.0094 0.5182 -30 0 0 0
0.6060 0.0094 0.5182 -30 0 0 0
0.6020 0.0095 0.5231 -30 0 0 0
0.6020 0.0095 0.5231 -30 0 0 0
0.5840 0.0089 0.5228 -30 0 0 0
0.5840 0.0089 0.5228 -30 0 0 0
0.5840 0.0089 0.5228 -30 0 0 0
0.5840 0.0089 0.5228 -30 0 0 0
0.5820 0.0079 0.5227 -30 0 0 0
0.5820 0.0079 0.5227 -30 0 0 0
0.5820 0.0079 0.5227 -30 0 0 0
0.5820 0.0079 0.5227 -30 0 0 0
0.5820 0.0079 0.5227 -30 0 0 0
0.5940 0.0058 0.5219 -30 0 0 0
0.5940 0.0058 0.5219 -30 0 0 0
0.5980 0.0043 0.5211 -30 0 0 0
0.5980 0.0043 0.5211 -30 0 0 0
0.5980 0.0043 0.5211 -30 0 0 0
0.5980 0.0043 0.5211 -30 0 0 0
0.5980 0.0043 0.5211 -30 0 0 0
0.6000 0.0036 0.5220 -30 0 0 0
0.6000 0.0036 0.5220 -30 0 0 0
0.6000 0.0036 0.5220 -30 0 0 0
0.6000 0.0036 0.5220 -30 0 0 0
0.6000 0.0036 0.5220 -30 0 0 0
0.6060 0.0043 0.5213 -30 0 0 0
0.6060 0.0043 0.5213 -30 0 0 0
0.5980 0.0055 0.5228 -30 0 0 0
0.5980 0.0055 0.5228 -30 0 0 0
0.5980 0.0055 0.5228 -30 0 0 0
0.5980 0.0055 0.5228 -30 0 0 0
0.5980 0.0055 0.5228 -30 0 0 0
0.6160 0.0072 0.5220 -30 0 0 0
0.6160 0.0072 0.5220 -30 0 0 0
0.6160 0.0072 0.5220 -30 0 0 0
0.6160 0.0072 0.5220 -30 0 0 0
0.6000 0.0079 0.5221 -30 0 0 0
0.6000 0.0079 0.5221 -30 0 0 0
0.6000 0.0079 0.5221 -30 0 0 0
0.5880 0.0079 0.5220 -30 0 0 0
0.5880 0.0079 0.5220 -30 0 0 0
0.5880 0.0079 0.5220 -30 0 0 0
0.5880 0.0079 0.5220 -30 0 0 0
0.5880 0.0079 0.5220 -30 0 0 0
0.5880 0.0079 0.5220 -30 0 0 0
0.5840 0.0073 0.5218 -30 0 0 0
0.5840 0.0073 0.5218 -30 0 0 0
0.5840 0.0073 0.5218 -30 0 0 0
0.5840 0.0073 0.5218 -30 0 0 0
0.5900 0.0064 0.5217 -30 0 0 0
0.5900 0.0064 0.5217 -30 0 0 0
0.5860 0.0058 0.5200 -30 0 0 0
0.5860 0.0058 0.5200 -30 0 0 0
0.5860 0.0058 0.5200 -30 0 0 0
0.5860 0.0058 0.5200 -30 0 0 0
0.5860 0.0058 0.5200 -30 0 0 0
0.5760 0.0051 0.5214 -30 0 0 0
0.5760 0.0051 0.5214 -30 0 0 0
0.5760 0.0051 0.5214 -30 0 0 0
0.5760 0.0047 0.5213 -30 0 0 0
0.5800 0.0047 0.5213 -30 0 0 0
0.5800 0.0047 0.5213 -30 0 0 0
0.5880 0.0044 0.5209 -30 0 0 0
0.5880 0.0044 0.5209 -30 0 0 0
0.5880 0.0044 0.5209 -30 0 0 0
0.5880 0.0044 0.5209 -30 0 0 0
0.5880 0.0044 0.5209 -30 0 0 0
0.5880 0.0044 0.5209 0 0 0 0
0.5680 0.0118 0.5164 0 0 0 -30
0.5620 0.0120 0.5158 0 0 0 -30
0.5660 0.0113 0.5161 0 0 0 -30
0.5660 0.0113 0.5161 0 0 0 -30
0.5840 0.0116 0.5155 0 0 0 -30
0.5780 0.0124 0.5152 0 0 0 -30
0.6020 0.0132 0.5153 0 0 0 -30
0.6020 0.0132 0.5153 0 0 0 -30
0.6020 0.0132 0.5153 0 0 0 0
0.5880 0.0181 0.5094 0 0 0 -30
0.5920 0.0147 0.5070 0 0 0 -30
0.5960 0.0132 0.5076 0 0 0 -30
0.5980 0.0117 0.5079 0 0 0 -30
0.6000 0.0115 0.5063 0 0 0 0
