0.4800 0.0077 0.0173 0 0 0 30
0.4800 0.0069 0.0186 0 0 0 30
0.4760 0.0061 0.0191 0 0 0 0
0.4900 0.0054 0.0119 0 0 0 -30
0.4800 0.0054 0.0119 0 0 0 -30
0.4480 0.0036 0.0080 0 0 0 -30
0.4700 0.0022 0.0092 0 0 0 -30
0.4680 0.0026 0.0095 0 0 0 -30
0.4680 0.0026 0.0095 0 0 0 -30
0.4520 0.0053 0.0124 0 0 0 0
0.4820 0.0068 0.0128 0 0 0 -30
0.4800 0.0074 0.0126 0 0 0 -30
0.4840 0.0076 0.0120 0 0 0 -30
0.4900 0.0072 0.0088 0 0 0 -30
0.4900 0.0072 0.0088 0 0 0 -30
0.4900 0.0072 0.0088 0 0 0 0
0.4740 0.0123 -0.0030 0 0 0 -30
0.4760 0.0123 -0.0030 0 0 0 -30
0.4820 0.0127 -0.0031 0 0 0 -30
0.4700 0.0103 -0.0030 0 0 0 -30
0.4620 0.0073 -0.0023 0 0 0 0
0.4520 0.0042 -0.0105 -30 0 0 0
0.4580 0.0048 -0.0107 -30 0 0 0
0.4820 0.0064 -0.0118 -30 0 0 0
0.4780 0.0072 -0.0139 -30 0 0 0
0.4780 0.0068 -0.0139 -30 0 0 0
0.4540 0.0056 -0.0159 -30 0 0 0
0.4460 0.0048 -0.0172 -30 0 0 0
0.4460 0.0048 -0.0172 -30 0 0 0
0.4460 0.0048 -0.0172 -30 0 0 0
0.4460 0.0048 -0.0172 -30 0 0 0
0.4780 0.0038 -0.0167 -30 0 0 0
0.4780 0.0038 -0.0167 -30 0 0 0
0.4780 0.0038 -0.0167 -30 0 0 0
0.4680 0.0034 -0.0186 -30 0 0 0
0.4680 0.0034 -0.0186 -30 0 0 0
0.4680 0.0034 -0.0186 -30 0 0 0
0.4680 0.0034 -0.0186 -30 0 0 0
0.4520 0.0032 -0.0186 -30 0 0 0
0.4520 0.0032 -0.0186 -30 0 0 0
0.4520 0.0032 -0.0186 -30 0 0 0
0.4520 0.0032 -0.0186 -30 0 0 0
0.4520 0.0032 -0.0186 -30 0 0 0
0.4520 0.0032 -0.0186 -30 0 0 0
0.4560 0.0035 -0.0198 -30 0 0 0
0.4560 0.0035 -0.0198 -30 0 0 0
0.4560 0.0035 -0.0198 -30 0 0 0
0.4440 0.0041 -0.0193 -30 0 0 0
0.4440 0.0041 -0.0193 -30 0 0 0
0.4440 0.0041 -0.0193 -30 0 0 0
0.4440 0.0041 -0.0193 -30 0 0 0
0.4440 0.0041 -0.0193 -30 0 0 0
0.4580 0.0050 -0.0188 -30 0 0 0
0.4580 0.0050 -0.0188 -30 0 0 0
0.4580 0.0050 -0.0188 -30 0 0 0
0.4580 0.0050 -0.0188 -30 0 0 0
0.4580 0.0050 -0.0188 -30 0 0 0
0.4520 0.0058 -0.0184 -30 0 0 0
0.4520 0.0058 -0.0184 -30 0 0 0
0.4520 0.0058 -0.0184 -30 0 0 0
0.4400 0.0054 -0.0183 -30 0 0 0
0.4400 0.0054 -0.0183 -30 0 0 0
0.4400 0.0054 -0.0183 -30 0 0 0
0.4400 0.0054 -0.0183 -30 0 0 0
0.4560 0.0046 -0.0168 -30 0 0 0
0.4560 0.0046 -0.0168 -30 0 0 0
0.4560 0.0046 -0.0168 -30 0 0 0
0.4560 0.0046 -0.0168 -30 0 0 0
0.4560 0.0046 -0.0168 -30 0 0 0
0.4540 0.0035 -0.0163 -30 0 0 0
0.4540 0.0035 -0.0163 -30 0 0 0
0.4540 0.0035 -0.0163 -30 0 0 0
0.4480 0.0027 -0.0170 -30 0 0 0
0.4480 0.0027 -0.0170 -30 0 0 0
0.4480 0.0027 -0.0170 -30 0 0 0
0.4480 0.0027 -0.0170 -30 0 0 0
0.4360 0.0021 -0.0163 -30 0 0 0
0.4360 0.0021 -0.0163 -30 0 0 0
0.4360 0.0021 -0.0163 -30 0 0 0
0.4360 0.0021 -0.0163 -30 0 0 0
0.4360 0.0021 -0.0163 -30 0 0 0
0.4360 0.0021 -0.0163 -30 0 0 0
0.4360 0.0021 -0.0163 -30 0 0 0
0.4620 0.0018 -0.0169 -30 0 0 0
0.4620 0.0018 -0.0169 -30 0 0 0
0.4620 0.0018 -0.0169 -30 0 0 0
0.4540 0.0021 -0.0165 -30 0 0 0
0.4540 0.0021 -0.0165 -30 0 0 0
0.4540 0.0021 -0.0165 -30 0 0 0
0.4540 0.0021 -0.0165 -30 0 0 0
0.4700 0.0024 -0.0168 -30 0 0 0
0.4700 0.0024 -0.0168 -30 0 0 0
0.4700 0.0024 -0.0168 -30 0 0 0
0.4700 0.0024 -0.0168 -30 0 0 0
0.4700 0.0024 -0.0168 -30 0 0 0
0.4700 0.0024 -0.0168 -30 0 0 0
0.4540 0.0030 -0.0170 -30 0 0 0
0.4540 0.0036 -0.0164 -30 0 0 0
0.4540 0.0036 -0.0164 -30 0 0 0
0.4540 0.0036 -0.0164 -30 0 0 0
0.4540 0.0036 -0.0164 -30 0 0 0
0.4540 0.0036 -0.0164 -30 0 0 0
0.4600 0.0047 -0.0158 -30 0 0 0
0.4600 0.0047 -0.0158 -30 0 0 0
0.4600 0.0047 -0.0158 -30 0 0 0
0.4600 0.0047 -0.0158 -30 0 0 0
0.4600 0.0047 -0.0158 -30 0 0 0
0.4600 0.0047 -0.0158 -30 0 0 0
0.4700 0.0059 -0.0165 -30 0 0 0
0.4700 0.0059 -0.0165 -30 0 0 0
0.4700 0.0059 -0.0165 -30 0 0 0
0.4820 0.0063 -0.0171 -30 0 0 0
0.4820 0.0063 -0.0171 -30 0 0 0
0.4820 0.0063 -0.0171 -30 0 0 0
0.4820 0.0063 -0.0171 -30 0 0 0
0.4820 0.0063 -0.0167 -30 0 0 0
0.4680 0.0063 -0.0167 -30 0 0 0
0.4680 0.0063 -0.0167 -30 0 0 0
0.4680 0.0063 -0.0167 -30 0 0 0
0.4680 0.0063 -0.0167 -30 0 0 0
0.4680 0.0063 -0.0167 -30 0 0 0
0.4680 0.0063 -0.0167 -30 0 0 0
0.4620 0.0057 -0.0154 -30 0 0 0
0.4620 0.0057 -0.0154 -30 0 0 0
0.4520 0.0051 -0.0148 -30 0 0 0
0.4520 0.0051 -0.0148 -30 0 0 0
0.4520 0.0051 -0.0148 -30 0 0 0
0.4520 0.0051 -0.0148 -30 0 0 0
0.4580 0.0046 -0.0149 -30 0 0 0
0.4580 0.0046 -0.0149 -30 0 0 0
0.4580 0.0046 -0.0149 -30 0 0 0
0.4580 0.0046 -0.0149 -30 0 0 0
0.4580 0.0046 -0.0149 -30 0 0 0
0.4800 0.0039 -0.0141 -30 0 0 0
0.4800 0.0039 -0.0141 -30 0 0 0
0.4800 0.0039 -0.0141 -30 0 0 0
0.4400 0.0033 -0.0146 -30 0 0 0
0.4400 0.0033 -0.0146 -30 0 0 0
0.4400 0.0033 -0.0146 -30 0 0 0
0.4400 0.0033 -0.0146 -30 0 0 0
0.4380 0.0027 -0.0145 -30 0 0 0
0.4380 0.0027 -0.0145 -30 0 0 0
0.4380 0.0027 -0.0145 -30 0 0 0
0.4380 0.0027 -0.0145 -30 0 0 0
0.4380 0.0027 -0.0145 -30 0 0 0
0.4380 0.0027 -0.0145 -30 0 0 0
0.4620 0.0021 -0.0139 -30 0 0 0
0.4620 0.0021 -0.0139 -30 0 0 0
0.4620 0.0021 -0.0139 -30 0 0 0
0.4700 0.0019 -0.0137 -30 0 0 0
0.4700 0.0019 -0.0137 -30 0 0 0
0.4700 0.0019 -0.0137 -30 0 0 0
0.4700 0.0019 -0.0137 -30 0 0 0
0.4700 0.0019 -0.0137 -30 0 0 0
0.4700 0.0019 -0.0158 -30 0 0 0
0.4700 0.0019 -0.0158 -30 0 0 0
0.4700 0.0019 -0.0158 -30 0 0 0
0.4700 0.0019 -0.0158 -30 0 0 0
0.4700 0.0019 -0.0158 -30 0 0 0
0.4700 0.0019 -0.0158 -30 0 0 0
0.4800 0.0021 -0.0174 -30 0 0 0
0.4800 0.0021 -0.0174 -30 0 0 0
0.4800 0.0021 -0.0174 -30 0 0 0
0.4700 0.0025 -0.0172 -30 0 0 0
0.4700 0.0025 -0.0172 -30 0 0 0
0.4700 0.0025 -0.0172 -30 0 0 0
0.4700 0.0025 -0.0172 -30 0 0 0
0.4700 0.0030 -0.0181 -30 0 0 0
0.4700 0.0030 -0.0181 -30 0 0 0
0.4700 0.0030 -0.0181 -30 0 0 0
0.4700 0.0030 -0.0181 -30 0 0 0
0.4700 0.0030 -0.0181 -30 0 0 0
0.4700 0.0030 -0.0181 -30 0 0 0
0.4860 0.0034 -0.0173 -30 0 0 0
0.4860 0.0034 -0.0173 -30 0 0 0
0.4860 0.0034 -0.0173 -30 0 0 0
0.4860 0.0034 -0.0173 -30 0 0 0
0.4860 0.0034 -0.0173 -30 0 0 0
0.4860 0.0034 -0.0173 -30 0 0 0
0.4640 0.0038 -0.0170 -30 0 0 0
0.4640 0.0038 -0.0170 -30 0 0 0
0.4640 0.0038 -0.0170 -30 0 0 0
0.4640 0.0038 -0.0170 -30 0 0 0
0.4760 0.0043 -0.0164 -30 0 0 0
0.4760 0.0043 -0.0164 -30 0 0 0
0.4760 0.0043 -0.0164 -30 0 0 0
0.4960 0.0050 -0.0166 -30 0 0 0
0.4960 0.0050 -0.0166 -30 0 0 0
0.4800 0.0052 -0.0162 -30 0 0 0
0.4800 0.0052 -0.0162 -30 0 0 0
0.4800 0.0052 -0.0162 -30 0 0 0
0.4800 0.0052 -0.0162 -30 0 0 0
0.4980 0.0054 -0.0178 -30 0 0 0
0.4980 0.0054 -0.0178 -30 0 0 0
0.4980 0.0054 -0.0178 -30 0 0 0
0.4980 0.0054 -0.0178 -30 0 0 0
0.4980 0.0054 -0.0178 -30 0 0 0
0.4980 0.0054 -0.0178 -30 0 0 0
0.4980 0.0054 -0.0178 -30 0 0 0
0.4980 0.0061 -0.0177 -30 0 0 0
0.4620 0.0061 -0.0177 -30 0 0 0
0.4620 0.0070 -0.0207 -30 0 0 0
0.4460 0.0070 -0.0207 -30 0 0 0
0.4460 0.0070 -0.0207 -30 0 0 0
0.4460 0.0070 -0.0207 -30 0 0 0
0.4480 0.0077 -0.0211 -30 0 0 0
0.4480 0.0077 -0.0211 -30 0 0 0
0.4480 0.0077 -0.0211 -30 0 0 0
0.4480 0.0077 -0.0211 -30 0 0 0
0.4480 0.0077 -0.0211 -30 0 0 0
0.4480 0.0077 -0.0211 -30 0 0 0
0.4600 0.0083 -0.0221 -30 0 0 0
0.4600 0.0083 -0.0221 -30 0 0 0
0.4600 0.0083 -0.0221 -30 0 0 0
0.4500 0.0085 -0.0218 -30 0 0 0
0.4500 0.0085 -0.0218 -30 0 0 0
0.4500 0.0085 -0.0218 -30 0 0 0
0.4500 0.0085 -0.0218 -30 0 0 0
0.4500 0.0086 -0.0248 -30 0 0 0
0.4800 0.0086 -0.0248 -30 0 0 0
0.4800 0.0086 -0.0248 -30 0 0 0
0.4800 0.0086 -0.0248 -30 0 0 0
0.4800 0.0086 -0.0248 -30 0 0 0
0.4800 0.0086 -0.0248 -30 0 0 0
0.4660 0.0086 -0.0268 0 0 0 0
0.4520 0.0079 -0.0261 -30 0 0 0
0.4580 0.0067 -0.0255 -30 0 0 0
0.4620 0.0064 -0.0256 -30 0 0 0
0.4660 0.0077 -0.0250 -30 0 0 0
0.4560 0.0097 -0.0258 -30 0 0 0
0.4660 0.0104 -0.0254 -30 0 0 0
0.4840 0.0099 -0.0264 -30 0 0 0
0.4840 0.0099 -0.0264 -30 0 0 0
0.4840 0.0099 -0.0264 -30 0 0 0
0.4840 0.0099 -0.0264 -30 0 0 0
0.4840 0.0099 -0.0264 -30 0 0 0
0.4840 0.0099 -0.0264 -30 0 0 0
0.4840 0.0099 -0.0264 -30 0 0 0
0.4840 0.0099 -0.0264 -30 0 0 0
0.4840 0.0099 -0.0264 -30 0 0 0
0.4840 0.0099 -0.0264 -30 0 0 0
0.4840 0.0099 -0.0264 -30 0 0 0
0.4840 0.0099 -0.0264 -30 0 0 0
0.4840 0.0099 -0.0264 -30 0 0 0
0.4840 0.0099 -0.0264 -30 0 0 0
0.4860 0.0082 -0.0268 -30 0 0 0
0.4720 0.0075 -0.0264 -30 0 0 0
0.4760 0.0073 -0.0280 -30 0 0 0
0.4760 0.0073 -0.0280 -30 0 0 0
0.4980 0.0068 -0.0272 -30 0 0 0
0.4980 0.0068 -0.0272 -30 0 0 0
0.4980 0.0068 -0.0272 -30 0 0 0
0.4980 0.0068 -0.0272 -30 0 0 0
0.5080 0.0060 -0.0265 -30 0 0 0
0.5080 0.0060 -0.0265 -30 0 0 0
0.5080 0.0060 -0.0265 -30 0 0 0
0.4780 0.0055 -0.0260 -30 0 0 0
0.4780 0.0055 -0.0260 -30 0 0 0
0.4780 0.0055 -0.0260 -30 0 0 0
0.4780 0.0055 -0.0260 -30 0 0 0
0.4780 0.0055 -0.0260 -30 0 0 0
0.4800 0.0051 -0.0258 -30 0 0 0
0.4800 0.0051 -0.0258 -30 0 0 0
0.4800 0.0051 -0.0258 -30 0 0 0
0.4800 0.0051 -0.0258 -30 0 0 0
0.4800 0.0054 -0.0252 -30 0 0 0
0.4900 0.0054 -0.0252 -30 0 0 0
0.4900 0.0054 -0.0252 -30 0 0 0
0.4900 0.0056 -0.0270 -30 0 0 0
0.4900 0.0056 -0.0270 -30 0 0 0
0.4900 0.0056 -0.0270 -30 0 0 0
0.4900 0.0056 -0.0270 -30 0 0 0
0.4900 0.0056 -0.0270 -30 0 0 0
0.4900 0.0056 -0.0270 -30 0 0 0
0.4740 0.0055 -0.0263 -30 0 0 0
0.4740 0.0055 -0.0263 -30 0 0 0
0.4740 0.0055 -0.0263 -30 0 0 0
0.4740 0.0055 -0.0263 -30 0 0 0
0.4940 0.0052 -0.0285 -30 0 0 0
0.4940 0.0052 -0.0285 -30 0 0 0
0.4940 0.0052 -0.0285 -30 0 0 0
0.4940 0.0052 -0.0285 -30 0 0 0
0.4940 0.0052 -0.0285 -30 0 0 0
0.4940 0.0052 -0.0285 -30 0 0 0
0.4940 0.0052 -0.0285 -30 0 0 0
0.4940 0.0052 -0.0285 -30 0 0 0
0.4940 0.0052 -0.0285 -30 0 0 0
0.4940 0.0052 -0.0285 -30 0 0 0
0.4940 0.0052 -0.0285 -30 0 0 0
0.5000 0.0049 -0.0280 -30 0 0 0
0.5140 0.0049 -0.0264 -30 0 0 0
0.4660 0.0052 -0.0262 -30 0 0 0
0.4660 0.0052 -0.0262 -30 0 0 0
0.4660 0.0052 -0.0262 -30 0 0 0
0.5000 0.0055 -0.0264 -30 0 0 0
0.5000 0.0055 -0.0264 -30 0 0 0
0.5000 0.0055 -0.0264 -30 0 0 0
0.5000 0.0055 -0.0264 -30 0 0 0
0.5000 0.0055 -0.0264 -30 0 0 0
0.4660 0.0060 -0.0277 -30 0 0 0
0.4660 0.0060 -0.0277 -30 0 0 0
0.4660 0.0060 -0.0277 0 0 0 0
0.4840 0.0096 -0.0290 0 0 0 30
0.5020 0.0112 -0.0301 0 0 0 30
0.4980 0.0127 -0.0293 0 0 0 30
0.4840 0.0152 -0.0285 0 0 0 30
0.5180 0.0164 -0.0280 0 0 0 30
0.4980 0.0167 -0.0274 0 0 0 30
0.5040 0.0158 -0.0263 0 0 0 30
0.5040 0.0158 -0.0263 0 0 0 30
0.5040 0.0158 -0.0263 0 0 0 0
0.5060 0.0146 -0.0254 0 0 0 30
0.5040 0.0132 -0.0241 0 0 0 30
0.5020 0.0121 -0.0228 0 0 0 30
0.4820 0.0121 -0.0206 0 0 0 30
0.5040 0.0118 -0.0189 0 0 0 30
0.5040 0.0118 -0.0189 0 0 0 0
0.4900 0.0096 -0.0132 0 0 0 30
0.4960 0.0089 -0.0110 0 0 0 30
0.5000 0.0089 -0.0110 0 0 0 30
0.5000 0.0097 -0.0094 0 0 0 30
0.5000 0.0097 -0.0094 0 0 0 30
0.5060 0.0103 -0.0087 0 0 0 30
0.5060 0.0103 -0.0087 0 0 0 30
0.5060 0.0103 -0.0087 0 0 0 0
0.4880 0.0117 0.0000 -30 0 0 0
0.4840 0.0115 0.0010 -30 0 0 0
0.5120 0.0105 0.0031 -30 0 0 0
0.5220 0.0099 0.0037 -30 0 0 0
0.4900 0.0090 0.0051 -30 0 0 0
0.4880 0.0082 0.0052 -30 0 0 0
0.4920 0.0080 0.0061 -30 0 0 0
0.4920 0.0080 0.0061 -30 0 0 0
0.4940 0.0084 0.0055 -30 0 0 0
0.4940 0.0084 0.0055 -30 0 0 0
0.4940 0.0088 0.0058 -30 0 0 0
0.4960 0.0088 0.0058 -30 0 0 0
0.4960 0.0088 0.0058 -30 0 0 0
0.4960 0.0088 0.0058 -30 0 0 0
0.4960 0.0088 0.0058 -30 0 0 0
0.4960 0.0101 0.0053 -30 0 0 0
0.4960 0.0101 0.0053 -30 0 0 0
0.4960 0.0101 0.0053 -30 0 0 0
0.4960 0.0101 0.0053 -30 0 0 0
0.4960 0.0113 0.0055 0 0 0 0
0.5200 0.0121 0.0035 -30 0 0 0
0.4980 0.0121 0.0032 -30 0 0 0
0.4980 0.0121 0.0032 -30 0 0 0
0.4980 0.0121 0.0032 -30 0 0 0
0.4980 0.0121 0.0032 -30 0 0 0
0.4980 0.0121 0.0032 -30 0 0 0
0.4980 0.0121 0.0032 -30 0 0 0
0.4980 0.0121 0.0032 -30 0 0 0
0.4980 0.0121 0.0032 -30 0 0 0
0.5100 0.0116 0.0028 -30 0 0 0
0.4900 0.0114 0.0024 -30 0 0 0
0.4880 0.0117 0.0021 -30 0 0 0
0.4880 0.0117 0.0021 -30 0 0 0
0.4880 0.0117 0.0021 -30 0 0 0
0.4880 0.0117 0.0021 -30 0 0 0
0.5120 0.0129 0.0030 -30 0 0 0
0.5120 0.0129 0.0030 -30 0 0 0
0.5120 0.0129 0.0030 -30 0 0 0
0.5120 0.0129 0.0030 -30 0 0 0
0.4900 0.0145 0.0026 -30 0 0 0
0.4900 0.0145 0.0026 -30 0 0 0
0.4900 0.0145 0.0026 0 0 0 0
0.5080 0.0113 0.0043 0 30 0 0
0.5240 0.0113 0.0043 0 30 0 0
0.5200 0.0088 0.0056 0 30 0 0
0.5060 0.0090 0.0072 0 30 0 0
0.5160 0.0075 0.0083 0 30 0 0
0.5180 0.0064 0.0087 0 30 0 0
0.5180 0.0064 0.0087 0 30 0 0
0.5180 0.0064 0.0087 0 30 0 0
0.5180 0.0064 0.0087 0 30 0 0
0.5240 0.0056 0.0100 0 30 0 0
0.5240 0.0056 0.0100 0 30 0 0
0.5240 0.0056 0.0100 0 30 0 0
0.5240 0.0056 0.0100 0 30 0 0
0.5240 0.0056 0.0100 0 30 0 0
0.5260 0.0057 0.0102 0 30 0 0
0.5260 0.0057 0.0102 0 30 0 0
0.5260 0.0057 0.0102 0 30 0 0
0.5280 0.0068 0.0105 0 30 0 0
0.5280 0.0068 0.0105 0 30 0 0
0.5280 0.0068 0.0105 0 30 0 0
0.5280 0.0068 0.0105 0 0 0 0
0.5140 0.0110 0.0108 0 30 0 0
0.5380 0.0112 0.0106 0 30 0 0
0.5200 0.0111 0.0127 0 30 0 0
0.5200 0.0102 0.0118 0 30 0 0
0.4960 0.0102 0.0118 0 30 0 0
0.4960 0.0102 0.0118 0 30 0 0
0.4960 0.0102 0.0118 0 30 0 0
0.5040 0.0095 0.0120 0 30 0 0
0.5040 0.0095 0.0120 0 30 0 0
0.5220 0.0092 0.0120 0 30 0 0
0.5220 0.0092 0.0120 0 30 0 0
0.5220 0.0092 0.0120 0 30 0 0
0.5220 0.0092 0.0120 0 30 0 0
0.4960 0.0088 0.0121 0 30 0 0
0.4960 0.0088 0.0121 0 30 0 0
0.4960 0.0088 0.0121 0 30 0 0
0.4960 0.0088 0.0121 0 30 0 0
0.4960 0.0088 0.0121 0 30 0 0
0.4960 0.0088 0.0121 0 30 0 0
0.5220 0.0088 0.0116 0 0 0 0
0.4920 0.0108 0.0110 0 30 0 0
0.5020 0.0087 0.0111 0 30 0 0
0.4860 0.0079 0.0114 0 30 0 0
0.5120 0.0074 0.0125 0 30 0 0
0.4940 0.0076 0.0120 0 30 0 0
0.5040 0.0074 0.0119 0 30 0 0
0.5040 0.0074 0.0119 0 30 0 0
0.5220 0.0068 0.0126 0 30 0 0
0.5220 0.0068 0.0126 0 30 0 0
0.5220 0.0068 0.0126 0 30 0 0
0.5220 0.0068 0.0126 0 30 0 0
0.5220 0.0068 0.0126 0 30 0 0
0.5220 0.0068 0.0126 0 30 0 0
0.5240 0.0061 0.0123 0 30 0 0
0.5240 0.0061 0.0123 0 30 0 0
0.5120 0.0064 0.0118 0 30 0 0
0.5120 0.0064 0.0118 0 30 0 0
0.5120 0.0064 0.0118 0 30 0 0
0.5120 0.0064 0.0118 0 30 0 0
0.5120 0.0064 0.0118 0 30 0 0
0.5400 0.0072 0.0114 0 30 0 0
0.5400 0.0072 0.0114 0 30 0 0
0.5400 0.0072 0.0114 0 30 0 0
0.5400 0.0072 0.0114 0 30 0 0
0.5400 0.0072 0.0114 0 0 0 0
0.5080 0.0091 0.0125 0 30 0 0
0.4940 0.0098 0.0121 0 30 0 0
0.4940 0.0098 0.0121 0 30 0 0
0.4940 0.0098 0.0121 0 30 0 0
0.4940 0.0098 0.0121 0 30 0 0
0.4940 0.0098 0.0121 0 30 0 0
0.4940 0.0098 0.0121 0 30 0 0
0.5120 0.0107 0.0128 0 30 0 0
0.4860 0.0111 0.0127 0 30 0 0
0.4960 0.0107 0.0121 0 30 0 0
0.4920 0.0086 0.0116 0 30 0 0
0.5140 0.0071 0.0122 0 30 0 0
0.5140 0.0071 0.0122 0 30 0 0
0.5140 0.0071 0.0122 0 30 0 0
0.5140 0.0071 0.0122 0 30 0 0
0.4860 0.0061 0.0123 0 30 0 0
0.4860 0.0061 0.0123 0 30 0 0
0.4860 0.0061 0.0123 0 30 0 0
0.4860 0.0061 0.0123 0 30 0 0
0.4860 0.0061 0.0123 0 30 0 0
0.4860 0.0061 0.0123 0 30 0 0
0.4860 0.0056 0.0119 0 30 0 0
0.5100 0.0056 0.0119 0 30 0 0
0.5000 0.0058 0.0119 0 30 0 0
0.5000 0.0058 0.0119 0 30 0 0
0.5000 0.0058 0.0119 0 30 0 0
0.5000 0.0058 0.0119 0 30 0 0
0.5000 0.0058 0.0119 0 30 0 0
0.5000 0.0063 0.0117 0 30 0 0
0.4920 0.0063 0.0117 0 30 0 0
0.4920 0.0063 0.0117 0 30 0 0
0.4920 0.0063 0.0117 0 30 0 0
0.4920 0.0063 0.0117 0 30 0 0
0.5080 0.0072 0.0117 0 30 0 0
0.5080 0.0072 0.0117 0 30 0 0
0.5080 0.0072 0.0117 0 30 0 0
0.5040 0.0086 0.0113 0 30 0 0
0.5040 0.0086 0.0113 0 30 0 0
0.5040 0.0086 0.0113 0 30 0 0
0.5040 0.0086 0.0113 0 30 0 0
0.5040 0.0086 0.0113 0 30 0 0
0.5040 0.0086 0.0113 0 30 0 0
0.5040 0.0086 0.0113 0 30 0 0
0.5040 0.0086 0.0113 0 30 0 0
0.5040 0.0102 0.0112 0 30 0 0
0.4880 0.0102 0.0112 0 30 0 0
0.5020 0.0101 0.0114 0 30 0 0
0.5060 0.0090 0.0104 0 30 0 0
0.5060 0.0090 0.0104 0 30 0 0
0.5060 0.0090 0.0104 0 30 0 0
0.5060 0.0090 0.0104 0 30 0 0
0.5060 0.0090 0.0104 0 30 0 0
0.5060 0.0090 0.0104 0 30 0 0
0.4880 0.0074 0.0102 0 30 0 0
0.4880 0.0074 0.0102 0 30 0 0
0.4880 0.0074 0.0102 0 30 0 0
0.4880 0.0074 0.0102 0 30 0 0
0.4880 0.0074 0.0102 0 30 0 0
0.4960 0.0063 0.0112 0 30 0 0
0.4960 0.0063 0.0112 0 30 0 0
0.4960 0.0063 0.0112 0 30 0 0
0.5100 0.0059 0.0112 0 30 0 0
0.5100 0.0059 0.0112 0 30 0 0
0.5100 0.0059 0.0112 0 30 0 0
0.5100 0.0059 0.0112 0 30 0 0
0.5100 0.0059 0.0112 0 30 0 0
0.5100 0.0059 0.0112 0 30 0 0
0.5020 0.0059 0.0119 0 30 0 0
0.5020 0.0059 0.0119 0 30 0 0
0.5020 0.0059 0.0119 0 30 0 0
0.5020 0.0059 0.0119 0 30 0 0
0.5020 0.0059 0.0119 0 30 0 0
0.5000 0.0061 0.0123 0 30 0 0
0.5000 0.0061 0.0123 0 30 0 0
0.5000 0.0061 0.0123 0 30 0 0
0.5000 0.0061 0.0123 0 30 0 0
0.5000 0.0061 0.0123 0 30 0 0
0.5000 0.0061 0.0123 0 30 0 0
0.4900 0.0060 0.0120 0 30 0 0
0.4900 0.0060 0.0120 0 30 0 0
0.4900 0.0057 0.0124 0 30 0 0
0.4900 0.0057 0.0124 0 30 0 0
0.4900 0.0057 0.0124 0 30 0 0
0.4900 0.0057 0.0124 0 30 0 0
0.5180 0.0057 0.0113 0 30 0 0
0.5180 0.0057 0.0113 0 30 0 0
0.5180 0.0057 0.0113 0 30 0 0
0.5180 0.0062 0.0114 0 30 0 0
0.5120 0.0062 0.0114 0 30 0 0
0.5120 0.0062 0.0114 0 30 0 0
0.5120 0.0062 0.0114 0 30 0 0
0.5120 0.0062 0.0114 0 30 0 0
0.5080 0.0068 0.0118 0 30 0 0
0.5080 0.0068 0.0118 0 30 0 0
0.5080 0.0068 0.0118 0 30 0 0
0.5080 0.0068 0.0118 0 30 0 0
0.5080 0.0068 0.0118 0 30 0 0
0.4920 0.0073 0.0107 0 30 0 0
0.4920 0.0073 0.0107 0 30 0 0
0.5200 0.0076 0.0104 0 30 0 0
0.5200 0.0076 0.0104 0 30 0 0
0.5200 0.0076 0.0104 0 30 0 0
0.5200 0.0076 0.0104 0 30 0 0
0.5200 0.0076 0.0104 0 30 0 0
0.5200 0.0076 0.0104 0 30 0 0
0.4960 0.0084 0.0091 0 30 0 0
0.4960 0.0084 0.0091 0 0 0 0
0.5260 0.0088 0.0099 -30 0 0 0
0.5120 0.0083 0.0106 -30 0 0 0
0.5300 0.0080 0.0105 -30 0 0 0
0.5280 0.0078 0.0099 -30 0 0 0
0.5140 0.0072 0.0095 -30 0 0 0
0.5200 0.0068 0.0073 -30 0 0 0
0.5200 0.0068 0.0073 -30 0 0 0
0.5280 0.0064 0.0073 -30 0 0 0
0.5280 0.0064 0.0073 -30 0 0 0
0.5280 0.0064 0.0073 -30 0 0 0
0.5280 0.0064 0.0073 -30 0 0 0
0.5280 0.0064 0.0073 -30 0 0 0
0.5140 0.0062 0.0064 -30 0 0 0
0.5140 0.0062 0.0064 -30 0 0 0
0.5140 0.0062 0.0064 -30 0 0 0
0.5140 0.0062 0.0064 -30 0 0 0
0.5140 0.0062 0.0064 -30 0 0 0
0.5140 0.0062 0.0064 -30 0 0 0
0.5140 0.0062 0.0064 -30 0 0 0
0.5220 0.0062 0.0057 -30 0 0 0
0.5220 0.0062 0.0057 -30 0 0 0
0.5220 0.0062 0.0057 -30 0 0 0
0.5300 0.0064 0.0056 -30 0 0 0
0.5300 0.0064 0.0056 -30 0 0 0
0.5260 0.0069 0.0068 0 0 0 0
0.5280 0.0073 0.0068 -30 0 0 0
0.5140 0.0076 0.0068 -30 0 0 0
0.5400 0.0079 0.0066 -30 0 0 0
0.5400 0.0079 0.0066 -30 0 0 0
0.5400 0.0079 0.0066 -30 0 0 0
0.5400 0.0079 0.0066 -30 0 0 0
0.5160 0.0080 0.0068 -30 0 0 0
0.5160 0.0080 0.0068 -30 0 0 0
0.5160 0.0080 0.0068 -30 0 0 0
0.5160 0.0080 0.0068 -30 0 0 0
0.5160 0.0080 0.0068 -30 0 0 0
0.5160 0.0080 0.0068 -30 0 0 0
0.5160 0.0080 0.0068 -30 0 0 0
0.5360 0.0077 0.0068 -30 0 0 0
0.5220 0.0072 0.0069 -30 0 0 0
0.5160 0.0064 0.0068 -30 0 0 0
0.5420 0.0056 0.0064 -30 0 0 0
0.5200 0.0045 0.0065 -30 0 0 0
0.5200 0.0045 0.0065 -30 0 0 0
0.5200 0.0045 0.0065 -30 0 0 0
0.5200 0.0045 0.0065 -30 0 0 0
0.5200 0.0037 0.0063 -30 0 0 0
0.5200 0.0037 0.0063 -30 0 0 0
0.5200 0.0037 0.0063 -30 0 0 0
0.5400 0.0041 0.0064 -30 0 0 0
0.5400 0.0041 0.0064 -30 0 0 0
0.5400 0.0041 0.0064 -30 0 0 0
0.5400 0.0041 0.0064 -30 0 0 0
0.5400 0.0041 0.0064 -30 0 0 0
0.5400 0.0041 0.0064 -30 0 0 0
0.5320 0.0057 0.0066 -30 0 0 0
0.5320 0.0057 0.0066 -30 0 0 0
0.5320 0.0057 0.0066 -30 0 0 0
0.5320 0.0057 0.0066 0 0 0 0
0.5120 0.0085 0.0049 -30 0 0 0
0.5060 0.0085 0.0033 -30 0 0 0
0.4980 0.0083 0.0040 -30 0 0 0
0.5000 0.0081 0.0034 -30 0 0 0
0.5060 0.0075 0.0024 -30 0 0 0
0.4860 0.0072 0.0030 -30 0 0 0
0.4860 0.0072 0.0030 -30 0 0 0
0.4860 0.0072 0.0030 -30 0 0 0
0.4860 0.0072 0.0030 -30 0 0 0
0.5060 0.0070 0.0025 -30 0 0 0
0.5060 0.0070 0.0025 -30 0 0 0
0.5060 0.0070 0.0025 -30 0 0 0
0.5060 0.0070 0.0025 -30 0 0 0
0.5060 0.0070 0.0025 -30 0 0 0
0.4880 0.0069 0.0036 -30 0 0 0
0.4880 0.0069 0.0036 -30 0 0 0
0.4880 0.0069 0.0036 -30 0 0 0
0.4880 0.0069 0.0036 -30 0 0 0
0.4880 0.0066 0.0045 -30 0 0 0
0.5000 0.0066 0.0045 -30 0 0 0
0.5000 0.0066 0.0045 -30 0 0 0
0.5000 0.0066 0.0045 -30 0 0 0
0.5080 0.0065 0.0059 -30 0 0 0
0.5080 0.0065 0.0059 -30 0 0 0
0.5080 0.0065 0.0059 -30 0 0 0
0.5080 0.0065 0.0059 -30 0 0 0
0.5000 0.0066 0.0067 -30 0 0 0
0.5000 0.0066 0.0067 -30 0 0 0
0.5000 0.0066 0.0067 -30 0 0 0
0.5000 0.0066 0.0067 -30 0 0 0
0.5000 0.0066 0.0067 -30 0 0 0
0.5020 0.0064 0.0064 -30 0 0 0
0.5020 0.0064 0.0064 -30 0 0 0
0.5020 0.0064 0.0064 -30 0 0 0
0.5020 0.0064 0.0064 -30 0 0 0
0.5000 0.0061 0.0073 -30 0 0 0
0.5000 0.0061 0.0073 -30 0 0 0
0.5000 0.0061 0.0073 -30 0 0 0
0.5000 0.0061 0.0073 -30 0 0 0
0.4800 0.0060 0.0077 -30 0 0 0
0.4800 0.0060 0.0077 -30 0 0 0
0.4800 0.0060 0.0077 -30 0 0 0
0.4800 0.0060 0.0077 -30 0 0 0
0.5080 0.0059 0.0084 -30 0 0 0
0.5080 0.0059 0.0084 0 0 0 0
0.5380 0.0059 0.0179 -30 0 0 0
0.5440 0.0059 0.0179 -30 0 0 0
0.5060 0.0063 0.0178 -30 0 0 0
0.5420 0.0068 0.0176 -30 0 0 0
0.5420 0.0068 0.0176 -30 0 0 0
0.5420 0.0068 0.0176 -30 0 0 0
0.5420 0.0068 0.0176 -30 0 0 0
0.5420 0.0068 0.0176 -30 0 0 0
0.5420 0.0068 0.0176 -30 0 0 0
0.5420 0.0068 0.0176 -30 0 0 0
0.5340 0.0068 0.0175 -30 0 0 0
0.5420 0.0067 0.0176 -30 0 0 0
0.5500 0.0067 0.0175 -30 0 0 0
0.5480 0.0071 0.0171 -30 0 0 0
0.5520 0.0074 0.0160 -30 0 0 0
0.5340 0.0077 0.0158 -30 0 0 0
0.5340 0.0077 0.0158 -30 0 0 0
0.5340 0.0083 0.0150 -30 0 0 0
0.5280 0.0083 0.0150 -30 0 0 0
0.5280 0.0083 0.0150 -30 0 0 0
0.5280 0.0083 0.0150 -30 0 0 0
0.5360 0.0089 0.0147 -30 0 0 0
0.5360 0.0089 0.0147 -30 0 0 0
0.5360 0.0089 0.0147 0 0 0 0
0.5060 0.0111 0.0106 0 30 0 0
0.5140 0.0109 0.0102 0 30 0 0
0.5040 0.0090 0.0110 0 30 0 0
0.5140 0.0090 0.0110 0 30 0 0
0.5140 0.0090 0.0110 0 30 0 0
0.5140 0.0090 0.0110 0 30 0 0
0.5140 0.0090 0.0110 0 30 0 0
0.5140 0.0090 0.0110 0 30 0 0
0.5140 0.0090 0.0110 0 30 0 0
0.5080 0.0082 0.0104 0 30 0 0
0.5080 0.0072 0.0101 0 30 0 0
0.5340 0.0066 0.0086 0 30 0 0
0.5340 0.0066 0.0086 0 30 0 0
0.5260 0.0067 0.0084 0 30 0 0
0.5260 0.0067 0.0084 0 30 0 0
0.5260 0.0067 0.0084 0 30 0 0
0.5260 0.0067 0.0084 0 30 0 0
0.5260 0.0069 0.0066 0 30 0 0
0.5260 0.0069 0.0066 0 30 0 0
0.5260 0.0069 0.0066 0 30 0 0
0.5260 0.0069 0.0066 0 30 0 0
0.5260 0.0069 0.0066 0 30 0 0
0.5260 0.0069 0.0066 0 30 0 0
0.5240 0.0074 0.0069 0 30 0 0
0.5240 0.0074 0.0069 0 30 0 0
0.5220 0.0077 0.0053 0 30 0 0
0.5220 0.0077 0.0053 0 30 0 0
0.5220 0.0077 0.0053 0 30 0 0
0.5220 0.0077 0.0053 0 30 0 0
0.5300 0.0078 0.0054 0 30 0 0
0.5300 0.0078 0.0054 0 30 0 0
0.5300 0.0078 0.0054 0 30 0 0
0.5300 0.0078 0.0054 0 30 0 0
0.5300 0.0078 0.0054 0 30 0 0
0.5300 0.0079 0.0035 0 30 0 0
0.5360 0.0079 0.0035 0 30 0 0
0.5360 0.0079 0.0035 0 30 0 0
0.5340 0.0080 0.0036 0 30 0 0
0.5340 0.0080 0.0036 0 30 0 0
0.5340 0.0080 0.0036 0 30 0 0
0.5340 0.0080 0.0036 0 30 0 0
0.5180 0.0085 0.0022 0 30 0 0
0.5180 0.0085 0.0022 0 30 0 0
0.5180 0.0085 0.0022 0 30 0 0
0.5180 0.0085 0.0022 0 30 0 0
0.5180 0.0085 0.0022 0 30 0 0
0.5180 0.0085 0.0022 0 30 0 0
0.5180 0.0085 0.0022 0 30 0 0
0.5180 0.0085 0.0022 0 30 0 0
0.5180 0.0085 0.0022 0 30 0 0
0.5180 0.0085 0.0022 0 30 0 0
0.5180 0.0085 0.0022 0 30 0 0
0.5180 0.0085 0.0022 0 30 0 0
0.5180 0.0085 0.0022 0 30 0 0
0.5160 0.0095 0.0006 0 30 0 0
0.5320 0.0099 0.0008 0 30 0 0
0.5200 0.0098 0.0014 0 30 0 0
0.5200 0.0098 0.0014 0 30 0 0
0.5200 0.0098 0.0014 0 30 0 0
0.5200 0.0098 0.0014 0 30 0 0
0.5360 0.0092 0.0018 0 30 0 0
0.5360 0.0092 0.0018 0 30 0 0
0.5420 0.0088 -0.0005 0 30 0 0
0.5420 0.0088 -0.0005 0 30 0 0
0.5420 0.0088 -0.0005 0 30 0 0
0.5420 0.0088 -0.0005 0 30 0 0
0.5380 0.0088 -0.0001 0 30 0 0
0.5380 0.0088 -0.0001 0 30 0 0
0.5380 0.0088 -0.0001 0 30 0 0
0.5380 0.0088 -0.0001 0 30 0 0
0.5380 0.0088 -0.0001 0 30 0 0
0.5380 0.0088 -0.0001 0 30 0 0
0.5380 0.0088 -0.0001 0 30 0 0
0.5400 0.0093 -0.0007 0 30 0 0
0.5400 0.0093 -0.0007 0 30 0 0
0.5320 0.0095 -0.0005 0 30 0 0
0.5320 0.0095 -0.0005 0 30 0 0
0.5320 0.0095 -0.0005 0 30 0 0
0.5320 0.0095 -0.0005 0 30 0 0
0.5400 0.0093 -0.0010 0 30 0 0
0.5400 0.0093 -0.0010 0 30 0 0
0.5400 0.0093 -0.0010 0 30 0 0
0.5400 0.0093 -0.0010 0 30 0 0
0.5400 0.0093 -0.0010 0 30 0 0
0.5400 0.0086 -0.0003 0 30 0 0
0.5400 0.0086 -0.0003 0 30 0 0
0.5400 0.0086 -0.0003 0 30 0 0
0.5420 0.0081 0.0002 0 30 0 0
0.5420 0.0081 0.0002 0 30 0 0
0.5420 0.0081 0.0002 0 30 0 0
0.5420 0.0076 0.0006 0 30 0 0
0.5360 0.0076 0.0006 0 30 0 0
0.5360 0.0076 0.0006 0 30 0 0
0.5360 0.0076 0.0006 0 30 0 0
0.5360 0.0076 0.0006 0 30 0 0
0.5360 0.0076 0.0006 0 30 0 0
0.5540 0.0072 0.0020 0 30 0 0
0.5540 0.0072 0.0020 0 30 0 0
0.5540 0.0072 0.0020 0 30 0 0
0.5300 0.0072 0.0024 0 30 0 0
0.5300 0.0072 0.0024 0 30 0 0
0.5300 0.0072 0.0024 0 30 0 0
0.5300 0.0072 0.0024 0 30 0 0
0.5300 0.0072 0.0024 0 30 0 0
0.5300 0.0075 0.0023 0 30 0 0
0.5300 0.0075 0.0023 0 30 0 0
0.5300 0.0075 0.0023 0 30 0 0
0.5300 0.0075 0.0023 0 30 0 0
0.5300 0.0075 0.0023 0 30 0 0
0.5300 0.0075 0.0023 0 30 0 0
0.5060 0.0080 0.0019 0 30 0 0
0.5280 0.0082 0.0026 0 30 0 0
0.5280 0.0082 0.0026 0 30 0 0
0.5280 0.0082 0.0026 0 30 0 0
0.5280 0.0082 0.0026 0 30 0 0
0.5280 0.0081 0.0035 0 30 0 0
0.5280 0.0081 0.0035 0 30 0 0
0.5280 0.0081 0.0035 0 30 0 0
0.5280 0.0081 0.0035 0 30 0 0
0.5280 0.0081 0.0035 0 30 0 0
0.5280 0.0081 0.0035 0 30 0 0
0.5280 0.0081 0.0035 0 30 0 0
0.5200 0.0080 0.0038 0 30 0 0
0.5200 0.0080 0.0038 0 30 0 0
0.5420 0.0080 0.0027 0 30 0 0
0.5420 0.0080 0.0027 0 30 0 0
0.5420 0.0080 0.0027 0 30 0 0
0.5420 0.0080 0.0027 0 30 0 0
0.5220 0.0079 0.0029 0 30 0 0
0.5220 0.0079 0.0029 0 30 0 0
0.5220 0.0079 0.0029 0 30 0 0
0.5220 0.0079 0.0029 0 30 0 0
0.5220 0.0079 0.0029 0 30 0 0
0.5300 0.0076 0.0017 0 30 0 0
0.5300 0.0076 0.0017 0 30 0 0
0.5420 0.0075 0.0015 0 30 0 0
0.5420 0.0075 0.0015 0 0 0 0
0.5180 0.0028 0.0005 -30 0 0 0
0.5240 0.0027 0.0008 -30 0 0 0
0.5080 0.0033 0.0016 -30 0 0 0
0.5200 0.0038 0.0019 -30 0 0 0
0.5020 0.0038 0.0019 -30 0 0 0
0.5320 0.0028 0.0020 -30 0 0 0
0.5400 0.0026 0.0028 -30 0 0 0
0.5120 0.0026 0.0030 -30 0 0 0
0.5120 0.0026 0.0030 -30 0 0 0
0.5120 0.0026 0.0030 -30 0 0 0
0.5120 0.0026 0.0030 -30 0 0 0
0.5100 0.0032 0.0048 -30 0 0 0
0.5100 0.0032 0.0048 -30 0 0 0
0.5100 0.0032 0.0048 -30 0 0 0
0.5100 0.0032 0.0048 -30 0 0 0
0.5100 0.0032 0.0048 -30 0 0 0
0.5220 0.0033 0.0047 -30 0 0 0
0.5220 0.0033 0.0047 -30 0 0 0
0.5220 0.0033 0.0047 -30 0 0 0
0.5220 0.0033 0.0047 0 0 0 0
0.5340 0.0050 0.0048 -30 0 0 0
0.5280 0.0051 0.0037 -30 0 0 0
0.5260 0.0049 0.0036 -30 0 0 0
0.5520 0.0049 0.0042 -30 0 0 0
0.5540 0.0049 0.0043 -30 0 0 0
0.5360 0.0047 0.0039 -30 0 0 0
0.5400 0.0045 0.0036 -30 0 0 0
0.5320 0.0044 0.0030 -30 0 0 0
0.5320 0.0044 0.0030 -30 0 0 0
0.5320 0.0044 0.0030 -30 0 0 0
0.5320 0.0044 0.0030 -30 0 0 0
0.5560 0.0046 0.0019 -30 0 0 0
0.5560 0.0046 0.0019 -30 0 0 0
0.5560 0.0046 0.0019 -30 0 0 0
0.5560 0.0046 0.0021 -30 0 0 0
0.5560 0.0046 0.0021 -30 0 0 0
0.5560 0.0046 0.0021 -30 0 0 0
0.5560 0.0046 0.0021 -30 0 0 0
0.5560 0.0046 0.0021 -30 0 0 0
0.5560 0.0046 0.0021 -30 0 0 0
0.5380 0.0043 0.0011 -30 0 0 0
0.5380 0.0043 0.0011 0 0 0 0
0.5360 0.0039 0.0003 -30 0 0 0
0.5340 0.0042 0.0005 -30 0 0 0
0.5360 0.0048 0.0008 -30 0 0 0
0.5420 0.0052 0.0003 -30 0 0 0
0.5460 0.0052 0.0003 -30 0 0 0
0.5600 0.0051 0.0003 -30 0 0 0
0.5600 0.0049 0.0005 -30 0 0 0
0.5500 0.0049 0.0005 -30 0 0 0
0.5500 0.0049 0.0005 -30 0 0 0
0.5500 0.0049 0.0005 -30 0 0 0
0.5500 0.0049 0.0005 -30 0 0 0
0.5500 0.0049 0.0005 -30 0 0 0
0.5500 0.0049 0.0005 -30 0 0 0
0.5500 0.0045 0.0002 -30 0 0 0
0.5580 0.0045 0.0002 -30 0 0 0
0.5580 0.0045 0.0002 -30 0 0 0
0.5580 0.0045 0.0002 -30 0 0 0
0.5580 0.0045 0.0002 -30 0 0 0
0.5580 0.0045 0.0002 -30 0 0 0
0.5580 0.0045 0.0002 -30 0 0 0
0.5540 0.0043 0.0004 -30 0 0 0
0.5540 0.0043 0.0004 -30 0 0 0
0.5560 0.0039 0.0017 -30 0 0 0
0.5560 0.0039 0.0017 -30 0 0 0
0.5500 0.0037 0.0017 -30 0 0 0
0.5500 0.0037 0.0017 -30 0 0 0
0.5500 0.0037 0.0017 -30 0 0 0
0.5500 0.0037 0.0017 -30 0 0 0
0.5500 0.0037 0.0017 -30 0 0 0
0.5400 0.0039 0.0003 -30 0 0 0
0.5400 0.0039 0.0003 -30 0 0 0
0.5280 0.0041 0.0006 -30 0 0 0
0.5280 0.0041 0.0006 -30 0 0 0
0.5280 0.0041 0.0006 -30 0 0 0
0.5280 0.0041 0.0006 -30 0 0 0
0.5280 0.0041 0.0006 -30 0 0 0
0.5280 0.0041 0.0006 -30 0 0 0
0.5380 0.0039 0.0002 -30 0 0 0
0.5380 0.0039 0.0002 0 0 0 0
0.5420 0.0033 -0.0020 -30 0 0 0
0.5380 0.0038 -0.0061 -30 0 0 0
0.5600 0.0045 -0.0057 -30 0 0 0
0.5600 0.0069 -0.0031 -30 0 0 0
0.5720 0.0077 -0.0030 -30 0 0 0
0.5660 0.0080 -0.0031 -30 0 0 0
0.5540 0.0081 -0.0025 -30 0 0 0
0.5540 0.0081 -0.0025 -30 0 0 0
0.5540 0.0081 -0.0025 -30 0 0 0
0.5540 0.0081 -0.0025 -30 0 0 0
0.5540 0.0081 -0.0025 -30 0 0 0
0.5440 0.0083 -0.0025 -30 0 0 0
0.5440 0.0083 -0.0025 -30 0 0 0
0.5440 0.0083 -0.0025 -30 0 0 0
0.5440 0.0084 -0.0024 -30 0 0 0
0.5480 0.0084 -0.0024 -30 0 0 0
0.5480 0.0084 -0.0024 -30 0 0 0
0.5480 0.0084 -0.0024 -30 0 0 0
0.5520 0.0084 -0.0024 -30 0 0 0
0.5520 0.0084 -0.0024 -30 0 0 0
0.5520 0.0084 -0.0024 -30 0 0 0
0.5520 0.0084 -0.0024 -30 0 0 0
0.5820 0.0087 0.0002 -30 0 0 0
0.5820 0.0087 0.0002 -30 0 0 0
0.5820 0.0087 0.0002 -30 0 0 0
0.5820 0.0087 0.0002 -30 0 0 0
0.5820 0.0088 0.0007 -30 0 0 0
0.5500 0.0088 0.0007 -30 0 0 0
0.5500 0.0088 0.0007 -30 0 0 0
0.5500 0.0086 0.0017 -30 0 0 0
0.5540 0.0086 0.0017 -30 0 0 0
0.5540 0.0086 0.0017 -30 0 0 0
0.5540 0.0086 0.0017 -30 0 0 0
0.5540 0.0086 0.0017 -30 0 0 0
0.5320 0.0086 0.0020 -30 0 0 0
0.5320 0.0086 0.0020 -30 0 0 0
0.5320 0.0086 0.0020 0 0 0 0
0.5280 0.0080 0.0027 0 30 0 0
0.5500 0.0079 0.0015 0 30 0 0
0.5520 0.0073 0.0016 0 30 0 0
0.5300 0.0062 0.0012 0 30 0 0
0.5560 0.0052 0.0013 0 30 0 0
0.5560 0.0052 0.0013 0 30 0 0
0.5560 0.0052 0.0013 0 30 0 0
0.5560 0.0052 0.0013 0 30 0 0
0.5560 0.0052 0.0013 0 30 0 0
0.5560 0.0052 0.0013 0 30 0 0
0.5560 0.0052 0.0013 0 30 0 0
0.5560 0.0052 0.0013 0 30 0 0
0.5560 0.0052 0.0013 0 30 0 0
0.5560 0.0052 0.0013 0 30 0 0
0.5560 0.0052 0.0013 0 30 0 0
0.5560 0.0052 0.0013 0 30 0 0
0.5560 0.0052 0.0013 0 30 0 0
0.5700 0.0045 0.0014 0 30 0 0
0.5400 0.0047 0.0036 0 30 0 0
0.5420 0.0047 0.0036 0 30 0 0
0.5460 0.0061 0.0040 0 30 0 0
0.5460 0.0061 0.0040 0 30 0 0
0.5460 0.0061 0.0040 0 30 0 0
0.5460 0.0061 0.0040 0 30 0 0
0.5220 0.0079 0.0049 0 30 0 0
0.5220 0.0079 0.0049 0 30 0 0
0.5220 0.0079 0.0049 0 30 0 0
0.5220 0.0079 0.0049 0 30 0 0
0.5220 0.0079 0.0049 0 30 0 0
0.5520 0.0092 0.0063 0 30 0 0
0.5520 0.0092 0.0063 0 30 0 0
0.5520 0.0092 0.0063 0 30 0 0
0.5520 0.0092 0.0063 0 30 0 0
0.5300 0.0093 0.0061 0 30 0 0
0.5300 0.0093 0.0061 0 30 0 0
0.5300 0.0093 0.0061 0 30 0 0
0.5300 0.0093 0.0061 0 30 0 0
0.5400 0.0089 0.0070 0 30 0 0
0.5400 0.0089 0.0070 0 30 0 0
0.5400 0.0089 0.0070 0 30 0 0
0.5400 0.0089 0.0070 0 30 0 0
0.5400 0.0089 0.0070 0 30 0 0
0.5400 0.0089 0.0070 0 30 0 0
0.5380 0.0079 0.0069 0 30 0 0
0.5380 0.0079 0.0069 0 30 0 0
0.5380 0.0079 0.0069 0 30 0 0
0.5460 0.0070 0.0071 0 30 0 0
0.5460 0.0070 0.0071 0 30 0 0
0.5460 0.0070 0.0071 0 30 0 0
0.5500 0.0065 0.0073 0 30 0 0
0.5500 0.0065 0.0073 0 30 0 0
0.5500 0.0065 0.0073 0 30 0 0
0.5500 0.0065 0.0073 0 30 0 0
0.5520 0.0069 0.0082 0 30 0 0
0.5520 0.0069 0.0082 0 0 0 0
0.5580 0.0099 0.0111 0 30 0 0
0.5520 0.0100 0.0110 0 30 0 0
0.5540 0.0096 0.0127 0 30 0 0
0.5460 0.0091 0.0126 0 30 0 0
0.5280 0.0087 0.0127 0 30 0 0
0.5600 0.0084 0.0152 0 30 0 0
0.5600 0.0084 0.0152 0 30 0 0
0.5600 0.0084 0.0152 0 30 0 0
0.5600 0.0084 0.0152 0 30 0 0
0.5600 0.0084 0.0152 0 30 0 0
0.5600 0.0084 0.0152 0 30 0 0
0.5600 0.0084 0.0152 0 30 0 0
0.5440 0.0080 0.0151 0 30 0 0
0.5440 0.0080 0.0151 0 30 0 0
0.5440 0.0074 0.0153 0 30 0 0
0.5500 0.0068 0.0152 0 30 0 0
0.5500 0.0068 0.0152 0 30 0 0
0.5500 0.0068 0.0152 0 30 0 0
0.5500 0.0068 0.0152 0 30 0 0
0.5360 0.0067 0.0147 0 30 0 0
0.5360 0.0067 0.0147 0 30 0 0
0.5580 0.0070 0.0144 0 30 0 0
0.5580 0.0070 0.0144 0 30 0 0
0.5580 0.0070 0.0144 0 30 0 0
0.5580 0.0070 0.0144 0 30 0 0
0.5500 0.0072 0.0149 0 30 0 0
0.5500 0.0072 0.0149 0 30 0 0
0.5500 0.0072 0.0149 0 30 0 0
0.5500 0.0072 0.0149 0 30 0 0
0.5500 0.0072 0.0149 0 30 0 0
0.5500 0.0072 0.0149 0 30 0 0
0.5480 0.0073 0.0146 0 30 0 0
0.5480 0.0073 0.0146 0 30 0 0
0.5480 0.0073 0.0146 0 30 0 0
0.5480 0.0073 0.0146 0 30 0 0
0.5480 0.0073 0.0146 0 30 0 0
0.5480 0.0073 0.0146 0 30 0 0
0.5480 0.0073 0.0146 0 30 0 0
0.5480 0.0073 0.0146 0 30 0 0
0.5480 0.0073 0.0146 0 30 0 0
0.5480 0.0073 0.0146 0 30 0 0
0.5480 0.0073 0.0146 0 30 0 0
0.5600 0.0074 0.0162 0 30 0 0
0.5600 0.0074 0.0162 0 30 0 0
0.5440 0.0075 0.0159 0 30 0 0
0.5620 0.0078 0.0169 0 30 0 0
0.5300 0.0083 0.0166 0 30 0 0
0.5300 0.0083 0.0166 0 30 0 0
0.5300 0.0083 0.0166 0 30 0 0
0.5300 0.0083 0.0166 0 30 0 0
0.5300 0.0083 0.0166 0 30 0 0
0.5240 0.0092 0.0177 0 30 0 0
0.5240 0.0092 0.0177 0 30 0 0
0.5240 0.0092 0.0177 0 30 0 0
0.5240 0.0092 0.0177 0 30 0 0
0.5240 0.0092 0.0177 0 30 0 0
0.5280 0.0104 0.0177 0 30 0 0
0.5280 0.0104 0.0177 0 30 0 0
0.5280 0.0104 0.0177 0 30 0 0
0.5440 0.0108 0.0170 0 30 0 0
0.5440 0.0108 0.0170 0 30 0 0
0.5440 0.0108 0.0170 0 30 0 0
0.5440 0.0108 0.0170 0 30 0 0
0.5460 0.0111 0.0166 0 30 0 0
0.5460 0.0111 0.0166 0 30 0 0
0.5460 0.0111 0.0166 0 30 0 0
0.5460 0.0111 0.0166 0 30 0 0
0.5460 0.0111 0.0166 0 30 0 0
0.5460 0.0111 0.0166 0 30 0 0
0.5280 0.0104 0.0174 0 30 0 0
0.5280 0.0104 0.0174 0 30 0 0
0.5280 0.0104 0.0174 0 30 0 0
0.5340 0.0099 0.0172 0 30 0 0
0.5340 0.0099 0.0172 0 30 0 0
0.5340 0.0099 0.0172 0 30 0 0
0.5340 0.0099 0.0172 0 30 0 0
0.5500 0.0095 0.0169 0 30 0 0
0.5500 0.0095 0.0169 0 30 0 0
0.5500 0.0095 0.0169 0 30 0 0
0.5500 0.0095 0.0169 0 30 0 0
0.5500 0.0095 0.0169 0 30 0 0
0.5500 0.0095 0.0184 0 30 0 0
0.5300 0.0095 0.0184 0 30 0 0
0.5300 0.0095 0.0184 0 30 0 0
0.5520 0.0099 0.0179 0 30 0 0
0.5520 0.0099 0.0179 0 30 0 0
0.5520 0.0099 0.0179 0 30 0 0
0.5520 0.0099 0.0179 0 30 0 0
0.5400 0.0106 0.0195 0 30 0 0
0.5400 0.0106 0.0195 0 30 0 0
0.5400 0.0106 0.0195 0 30 0 0
0.5400 0.0106 0.0195 0 30 0 0
0.5400 0.0106 0.0195 0 30 0 0
0.5400 0.0106 0.0195 0 30 0 0
0.5340 0.0114 0.0188 0 30 0 0
0.5340 0.0114 0.0188 0 30 0 0
0.5340 0.0114 0.0188 0 30 0 0
0.5540 0.0117 0.0202 0 30 0 0
0.5540 0.0117 0.0202 0 30 0 0
0.5540 0.0117 0.0202 0 30 0 0
0.5540 0.0120 0.0197 0 30 0 0
0.5700 0.0120 0.0197 0 30 0 0
0.5700 0.0120 0.0197 0 30 0 0
0.5700 0.0120 0.0197 0 30 0 0
0.5700 0.0120 0.0197 0 30 0 0
0.5700 0.0120 0.0197 0 30 0 0
0.5660 0.0124 0.0201 0 30 0 0
0.5660 0.0124 0.0201 0 30 0 0
0.5660 0.0124 0.0201 0 30 0 0
0.5500 0.0124 0.0217 0 30 0 0
0.5500 0.0124 0.0217 0 30 0 0
0.5500 0.0124 0.0217 0 30 0 0
0.5600 0.0117 0.0214 0 30 0 0
0.5600 0.0117 0.0214 0 30 0 0
0.5600 0.0117 0.0214 0 30 0 0
0.5600 0.0117 0.0214 0 30 0 0
0.5600 0.0117 0.0214 0 30 0 0
0.5600 0.0117 0.0214 0 30 0 0
0.5560 0.0103 0.0225 0 30 0 0
0.5560 0.0103 0.0225 0 30 0 0
0.5360 0.0091 0.0221 0 0 0 0
0.5260 0.0081 0.0225 -30 0 0 0
0.5480 0.0079 0.0202 -30 0 0 0
0.5600 0.0078 0.0206 -30 0 0 0
0.5480 0.0090 0.0210 -30 0 0 0
0.5300 0.0101 0.0224 -30 0 0 0
0.5300 0.0101 0.0224 -30 0 0 0
0.5380 0.0101 0.0245 -30 0 0 0
0.5380 0.0101 0.0245 -30 0 0 0
0.5380 0.0101 0.0245 -30 0 0 0
0.5380 0.0101 0.0245 -30 0 0 0
0.5380 0.0101 0.0245 -30 0 0 0
0.5400 0.0098 0.0239 -30 0 0 0
0.5400 0.0098 0.0239 -30 0 0 0
0.5400 0.0098 0.0239 -30 0 0 0
0.5400 0.0098 0.0239 -30 0 0 0
0.5400 0.0098 0.0239 -30 0 0 0
0.5540 0.0092 0.0258 -30 0 0 0
0.5540 0.0092 0.0258 -30 0 0 0
0.5160 0.0091 0.0257 -30 0 0 0
0.5160 0.0091 0.0257 -30 0 0 0
0.5160 0.0091 0.0257 -30 0 0 0
0.5160 0.0091 0.0257 0 0 0 0
0.5680 0.0044 0.0234 0 30 0 0
0.5500 0.0040 0.0229 0 30 0 0
0.5760 0.0039 0.0223 0 30 0 0
0.5640 0.0038 0.0217 0 30 0 0
0.5580 0.0032 0.0201 0 30 0 0
0.5680 0.0049 0.0177 0 30 0 0
0.5680 0.0049 0.0177 0 30 0 0
0.5680 0.0049 0.0177 0 30 0 0
0.5680 0.0049 0.0177 0 30 0 0
0.5760 0.0054 0.0176 0 30 0 0
0.5760 0.0054 0.0176 0 30 0 0
0.5660 0.0057 0.0177 0 30 0 0
0.5660 0.0057 0.0177 0 30 0 0
0.5660 0.0057 0.0177 0 30 0 0
0.5660 0.0057 0.0177 0 30 0 0
0.5660 0.0057 0.0177 0 30 0 0
0.5660 0.0057 0.0177 0 30 0 0
0.5700 0.0057 0.0174 0 30 0 0
0.5700 0.0057 0.0174 0 30 0 0
0.5700 0.0057 0.0174 0 30 0 0
0.5700 0.0057 0.0174 0 30 0 0
0.5700 0.0057 0.0174 0 30 0 0
0.5760 0.0059 0.0155 0 30 0 0
0.5760 0.0059 0.0155 0 0 0 0
0.5800 0.0039 0.0148 -30 0 0 0
0.5680 0.0025 0.0153 -30 0 0 0
0.5540 0.0032 0.0164 -30 0 0 0
0.5540 0.0045 0.0170 -30 0 0 0
0.5500 0.0051 0.0171 -30 0 0 0
0.5500 0.0051 0.0171 -30 0 0 0
0.5500 0.0051 0.0171 -30 0 0 0
0.5960 0.0053 0.0170 -30 0 0 0
0.5960 0.0053 0.0170 -30 0 0 0
0.5960 0.0053 0.0170 -30 0 0 0
0.5960 0.0053 0.0170 -30 0 0 0
0.5960 0.0053 0.0170 -30 0 0 0
0.5960 0.0053 0.0170 -30 0 0 0
0.5960 0.0053 0.0170 -30 0 0 0
0.5960 0.0053 0.0170 -30 0 0 0
0.5960 0.0053 0.0170 -30 0 0 0
0.5960 0.0053 0.0170 -30 0 0 0
0.5800 0.0054 0.0165 -30 0 0 0
0.5800 0.0054 0.0165 -30 0 0 0
0.5820 0.0061 0.0166 -30 0 0 0
0.5580 0.0066 0.0177 -30 0 0 0
0.5580 0.0066 0.0177 -30 0 0 0
0.5580 0.0066 0.0177 -30 0 0 0
0.5540 0.0069 0.0173 -30 0 0 0
0.5540 0.0069 0.0173 -30 0 0 0
0.5540 0.0069 0.0173 -30 0 0 0
0.5540 0.0069 0.0173 -30 0 0 0
0.5540 0.0069 0.0173 -30 0 0 0
0.5540 0.0069 0.0173 -30 0 0 0
0.5540 0.0069 0.0173 -30 0 0 0
0.5540 0.0069 0.0173 -30 0 0 0
0.5540 0.0069 0.0173 0 0 0 0
0.5360 0.0064 0.0149 -30 0 0 0
0.5720 0.0066 0.0150 -30 0 0 0
0.5500 0.0063 0.0160 -30 0 0 0
0.5560 0.0058 0.0161 -30 0 0 0
0.5520 0.0055 0.0158 -30 0 0 0
0.5680 0.0056 0.0152 -30 0 0 0
0.5500 0.0058 0.0152 -30 0 0 0
0.5500 0.0058 0.0152 -30 0 0 0
0.5500 0.0058 0.0152 -30 0 0 0
0.5500 0.0058 0.0152 -30 0 0 0
0.5580 0.0059 0.0148 -30 0 0 0
0.5580 0.0059 0.0148 -30 0 0 0
0.5580 0.0059 0.0148 -30 0 0 0
0.5580 0.0055 0.0140 -30 0 0 0
0.5560 0.0055 0.0140 -30 0 0 0
0.5560 0.0055 0.0140 -30 0 0 0
0.5560 0.0055 0.0140 -30 0 0 0
0.5560 0.0055 0.0140 -30 0 0 0
0.5560 0.0055 0.0140 -30 0 0 0
0.5560 0.0054 0.0151 -30 0 0 0
0.5560 0.0054 0.0151 -30 0 0 0
0.5560 0.0054 0.0151 -30 0 0 0
0.5560 0.0054 0.0151 -30 0 0 0
0.5560 0.0055 0.0148 -30 0 0 0
0.5560 0.0055 0.0148 -30 0 0 0
0.5560 0.0055 0.0148 -30 0 0 0
0.5560 0.0055 0.0148 -30 0 0 0
0.5600 0.0057 0.0136 -30 0 0 0
0.5600 0.0057 0.0136 -30 0 0 0
0.5600 0.0057 0.0136 -30 0 0 0
0.5600 0.0057 0.0136 -30 0 0 0
0.5660 0.0060 0.0134 -30 0 0 0
0.5660 0.0060 0.0134 -30 0 0 0
0.5660 0.0060 0.0134 -30 0 0 0
0.5660 0.0060 0.0134 -30 0 0 0
0.5400 0.0062 0.0125 -30 0 0 0
0.5400 0.0062 0.0125 -30 0 0 0
0.5400 0.0062 0.0125 -30 0 0 0
0.5400 0.0061 0.0122 -30 0 0 0
0.5540 0.0061 0.0122 -30 0 0 0
0.5540 0.0061 0.0122 -30 0 0 0
0.5540 0.0061 0.0122 -30 0 0 0
0.5280 0.0060 0.0107 -30 0 0 0
0.5280 0.0060 0.0107 -30 0 0 0
0.5280 0.0060 0.0107 -30 0 0 0
0.5280 0.0060 0.0107 -30 0 0 0
0.5280 0.0060 0.0107 -30 0 0 0
0.5260 0.0058 0.0109 -30 0 0 0
0.5260 0.0058 0.0109 -30 0 0 0
0.5260 0.0058 0.0109 -30 0 0 0
0.5420 0.0059 0.0095 -30 0 0 0
0.5420 0.0059 0.0095 -30 0 0 0
0.5420 0.0059 0.0095 -30 0 0 0
0.5420 0.0059 0.0095 -30 0 0 0
0.5540 0.0057 0.0091 -30 0 0 0
0.5540 0.0057 0.0091 -30 0 0 0
0.5540 0.0057 0.0091 -30 0 0 0
0.5540 0.0057 0.0091 -30 0 0 0
0.5540 0.0057 0.0091 -30 0 0 0
0.5380 0.0053 0.0087 -30 0 0 0
0.5380 0.0053 0.0087 -30 0 0 0
0.5380 0.0053 0.0087 -30 0 0 0
0.5580 0.0055 0.0089 -30 0 0 0
0.5580 0.0055 0.0089 -30 0 0 0
0.5580 0.0055 0.0089 -30 0 0 0
0.5580 0.0055 0.0089 -30 0 0 0
0.5440 0.0059 0.0087 -30 0 0 0
0.5440 0.0059 0.0087 -30 0 0 0
0.5440 0.0059 0.0087 -30 0 0 0
0.5440 0.0059 0.0087 -30 0 0 0
0.5440 0.0059 0.0087 -30 0 0 0
0.5480 0.0064 0.0073 -30 0 0 0
0.5480 0.0064 0.0073 -30 0 0 0
0.5480 0.0064 0.0073 -30 0 0 0
0.5440 0.0067 0.0072 -30 0 0 0
0.5440 0.0067 0.0072 -30 0 0 0
0.5440 0.0067 0.0072 -30 0 0 0
0.5440 0.0067 0.0072 -30 0 0 0
0.5480 0.0067 0.0066 -30 0 0 0
0.5480 0.0067 0.0066 -30 0 0 0
0.5480 0.0067 0.0066 -30 0 0 0
0.5480 0.0067 0.0066 -30 0 0 0
0.5480 0.0065 0.0066 -30 0 0 0
0.5480 0.0065 0.0066 -30 0 0 0
0.5480 0.0065 0.0066 -30 0 0 0
0.5480 0.0065 0.0066 -30 0 0 0
0.5760 0.0059 0.0060 -30 0 0 0
0.5760 0.0059 0.0060 -30 0 0 0
0.5760 0.0059 0.0060 -30 0 0 0
0.5760 0.0059 0.0060 -30 0 0 0
0.5760 0.0059 0.0060 -30 0 0 0
0.5760 0.0059 0.0060 -30 0 0 0
0.5540 0.0051 0.0064 -30 0 0 0
0.5540 0.0051 0.0064 -30 0 0 0
0.5540 0.0051 0.0064 -30 0 0 0
0.5540 0.0051 0.0064 -30 0 0 0
0.5540 0.0051 0.0064 -30 0 0 0
0.5540 0.0051 0.0064 -30 0 0 0
0.5540 0.0049 0.0071 -30 0 0 0
0.5760 0.0052 0.0072 -30 0 0 0
0.5760 0.0052 0.0072 -30 0 0 0
0.5760 0.0052 0.0072 -30 0 0 0
0.5460 0.0059 0.0071 -30 0 0 0
0.5460 0.0059 0.0071 -30 0 0 0
0.5460 0.0059 0.0071 -30 0 0 0
0.5460 0.0059 0.0071 -30 0 0 0
0.5480 0.0065 0.0073 -30 0 0 0
0.5480 0.0065 0.0073 -30 0 0 0
0.5480 0.0065 0.0073 -30 0 0 0
0.5380 0.0072 0.0059 -30 0 0 0
0.5380 0.0072 0.0059 -30 0 0 0
0.5380 0.0072 0.0059 -30 0 0 0
0.5380 0.0072 0.0059 -30 0 0 0
0.5380 0.0072 0.0059 -30 0 0 0
0.5520 0.0073 0.0060 -30 0 0 0
0.5520 0.0073 0.0060 -30 0 0 0
0.5520 0.0073 0.0060 -30 0 0 0
0.5520 0.0073 0.0060 -30 0 0 0
0.5520 0.0073 0.0060 -30 0 0 0
0.5560 0.0070 0.0042 -30 0 0 0
0.5560 0.0070 0.0042 -30 0 0 0
0.5560 0.0070 0.0042 -30 0 0 0
0.5560 0.0070 0.0042 -30 0 0 0
0.5560 0.0070 0.0042 -30 0 0 0
0.5560 0.0070 0.0042 0 0 0 0
0.5860 0.0028 -0.0007 0 30 0 0
0.5640 0.0050 -0.0020 0 30 0 0
0.5380 0.0064 -0.0017 0 30 0 0
0.5680 0.0073 -0.0034 0 30 0 0
0.5680 0.0073 -0.0034 0 30 0 0
0.5660 0.0074 -0.0031 0 30 0 0
0.5660 0.0074 -0.0031 0 30 0 0
0.5740 0.0073 -0.0039 0 30 0 0
0.5640 0.0069 -0.0034 0 30 0 0
0.5780 0.0065 -0.0060 0 30 0 0
0.5780 0.0065 -0.0060 0 30 0 0
0.5780 0.0065 -0.0060 0 30 0 0
0.5780 0.0068 -0.0058 0 30 0 0
0.5780 0.0068 -0.0058 0 30 0 0
0.5780 0.0068 -0.0058 0 0 0 0
0.5840 0.0053 -0.0061 0 30 0 0
0.5580 0.0046 -0.0060 0 30 0 0
0.5720 0.0040 -0.0071 0 30 0 0
0.5540 0.0030 -0.0086 0 30 0 0
0.5660 0.0023 -0.0090 0 30 0 0
0.5660 0.0023 -0.0090 0 30 0 0
0.5660 0.0023 -0.0090 0 30 0 0
0.5760 0.0022 -0.0086 0 30 0 0
0.5760 0.0022 -0.0086 0 30 0 0
0.5760 0.0022 -0.0086 0 30 0 0
0.5780 0.0022 -0.0112 0 30 0 0
0.5780 0.0022 -0.0112 0 30 0 0
0.5780 0.0022 -0.0112 0 30 0 0
0.5780 0.0022 -0.0112 0 30 0 0
0.5860 0.0023 -0.0112 0 30 0 0
0.5860 0.0023 -0.0112 0 30 0 0
0.5860 0.0023 -0.0112 0 30 0 0
0.5860 0.0023 -0.0112 0 30 0 0
0.5860 0.0023 -0.0112 0 30 0 0
0.5860 0.0023 -0.0112 0 30 0 0
0.5860 0.0023 -0.0112 0 30 0 0
0.5860 0.0023 -0.0112 0 30 0 0
0.5860 0.0023 -0.0112 0 30 0 0
0.5860 0.0023 -0.0112 0 0 0 0
0.6040 0.0014 -0.0131 0 30 0 0
0.5820 0.0016 -0.0126 0 30 0 0
0.5800 0.0023 -0.0120 0 30 0 0
0.5900 0.0025 -0.0133 0 30 0 0
0.5640 0.0025 -0.0127 0 30 0 0
0.5820 0.0029 -0.0114 0 30 0 0
0.5820 0.0029 -0.0114 0 30 0 0
0.5820 0.0029 -0.0114 0 30 0 0
0.5820 0.0029 -0.0114 0 30 0 0
0.5820 0.0036 -0.0106 0 30 0 0
0.5580 0.0036 -0.0106 0 30 0 0
0.5580 0.0036 -0.0106 0 30 0 0
0.5580 0.0036 -0.0106 0 30 0 0
0.5620 0.0043 -0.0091 0 30 0 0
0.5620 0.0043 -0.0091 0 30 0 0
0.5620 0.0043 -0.0091 0 0 0 0
0.5800 0.0048 -0.0038 0 30 0 0
0.5980 0.0046 -0.0040 0 30 0 0
0.5720 0.0042 -0.0039 0 30 0 0
0.5580 0.0038 -0.0029 0 30 0 0
0.5540 0.0035 -0.0031 0 30 0 0
0.5540 0.0035 -0.0031 0 30 0 0
0.5540 0.0035 -0.0031 0 30 0 0
0.5540 0.0035 -0.0031 0 30 0 0
0.5540 0.0035 -0.0031 0 30 0 0
0.5680 0.0033 -0.0023 0 30 0 0
0.5680 0.0033 -0.0023 0 30 0 0
0.5680 0.0033 -0.0023 0 30 0 0
0.5680 0.0033 -0.0023 0 30 0 0
0.5720 0.0033 -0.0014 0 30 0 0
0.5720 0.0033 -0.0014 0 30 0 0
0.5720 0.0033 -0.0014 0 30 0 0
0.6100 0.0033 -0.0010 0 30 0 0
0.6100 0.0033 -0.0010 0 30 0 0
0.6100 0.0033 -0.0010 0 30 0 0
0.6100 0.0033 -0.0010 0 30 0 0
0.6100 0.0033 -0.0010 0 30 0 0
0.5860 0.0034 -0.0019 0 30 0 0
0.5860 0.0034 -0.0019 0 30 0 0
0.5860 0.0034 -0.0019 0 30 0 0
0.5860 0.0034 -0.0019 0 30 0 0
0.5960 0.0033 -0.0013 0 30 0 0
0.5960 0.0033 -0.0013 0 30 0 0
0.5960 0.0033 -0.0013 0 30 0 0
0.5820 0.0031 -0.0020 0 30 0 0
0.5820 0.0031 -0.0020 0 30 0 0
0.5820 0.0031 -0.0020 0 30 0 0
0.5820 0.0031 -0.0020 0 30 0 0
0.5820 0.0031 -0.0020 0 30 0 0
0.5960 0.0030 -0.0017 0 30 0 0
0.5960 0.0030 -0.0017 0 30 0 0
0.5960 0.0030 -0.0017 0 30 0 0
0.5960 0.0030 -0.0017 0 30 0 0
0.5960 0.0030 -0.0017 0 0 0 0
0.5880 0.0029 -0.0019 0 30 0 0
0.5800 0.0029 -0.0013 0 30 0 0
0.5800 0.0029 -0.0013 0 30 0 0
0.5800 0.0029 -0.0013 0 30 0 0
0.5800 0.0029 -0.0013 0 30 0 0
0.5620 0.0030 -0.0009 0 30 0 0
0.5620 0.0030 -0.0009 0 30 0 0
0.5740 0.0032 -0.0022 0 30 0 0
0.5740 0.0032 -0.0022 0 30 0 0
0.5740 0.0032 -0.0022 0 30 0 0
0.5740 0.0032 -0.0022 0 30 0 0
0.5740 0.0032 -0.0022 0 30 0 0
0.5740 0.0032 -0.0022 0 30 0 0
0.5740 0.0032 -0.0022 0 30 0 0
0.5740 0.0032 -0.0022 0 30 0 0
0.5740 0.0032 -0.0022 0 30 0 0
0.5740 0.0032 -0.0022 0 30 0 0
0.5740 0.0032 -0.0022 0 30 0 0
0.5880 0.0028 -0.0023 0 30 0 0
0.5880 0.0028 -0.0023 0 30 0 0
0.5880 0.0023 -0.0019 0 30 0 0
0.6020 0.0023 -0.0019 0 30 0 0
0.5860 0.0022 -0.0030 0 30 0 0
0.5860 0.0022 -0.0030 0 30 0 0
0.5860 0.0023 -0.0023 0 30 0 0
0.5820 0.0023 -0.0023 0 30 0 0
0.5820 0.0023 -0.0023 0 30 0 0
0.5820 0.0023 -0.0023 0 30 0 0
0.5820 0.0023 -0.0023 0 30 0 0
0.5800 0.0022 -0.0022 0 30 0 0
0.5800 0.0022 -0.0022 0 30 0 0
0.5760 0.0022 -0.0017 0 30 0 0
0.5760 0.0022 -0.0017 0 30 0 0
0.5760 0.0022 -0.0017 0 30 0 0
0.5760 0.0022 -0.0017 0 30 0 0
0.5760 0.0022 -0.0017 0 30 0 0
0.5760 0.0022 -0.0017 0 30 0 0
0.6020 0.0022 -0.0017 0 30 0 0
0.6020 0.0022 -0.0017 0 30 0 0
0.6020 0.0022 -0.0017 0 30 0 0
0.6020 0.0022 -0.0017 0 30 0 0
0.6020 0.0023 -0.0013 0 30 0 0
0.6020 0.0023 -0.0013 0 30 0 0
0.6020 0.0023 -0.0013 0 30 0 0
0.6140 0.0025 -0.0005 0 30 0 0
0.6140 0.0025 -0.0005 0 30 0 0
0.6140 0.0025 -0.0005 0 30 0 0
0.6140 0.0025 -0.0005 0 30 0 0
0.6140 0.0025 -0.0005 0 30 0 0
0.5880 0.0029 -0.0007 0 30 0 0
0.5880 0.0029 -0.0007 0 30 0 0
0.5880 0.0029 -0.0007 0 30 0 0
0.5880 0.0029 -0.0007 0 30 0 0
0.5880 0.0029 -0.0007 0 30 0 0
0.5940 0.0035 -0.0014 0 30 0 0
0.5940 0.0035 -0.0014 0 30 0 0
0.5980 0.0040 -0.0009 0 30 0 0
0.5980 0.0040 -0.0009 0 30 0 0
0.5980 0.0040 -0.0009 0 30 0 0
0.5980 0.0040 -0.0009 0 30 0 0
0.5980 0.0040 -0.0009 0 30 0 0
0.5980 0.0040 -0.0009 0 0 0 0
0.5980 0.0021 0.0011 0 30 0 0
0.5880 0.0025 0.0014 0 30 0 0
0.5880 0.0025 0.0014 0 30 0 0
0.6140 0.0041 0.0008 0 30 0 0
0.6020 0.0041 0.0011 0 30 0 0
0.5980 0.0031 0.0033 0 30 0 0
0.5940 0.0029 0.0039 0 30 0 0
0.5940 0.0034 0.0040 0 30 0 0
0.5940 0.0034 0.0040 0 30 0 0
0.5940 0.0034 0.0040 0 30 0 0
0.5940 0.0034 0.0040 0 30 0 0
0.5940 0.0043 0.0045 0 30 0 0
0.5780 0.0043 0.0045 0 30 0 0
0.5780 0.0043 0.0045 0 30 0 0
0.5780 0.0043 0.0045 0 30 0 0
0.6040 0.0049 0.0049 0 30 0 0
0.6040 0.0049 0.0049 0 30 0 0
0.6040 0.0049 0.0049 0 0 0 0
0.6000 0.0032 0.0107 0 30 0 0
0.5980 0.0029 0.0106 0 30 0 0
0.5720 0.0039 0.0107 0 30 0 0
0.5740 0.0042 0.0116 0 30 0 0
0.5960 0.0039 0.0110 0 30 0 0
0.5960 0.0037 0.0115 0 30 0 0
0.6040 0.0036 0.0116 0 30 0 0
0.6040 0.0036 0.0116 0 30 0 0
0.6040 0.0033 0.0116 0 30 0 0
0.5920 0.0033 0.0116 0 30 0 0
0.5920 0.0033 0.0116 0 30 0 0
0.5920 0.0033 0.0116 0 30 0 0
0.5920 0.0033 0.0116 0 30 0 0
0.6120 0.0030 0.0108 0 30 0 0
0.6120 0.0030 0.0108 0 30 0 0
0.6120 0.0028 0.0099 0 30 0 0
0.6120 0.0028 0.0099 0 30 0 0
0.6120 0.0028 0.0099 0 30 0 0
0.6120 0.0028 0.0099 0 30 0 0
0.6120 0.0028 0.0099 0 30 0 0
0.6040 0.0031 0.0098 0 0 0 0
0.5880 0.0035 0.0096 0 30 0 0
0.5940 0.0043 0.0095 0 30 0 0
0.5980 0.0051 0.0104 0 30 0 0
0.5980 0.0051 0.0104 0 30 0 0
0.5980 0.0051 0.0104 0 30 0 0
0.5980 0.0051 0.0104 0 30 0 0
0.5880 0.0067 0.0111 0 30 0 0
0.5800 0.0067 0.0111 0 30 0 0
0.5800 0.0067 0.0111 0 30 0 0
0.5880 0.0066 0.0116 0 30 0 0
0.5880 0.0066 0.0116 0 30 0 0
0.5880 0.0066 0.0116 0 30 0 0
0.5880 0.0066 0.0116 0 30 0 0
0.5880 0.0066 0.0116 0 30 0 0
0.5980 0.0058 0.0136 0 30 0 0
0.5980 0.0058 0.0136 0 30 0 0
0.5980 0.0058 0.0136 0 30 0 0
0.5980 0.0048 0.0137 0 30 0 0
0.6000 0.0048 0.0137 0 30 0 0
0.6000 0.0048 0.0137 0 30 0 0
0.6000 0.0048 0.0137 0 30 0 0
0.6000 0.0048 0.0137 0 30 0 0
0.5940 0.0041 0.0146 0 30 0 0
0.5940 0.0041 0.0146 0 30 0 0
0.5940 0.0041 0.0146 0 30 0 0
0.5940 0.0041 0.0146 0 30 0 0
0.5940 0.0041 0.0146 0 30 0 0
0.5940 0.0041 0.0146 0 30 0 0
0.5940 0.0041 0.0146 0 30 0 0
0.5940 0.0041 0.0146 0 30 0 0
0.5940 0.0041 0.0146 0 30 0 0
0.6100 0.0035 0.0144 0 30 0 0
0.5980 0.0031 0.0136 0 0 0 0
0.6060 0.0028 0.0141 0 30 0 0
0.5900 0.0026 0.0133 0 30 0 0
0.5960 0.0025 0.0139 0 30 0 0
0.5780 0.0027 0.0135 0 30 0 0
0.5720 0.0033 0.0129 0 30 0 0
0.5720 0.0033 0.0129 0 30 0 0
0.5720 0.0033 0.0129 0 30 0 0
0.5720 0.0033 0.0129 0 30 0 0
0.5720 0.0033 0.0129 0 30 0 0
0.5720 0.0033 0.0129 0 30 0 0
0.5720 0.0033 0.0129 0 30 0 0
0.5720 0.0033 0.0129 0 30 0 0
0.5720 0.0033 0.0129 0 30 0 0
0.5720 0.0033 0.0129 0 30 0 0
0.5720 0.0033 0.0129 0 30 0 0
0.5740 0.0040 0.0120 0 30 0 0
0.5780 0.0045 0.0125 0 30 0 0
0.5940 0.0048 0.0121 0 30 0 0
0.5940 0.0048 0.0121 0 30 0 0
0.5840 0.0048 0.0124 0 30 0 0
0.5840 0.0048 0.0124 0 30 0 0
0.5840 0.0048 0.0124 0 30 0 0
0.5840 0.0048 0.0124 0 30 0 0
0.5840 0.0047 0.0118 0 30 0 0
0.5900 0.0047 0.0118 0 30 0 0
0.5900 0.0047 0.0118 0 30 0 0
0.5900 0.0047 0.0118 0 30 0 0
0.5900 0.0047 0.0118 0 30 0 0
0.5900 0.0047 0.0118 0 30 0 0
0.5900 0.0047 0.0135 0 30 0 0
0.5860 0.0047 0.0135 0 30 0 0
0.5860 0.0047 0.0131 0 30 0 0
0.5900 0.0047 0.0131 0 30 0 0
0.5900 0.0047 0.0131 0 30 0 0
0.5900 0.0047 0.0131 0 0 0 0
0.5760 0.0041 0.0178 -30 0 0 0
0.5780 0.0041 0.0178 -30 0 0 0
0.5880 0.0029 0.0187 -30 0 0 0
0.5840 0.0031 0.0187 -30 0 0 0
0.6000 0.0033 0.0196 -30 0 0 0
0.6000 0.0033 0.0196 -30 0 0 0
0.5980 0.0031 0.0205 -30 0 0 0
0.5980 0.0031 0.0205 -30 0 0 0
0.5980 0.0031 0.0205 -30 0 0 0
0.5980 0.0031 0.0205 -30 0 0 0
0.5880 0.0026 0.0201 -30 0 0 0
0.5880 0.0026 0.0201 -30 0 0 0
0.5880 0.0026 0.0201 -30 0 0 0
0.5880 0.0026 0.0201 -30 0 0 0
0.5880 0.0026 0.0201 -30 0 0 0
0.5880 0.0026 0.0201 -30 0 0 0
0.5820 0.0023 0.0219 -30 0 0 0
0.5820 0.0023 0.0219 -30 0 0 0
0.5820 0.0027 0.0221 -30 0 0 0
0.5760 0.0027 0.0221 -30 0 0 0
0.5760 0.0027 0.0221 -30 0 0 0
0.5760 0.0027 0.0221 -30 0 0 0
0.5760 0.0027 0.0221 -30 0 0 0
0.5760 0.0027 0.0221 0 0 0 0
0.5680 0.0056 0.0233 -30 0 0 0
0.5740 0.0060 0.0227 -30 0 0 0
0.5680 0.0058 0.0244 -30 0 0 0
0.5640 0.0053 0.0234 -30 0 0 0
0.5640 0.0053 0.0234 -30 0 0 0
0.5640 0.0053 0.0234 -30 0 0 0
0.5640 0.0053 0.0234 -30 0 0 0
0.5700 0.0047 0.0229 -30 0 0 0
0.5700 0.0047 0.0229 -30 0 0 0
0.5700 0.0047 0.0229 -30 0 0 0
0.5720 0.0044 0.0227 -30 0 0 0
0.5720 0.0044 0.0227 -30 0 0 0
0.5720 0.0044 0.0227 -30 0 0 0
0.5760 0.0042 0.0234 -30 0 0 0
0.5760 0.0042 0.0234 -30 0 0 0
0.5760 0.0042 0.0234 -30 0 0 0
0.5760 0.0042 0.0234 -30 0 0 0
0.5760 0.0042 0.0234 -30 0 0 0
0.5720 0.0040 0.0233 -30 0 0 0
0.5720 0.0040 0.0233 -30 0 0 0
0.5840 0.0043 0.0233 -30 0 0 0
0.5840 0.0043 0.0233 -30 0 0 0
0.5840 0.0043 0.0233 -30 0 0 0
0.5840 0.0043 0.0233 -30 0 0 0
0.5860 0.0049 0.0222 -30 0 0 0
0.5860 0.0049 0.0222 -30 0 0 0
0.5860 0.0049 0.0222 -30 0 0 0
0.5860 0.0049 0.0222 -30 0 0 0
0.5860 0.0049 0.0222 -30 0 0 0
0.5860 0.0049 0.0222 -30 0 0 0
0.5900 0.0054 0.0218 -30 0 0 0
0.5900 0.0054 0.0218 -30 0 0 0
0.5820 0.0056 0.0190 -30 0 0 0
0.5820 0.0056 0.0190 -30 0 0 0
0.5820 0.0056 0.0190 -30 0 0 0
0.5820 0.0056 0.0190 -30 0 0 0
0.5940 0.0057 0.0186 -30 0 0 0
0.5940 0.0057 0.0186 -30 0 0 0
0.5940 0.0057 0.0186 -30 0 0 0
0.5940 0.0057 0.0186 -30 0 0 0
0.5940 0.0057 0.0186 -30 0 0 0
0.6040 0.0054 0.0192 -30 0 0 0
0.6040 0.0054 0.0192 -30 0 0 0
0.6060 0.0052 0.0190 -30 0 0 0
0.6060 0.0052 0.0190 -30 0 0 0
0.6060 0.0052 0.0190 -30 0 0 0
0.6060 0.0052 0.0190 -30 0 0 0
0.6060 0.0052 0.0190 -30 0 0 0
0.6060 0.0052 0.0190 -30 0 0 0
0.6060 0.0052 0.0190 -30 0 0 0
0.6060 0.0052 0.0190 -30 0 0 0
0.6060 0.0052 0.0190 -30 0 0 0
0.6060 0.0052 0.0190 -30 0 0 0
0.6040 0.0049 0.0190 -30 0 0 0
0.5880 0.0047 0.0186 -30 0 0 0
0.5880 0.0047 0.0186 -30 0 0 0
0.5740 0.0047 0.0198 -30 0 0 0
0.5740 0.0047 0.0198 -30 0 0 0
0.5740 0.0051 0.0192 -30 0 0 0
0.5760 0.0051 0.0192 -30 0 0 0
0.5760 0.0051 0.0192 -30 0 0 0
0.5760 0.0051 0.0192 -30 0 0 0
0.5760 0.0051 0.0192 -30 0 0 0
0.5760 0.0051 0.0192 -30 0 0 0
0.5760 0.0060 0.0204 -30 0 0 0
0.6100 0.0060 0.0204 -30 0 0 0
0.6100 0.0060 0.0204 -30 0 0 0
0.6020 0.0067 0.0199 -30 0 0 0
0.6020 0.0067 0.0199 -30 0 0 0
0.6020 0.0067 0.0199 -30 0 0 0
0.6020 0.0067 0.0199 -30 0 0 0
0.6020 0.0070 0.0217 -30 0 0 0
0.5840 0.0070 0.0217 -30 0 0 0
0.5840 0.0070 0.0217 -30 0 0 0
0.5840 0.0070 0.0217 -30 0 0 0
0.5840 0.0070 0.0217 -30 0 0 0
0.5840 0.0070 0.0217 -30 0 0 0
0.5840 0.0070 0.0217 -30 0 0 0
0.5840 0.0070 0.0217 -30 0 0 0
0.5840 0.0070 0.0217 -30 0 0 0
0.5840 0.0070 0.0217 -30 0 0 0
0.5840 0.0070 0.0217 -30 0 0 0
0.5840 0.0070 0.0217 -30 0 0 0
0.5720 0.0072 0.0217 -30 0 0 0
0.5840 0.0074 0.0227 -30 0 0 0
0.5920 0.0075 0.0240 -30 0 0 0
0.5920 0.0075 0.0240 -30 0 0 0
0.5920 0.0075 0.0240 -30 0 0 0
0.5920 0.0075 0.0240 -30 0 0 0
0.5720 0.0076 0.0233 -30 0 0 0
0.5720 0.0076 0.0233 -30 0 0 0
0.5720 0.0075 0.0240 -30 0 0 0
0.5720 0.0075 0.0240 -30 0 0 0
0.5720 0.0075 0.0240 -30 0 0 0
0.5720 0.0075 0.0240 -30 0 0 0
0.5720 0.0075 0.0240 -30 0 0 0
0.5720 0.0075 0.0240 -30 0 0 0
0.5700 0.0073 0.0236 -30 0 0 0
0.5700 0.0073 0.0236 -30 0 0 0
0.5700 0.0073 0.0236 -30 0 0 0
0.5720 0.0074 0.0235 -30 0 0 0
0.5720 0.0074 0.0235 -30 0 0 0
0.5720 0.0074 0.0235 -30 0 0 0
0.5720 0.0074 0.0235 -30 0 0 0
0.5720 0.0074 0.0235 -30 0 0 0
0.5720 0.0074 0.0235 -30 0 0 0
0.5720 0.0074 0.0235 -30 0 0 0
0.5720 0.0074 0.0235 -30 0 0 0
0.5720 0.0074 0.0235 -30 0 0 0
0.5720 0.0074 0.0235 -30 0 0 0
0.5720 0.0074 0.0235 -30 0 0 0
0.5600 0.0073 0.0229 -30 0 0 0
0.5600 0.0073 0.0229 -30 0 0 0
0.5920 0.0071 0.0231 -30 0 0 0
0.5920 0.0068 0.0228 -30 0 0 0
0.6020 0.0066 0.0239 -30 0 0 0
0.6020 0.0066 0.0239 -30 0 0 0
0.6020 0.0066 0.0239 -30 0 0 0
0.6020 0.0066 0.0239 -30 0 0 0
0.6020 0.0066 0.0239 -30 0 0 0
0.6020 0.0065 0.0237 -30 0 0 0
0.5860 0.0065 0.0237 -30 0 0 0
0.5860 0.0065 0.0237 -30 0 0 0
0.5860 0.0065 0.0237 -30 0 0 0
0.5860 0.0065 0.0237 -30 0 0 0
0.5680 0.0063 0.0245 -30 0 0 0
0.5680 0.0063 0.0245 -30 0 0 0
0.5820 0.0062 0.0242 -30 0 0 0
0.5820 0.0062 0.0242 -30 0 0 0
0.5820 0.0062 0.0242 -30 0 0 0
0.5820 0.0062 0.0242 -30 0 0 0
0.5820 0.0062 0.0242 -30 0 0 0
0.5820 0.0062 0.0242 -30 0 0 0
0.6060 0.0059 0.0259 -30 0 0 0
0.6060 0.0059 0.0259 -30 0 0 0
0.6060 0.0059 0.0259 -30 0 0 0
0.6060 0.0059 0.0259 -30 0 0 0
0.5820 0.0061 0.0260 -30 0 0 0
0.5820 0.0061 0.0260 -30 0 0 0
0.5820 0.0061 0.0260 -30 0 0 0
0.5860 0.0065 0.0253 -30 0 0 0
0.5860 0.0065 0.0253 -30 0 0 0
0.5860 0.0065 0.0253 -30 0 0 0
0.5860 0.0065 0.0253 -30 0 0 0
0.5860 0.0065 0.0253 -30 0 0 0
0.5860 0.0069 0.0260 -30 0 0 0
0.5860 0.0069 0.0260 -30 0 0 0
0.5860 0.0069 0.0260 -30 0 0 0
0.5860 0.0069 0.0260 0 0 0 0
0.6440 0.0024 0.0248 0 -30 0 0
0.6360 0.0025 0.0250 0 -30 0 0
0.6320 0.0030 0.0242 0 -30 0 0
0.6420 0.0033 0.0244 0 -30 0 0
0.6280 0.0034 0.0240 0 -30 0 0
0.6320 0.0035 0.0238 0 -30 0 0
0.6340 0.0040 0.0246 0 -30 0 0
0.6340 0.0040 0.0246 0 -30 0 0
0.6340 0.0040 0.0246 0 -30 0 0
0.6340 0.0040 0.0246 0 -30 0 0
0.6340 0.0040 0.0246 0 -30 0 0
0.6340 0.0040 0.0246 0 -30 0 0
0.6340 0.0040 0.0246 0 -30 0 0
0.6340 0.0040 0.0246 0 -30 0 0
0.6340 0.0040 0.0246 0 -30 0 0
0.6340 0.0040 0.0246 0 -30 0 0
0.6340 0.0040 0.0246 0 -30 0 0
0.6280 0.0043 0.0252 0 -30 0 0
0.6280 0.0045 0.0253 0 -30 0 0
0.6380 0.0050 0.0257 0 -30 0 0
0.6380 0.0050 0.0257 0 -30 0 0
0.6300 0.0053 0.0251 0 -30 0 0
0.6300 0.0053 0.0251 0 -30 0 0
0.6300 0.0053 0.0251 0 -30 0 0
0.6300 0.0053 0.0251 0 -30 0 0
0.6300 0.0053 0.0251 0 -30 0 0
0.6100 0.0056 0.0260 0 -30 0 0
0.6100 0.0056 0.0260 0 -30 0 0
0.6100 0.0056 0.0260 0 -30 0 0
0.6240 0.0056 0.0252 0 -30 0 0
0.6240 0.0056 0.0252 0 -30 0 0
0.6240 0.0056 0.0252 0 -30 0 0
0.6240 0.0056 0.0252 0 -30 0 0
0.6240 0.0056 0.0252 0 -30 0 0
0.6400 0.0056 0.0248 0 -30 0 0
0.6400 0.0056 0.0248 0 -30 0 0
0.6400 0.0056 0.0248 0 -30 0 0
0.6400 0.0056 0.0248 0 -30 0 0
0.6080 0.0054 0.0237 0 -30 0 0
0.6080 0.0054 0.0237 0 -30 0 0
0.6080 0.0054 0.0237 0 -30 0 0
0.6080 0.0054 0.0237 0 -30 0 0
0.6080 0.0054 0.0237 0 -30 0 0
0.6080 0.0054 0.0237 0 -30 0 0
0.6080 0.0054 0.0237 0 -30 0 0
0.6080 0.0054 0.0237 0 -30 0 0
0.6080 0.0054 0.0237 0 -30 0 0
0.6080 0.0054 0.0237 0 -30 0 0
0.6080 0.0054 0.0237 0 -30 0 0
0.6380 0.0043 0.0222 0 -30 0 0
0.6380 0.0043 0.0222 0 -30 0 0
0.6200 0.0043 0.0225 0 -30 0 0
0.6260 0.0043 0.0217 0 -30 0 0
0.6260 0.0043 0.0217 0 -30 0 0
0.6260 0.0043 0.0217 0 -30 0 0
0.6260 0.0043 0.0217 0 -30 0 0
0.6340 0.0043 0.0212 0 -30 0 0
0.6340 0.0043 0.0212 0 -30 0 0
0.6340 0.0043 0.0212 0 -30 0 0
0.6340 0.0043 0.0212 0 -30 0 0
0.6340 0.0043 0.0212 0 -30 0 0
0.6200 0.0044 0.0193 0 -30 0 0
0.6200 0.0044 0.0193 0 -30 0 0
0.6200 0.0044 0.0193 0 -30 0 0
0.6200 0.0044 0.0193 0 -30 0 0
0.6320 0.0045 0.0187 0 -30 0 0
0.6320 0.0045 0.0187 0 -30 0 0
0.6320 0.0045 0.0187 0 -30 0 0
0.6320 0.0045 0.0187 0 -30 0 0
0.6320 0.0045 0.0189 0 -30 0 0
0.6320 0.0045 0.0189 0 -30 0 0
0.6320 0.0045 0.0189 0 -30 0 0
0.6320 0.0045 0.0189 0 -30 0 0
0.6200 0.0046 0.0198 0 -30 0 0
0.6200 0.0046 0.0198 0 -30 0 0
0.6200 0.0047 0.0207 0 -30 0 0
0.6220 0.0047 0.0207 0 -30 0 0
0.6220 0.0047 0.0207 0 -30 0 0
0.6220 0.0047 0.0207 0 -30 0 0
0.6220 0.0047 0.0207 0 -30 0 0
0.6240 0.0047 0.0205 0 -30 0 0
0.6240 0.0047 0.0205 0 -30 0 0
0.6240 0.0047 0.0205 0 -30 0 0
0.6240 0.0047 0.0205 0 -30 0 0
0.6200 0.0046 0.0199 0 -30 0 0
0.6200 0.0046 0.0199 0 -30 0 0
0.6200 0.0046 0.0199 0 -30 0 0
0.6200 0.0049 0.0217 0 -30 0 0
0.6220 0.0049 0.0217 0 -30 0 0
0.6220 0.0049 0.0217 0 0 0 0
0.6020 0.0078 0.0398 0 0 0 -30
0.6120 0.0095 0.0335 0 0 0 -30
0.6280 0.0097 0.0331 0 0 0 -30
0.6300 0.0090 0.0308 0 0 0 -30
0.6080 0.0087 0.0294 0 0 0 -30
0.6140 0.0086 0.0265 0 0 0 -30
0.6140 0.0086 0.0265 0 0 0 0
0.6380 0.0087 0.0255 0 0 0 -30
0.6480 0.0089 0.0268 0 0 0 -30
0.6340 0.0091 0.0283 0 0 0 -30
0.6320 0.0093 0.0287 0 0 0 -30
0.6200 0.0093 0.0270 0 0 0 -30
0.6520 0.0094 0.0265 0 0 0 -30
0.6520 0.0094 0.0265 0 0 0 0
0.6340 0.0106 0.0196 0 0 0 -30
0.6380 0.0106 0.0196 0 0 0 -30
0.6440 0.0092 0.0142 0 0 0 -30
0.6240 0.0092 0.0142 0 0 0 -30
0.6240 0.0092 0.0142 0 0 0 -30
0.6320 0.0096 0.0119 0 0 0 0
0.6200 0.0108 0.0157 0 0 0 -30
0.6340 0.0116 0.0144 0 0 0 -30
0.6300 0.0116 0.0123 0 0 0 -30
0.6300 0.0116 0.0123 0 0 0 -30
0.6160 0.0105 0.0099 0 0 0 0
0.6200 0.0085 0.0163 0 0 0 -30
0.6280 0.0080 0.0176 0 0 0 -30
0.6220 0.0076 0.0148 0 0 0 -30
0.6300 0.0076 0.0113 0 0 0 -30
0.6300 0.0076 0.0113 0 0 0 -30
0.6300 0.0076 0.0113 0 0 0 0
0.6480 0.0075 0.0132 0 0 0 -30
0.6220 0.0072 0.0263 0 0 0 0
0.5900 0.0066 0.0244 0 0 0 -30
0.6080 0.0066 0.0244 0 0 0 -30
0.6080 0.0062 0.0238 0 0 0 -30
0.5960 0.0058 0.0227 0 0 0 -30
0.6040 0.0051 0.0215 0 0 0 0
0.5960 0.0047 0.0195 0 0 0 -30
0.6020 0.0072 0.0174 0 0 0 -30
0.6020 0.0080 0.0195 0 0 0 0
0.6200 0.0030 0.0091 0 0 0 -30
0.6200 0.0030 0.0091 0 0 0 -30
0.6020 0.0037 0.0073 0 0 0 -30
0.5860 0.0039 0.0193 0 0 0 -30
0.6040 0.0035 0.0213 0 0 0 0
0.6060 0.0025 0.0225 0 0 0 -30
0.6100 0.0021 0.0220 0 0 0 -30
0.6080 0.0015 0.0193 0 0 0 -30
0.6120 0.0015 0.0193 0 0 0 0
0.6100 0.0020 0.0183 0 0 0 -30
0.6080 0.0019 0.0204 0 0 0 -30
0.6200 0.0017 0.0192 0 0 0 -30
0.6200 0.0017 0.0192 0 0 0 -30
0.5780 0.0021 0.0172 0 0 0 -30
0.6140 0.0033 0.0158 0 0 0 0
0.5940 0.0052 0.0148 0 0 0 -30
0.6100 0.0087 0.0072 0 0 0 -30
0.5960 0.0087 0.0072 0 0 0 -30
0.5980 0.0090 0.0082 0 0 0 0
0.5980 0.0088 0.0031 0 0 0 -30
0.6200 0.0084 -0.0000 0 0 0 -30
0.6180 0.0080 0.5273 0 0 0 -30
0.6220 0.0073 0.5297 0 0 0 -30
0.5980 0.0072 0.5296 0 0 0 -30
0.5980 0.0072 0.5296 0 0 0 -30
0.5980 0.0072 0.5296 0 0 0 0
0.6000 0.0096 0.5243 0 0 0 -30
0.6280 0.0096 0.5243 0 0 0 -30
0.6160 0.0101 0.5218 0 0 0 -30
0.6260 0.0104 0.5218 0 0 0 -30
0.6260 0.0104 0.5218 0 0 0 -30
0.6260 0.0104 0.5218 0 0 0 -30
0.6180 0.0109 0.5182 0 0 0 -30
0.6180 0.0109 0.5182 0 0 0 0
0.5800 0.0109 0.5711 0 0 0 -30
0.5800 0.0109 0.5646 0 0 0 -30
0.5780 0.0096 0.5663 0 0 0 -30
0.5980 0.0055 0.5641 0 0 0 -30
0.5600 0.0021 0.5635 0 0 0 -30
0.5600 0.0021 0.5635 0 0 0 -30
0.5600 0.0021 0.5635 0 0 0 -30
0.5880 0.0014 0.5647 0 0 0 -30
0.6040 0.0026 0.5695 0 0 0 -30
0.6040 0.0026 0.5695 0 0 0 -30
0.5880 0.0040 0.5659 0 0 0 -30
0.5880 0.0040 0.5659 0 0 0 -30
0.5880 0.0040 0.5659 0 0 0 -30
0.6100 0.0050 0.5680 0 0 0 -30
0.6100 0.0050 0.5680 0 0 0 -30
0.6100 0.0050 0.5680 0 0 0 -30
0.6100 0.0050 0.5680 0 0 0 -30
0.6080 0.0069 0.5772 0 0 0 -30
0.6080 0.0069 0.5772 0 0 0 -30
0.6080 0.0069 0.5772 0 0 0 -30
0.6080 0.0069 0.5772 0 0 0 -30
0.5800 0.0085 0.5733 0 0 0 -30
0.5800 0.0085 0.5733 0 0 0 -30
0.5800 0.0085 0.5733 0 0 0 -30
0.5800 0.0085 0.5733 0 0 0 -30
0.5820 0.0097 0.5817 0 0 0 -30
0.5820 0.0097 0.5817 0 0 0 -30
0.5820 0.0097 0.5817 0 0 0 -30
0.5820 0.0097 0.5817 0 0 0 -30
0.6000 0.0108 0.5786 0 0 0 -30
0.6000 0.0108 0.5786 0 0 0 -30
0.6000 0.0108 0.5786 0 0 0 -30
0.6000 0.0108 0.5786 0 0 0 -30
0.6220 0.0110 0.5830 0 0 0 -30
0.6220 0.0110 0.5830 0 0 0 -30
0.6220 0.0110 0.5830 0 0 0 -30
0.6220 0.0110 0.5830 0 0 0 -30
0.5660 0.0108 0.5762 0 0 0 -30
0.5660 0.0108 0.5762 0 0 0 -30
0.5660 0.0108 0.5762 0 0 0 -30
0.5960 0.0108 0.5743 0 0 0 -30
0.5960 0.0108 0.5743 0 0 0 -30
0.5960 0.0109 0.5718 0 0 0 -30
0.5940 0.0109 0.5718 0 0 0 -30
0.5940 0.0109 0.5718 0 0 0 -30
0.5940 0.0109 0.5718 0 0 0 -30
0.5900 0.0104 0.5726 0 0 0 -30
0.5900 0.0104 0.5726 0 0 0 -30
0.5900 0.0104 0.5726 0 0 0 -30
0.5900 0.0104 0.5726 0 0 0 -30
0.5900 0.0104 0.5726 0 0 0 -30
0.5960 0.0096 0.5695 0 0 0 -30
0.5960 0.0096 0.5695 0 0 0 -30
0.5960 0.0096 0.5695 0 0 0 -30
0.5960 0.0096 0.5695 0 0 0 -30
0.6100 0.0092 0.5645 0 0 0 -30
0.6100 0.0092 0.5645 0 0 0 -30
0.6100 0.0092 0.5645 0 0 0 -30
0.6000 0.0090 0.5590 0 0 0 -30
0.6000 0.0090 0.5590 0 0 0 -30
0.6000 0.0090 0.5590 0 0 0 -30
0.6000 0.0090 0.5590 0 0 0 -30
0.6120 0.0096 0.5525 0 0 0 -30
0.6120 0.0096 0.5525 0 0 0 -30
0.6120 0.0096 0.5525 0 0 0 -30
0.6120 0.0096 0.5525 0 0 0 -30
0.6080 0.0104 0.5486 0 0 0 -30
0.6080 0.0104 0.5486 0 0 0 -30
0.6080 0.0104 0.5486 0 0 0 -30
0.6060 0.0111 0.5444 0 0 0 -30
0.6060 0.0111 0.5444 0 0 0 -30
0.6060 0.0111 0.5444 0 0 0 -30
0.6060 0.0111 0.5444 0 0 0 -30
0.6060 0.0111 0.5444 0 0 0 -30
0.6060 0.0111 0.5444 0 0 0 -30
0.6060 0.0111 0.5444 0 0 0 -30
0.6060 0.0111 0.5444 0 0 0 -30
0.6060 0.0111 0.5444 0 0 0 -30
0.6060 0.0111 0.5444 0 0 0 -30
0.6060 0.0111 0.5444 0 0 0 -30
0.6060 0.0111 0.5444 0 0 0 -30
0.6340 0.0120 0.5370 0 0 0 -30
0.6260 0.0121 0.5335 0 0 0 -30
0.6320 0.0115 0.5291 0 0 0 -30
0.5820 0.0106 0.5260 0 0 0 -30
0.5820 0.0106 0.5260 0 0 0 -30
0.5820 0.0106 0.5260 0 0 0 -30
0.5820 0.0106 0.5260 0 0 0 -30
0.6160 0.0099 0.5255 0 0 0 -30
0.6160 0.0099 0.5255 0 0 0 -30
0.6160 0.0099 0.5255 0 0 0 -30
0.6160 0.0099 0.5255 0 0 0 -30
0.6120 0.0090 0.5209 0 0 0 -30
0.6120 0.0090 0.5209 0 0 0 -30
0.6120 0.0090 0.5209 0 0 0 -30
0.6120 0.0090 0.5209 0 0 0 -30
0.5900 0.0083 0.5147 0 0 0 -30
0.5900 0.0083 0.5147 0 0 0 -30
0.5900 0.0083 0.5147 0 0 0 -30
0.5900 0.0083 0.5147 0 0 0 -30
0.6200 0.0082 0.5090 0 0 0 -30
0.6200 0.0082 0.5090 0 0 0 -30
0.6200 0.0082 0.5090 0 0 0 -30
0.6200 0.0082 0.5090 0 0 0 -30
0.6120 0.0084 0.5063 0 0 0 -30
0.6120 0.0084 0.5063 0 0 0 -30
0.6120 0.0084 0.5063 0 0 0 -30
0.6100 0.0087 0.5008 0 0 0 -30
0.6100 0.0087 0.5008 0 0 0 0
0.5660 0.0075 0.4415 0 0 0 30
0.5860 0.0064 0.4410 0 0 0 30
0.5460 0.0055 0.4371 0 0 0 30
0.5640 0.0049 0.4350 0 0 0 30
0.5720 0.0037 0.4298 0 0 0 30
0.5520 0.0019 -0.1152 0 0 0 30
0.5340 0.0015 -0.1127 0 0 0 30
0.5340 0.0015 -0.1127 0 0 0 0
0.5520 0.0016 -0.1089 0 0 0 30
0.5520 0.0013 -0.1067 0 0 0 30
0.5580 0.0013 -0.1067 0 0 0 30
0.5420 0.0013 -0.1036 0 0 0 30
0.5640 0.0021 -0.1028 0 0 0 30
0.5600 0.0028 -0.0989 0 0 0 30
0.5600 0.0028 -0.0989 0 0 0 30
0.5600 0.0028 -0.0989 0 0 0 0
0.5400 0.0027 -0.0924 0 0 0 30
0.5480 0.0017 -0.0854 0 0 0 30
0.5480 0.0013 -0.0837 0 0 0 30
0.5600 0.0013 -0.0829 0 0 0 30
0.5580 0.0042 -0.0810 0 0 0 0
0.5540 0.0055 -0.0800 0 0 0 30
0.5440 0.0078 -0.0835 0 0 0 30
0.5360 0.0087 -0.0832 0 0 0 30
0.5420 0.0101 -0.0855 0 0 0 0
0.5220 0.0112 -0.0898 0 0 0 30
0.5140 0.0091 -0.0858 0 0 0 30
0.5320 0.0092 -0.0975 0 0 0 30
0.5120 0.0101 -0.1153 0 0 0 30
0.5120 0.0106 -0.1249 0 0 0 30
0.5140 0.0107 -0.1275 0 0 0 0
0.5040 0.0103 -0.1360 0 0 0 30
0.4980 0.0100 -0.1351 0 0 0 30
0.5080 0.0097 -0.1355 0 0 0 30
0.5080 0.0097 -0.1355 0 0 0 30
0.5080 0.0099 -0.1338 0 0 0 30
0.5080 0.0100 -0.1322 0 0 0 30
0.5140 0.0100 -0.1322 0 0 0 0
0.5300 0.0100 -0.1301 0 0 0 30
0.5420 0.0101 -0.1249 0 0 0 30
0.5380 0.0102 -0.1249 0 0 0 30
0.5180 0.0105 -0.1230 0 0 0 30
0.5180 0.0105 -0.1230 0 0 0 30
0.5220 0.0105 -0.1225 0 0 0 30
0.5220 0.0105 -0.1225 0 0 0 30
0.5220 0.0105 -0.1225 0 0 0 30
0.5240 0.0101 -0.1220 0 0 0 0
0.5320 0.0121 0.3922 0 0 0 30
0.5400 0.0119 0.3973 0 0 0 30
0.5580 0.0119 0.3973 0 0 0 30
0.5380 0.0096 0.4031 0 0 0 30
0.5220 0.0084 0.4050 0 0 0 0
0.5340 0.0087 0.4053 0 0 0 30
0.5300 0.0088 0.4085 0 0 0 30
0.5380 0.0088 0.4085 0 0 0 30
0.5340 0.0085 0.4154 0 0 0 30
0.5340 0.0085 0.4154 0 0 0 30
0.5340 0.0085 0.4154 0 0 0 0
0.5460 0.0075 0.4108 0 0 0 30
0.5620 0.0061 0.4125 0 0 0 30
0.5620 0.0061 0.4125 0 0 0 30
0.5620 0.0052 0.4127 0 0 0 30
0.5620 0.0052 0.4127 0 0 0 30
0.5620 0.0052 0.4127 0 0 0 0
0.5680 0.0010 0.4158 0 0 0 30
0.5540 0.0006 0.4216 0 0 0 30
0.5580 0.0012 0.4206 0 0 0 30
0.5640 0.0030 0.4220 0 0 0 30
0.5520 0.0062 0.4251 0 0 0 30
0.5600 0.0061 -0.1146 0 0 0 0
0.5480 0.0105 -0.1240 0 0 0 30
0.5700 0.0096 -0.1233 0 0 0 30
0.5740 0.0083 -0.1236 0 0 0 30
0.5600 0.0066 -0.1222 0 0 0 30
0.5560 0.0047 -0.1210 0 0 0 30
0.5600 0.0038 -0.1198 0 0 0 30
0.5900 0.0041 -0.1176 0 0 0 0
0.5820 0.0056 -0.1164 0 0 0 30
0.5860 0.0066 -0.1121 0 0 0 30
0.5860 0.0070 -0.1082 0 0 0 30
0.5980 0.0071 -0.1114 0 0 0 30
0.5980 0.0071 -0.1114 0 0 0 30
0.5980 0.0071 -0.1114 0 0 0 30
0.5900 0.0074 -0.1081 0 0 0 30
0.5900 0.0074 -0.1081 0 0 0 0
