0.5180 0.0047 0.5175 0 0 0 -30
0.5160 0.0047 0.5175 0 0 0 -30
0.5160 0.0041 0.5203 0 0 0 -30
0.5220 0.0041 0.5203 0 0 0 -30
0.5180 0.0045 0.5193 0 0 0 -30
0.5120 0.0047 0.5108 0 0 0 0
0.5180 0.0052 0.4936 0 0 0 -30
0.5620 0.0049 0.4975 0 0 0 -30
0.5380 0.0043 0.4931 0 0 0 -30
0.5320 0.0041 0.4920 0 0 0 -30
0.5380 0.0054 0.4956 0 0 0 0
0.5600 0.0045 0.4566 0 0 0 30
0.5400 0.0045 0.4566 0 0 0 30
0.5500 0.0052 0.4639 0 0 0 30
0.5480 0.0048 0.4690 0 0 0 0
0.5240 0.0064 0.5140 0 -30 0 0
0.5240 0.0078 0.5137 0 -30 0 0
0.5500 0.0087 0.5126 0 -30 0 0
0.5380 0.0087 0.5126 0 -30 0 0
0.5500 0.0095 0.5149 0 -30 0 0
0.5440 0.0103 0.5138 0 -30 0 0
0.5600 0.0118 0.5106 0 -30 0 0
0.5540 0.0120 0.5073 0 -30 0 0
0.5500 0.0123 0.5061 0 -30 0 0
0.5580 0.0126 0.5009 0 -30 0 0
0.5580 0.0126 0.5009 0 -30 0 0
0.5580 0.0131 0.5005 0 -30 0 0
0.5460 0.0131 0.5005 0 -30 0 0
0.5460 0.0131 0.5005 0 -30 0 0
0.5460 0.0131 0.5005 0 -30 0 0
0.5500 0.0135 0.5037 0 -30 0 0
0.5500 0.0135 0.5037 0 -30 0 0
0.5660 0.0130 0.5048 0 -30 0 0
0.5660 0.0130 0.5048 0 -30 0 0
0.5660 0.0130 0.5048 0 -30 0 0
0.5660 0.0130 0.5048 0 -30 0 0
0.5660 0.0130 0.5048 0 -30 0 0
0.5660 0.0130 0.5048 0 -30 0 0
0.5240 0.0113 0.5111 0 -30 0 0
0.5240 0.0113 0.5111 0 -30 0 0
0.5240 0.0113 0.5111 0 -30 0 0
0.5240 0.0097 0.5109 0 -30 0 0
0.5380 0.0097 0.5109 0 -30 0 0
0.5380 0.0097 0.5109 0 -30 0 0
0.5500 0.0084 0.5179 0 -30 0 0
0.5500 0.0084 0.5179 0 -30 0 0
0.5500 0.0084 0.5179 0 -30 0 0
0.5500 0.0084 0.5179 0 -30 0 0
0.5500 0.0084 0.5179 0 -30 0 0
0.5500 0.0084 0.5179 0 -30 0 0
0.5320 0.0075 0.5200 0 -30 0 0
0.5320 0.0075 0.5200 0 -30 0 0
0.5320 0.0075 0.5200 0 -30 0 0
0.5320 0.0075 0.5200 0 -30 0 0
0.5300 0.0072 0.5272 0 -30 0 0
0.5300 0.0072 0.5272 0 -30 0 0
0.5300 0.0072 0.5272 0 -30 0 0
0.5120 0.0073 0.5274 0 -30 0 0
0.5120 0.0073 0.5274 0 -30 0 0
0.5120 0.0073 0.5274 0 -30 0 0
0.5120 0.0073 0.5274 0 -30 0 0
0.5120 0.0073 0.5274 0 -30 0 0
0.5280 0.0077 0.5286 0 -30 0 0
0.5280 0.0077 0.5286 0 -30 0 0
0.5280 0.0077 0.5286 0 -30 0 0
0.5280 0.0077 0.5286 0 -30 0 0
0.5300 0.0078 0.5273 0 -30 0 0
0.5300 0.0078 0.5273 0 -30 0 0
0.5300 0.0078 0.5273 0 -30 0 0
0.5400 0.0075 0.5294 0 -30 0 0
0.5400 0.0075 0.5294 0 -30 0 0
0.5400 0.0075 0.5294 0 -30 0 0
0.5400 0.0075 0.5294 0 -30 0 0
0.5400 0.0075 0.5294 0 -30 0 0
0.5400 0.0076 0.5277 0 -30 0 0
0.5400 0.0076 0.5277 0 -30 0 0
0.5400 0.0076 0.5277 0 -30 0 0
0.5400 0.0076 0.5277 0 -30 0 0
0.5340 0.0079 0.5280 0 -30 0 0
0.5340 0.0079 0.5280 0 -30 0 0
0.5340 0.0079 0.5280 0 -30 0 0
0.5460 0.0083 0.5253 0 -30 0 0
0.5460 0.0083 0.5253 0 -30 0 0
0.5460 0.0083 0.5253 0 -30 0 0
0.5460 0.0083 0.5253 0 -30 0 0
0.5300 0.0086 0.5246 0 -30 0 0
0.5300 0.0086 0.5246 0 -30 0 0
0.5300 0.0086 0.5246 0 -30 0 0
0.5300 0.0086 0.5246 0 -30 0 0
0.5300 0.0086 0.5246 0 -30 0 0
0.5440 0.0083 0.5232 0 -30 0 0
0.5440 0.0083 0.5232 0 -30 0 0
0.5440 0.0083 0.5232 0 -30 0 0
0.5420 0.0080 0.5235 0 -30 0 0
0.5420 0.0080 0.5235 0 -30 0 0
0.5420 0.0080 0.5235 0 -30 0 0
0.5420 0.0080 0.5235 0 -30 0 0
0.5220 0.0077 0.5232 0 -30 0 0
0.5220 0.0077 0.5232 0 -30 0 0
0.5220 0.0077 0.5232 0 -30 0 0
0.5220 0.0077 0.5232 0 -30 0 0
0.5220 0.0077 0.5232 0 -30 0 0
0.5260 0.0076 0.5223 0 -30 0 0
0.5260 0.0076 0.5223 0 -30 0 0
0.5340 0.0076 0.5213 0 -30 0 0
0.5340 0.0076 0.5213 0 -30 0 0
0.5340 0.0076 0.5213 0 -30 0 0
0.5340 0.0076 0.5213 0 -30 0 0
0.5340 0.0076 0.5213 0 -30 0 0
0.5300 0.0079 0.5199 0 -30 0 0
0.5300 0.0079 0.5199 0 -30 0 0
0.5300 0.0079 0.5199 0 -30 0 0
0.5300 0.0079 0.5199 0 -30 0 0
0.5140 0.0085 0.5178 0 -30 0 0
0.5140 0.0085 0.5178 0 -30 0 0
0.5140 0.0085 0.5178 0 -30 0 0
0.5140 0.0085 0.5178 0 -30 0 0
0.5100 0.0094 0.5187 0 -30 0 0
0.5100 0.0094 0.5187 0 -30 0 0
0.5100 0.0094 0.5187 0 -30 0 0
0.5100 0.0094 0.5187 0 -30 0 0
0.5280 0.0101 0.5202 0 -30 0 0
0.5280 0.0101 0.5202 0 -30 0 0
0.5280 0.0101 0.5202 0 -30 0 0
0.5280 0.0101 0.5202 0 -30 0 0
0.5280 0.0101 0.5202 0 -30 0 0
0.5480 0.0105 0.5181 0 -30 0 0
0.5480 0.0105 0.5181 0 -30 0 0
0.5480 0.0105 0.5181 0 -30 0 0
0.5480 0.0105 0.5181 0 -30 0 0
0.5480 0.0105 0.5181 0 -30 0 0
0.5480 0.0105 0.5181 0 -30 0 0
0.5480 0.0105 0.5181 0 -30 0 0
0.5480 0.0105 0.5181 0 -30 0 0
0.5480 0.0105 0.5181 0 -30 0 0
0.5480 0.0105 0.5181 0 -30 0 0
0.5480 0.0105 0.5181 0 -30 0 0
0.5100 0.0104 0.5180 0 -30 0 0
0.5100 0.0104 0.5180 0 -30 0 0
0.5180 0.0099 0.5180 0 -30 0 0
0.5200 0.0093 0.5152 0 -30 0 0
0.5200 0.0093 0.5152 0 -30 0 0
0.5140 0.0085 0.5144 0 -30 0 0
0.5140 0.0085 0.5144 0 -30 0 0
0.5140 0.0085 0.5144 0 0 0 0
0.5320 0.0052 0.5176 -30 0 0 0
0.5320 0.0050 0.5178 -30 0 0 0
0.5400 0.0054 0.5156 -30 0 0 0
0.5400 0.0054 0.5156 -30 0 0 0
0.5500 0.0066 0.5183 -30 0 0 0
0.5280 0.0083 0.5182 -30 0 0 0
0.5480 0.0100 0.5188 -30 0 0 0
0.5120 0.0116 0.5185 -30 0 0 0
0.5120 0.0116 0.5185 -30 0 0 0
0.5120 0.0116 0.5185 -30 0 0 0
0.5100 0.0127 0.5174 -30 0 0 0
0.5100 0.0127 0.5174 -30 0 0 0
0.5100 0.0127 0.5174 -30 0 0 0
0.5100 0.0127 0.5174 -30 0 0 0
0.5200 0.0133 0.5139 -30 0 0 0
0.5200 0.0133 0.5139 -30 0 0 0
0.5200 0.0133 0.5139 -30 0 0 0
0.5280 0.0132 0.5150 -30 0 0 0
0.5280 0.0132 0.5150 -30 0 0 0
0.5280 0.0132 0.5150 -30 0 0 0
0.5280 0.0132 0.5150 -30 0 0 0
0.5280 0.0132 0.5150 -30 0 0 0
0.5400 0.0120 0.5170 -30 0 0 0
0.5400 0.0120 0.5170 -30 0 0 0
0.5400 0.0120 0.5170 -30 0 0 0
0.5400 0.0120 0.5170 -30 0 0 0
0.5400 0.0120 0.5170 -30 0 0 0
0.5200 0.0107 0.5189 -30 0 0 0
0.5200 0.0107 0.5189 -30 0 0 0
0.5200 0.0107 0.5189 -30 0 0 0
0.5360 0.0093 0.5183 -30 0 0 0
0.5360 0.0093 0.5183 -30 0 0 0
0.5360 0.0093 0.5183 -30 0 0 0
0.5360 0.0093 0.5183 -30 0 0 0
0.5100 0.0088 0.5178 -30 0 0 0
0.5100 0.0088 0.5178 -30 0 0 0
0.5100 0.0088 0.5178 -30 0 0 0
0.5100 0.0088 0.5178 -30 0 0 0
0.5260 0.0088 0.5161 -30 0 0 0
0.5260 0.0088 0.5161 -30 0 0 0
0.5260 0.0090 0.5157 -30 0 0 0
0.5420 0.0090 0.5157 -30 0 0 0
0.5420 0.0090 0.5157 -30 0 0 0
0.5420 0.0090 0.5157 -30 0 0 0
0.5420 0.0090 0.5157 -30 0 0 0
0.5360 0.0094 0.5133 -30 0 0 0
0.5360 0.0094 0.5133 -30 0 0 0
0.5360 0.0094 0.5133 -30 0 0 0
0.5360 0.0097 0.5146 -30 0 0 0
0.5140 0.0097 0.5146 -30 0 0 0
0.5140 0.0097 0.5146 -30 0 0 0
0.5140 0.0097 0.5146 -30 0 0 0
0.5140 0.0097 0.5146 -30 0 0 0
0.5340 0.0095 0.5106 -30 0 0 0
0.5340 0.0095 0.5106 -30 0 0 0
0.5340 0.0095 0.5106 -30 0 0 0
0.5340 0.0095 0.5106 -30 0 0 0
0.5120 0.0091 0.5129 -30 0 0 0
0.5120 0.0091 0.5129 -30 0 0 0
0.5120 0.0091 0.5129 -30 0 0 0
0.5120 0.0091 0.5129 -30 0 0 0
0.5100 0.0089 0.5118 -30 0 0 0
0.5100 0.0089 0.5118 -30 0 0 0
0.5100 0.0089 0.5118 -30 0 0 0
0.5100 0.0091 0.5140 -30 0 0 0
0.5100 0.0091 0.5140 -30 0 0 0
0.5100 0.0091 0.5140 -30 0 0 0
0.5100 0.0091 0.5140 -30 0 0 0
0.5140 0.0093 0.5190 -30 0 0 0
0.5140 0.0093 0.5190 -30 0 0 0
0.5140 0.0093 0.5190 -30 0 0 0
0.5140 0.0093 0.5190 -30 0 0 0
0.5220 0.0096 0.5189 -30 0 0 0
0.5220 0.0096 0.5189 -30 0 0 0
0.5220 0.0096 0.5189 -30 0 0 0
0.4960 0.0096 0.5182 -30 0 0 0
0.4960 0.0096 0.5182 -30 0 0 0
0.4960 0.0096 0.5182 -30 0 0 0
0.4960 0.0096 0.5182 -30 0 0 0
0.4960 0.0096 0.5182 -30 0 0 0
0.5140 0.0095 0.5160 -30 0 0 0
0.5140 0.0095 0.5160 -30 0 0 0
0.5140 0.0095 0.5160 -30 0 0 0
0.5140 0.0095 0.5160 -30 0 0 0
0.5140 0.0096 0.5152 -30 0 0 0
0.5140 0.0096 0.5152 -30 0 0 0
0.5140 0.0096 0.5152 -30 0 0 0
0.5200 0.0094 0.5161 -30 0 0 0
0.5200 0.0094 0.5161 -30 0 0 0
0.5200 0.0094 0.5161 -30 0 0 0
0.5200 0.0094 0.5161 -30 0 0 0
0.5200 0.0094 0.5161 -30 0 0 0
0.5040 0.0093 0.5127 -30 0 0 0
0.5040 0.0093 0.5127 -30 0 0 0
0.5040 0.0093 0.5127 -30 0 0 0
0.5040 0.0093 0.5127 -30 0 0 0
0.5040 0.0093 0.5127 -30 0 0 0
0.5040 0.0093 0.5127 -30 0 0 0
0.5180 0.0089 0.5162 -30 0 0 0
0.5220 0.0083 0.5126 -30 0 0 0
0.5220 0.0083 0.5126 -30 0 0 0
0.5220 0.0083 0.5126 -30 0 0 0
0.5220 0.0083 0.5126 -30 0 0 0
0.5260 0.0074 0.0624 -30 0 0 0
0.5260 0.0074 0.0624 -30 0 0 0
0.5260 0.0074 0.0624 -30 0 0 0
0.5260 0.0074 0.0624 -30 0 0 0
0.5260 0.0074 0.0624 -30 0 0 0
0.5160 0.0062 0.0600 -30 0 0 0
0.5160 0.0062 0.0600 -30 0 0 0
0.4900 0.0056 0.0608 -30 0 0 0
0.4900 0.0056 0.0608 -30 0 0 0
0.4900 0.0056 0.0608 -30 0 0 0
0.4900 0.0056 0.0608 -30 0 0 0
0.5020 0.0053 0.0633 -30 0 0 0
0.5020 0.0053 0.0633 -30 0 0 0
0.5020 0.0053 0.0633 -30 0 0 0
0.5020 0.0053 0.0633 -30 0 0 0
0.5020 0.0053 0.0633 -30 0 0 0
0.5060 0.0058 0.0660 -30 0 0 0
0.5060 0.0058 0.0660 -30 0 0 0
0.5060 0.0058 0.0660 -30 0 0 0
0.5180 0.0065 0.0633 -30 0 0 0
0.5180 0.0065 0.0633 -30 0 0 0
0.5180 0.0065 0.0633 -30 0 0 0
0.5180 0.0065 0.0633 -30 0 0 0
0.5100 0.0072 0.0627 -30 0 0 0
0.5100 0.0072 0.0627 -30 0 0 0
0.5100 0.0072 0.0627 -30 0 0 0
0.5100 0.0072 0.0627 -30 0 0 0
0.5100 0.0072 0.0627 -30 0 0 0
0.5320 0.0079 0.0685 -30 0 0 0
0.5320 0.0079 0.0685 -30 0 0 0
0.5320 0.0079 0.0685 -30 0 0 0
0.5320 0.0080 0.0739 -30 0 0 0
0.5320 0.0080 0.0739 -30 0 0 0
0.5320 0.0080 0.0739 -30 0 0 0
0.5320 0.0080 0.0739 -30 0 0 0
0.5320 0.0079 0.0725 -30 0 0 0
0.5320 0.0079 0.0725 -30 0 0 0
0.5320 0.0079 0.0725 -30 0 0 0
0.5320 0.0079 0.0725 -30 0 0 0
0.5320 0.0079 0.0725 -30 0 0 0
0.5300 0.0074 0.0744 -30 0 0 0
0.5300 0.0074 0.0744 -30 0 0 0
0.5300 0.0074 0.0751 -30 0 0 0
0.5120 0.0074 0.0751 -30 0 0 0
0.5120 0.0074 0.0751 -30 0 0 0
0.5120 0.0074 0.0751 -30 0 0 0
0.5120 0.0074 0.0768 -30 0 0 0
0.5140 0.0074 0.0768 -30 0 0 0
0.5140 0.0074 0.0768 -30 0 0 0
0.5140 0.0074 0.0768 -30 0 0 0
0.5140 0.0074 0.0768 -30 0 0 0
0.5180 0.0074 0.0776 -30 0 0 0
0.5180 0.0074 0.0776 -30 0 0 0
0.5180 0.0079 0.0810 -30 0 0 0
0.5280 0.0079 0.0810 -30 0 0 0
0.5280 0.0079 0.0810 -30 0 0 0
0.5280 0.0079 0.0810 -30 0 0 0
0.5280 0.0079 0.0810 -30 0 0 0
0.5340 0.0085 0.0799 -30 0 0 0
0.5340 0.0085 0.0799 -30 0 0 0
0.5340 0.0085 0.0799 -30 0 0 0
0.5340 0.0085 0.0799 -30 0 0 0
0.5340 0.0085 0.0799 -30 0 0 0
0.5500 0.0095 0.0816 -30 0 0 0
0.5500 0.0095 0.0816 -30 0 0 0
0.5420 0.0101 0.0776 -30 0 0 0
0.5420 0.0101 0.0776 -30 0 0 0
0.5420 0.0101 0.0776 -30 0 0 0
0.5320 0.0103 0.0742 -30 0 0 0
0.5320 0.0103 0.0742 -30 0 0 0
0.5320 0.0103 0.0742 -30 0 0 0
0.5320 0.0103 0.0742 -30 0 0 0
0.5320 0.0103 0.0742 -30 0 0 0
0.5320 0.0103 0.0742 -30 0 0 0
0.5040 0.0097 0.0756 -30 0 0 0
0.5040 0.0097 0.0756 -30 0 0 0
0.5360 0.0092 0.0732 -30 0 0 0
0.5360 0.0092 0.0732 -30 0 0 0
0.5360 0.0092 0.0732 -30 0 0 0
0.5360 0.0092 0.0732 -30 0 0 0
0.5340 0.0087 0.0698 -30 0 0 0
0.5340 0.0087 0.0698 -30 0 0 0
0.5340 0.0087 0.0698 -30 0 0 0
0.5340 0.0087 0.0698 -30 0 0 0
0.5340 0.0087 0.0698 -30 0 0 0
0.5460 0.0085 0.0673 -30 0 0 0
0.5460 0.0085 0.0673 -30 0 0 0
0.5460 0.0085 0.0673 -30 0 0 0
0.5580 0.0086 0.0690 -30 0 0 0
0.5580 0.0086 0.0690 -30 0 0 0
0.5580 0.0086 0.0690 -30 0 0 0
0.5580 0.0086 0.0690 -30 0 0 0
0.5500 0.0086 0.0715 -30 0 0 0
0.5500 0.0086 0.0715 -30 0 0 0
0.5500 0.0086 0.0715 -30 0 0 0
0.5500 0.0086 0.0715 -30 0 0 0
0.5500 0.0086 0.0715 -30 0 0 0
0.5120 0.0081 0.0714 -30 0 0 0
0.5120 0.0081 0.0714 -30 0 0 0
0.5340 0.0076 0.0676 -30 0 0 0
0.5340 0.0076 0.0676 -30 0 0 0
0.5340 0.0076 0.0676 -30 0 0 0
0.5460 0.0077 0.0641 -30 0 0 0
0.5460 0.0077 0.0641 -30 0 0 0
0.5460 0.0077 0.0641 -30 0 0 0
0.5460 0.0077 0.0641 -30 0 0 0
0.5460 0.0077 0.0641 -30 0 0 0
0.5460 0.0077 0.0641 -30 0 0 0
0.5300 0.0081 0.0594 -30 0 0 0
0.5300 0.0081 0.0594 -30 0 0 0
0.5300 0.0081 0.0594 -30 0 0 0
0.5460 0.0082 0.0576 -30 0 0 0
0.5460 0.0082 0.0576 -30 0 0 0
0.5460 0.0082 0.0576 -30 0 0 0
0.5460 0.0082 0.0576 -30 0 0 0
0.5100 0.0082 0.0613 -30 0 0 0
0.5100 0.0082 0.0613 -30 0 0 0
0.5100 0.0082 0.0613 -30 0 0 0
0.5100 0.0082 0.0613 -30 0 0 0
0.5100 0.0082 0.0613 -30 0 0 0
0.5420 0.0085 0.5940 -30 0 0 0
0.5420 0.0085 0.5940 -30 0 0 0
0.5420 0.0089 0.5877 -30 0 0 0
0.5360 0.0089 0.5877 -30 0 0 0
0.5360 0.0089 0.5877 -30 0 0 0
0.5360 0.0089 0.5877 -30 0 0 0
0.5320 0.0093 0.5875 -30 0 0 0
0.5320 0.0093 0.5875 -30 0 0 0
0.5320 0.0093 0.5875 -30 0 0 0
0.5320 0.0093 0.5875 -30 0 0 0
0.5220 0.0097 0.5902 -30 0 0 0
0.5220 0.0097 0.5902 -30 0 0 0
0.5220 0.0097 0.5902 -30 0 0 0
0.5420 0.0099 0.5905 -30 0 0 0
0.5420 0.0099 0.5905 -30 0 0 0
0.5420 0.0099 0.5905 -30 0 0 0
0.5420 0.0099 0.5905 -30 0 0 0
0.5240 0.0100 0.5891 -30 0 0 0
0.5240 0.0100 0.5891 -30 0 0 0
0.5240 0.0100 0.5891 -30 0 0 0
0.5240 0.0100 0.5891 -30 0 0 0
0.5240 0.0100 0.5891 -30 0 0 0
0.5380 0.0105 0.5892 -30 0 0 0
0.5380 0.0105 0.5892 -30 0 0 0
0.5380 0.0105 0.5892 -30 0 0 0
0.5140 0.0111 0.5933 -30 0 0 0
0.5140 0.0111 0.5933 -30 0 0 0
0.5140 0.0111 0.5933 -30 0 0 0
0.5140 0.0111 0.5933 -30 0 0 0
0.5220 0.0114 0.5977 -30 0 0 0
0.5220 0.0114 0.5977 -30 0 0 0
0.5220 0.0114 0.5977 -30 0 0 0
0.5220 0.0114 0.5977 -30 0 0 0
0.5220 0.0114 0.5977 -30 0 0 0
0.5160 0.0117 0.5991 -30 0 0 0
0.5160 0.0117 0.5961 -30 0 0 0
0.5160 0.0117 0.5961 -30 0 0 0
0.5160 0.0117 0.5961 -30 0 0 0
0.5160 0.0117 0.5961 -30 0 0 0
0.5160 0.0114 0.5940 -30 0 0 0
0.5400 0.0114 0.5940 -30 0 0 0
0.5400 0.0114 0.5940 -30 0 0 0
0.5400 0.0114 0.5940 -30 0 0 0
0.5400 0.0114 0.5940 -30 0 0 0
0.5400 0.0114 0.5940 -30 0 0 0
0.5600 0.0104 0.5998 -30 0 0 0
0.5500 0.0093 0.5998 -30 0 0 0
0.5500 0.0093 0.5998 -30 0 0 0
0.5500 0.0093 0.5998 -30 0 0 0
0.5500 0.0093 0.5998 -30 0 0 0
0.5500 0.0093 0.5998 -30 0 0 0
0.5500 0.0093 0.5998 -30 0 0 0
0.5500 0.0093 0.5998 -30 0 0 0
0.5500 0.0093 0.5998 -30 0 0 0
0.5500 0.0093 0.5998 -30 0 0 0
0.5500 0.0093 0.5998 -30 0 0 0
0.5500 0.0093 0.5998 -30 0 0 0
0.5500 0.0093 0.5998 -30 0 0 0
0.5400 0.0085 0.5962 -30 0 0 0
0.5680 0.0079 0.5954 -30 0 0 0
0.5760 0.0078 0.5970 -30 0 0 0
0.5760 0.0078 0.5970 -30 0 0 0
0.5640 0.0079 0.5980 -30 0 0 0
0.5640 0.0079 0.5980 -30 0 0 0
0.5640 0.0079 0.5980 -30 0 0 0
0.5640 0.0079 0.5980 -30 0 0 0
0.5520 0.0084 0.5961 -30 0 0 0
0.5520 0.0084 0.5961 -30 0 0 0
0.5760 0.0090 0.5975 -30 0 0 0
0.5760 0.0090 0.5975 -30 0 0 0
0.5760 0.0090 0.5975 -30 0 0 0
0.5760 0.0090 0.5975 -30 0 0 0
0.5840 0.0100 0.5974 -30 0 0 0
0.5840 0.0100 0.5974 -30 0 0 0
0.5840 0.0100 0.5974 -30 0 0 0
0.5840 0.0100 0.5974 -30 0 0 0
0.5840 0.0100 0.5974 -30 0 0 0
0.5840 0.0100 0.5974 -30 0 0 0
0.5840 0.0100 0.5974 -30 0 0 0
0.5840 0.0100 0.5974 -30 0 0 0
0.5740 0.0106 0.6005 -30 0 0 0
0.5740 0.0106 0.6005 -30 0 0 0
0.5740 0.0106 0.6005 -30 0 0 0
0.5600 0.0109 0.6001 -30 0 0 0
0.5220 0.0108 0.6016 -30 0 0 0
0.5220 0.0108 0.6016 -30 0 0 0
0.5220 0.0108 0.6016 -30 0 0 0
0.5220 0.0108 0.6016 -30 0 0 0
0.5520 0.0106 0.6021 -30 0 0 0
0.5520 0.0106 0.6021 -30 0 0 0
0.5520 0.0106 0.6021 -30 0 0 0
0.5520 0.0106 0.6021 -30 0 0 0
0.5520 0.0106 0.6021 0 0 0 0
0.5680 0.0106 1.0570 0 0 -30 0
0.5440 0.0106 1.0562 0 0 -30 0
0.5480 0.0102 0.6218 0 0 -30 0
0.5520 0.0098 0.6255 0 0 -30 0
0.5600 0.0074 0.6254 0 0 -30 0
0.5480 0.0067 0.6309 0 0 -30 0
0.5640 0.0064 0.6314 0 0 0 0
0.5500 0.0077 0.6137 0 0 -30 0
0.5540 0.0077 0.6137 0 0 -30 0
0.5460 0.0084 0.6118 0 0 -30 0
0.5480 0.0087 0.6075 0 0 -30 0
0.5520 0.0088 0.6099 0 0 -30 0
0.5520 0.0088 0.6099 0 0 0 0
0.5500 0.0106 0.6082 -30 0 0 0
0.5640 0.0088 0.6102 -30 0 0 0
0.5640 0.0077 0.6077 -30 0 0 0
0.5420 0.0073 0.6091 -30 0 0 0
0.5340 0.0083 0.6069 -30 0 0 0
0.5340 0.0125 0.6073 -30 0 0 0
0.5380 0.0133 0.6078 -30 0 0 0
0.5380 0.0127 0.6082 -30 0 0 0
0.5320 0.0107 0.6083 -30 0 0 0
0.5320 0.0107 0.6083 -30 0 0 0
0.5320 0.0107 0.6083 -30 0 0 0
0.5320 0.0107 0.6083 -30 0 0 0
0.5280 0.0094 0.6091 -30 0 0 0
0.5280 0.0094 0.6091 -30 0 0 0
0.5280 0.0094 0.6091 -30 0 0 0
0.5280 0.0094 0.6091 -30 0 0 0
0.5280 0.0086 0.6087 -30 0 0 0
0.5460 0.0086 0.6087 -30 0 0 0
0.5460 0.0086 0.6087 -30 0 0 0
0.5460 0.0086 0.6087 -30 0 0 0
0.5540 0.0090 0.6077 -30 0 0 0
0.5540 0.0090 0.6077 -30 0 0 0
0.5540 0.0090 0.6077 -30 0 0 0
0.5340 0.0100 0.6077 -30 0 0 0
0.5340 0.0100 0.6077 -30 0 0 0
0.5340 0.0100 0.6077 -30 0 0 0
0.5340 0.0100 0.6077 -30 0 0 0
0.5500 0.0109 0.6074 -30 0 0 0
0.5500 0.0109 0.6074 -30 0 0 0
0.5500 0.0109 0.6074 -30 0 0 0
0.5480 0.0115 0.6075 -30 0 0 0
0.5480 0.0115 0.6075 -30 0 0 0
0.5480 0.0115 0.6075 -30 0 0 0
0.5480 0.0115 0.6075 -30 0 0 0
0.5400 0.0115 0.6057 -30 0 0 0
0.5400 0.0115 0.6057 -30 0 0 0
0.5400 0.0115 0.6057 -30 0 0 0
0.5400 0.0115 0.6057 -30 0 0 0
0.5400 0.0112 0.6076 -30 0 0 0
0.5400 0.0112 0.6076 -30 0 0 0
0.5400 0.0112 0.6076 -30 0 0 0
0.5400 0.0112 0.6076 -30 0 0 0
0.5700 0.0104 0.6069 -30 0 0 0
0.5700 0.0104 0.6069 -30 0 0 0
0.5700 0.0104 0.6069 -30 0 0 0
0.5700 0.0104 0.6069 -30 0 0 0
0.5500 0.0096 0.6062 -30 0 0 0
0.5500 0.0096 0.6062 -30 0 0 0
0.5500 0.0096 0.6062 -30 0 0 0
0.5500 0.0096 0.6062 -30 0 0 0
0.5640 0.0092 0.6052 -30 0 0 0
0.5640 0.0092 0.6052 -30 0 0 0
0.5640 0.0092 0.6052 -30 0 0 0
0.5560 0.0093 0.6044 -30 0 0 0
0.5560 0.0093 0.6044 -30 0 0 0
0.5560 0.0093 0.6044 -30 0 0 0
0.5560 0.0093 0.6044 -30 0 0 0
0.5780 0.0095 0.6035 -30 0 0 0
0.5780 0.0095 0.6035 -30 0 0 0
0.5780 0.0095 0.6035 -30 0 0 0
0.5780 0.0095 0.6035 -30 0 0 0
0.5540 0.0096 0.5998 -30 0 0 0
0.5540 0.0096 0.5998 -30 0 0 0
0.5540 0.0096 0.5998 -30 0 0 0
0.5360 0.0094 0.5977 -30 0 0 0
0.5360 0.0094 0.5977 -30 0 0 0
0.5360 0.0094 0.5977 -30 0 0 0
0.5360 0.0094 0.5977 -30 0 0 0
0.5580 0.0091 0.5964 -30 0 0 0
0.5580 0.0091 0.5964 -30 0 0 0
0.5580 0.0091 0.5964 -30 0 0 0
0.5580 0.0091 0.5964 -30 0 0 0
0.5500 0.0087 0.5968 -30 0 0 0
0.5500 0.0087 0.5968 -30 0 0 0
0.5500 0.0087 0.5968 -30 0 0 0
0.5500 0.0082 0.5992 -30 0 0 0
0.5460 0.0082 0.5992 -30 0 0 0
0.5460 0.0082 0.5992 -30 0 0 0
0.5460 0.0082 0.5992 -30 0 0 0
0.5440 0.0077 0.5990 -30 0 0 0
0.5440 0.0077 0.5990 -30 0 0 0
0.5440 0.0077 0.5990 -30 0 0 0
0.5440 0.0077 0.5990 -30 0 0 0
0.5440 0.0070 0.5988 -30 0 0 0
0.5320 0.0070 0.5988 -30 0 0 0
0.5320 0.0070 0.5988 -30 0 0 0
0.5320 0.0070 0.5988 -30 0 0 0
0.5420 0.0061 0.5982 -30 0 0 0
0.5420 0.0061 0.5982 -30 0 0 0
0.5420 0.0061 0.5982 -30 0 0 0
0.5420 0.0061 0.5982 -30 0 0 0
0.5580 0.0053 0.6001 -30 0 0 0
0.5580 0.0053 0.6001 -30 0 0 0
0.5580 0.0053 0.6001 -30 0 0 0
0.5580 0.0053 0.6001 -30 0 0 0
0.5660 0.0049 0.6010 -30 0 0 0
0.5660 0.0049 0.6010 -30 0 0 0
0.5660 0.0049 0.6010 -30 0 0 0
0.5660 0.0052 0.6030 -30 0 0 0
0.5480 0.0052 0.6030 -30 0 0 0
0.5480 0.0052 0.6030 -30 0 0 0
0.5480 0.0052 0.6030 -30 0 0 0
0.5480 0.0052 0.6030 -30 0 0 0
0.5480 0.0058 0.6025 -30 0 0 0
0.5480 0.0058 0.6025 -30 0 0 0
0.5480 0.0058 0.6025 -30 0 0 0
0.5480 0.0067 0.6023 -30 0 0 0
0.5360 0.0067 0.6023 -30 0 0 0
0.5360 0.0067 0.6023 -30 0 0 0
0.5360 0.0067 0.6023 -30 0 0 0
0.5360 0.0077 0.6008 -30 0 0 0
0.5360 0.0077 0.6008 -30 0 0 0
0.5360 0.0077 0.6008 -30 0 0 0
0.5360 0.0077 0.6008 -30 0 0 0
0.5220 0.0079 0.5986 -30 0 0 0
0.5220 0.0079 0.5986 -30 0 0 0
0.5220 0.0079 0.5986 -30 0 0 0
0.5220 0.0079 0.5986 -30 0 0 0
0.5220 0.0079 0.5986 -30 0 0 0
0.5380 0.0080 0.5999 -30 0 0 0
0.5380 0.0080 0.5999 -30 0 0 0
0.5380 0.0080 0.5999 -30 0 0 0
0.5420 0.0079 0.6000 -30 0 0 0
0.5420 0.0079 0.6000 -30 0 0 0
0.5420 0.0079 0.6000 -30 0 0 0
0.5420 0.0079 0.6000 -30 0 0 0
0.5400 0.0077 0.6007 -30 0 0 0
0.5400 0.0077 0.6007 -30 0 0 0
0.5400 0.0077 0.6007 -30 0 0 0
0.5400 0.0077 0.6007 -30 0 0 0
0.5400 0.0074 0.6004 -30 0 0 0
0.5340 0.0074 0.6004 -30 0 0 0
0.5340 0.0074 0.6004 -30 0 0 0
0.5340 0.0074 0.6004 -30 0 0 0
0.5240 0.0065 0.6001 -30 0 0 0
0.5240 0.0065 0.6001 -30 0 0 0
0.5240 0.0065 0.6001 -30 0 0 0
0.5240 0.0065 0.6001 -30 0 0 0
0.5340 0.0059 0.6013 -30 0 0 0
0.5340 0.0059 0.6013 -30 0 0 0
0.5340 0.0059 0.6013 -30 0 0 0
0.5340 0.0059 0.6013 -30 0 0 0
0.5340 0.0059 0.6013 -30 0 0 0
0.5280 0.0054 0.6020 -30 0 0 0
0.5280 0.0054 0.6020 -30 0 0 0
0.5280 0.0054 0.6020 -30 0 0 0
0.5120 0.0053 0.6020 -30 0 0 0
0.5120 0.0053 0.6020 -30 0 0 0
0.5120 0.0053 0.6020 -30 0 0 0
0.5120 0.0053 0.6020 -30 0 0 0
0.5380 0.0054 0.5992 -30 0 0 0
0.5380 0.0054 0.5992 -30 0 0 0
0.5380 0.0054 0.5992 -30 0 0 0
0.5380 0.0054 0.5992 -30 0 0 0
0.5380 0.0054 0.5992 -30 0 0 0
0.5280 0.0054 0.5960 -30 0 0 0
0.5280 0.0054 0.5960 -30 0 0 0
0.5360 0.0056 0.5970 -30 0 0 0
0.5360 0.0056 0.5970 -30 0 0 0
0.5360 0.0056 0.5970 -30 0 0 0
0.5360 0.0056 0.5970 -30 0 0 0
0.5360 0.0056 0.5970 -30 0 0 0
0.5500 0.0061 0.5990 -30 0 0 0
0.5500 0.0061 0.5990 -30 0 0 0
0.5500 0.0061 0.5990 -30 0 0 0
0.5500 0.0061 0.5990 -30 0 0 0
0.5440 0.0068 0.5985 -30 0 0 0
0.5440 0.0068 0.5985 -30 0 0 0
0.5440 0.0071 0.5978 -30 0 0 0
0.5480 0.0071 0.5978 -30 0 0 0
0.5480 0.0071 0.5978 -30 0 0 0
0.5480 0.0071 0.5978 -30 0 0 0
0.5480 0.0071 0.5978 -30 0 0 0
0.5520 0.0071 0.5995 -30 0 0 0
0.5520 0.0071 0.5995 -30 0 0 0
0.5520 0.0071 0.5995 -30 0 0 0
0.5520 0.0071 0.5995 -30 0 0 0
0.5520 0.0071 0.5995 -30 0 0 0
0.5440 0.0061 0.6023 -30 0 0 0
0.5440 0.0061 0.6023 -30 0 0 0
0.5440 0.0061 0.6023 -30 0 0 0
0.5400 0.0043 0.6010 -30 0 0 0
0.5400 0.0043 0.6010 -30 0 0 0
0.5400 0.0043 0.6010 -30 0 0 0
0.5400 0.0043 0.6010 -30 0 0 0
0.5340 0.0028 0.5994 -30 0 0 0
0.5340 0.0028 0.5994 -30 0 0 0
0.5340 0.0028 0.5994 -30 0 0 0
0.5340 0.0028 0.5994 -30 0 0 0
0.5340 0.0028 0.5994 -30 0 0 0
0.5340 0.0028 0.5994 -30 0 0 0
0.5340 0.0028 0.5994 -30 0 0 0
0.5340 0.0028 0.5994 -30 0 0 0
0.5340 0.0028 0.5994 -30 0 0 0
0.5340 0.0028 0.5994 -30 0 0 0
0.5460 0.0015 0.5990 -30 0 0 0
0.5360 0.0012 0.5988 -30 0 0 0
0.5280 0.0015 0.6000 -30 0 0 0
0.5280 0.0015 0.6000 -30 0 0 0
0.5280 0.0015 0.6000 -30 0 0 0
0.5160 0.0024 0.5977 -30 0 0 0
0.5160 0.0024 0.5977 -30 0 0 0
0.5260 0.0030 0.6000 -30 0 0 0
0.5260 0.0030 0.6000 -30 0 0 0
0.5260 0.0030 0.6000 -30 0 0 0
0.5260 0.0030 0.6000 -30 0 0 0
0.5320 0.0036 0.6038 -30 0 0 0
0.5320 0.0036 0.6038 -30 0 0 0
0.5320 0.0036 0.6038 -30 0 0 0
0.5320 0.0036 0.6038 -30 0 0 0
0.5320 0.0036 0.6038 -30 0 0 0
0.5360 0.0042 0.5966 -30 0 0 0
0.5360 0.0042 0.5966 -30 0 0 0
0.5360 0.0042 0.5966 -30 0 0 0
0.5360 0.0042 0.5966 -30 0 0 0
0.5360 0.0042 0.5966 -30 0 0 0
0.5360 0.0042 0.5966 -30 0 0 0
0.5360 0.0042 0.5966 -30 0 0 0
0.5360 0.0042 0.5966 -30 0 0 0
0.5360 0.0042 0.5966 -30 0 0 0
0.5360 0.0047 0.5942 -30 0 0 0
0.5480 0.0047 0.5942 -30 0 0 0
0.5440 0.0051 0.5955 -30 0 0 0
0.5480 0.0049 0.5956 -30 0 0 0
0.5380 0.0047 0.5984 -30 0 0 0
0.5380 0.0047 0.5984 -30 0 0 0
0.5380 0.0047 0.5984 -30 0 0 0
0.5380 0.0047 0.5984 -30 0 0 0
0.5620 0.0048 0.5973 -30 0 0 0
0.5620 0.0048 0.5973 -30 0 0 0
0.5620 0.0048 0.5973 -30 0 0 0
0.5620 0.0048 0.5973 -30 0 0 0
0.5620 0.0048 0.5973 -30 0 0 0
0.5340 0.0054 0.5985 -30 0 0 0
0.5340 0.0054 0.5985 -30 0 0 0
0.5500 0.0064 0.6013 -30 0 0 0
0.5500 0.0064 0.6013 -30 0 0 0
0.5500 0.0064 0.6013 -30 0 0 0
0.5580 0.0076 0.6013 -30 0 0 0
0.5580 0.0076 0.6013 -30 0 0 0
0.5580 0.0076 0.6013 -30 0 0 0
0.5580 0.0076 0.6013 -30 0 0 0
0.5580 0.0076 0.6013 -30 0 0 0
0.5560 0.0092 0.6021 -30 0 0 0
0.5560 0.0092 0.6021 -30 0 0 0
0.5600 0.0097 0.6017 -30 0 0 0
0.5600 0.0097 0.6017 -30 0 0 0
0.5600 0.0097 0.6017 -30 0 0 0
0.5600 0.0094 0.6025 -30 0 0 0
0.5600 0.0094 0.6025 -30 0 0 0
0.5600 0.0094 0.6025 -30 0 0 0
0.5600 0.0094 0.6025 -30 0 0 0
0.5600 0.0094 0.6025 -30 0 0 0
0.5420 0.0085 0.6012 -30 0 0 0
0.5420 0.0085 0.6012 -30 0 0 0
0.5520 0.0074 0.6027 -30 0 0 0
0.5520 0.0074 0.6027 -30 0 0 0
0.5520 0.0074 0.6027 -30 0 0 0
0.5520 0.0074 0.6027 -30 0 0 0
0.5340 0.0062 0.6012 -30 0 0 0
0.5340 0.0062 0.6012 -30 0 0 0
0.5340 0.0062 0.6012 -30 0 0 0
0.5340 0.0062 0.6012 -30 0 0 0
0.5360 0.0047 0.6022 -30 0 0 0
0.5360 0.0047 0.6022 -30 0 0 0
0.5360 0.0047 0.6022 -30 0 0 0
0.5300 0.0039 0.6041 -30 0 0 0
0.5300 0.0039 0.6041 -30 0 0 0
0.5300 0.0039 0.6041 -30 0 0 0
0.5300 0.0039 0.6041 -30 0 0 0
0.5220 0.0035 0.6035 -30 0 0 0
0.5220 0.0035 0.6035 -30 0 0 0
0.5220 0.0035 0.6035 -30 0 0 0
0.5220 0.0035 0.6035 -30 0 0 0
0.5220 0.0035 0.6035 -30 0 0 0
0.5220 0.0025 0.6023 -30 0 0 0
0.5220 0.0025 0.6023 -30 0 0 0
0.5400 0.0017 0.6016 -30 0 0 0
0.5400 0.0017 0.6016 -30 0 0 0
0.5400 0.0017 0.6016 -30 0 0 0
0.5180 0.0013 0.6060 -30 0 0 0
0.5180 0.0013 0.6060 -30 0 0 0
0.5180 0.0013 0.6060 -30 0 0 0
0.5180 0.0013 0.6060 -30 0 0 0
0.5180 0.0013 0.6060 -30 0 0 0
0.5180 0.0022 0.6010 -30 0 0 0
0.5480 0.0022 0.6010 -30 0 0 0
0.5480 0.0022 0.6010 0 0 0 0
0.5540 0.0043 0.5990 0 -30 0 0
0.5540 0.0043 0.5990 0 -30 0 0
0.5380 0.0041 0.6008 0 -30 0 0
0.5640 0.0061 0.5968 0 -30 0 0
0.5600 0.0083 0.5971 0 -30 0 0
0.5600 0.0083 0.5971 0 -30 0 0
0.5600 0.0083 0.5971 0 -30 0 0
0.5600 0.0083 0.5971 0 -30 0 0
0.5460 0.0107 0.5971 0 -30 0 0
0.5460 0.0107 0.5971 0 -30 0 0
0.5460 0.0107 0.5971 0 -30 0 0
0.5460 0.0107 0.5971 0 -30 0 0
0.5580 0.0133 0.5983 0 -30 0 0
0.5580 0.0133 0.5983 0 -30 0 0
0.5580 0.0133 0.5983 0 -30 0 0
0.5740 0.0145 0.6006 0 -30 0 0
0.5740 0.0145 0.6006 0 -30 0 0
0.5740 0.0145 0.6006 0 -30 0 0
0.5740 0.0145 0.6006 0 -30 0 0
0.5740 0.0145 0.6006 0 -30 0 0
0.5460 0.0144 0.6000 0 -30 0 0
0.5460 0.0144 0.6000 0 -30 0 0
0.5460 0.0144 0.6000 0 -30 0 0
0.5460 0.0144 0.6000 0 -30 0 0
0.5460 0.0144 0.6000 0 -30 0 0
0.5460 0.0144 0.6000 0 -30 0 0
0.5460 0.0144 0.6000 0 -30 0 0
0.5460 0.0144 0.6000 0 -30 0 0
0.5460 0.0144 0.6000 0 -30 0 0
0.5460 0.0144 0.6000 0 -30 0 0
0.5700 0.0132 0.6034 0 -30 0 0
0.5560 0.0118 0.6025 0 -30 0 0
0.5500 0.0096 0.6020 0 -30 0 0
0.5500 0.0096 0.6020 0 -30 0 0
0.5500 0.0096 0.6020 0 -30 0 0
0.5500 0.0096 0.6020 0 -30 0 0
0.5700 0.0082 0.6032 0 -30 0 0
0.5700 0.0082 0.6032 0 -30 0 0
0.5740 0.0077 0.6037 0 -30 0 0
0.5740 0.0077 0.6037 0 -30 0 0
0.5740 0.0077 0.6037 0 -30 0 0
0.5740 0.0077 0.6037 0 -30 0 0
0.5740 0.0077 0.6037 0 -30 0 0
0.5580 0.0071 0.6065 0 -30 0 0
0.5580 0.0071 0.6065 0 -30 0 0
0.5580 0.0071 0.6065 0 -30 0 0
0.5580 0.0071 0.6065 0 -30 0 0
0.5320 0.0070 0.6081 0 -30 0 0
0.5320 0.0070 0.6081 0 -30 0 0
0.5620 0.0070 0.6045 0 -30 0 0
0.5620 0.0070 0.6045 0 -30 0 0
0.5620 0.0070 0.6045 0 -30 0 0
0.5620 0.0070 0.6045 0 -30 0 0
0.5620 0.0070 0.6045 0 -30 0 0
0.5600 0.0068 0.6061 0 -30 0 0
0.5600 0.0068 0.6061 0 -30 0 0
0.5600 0.0068 0.6061 0 -30 0 0
0.5600 0.0068 0.6061 0 -30 0 0
0.5620 0.0064 0.6089 0 -30 0 0
0.5620 0.0064 0.6089 0 -30 0 0
0.5700 0.0065 0.6074 0 -30 0 0
0.5700 0.0065 0.6074 0 -30 0 0
0.5700 0.0065 0.6074 0 -30 0 0
0.5700 0.0065 0.6074 0 -30 0 0
0.5700 0.0065 0.6074 0 -30 0 0
0.5700 0.0065 0.6074 0 -30 0 0
0.5680 0.0073 0.6057 0 -30 0 0
0.5680 0.0073 0.6057 0 -30 0 0
0.5680 0.0073 0.6057 0 -30 0 0
0.5540 0.0085 0.6037 0 -30 0 0
0.5540 0.0085 0.6037 0 -30 0 0
0.5660 0.0088 0.6027 0 -30 0 0
0.5660 0.0088 0.6027 0 -30 0 0
0.5660 0.0088 0.6027 0 -30 0 0
0.5660 0.0088 0.6027 0 -30 0 0
0.5660 0.0088 0.6027 0 -30 0 0
0.5740 0.0081 0.6045 0 -30 0 0
0.5740 0.0081 0.6045 0 -30 0 0
0.5740 0.0081 0.6045 0 -30 0 0
0.5740 0.0081 0.6045 0 -30 0 0
0.5640 0.0065 0.6024 0 -30 0 0
0.5640 0.0065 0.6024 0 -30 0 0
0.5600 0.0050 0.6033 0 -30 0 0
0.5600 0.0050 0.6033 0 -30 0 0
0.5600 0.0050 0.6033 0 -30 0 0
0.5600 0.0050 0.6033 0 -30 0 0
0.5600 0.0050 0.6033 0 -30 0 0
0.5600 0.0050 0.6033 0 -30 0 0
0.5600 0.0050 0.6033 0 -30 0 0
0.5600 0.0050 0.6033 0 -30 0 0
0.5600 0.0050 0.6033 0 -30 0 0
0.5600 0.0050 0.6033 0 -30 0 0
0.5600 0.0050 0.6033 0 -30 0 0
0.5580 0.0040 0.6055 0 -30 0 0
0.5580 0.0040 0.6055 0 -30 0 0
0.5560 0.0038 0.6110 0 -30 0 0
0.5620 0.0039 0.6107 0 -30 0 0
0.5600 0.0040 0.6122 0 -30 0 0
0.5600 0.0040 0.6122 0 -30 0 0
0.5600 0.0040 0.6122 0 -30 0 0
0.5600 0.0040 0.6122 0 -30 0 0
0.5900 0.0044 0.6118 0 -30 0 0
0.5900 0.0044 0.6118 0 -30 0 0
0.5900 0.0044 0.6118 0 -30 0 0
0.5780 0.0050 0.6111 0 -30 0 0
0.5780 0.0050 0.6111 0 -30 0 0
0.5780 0.0050 0.6111 0 -30 0 0
0.5780 0.0050 0.6111 0 -30 0 0
0.5780 0.0050 0.6111 0 -30 0 0
0.6040 0.0056 0.6093 0 -30 0 0
0.6040 0.0056 0.6093 0 -30 0 0
0.6040 0.0056 0.6093 0 -30 0 0
0.6040 0.0056 0.6093 0 -30 0 0
0.5740 0.0055 0.6119 0 -30 0 0
0.5740 0.0055 0.6119 0 -30 0 0
0.5740 0.0055 0.6119 0 -30 0 0
0.5720 0.0051 0.6127 0 -30 0 0
0.5720 0.0051 0.6127 0 -30 0 0
0.5720 0.0051 0.6127 0 -30 0 0
0.5720 0.0051 0.6127 0 -30 0 0
0.5720 0.0051 0.6127 0 -30 0 0
0.5680 0.0044 0.6137 0 -30 0 0
0.5680 0.0044 0.6137 0 -30 0 0
0.5680 0.0044 0.6137 0 -30 0 0
0.5620 0.0041 0.6152 0 -30 0 0
0.5620 0.0041 0.6152 0 -30 0 0
0.5620 0.0041 0.6152 0 -30 0 0
0.5800 0.0047 0.6153 0 -30 0 0
0.5800 0.0047 0.6153 0 -30 0 0
0.5800 0.0047 0.6153 0 -30 0 0
0.5800 0.0047 0.6153 0 -30 0 0
0.5800 0.0054 0.6172 0 -30 0 0
0.5780 0.0054 0.6172 0 -30 0 0
0.5780 0.0054 0.6172 0 -30 0 0
0.5780 0.0054 0.6172 0 -30 0 0
0.5780 0.0055 0.6149 0 -30 0 0
0.5800 0.0055 0.6149 0 -30 0 0
0.5800 0.0055 0.6149 0 -30 0 0
0.5840 0.0050 0.6154 0 -30 0 0
0.5840 0.0050 0.6154 0 -30 0 0
0.5840 0.0050 0.6154 0 -30 0 0
0.5840 0.0050 0.6154 0 -30 0 0
0.5840 0.0050 0.6154 0 -30 0 0
0.5900 0.0042 0.6130 0 -30 0 0
0.5900 0.0042 0.6130 0 -30 0 0
0.5900 0.0042 0.6130 0 -30 0 0
0.5900 0.0042 0.6130 0 -30 0 0
0.5820 0.0035 0.6109 0 -30 0 0
0.5820 0.0035 0.6109 0 -30 0 0
0.5820 0.0035 0.6109 0 -30 0 0
0.5920 0.0036 0.6070 0 -30 0 0
0.5920 0.0036 0.6070 0 -30 0 0
0.5920 0.0036 0.6070 0 -30 0 0
0.5920 0.0036 0.6070 0 -30 0 0
0.5920 0.0036 0.6070 0 -30 0 0
0.5840 0.0039 0.6044 0 -30 0 0
0.5840 0.0039 0.6044 0 -30 0 0
0.5840 0.0039 0.6044 0 -30 0 0
0.5840 0.0039 0.6044 0 -30 0 0
0.5840 0.0039 0.6044 0 -30 0 0
0.5840 0.0042 0.6019 0 -30 0 0
0.5820 0.0043 0.6029 0 -30 0 0
0.5820 0.0043 0.6029 0 -30 0 0
0.5820 0.0043 0.6029 0 -30 0 0
0.5820 0.0043 0.6029 0 -30 0 0
0.5820 0.0035 0.6067 0 -30 0 0
0.6060 0.0035 0.6067 0 -30 0 0
0.6060 0.0035 0.6067 0 -30 0 0
0.6060 0.0035 0.6067 0 -30 0 0
0.6060 0.0035 0.6067 0 -30 0 0
0.6040 0.0022 0.6089 0 -30 0 0
0.6040 0.0022 0.6089 0 0 0 0
0.5720 0.0007 0.6091 -30 0 0 0
0.5660 0.0009 0.6088 -30 0 0 0
0.5720 0.0015 0.6072 -30 0 0 0
0.5620 0.0034 0.6055 -30 0 0 0
0.5620 0.0057 0.6126 -30 0 0 0
0.5500 0.0101 0.6088 -30 0 0 0
0.5740 0.0129 0.6096 -30 0 0 0
0.5740 0.0129 0.6096 -30 0 0 0
0.5620 0.0154 0.6055 -30 0 0 0
0.5620 0.0154 0.6055 -30 0 0 0
0.5620 0.0154 0.6055 -30 0 0 0
0.5620 0.0154 0.6055 -30 0 0 0
0.5620 0.0154 0.6055 -30 0 0 0
0.5540 0.0160 0.6067 -30 0 0 0
0.5540 0.0160 0.6067 -30 0 0 0
0.5540 0.0160 0.6067 -30 0 0 0
0.5540 0.0160 0.6067 -30 0 0 0
0.5540 0.0160 0.6067 -30 0 0 0
0.5460 0.0154 0.6055 -30 0 0 0
0.5460 0.0154 0.6055 -30 0 0 0
0.5460 0.0154 0.6055 -30 0 0 0
0.5460 0.0154 0.6055 -30 0 0 0
0.5460 0.0154 0.6055 -30 0 0 0
0.5460 0.0154 0.6055 -30 0 0 0
0.5460 0.0154 0.6055 -30 0 0 0
0.5460 0.0154 0.6055 -30 0 0 0
0.5560 0.0135 0.6088 -30 0 0 0
0.5560 0.0135 0.6088 -30 0 0 0
0.5560 0.0118 0.6114 -30 0 0 0
0.5380 0.0118 0.6114 -30 0 0 0
0.5340 0.0105 0.6121 -30 0 0 0
0.5340 0.0105 0.6121 -30 0 0 0
0.5640 0.0096 0.6128 -30 0 0 0
0.5640 0.0096 0.6128 -30 0 0 0
0.5640 0.0096 0.6128 -30 0 0 0
0.5640 0.0096 0.6128 -30 0 0 0
0.5640 0.0096 0.6128 -30 0 0 0
0.5200 0.0094 0.6113 -30 0 0 0
0.5200 0.0094 0.6113 -30 0 0 0
0.5200 0.0094 0.6113 -30 0 0 0
0.5320 0.0096 0.6141 -30 0 0 0
0.5320 0.0096 0.6141 -30 0 0 0
0.5320 0.0096 0.6141 -30 0 0 0
0.5320 0.0096 0.6141 -30 0 0 0
0.5320 0.0096 0.6141 -30 0 0 0
0.5400 0.0105 0.6154 -30 0 0 0
0.5400 0.0105 0.6154 -30 0 0 0
0.5400 0.0105 0.6154 -30 0 0 0
0.5400 0.0105 0.6154 -30 0 0 0
0.5400 0.0105 0.6154 -30 0 0 0
0.5400 0.0105 0.6154 -30 0 0 0
0.5400 0.0105 0.6154 -30 0 0 0
0.5400 0.0105 0.6154 -30 0 0 0
0.5400 0.0105 0.6154 -30 0 0 0
0.5420 0.0112 0.6169 -30 0 0 0
0.5420 0.0112 0.6169 -30 0 0 0
0.5360 0.0115 0.6198 -30 0 0 0
0.5180 0.0114 0.6231 -30 0 0 0
0.5180 0.0114 0.6231 -30 0 0 0
0.5180 0.0114 0.6231 -30 0 0 0
0.5440 0.0109 0.6213 -30 0 0 0
0.5440 0.0109 0.6213 -30 0 0 0
0.5440 0.0109 0.6213 -30 0 0 0
0.5440 0.0109 0.6213 -30 0 0 0
0.5240 0.0103 0.6215 -30 0 0 0
0.5240 0.0103 0.6215 -30 0 0 0
0.5240 0.0103 0.6215 -30 0 0 0
0.5240 0.0103 0.6215 -30 0 0 0
0.5320 0.0105 0.6235 -30 0 0 0
0.5320 0.0105 0.6235 -30 0 0 0
0.5320 0.0105 0.6235 -30 0 0 0
0.5320 0.0105 0.6235 -30 0 0 0
0.5300 0.0109 0.6212 -30 0 0 0
0.5300 0.0109 0.6212 -30 0 0 0
0.5300 0.0109 0.6212 -30 0 0 0
0.5300 0.0109 0.6212 -30 0 0 0
0.5300 0.0109 0.6212 -30 0 0 0
0.5320 0.0110 0.6223 -30 0 0 0
0.5320 0.0110 0.6223 -30 0 0 0
0.5320 0.0110 0.6223 -30 0 0 0
0.5360 0.0110 0.6201 -30 0 0 0
0.5360 0.0110 0.6201 -30 0 0 0
0.5360 0.0110 0.6201 -30 0 0 0
0.5360 0.0110 0.6201 -30 0 0 0
0.5320 0.0108 0.6213 -30 0 0 0
0.5320 0.0108 0.6213 -30 0 0 0
0.5320 0.0108 0.6213 -30 0 0 0
0.5320 0.0108 0.6213 -30 0 0 0
0.5360 0.0099 0.6141 -30 0 0 0
0.5360 0.0099 0.6141 -30 0 0 0
0.5360 0.0099 0.6141 -30 0 0 0
0.5360 0.0099 0.6141 -30 0 0 0
0.5460 0.0080 0.6139 -30 0 0 0
0.5460 0.0080 0.6139 -30 0 0 0
0.5460 0.0080 0.6139 -30 0 0 0
0.5220 0.0067 0.6114 -30 0 0 0
0.5220 0.0067 0.6114 -30 0 0 0
0.5220 0.0067 0.6114 -30 0 0 0
0.5220 0.0067 0.6114 -30 0 0 0
0.5220 0.0067 0.6114 -30 0 0 0
0.5460 0.0060 0.6096 -30 0 0 0
0.5460 0.0060 0.6096 -30 0 0 0
0.5460 0.0060 0.6096 -30 0 0 0
0.5520 0.0057 0.6062 -30 0 0 0
0.5520 0.0057 0.6062 -30 0 0 0
0.5520 0.0057 0.6062 -30 0 0 0
0.5520 0.0057 0.6062 -30 0 0 0
0.5480 0.0053 0.6051 -30 0 0 0
0.5480 0.0053 0.6051 -30 0 0 0
0.5480 0.0053 0.6051 -30 0 0 0
0.5480 0.0048 0.6075 -30 0 0 0
0.5860 0.0048 0.6075 -30 0 0 0
0.5860 0.0048 0.6075 -30 0 0 0
0.5860 0.0048 0.6075 -30 0 0 0
0.5540 0.0038 0.6091 -30 0 0 0
0.5540 0.0038 0.6091 -30 0 0 0
0.5540 0.0038 0.6091 -30 0 0 0
0.5540 0.0038 0.6091 -30 0 0 0
0.5540 0.0038 0.6091 -30 0 0 0
0.5720 0.0033 0.6054 -30 0 0 0
0.5720 0.0033 0.6054 -30 0 0 0
0.5720 0.0033 0.6054 -30 0 0 0
0.5720 0.0033 0.6054 -30 0 0 0
0.5640 0.0030 0.6015 -30 0 0 0
0.5640 0.0030 0.6015 -30 0 0 0
0.5640 0.0030 0.6015 -30 0 0 0
0.5840 0.0031 0.5968 -30 0 0 0
0.5840 0.0031 0.5968 -30 0 0 0
0.5840 0.0031 0.5968 -30 0 0 0
0.5840 0.0031 0.5968 -30 0 0 0
0.5840 0.0031 0.5968 -30 0 0 0
0.5800 0.0038 0.5975 -30 0 0 0
0.5800 0.0038 0.5975 -30 0 0 0
0.5800 0.0038 0.5975 -30 0 0 0
0.5800 0.0038 0.5975 -30 0 0 0
0.5440 0.0046 0.5948 -30 0 0 0
0.5440 0.0046 0.5948 -30 0 0 0
0.5440 0.0046 0.5948 -30 0 0 0
0.5760 0.0051 0.5964 -30 0 0 0
0.5760 0.0051 0.5964 -30 0 0 0
0.5760 0.0051 0.5964 -30 0 0 0
0.5760 0.0051 0.5964 -30 0 0 0
0.5760 0.0054 0.5978 -30 0 0 0
0.5820 0.0054 0.5978 -30 0 0 0
0.5820 0.0054 0.5978 -30 0 0 0
0.5820 0.0054 0.5978 -30 0 0 0
0.5820 0.0050 0.5995 -30 0 0 0
0.5760 0.0050 0.5995 -30 0 0 0
0.5760 0.0050 0.5995 -30 0 0 0
0.5760 0.0050 0.5995 -30 0 0 0
0.5800 0.0041 0.6021 -30 0 0 0
0.5800 0.0041 0.6021 -30 0 0 0
0.5800 0.0041 0.6021 -30 0 0 0
0.5800 0.0041 0.6021 -30 0 0 0
0.5800 0.0041 0.6021 -30 0 0 0
0.5860 0.0035 0.6020 -30 0 0 0
0.5860 0.0035 0.6020 -30 0 0 0
0.5860 0.0035 0.6020 -30 0 0 0
0.5860 0.0035 0.6020 -30 0 0 0
0.5860 0.0035 0.6020 -30 0 0 0
0.5900 0.0034 0.6068 -30 0 0 0
0.5900 0.0034 0.6068 -30 0 0 0
0.5900 0.0034 0.6068 -30 0 0 0
0.5900 0.0034 0.5886 -30 0 0 0
0.5900 0.0034 0.5886 -30 0 0 0
0.5900 0.0034 0.5886 -30 0 0 0
0.5900 0.0034 0.5886 -30 0 0 0
0.5900 0.0030 0.5891 -30 0 0 0
0.6260 0.0030 0.5891 -30 0 0 0
0.6260 0.0030 0.5891 -30 0 0 0
0.6260 0.0030 0.5891 -30 0 0 0
0.6020 0.0025 0.5724 -30 0 0 0
0.6020 0.0025 0.5724 -30 0 0 0
0.6020 0.0025 0.5724 -30 0 0 0
0.6180 0.0018 0.5729 -30 0 0 0
0.6180 0.0018 0.5729 -30 0 0 0
0.6180 0.0018 0.5729 -30 0 0 0
0.6180 0.0018 0.5729 -30 0 0 0
0.6100 0.0015 0.5596 -30 0 0 0
0.6100 0.0015 0.5596 -30 0 0 0
0.6100 0.0015 0.5596 -30 0 0 0
0.6100 0.0015 0.5596 -30 0 0 0
0.6040 0.0026 0.5591 -30 0 0 0
0.6040 0.0026 0.5591 -30 0 0 0
0.6040 0.0026 0.5591 -30 0 0 0
0.6040 0.0026 0.5591 -30 0 0 0
0.5960 0.0041 0.5621 -30 0 0 0
0.5960 0.0041 0.5621 -30 0 0 0
0.5960 0.0041 0.5621 -30 0 0 0
0.5960 0.0041 0.5621 -30 0 0 0
0.5960 0.0051 0.5623 -30 0 0 0
0.6040 0.0051 0.5623 -30 0 0 0
0.6040 0.0051 0.5623 -30 0 0 0
0.6040 0.0051 0.5623 -30 0 0 0
0.6040 0.0051 0.5623 -30 0 0 0
0.6040 0.0051 0.5623 -30 0 0 0
0.6040 0.0051 0.5623 -30 0 0 0
0.6040 0.0051 0.5623 -30 0 0 0
0.6040 0.0051 0.5623 -30 0 0 0
0.6040 0.0051 0.5623 -30 0 0 0
0.6040 0.0051 0.5623 -30 0 0 0
0.6040 0.0051 0.5623 -30 0 0 0
0.6040 0.0051 0.5623 -30 0 0 0
0.5820 0.0056 0.5652 -30 0 0 0
0.5820 0.0056 0.5652 0 0 0 0
0.5800 0.0060 0.5726 0 -30 0 0
0.5800 0.0065 0.5740 0 -30 0 0
0.5980 0.0068 0.5776 0 -30 0 0
0.6040 0.0072 0.5824 0 -30 0 0
0.6040 0.0072 0.5824 0 -30 0 0
0.5880 0.0073 0.5842 0 -30 0 0
0.5880 0.0073 0.5842 0 -30 0 0
0.5880 0.0073 0.5842 0 -30 0 0
0.5880 0.0078 0.5854 0 -30 0 0
0.5740 0.0078 0.5854 0 -30 0 0
0.5740 0.0078 0.5854 0 -30 0 0
0.5740 0.0078 0.5854 0 -30 0 0
0.6000 0.0100 0.5836 0 -30 0 0
0.6000 0.0100 0.5836 0 -30 0 0
0.6000 0.0100 0.5836 0 -30 0 0
0.6000 0.0100 0.5836 0 -30 0 0
0.6000 0.0100 0.5836 0 -30 0 0
0.6000 0.0100 0.5836 0 -30 0 0
0.6000 0.0100 0.5836 0 -30 0 0
0.6000 0.0100 0.5836 0 -30 0 0
0.5980 0.0166 0.5763 0 -30 0 0
0.5980 0.0166 0.5763 0 -30 0 0
0.5980 0.0166 0.5763 0 -30 0 0
0.5960 0.0173 0.5800 0 -30 0 0
0.5960 0.0173 0.5800 0 -30 0 0
0.5960 0.0173 0.5800 0 -30 0 0
0.5960 0.0173 0.5800 0 -30 0 0
0.5960 0.0173 0.5800 0 -30 0 0
0.6160 0.0162 0.5654 0 -30 0 0
0.6160 0.0162 0.5654 0 -30 0 0
0.6200 0.0145 0.5654 0 -30 0 0
0.6200 0.0145 0.5654 0 -30 0 0
0.6200 0.0145 0.5654 0 -30 0 0
0.6200 0.0145 0.5654 0 -30 0 0
0.6200 0.0145 0.5654 0 -30 0 0
0.6000 0.0129 0.5517 0 -30 0 0
0.6000 0.0129 0.5517 0 -30 0 0
0.6000 0.0129 0.5517 0 -30 0 0
0.6000 0.0129 0.5517 0 -30 0 0
0.6000 0.0129 0.5517 0 -30 0 0
0.5920 0.0113 0.5482 0 -30 0 0
0.5920 0.0113 0.5482 0 -30 0 0
0.5920 0.0113 0.5482 0 -30 0 0
0.5920 0.0113 0.5482 0 -30 0 0
0.5920 0.0113 0.5482 0 -30 0 0
0.5920 0.0113 0.5482 0 -30 0 0
0.5920 0.0113 0.5482 0 -30 0 0
0.5920 0.0113 0.5482 0 -30 0 0
0.5920 0.0113 0.5482 0 -30 0 0
0.5920 0.0113 0.5482 0 -30 0 0
0.5920 0.0113 0.5482 0 -30 0 0
0.6120 0.0102 0.5369 0 -30 0 0
0.6060 0.0098 0.5395 0 -30 0 0
0.6020 0.0099 0.5344 0 -30 0 0
0.6040 0.0103 0.5327 0 -30 0 0
0.6040 0.0103 0.5327 0 -30 0 0
0.6040 0.0103 0.5327 0 -30 0 0
0.6040 0.0103 0.5327 0 -30 0 0
0.5980 0.0109 0.5290 0 -30 0 0
0.5980 0.0109 0.5290 0 -30 0 0
0.5980 0.0109 0.5290 0 -30 0 0
0.5980 0.0109 0.5290 0 -30 0 0
0.5980 0.0109 0.5290 0 -30 0 0
0.5980 0.0117 0.5301 0 -30 0 0
0.5980 0.0117 0.5301 0 -30 0 0
0.5980 0.0122 0.5295 0 -30 0 0
0.5560 0.0122 0.5295 0 -30 0 0
0.5560 0.0122 0.5295 0 -30 0 0
0.5560 0.0122 0.5295 0 -30 0 0
0.5560 0.0122 0.5295 0 -30 0 0
0.5660 0.0123 0.5323 0 -30 0 0
0.5660 0.0123 0.5323 0 -30 0 0
0.5660 0.0123 0.5323 0 -30 0 0
0.5660 0.0123 0.5323 0 -30 0 0
0.5660 0.0123 0.5323 0 -30 0 0
0.5820 0.0119 0.5302 0 -30 0 0
0.5820 0.0119 0.5302 0 -30 0 0
0.5820 0.0117 0.5333 0 -30 0 0
0.5880 0.0117 0.5333 0 -30 0 0
0.5880 0.0117 0.5333 0 -30 0 0
0.5880 0.0117 0.5333 0 -30 0 0
0.5880 0.0117 0.5333 0 -30 0 0
0.5660 0.0117 0.5367 0 -30 0 0
0.5660 0.0117 0.5367 0 -30 0 0
0.5660 0.0117 0.5367 0 -30 0 0
0.5660 0.0117 0.5367 0 -30 0 0
0.5660 0.0117 0.5367 0 -30 0 0
0.5840 0.0116 0.5398 0 -30 0 0
0.5840 0.0116 0.5398 0 -30 0 0
0.5660 0.0113 0.5422 0 -30 0 0
0.5660 0.0113 0.5422 0 -30 0 0
0.5660 0.0113 0.5422 0 -30 0 0
0.5600 0.0110 0.5419 0 -30 0 0
0.5600 0.0110 0.5419 0 -30 0 0
0.5600 0.0110 0.5419 0 -30 0 0
0.5600 0.0110 0.5419 0 -30 0 0
0.5600 0.0110 0.5419 0 -30 0 0
0.5580 0.0106 0.5416 0 -30 0 0
0.5580 0.0106 0.5416 0 -30 0 0
0.5580 0.0106 0.5416 0 -30 0 0
0.5680 0.0105 0.5425 0 -30 0 0
0.5680 0.0105 0.5425 0 -30 0 0
0.5680 0.0105 0.5425 0 0 0 0
0.5800 0.0117 0.5522 30 0 0 0
0.5920 0.0117 0.5522 30 0 0 0
0.5940 0.0129 0.5507 30 0 0 0
0.5800 0.0145 0.5501 30 0 0 0
0.5840 0.0166 0.5497 30 0 0 0
0.5840 0.0190 0.5499 30 0 0 0
0.5960 0.0200 0.5499 30 0 0 0
0.5960 0.0200 0.5499 30 0 0 0
0.5960 0.0200 0.5499 30 0 0 0
0.5960 0.0200 0.5499 30 0 0 0
0.5740 0.0204 0.5477 30 0 0 0
0.5740 0.0204 0.5477 30 0 0 0
0.5740 0.0204 0.5477 30 0 0 0
0.5740 0.0204 0.5477 30 0 0 0
0.5740 0.0204 0.5477 30 0 0 0
0.5740 0.0204 0.5477 30 0 0 0
0.6020 0.0197 0.5461 30 0 0 0
0.6020 0.0197 0.5461 30 0 0 0
0.5960 0.0183 0.5452 30 0 0 0
0.5960 0.0183 0.5452 30 0 0 0
0.5960 0.0183 0.5452 30 0 0 0
0.5960 0.0183 0.5452 30 0 0 0
0.5800 0.0165 0.5436 30 0 0 0
0.5800 0.0165 0.5436 30 0 0 0
0.5800 0.0165 0.5436 30 0 0 0
0.5800 0.0165 0.5436 30 0 0 0
0.5800 0.0165 0.5436 30 0 0 0
0.5960 0.0147 0.5458 30 0 0 0
0.5960 0.0147 0.5458 30 0 0 0
0.5960 0.0147 0.5458 30 0 0 0
0.5940 0.0140 0.5489 30 0 0 0
0.5940 0.0140 0.5489 30 0 0 0
0.5940 0.0140 0.5489 30 0 0 0
0.5940 0.0140 0.5489 30 0 0 0
0.5880 0.0137 0.5468 30 0 0 0
0.5880 0.0137 0.5468 30 0 0 0
0.5880 0.0137 0.5468 30 0 0 0
0.5880 0.0137 0.5468 30 0 0 0
0.5880 0.0137 0.5468 30 0 0 0
0.5740 0.0140 0.5528 30 0 0 0
0.5740 0.0140 0.5528 30 0 0 0
0.5880 0.0142 0.5540 30 0 0 0
0.5880 0.0142 0.5540 30 0 0 0
0.5880 0.0142 0.5540 30 0 0 0
0.5880 0.0142 0.5540 30 0 0 0
0.5880 0.0142 0.5540 30 0 0 0
0.5880 0.0142 0.5540 30 0 0 0
0.5940 0.0142 0.5586 30 0 0 0
0.5940 0.0142 0.5586 30 0 0 0
0.5940 0.0142 0.5586 30 0 0 0
0.5940 0.0142 0.5586 0 0 0 0
0.5760 0.0141 0.5819 30 0 0 0
0.5680 0.0141 0.5819 30 0 0 0
0.5720 0.0147 0.5846 30 0 0 0
0.5720 0.0146 0.5850 30 0 0 0
0.5640 0.0129 0.5864 30 0 0 0
0.5640 0.0093 0.5867 30 0 0 0
0.5640 0.0071 0.5884 30 0 0 0
0.5640 0.0071 0.5884 30 0 0 0
0.5660 0.0071 0.5893 30 0 0 0
0.5660 0.0071 0.5893 30 0 0 0
0.5660 0.0071 0.5893 30 0 0 0
0.5660 0.0071 0.5893 30 0 0 0
0.5660 0.0071 0.5893 30 0 0 0
0.5660 0.0071 0.5893 30 0 0 0
0.5660 0.0071 0.5893 30 0 0 0
0.5660 0.0071 0.5893 30 0 0 0
0.5660 0.0071 0.5893 30 0 0 0
0.5660 0.0071 0.5893 30 0 0 0
0.5740 0.0070 0.5909 30 0 0 0
0.5680 0.0063 0.5925 30 0 0 0
0.5820 0.0057 0.5916 30 0 0 0
0.5820 0.0057 0.5916 30 0 0 0
0.5820 0.0057 0.5916 30 0 0 0
0.5820 0.0057 0.5916 30 0 0 0
0.5820 0.0058 0.5944 30 0 0 0
0.5820 0.0058 0.5944 30 0 0 0
0.5820 0.0058 0.5944 30 0 0 0
0.5520 0.0065 0.5962 30 0 0 0
0.5520 0.0065 0.5962 0 0 0 0
0.5600 0.0090 0.5959 0 0 0 -30
0.5360 0.0065 0.5993 0 0 0 -30
0.5660 0.0080 0.6097 0 0 0 -30
0.5580 0.0080 0.6100 0 0 0 -30
0.5480 0.0073 0.6167 0 0 0 -30
0.5480 0.0073 0.6167 0 0 0 -30
0.5560 0.0069 0.6188 0 0 0 -30
0.5560 0.0069 0.6188 0 0 0 -30
0.5560 0.0069 0.6188 0 0 0 -30
0.5560 0.0069 0.6188 0 0 0 -30
0.5240 0.0067 0.6203 0 0 0 -30
0.5240 0.0067 0.6203 0 0 0 -30
0.5240 0.0067 0.6203 0 0 0 -30
0.5480 0.0065 0.6256 0 0 0 -30
0.5480 0.0065 0.6256 0 0 0 -30
0.5480 0.0065 0.6256 0 0 0 0
0.5480 0.0069 0.6275 0 0 0 -30
0.5500 0.0073 0.6255 0 0 0 -30
0.5580 0.0076 0.6220 0 0 0 -30
0.5580 0.0076 0.6220 0 0 0 -30
0.5580 0.0076 0.6220 0 0 0 -30
0.5580 0.0076 0.6220 0 0 0 -30
0.5620 0.0075 0.6242 0 0 0 -30
0.5620 0.0075 0.6242 0 0 0 -30
0.5620 0.0075 0.6242 0 0 0 -30
0.5620 0.0069 0.6209 0 0 0 -30
0.5540 0.0069 0.6209 0 0 0 -30
0.5540 0.0069 0.6209 0 0 0 -30
0.5540 0.0069 0.6209 0 0 0 -30
0.5540 0.0061 0.6245 0 0 0 -30
0.5540 0.0061 0.6245 0 0 0 -30
0.5540 0.0061 0.6245 0 0 0 -30
0.5540 0.0061 0.6245 0 0 0 -30
0.5600 0.0051 0.6253 0 0 0 -30
0.5600 0.0051 0.6253 0 0 0 -30
0.5600 0.0051 0.6253 0 0 0 -30
0.5600 0.0051 0.6253 0 0 0 -30
0.5600 0.0051 0.6253 0 0 0 -30
0.5600 0.0051 0.6253 0 0 0 -30
0.5600 0.0045 0.6199 0 0 0 -30
0.5660 0.0045 0.6199 0 0 0 -30
0.5660 0.0045 0.6199 0 0 0 -30
0.5660 0.0045 0.6199 0 0 0 -30
0.5660 0.0045 0.6199 0 0 0 -30
0.5600 0.0043 0.6169 0 0 0 -30
0.5580 0.0046 0.6193 0 0 0 -30
0.5580 0.0046 0.6193 0 0 0 -30
0.5680 0.0048 0.6114 0 0 0 -30
0.5680 0.0048 0.6114 0 0 0 -30
0.5680 0.0048 0.6114 0 0 0 -30
0.5680 0.0048 0.6114 0 0 0 -30
0.5540 0.0045 0.6073 0 0 0 -30
0.5540 0.0045 0.6073 0 0 0 -30
0.5540 0.0045 0.6073 0 0 0 -30
0.5560 0.0043 0.5935 0 0 0 -30
0.5560 0.0043 0.5935 0 0 0 -30
0.5560 0.0043 0.5935 0 0 0 -30
0.5560 0.0043 0.5935 0 0 0 -30
0.5560 0.0043 0.5935 0 0 0 -30
0.5960 0.0044 0.5940 0 0 0 -30
0.5960 0.0044 0.5940 0 0 0 -30
0.5960 0.0044 0.5940 0 0 0 -30
0.5820 0.0050 0.5861 0 0 0 -30
0.5820 0.0050 0.5861 0 0 0 -30
0.5820 0.0050 0.5861 0 0 0 -30
0.5820 0.0050 0.5861 0 0 0 -30
0.5820 0.0050 0.5861 0 0 0 -30
0.5820 0.0050 0.5861 0 0 0 -30
0.5820 0.0050 0.5861 0 0 0 -30
0.5820 0.0050 0.5861 0 0 0 -30
0.5820 0.0050 0.5861 0 0 0 -30
0.5820 0.0050 0.5861 0 0 0 -30
0.5820 0.0050 0.5861 0 0 0 -30
0.5820 0.0050 0.5861 0 0 0 -30
0.5840 0.0058 0.5850 0 0 0 -30
0.5640 0.0066 0.5776 0 0 0 -30
0.5560 0.0076 0.5748 0 0 0 -30
0.5560 0.0076 0.5748 0 0 0 -30
0.5580 0.0080 0.5633 0 0 0 -30
0.5580 0.0080 0.5633 0 0 0 -30
0.5580 0.0080 0.5633 0 0 0 0
0.5800 0.0092 0.5535 0 0 0 -30
0.5840 0.0102 0.5554 0 0 0 -30
0.5780 0.0110 0.5543 0 0 0 -30
0.5920 0.0118 0.5509 0 0 0 -30
0.6120 0.0123 0.5500 0 0 0 -30
0.6120 0.0123 0.5500 0 0 0 -30
0.6120 0.0123 0.5500 0 0 0 -30
0.5780 0.0128 0.5496 0 0 0 -30
0.5780 0.0128 0.5496 0 0 0 -30
0.5780 0.0128 0.5496 0 0 0 -30
0.5960 0.0127 0.5482 0 0 0 -30
0.5960 0.0127 0.5482 0 0 0 0
0.5900 0.0082 0.4853 30 0 0 0
0.5820 0.0092 0.4860 30 0 0 0
0.5620 0.0111 0.4775 30 0 0 0
0.5720 0.0106 0.4670 30 0 0 0
0.5800 0.0091 0.4567 30 0 0 0
0.5660 0.0081 0.4570 30 0 0 0
0.5660 0.0066 0.4577 30 0 0 0
0.5660 0.0066 0.4577 30 0 0 0
0.5660 0.0066 0.4577 30 0 0 0
0.5660 0.0066 0.4577 30 0 0 0
0.5880 0.0047 0.4477 30 0 0 0
0.5880 0.0047 0.4477 30 0 0 0
0.5860 0.0042 0.4410 30 0 0 0
0.5860 0.0042 0.4410 30 0 0 0
0.5860 0.0042 0.4410 30 0 0 0
0.5860 0.0042 0.4410 30 0 0 0
0.5860 0.0040 0.4417 30 0 0 0
0.5860 0.0040 0.4417 30 0 0 0
0.5860 0.0040 0.4417 30 0 0 0
0.5860 0.0040 0.4417 30 0 0 0
0.5860 0.0040 0.4417 30 0 0 0
0.5860 0.0040 0.4417 30 0 0 0
0.5660 0.0039 0.4339 30 0 0 0
0.5660 0.0039 0.4339 30 0 0 0
0.5660 0.0039 0.4339 30 0 0 0
0.5800 0.0037 0.4368 30 0 0 0
0.5800 0.0037 0.4368 30 0 0 0
0.5800 0.0037 0.4368 30 0 0 0
0.5800 0.0037 0.4368 30 0 0 0
0.5800 0.0037 0.4368 30 0 0 0
0.5620 0.0035 0.4357 30 0 0 0
0.5620 0.0035 0.4357 30 0 0 0
0.5620 0.0035 0.4357 30 0 0 0
0.5620 0.0035 0.4357 30 0 0 0
0.5660 0.0035 0.4387 30 0 0 0
0.5660 0.0035 0.4387 30 0 0 0
0.6040 0.0043 0.4369 30 0 0 0
0.6040 0.0043 0.4369 30 0 0 0
0.6040 0.0043 0.4369 30 0 0 0
0.6040 0.0043 0.4369 0 0 0 0
0.5720 0.0068 0.4463 30 0 0 0
0.5620 0.0074 0.4508 30 0 0 0
0.5620 0.0074 0.4508 30 0 0 0
0.5620 0.0083 0.4550 30 0 0 0
0.5620 0.0083 0.4550 30 0 0 0
0.5620 0.0083 0.4550 30 0 0 0
0.5620 0.0083 0.4550 30 0 0 0
0.5620 0.0083 0.4550 30 0 0 0
0.5620 0.0083 0.4550 30 0 0 0
0.5620 0.0083 0.4550 30 0 0 0
0.5620 0.0083 0.4550 30 0 0 0
0.5760 0.0088 0.4568 30 0 0 0
0.5760 0.0088 0.4568 30 0 0 0
0.5780 0.0090 0.4572 30 0 0 0
0.5640 0.0085 0.4607 30 0 0 0
0.5640 0.0085 0.4607 30 0 0 0
0.5740 0.0076 0.4650 30 0 0 0
0.5740 0.0076 0.4650 30 0 0 0
0.5740 0.0076 0.4650 30 0 0 0
0.5740 0.0076 0.4650 30 0 0 0
0.5480 0.0069 0.4671 30 0 0 0
0.5480 0.0069 0.4671 30 0 0 0
0.5480 0.0069 0.4671 30 0 0 0
0.5480 0.0069 0.4671 30 0 0 0
0.5480 0.0069 0.4671 30 0 0 0
0.5800 0.0067 0.4736 30 0 0 0
0.5800 0.0067 0.4736 30 0 0 0
0.5800 0.0067 0.4736 30 0 0 0
0.5840 0.0072 0.4768 30 0 0 0
0.5840 0.0072 0.4768 30 0 0 0
0.5840 0.0072 0.4768 30 0 0 0
0.5840 0.0072 0.4768 30 0 0 0
0.5620 0.0079 0.4830 30 0 0 0
0.5620 0.0079 0.4830 30 0 0 0
0.5620 0.0079 0.4830 30 0 0 0
0.5620 0.0079 0.4830 30 0 0 0
0.5620 0.0079 0.4830 30 0 0 0
0.5620 0.0079 0.4830 30 0 0 0
0.5840 0.0086 0.4851 30 0 0 0
0.5840 0.0086 0.4851 30 0 0 0
0.5880 0.0091 0.4896 30 0 0 0
0.5880 0.0091 0.4896 30 0 0 0
0.5880 0.0091 0.4896 30 0 0 0
0.5960 0.0093 0.4920 30 0 0 0
0.5960 0.0093 0.4920 30 0 0 0
0.5960 0.0093 0.4920 30 0 0 0
0.5960 0.0093 0.4920 30 0 0 0
0.5960 0.0093 0.4920 30 0 0 0
0.5700 0.0092 0.4974 30 0 0 0
0.5700 0.0092 0.4974 30 0 0 0
0.5700 0.0092 0.4974 30 0 0 0
0.5740 0.0087 0.4994 30 0 0 0
0.5740 0.0087 0.4994 30 0 0 0
0.5740 0.0087 0.4994 30 0 0 0
0.5740 0.0087 0.4994 30 0 0 0
0.5740 0.0087 0.4994 30 0 0 0
0.5820 0.0076 0.5025 30 0 0 0
0.5820 0.0076 0.5025 30 0 0 0
0.5820 0.0076 0.5025 30 0 0 0
0.5820 0.0076 0.5025 30 0 0 0
0.5860 0.0059 0.5072 30 0 0 0
0.5860 0.0059 0.5072 30 0 0 0
0.5860 0.0059 0.5072 30 0 0 0
0.5860 0.0059 0.5072 30 0 0 0
0.5860 0.0059 0.5072 30 0 0 0
0.5860 0.0059 0.5072 30 0 0 0
0.5860 0.0059 0.5072 30 0 0 0
0.5860 0.0059 0.5072 30 0 0 0
0.5860 0.0059 0.5072 30 0 0 0
0.5860 0.0059 0.5072 30 0 0 0
0.5820 0.0050 0.5086 30 0 0 0
0.5820 0.0050 0.5086 30 0 0 0
0.5880 0.0048 0.5103 30 0 0 0
0.5860 0.0062 0.5125 30 0 0 0
0.5860 0.0062 0.5125 30 0 0 0
0.5760 0.0074 0.5150 30 0 0 0
0.5760 0.0074 0.5150 30 0 0 0
0.5760 0.0074 0.5150 30 0 0 0
0.5760 0.0074 0.5150 30 0 0 0
0.5760 0.0074 0.5150 30 0 0 0
0.5760 0.0074 0.5150 30 0 0 0
0.5760 0.0074 0.5150 30 0 0 0
0.5760 0.0074 0.5150 30 0 0 0
0.5760 0.0074 0.5150 30 0 0 0
0.5760 0.0074 0.5150 30 0 0 0
0.5660 0.0082 0.5154 30 0 0 0
0.5680 0.0085 0.5172 30 0 0 0
0.5780 0.0084 0.5179 30 0 0 0
0.5780 0.0084 0.5179 30 0 0 0
0.5780 0.0082 0.5208 30 0 0 0
0.5780 0.0082 0.5208 30 0 0 0
0.5780 0.0082 0.5208 30 0 0 0
0.5780 0.0082 0.5208 30 0 0 0
0.5780 0.0082 0.5208 30 0 0 0
0.5780 0.0082 0.5208 30 0 0 0
0.5680 0.0080 0.5220 30 0 0 0
0.5680 0.0080 0.5220 30 0 0 0
0.5680 0.0080 0.5220 30 0 0 0
0.5840 0.0085 0.5231 30 0 0 0
0.5840 0.0085 0.5231 30 0 0 0
0.5840 0.0085 0.5231 30 0 0 0
0.5840 0.0085 0.5231 30 0 0 0
0.5680 0.0096 0.5237 30 0 0 0
0.5680 0.0096 0.5237 30 0 0 0
0.5680 0.0096 0.5237 30 0 0 0
0.5680 0.0096 0.5237 30 0 0 0
0.5680 0.0096 0.5237 30 0 0 0
0.5760 0.0111 0.5250 30 0 0 0
0.5760 0.0111 0.5250 30 0 0 0
0.5760 0.0111 0.5250 30 0 0 0
0.5760 0.0118 0.5266 30 0 0 0
0.5780 0.0118 0.5266 30 0 0 0
0.5780 0.0118 0.5266 30 0 0 0
0.5780 0.0118 0.5266 0 0 0 0
0.5860 0.0123 0.5270 0 0 0 -30
0.5780 0.0127 0.5277 0 0 0 -30
0.5800 0.0127 0.5277 0 0 0 -30
0.5640 0.0126 0.5287 0 0 0 -30
0.5640 0.0126 0.5287 0 0 0 -30
0.5640 0.0126 0.5287 0 0 0 -30
0.5640 0.0126 0.5287 0 0 0 -30
0.5640 0.0126 0.5287 0 0 0 -30
0.5820 0.0125 0.5297 0 0 0 -30
0.5820 0.0125 0.5297 0 0 0 0
0.5740 0.0129 0.5301 0 0 0 -30
0.5760 0.0148 0.5305 0 0 0 -30
0.5540 0.0149 0.5296 0 0 0 -30
0.5740 0.0149 0.5296 0 0 0 -30
0.5740 0.0149 0.5296 0 0 0 -30
0.5740 0.0149 0.5296 0 0 0 -30
0.5740 0.0149 0.5296 0 0 0 -30
0.5740 0.0149 0.5296 0 0 0 -30
0.5740 0.0149 0.5296 0 0 0 -30
0.5740 0.0149 0.5296 0 0 0 -30
0.5740 0.0149 0.5296 0 0 0 -30
0.5740 0.0149 0.5296 0 0 0 -30
0.5720 0.0146 0.5324 0 0 0 -30
0.5720 0.0146 0.5324 0 0 0 -30
0.5740 0.0146 0.5324 0 0 0 -30
0.5740 0.0143 0.5345 0 0 0 -30
0.5740 0.0143 0.5345 0 0 0 -30
0.5740 0.0143 0.5345 0 0 0 -30
0.5740 0.0143 0.5345 0 0 0 -30
0.5640 0.0141 0.5346 0 0 0 -30
0.5640 0.0141 0.5346 0 0 0 -30
0.5640 0.0141 0.5346 0 0 0 -30
0.5640 0.0141 0.5346 0 0 0 -30
0.5820 0.0137 0.5327 0 0 0 -30
0.5820 0.0137 0.5327 0 0 0 -30
0.5800 0.0130 0.5307 0 0 0 -30
0.5800 0.0130 0.5307 0 0 0 -30
0.5800 0.0130 0.5307 0 0 0 -30
0.5800 0.0130 0.5307 0 0 0 -30
0.5800 0.0130 0.5307 0 0 0 -30
0.5800 0.0130 0.5307 0 0 0 -30
0.5820 0.0125 0.5274 0 0 0 -30
0.5820 0.0125 0.5274 0 0 0 -30
0.5820 0.0125 0.5274 0 0 0 -30
0.5820 0.0125 0.5274 0 0 0 -30
0.5800 0.0123 0.5278 0 0 0 -30
0.5800 0.0123 0.5278 0 0 0 -30
0.5800 0.0123 0.5278 0 0 0 -30
0.5900 0.0117 0.5237 0 0 0 -30
0.5900 0.0117 0.5237 0 0 0 -30
0.5900 0.0117 0.5237 0 0 0 -30
0.5900 0.0117 0.5237 0 0 0 -30
0.5700 0.0109 0.5213 0 0 0 -30
0.5700 0.0109 0.5213 0 0 0 -30
0.5700 0.0109 0.5213 0 0 0 -30
0.5700 0.0109 0.5213 0 0 0 -30
0.5780 0.0104 0.5189 0 0 0 -30
0.5780 0.0104 0.5189 0 0 0 -30
0.5780 0.0104 0.5189 0 0 0 -30
0.5660 0.0103 0.5197 0 0 0 -30
0.5660 0.0103 0.5197 0 0 0 -30
0.5660 0.0103 0.5197 0 0 0 -30
0.5660 0.0103 0.5197 0 0 0 -30
0.5660 0.0103 0.5197 0 0 0 -30
0.5660 0.0103 0.5197 0 0 0 -30
0.5680 0.0103 0.5153 0 0 0 -30
0.5680 0.0103 0.5153 0 0 0 -30
0.5680 0.0103 0.5153 0 0 0 -30
0.5680 0.0103 0.5153 0 0 0 -30
0.5680 0.0103 0.5153 0 0 0 -30
0.5680 0.0103 0.5153 0 0 0 0
0.5880 0.0103 0.4960 0 0 0 -30
0.5740 0.0094 0.4929 0 0 0 -30
0.5840 0.0088 0.4923 0 0 0 -30
0.5820 0.0082 0.4920 0 0 0 -30
0.5860 0.0080 0.4916 0 0 0 -30
0.5860 0.0080 0.4916 0 0 0 -30
0.5840 0.0074 0.4912 0 0 0 -30
0.5840 0.0074 0.4912 0 0 0 -30
0.5840 0.0074 0.4912 0 0 0 -30
0.5840 0.0074 0.4912 0 0 0 0
0.5700 0.0053 0.4905 0 0 0 -30
0.5840 0.0050 0.4886 0 0 0 -30
0.5680 0.0050 0.4862 0 0 0 -30
0.5660 0.0058 0.4837 0 0 0 -30
0.5660 0.0058 0.4837 0 0 0 -30
0.5660 0.0058 0.4837 0 0 0 -30
0.5660 0.0058 0.4837 0 0 0 -30
0.5660 0.0058 0.4837 0 0 0 -30
0.5740 0.0067 0.4847 0 0 0 0
0.5680 0.0044 0.4768 30 0 0 0
0.5720 0.0044 0.4776 30 0 0 0
0.5900 0.0046 0.4769 30 0 0 0
0.5700 0.0059 0.4776 30 0 0 0
0.5700 0.0059 0.4776 30 0 0 0
0.5700 0.0059 0.4776 30 0 0 0
0.5700 0.0059 0.4776 30 0 0 0
0.5700 0.0059 0.4776 30 0 0 0
0.5700 0.0072 0.4779 30 0 0 0
0.5700 0.0072 0.4779 30 0 0 0
0.5700 0.0072 0.4779 30 0 0 0
0.5700 0.0072 0.4779 30 0 0 0
0.5740 0.0079 0.4799 30 0 0 0
0.5740 0.0079 0.4799 30 0 0 0
0.5740 0.0079 0.4799 30 0 0 0
0.5620 0.0082 0.4802 30 0 0 0
0.5620 0.0082 0.4802 30 0 0 0
0.5620 0.0082 0.4802 30 0 0 0
0.5620 0.0082 0.4802 30 0 0 0
0.5620 0.0082 0.4802 30 0 0 0
0.5620 0.0082 0.4802 30 0 0 0
0.5620 0.0082 0.4802 30 0 0 0
0.5640 0.0081 0.4838 30 0 0 0
0.5640 0.0081 0.4838 30 0 0 0
0.5620 0.0080 0.4850 30 0 0 0
0.5620 0.0080 0.4850 30 0 0 0
0.5620 0.0080 0.4850 30 0 0 0
0.5740 0.0078 0.4853 30 0 0 0
0.5740 0.0078 0.4853 30 0 0 0
0.5740 0.0078 0.4853 30 0 0 0
0.5740 0.0078 0.4853 30 0 0 0
0.5740 0.0077 0.4842 30 0 0 0
0.5760 0.0077 0.4842 30 0 0 0
0.5760 0.0077 0.4842 30 0 0 0
0.5760 0.0077 0.4842 30 0 0 0
0.5760 0.0077 0.4842 30 0 0 0
0.5800 0.0072 0.4840 30 0 0 0
0.5800 0.0072 0.4840 30 0 0 0
0.5800 0.0072 0.4840 30 0 0 0
0.5800 0.0072 0.4840 30 0 0 0
0.5900 0.0067 0.4847 30 0 0 0
0.5900 0.0067 0.4847 30 0 0 0
0.5900 0.0067 0.4847 30 0 0 0
0.5900 0.0067 0.4847 30 0 0 0
0.5780 0.0065 0.4847 30 0 0 0
0.5780 0.0065 0.4847 30 0 0 0
0.5780 0.0065 0.4847 30 0 0 0
0.5780 0.0065 0.4847 30 0 0 0
0.5780 0.0065 0.4847 30 0 0 0
0.5660 0.0063 0.4842 30 0 0 0
0.5660 0.0063 0.4842 30 0 0 0
0.5660 0.0063 0.4842 30 0 0 0
0.5940 0.0064 0.4822 30 0 0 0
0.5940 0.0064 0.4822 30 0 0 0
0.5940 0.0064 0.4822 30 0 0 0
0.5940 0.0064 0.4822 30 0 0 0
0.5820 0.0069 0.4811 30 0 0 0
0.5820 0.0069 0.4811 30 0 0 0
0.5820 0.0069 0.4811 30 0 0 0
0.5820 0.0069 0.4811 30 0 0 0
0.5820 0.0077 0.4814 30 0 0 0
0.5740 0.0077 0.4814 30 0 0 0
0.5740 0.0077 0.4814 30 0 0 0
0.5740 0.0077 0.4814 30 0 0 0
0.5780 0.0085 0.4810 30 0 0 0
0.5780 0.0085 0.4810 30 0 0 0
0.5780 0.0085 0.4810 30 0 0 0
0.5780 0.0085 0.4810 30 0 0 0
0.5720 0.0088 0.4808 30 0 0 0
0.5720 0.0088 0.4808 30 0 0 0
0.5720 0.0088 0.4808 30 0 0 0
0.5720 0.0088 0.4808 30 0 0 0
0.5740 0.0088 0.4790 30 0 0 0
0.5740 0.0088 0.4790 30 0 0 0
0.5740 0.0088 0.4790 30 0 0 0
0.5760 0.0083 0.4784 30 0 0 0
0.5760 0.0083 0.4784 0 0 0 0
0.5960 0.0074 0.4818 30 0 0 0
0.5920 0.0070 0.4834 30 0 0 0
0.5780 0.0065 0.4839 30 0 0 0
0.5820 0.0063 0.4838 30 0 0 0
0.5720 0.0059 0.4841 30 0 0 0
0.5840 0.0053 0.4839 30 0 0 0
0.5880 0.0039 0.4813 30 0 0 0
0.5720 0.0042 0.4814 30 0 0 0
0.5720 0.0042 0.4814 30 0 0 0
0.5720 0.0042 0.4814 30 0 0 0
0.5760 0.0043 0.4809 30 0 0 0
0.5760 0.0043 0.4809 30 0 0 0
0.5760 0.0043 0.4809 30 0 0 0
0.5760 0.0043 0.4809 30 0 0 0
0.5840 0.0043 0.4821 30 0 0 0
0.5840 0.0043 0.4821 30 0 0 0
0.5840 0.0043 0.4821 30 0 0 0
0.5740 0.0045 0.4801 30 0 0 0
0.5740 0.0045 0.4801 30 0 0 0
0.5740 0.0045 0.4801 30 0 0 0
0.5740 0.0045 0.4801 30 0 0 0
0.5780 0.0052 0.4801 30 0 0 0
0.5780 0.0052 0.4801 30 0 0 0
0.5780 0.0052 0.4801 30 0 0 0
0.5780 0.0052 0.4801 30 0 0 0
0.5780 0.0052 0.4801 30 0 0 0
0.5480 0.0060 0.4806 30 0 0 0
0.5480 0.0060 0.4806 30 0 0 0
0.5480 0.0068 0.4819 30 0 0 0
0.5620 0.0068 0.4819 30 0 0 0
0.5620 0.0068 0.4819 30 0 0 0
0.5620 0.0068 0.4819 30 0 0 0
0.5620 0.0068 0.4819 30 0 0 0
0.5780 0.0078 0.4803 30 0 0 0
0.5780 0.0078 0.4803 30 0 0 0
0.5780 0.0078 0.4803 30 0 0 0
0.5780 0.0078 0.4803 30 0 0 0
0.5780 0.0078 0.4803 30 0 0 0
0.5780 0.0078 0.4803 30 0 0 0
0.5600 0.0087 0.4794 30 0 0 0
0.5600 0.0087 0.4794 30 0 0 0
0.5440 0.0088 0.4781 30 0 0 0
0.5440 0.0088 0.4781 30 0 0 0
0.5440 0.0088 0.4781 30 0 0 0
0.5440 0.0088 0.4781 30 0 0 0
0.5460 0.0084 0.4784 30 0 0 0
0.5460 0.0084 0.4784 30 0 0 0
0.5460 0.0084 0.4784 30 0 0 0
0.5460 0.0084 0.4784 30 0 0 0
0.5460 0.0084 0.4784 30 0 0 0
0.5460 0.0084 0.4784 30 0 0 0
0.5680 0.0080 0.4779 30 0 0 0
0.5680 0.0080 0.4779 30 0 0 0
0.5680 0.0080 0.4779 30 0 0 0
0.5640 0.0081 0.4774 30 0 0 0
0.5640 0.0081 0.4774 30 0 0 0
0.5640 0.0081 0.4774 30 0 0 0
0.5640 0.0085 0.4774 30 0 0 0
0.5800 0.0085 0.4774 30 0 0 0
0.5800 0.0085 0.4774 30 0 0 0
0.5800 0.0085 0.4774 30 0 0 0
0.5800 0.0085 0.4774 30 0 0 0
0.5800 0.0085 0.4774 30 0 0 0
0.5980 0.0091 0.4773 30 0 0 0
0.5980 0.0091 0.4773 30 0 0 0
0.5920 0.0093 0.4768 30 0 0 0
0.5920 0.0093 0.4768 30 0 0 0
0.5920 0.0093 0.4768 30 0 0 0
0.5920 0.0093 0.4768 30 0 0 0
0.5780 0.0092 0.4784 30 0 0 0
0.5780 0.0092 0.4784 30 0 0 0
0.5780 0.0092 0.4784 30 0 0 0
0.5780 0.0092 0.4784 30 0 0 0
0.5780 0.0092 0.4784 30 0 0 0
0.5740 0.0090 0.4774 30 0 0 0
0.5740 0.0090 0.4774 30 0 0 0
0.5740 0.0090 0.4774 30 0 0 0
0.5780 0.0088 0.4747 30 0 0 0
0.5780 0.0088 0.4747 30 0 0 0
0.5780 0.0088 0.4747 30 0 0 0
0.5780 0.0088 0.4747 30 0 0 0
0.5560 0.0089 0.4738 30 0 0 0
0.5560 0.0089 0.4738 30 0 0 0
0.5560 0.0089 0.4738 30 0 0 0
0.5560 0.0089 0.4738 30 0 0 0
0.5560 0.0089 0.4738 30 0 0 0
0.5740 0.0093 0.4753 30 0 0 0
0.5740 0.0093 0.4753 30 0 0 0
0.5740 0.0093 0.4753 30 0 0 0
0.5600 0.0089 0.4756 30 0 0 0
0.5600 0.0089 0.4756 30 0 0 0
0.5600 0.0089 0.4756 30 0 0 0
0.5600 0.0089 0.4756 30 0 0 0
0.5720 0.0083 0.4756 30 0 0 0
0.5720 0.0083 0.4756 30 0 0 0
0.5720 0.0083 0.4756 30 0 0 0
0.5720 0.0083 0.4756 30 0 0 0
0.5800 0.0069 0.4790 30 0 0 0
0.5800 0.0069 0.4790 30 0 0 0
0.5800 0.0069 0.4790 30 0 0 0
0.5860 0.0062 0.4772 30 0 0 0
0.5860 0.0062 0.4772 30 0 0 0
0.5860 0.0062 0.4772 30 0 0 0
0.5860 0.0062 0.4772 30 0 0 0
0.5840 0.0061 0.4776 30 0 0 0
0.5840 0.0061 0.4776 30 0 0 0
0.5840 0.0061 0.4776 30 0 0 0
0.5840 0.0061 0.4776 30 0 0 0
0.5840 0.0061 0.4776 30 0 0 0
0.5840 0.0061 0.4776 30 0 0 0
0.5800 0.0066 0.4803 30 0 0 0
0.5800 0.0066 0.4803 30 0 0 0
0.5800 0.0066 0.4803 30 0 0 0
0.5820 0.0072 0.4813 30 0 0 0
0.5820 0.0072 0.4813 30 0 0 0
0.5820 0.0072 0.4813 30 0 0 0
0.5820 0.0077 0.4805 30 0 0 0
0.5820 0.0077 0.4805 30 0 0 0
0.5820 0.0077 0.4805 30 0 0 0
0.5820 0.0077 0.4805 30 0 0 0
0.5820 0.0077 0.4805 30 0 0 0
0.5820 0.0077 0.4805 30 0 0 0
0.5720 0.0087 0.4819 30 0 0 0
0.5720 0.0087 0.4819 30 0 0 0
0.5720 0.0087 0.4819 30 0 0 0
0.5860 0.0093 0.4816 30 0 0 0
0.5860 0.0093 0.4816 30 0 0 0
0.5860 0.0093 0.4816 30 0 0 0
0.5860 0.0093 0.4816 30 0 0 0
0.5860 0.0093 0.4816 30 0 0 0
0.5860 0.0093 0.4816 30 0 0 0
0.5860 0.0093 0.4816 30 0 0 0
0.5860 0.0093 0.4816 30 0 0 0
0.5860 0.0093 0.4816 30 0 0 0
0.5860 0.0093 0.4816 30 0 0 0
0.5860 0.0093 0.4816 30 0 0 0
0.5660 0.0096 0.4840 0 0 0 0
0.5820 0.0126 0.4915 30 0 0 0
0.5660 0.0130 0.4919 30 0 0 0
0.5660 0.0130 0.4919 30 0 0 0
0.5700 0.0137 0.4945 30 0 0 0
0.5700 0.0137 0.4945 30 0 0 0
0.5820 0.0141 0.4955 30 0 0 0
0.5820 0.0141 0.4955 30 0 0 0
0.5820 0.0141 0.4955 30 0 0 0
0.5820 0.0141 0.4955 30 0 0 0
0.5880 0.0142 0.4923 30 0 0 0
0.5880 0.0142 0.4923 30 0 0 0
0.5880 0.0142 0.4923 30 0 0 0
0.5880 0.0142 0.4923 30 0 0 0
0.5880 0.0142 0.4923 30 0 0 0
0.5880 0.0142 0.4923 30 0 0 0
0.5620 0.0137 0.4915 30 0 0 0
0.5620 0.0137 0.4915 30 0 0 0
0.5620 0.0128 0.4923 30 0 0 0
0.5780 0.0128 0.4923 30 0 0 0
0.5780 0.0128 0.4923 30 0 0 0
0.5780 0.0128 0.4923 30 0 0 0
0.5640 0.0122 0.4918 30 0 0 0
0.5640 0.0122 0.4918 30 0 0 0
0.5640 0.0122 0.4918 30 0 0 0
0.5640 0.0122 0.4918 30 0 0 0
0.5640 0.0122 0.4918 30 0 0 0
0.5640 0.0122 0.4918 30 0 0 0
0.5640 0.0129 0.4896 30 0 0 0
0.5640 0.0129 0.4896 30 0 0 0
0.5640 0.0129 0.4896 30 0 0 0
0.5480 0.0141 0.4881 30 0 0 0
0.5480 0.0141 0.4881 30 0 0 0
0.5480 0.0141 0.4881 30 0 0 0
0.5480 0.0141 0.4881 30 0 0 0
0.5480 0.0151 0.4858 30 0 0 0
0.5740 0.0151 0.4858 30 0 0 0
0.5740 0.0151 0.4858 30 0 0 0
0.5740 0.0151 0.4858 30 0 0 0
0.5740 0.0151 0.4858 30 0 0 0
0.5600 0.0158 0.4829 30 0 0 0
0.5600 0.0158 0.4829 30 0 0 0
0.5600 0.0158 0.4810 30 0 0 0
0.5600 0.0158 0.4810 30 0 0 0
0.5600 0.0158 0.4810 30 0 0 0
0.5600 0.0158 0.4810 30 0 0 0
0.5600 0.0158 0.4810 30 0 0 0
0.5600 0.0158 0.4810 30 0 0 0
0.5600 0.0158 0.4810 30 0 0 0
0.5600 0.0158 0.4810 30 0 0 0
0.5600 0.0158 0.4810 30 0 0 0
0.5600 0.0158 0.4810 30 0 0 0
0.5600 0.0158 0.4810 30 0 0 0
0.5600 0.0158 0.4810 30 0 0 0
0.5400 0.0153 0.4817 30 0 0 0
0.5520 0.0150 0.4802 30 0 0 0
0.5640 0.0148 0.4799 30 0 0 0
0.5640 0.0148 0.4799 30 0 0 0
0.5640 0.0148 0.4799 30 0 0 0
0.5480 0.0152 0.4779 30 0 0 0
0.5480 0.0152 0.4779 30 0 0 0
0.5480 0.0152 0.4779 30 0 0 0
0.5480 0.0152 0.4779 30 0 0 0
0.5480 0.0152 0.4779 30 0 0 0
0.5540 0.0153 0.4782 30 0 0 0
0.5540 0.0153 0.4782 30 0 0 0
0.5520 0.0153 0.4787 30 0 0 0
0.5520 0.0153 0.4787 30 0 0 0
0.5520 0.0153 0.4787 30 0 0 0
0.5520 0.0153 0.4787 30 0 0 0
0.5520 0.0153 0.4787 30 0 0 0
0.5240 0.0149 0.4797 30 0 0 0
0.5240 0.0149 0.4797 30 0 0 0
0.5240 0.0149 0.4797 30 0 0 0
0.5240 0.0149 0.4797 30 0 0 0
0.5240 0.0149 0.4797 30 0 0 0
0.5460 0.0141 0.4800 30 0 0 0
0.5460 0.0141 0.4800 30 0 0 0
0.5340 0.0128 0.4799 30 0 0 0
0.5340 0.0128 0.4799 30 0 0 0
0.5340 0.0128 0.4799 30 0 0 0
0.5340 0.0128 0.4799 30 0 0 0
0.5340 0.0128 0.4799 30 0 0 0
0.5700 0.0118 0.4810 30 0 0 0
0.5700 0.0118 0.4810 30 0 0 0
0.5700 0.0118 0.4810 30 0 0 0
0.5700 0.0118 0.4810 30 0 0 0
0.5520 0.0110 0.4805 30 0 0 0
0.5520 0.0110 0.4805 30 0 0 0
0.5600 0.0102 0.4803 30 0 0 0
0.5600 0.0102 0.4803 30 0 0 0
0.5600 0.0102 0.4803 30 0 0 0
0.5600 0.0102 0.4803 30 0 0 0
0.5600 0.0102 0.4803 30 0 0 0
0.5600 0.0102 0.4803 30 0 0 0
0.5600 0.0096 0.4809 30 0 0 0
0.5380 0.0096 0.4809 30 0 0 0
0.5380 0.0096 0.4809 30 0 0 0
0.5380 0.0096 0.4809 30 0 0 0
0.5380 0.0096 0.4809 30 0 0 0
0.5480 0.0094 0.4794 30 0 0 0
0.5480 0.0094 0.4794 30 0 0 0
0.5480 0.0094 0.4794 30 0 0 0
0.5480 0.0094 0.4794 30 0 0 0
0.5480 0.0094 0.4794 30 0 0 0
0.5480 0.0094 0.4794 30 0 0 0
0.5480 0.0094 0.4794 30 0 0 0
0.5480 0.0094 0.4794 30 0 0 0
0.5480 0.0094 0.4794 30 0 0 0
0.5480 0.0094 0.4794 30 0 0 0
0.5480 0.0094 0.4794 30 0 0 0
0.5440 0.0094 0.4789 30 0 0 0
0.5440 0.0098 0.4713 30 0 0 0
0.5660 0.0097 0.4703 30 0 0 0
0.5480 0.0093 0.4645 30 0 0 0
0.5480 0.0093 0.4645 30 0 0 0
0.5480 0.0093 0.4645 30 0 0 0
0.5480 0.0093 0.4645 30 0 0 0
0.5480 0.0093 0.4645 30 0 0 0
0.5480 0.0093 0.4645 30 0 0 0
0.5480 0.0093 0.4645 30 0 0 0
0.5480 0.0093 0.4645 30 0 0 0
0.5480 0.0093 0.4645 30 0 0 0
0.5480 0.0093 0.4645 30 0 0 0
0.5480 0.0093 0.4645 30 0 0 0
0.5480 0.0093 0.4645 30 0 0 0
0.5480 0.0089 0.4634 30 0 0 0
0.5400 0.0090 0.4584 30 0 0 0
0.5360 0.0090 0.4584 30 0 0 0
0.5160 0.0091 0.4568 30 0 0 0
0.5160 0.0091 0.4568 30 0 0 0
0.5540 0.0098 0.4526 30 0 0 0
0.5540 0.0098 0.4526 30 0 0 0
0.5540 0.0098 0.4526 30 0 0 0
0.5540 0.0098 0.4526 30 0 0 0
0.5540 0.0098 0.4526 30 0 0 0
0.5100 0.0110 0.4547 30 0 0 0
0.5100 0.0110 0.4547 30 0 0 0
0.5100 0.0110 0.4547 30 0 0 0
0.5300 0.0120 0.4538 30 0 0 0
0.5300 0.0120 0.4538 30 0 0 0
0.5300 0.0120 0.4538 30 0 0 0
0.5300 0.0120 0.4538 30 0 0 0
0.5300 0.0120 0.4538 30 0 0 0
0.5260 0.0130 0.4527 30 0 0 0
0.5260 0.0130 0.4527 30 0 0 0
0.5260 0.0130 0.4527 30 0 0 0
0.5260 0.0130 0.4527 30 0 0 0
0.5260 0.0130 0.4527 30 0 0 0
0.5480 0.0138 0.4470 30 0 0 0
0.5480 0.0138 0.4470 30 0 0 0
0.5480 0.0144 0.4422 30 0 0 0
0.5480 0.0144 0.4422 30 0 0 0
0.5480 0.0144 0.4422 30 0 0 0
0.5480 0.0144 0.4422 30 0 0 0
0.5480 0.0144 0.4422 30 0 0 0
0.5160 0.0150 0.4436 30 0 0 0
0.5160 0.0150 0.4436 30 0 0 0
0.5160 0.0150 0.4436 30 0 0 0
0.5160 0.0150 0.4436 30 0 0 0
0.5340 0.0150 0.4402 30 0 0 0
0.5340 0.0150 0.4402 30 0 0 0
0.5340 0.0150 0.4402 30 0 0 0
0.5160 0.0144 0.4398 30 0 0 0
0.5160 0.0144 0.4398 0 0 0 0
0.5440 0.0103 0.4400 30 0 0 0
0.5500 0.0080 0.4386 30 0 0 0
0.5520 0.0059 0.4398 30 0 0 0
0.5520 0.0059 0.4398 30 0 0 0
0.5440 0.0050 0.4399 30 0 0 0
0.5640 0.0067 0.4430 30 0 0 0
0.5640 0.0067 0.4430 30 0 0 0
0.5640 0.0067 0.4430 30 0 0 0
0.5640 0.0067 0.4430 30 0 0 0
0.5640 0.0067 0.4430 30 0 0 0
0.5540 0.0075 0.4439 30 0 0 0
0.5540 0.0075 0.4439 30 0 0 0
0.5540 0.0075 0.4439 30 0 0 0
0.5540 0.0075 0.4439 30 0 0 0
0.5580 0.0064 0.4441 30 0 0 0
0.5580 0.0064 0.4441 0 0 0 0
0.5360 0.0039 0.4463 30 0 0 0
0.5380 0.0018 0.4474 30 0 0 0
0.5540 0.0046 0.4468 30 0 0 0
0.5360 0.0067 0.4485 30 0 0 0
0.5360 0.0067 0.4485 30 0 0 0
0.5360 0.0067 0.4485 30 0 0 0
0.5580 0.0078 0.4518 30 0 0 0
0.5580 0.0078 0.4518 30 0 0 0
0.5580 0.0078 0.4518 30 0 0 0
0.5580 0.0073 0.4524 30 0 0 0
0.5720 0.0073 0.4524 30 0 0 0
0.5720 0.0073 0.4524 30 0 0 0
0.5720 0.0073 0.4524 30 0 0 0
0.5880 0.0060 0.4584 30 0 0 0
0.5880 0.0060 0.4584 0 0 0 0
0.5840 0.0092 0.4675 30 0 0 0
0.5660 0.0081 0.4683 30 0 0 0
0.5580 0.0068 0.4692 30 0 0 0
0.5620 0.0059 0.4695 30 0 0 0
0.5760 0.0052 0.4712 30 0 0 0
0.5840 0.0045 0.4713 30 0 0 0
0.5840 0.0045 0.4713 30 0 0 0
0.5840 0.0045 0.4713 30 0 0 0
0.5780 0.0048 0.4726 30 0 0 0
0.5780 0.0048 0.4726 30 0 0 0
0.5780 0.0048 0.4726 30 0 0 0
0.5780 0.0062 0.4726 0 0 0 0
0.5760 0.0074 0.4628 30 0 0 0
0.5580 0.0079 0.4625 30 0 0 0
0.5800 0.0085 0.4627 30 0 0 0
0.5720 0.0099 0.4663 30 0 0 0
0.5780 0.0114 0.4652 30 0 0 0
0.5820 0.0119 0.4647 30 0 0 0
0.5820 0.0119 0.4647 30 0 0 0
0.5820 0.0119 0.4647 30 0 0 0
0.5820 0.0119 0.4647 30 0 0 0
0.5860 0.0123 0.4642 30 0 0 0
0.5860 0.0123 0.4642 30 0 0 0
0.5860 0.0123 0.4642 30 0 0 0
0.5860 0.0123 0.4642 30 0 0 0
0.5660 0.0126 0.4648 30 0 0 0
0.5660 0.0126 0.4648 30 0 0 0
0.5660 0.0126 0.4648 30 0 0 0
0.5660 0.0126 0.4648 30 0 0 0
0.5660 0.0124 0.4647 30 0 0 0
0.5740 0.0124 0.4647 30 0 0 0
0.5740 0.0124 0.4647 30 0 0 0
0.5740 0.0124 0.4647 30 0 0 0
0.5740 0.0124 0.4647 30 0 0 0
0.5740 0.0124 0.4647 30 0 0 0
0.5720 0.0115 0.4652 30 0 0 0
0.5720 0.0115 0.4652 30 0 0 0
0.5740 0.0108 0.4626 30 0 0 0
0.5740 0.0108 0.4626 30 0 0 0
0.5740 0.0108 0.4626 30 0 0 0
0.5740 0.0108 0.4626 30 0 0 0
0.5740 0.0108 0.4626 30 0 0 0
0.5740 0.0102 0.4625 30 0 0 0
0.5800 0.0102 0.4625 0 0 0 0
0.5840 0.0086 0.4563 30 0 0 0
0.5660 0.0096 0.4566 30 0 0 0
0.5780 0.0109 0.4547 30 0 0 0
0.5780 0.0109 0.4547 30 0 0 0
0.5780 0.0109 0.4547 30 0 0 0
0.5780 0.0109 0.4547 30 0 0 0
0.5720 0.0123 0.4560 30 0 0 0
0.5720 0.0123 0.4560 30 0 0 0
0.5720 0.0121 0.4561 30 0 0 0
0.5760 0.0121 0.4561 30 0 0 0
0.5780 0.0119 0.4569 30 0 0 0
0.5600 0.0118 0.4572 30 0 0 0
0.5600 0.0118 0.4572 30 0 0 0
0.5660 0.0117 0.4573 0 0 0 0
0.5760 0.0140 0.4571 30 0 0 0
0.5660 0.0144 0.4571 30 0 0 0
0.5580 0.0141 0.4572 30 0 0 0
0.5680 0.0125 0.4577 30 0 0 0
0.5600 0.0101 0.4581 30 0 0 0
0.5600 0.0101 0.4581 30 0 0 0
0.5600 0.0101 0.4581 30 0 0 0
0.5600 0.0101 0.4581 30 0 0 0
0.5600 0.0101 0.4581 30 0 0 0
0.5600 0.0101 0.4581 30 0 0 0
0.5600 0.0101 0.4581 30 0 0 0
0.5600 0.0101 0.4581 30 0 0 0
0.5600 0.0083 0.4580 30 0 0 0
0.5640 0.0083 0.4580 30 0 0 0
0.5600 0.0051 0.4586 30 0 0 0
0.5500 0.0036 0.4586 30 0 0 0
0.5720 0.0036 0.4596 30 0 0 0
0.5720 0.0036 0.4596 30 0 0 0
0.5720 0.0047 0.4600 30 0 0 0
0.5720 0.0047 0.4600 30 0 0 0
0.5680 0.0051 0.4611 30 0 0 0
0.5680 0.0051 0.4611 30 0 0 0
0.5680 0.0051 0.4611 0 0 0 0
0.5420 0.0046 0.4592 0 0 0 30
0.5560 0.0046 0.4592 0 0 0 30
0.5560 0.0052 0.4613 0 0 0 30
0.5440 0.0071 0.4602 0 0 0 30
0.5520 0.0071 0.4602 0 0 0 30
0.5540 0.0085 0.4632 0 0 0 30
0.5400 0.0085 0.4595 0 0 0 30
0.5600 0.0081 0.4543 0 0 0 30
0.5600 0.0077 0.4535 0 0 0 30
0.5600 0.0077 0.4535 0 0 0 30
0.5600 0.0077 0.4535 0 0 0 30
0.5600 0.0077 0.4535 0 0 0 30
0.5600 0.0077 0.4535 0 0 0 0
0.5640 0.0082 0.4544 30 0 0 0
0.5800 0.0086 0.4558 30 0 0 0
0.5800 0.0082 0.4589 30 0 0 0
0.5860 0.0077 0.4602 30 0 0 0
0.5580 0.0077 0.4602 30 0 0 0
0.5700 0.0079 0.4580 30 0 0 0
0.5700 0.0079 0.4580 30 0 0 0
0.5800 0.0077 0.4603 30 0 0 0
0.5800 0.0077 0.4603 30 0 0 0
0.5800 0.0077 0.4603 30 0 0 0
0.5800 0.0077 0.4603 30 0 0 0
0.5840 0.0079 0.4605 30 0 0 0
0.5840 0.0079 0.4605 30 0 0 0
0.5880 0.0077 0.4627 30 0 0 0
0.5880 0.0077 0.4627 30 0 0 0
0.5880 0.0077 0.4627 30 0 0 0
0.5880 0.0077 0.4627 30 0 0 0
0.5720 0.0074 0.4618 30 0 0 0
0.5720 0.0074 0.4618 30 0 0 0
0.5720 0.0074 0.4618 30 0 0 0
0.5720 0.0074 0.4618 30 0 0 0
0.5720 0.0070 0.4658 30 0 0 0
0.5740 0.0070 0.4658 30 0 0 0
0.5740 0.0070 0.4658 30 0 0 0
0.5740 0.0070 0.4658 30 0 0 0
0.5740 0.0070 0.4658 30 0 0 0
0.5600 0.0059 0.4611 30 0 0 0
0.5600 0.0059 0.4611 30 0 0 0
0.5600 0.0059 0.4611 30 0 0 0
0.5560 0.0053 0.4589 30 0 0 0
0.5560 0.0053 0.4589 30 0 0 0
0.5560 0.0053 0.4589 30 0 0 0
0.5560 0.0053 0.4589 30 0 0 0
0.5460 0.0046 0.4552 30 0 0 0
0.5460 0.0046 0.4552 30 0 0 0
0.5460 0.0046 0.4552 30 0 0 0
0.5460 0.0046 0.4552 30 0 0 0
0.5460 0.0046 0.4552 30 0 0 0
0.5500 0.0042 0.4599 30 0 0 0
0.5500 0.0042 0.4599 30 0 0 0
0.5500 0.0042 0.4599 30 0 0 0
0.5500 0.0046 0.4608 30 0 0 0
0.5500 0.0046 0.4608 30 0 0 0
0.5500 0.0046 0.4608 30 0 0 0
0.5500 0.0046 0.4608 30 0 0 0
0.5440 0.0052 0.4613 30 0 0 0
0.5440 0.0052 0.4613 30 0 0 0
0.5440 0.0052 0.4613 30 0 0 0
0.5480 0.0053 0.4661 30 0 0 0
0.5480 0.0053 0.4661 30 0 0 0
0.5480 0.0053 0.4661 30 0 0 0
0.5480 0.0053 0.4661 30 0 0 0
0.5460 0.0048 0.4670 30 0 0 0
0.5460 0.0048 0.4670 30 0 0 0
0.5460 0.0048 0.4670 30 0 0 0
0.5460 0.0048 0.4670 30 0 0 0
0.5460 0.0048 0.4670 30 0 0 0
0.5460 0.0048 0.4670 30 0 0 0
0.5460 0.0048 0.4670 30 0 0 0
0.5460 0.0048 0.4670 30 0 0 0
0.5460 0.0048 0.4670 30 0 0 0
0.5460 0.0048 0.4670 30 0 0 0
0.5460 0.0048 0.4670 30 0 0 0
0.5600 0.0042 0.4691 30 0 0 0
0.5600 0.0042 0.4691 30 0 0 0
0.5520 0.0036 0.4690 30 0 0 0
0.5520 0.0036 0.4675 30 0 0 0
0.5520 0.0036 0.4675 30 0 0 0
0.5520 0.0036 0.4675 30 0 0 0
0.5480 0.0042 0.4653 30 0 0 0
0.5480 0.0042 0.4653 30 0 0 0
0.5480 0.0042 0.4653 30 0 0 0
0.5280 0.0048 0.4672 30 0 0 0
0.5280 0.0048 0.4672 30 0 0 0
0.5280 0.0048 0.4672 30 0 0 0
0.5280 0.0048 0.4672 30 0 0 0
0.5280 0.0048 0.4672 30 0 0 0
0.5540 0.0053 0.4692 30 0 0 0
0.5540 0.0053 0.4692 30 0 0 0
0.5540 0.0053 0.4692 30 0 0 0
0.5540 0.0053 0.4692 30 0 0 0
0.5620 0.0059 0.4745 30 0 0 0
0.5620 0.0059 0.4745 30 0 0 0
0.5620 0.0059 0.4745 30 0 0 0
0.5720 0.0063 0.4726 30 0 0 0
0.5720 0.0063 0.4726 30 0 0 0
0.5720 0.0063 0.4726 30 0 0 0
0.5720 0.0063 0.4726 30 0 0 0
0.5640 0.0065 0.4738 30 0 0 0
0.5640 0.0065 0.4738 30 0 0 0
0.5640 0.0065 0.4738 30 0 0 0
0.5560 0.0064 0.4718 30 0 0 0
0.5560 0.0064 0.4718 30 0 0 0
0.5560 0.0064 0.4718 30 0 0 0
0.5560 0.0064 0.4718 30 0 0 0
0.5640 0.0062 0.4727 30 0 0 0
0.5640 0.0062 0.4727 30 0 0 0
0.5640 0.0062 0.4727 30 0 0 0
0.5640 0.0062 0.4727 30 0 0 0
0.5640 0.0062 0.4727 30 0 0 0
0.5440 0.0060 0.4732 30 0 0 0
0.5440 0.0060 0.4732 30 0 0 0
0.5440 0.0060 0.4732 30 0 0 0
0.5500 0.0062 0.4729 30 0 0 0
0.5500 0.0062 0.4729 30 0 0 0
0.5500 0.0062 0.4729 30 0 0 0
0.5500 0.0063 0.4745 30 0 0 0
0.5460 0.0063 0.4745 30 0 0 0
0.5460 0.0063 0.4745 30 0 0 0
0.5460 0.0063 0.4745 30 0 0 0
0.5460 0.0066 0.4781 30 0 0 0
0.5620 0.0066 0.4781 30 0 0 0
0.5620 0.0066 0.4781 30 0 0 0
0.5620 0.0066 0.4781 30 0 0 0
0.5580 0.0068 0.4771 30 0 0 0
0.5580 0.0068 0.4771 30 0 0 0
0.5580 0.0068 0.4771 30 0 0 0
0.5580 0.0068 0.4771 30 0 0 0
0.5260 0.0072 0.4755 30 0 0 0
0.5260 0.0072 0.4755 30 0 0 0
0.5260 0.0072 0.4755 30 0 0 0
0.5260 0.0072 0.4755 30 0 0 0
0.5460 0.0075 0.4744 0 0 0 0
0.5460 0.0072 0.4764 30 0 0 0
0.5340 0.0079 0.4704 30 0 0 0
0.5440 0.0090 0.4687 30 0 0 0
0.5320 0.0101 0.4636 30 0 0 0
0.5280 0.0114 0.4640 30 0 0 0
0.5280 0.0114 0.4640 30 0 0 0
0.5280 0.0114 0.4640 30 0 0 0
0.5520 0.0122 0.4629 30 0 0 0
0.5520 0.0122 0.4629 30 0 0 0
0.5520 0.0122 0.4629 30 0 0 0
0.5520 0.0122 0.4629 30 0 0 0
0.5340 0.0128 0.4597 0 0 0 0
0.5240 0.0113 0.4579 30 0 0 0
0.5380 0.0096 0.4579 30 0 0 0
0.5140 0.0077 0.4572 30 0 0 0
0.5280 0.0066 0.4552 30 0 0 0
0.5260 0.0058 0.4599 30 0 0 0
0.5260 0.0058 0.4599 30 0 0 0
0.5260 0.0058 0.4599 30 0 0 0
0.5260 0.0058 0.4599 30 0 0 0
0.5420 0.0061 0.4592 30 0 0 0
0.5420 0.0061 0.4592 30 0 0 0
0.5420 0.0061 0.4592 30 0 0 0
0.5100 0.0069 0.4597 30 0 0 0
0.5100 0.0069 0.4597 30 0 0 0
0.5100 0.0069 0.4597 30 0 0 0
0.5100 0.0069 0.4597 30 0 0 0
0.5100 0.0069 0.4597 30 0 0 0
0.5100 0.0069 0.4597 0 0 0 0
0.5240 0.0083 0.4409 0 0 0 30
0.5220 0.0070 0.4044 0 0 0 30
0.5100 0.0070 0.4044 0 0 0 30
0.5140 0.0070 0.4070 0 0 0 30
0.5160 0.0076 0.3852 0 0 0 30
0.5060 0.0083 0.3903 0 0 0 30
0.4960 0.0080 0.3736 0 0 0 30
0.4960 0.0080 0.3736 0 0 0 30
0.5240 0.0074 0.3760 0 0 0 0
0.5040 0.0063 0.3637 0 0 0 30
0.5000 0.0061 0.3659 0 0 0 30
0.5000 0.0057 0.3579 0 0 0 30
0.5200 0.0045 0.3600 0 0 0 30
0.5160 0.0045 0.3600 0 0 0 30
0.5020 0.0033 0.3662 0 0 0 30
0.5020 0.0033 0.3662 0 0 0 30
0.5120 0.0031 0.3669 0 0 0 30
0.5120 0.0031 0.3669 0 0 0 0
0.5600 0.0161 0.4435 0 0 0 -30
0.5540 0.0163 0.4594 0 0 0 -30
0.5500 0.0149 0.4618 0 0 0 -30
0.5620 0.0143 0.4632 0 0 0 -30
0.5640 0.0125 0.4630 0 0 0 -30
0.5640 0.0125 0.4630 0 0 0 -30
0.5520 0.0103 0.4646 0 0 0 -30
0.5520 0.0103 0.4646 0 0 0 -30
0.5800 0.0074 0.4675 0 0 0 -30
0.5800 0.0074 0.4675 0 0 0 0
0.5800 0.0047 0.4684 0 0 0 -30
0.5720 0.0047 0.4698 0 0 0 -30
0.5900 0.0047 0.4691 0 0 0 -30
0.5760 0.0047 0.4676 0 0 0 -30
0.5760 0.0047 0.4676 0 0 0 -30
0.5760 0.0047 0.4676 0 0 0 0
