0.5120 0.0331 0.1335 0 0 0 -30
0.5300 0.0330 0.1413 0 0 0 -30
0.5340 0.0326 0.1439 0 0 0 0
0.5220 0.0317 0.5338 0 0 0 -30
0.5440 0.0324 0.5352 0 0 0 -30
0.5260 0.0329 0.5340 0 0 0 -30
0.5300 0.0324 0.5315 0 0 0 -30
0.5340 0.0321 0.5289 0 0 0 0
0.5440 0.0322 0.5301 0 0 0 -30
0.5580 0.0318 0.5293 0 0 0 -30
0.5380 0.0316 0.5286 0 0 0 -30
0.5480 0.0315 0.5298 0 0 0 -30
0.5340 0.0316 0.5308 0 0 0 -30
0.5620 0.0320 0.5283 0 0 0 -30
0.5620 0.0320 0.5283 0 0 0 0
0.5360 0.0325 0.5282 0 0 0 -30
0.5400 0.0326 0.5258 0 0 0 -30
0.5420 0.0326 0.5239 0 0 0 -30
0.5320 0.0322 0.5234 0 0 0 -30
0.5320 0.0322 0.5234 0 0 0 -30
0.5320 0.0322 0.5234 0 0 0 -30
0.5420 0.0315 0.5226 0 0 0 0
0.5520 0.0317 0.5219 0 0 0 -30
0.5520 0.0321 0.5202 0 0 0 -30
0.5580 0.0322 0.5197 0 0 0 -30
0.5580 0.0322 0.5197 0 0 0 -30
0.5580 0.0317 0.5204 0 0 0 -30
0.5580 0.0317 0.5204 0 0 0 0
0.5380 0.0302 0.5185 0 0 0 -30
0.5700 0.0301 0.5163 0 0 0 -30
0.5440 0.0303 0.5149 0 0 0 -30
0.5440 0.0303 0.5149 0 0 0 -30
0.5440 0.0303 0.5149 0 0 0 -30
0.5440 0.0303 0.5149 0 0 0 -30
0.5440 0.0303 0.5149 0 0 0 0
0.5480 0.0302 0.5159 0 0 0 -30
0.5480 0.0303 0.5154 0 0 0 -30
0.5500 0.0307 0.5157 0 0 0 -30
0.5420 0.0313 0.5138 0 0 0 -30
0.5260 0.0317 0.5130 0 0 0 0
0.5420 0.0316 0.5117 0 0 0 -30
0.5520 0.0320 0.5131 0 0 0 -30
0.5520 0.0320 0.5131 0 0 0 -30
0.5520 0.0320 0.5131 0 0 0 -30
0.5520 0.0320 0.5131 0 0 0 -30
0.5520 0.0320 0.5131 0 0 0 -30
0.5520 0.0320 0.5131 0 0 0 -30
0.5320 0.0322 0.5120 0 0 0 0
0.5380 0.0337 0.5113 0 0 0 -30
0.5360 0.0341 0.5102 0 0 0 -30
0.5140 0.0344 0.5088 0 0 0 -30
0.5140 0.0344 0.5088 0 0 0 -30
0.5140 0.0344 0.5088 0 0 0 -30
0.5140 0.0344 0.5088 0 0 0 -30
0.5340 0.0346 0.5077 0 0 0 -30
0.5340 0.0346 0.5077 0 0 0 -30
0.5340 0.0346 0.5077 0 0 0 -30
0.5340 0.0346 0.5077 0 0 0 -30
0.5340 0.0346 0.5077 0 0 0 -30
0.5340 0.0345 0.5055 0 0 0 0
0.5240 0.0339 0.5048 0 0 0 -30
0.5320 0.0329 0.5041 0 0 0 -30
0.5180 0.0323 0.5010 0 0 0 -30
0.5180 0.0323 0.5010 0 0 0 -30
0.5400 0.0320 0.4989 0 0 0 -30
0.5400 0.0320 0.4989 0 0 0 -30
0.5400 0.0320 0.4989 0 0 0 -30
0.5400 0.0320 0.4989 0 0 0 -30
0.5180 0.0321 0.4938 0 0 0 -30
0.5180 0.0321 0.4938 0 0 0 0
0.5180 0.0321 0.4938 0 0 0 -30
0.5360 0.0318 0.4889 0 0 0 -30
0.5340 0.0317 0.4862 0 0 0 -30
0.5340 0.0317 0.4862 0 0 0 -30
0.5340 0.0317 0.4862 0 0 0 -30
0.5480 0.0324 0.4832 0 0 0 -30
0.5480 0.0324 0.4832 0 0 0 -30
0.5480 0.0327 0.4814 0 0 0 0
0.5280 0.0325 0.4739 0 0 0 -30
0.5360 0.0323 0.4719 0 0 0 -30
0.5500 0.0318 0.4708 0 0 0 -30
0.5480 0.0315 0.4694 0 0 0 -30
0.5380 0.0316 0.4684 0 0 0 -30
0.5380 0.0316 0.4684 0 0 0 -30
0.5460 0.0317 0.4671 0 0 0 -30
0.5460 0.0317 0.4671 0 0 0 0
0.5300 0.0322 0.4635 0 0 0 -30
0.5420 0.0322 0.4623 0 0 0 -30
0.5500 0.0321 0.0710 0 0 0 -30
0.5520 0.0319 0.0697 0 0 0 -30
0.5520 0.0319 0.0697 0 0 0 -30
0.5320 0.0315 0.0674 0 0 0 -30
0.5320 0.0315 0.0674 0 0 0 -30
0.5320 0.0315 0.0674 0 0 0 0
0.5700 0.0316 0.0630 0 0 0 -30
0.5520 0.0321 0.0597 0 0 0 0
0.5620 0.0321 0.0576 0 0 0 -30
0.5660 0.0312 0.0567 0 0 0 -30
0.5760 0.0308 0.0519 0 0 0 -30
0.5560 0.0306 0.0513 0 0 0 0
0.5400 0.0317 0.0485 0 0 0 -30
0.5620 0.0317 0.0487 0 0 0 -30
0.5500 0.0312 0.0484 0 0 0 -30
0.5600 0.0310 0.0480 0 0 0 -30
0.5600 0.0309 0.0445 0 0 0 0
0.5460 0.0299 0.0381 0 0 0 -30
0.5540 0.0304 0.0400 0 0 0 -30
0.5480 0.0310 0.0403 0 0 0 -30
0.5580 0.0317 0.0404 0 0 0 0
0.5480 0.0315 0.0397 0 0 0 -30
0.5320 0.0312 0.0393 0 0 0 -30
0.5520 0.0311 0.0396 0 0 0 0
0.5480 0.0308 0.0449 0 0 0 -30
0.5600 0.0308 0.0458 0 0 0 -30
0.5420 0.0309 0.0463 0 0 0 -30
0.5340 0.0314 0.0473 0 0 0 -30
0.5480 0.0318 0.0471 0 0 0 -30
0.5400 0.0317 0.0462 0 0 0 -30
0.5400 0.0317 0.0462 0 0 0 -30
0.5400 0.0317 0.0462 0 0 0 -30
0.5400 0.0317 0.0462 0 0 0 -30
0.5500 0.0315 0.0464 0 0 0 0
0.5560 0.0314 0.0471 0 0 0 -30
0.5500 0.0319 0.0466 0 0 0 -30
0.5420 0.0324 0.0482 0 0 0 -30
0.5640 0.0327 0.0464 0 0 0 -30
0.5640 0.0327 0.0464 0 0 0 -30
0.5640 0.0327 0.0464 0 0 0 -30
0.5640 0.0326 0.0464 0 0 0 -30
0.5480 0.0326 0.0464 0 0 0 -30
0.5480 0.0326 0.0464 0 0 0 0
0.5540 0.0329 0.0418 0 0 0 -30
0.5740 0.0328 0.0410 0 0 0 -30
0.5500 0.0327 0.0401 0 0 0 -30
0.5580 0.0326 0.0401 0 0 0 -30
0.5540 0.0323 0.0406 0 0 0 -30
0.5420 0.0324 0.0399 0 0 0 -30
0.5420 0.0324 0.0399 0 0 0 0
0.5360 0.0339 0.0370 0 0 0 -30
0.5500 0.0342 0.0360 0 0 0 -30
0.5580 0.0343 0.0348 0 0 0 -30
0.5500 0.0341 0.0343 0 0 0 -30
0.5500 0.0341 0.0343 0 0 0 -30
0.5680 0.0338 0.0343 0 0 0 -30
0.5680 0.0338 0.0343 0 0 0 -30
0.5680 0.0338 0.0343 0 0 0 -30
0.5640 0.0337 0.0337 0 0 0 -30
0.5640 0.0337 0.0337 0 0 0 0
0.5640 0.0324 0.0321 0 0 0 -30
0.5700 0.0322 0.0266 0 0 0 -30
0.5600 0.0322 0.0266 0 0 0 -30
0.5480 0.0321 0.0287 0 0 0 -30
0.5520 0.0322 0.0271 0 0 0 -30
0.5600 0.0323 0.0265 0 0 0 -30
0.5500 0.0322 0.0254 0 0 0 0
0.5480 0.0319 0.0261 0 0 0 -30
0.5500 0.0317 0.0250 0 0 0 -30
0.5500 0.0317 0.0236 0 0 0 -30
0.5500 0.0318 0.0216 0 0 0 -30
0.5700 0.0315 0.0247 0 0 0 -30
0.5520 0.0311 0.0246 0 0 0 -30
0.5520 0.0311 0.0246 0 0 0 -30
0.5580 0.0310 0.0273 0 0 0 0
0.5580 0.0311 0.0279 0 0 0 -30
0.5700 0.0315 0.0263 0 0 0 -30
0.5540 0.0316 0.0254 0 0 0 -30
0.5640 0.0318 0.0248 0 0 0 0
0.5680 0.0329 0.0206 0 0 0 -30
0.5520 0.0340 0.0195 0 0 0 0
0.5460 0.0333 0.0086 0 0 0 -30
0.5560 0.0330 0.0078 0 0 0 -30
0.5460 0.0327 0.0052 0 0 0 -30
0.5680 0.0330 0.0047 0 0 0 -30
0.5660 0.0332 0.0068 0 0 0 -30
0.5660 0.0332 0.0068 0 0 0 -30
0.5440 0.0326 0.0044 0 0 0 0
