0.5780 0.0213 0.0722 0 0 0 30
0.5780 0.0213 0.0722 0 0 0 30
0.5880 0.0216 0.0723 0 0 0 30
0.5720 0.0224 0.0766 0 0 0 30
0.5820 0.0225 0.0822 0 0 0 30
0.5820 0.0225 0.0822 0 0 0 30
0.5880 0.0225 0.0844 0 0 0 30
0.5880 0.0225 0.0844 0 0 0 30
0.5880 0.0225 0.0844 0 0 0 0
0.5780 0.0238 0.0909 0 0 0 -30
0.5880 0.0235 0.0892 0 0 0 -30
0.5780 0.0227 0.0863 0 0 0 -30
0.5920 0.0225 0.0871 0 0 0 -30
0.5680 0.0224 0.0861 0 0 0 -30
0.5680 0.0224 0.0861 0 0 0 -30
0.5680 0.0220 0.0892 0 0 0 -30
0.5680 0.0216 0.0886 0 0 0 -30
0.5720 0.0215 0.0923 0 0 0 0
0.5920 0.0211 0.0864 0 0 0 -30
0.5800 0.0212 0.0887 0 0 0 -30
0.5780 0.0216 0.0882 0 0 0 -30
0.5920 0.0231 0.0899 0 0 0 -30
0.5940 0.0236 0.0896 0 0 0 0
0.5860 0.0205 0.0775 0 0 0 -30
0.6040 0.0205 0.0775 0 0 0 -30
0.5800 0.0198 0.0721 0 0 0 -30
0.5940 0.0195 0.0708 0 0 0 -30
0.5920 0.0196 0.0696 0 0 0 0
0.5840 0.0216 0.0653 0 0 0 -30
0.5840 0.0216 0.0653 0 0 0 -30
0.5940 0.0218 0.0661 0 0 0 -30
0.5940 0.0218 0.0661 0 0 0 -30
0.5920 0.0220 0.0642 0 0 0 -30
0.6020 0.0214 0.0617 0 0 0 -30
0.5860 0.0208 0.0599 0 0 0 0
0.5940 0.0200 0.0542 0 0 0 -30
0.6100 0.0200 0.0542 0 0 0 -30
0.6020 0.0203 0.0533 0 0 0 -30
0.5940 0.0205 0.0472 0 0 0 -30
0.6060 0.0204 0.0474 0 0 0 -30
0.6060 0.0204 0.0474 0 0 0 -30
0.6060 0.0204 0.0474 0 0 0 -30
0.6060 0.0204 0.0474 0 0 0 0
0.6200 0.0198 0.0457 0 0 0 -30
0.6200 0.0202 0.0445 0 0 0 -30
0.6140 0.0202 0.0445 0 0 0 -30
0.6040 0.0210 0.0417 0 0 0 -30
0.6200 0.0195 0.0349 0 0 0 0
0.6060 0.0183 0.0341 0 0 0 -30
0.6120 0.0186 0.0330 0 0 0 -30
0.6120 0.0186 0.0330 0 0 0 -30
0.6200 0.0192 0.0325 0 0 0 -30
0.6040 0.0195 0.0286 0 0 0 -30
0.6160 0.0193 0.0276 0 0 0 0
0.6100 0.0189 0.0156 0 0 0 -30
0.6160 0.0189 0.0156 0 0 0 -30
0.6100 0.0192 0.0150 0 0 0 0
0.6060 0.0191 0.0009 0 0 0 -30
0.5960 0.0191 0.0009 0 0 0 -30
0.5920 0.0196 0.0025 0 0 0 -30
0.5920 0.0199 0.0024 0 0 0 0
0.6060 0.0204 0.0047 0 0 0 -30
0.6080 0.0198 0.0048 0 0 0 -30
0.6100 0.0190 0.0037 0 0 0 -30
0.6100 0.0190 0.0037 0 0 0 -30
0.6100 0.0189 0.0002 0 0 0 -30
0.6100 0.0189 0.0002 0 0 0 0
0.5960 0.0202 0.0022 0 0 -30 0
0.5840 0.0206 0.0022 0 0 -30 0
0.6000 0.0206 0.0022 0 0 -30 0
0.6300 0.0210 0.0031 0 0 -30 0
0.6300 0.0210 0.0031 0 0 -30 0
0.6040 0.0208 0.0054 0 0 -30 0
0.5940 0.0205 0.0057 0 0 -30 0
0.6060 0.0202 0.0063 0 0 -30 0
0.6060 0.0201 0.0062 0 0 0 0
0.5960 0.0198 0.0071 0 0 -30 0
0.6080 0.0197 0.0067 0 0 -30 0
0.6080 0.0198 0.0075 0 0 -30 0
0.6100 0.0202 0.0070 0 0 -30 0
0.6140 0.0202 0.0070 0 0 -30 0
0.6140 0.0204 0.0064 0 0 0 0
0.6140 0.0194 0.0058 0 0 -30 0
0.6040 0.0186 0.0053 0 0 -30 0
0.6100 0.0181 0.0052 0 0 -30 0
0.5860 0.0179 0.0040 0 0 0 0
0.5820 0.0174 0.0064 0 0 -30 0
0.5820 0.0175 0.0051 0 0 -30 0
0.5980 0.0175 0.0051 0 0 -30 0
0.5840 0.0176 0.0050 0 0 0 0
0.5980 0.0165 0.0040 0 0 -30 0
0.5960 0.0165 0.0040 0 0 -30 0
0.5940 0.0160 0.0043 0 0 -30 0
0.6080 0.0157 0.0053 0 0 -30 0
0.5800 0.0155 0.0059 0 0 -30 0
0.5680 0.0150 0.0058 0 0 0 0
0.5860 0.0150 0.0064 0 0 0 0
0.5880 0.0133 0.0083 0 0 -30 0
0.6060 0.0132 0.0067 0 0 -30 0
0.5740 0.0131 0.0092 0 0 0 0
0.6040 0.0126 0.0096 0 0 -30 0
0.5820 0.0127 0.0097 0 0 -30 0
0.5920 0.0127 0.0097 0 0 -30 0
0.5920 0.0126 0.0101 0 0 -30 0
0.5920 0.0129 0.0101 0 0 -30 0
0.5920 0.0129 0.0101 0 0 0 0
0.5900 0.0129 0.0005 0 0 -30 0
0.5900 0.0129 0.0005 0 0 -30 0
0.5900 0.0124 -0.0001 0 0 0 0
0.5780 0.0090 0.0041 0 0 -30 0
0.5740 0.0087 0.0040 0 0 -30 0
0.6040 0.0081 0.0078 0 0 -30 0
0.6060 0.0079 0.0085 0 0 -30 0
0.6060 0.0079 0.0085 0 0 -30 0
0.5800 0.0079 0.0109 0 0 0 0
0.6160 0.0093 0.0097 0 0 -30 0
0.5940 0.0092 0.0084 0 0 0 0
0.5900 0.0068 0.0127 0 0 -30 0
0.5840 0.0074 0.0116 0 0 -30 0
0.5840 0.0074 0.0116 0 0 -30 0
0.5840 0.0079 0.0110 0 0 0 0
0.5780 0.0080 0.0195 0 30 0 0
0.5800 0.0080 0.0195 0 30 0 0
0.5780 0.0078 0.0177 0 30 0 0
0.5920 0.0070 0.0170 0 30 0 0
0.5920 0.0060 0.0132 0 30 0 0
0.5820 0.0060 0.0132 0 30 0 0
0.5920 0.0069 0.0100 0 30 0 0
0.5920 0.0069 0.0100 0 30 0 0
0.5740 0.0081 0.0064 0 30 0 0
0.5740 0.0081 0.0064 0 30 0 0
0.5720 0.0087 0.0075 0 30 0 0
0.5820 0.0087 0.0053 0 30 0 0
0.5820 0.0087 0.0053 0 30 0 0
0.5820 0.0087 0.0053 0 30 0 0
0.5820 0.0087 0.0053 0 30 0 0
0.5820 0.0087 0.0053 0 30 0 0
0.5900 0.0079 0.0068 0 30 0 0
0.5900 0.0079 0.0068 0 30 0 0
0.5900 0.0079 0.0068 0 30 0 0
0.5900 0.0079 0.0068 0 30 0 0
0.5900 0.0079 0.0068 0 30 0 0
0.5920 0.0070 0.0071 0 30 0 0
0.5920 0.0070 0.0071 0 30 0 0
0.5840 0.0065 0.0082 0 30 0 0
0.5840 0.0065 0.0082 0 30 0 0
0.5840 0.0065 0.0082 0 30 0 0
0.5840 0.0065 0.0082 0 30 0 0
0.5840 0.0065 0.0082 0 30 0 0
0.5840 0.0062 0.0099 0 30 0 0
0.5840 0.0062 0.0099 0 30 0 0
0.5840 0.0062 0.0099 0 30 0 0
0.5840 0.0062 0.0099 0 30 0 0
0.5840 0.0062 0.0099 0 30 0 0
0.5900 0.0064 0.0112 0 30 0 0
0.5900 0.0064 0.0112 0 30 0 0
0.5900 0.0064 0.0112 0 30 0 0
0.5900 0.0063 0.0120 0 30 0 0
0.5920 0.0063 0.0120 0 30 0 0
0.5920 0.0063 0.0120 0 30 0 0
0.5920 0.0063 0.0120 0 30 0 0
0.5920 0.0063 0.0120 0 30 0 0
0.5920 0.0063 0.0120 0 30 0 0
0.6000 0.0063 0.0126 0 30 0 0
0.6000 0.0063 0.0126 0 30 0 0
0.6000 0.0063 0.0126 0 30 0 0
0.6000 0.0063 0.0126 0 30 0 0
0.6000 0.0063 0.0126 0 30 0 0
0.5940 0.0062 0.0133 0 30 0 0
0.5940 0.0062 0.0133 0 30 0 0
0.5880 0.0064 0.0137 0 30 0 0
0.5880 0.0064 0.0137 0 30 0 0
0.5880 0.0064 0.0137 0 30 0 0
0.5880 0.0064 0.0137 0 30 0 0
0.5880 0.0064 0.0137 0 30 0 0
0.5880 0.0064 0.0137 0 30 0 0
0.6000 0.0064 0.0141 0 30 0 0
0.6000 0.0064 0.0141 0 30 0 0
0.6000 0.0064 0.0141 0 30 0 0
0.6000 0.0064 0.0141 0 30 0 0
0.6000 0.0064 0.0141 0 30 0 0
0.6000 0.0065 0.0174 0 30 0 0
0.5860 0.0065 0.0174 0 30 0 0
0.5860 0.0065 0.0174 0 30 0 0
0.6040 0.0066 0.0179 0 30 0 0
0.6040 0.0066 0.0179 0 30 0 0
0.6040 0.0066 0.0179 0 30 0 0
0.6040 0.0066 0.0179 0 30 0 0
0.6040 0.0066 0.0179 0 30 0 0
0.6060 0.0065 0.0213 0 30 0 0
0.6060 0.0065 0.0213 0 30 0 0
0.6060 0.0065 0.0213 0 30 0 0
0.6060 0.0065 0.0213 0 30 0 0
0.5920 0.0064 0.0220 0 30 0 0
0.5920 0.0064 0.0220 0 30 0 0
0.5920 0.0064 0.0220 0 30 0 0
0.6060 0.0063 0.0234 0 30 0 0
0.6060 0.0063 0.0234 0 30 0 0
0.6060 0.0063 0.0234 0 30 0 0
0.6060 0.0063 0.0234 0 30 0 0
0.6060 0.0063 0.0234 0 30 0 0
0.6060 0.0061 0.0237 0 30 0 0
0.5960 0.0061 0.0237 0 30 0 0
0.5960 0.0061 0.0237 0 0 0 0
0.5940 0.0061 0.0192 0 30 0 0
0.5960 0.0061 0.0192 0 30 0 0
0.5920 0.0062 0.0202 0 30 0 0
0.6040 0.0058 0.0211 0 30 0 0
0.6040 0.0060 0.0239 0 30 0 0
0.6040 0.0063 0.0219 0 30 0 0
0.5920 0.0063 0.0219 0 30 0 0
0.6220 0.0073 0.0172 0 30 0 0
0.6240 0.0074 0.0165 0 30 0 0
0.6240 0.0074 0.0165 0 30 0 0
0.6240 0.0074 0.0165 0 30 0 0
0.6240 0.0074 0.0165 0 30 0 0
0.6240 0.0071 0.0157 0 30 0 0
0.6240 0.0071 0.0157 0 30 0 0
0.6240 0.0071 0.0157 0 30 0 0
0.6240 0.0071 0.0157 0 30 0 0
0.6240 0.0071 0.0157 0 30 0 0
0.6360 0.0063 0.0095 0 30 0 0
0.6360 0.0063 0.0095 0 30 0 0
0.6360 0.0063 0.0095 0 30 0 0
0.6320 0.0059 0.0092 0 30 0 0
0.6320 0.0059 0.0092 0 30 0 0
0.6320 0.0059 0.0092 0 30 0 0
0.6320 0.0059 0.0092 0 30 0 0
0.6320 0.0059 0.0092 0 30 0 0
0.6320 0.0056 0.0095 0 30 0 0
0.6360 0.0056 0.0095 0 30 0 0
0.6360 0.0056 0.0095 0 30 0 0
0.6360 0.0056 0.0095 0 30 0 0
0.6240 0.0058 0.0101 0 30 0 0
0.6240 0.0058 0.0101 0 30 0 0
0.6240 0.0058 0.0101 0 30 0 0
0.6240 0.0058 0.0101 0 30 0 0
0.6240 0.0057 0.0093 0 30 0 0
0.6240 0.0057 0.0093 0 30 0 0
0.6240 0.0057 0.0093 0 0 0 0
0.6140 0.0064 0.0104 0 30 0 0
0.6140 0.0061 0.0107 0 30 0 0
0.6100 0.0061 0.0107 0 30 0 0
0.6160 0.0067 0.0099 0 30 0 0
0.6140 0.0067 0.0099 0 30 0 0
0.6140 0.0073 0.0103 0 30 0 0
0.6140 0.0073 0.0103 0 30 0 0
0.6160 0.0078 0.0090 0 30 0 0
0.6160 0.0078 0.0090 0 30 0 0
0.6160 0.0078 0.0090 0 30 0 0
0.6020 0.0079 0.0074 0 30 0 0
0.6020 0.0079 0.0074 0 30 0 0
0.6020 0.0079 0.0074 0 30 0 0
0.5960 0.0080 0.0064 0 30 0 0
0.5960 0.0080 0.0064 0 30 0 0
0.5960 0.0080 0.0064 0 30 0 0
0.5960 0.0080 0.0064 0 30 0 0
0.5900 0.0080 0.0077 0 30 0 0
0.5900 0.0080 0.0077 0 30 0 0
0.5900 0.0080 0.0077 0 30 0 0
0.5900 0.0080 0.0077 0 30 0 0
0.5900 0.0080 0.0077 0 30 0 0
0.5900 0.0077 0.0088 0 30 0 0
0.5880 0.0077 0.0088 0 30 0 0
0.5880 0.0077 0.0088 0 30 0 0
0.5880 0.0077 0.0088 0 30 0 0
0.5880 0.0072 0.0091 0 30 0 0
0.5880 0.0072 0.0091 0 30 0 0
0.5880 0.0072 0.0091 0 30 0 0
0.5880 0.0072 0.0091 0 30 0 0
0.5880 0.0072 0.0091 0 30 0 0
0.5780 0.0066 0.0068 0 30 0 0
0.5780 0.0066 0.0068 0 30 0 0
0.5780 0.0066 0.0068 0 30 0 0
0.5780 0.0066 0.0068 0 30 0 0
0.5780 0.0066 0.0068 0 30 0 0
0.6020 0.0064 0.0069 0 30 0 0
0.6020 0.0064 0.0069 0 30 0 0
0.6020 0.0064 0.0069 0 30 0 0
0.6020 0.0064 0.0069 0 30 0 0
0.5960 0.0065 0.0096 0 30 0 0
0.5960 0.0065 0.0096 0 30 0 0
0.5960 0.0065 0.0096 0 30 0 0
0.5960 0.0065 0.0096 0 30 0 0
0.5960 0.0065 0.0096 0 30 0 0
0.5960 0.0065 0.0096 0 0 0 0
0.5920 0.0059 0.0085 0 0 30 0
0.5920 0.0057 0.0069 0 0 30 0
0.5960 0.0057 0.0069 0 0 30 0
0.5900 0.0061 0.0072 0 0 30 0
0.6060 0.0062 0.0072 0 0 30 0
0.6100 0.0054 0.0094 0 0 30 0
0.5960 0.0053 0.0111 0 0 30 0
0.5880 0.0051 0.0102 0 0 30 0
0.6100 0.0050 0.0120 0 0 30 0
0.6040 0.0053 0.0123 0 0 30 0
0.6040 0.0053 0.0123 0 0 30 0
0.6040 0.0053 0.0123 0 0 30 0
0.6040 0.0057 0.0101 0 0 0 0
0.6000 0.0059 0.0105 0 0 30 0
0.6100 0.0059 0.0075 0 0 30 0
0.5900 0.0057 0.0060 0 0 30 0
0.5820 0.0054 0.0037 0 0 30 0
0.5840 0.0051 0.0078 0 0 30 0
0.5840 0.0051 0.0078 0 0 30 0
0.5840 0.0051 0.0078 0 0 30 0
0.5840 0.0051 0.0078 0 0 30 0
0.5880 0.0053 0.0124 0 0 30 0
0.5880 0.0053 0.0124 0 0 30 0
0.5880 0.0053 0.0124 0 0 30 0
0.5880 0.0053 0.0124 0 0 0 0
0.5920 0.0080 0.0118 0 0 30 0
0.6000 0.0093 0.0137 0 0 30 0
0.6040 0.0103 0.0134 0 0 30 0
0.6080 0.0111 0.0095 0 0 30 0
0.5960 0.0121 0.0108 0 0 30 0
0.6080 0.0126 0.0096 0 0 30 0
0.6080 0.0126 0.0096 0 0 30 0
0.6080 0.0126 0.0096 0 0 0 0
0.5880 0.0105 0.0021 0 0 30 0
0.5880 0.0094 -0.0007 0 0 30 0
0.6000 0.0089 -0.0000 0 0 30 0
0.5600 0.0090 -0.0001 0 0 30 0
0.5820 0.0094 -0.0007 0 0 30 0
0.5820 0.0094 -0.0007 0 0 30 0
0.5820 0.0094 -0.0007 0 0 30 0
0.5820 0.0094 -0.0007 0 0 30 0
0.5860 0.0095 0.0013 0 0 30 0
0.5860 0.0095 0.0013 0 0 30 0
0.5860 0.0095 0.0013 0 0 30 0
0.6040 0.0099 0.0013 0 0 0 0
0.5920 0.0107 0.0031 0 0 30 0
0.5840 0.0107 0.0031 0 0 30 0
0.5860 0.0112 0.0051 0 0 30 0
0.6000 0.0114 0.0037 0 0 30 0
0.5980 0.0118 0.0080 0 0 30 0
0.5880 0.0125 0.0078 0 0 30 0
0.5880 0.0125 0.0078 0 0 30 0
0.5880 0.0125 0.0078 0 0 30 0
0.5880 0.0125 0.0078 0 0 30 0
0.5880 0.0125 0.0078 0 0 30 0
0.5860 0.0129 0.0078 0 0 0 0
0.5960 0.0137 0.0126 0 0 30 0
0.5940 0.0139 0.0138 0 0 30 0
0.5920 0.0139 0.0117 0 0 30 0
0.5920 0.0142 0.0132 0 0 30 0
0.6060 0.0142 0.0132 0 0 30 0
0.6200 0.0146 0.0147 0 0 30 0
0.6020 0.0148 0.0155 0 0 0 0
0.5860 0.0164 0.0177 0 0 30 0
0.6060 0.0167 0.0177 0 0 30 0
0.6240 0.0170 0.0164 0 0 30 0
0.6080 0.0183 0.0152 0 0 30 0
0.6080 0.0182 0.0153 0 0 30 0
0.6080 0.0182 0.0153 0 0 30 0
0.6080 0.0182 0.0153 0 0 30 0
0.6080 0.0182 0.0153 0 0 30 0
0.6080 0.0182 0.0153 0 0 0 0
0.6020 0.0245 0.0185 0 0 0 -30
0.5960 0.0244 0.0191 0 0 0 -30
0.6020 0.0237 0.0179 0 0 0 -30
0.5920 0.0237 0.0184 0 0 0 -30
0.5880 0.0236 0.0179 0 0 0 -30
0.5880 0.0230 0.0172 0 0 0 -30
0.5980 0.0230 0.0172 0 0 0 -30
0.5980 0.0230 0.0172 0 0 0 -30
0.5840 0.0227 0.0165 0 0 0 -30
0.5960 0.0223 0.0173 0 0 0 0
0.5860 0.0222 0.0157 0 0 0 -30
0.6000 0.0223 0.0158 0 0 0 -30
0.6120 0.0224 0.0160 0 0 0 -30
0.6140 0.0226 0.0152 0 0 0 -30
0.6060 0.0225 0.0143 0 0 0 -30
0.6060 0.0225 0.0143 0 0 0 -30
0.6060 0.0225 0.0143 0 0 0 -30
0.6060 0.0225 0.0143 0 0 0 -30
0.6060 0.0225 0.0143 0 0 0 -30
0.6060 0.0226 0.0140 0 0 0 0
0.6180 0.0226 0.0140 0 0 0 -30
0.6140 0.0227 0.0136 0 0 0 -30
0.6200 0.0225 0.0133 0 0 0 -30
0.6040 0.0223 0.0104 0 0 0 -30
0.5960 0.0224 0.0088 0 0 0 -30
0.5960 0.0223 0.0081 0 0 0 -30
0.6040 0.0223 0.0081 0 0 0 -30
0.6040 0.0223 0.0081 0 0 0 -30
0.6040 0.0223 0.0081 0 0 0 -30
0.6040 0.0223 0.0081 0 0 0 -30
0.6000 0.0223 0.0079 0 0 0 0
0.6100 0.0225 -0.0088 0 0 0 -30
0.5960 0.0225 -0.0088 0 0 0 -30
0.5800 0.0235 -0.0063 0 0 0 -30
0.5840 0.0234 -0.0053 0 0 0 -30
0.5940 0.0231 -0.0045 0 0 0 -30
0.5880 0.0221 -0.0046 0 0 0 0
0.5940 0.0236 -0.0175 0 0 -30 0
0.6060 0.0236 -0.0175 0 0 -30 0
0.5920 0.0236 -0.0184 0 0 -30 0
0.5740 0.0233 -0.0191 0 0 -30 0
0.5760 0.0232 -0.0185 0 0 -30 0
0.5760 0.0229 -0.0192 0 0 -30 0
0.6060 0.0229 -0.0192 0 0 -30 0
0.5860 0.0231 -0.0178 0 0 -30 0
0.5860 0.0231 -0.0178 0 0 0 0
0.5920 0.0232 -0.0164 0 0 -30 0
0.5920 0.0232 -0.0164 0 0 -30 0
0.6000 0.0233 -0.0147 0 0 -30 0
0.6000 0.0230 -0.0138 0 0 -30 0
0.5980 0.0227 -0.0137 0 0 -30 0
0.5980 0.0227 -0.0137 0 0 -30 0
0.5960 0.0223 -0.0145 0 0 -30 0
0.5960 0.0214 -0.0149 0 0 -30 0
0.6100 0.0214 -0.0149 0 0 -30 0
0.5860 0.0212 -0.0148 0 0 0 0
0.5800 0.0201 -0.0148 0 0 -30 0
0.5800 0.0201 -0.0149 0 0 -30 0
0.6020 0.0201 -0.0149 0 0 -30 0
0.5920 0.0200 -0.0168 0 0 -30 0
0.5980 0.0196 -0.0170 0 0 -30 0
0.5860 0.0194 -0.0165 0 0 -30 0
0.5860 0.0194 -0.0165 0 0 0 0
0.5740 0.0167 -0.0123 0 0 -30 0
0.5920 0.0166 -0.0121 0 0 -30 0
0.5800 0.0165 -0.0123 0 0 -30 0
0.6040 0.0159 -0.0127 0 0 0 0
