0.6600 0.0009 0.0006 10 0 0 0
0.6480 0.0007 -0.0023 10 0 0 0
0.6420 0.0016 0.0045 10 0 0 0
0.6580 0.0011 0.0033 10 0 0 0
0.6500 0.0011 0.0033 10 0 0 0
0.6560 0.0008 0.0037 0 0 0 0
0.6460 0.0004 0.0036 10 0 0 0
0.6400 0.0022 0.0015 10 0 0 0
0.6520 0.0000 0.0018 10 0 0 0
0.6700 -0.0002 0.0015 10 0 0 0
0.6700 -0.0002 0.0032 0 0 0 0
0.6380 0.0003 0.0032 10 0 0 0
0.6560 0.0009 0.0054 10 0 0 0
0.6620 0.0007 0.0064 10 0 0 0
0.6620 0.0007 0.0064 0 0 0 0
0.6440 0.0014 0.0050 10 0 0 0
0.6400 0.0024 0.0042 10 0 0 0
0.6500 0.0020 0.0024 10 0 0 0
0.6500 0.0020 0.0024 0 0 0 0
0.6520 0.0029 0.0002 10 0 0 0
0.6740 0.0020 -0.0030 10 0 0 0
0.6640 0.0021 -0.0045 10 0 0 0
0.6500 0.0019 -0.0045 10 0 0 0
0.6680 0.0018 -0.0024 0 0 0 0
0.6680 0.0018 -0.0024 10 0 0 0
0.6620 0.0027 -0.0010 10 0 0 0
0.6540 0.0027 -0.0007 10 0 0 0
0.6540 0.0027 -0.0007 0 0 0 0
0.6520 0.0022 0.0011 10 0 0 0
0.6640 0.0026 -0.0001 10 0 0 0
0.6640 0.0026 -0.0001 10 0 0 0
0.6560 0.0025 -0.0002 10 0 0 0
0.6480 0.0024 0.0020 10 0 0 0
0.6660 0.0023 0.0023 0 0 0 0
0.6860 0.0026 0.0022 10 0 0 0
0.6680 0.0031 0.0061 10 0 0 0
0.6660 0.0021 0.0070 10 0 0 0
0.6640 0.0019 0.0081 10 0 0 0
0.6840 0.0019 0.0078 0 0 0 0
