0.6820 2.2348 0.1122 0 0 0 -10
0.6880 2.2349 0.1185 0 0 0 -10
0.6600 2.2355 0.1209 0 0 0 0
0.6820 2.2372 0.1229 0 0 0 -10
0.6980 2.2358 0.1183 0 0 0 -10
0.6820 2.2364 0.1154 0 0 0 0
0.6820 2.2364 0.1149 0 0 0 -10
0.6860 2.2361 0.1153 0 0 0 -10
0.6880 2.2368 0.1159 0 0 0 -10
0.6880 2.2368 0.1159 0 0 0 0
0.6720 2.2367 0.1096 0 0 0 -10
0.6600 2.2367 0.1013 0 0 0 -10
0.6560 2.2370 0.1024 0 0 0 0
0.6560 2.2367 0.1029 0 0 0 -10
0.6660 2.2365 0.1059 0 0 0 -10
0.6760 2.2365 0.1019 0 0 0 0
0.6660 2.2357 0.1058 0 0 0 -10
0.6720 2.2351 0.1073 0 0 0 -10
0.6580 2.2354 0.1059 0 0 0 0
0.6660 2.2361 0.1041 0 0 0 -10
0.6780 2.2359 0.0996 0 0 0 -10
0.6880 2.2356 0.0938 0 0 0 0
0.6680 2.2357 0.0918 0 0 0 -10
0.6640 2.2354 0.0867 0 0 0 -10
0.6580 2.2350 0.0839 0 0 0 0
0.6780 2.2352 0.0847 0 0 0 -10
0.7100 2.2354 0.0880 0 0 0 -10
0.6840 2.2361 0.0859 0 0 0 0
0.6780 2.2363 0.0876 0 0 0 -10
0.6780 2.2348 0.0837 0 0 0 -10
0.6900 2.2350 0.0831 0 0 0 0
0.7120 2.2356 0.0836 0 0 0 -10
0.6840 2.2363 0.0833 0 0 0 0
0.7000 2.2377 0.0833 0 0 0 0
0.7140 2.2367 0.0793 0 0 0 -10
0.7040 2.2363 0.0777 0 0 0 0
0.6840 2.2359 0.0913 0 0 0 -10
0.6900 2.2351 0.0890 0 0 0 0
0.6980 2.2362 0.0771 0 0 0 -10
0.6940 2.2361 0.0799 0 0 0 0
0.6920 2.2367 0.0847 0 0 0 -10
0.6920 2.2383 0.0818 0 0 0 0
0.6900 2.2368 0.0811 0 0 0 -10
0.6940 2.2353 0.0837 0 0 0 0
0.6980 2.2375 0.0746 0 0 0 -10
0.7120 2.2367 0.0771 0 0 0 0
0.6980 2.2358 0.0744 0 0 0 -10
0.7140 2.2352 0.0721 0 0 0 0
0.7060 2.2348 0.0600 0 0 0 -10
0.7040 2.2359 0.0668 0 0 0 0
0.7120 2.2366 0.0690 0 0 0 -10
0.7120 2.2373 0.0652 0 0 0 0
0.7040 2.2363 0.0629 0 0 0 -10
0.7100 2.2354 0.0513 0 0 0 0
0.7240 2.2342 0.0497 0 0 0 -10
0.7180 2.2352 0.0489 0 0 0 0
0.7000 2.2351 0.0593 0 0 0 -10
0.6920 2.2356 0.0541 0 0 0 0
0.7160 2.2356 0.0589 0 0 0 -10
0.6880 2.2359 0.0491 0 0 0 -10
0.6920 2.2358 0.0477 0 0 0 0
0.7240 2.2354 0.0441 0 0 0 -10
0.7160 2.2360 0.0414 0 0 0 0
0.7120 2.2346 0.0399 0 0 0 -10
0.7240 2.2365 0.0370 0 0 0 -10
0.7080 2.2361 0.0361 0 0 0 0
0.7140 2.2363 0.0323 0 0 0 -10
0.7180 2.2346 0.0292 0 0 0 0
0.7220 2.2370 0.0274 0 0 0 -10
0.7100 2.2370 0.0276 0 0 0 0
0.7360 2.2369 0.0204 0 0 0 -10
0.7340 2.2351 0.0199 0 0 0 0
0.7120 2.2342 0.0109 0 0 0 -10
0.6820 2.2361 0.0159 0 0 0 0
0.7080 2.2347 0.0057 0 0 0 -10
0.7080 2.2361 0.0103 0 0 0 0
0.7040 2.2351 0.0076 0 0 0 -10
0.7040 2.2356 0.0053 0 0 0 0
0.6820 2.2346 -0.0441 0 0 0 0
0.7160 2.2366 -0.0400 0 0 0 10
0.6920 2.2353 -0.0397 0 0 0 10
0.7020 2.2356 -0.0425 0 0 0 0
0.6620 2.2355 -0.0318 0 0 0 0
0.6600 2.2372 -0.0432 0 0 0 10
0.6700 2.2359 -0.0427 0 0 0 0
0.6800 2.2363 -0.0369 0 0 0 0
0.7020 2.2362 -0.0325 0 0 0 10
0.7040 2.2368 -0.0263 0 0 0 0
0.7040 2.2356 -0.0203 0 0 0 10
0.6900 2.2372 -0.0277 0 0 0 0
0.7040 2.2363 -0.0284 0 0 0 10
0.7020 2.2354 -0.0273 0 0 0 0
0.6980 2.2347 -0.0178 0 0 0 10
0.6880 2.2342 -0.0182 0 0 0 0
0.6980 2.2344 -0.0177 0 0 0 10
0.7020 2.2350 -0.0150 0 0 0 0
0.7060 2.2352 -0.0113 0 0 0 10
0.6880 2.2364 -0.0134 0 0 0 0
0.7000 2.2358 -0.0033 0 0 0 10
0.6920 2.2371 0.0031 0 0 0 0
0.7040 2.2371 0.0045 0 0 0 10
0.7000 2.2364 0.0022 0 0 0 0
