0.6840 2.2362 0.0677 0 0 0 -10
0.6880 2.2359 0.0783 0 0 0 0
0.6840 2.2348 0.0714 0 0 0 -10
0.6700 2.2354 0.0723 0 0 0 -10
0.6720 2.2358 0.0712 0 0 0 -10
0.6860 2.2361 0.0713 0 0 0 0
0.6860 2.2358 0.0699 0 0 0 -10
0.7080 2.2349 0.0609 0 0 0 -10
0.7080 2.2349 0.0609 0 0 0 0
0.6780 2.2341 0.0594 0 0 0 -10
0.6960 2.2366 0.0635 0 0 0 -10
0.6960 2.2366 0.0635 0 0 0 0
0.6920 2.2355 0.0652 0 0 0 -10
0.6920 2.2358 0.0604 0 0 0 0
0.6800 2.2358 0.0496 0 0 0 -10
0.6580 2.2372 0.0479 0 0 0 0
0.6760 2.2355 0.0496 0 0 0 -10
0.6960 2.2363 0.0474 0 0 0 -10
0.6760 2.2366 0.0462 0 0 0 0
0.6800 2.2366 0.0467 0 0 0 -10
0.6820 2.2356 0.0437 0 0 0 -10
0.6820 2.2356 0.0439 0 0 0 -10
0.6820 2.2356 0.0439 0 0 0 0
0.7060 2.2345 0.0485 0 0 0 -10
0.6920 2.2356 0.0442 0 0 0 0
0.6900 2.2338 0.0414 0 0 0 -10
0.6980 2.2345 0.0399 0 0 0 0
0.7200 2.2346 0.0375 0 0 0 -10
0.6940 2.2343 0.0313 0 0 0 -10
0.7060 2.2348 0.0313 0 0 0 0
0.6740 2.2350 0.0302 0 0 0 -10
0.7100 2.2352 0.0248 0 0 0 -10
0.7100 2.2352 0.0248 0 0 0 -10
0.7020 2.2352 0.0186 0 0 0 0
0.6760 2.2343 0.0220 0 0 0 -10
0.7120 2.2361 0.0221 0 0 0 -10
0.6920 2.2363 0.0220 0 0 0 0
0.6880 2.2354 0.0150 0 0 0 -10
0.6740 2.2352 0.0071 0 0 0 -10
0.6840 2.2340 0.0095 0 0 0 0
0.7000 2.2358 0.0080 0 0 0 0
0.6920 2.2365 0.0114 0 0 0 -10
0.6920 2.2366 0.0086 0 0 0 0
0.6860 2.2367 0.0187 0 0 0 0
0.6940 2.2362 0.0144 0 0 0 -10
0.6960 2.2371 0.0118 0 0 0 0
0.6880 2.2363 0.0052 0 0 0 -10
0.7180 2.2367 0.0045 0 0 0 0
