0.6240 2.2350 0.1253 0 0 0 -10
0.6320 2.2340 0.1332 0 0 0 -10
0.6260 2.2331 0.1341 0 0 0 -10
0.6340 2.2323 0.1341 0 0 0 -10
0.6260 2.2315 0.1360 0 0 0 -10
0.6280 2.2317 0.1318 0 0 0 -10
0.6220 2.2328 0.1302 0 0 0 -10
0.6400 2.2331 0.1280 0 0 0 -10
0.6400 2.2331 0.1280 0 0 0 -10
0.6420 2.2328 0.1267 0 0 0 -10
0.6340 2.2322 0.1219 0 0 0 -10
0.6320 2.2320 0.1192 0 0 0 -10
0.6320 2.2320 0.1192 0 0 0 -10
0.6380 2.2318 0.1166 0 0 0 -10
0.6260 2.2319 0.1157 0 0 0 -10
0.6500 2.2320 0.1142 0 0 0 -10
0.6200 2.2319 0.1138 0 0 0 -10
0.6200 2.2319 0.1138 0 0 0 -10
0.6360 2.2326 0.1075 0 0 0 -10
0.6360 2.2328 0.1048 0 0 0 -10
0.6360 2.2328 0.1048 0 0 0 -10
0.6340 2.2325 0.0975 0 0 0 -10
0.6160 2.2317 0.0957 0 0 0 -10
0.6260 2.2311 0.0952 0 0 0 -10
0.6260 2.2311 0.0952 0 0 0 -10
0.6220 2.2297 0.0905 0 0 0 -10
0.6320 2.2294 0.0927 0 0 0 -10
0.6480 2.2294 0.0909 0 0 0 -10
0.6500 2.2297 0.0869 0 0 0 -10
0.6380 2.2301 0.0844 0 0 0 -10
0.6220 2.2302 0.0823 0 0 0 -10
0.6220 2.2302 0.0823 0 0 0 -10
0.6420 2.2302 0.0782 0 0 0 -10
0.6540 2.2303 0.0785 0 0 0 -10
0.6480 2.2307 0.0777 0 0 0 -10
0.6480 2.2307 0.0777 0 0 0 -10
0.6340 2.2329 0.0744 0 0 0 -10
0.6460 2.2330 0.0717 0 0 0 -10
0.6320 2.2327 0.0634 0 0 0 -10
0.6440 2.2322 0.0593 0 0 0 -10
0.6640 2.2315 0.0564 0 0 0 -10
0.6640 2.2315 0.0564 0 0 0 -10
0.6460 2.2302 0.0493 0 0 0 -10
0.6820 2.2300 0.0509 0 0 0 -10
0.6440 2.2302 0.0503 0 0 0 -10
0.6440 2.2302 0.0503 0 0 0 -10
0.6360 2.2336 0.0476 0 0 0 -10
0.6360 2.2336 0.0476 0 0 0 -10
0.6500 2.2346 0.0487 0 0 0 -10
0.6500 2.2339 0.0434 0 0 0 -10
0.6400 2.2331 0.0432 0 0 0 -10
0.6400 2.2331 0.0432 0 0 0 -10
0.6300 2.2323 0.0432 0 0 0 -10
0.6360 2.2326 0.0416 0 0 0 -10
0.6260 2.2331 0.0404 0 0 0 -10
0.6580 2.2346 0.0353 0 0 0 -10
0.6520 2.2345 0.0325 0 0 0 -10
0.6520 2.2345 0.0325 0 0 0 -10
0.6480 2.2346 0.0297 0 0 0 -10
0.6700 2.2342 0.0305 0 0 0 -10
0.6400 2.2340 0.0303 0 0 0 -10
0.6400 2.2340 0.0303 0 0 0 -10
0.6360 2.2345 0.0265 0 0 0 -10
0.6360 2.2345 0.0265 0 0 0 -10
0.6360 2.2347 0.0224 0 0 0 -10
0.6500 2.2345 0.0163 0 0 0 -10
0.6400 2.2339 0.0140 0 0 0 -10
0.6540 2.2337 0.0114 0 0 0 -10
0.6540 2.2337 0.0114 0 0 0 -10
0.6320 2.2343 0.0068 0 0 0 -10
0.6320 2.2343 0.0068 0 0 0 -10
0.6280 2.2345 0.0034 0 0 0 -10
0.6280 2.2346 0.0013 0 0 0 -10
0.6300 2.2347 -0.0018 0 0 0 -10
0.6280 2.2345 -0.0044 0 0 0 -10
0.6280 2.2345 -0.0044 0 0 0 -10
0.6500 2.2338 -0.0062 0 0 0 -10
0.6400 2.2331 -0.0095 0 0 0 -10
0.6420 2.2337 -0.0120 0 0 0 -10
0.6400 2.2350 -0.0161 0 0 0 -10
0.6440 2.2356 -0.0188 0 0 0 -10
0.6440 2.2356 -0.0188 0 0 0 -10
0.6540 2.2354 -0.0221 0 0 0 0
0.6360 2.2356 -0.0563 0 0 0 10
0.6100 2.2350 -0.0728 0 0 0 10
0.6160 2.2348 -0.0762 0 0 0 0
0.6160 2.2347 -0.0764 0 0 0 10
0.6280 2.2347 -0.0788 0 0 0 0
0.6440 2.2351 -0.0806 0 0 0 10
0.6220 2.2346 -0.0820 0 0 0 0
0.6400 2.2345 -0.0795 0 0 0 10
0.6120 2.2336 -0.0785 0 0 0 10
0.6100 2.2332 -0.0769 0 0 0 0
0.6100 2.2333 -0.0744 0 0 0 10
0.6200 2.2338 -0.0730 0 0 0 10
0.6180 2.2340 -0.0716 0 0 0 0
0.6060 2.2340 -0.0699 0 0 0 10
0.6340 2.2340 -0.0721 0 0 0 10
0.6180 2.2328 -0.0662 0 0 0 0
0.6120 2.2322 -0.0639 0 0 0 10
0.6080 2.2333 -0.0577 0 0 0 10
0.6480 2.2336 -0.0532 0 0 0 10
0.6380 2.2333 -0.0503 0 0 0 0
0.6300 2.2331 -0.0526 0 0 0 10
0.6500 2.2334 -0.0471 0 0 0 10
0.6300 2.2336 -0.0464 0 0 0 10
0.6260 2.2340 -0.0452 0 0 0 0
0.6420 2.2338 -0.0446 0 0 0 10
0.6300 2.2316 -0.0389 0 0 0 0
0.6360 2.2340 -0.0385 0 0 0 10
0.6300 2.2336 -0.0346 0 0 0 0
0.6540 2.2322 -0.0297 0 0 0 10
0.6480 2.2345 -0.0278 0 0 0 0
0.6520 2.2327 -0.0190 0 0 0 10
0.6600 2.2328 -0.0185 0 0 0 0
0.6620 2.2325 -0.0170 0 0 0 10
0.6500 2.2324 -0.0168 0 0 0 0
0.6500 2.2328 -0.0163 0 0 0 10
0.6480 2.2339 -0.0147 0 0 0 0
0.6340 2.2327 -0.0098 0 0 0 10
0.6420 2.2344 -0.0069 0 0 0 10
0.6660 2.2346 -0.0065 0 0 0 0
0.6500 2.2343 -0.0070 0 0 0 10
0.6320 2.2324 -0.0075 0 0 0 0
0.6400 2.2338 -0.0068 0 0 0 10
0.6500 2.2315 0.0021 0 0 0 10
0.6340 2.2319 0.0036 0 0 0 0
0.6680 2.2331 0.0055 0 0 0 10
0.6560 2.2354 0.0175 0 0 0 10
0.6660 2.2351 0.0190 0 0 0 0
0.6600 2.2323 0.0296 0 0 0 -10
0.6780 2.2335 0.0297 0 0 0 -10
0.6760 2.2340 0.0300 0 0 0 0
0.6500 2.2319 0.0286 0 0 0 -10
0.6680 2.2324 0.0309 0 0 0 0
0.6620 2.2313 0.0288 0 0 0 -10
0.6520 2.2295 0.0275 0 0 0 0
0.6460 2.2322 0.0293 0 0 0 -10
0.6500 2.2336 0.0233 0 0 0 0
0.6580 2.2328 0.0294 0 0 0 -10
0.6560 2.2325 0.0401 0 0 0 0
0.6500 2.2330 0.0226 0 0 0 0
0.6640 2.2314 0.0079 0 0 0 -10
0.6460 2.2307 0.0072 0 0 0 0
0.6580 2.2319 -0.0110 0 0 10 0
0.6360 2.2322 -0.0061 0 0 10 0
0.6480 2.2332 -0.0055 0 0 10 0
0.6420 2.2327 -0.0062 0 0 0 0
0.6500 2.2337 -0.0011 0 0 10 0
0.6500 2.2349 -0.0001 0 0 10 0
0.6640 2.2347 0.0001 0 0 0 0
0.6520 2.2328 0.0017 0 0 10 0
0.6320 2.2343 0.0000 0 0 0 0
0.6600 2.2342 -0.0061 0 0 -10 0
0.6400 2.2364 -0.0053 0 0 -10 0
0.6300 2.2363 -0.0052 0 0 -10 0
0.6360 2.2358 -0.0034 0 0 0 0
0.6200 2.2350 -0.0047 0 0 -10 0
0.6320 2.2359 -0.0049 0 0 -10 0
0.6260 2.2358 -0.0048 0 0 0 0
0.6300 2.2360 -0.0054 0 10 0 0
0.6300 2.2342 -0.0077 0 10 0 0
0.6180 2.2322 -0.0076 0 10 0 0
0.6300 2.2322 -0.0076 0 10 0 0
0.6320 2.2323 -0.0062 0 0 0 0
0.6300 2.2327 -0.0070 0 10 0 0
0.6540 2.2331 -0.0054 0 10 0 0
0.6220 2.2332 -0.0098 0 10 0 0
0.6440 2.2333 -0.0100 0 0 0 0
0.6300 2.2355 -0.0129 0 10 0 0
0.6400 2.2340 -0.0206 0 10 0 0
0.6420 2.2337 -0.0208 0 10 0 0
0.6260 2.2344 -0.0204 0 10 0 0
0.6380 2.2358 -0.0191 0 10 0 0
0.6440 2.2358 -0.0191 0 0 0 0
0.6400 2.2342 -0.0134 0 10 0 0
0.6500 2.2348 -0.0149 0 10 0 0
0.6520 2.2351 -0.0154 0 10 0 0
0.6520 2.2351 -0.0154 0 10 0 0
0.6620 2.2350 -0.0152 0 0 0 0
0.6600 2.2343 -0.0128 0 10 0 0
0.6520 2.2352 -0.0117 0 10 0 0
0.6480 2.2361 -0.0108 0 10 0 0
0.6480 2.2361 -0.0108 0 10 0 0
0.6340 2.2362 -0.0101 0 10 0 0
0.6360 2.2361 -0.0097 0 0 0 0
0.6480 2.2354 -0.0086 0 10 0 0
0.6600 2.2351 -0.0078 0 10 0 0
0.6700 2.2336 -0.0072 0 10 0 0
0.6700 2.2336 -0.0072 0 10 0 0
0.6580 2.2336 -0.0066 0 0 0 0
0.6420 2.2338 -0.0059 0 10 0 0
0.6500 2.2342 -0.0070 0 10 0 0
0.6420 2.2350 -0.0100 0 10 0 0
0.6500 2.2347 -0.0098 0 10 0 0
0.6540 2.2345 -0.0082 0 0 0 0
0.6380 2.2343 -0.0044 0 10 0 0
0.6300 2.2334 -0.0034 0 10 0 0
0.6520 2.2328 -0.0040 0 10 0 0
0.6480 2.2322 -0.0047 0 10 0 0
0.6480 2.2322 -0.0047 0 0 0 0
0.6500 2.2332 -0.0074 0 10 0 0
0.6520 2.2332 -0.0043 0 10 0 0
0.6260 2.2336 -0.0034 0 10 0 0
0.6240 2.2338 -0.0035 0 10 0 0
0.6520 2.2338 -0.0034 0 10 0 0
0.6240 2.2337 -0.0049 0 10 0 0
0.6240 2.2336 -0.0046 0 0 0 0
0.6360 2.2325 -0.0038 0 10 0 0
0.6180 2.2313 -0.0024 0 10 0 0
0.6340 2.2312 -0.0026 0 10 0 0
0.6340 2.2309 -0.0014 0 10 0 0
0.6200 2.2305 -0.0011 0 10 0 0
0.6420 2.2301 -0.0016 0 0 0 0
0.6500 2.2310 -0.0001 0 10 0 0
0.6260 2.2323 -0.0019 0 10 0 0
0.6200 2.2320 -0.0015 0 10 0 0
0.6220 2.2318 -0.0009 0 10 0 0
0.6400 2.2313 -0.0008 0 10 0 0
0.6400 2.2311 -0.0013 0 0 0 0
0.6400 2.2316 0.0031 0 10 0 0
0.6040 2.2331 0.0037 0 10 0 0
0.6200 2.2338 0.0038 0 10 0 0
0.6200 2.2338 0.0038 0 10 0 0
0.6240 2.2335 0.0019 0 10 0 0
0.6140 2.2333 0.0013 0 0 0 0
0.6060 2.2315 -0.0003 0 10 0 0
0.6080 2.2324 0.0018 0 10 0 0
0.6100 2.2308 -0.0001 0 10 0 0
0.6040 2.2309 -0.0008 0 10 0 0
0.6040 2.2309 -0.0008 0 10 0 0
0.6020 2.2323 -0.0024 0 10 0 0
0.6020 2.2323 -0.0024 0 10 0 0
0.6160 2.2332 -0.0033 0 0 0 0
0.6180 2.2338 -0.0052 0 10 0 0
0.6160 2.2337 -0.0032 0 10 0 0
0.6160 2.2339 -0.0021 0 10 0 0
0.6160 2.2339 -0.0021 0 10 0 0
0.6260 2.2335 -0.0024 0 10 0 0
0.6060 2.2336 0.0002 0 10 0 0
0.6320 2.2337 0.0001 0 0 0 0
0.6100 2.2356 -0.0076 0 -10 0 0
0.6020 2.2338 -0.0136 0 -10 0 0
0.6000 2.2336 -0.0125 0 -10 0 0
0.5980 2.2339 -0.0127 0 -10 0 0
0.5960 2.2333 -0.0115 0 0 0 0
0.6080 2.2329 -0.0070 0 -10 0 0
0.6040 2.2326 -0.0020 0 -10 0 0
0.5880 2.2327 -0.0022 0 -10 0 0
0.5880 2.2327 -0.0022 0 -10 0 0
0.5940 2.2320 -0.0038 0 0 0 0
0.6000 2.2327 -0.0072 0 -10 0 0
0.6060 2.2326 -0.0045 0 -10 0 0
0.6000 2.2328 -0.0037 0 -10 0 0
0.5800 2.2331 -0.0029 0 -10 0 0
0.5840 2.2330 -0.0018 0 -10 0 0
0.5840 2.2330 -0.0018 0 0 0 0
0.5960 2.2333 -0.0014 0 -10 0 0
0.6000 2.2335 -0.0032 0 -10 0 0
0.5820 2.2338 -0.0043 0 -10 0 0
0.5940 2.2340 -0.0032 0 -10 0 0
0.5940 2.2340 -0.0032 0 -10 0 0
0.5940 2.2343 -0.0013 0 0 0 0
0.5940 2.2341 -0.0019 0 -10 0 0
0.6000 2.2331 -0.0031 0 -10 0 0
0.5720 2.2331 -0.0031 0 -10 0 0
0.5960 2.2336 -0.0030 0 0 0 0
0.6020 2.2334 -0.0032 0 -10 0 0
0.6300 2.2325 -0.0036 0 -10 0 0
0.6100 2.2318 -0.0014 0 -10 0 0
0.5940 2.2313 -0.0007 0 -10 0 0
0.6080 2.2311 -0.0019 0 0 0 0
0.5940 2.2318 -0.0036 0 -10 0 0
0.5980 2.2334 -0.0088 0 -10 0 0
0.6180 2.2328 -0.0132 0 -10 0 0
0.6180 2.2328 -0.0132 0 0 0 0
0.5880 2.2339 -0.0111 0 0 0 10
0.6020 2.2336 -0.0162 0 0 0 0
0.6100 2.2338 -0.0134 0 0 0 10
0.5720 2.2347 -0.0094 0 0 0 0
