0.6160 0.0150 -0.1248 0 0 0 30
0.6040 0.0151 -0.1222 0 0 0 30
0.6040 0.0151 -0.1222 0 0 0 30
0.6040 0.0156 -0.1215 0 0 0 30
0.6160 0.0156 -0.1201 0 0 0 30
0.6160 0.0156 -0.1201 0 0 0 30
0.5940 0.0152 -0.1210 0 0 0 30
0.6020 0.0152 -0.1204 0 0 0 30
0.6120 0.0152 -0.1204 0 0 0 0
0.6200 0.0160 -0.1211 0 0 0 30
0.6220 0.0164 -0.1208 0 0 0 30
0.6360 0.0165 -0.1190 0 0 0 30
0.6300 0.0159 -0.1179 0 0 0 30
0.6300 0.0159 -0.1179 0 0 0 30
0.6300 0.0159 -0.1179 0 0 0 30
0.6300 0.0159 -0.1179 0 0 0 0
0.6140 0.0160 -0.1078 0 0 0 30
0.6100 0.0131 -0.0993 0 0 0 30
0.6000 0.0141 -0.0972 0 0 0 30
0.6000 0.0141 -0.0972 0 0 0 30
0.6120 0.0145 -0.0975 0 0 0 30
0.6240 0.0149 -0.0960 0 0 0 30
0.6060 0.0152 -0.0958 0 0 0 30
0.6060 0.0152 -0.0958 0 0 0 0
0.6240 0.0167 -0.1031 0 0 0 30
0.6160 0.0167 -0.1031 0 0 0 30
0.6240 0.0163 -0.1060 0 0 0 30
0.6240 0.0160 -0.1033 0 0 0 30
0.6140 0.0152 -0.1038 0 0 0 30
0.6080 0.0146 -0.1015 0 0 0 30
0.6080 0.0146 -0.1015 0 0 0 30
0.6080 0.0146 -0.1015 0 0 0 0
0.5900 0.0128 -0.1074 0 0 0 30
0.6120 0.0128 -0.1074 0 0 0 30
0.6180 0.0130 -0.1060 0 0 0 30
0.6000 0.0134 -0.1068 0 0 0 0
0.6260 0.0125 -0.1078 0 0 0 30
0.6300 0.0124 -0.1111 0 0 0 30
0.6160 0.0130 -0.1103 0 0 0 30
0.6240 0.0140 -0.1098 0 0 0 30
0.6240 0.0140 -0.1098 0 0 0 0
0.6200 0.0143 -0.1096 0 0 0 30
0.6040 0.0138 -0.1093 0 0 0 30
0.6300 0.0131 -0.1095 0 0 0 30
0.6300 0.0131 -0.1095 0 0 0 30
0.6120 0.0134 -0.1078 0 0 0 30
0.6280 0.0140 -0.1050 0 0 0 30
0.6280 0.0140 -0.1050 0 0 0 0
0.6060 0.0146 -0.1000 0 0 0 30
0.6060 0.0146 -0.1000 0 0 0 30
0.6140 0.0151 -0.0997 0 0 0 30
0.6140 0.0151 -0.0997 0 0 0 30
0.6220 0.0158 -0.0944 0 0 0 0
0.6240 0.0157 -0.0877 0 0 0 0
0.6160 0.0154 -0.0906 0 0 0 30
0.6160 0.0164 -0.0898 0 0 0 30
0.6060 0.0166 -0.0866 0 0 0 30
0.6120 0.0165 -0.0857 0 0 0 0
0.6060 0.0183 -0.0821 0 0 0 30
0.6060 0.0190 -0.0814 0 0 0 30
0.6080 0.0190 -0.0814 0 0 0 30
0.6060 0.0186 -0.0810 0 0 0 30
0.6060 0.0186 -0.0810 0 0 0 30
0.5940 0.0183 -0.0800 0 0 0 0
0.6160 0.0159 -0.0791 0 0 0 30
0.6120 0.0159 -0.0791 0 0 0 30
0.6200 0.0151 -0.0782 0 0 0 0
0.6320 0.0145 -0.0720 0 0 0 30
0.6040 0.0145 -0.0720 0 0 0 30
0.6200 0.0144 -0.0677 0 0 0 30
0.6120 0.0141 -0.0673 0 0 0 30
0.6120 0.0137 -0.0712 0 0 0 30
0.6120 0.0135 -0.0702 0 0 0 30
0.6220 0.0135 -0.0702 0 0 0 0
0.6060 0.0129 -0.0677 0 0 0 30
0.6080 0.0129 -0.0677 0 0 0 30
0.6100 0.0125 -0.0681 0 0 0 30
0.6280 0.0123 -0.0677 0 0 0 30
0.6280 0.0123 -0.0677 0 0 0 30
0.6120 0.0127 -0.0669 0 0 0 0
0.6460 0.0165 -0.0750 0 0 0 30
0.6140 0.0169 -0.0682 0 0 0 30
0.5960 0.0169 -0.0682 0 0 0 30
0.6040 0.0173 -0.0651 0 0 0 30
0.6180 0.0175 -0.0624 0 0 0 30
0.6180 0.0175 -0.0624 0 0 0 0
0.6020 0.0195 -0.0639 0 0 0 30
0.6180 0.0202 -0.0610 0 0 0 30
0.6160 0.0210 -0.0586 0 0 0 30
0.6260 0.0205 -0.0562 0 0 0 30
0.6000 0.0198 -0.0556 0 0 0 30
0.6000 0.0198 -0.0556 0 0 0 0
0.5980 0.0186 -0.0543 0 0 0 30
0.5980 0.0180 -0.0541 0 0 0 30
0.6240 0.0177 -0.0551 0 0 0 30
0.6240 0.0174 -0.0541 0 0 0 30
0.6380 0.0174 -0.0564 0 0 0 0
0.6260 0.0173 -0.0563 0 0 0 30
0.6120 0.0173 -0.0561 0 0 0 30
0.6080 0.0176 -0.0538 0 0 0 30
0.6080 0.0176 -0.0538 0 0 0 30
0.6060 0.0182 -0.0483 0 0 0 30
0.6060 0.0182 -0.0483 0 0 0 0
0.6180 0.0178 -0.0465 0 0 0 30
0.5860 0.0174 -0.0458 0 0 0 30
0.5860 0.0174 -0.0458 0 0 0 30
0.6080 0.0170 -0.0436 0 0 0 30
0.5880 0.0169 -0.0424 0 0 0 0
0.6000 0.0160 -0.0392 0 0 0 30
0.6100 0.0152 -0.0392 0 0 0 30
0.6140 0.0141 -0.0369 0 0 0 30
0.6080 0.0137 -0.0361 0 0 0 0
0.5960 0.0136 -0.0287 0 0 0 30
0.6100 0.0136 -0.0287 0 0 0 30
0.6320 0.0131 -0.0279 0 0 0 30
0.6060 0.0129 -0.0254 0 0 0 0
0.6200 0.0122 -0.0266 0 0 0 30
0.6060 0.0122 -0.0266 0 0 0 30
0.5900 0.0121 -0.0257 0 0 0 30
0.6040 0.0123 -0.0253 0 0 0 30
0.6040 0.0129 -0.0220 0 0 0 30
0.6000 0.0129 -0.0220 0 0 0 30
0.6140 0.0133 -0.0207 0 0 0 0
0.6120 0.0119 -0.0231 0 0 0 30
0.6120 0.0119 -0.0231 0 0 0 30
0.5920 0.0115 -0.0226 0 0 0 30
0.5860 0.0119 -0.0205 0 0 0 30
0.5940 0.0123 -0.0196 0 0 0 30
0.5980 0.0129 -0.0182 0 0 0 0
0.6000 0.0137 -0.0136 0 0 0 30
0.6080 0.0140 -0.0115 0 0 0 30
0.5760 0.0144 -0.0091 0 0 0 30
0.5980 0.0143 -0.0069 0 0 0 30
0.5980 0.0143 -0.0069 0 0 0 30
0.6100 0.0145 -0.0052 0 0 0 0
0.5860 0.0165 0.0010 0 0 0 30
0.5960 0.0173 0.0029 0 0 0 30
0.5960 0.0173 0.0029 0 0 0 30
0.5920 0.0174 0.0042 0 0 0 0
0.5620 0.0163 0.0091 30 0 0 0
0.5620 0.0163 0.0091 30 0 0 0
0.5940 0.0163 0.0089 30 0 0 0
0.5820 0.0154 0.0083 30 0 0 0
0.5960 0.0148 0.0088 30 0 0 0
0.5940 0.0156 0.0076 30 0 0 0
0.6020 0.0175 0.0087 30 0 0 0
0.6020 0.0175 0.0087 30 0 0 0
0.6020 0.0175 0.0087 30 0 0 0
0.6000 0.0183 0.0086 30 0 0 0
0.6120 0.0187 0.0081 30 0 0 0
0.6120 0.0187 0.0081 30 0 0 0
0.6120 0.0187 0.0081 30 0 0 0
0.6120 0.0187 0.0081 30 0 0 0
0.6120 0.0187 0.0081 30 0 0 0
0.6020 0.0190 0.0056 30 0 0 0
0.6020 0.0190 0.0056 30 0 0 0
0.6020 0.0190 0.0056 30 0 0 0
0.6020 0.0190 0.0056 30 0 0 0
0.6040 0.0191 0.0035 30 0 0 0
0.6040 0.0191 0.0035 30 0 0 0
0.5960 0.0195 0.0028 30 0 0 0
0.5960 0.0195 0.0028 30 0 0 0
0.5960 0.0195 0.0028 30 0 0 0
0.5960 0.0195 0.0028 30 0 0 0
0.5960 0.0203 0.0051 30 0 0 0
0.6060 0.0203 0.0051 30 0 0 0
0.6060 0.0203 0.0051 30 0 0 0
0.6060 0.0203 0.0051 30 0 0 0
0.6060 0.0203 0.0051 30 0 0 0
0.5900 0.0212 0.0049 30 0 0 0
0.5900 0.0212 0.0049 30 0 0 0
0.5980 0.0220 0.0053 30 0 0 0
0.5980 0.0220 0.0053 30 0 0 0
0.5980 0.0220 0.0053 30 0 0 0
0.5980 0.0220 0.0053 30 0 0 0
0.5980 0.0220 0.0053 30 0 0 0
0.5760 0.0226 0.0064 30 0 0 0
0.5760 0.0226 0.0064 30 0 0 0
0.5760 0.0226 0.0064 30 0 0 0
0.5760 0.0226 0.0064 30 0 0 0
0.5760 0.0228 0.0075 30 0 0 0
0.6040 0.0228 0.0075 30 0 0 0
0.5900 0.0229 0.0080 30 0 0 0
0.5900 0.0229 0.0080 30 0 0 0
0.5900 0.0229 0.0080 30 0 0 0
0.5900 0.0229 0.0080 30 0 0 0
0.5900 0.0229 0.0080 30 0 0 0
0.5840 0.0224 0.0090 30 0 0 0
0.5840 0.0224 0.0090 30 0 0 0
0.5840 0.0224 0.0090 30 0 0 0
0.5980 0.0220 0.0106 30 0 0 0
0.5980 0.0220 0.0106 30 0 0 0
0.6020 0.0216 0.0143 30 0 0 0
0.6020 0.0216 0.0143 30 0 0 0
0.6020 0.0216 0.0143 30 0 0 0
0.6020 0.0216 0.0143 30 0 0 0
0.6020 0.0216 0.0143 30 0 0 0
0.6020 0.0216 0.0143 30 0 0 0
0.5900 0.0210 0.0148 30 0 0 0
0.5900 0.0210 0.0148 30 0 0 0
0.5900 0.0210 0.0148 30 0 0 0
0.5900 0.0210 0.0148 30 0 0 0
0.5780 0.0205 0.0150 30 0 0 0
0.5780 0.0205 0.0150 30 0 0 0
0.5780 0.0205 0.0150 30 0 0 0
0.5780 0.0205 0.0150 30 0 0 0
0.5780 0.0205 0.0150 30 0 0 0
0.5780 0.0205 0.0150 30 0 0 0
0.5780 0.0205 0.0150 30 0 0 0
0.5780 0.0205 0.0150 30 0 0 0
0.5780 0.0205 0.0150 30 0 0 0
0.5780 0.0205 0.0150 30 0 0 0
0.6040 0.0202 0.0169 30 0 0 0
0.5960 0.0199 0.0154 30 0 0 0
0.5900 0.0191 0.0177 30 0 0 0
0.5900 0.0191 0.0177 0 0 0 0
0.6100 0.0160 0.0049 30 0 0 0
0.6220 0.0160 0.0049 30 0 0 0
0.5900 0.0150 0.0049 30 0 0 0
0.6200 0.0145 0.0044 30 0 0 0
0.5940 0.0142 0.0030 30 0 0 0
0.6100 0.0140 0.0065 30 0 0 0
0.6040 0.0138 0.0078 30 0 0 0
0.6040 0.0137 0.0139 30 0 0 0
0.6040 0.0137 0.0139 30 0 0 0
0.6040 0.0137 0.0139 30 0 0 0
0.6040 0.0137 0.0139 30 0 0 0
0.6040 0.0137 0.0139 30 0 0 0
0.6040 0.0137 0.0139 30 0 0 0
0.6040 0.0137 0.0139 30 0 0 0
0.6040 0.0137 0.0139 30 0 0 0
0.6040 0.0137 0.0139 30 0 0 0
0.6040 0.0137 0.0139 30 0 0 0
0.5920 0.0131 0.0145 30 0 0 0
0.5960 0.0130 0.0152 30 0 0 0
0.6000 0.0131 0.0160 30 0 0 0
0.6000 0.0131 0.0160 30 0 0 0
0.6000 0.0131 0.0160 30 0 0 0
0.6000 0.0131 0.0160 30 0 0 0
0.6040 0.0130 0.0163 30 0 0 0
0.6040 0.0130 0.0163 30 0 0 0
0.6040 0.0130 0.0163 30 0 0 0
0.6040 0.0130 0.0163 30 0 0 0
0.6140 0.0129 0.0160 30 0 0 0
0.6100 0.0132 0.0152 30 0 0 0
0.6100 0.0132 0.0152 30 0 0 0
0.6100 0.0132 0.0152 30 0 0 0
0.6100 0.0132 0.0152 30 0 0 0
0.6100 0.0136 0.0122 30 0 0 0
0.6100 0.0136 0.0122 30 0 0 0
0.6100 0.0136 0.0122 30 0 0 0
0.6100 0.0136 0.0122 30 0 0 0
0.5920 0.0142 0.0137 30 0 0 0
0.5920 0.0142 0.0137 30 0 0 0
0.5920 0.0142 0.0137 30 0 0 0
0.6000 0.0149 0.0133 30 0 0 0
0.6000 0.0149 0.0133 30 0 0 0
0.6000 0.0149 0.0133 30 0 0 0
0.6000 0.0149 0.0133 30 0 0 0
0.6000 0.0149 0.0133 30 0 0 0
0.6000 0.0158 0.0136 30 0 0 0
0.6000 0.0158 0.0136 30 0 0 0
0.6000 0.0158 0.0136 0 0 0 0
0.5980 0.0152 0.0190 30 0 0 0
0.6080 0.0149 0.0191 30 0 0 0
0.5960 0.0145 0.0216 30 0 0 0
0.6060 0.0137 0.0223 30 0 0 0
0.6060 0.0137 0.0223 30 0 0 0
0.6060 0.0137 0.0223 30 0 0 0
0.5940 0.0131 0.0220 30 0 0 0
0.6100 0.0127 0.0181 30 0 0 0
0.6300 0.0130 0.0169 30 0 0 0
0.6300 0.0130 0.0169 30 0 0 0
0.6300 0.0134 0.0178 30 0 0 0
0.6220 0.0134 0.0178 30 0 0 0
0.6220 0.0134 0.0178 30 0 0 0
0.6320 0.0136 0.0171 30 0 0 0
0.6320 0.0136 0.0171 30 0 0 0
0.6320 0.0136 0.0171 30 0 0 0
0.6320 0.0136 0.0171 30 0 0 0
0.6160 0.0137 0.0160 30 0 0 0
0.6160 0.0137 0.0160 30 0 0 0
0.6160 0.0137 0.0160 30 0 0 0
0.6160 0.0137 0.0160 30 0 0 0
0.6000 0.0140 0.0146 30 0 0 0
0.6000 0.0140 0.0146 30 0 0 0
0.6000 0.0140 0.0146 30 0 0 0
0.6220 0.0145 0.0128 30 0 0 0
0.6220 0.0145 0.0128 30 0 0 0
0.6220 0.0145 0.0128 0 0 0 0
0.6080 0.0164 0.0149 30 0 0 0
0.6240 0.0164 0.0145 30 0 0 0
0.6180 0.0152 0.0055 30 0 0 0
0.6140 0.0152 0.0055 30 0 0 0
0.5920 0.0142 0.0050 30 0 0 0
0.5940 0.0137 0.0011 30 0 0 0
0.6040 0.0133 0.0007 30 0 0 0
0.6040 0.0133 0.0007 30 0 0 0
0.6040 0.0133 0.0007 30 0 0 0
0.6040 0.0133 0.0007 30 0 0 0
0.5940 0.0133 0.0007 30 0 0 0
0.5940 0.0133 0.0007 30 0 0 0
0.5940 0.0133 0.0007 30 0 0 0
0.5940 0.0133 0.0007 30 0 0 0
0.5800 0.0137 0.0018 30 0 0 0
0.5800 0.0137 0.0018 30 0 0 0
0.5800 0.0137 0.0018 30 0 0 0
0.5800 0.0143 0.0022 30 0 0 0
0.5840 0.0143 0.0022 30 0 0 0
0.5840 0.0143 0.0022 30 0 0 0
0.5840 0.0143 0.0022 30 0 0 0
0.5780 0.0147 0.0080 30 0 0 0
0.5780 0.0147 0.0080 30 0 0 0
0.5780 0.0147 0.0080 30 0 0 0
0.5780 0.0147 0.0080 30 0 0 0
0.5780 0.0147 0.0080 30 0 0 0
0.5960 0.0152 0.0079 30 0 0 0
0.5960 0.0152 0.0079 30 0 0 0
0.5860 0.0155 0.0078 30 0 0 0
0.5860 0.0155 0.0078 30 0 0 0
0.5860 0.0155 0.0078 30 0 0 0
0.5860 0.0155 0.0078 30 0 0 0
0.6100 0.0157 0.0084 30 0 0 0
0.6100 0.0157 0.0084 30 0 0 0
0.6100 0.0157 0.0084 30 0 0 0
0.6100 0.0157 0.0084 30 0 0 0
0.5900 0.0158 0.0116 30 0 0 0
0.5900 0.0158 0.0116 30 0 0 0
0.5860 0.0160 0.0118 30 0 0 0
0.5860 0.0160 0.0118 30 0 0 0
0.5860 0.0160 0.0118 0 0 0 0
0.5920 0.0130 0.0091 0 -30 0 0
0.6100 0.0137 0.0049 0 -30 0 0
0.5820 0.0140 0.0048 0 -30 0 0
0.5820 0.0140 0.0048 0 -30 0 0
0.5920 0.0150 0.0069 0 -30 0 0
0.5980 0.0164 0.0052 0 -30 0 0
0.6080 0.0164 0.0063 0 -30 0 0
0.5900 0.0165 0.0062 0 -30 0 0
0.5900 0.0165 0.0062 0 -30 0 0
0.5900 0.0165 0.0062 0 -30 0 0
0.5900 0.0165 0.0062 0 -30 0 0
0.5960 0.0168 0.0096 0 -30 0 0
0.5960 0.0168 0.0096 0 -30 0 0
0.5940 0.0168 0.0104 0 -30 0 0
0.5940 0.0168 0.0104 0 -30 0 0
0.5940 0.0168 0.0104 0 -30 0 0
0.5980 0.0162 0.0105 0 -30 0 0
0.5980 0.0162 0.0105 0 -30 0 0
0.5980 0.0162 0.0105 0 -30 0 0
0.5980 0.0162 0.0105 0 -30 0 0
0.5980 0.0162 0.0105 0 -30 0 0
0.6220 0.0152 0.0105 0 -30 0 0
0.6220 0.0152 0.0105 0 -30 0 0
0.6220 0.0152 0.0105 0 -30 0 0
0.6080 0.0139 0.0109 0 -30 0 0
0.6080 0.0139 0.0109 0 -30 0 0
0.6080 0.0139 0.0109 0 -30 0 0
0.6060 0.0131 0.0065 0 -30 0 0
0.6060 0.0131 0.0065 0 -30 0 0
0.6060 0.0131 0.0065 0 -30 0 0
0.6060 0.0131 0.0065 0 0 0 0
0.6080 0.0115 0.0093 0 -30 0 0
0.6140 0.0118 0.0089 0 -30 0 0
0.6200 0.0123 0.0081 0 -30 0 0
0.6320 0.0130 0.0079 0 -30 0 0
0.6080 0.0140 0.0046 0 -30 0 0
0.6120 0.0149 0.0095 0 -30 0 0
0.6000 0.0160 0.0100 0 -30 0 0
0.6000 0.0160 0.0100 0 -30 0 0
0.5960 0.0171 0.0107 0 -30 0 0
0.5960 0.0171 0.0107 0 -30 0 0
0.5960 0.0171 0.0107 0 -30 0 0
0.5960 0.0171 0.0107 0 -30 0 0
0.5960 0.0171 0.0107 0 -30 0 0
0.5960 0.0171 0.0107 0 -30 0 0
0.5960 0.0171 0.0107 0 -30 0 0
0.5960 0.0171 0.0107 0 -30 0 0
0.5960 0.0171 0.0107 0 -30 0 0
0.5960 0.0171 0.0107 0 -30 0 0
0.5960 0.0171 0.0107 0 -30 0 0
0.6080 0.0179 0.0113 0 -30 0 0
0.5800 0.0177 0.0131 0 -30 0 0
0.6000 0.0170 0.0135 0 -30 0 0
0.6000 0.0170 0.0135 0 -30 0 0
0.5920 0.0159 0.0140 0 -30 0 0
0.5960 0.0150 0.0143 0 -30 0 0
0.5960 0.0150 0.0143 0 -30 0 0
0.5960 0.0150 0.0143 0 -30 0 0
0.5960 0.0150 0.0143 0 -30 0 0
0.5960 0.0150 0.0143 0 -30 0 0
0.6040 0.0142 0.0114 0 -30 0 0
0.6040 0.0142 0.0114 0 -30 0 0
0.6040 0.0142 0.0114 0 -30 0 0
0.6040 0.0142 0.0114 0 -30 0 0
0.6140 0.0136 0.0111 0 -30 0 0
0.6100 0.0138 0.0112 0 -30 0 0
0.6100 0.0138 0.0112 0 -30 0 0
0.6100 0.0138 0.0112 0 -30 0 0
0.6100 0.0138 0.0112 0 -30 0 0
0.6100 0.0138 0.0112 0 -30 0 0
0.6100 0.0138 0.0112 0 -30 0 0
0.6100 0.0138 0.0112 0 -30 0 0
0.6100 0.0138 0.0112 0 -30 0 0
0.6100 0.0138 0.0112 0 -30 0 0
0.6100 0.0138 0.0112 0 -30 0 0
0.6100 0.0138 0.0112 0 -30 0 0
0.6100 0.0138 0.0112 0 -30 0 0
0.6100 0.0143 0.0129 0 -30 0 0
0.6120 0.0145 0.0124 0 -30 0 0
0.6120 0.0149 0.0135 0 -30 0 0
0.5920 0.0149 0.0135 0 -30 0 0
0.6080 0.0151 0.0139 0 -30 0 0
0.6080 0.0151 0.0139 0 -30 0 0
0.6080 0.0151 0.0139 0 -30 0 0
0.6080 0.0154 0.0156 0 -30 0 0
0.6120 0.0154 0.0156 0 -30 0 0
0.6120 0.0154 0.0156 0 -30 0 0
0.5960 0.0153 0.0157 0 -30 0 0
0.5960 0.0153 0.0157 0 -30 0 0
0.5960 0.0153 0.0157 0 -30 0 0
0.5960 0.0153 0.0157 0 -30 0 0
0.6080 0.0151 0.0143 0 -30 0 0
0.6080 0.0151 0.0143 0 -30 0 0
0.6080 0.0151 0.0143 0 -30 0 0
0.6080 0.0151 0.0143 0 -30 0 0
0.6080 0.0146 0.0139 0 -30 0 0
0.6080 0.0146 0.0139 0 -30 0 0
0.6080 0.0142 0.0126 0 -30 0 0
0.5980 0.0142 0.0126 0 -30 0 0
0.5980 0.0142 0.0126 0 -30 0 0
0.5980 0.0142 0.0126 0 -30 0 0
0.5980 0.0142 0.0126 0 -30 0 0
0.6020 0.0135 0.0118 0 -30 0 0
0.6020 0.0135 0.0118 0 -30 0 0
0.6020 0.0135 0.0118 0 -30 0 0
0.6020 0.0135 0.0118 0 -30 0 0
0.6020 0.0135 0.0118 0 -30 0 0
0.6080 0.0128 0.0100 0 -30 0 0
0.5900 0.0127 0.0096 0 -30 0 0
0.5900 0.0127 0.0096 0 -30 0 0
0.5900 0.0127 0.0096 0 -30 0 0
0.5900 0.0127 0.0096 0 -30 0 0
0.5900 0.0127 0.0096 0 -30 0 0
0.5880 0.0129 0.0117 0 -30 0 0
0.5880 0.0129 0.0117 0 -30 0 0
0.5880 0.0129 0.0117 0 -30 0 0
0.5880 0.0129 0.0117 0 -30 0 0
0.6140 0.0136 0.0109 0 -30 0 0
0.6140 0.0136 0.0109 0 -30 0 0
0.6160 0.0142 0.0105 0 -30 0 0
0.6160 0.0142 0.0105 0 -30 0 0
0.6160 0.0142 0.0105 0 -30 0 0
0.6160 0.0142 0.0105 0 -30 0 0
0.6160 0.0142 0.0105 0 -30 0 0
0.6000 0.0148 0.0109 0 -30 0 0
0.6000 0.0148 0.0109 0 -30 0 0
0.6000 0.0148 0.0109 0 -30 0 0
0.6100 0.0147 0.0100 0 -30 0 0
0.6100 0.0147 0.0100 0 -30 0 0
0.6160 0.0143 0.0108 0 -30 0 0
0.6160 0.0143 0.0108 0 -30 0 0
0.6160 0.0143 0.0108 0 -30 0 0
0.6160 0.0143 0.0108 0 -30 0 0
0.6160 0.0143 0.0108 0 -30 0 0
0.6220 0.0135 0.0100 0 -30 0 0
0.6220 0.0135 0.0100 0 -30 0 0
0.6220 0.0135 0.0100 0 -30 0 0
0.6220 0.0135 0.0100 0 -30 0 0
0.6000 0.0133 0.0098 0 -30 0 0
0.6000 0.0133 0.0098 0 0 0 0
0.6240 0.0136 0.0071 0 -30 0 0
0.6040 0.0131 0.0094 0 -30 0 0
0.6040 0.0130 0.0120 0 -30 0 0
0.6140 0.0130 0.0120 0 -30 0 0
0.6020 0.0134 0.0124 0 -30 0 0
0.6020 0.0134 0.0124 0 -30 0 0
0.6020 0.0134 0.0124 0 -30 0 0
0.6020 0.0134 0.0124 0 -30 0 0
0.6100 0.0141 0.0158 0 -30 0 0
0.6100 0.0141 0.0158 0 -30 0 0
0.6100 0.0141 0.0158 0 -30 0 0
0.6100 0.0141 0.0158 0 -30 0 0
0.6100 0.0141 0.0158 0 -30 0 0
0.6100 0.0141 0.0158 0 -30 0 0
0.6100 0.0141 0.0158 0 -30 0 0
0.6100 0.0141 0.0158 0 -30 0 0
0.6040 0.0144 0.0179 0 -30 0 0
0.6040 0.0144 0.0179 0 -30 0 0
0.6040 0.0144 0.0179 0 -30 0 0
0.5940 0.0135 0.0216 0 -30 0 0
0.5760 0.0135 0.0216 0 -30 0 0
0.5760 0.0135 0.0216 0 -30 0 0
0.5760 0.0135 0.0216 0 -30 0 0
0.5820 0.0130 0.0216 0 -30 0 0
0.5880 0.0128 0.0209 0 -30 0 0
0.5880 0.0128 0.0209 0 -30 0 0
0.5880 0.0128 0.0209 0 -30 0 0
0.5880 0.0128 0.0209 0 -30 0 0
0.5880 0.0124 0.0207 0 -30 0 0
0.5860 0.0124 0.0207 0 -30 0 0
0.5860 0.0124 0.0207 0 -30 0 0
0.5860 0.0124 0.0207 0 -30 0 0
0.5860 0.0124 0.0207 0 -30 0 0
0.5880 0.0121 0.0236 0 -30 0 0
0.5880 0.0121 0.0236 0 -30 0 0
0.5820 0.0118 0.0234 0 -30 0 0
0.5820 0.0118 0.0234 0 -30 0 0
0.5820 0.0118 0.0234 0 -30 0 0
0.5820 0.0118 0.0234 0 -30 0 0
0.5820 0.0118 0.0234 0 -30 0 0
0.5920 0.0118 0.0213 0 -30 0 0
0.5920 0.0118 0.0213 0 -30 0 0
0.5920 0.0118 0.0213 0 -30 0 0
0.5920 0.0118 0.0213 0 -30 0 0
0.5900 0.0120 0.0215 0 -30 0 0
0.5900 0.0120 0.0215 0 -30 0 0
0.5700 0.0121 0.0195 0 -30 0 0
0.5700 0.0121 0.0195 0 -30 0 0
0.5700 0.0121 0.0195 0 -30 0 0
0.5700 0.0121 0.0195 0 -30 0 0
0.5700 0.0121 0.0195 0 -30 0 0
0.5880 0.0125 0.0198 0 -30 0 0
0.5880 0.0125 0.0198 0 -30 0 0
0.5880 0.0125 0.0198 0 -30 0 0
0.5880 0.0125 0.0198 0 -30 0 0
0.5920 0.0131 0.0270 0 -30 0 0
0.5920 0.0131 0.0270 0 -30 0 0
0.6040 0.0137 0.0277 0 -30 0 0
0.6040 0.0137 0.0277 0 -30 0 0
0.6040 0.0137 0.0277 0 -30 0 0
0.6040 0.0137 0.0277 0 -30 0 0
0.6040 0.0137 0.0277 0 -30 0 0
0.5980 0.0147 0.0297 0 0 0 0
0.5980 0.0147 0.0297 30 0 0 0
0.6080 0.0151 0.0308 30 0 0 0
0.6200 0.0151 0.0311 30 0 0 0
0.5880 0.0149 0.0325 30 0 0 0
0.5880 0.0149 0.0325 30 0 0 0
0.5980 0.0146 0.0324 30 0 0 0
0.5980 0.0146 0.0324 30 0 0 0
0.5880 0.0151 0.0298 30 0 0 0
0.5880 0.0151 0.0298 30 0 0 0
0.5880 0.0151 0.0298 30 0 0 0
0.5920 0.0163 0.0291 30 0 0 0
0.5920 0.0163 0.0291 30 0 0 0
0.5920 0.0163 0.0291 30 0 0 0
0.5920 0.0163 0.0291 30 0 0 0
0.5920 0.0174 0.0290 30 0 0 0
0.5980 0.0174 0.0290 30 0 0 0
0.5980 0.0174 0.0290 30 0 0 0
0.5980 0.0174 0.0290 30 0 0 0
0.6060 0.0178 0.0291 30 0 0 0
0.6060 0.0178 0.0291 30 0 0 0
0.6060 0.0178 0.0291 30 0 0 0
0.6060 0.0178 0.0291 30 0 0 0
0.6060 0.0178 0.0291 30 0 0 0
0.6220 0.0173 0.0291 30 0 0 0
0.6220 0.0173 0.0291 30 0 0 0
0.6220 0.0173 0.0291 30 0 0 0
0.6260 0.0170 0.0292 30 0 0 0
0.6260 0.0170 0.0292 30 0 0 0
0.6060 0.0162 0.0288 30 0 0 0
0.6060 0.0162 0.0288 30 0 0 0
0.6060 0.0162 0.0288 30 0 0 0
0.6060 0.0162 0.0288 30 0 0 0
0.6000 0.0161 0.0283 30 0 0 0
0.6000 0.0161 0.0283 30 0 0 0
0.6000 0.0161 0.0283 30 0 0 0
0.6180 0.0161 0.0285 30 0 0 0
0.6180 0.0161 0.0285 30 0 0 0
0.6180 0.0161 0.0285 30 0 0 0
0.6180 0.0165 0.0286 30 0 0 0
0.6200 0.0165 0.0286 30 0 0 0
0.6200 0.0165 0.0286 30 0 0 0
0.6200 0.0165 0.0286 30 0 0 0
0.6180 0.0170 0.0286 30 0 0 0
0.6180 0.0170 0.0286 30 0 0 0
0.6180 0.0170 0.0286 30 0 0 0
0.6180 0.0170 0.0286 30 0 0 0
0.6160 0.0173 0.0289 30 0 0 0
0.6160 0.0173 0.0289 30 0 0 0
0.6160 0.0173 0.0289 30 0 0 0
0.6280 0.0174 0.0292 30 0 0 0
0.6280 0.0174 0.0292 30 0 0 0
0.6280 0.0174 0.0292 30 0 0 0
0.6280 0.0174 0.0292 30 0 0 0
0.6280 0.0174 0.0292 30 0 0 0
0.6280 0.0174 0.0292 30 0 0 0
0.6280 0.0174 0.0292 30 0 0 0
0.6280 0.0174 0.0292 30 0 0 0
0.6280 0.0174 0.0292 30 0 0 0
0.6280 0.0174 0.0292 30 0 0 0
0.6520 0.0175 0.0290 30 0 0 0
0.6420 0.0172 0.0288 30 0 0 0
0.6260 0.0168 0.0252 0 0 0 0
0.6220 0.0151 0.0179 30 0 0 0
0.6280 0.0150 0.0202 30 0 0 0
0.6220 0.0148 0.0178 30 0 0 0
0.6220 0.0144 0.0174 30 0 0 0
0.6420 0.0143 0.0174 30 0 0 0
0.6360 0.0141 0.0166 30 0 0 0
0.6360 0.0141 0.0166 30 0 0 0
0.6360 0.0141 0.0166 30 0 0 0
0.6360 0.0141 0.0166 30 0 0 0
0.6360 0.0141 0.0166 30 0 0 0
0.6360 0.0141 0.0166 30 0 0 0
0.6360 0.0141 0.0166 30 0 0 0
0.6200 0.0137 0.0139 30 0 0 0
0.6360 0.0132 0.0149 30 0 0 0
0.6260 0.0129 0.0128 30 0 0 0
0.6360 0.0133 0.0120 30 0 0 0
0.6360 0.0133 0.0120 30 0 0 0
0.6360 0.0133 0.0120 0 0 0 0
0.6400 0.0160 0.0060 30 0 0 0
0.6480 0.0160 0.0060 30 0 0 0
0.6300 0.0158 0.0059 30 0 0 0
0.6320 0.0151 0.0063 30 0 0 0
0.6360 0.0145 0.0057 30 0 0 0
0.6360 0.0145 0.0057 30 0 0 0
0.6340 0.0142 0.0039 30 0 0 0
0.6340 0.0142 0.0039 30 0 0 0
0.6340 0.0142 0.0039 30 0 0 0
0.6340 0.0142 0.0039 30 0 0 0
0.6340 0.0138 0.0044 30 0 0 0
0.6340 0.0138 0.0044 30 0 0 0
0.6260 0.0139 0.0038 30 0 0 0
0.6260 0.0139 0.0038 30 0 0 0
0.6260 0.0139 0.0038 30 0 0 0
0.6260 0.0139 0.0038 30 0 0 0
0.6260 0.0139 0.0038 30 0 0 0
0.6260 0.0139 0.0038 30 0 0 0
0.6260 0.0139 0.0038 30 0 0 0
0.6260 0.0139 0.0038 30 0 0 0
0.6260 0.0139 0.0038 30 0 0 0
0.6260 0.0139 0.0038 30 0 0 0
0.6360 0.0139 0.0044 30 0 0 0
0.6180 0.0142 0.0018 30 0 0 0
0.6480 0.0147 0.0019 30 0 0 0
0.6480 0.0147 0.0019 30 0 0 0
0.6480 0.0149 -0.0028 30 0 0 0
0.6200 0.0149 -0.0028 30 0 0 0
0.6200 0.0149 -0.0028 30 0 0 0
0.6200 0.0149 -0.0028 30 0 0 0
0.6200 0.0149 -0.0028 30 0 0 0
0.6300 0.0147 -0.0025 30 0 0 0
0.6300 0.0147 -0.0025 30 0 0 0
0.6440 0.0144 -0.0053 30 0 0 0
0.6440 0.0144 -0.0053 30 0 0 0
0.6440 0.0144 -0.0053 30 0 0 0
0.6320 0.0144 -0.0054 30 0 0 0
0.6320 0.0144 -0.0054 30 0 0 0
0.6320 0.0144 -0.0054 30 0 0 0
0.6320 0.0144 -0.0054 30 0 0 0
0.6320 0.0144 -0.0054 30 0 0 0
0.6340 0.0147 -0.0056 30 0 0 0
0.6340 0.0147 -0.0056 30 0 0 0
0.6400 0.0149 -0.0051 30 0 0 0
0.6400 0.0149 -0.0051 0 0 0 0
0.6140 0.0137 -0.0045 0 -30 0 0
0.6140 0.0135 -0.0039 0 -30 0 0
0.6380 0.0138 -0.0032 0 -30 0 0
0.6280 0.0142 -0.0038 0 -30 0 0
0.6280 0.0142 -0.0038 0 -30 0 0
0.6280 0.0142 -0.0038 0 -30 0 0
0.6280 0.0142 -0.0038 0 -30 0 0
0.6280 0.0142 -0.0038 0 -30 0 0
0.6180 0.0150 -0.0036 0 -30 0 0
0.6180 0.0150 -0.0036 0 -30 0 0
0.6180 0.0150 -0.0036 0 -30 0 0
0.6260 0.0156 -0.0032 0 -30 0 0
0.6260 0.0157 -0.0019 0 -30 0 0
0.6260 0.0157 -0.0019 0 -30 0 0
0.6260 0.0157 -0.0019 0 -30 0 0
0.6480 0.0156 -0.0020 0 -30 0 0
0.6480 0.0156 -0.0020 0 -30 0 0
0.6480 0.0156 -0.0020 0 -30 0 0
0.6480 0.0156 -0.0020 0 -30 0 0
0.6480 0.0156 -0.0020 0 -30 0 0
0.6480 0.0156 -0.0020 0 -30 0 0
0.6520 0.0149 -0.0028 0 -30 0 0
0.6400 0.0148 -0.0029 0 -30 0 0
0.6400 0.0148 -0.0029 0 -30 0 0
0.6400 0.0148 -0.0029 0 -30 0 0
0.6400 0.0148 -0.0029 0 -30 0 0
0.6440 0.0147 -0.0022 0 -30 0 0
0.6440 0.0147 -0.0022 0 -30 0 0
0.6440 0.0147 -0.0022 0 -30 0 0
0.6440 0.0147 -0.0022 0 -30 0 0
0.6440 0.0147 -0.0022 0 -30 0 0
0.6440 0.0147 -0.0022 0 -30 0 0
0.6440 0.0147 -0.0022 0 -30 0 0
0.6200 0.0147 -0.0033 0 -30 0 0
0.6200 0.0147 -0.0033 0 -30 0 0
0.6200 0.0147 -0.0033 0 -30 0 0
0.6300 0.0147 -0.0056 0 -30 0 0
0.6320 0.0145 -0.0044 0 -30 0 0
0.6320 0.0145 -0.0044 0 -30 0 0
0.6320 0.0145 -0.0044 0 -30 0 0
0.6320 0.0145 -0.0044 0 -30 0 0
0.6520 0.0141 -0.0038 0 -30 0 0
0.6600 0.0139 -0.0035 0 -30 0 0
0.6600 0.0139 -0.0035 0 -30 0 0
0.6600 0.0139 -0.0035 0 -30 0 0
0.6600 0.0139 -0.0035 0 -30 0 0
0.6400 0.0137 -0.0079 0 -30 0 0
0.6400 0.0137 -0.0079 0 -30 0 0
0.6400 0.0137 -0.0079 0 -30 0 0
0.6400 0.0137 -0.0079 0 -30 0 0
0.6400 0.0137 -0.0079 0 -30 0 0
0.6400 0.0137 -0.0079 0 -30 0 0
0.6400 0.0137 -0.0079 0 -30 0 0
0.6580 0.0133 -0.0090 0 -30 0 0
0.6580 0.0133 -0.0090 0 -30 0 0
0.6580 0.0133 -0.0090 0 -30 0 0
0.6460 0.0132 -0.0088 0 -30 0 0
0.6460 0.0132 -0.0088 0 -30 0 0
0.6540 0.0131 -0.0088 0 -30 0 0
0.6540 0.0131 -0.0088 0 -30 0 0
0.6540 0.0131 -0.0088 0 -30 0 0
0.6540 0.0131 -0.0088 0 -30 0 0
0.6540 0.0131 -0.0088 0 -30 0 0
0.6480 0.0135 -0.0121 0 -30 0 0
0.6580 0.0140 -0.0119 0 -30 0 0
0.6580 0.0140 -0.0119 0 -30 0 0
0.6580 0.0140 -0.0119 0 -30 0 0
0.6580 0.0140 -0.0119 0 -30 0 0
0.6360 0.0144 -0.0132 0 -30 0 0
0.6360 0.0144 -0.0132 0 -30 0 0
0.6360 0.0144 -0.0132 0 -30 0 0
0.6360 0.0144 -0.0132 0 -30 0 0
0.6400 0.0145 -0.0114 0 -30 0 0
0.6400 0.0145 -0.0114 0 -30 0 0
0.6340 0.0144 -0.0113 0 -30 0 0
0.6340 0.0144 -0.0113 0 -30 0 0
0.6340 0.0144 -0.0113 0 -30 0 0
0.6340 0.0141 -0.0104 0 -30 0 0
0.6260 0.0141 -0.0104 0 -30 0 0
0.6260 0.0141 -0.0104 0 -30 0 0
0.6260 0.0141 -0.0104 0 -30 0 0
0.6260 0.0141 -0.0104 0 -30 0 0
0.6260 0.0138 -0.0094 0 -30 0 0
0.6380 0.0138 -0.0094 0 -30 0 0
0.6420 0.0135 -0.0097 0 -30 0 0
0.6420 0.0135 -0.0097 0 -30 0 0
0.6420 0.0135 -0.0097 0 -30 0 0
0.6420 0.0130 -0.0093 0 -30 0 0
0.6440 0.0130 -0.0093 0 -30 0 0
0.6440 0.0130 -0.0093 0 -30 0 0
0.6440 0.0130 -0.0093 0 -30 0 0
0.6440 0.0130 -0.0093 0 -30 0 0
0.6440 0.0130 -0.0093 0 -30 0 0
0.6260 0.0125 -0.0105 0 -30 0 0
0.6260 0.0125 -0.0105 0 -30 0 0
0.6240 0.0122 -0.0091 0 -30 0 0
0.6240 0.0122 -0.0091 0 -30 0 0
0.6240 0.0122 -0.0091 0 -30 0 0
0.6380 0.0122 -0.0102 0 -30 0 0
0.6380 0.0122 -0.0102 0 -30 0 0
0.6380 0.0122 -0.0102 0 -30 0 0
0.6380 0.0122 -0.0102 0 -30 0 0
0.6380 0.0122 -0.0102 0 -30 0 0
0.6300 0.0125 -0.0097 0 -30 0 0
0.6300 0.0125 -0.0097 0 -30 0 0
0.6300 0.0130 -0.0097 0 -30 0 0
0.6300 0.0130 -0.0097 0 -30 0 0
0.6300 0.0130 -0.0097 0 -30 0 0
0.6300 0.0130 -0.0097 0 -30 0 0
0.6400 0.0134 -0.0109 0 -30 0 0
0.6400 0.0134 -0.0109 0 -30 0 0
0.6400 0.0134 -0.0109 0 -30 0 0
0.6400 0.0134 -0.0109 0 -30 0 0
0.6400 0.0134 -0.0109 0 -30 0 0
0.6160 0.0143 -0.0148 0 -30 0 0
0.6160 0.0148 -0.0173 0 -30 0 0
0.6440 0.0148 -0.0173 0 -30 0 0
0.6440 0.0148 -0.0173 0 -30 0 0
0.6440 0.0148 -0.0173 0 -30 0 0
0.6300 0.0149 -0.0186 0 -30 0 0
0.6300 0.0149 -0.0186 0 -30 0 0
0.6300 0.0149 -0.0186 0 -30 0 0
0.6300 0.0149 -0.0186 0 -30 0 0
0.6300 0.0149 -0.0186 0 -30 0 0
0.6320 0.0140 -0.0187 0 -30 0 0
0.6420 0.0131 -0.0200 0 -30 0 0
0.6420 0.0131 -0.0200 0 -30 0 0
0.6420 0.0131 -0.0200 0 -30 0 0
0.6420 0.0131 -0.0200 0 -30 0 0
0.6320 0.0123 -0.0198 0 -30 0 0
0.6320 0.0123 -0.0198 0 -30 0 0
0.6320 0.0123 -0.0198 0 -30 0 0
0.6320 0.0123 -0.0198 0 -30 0 0
0.6320 0.0123 -0.0198 0 -30 0 0
0.6520 0.0115 -0.0211 0 -30 0 0
0.6520 0.0115 -0.0211 0 -30 0 0
0.6520 0.0115 -0.0211 0 -30 0 0
0.6580 0.0112 -0.0206 0 -30 0 0
0.6580 0.0112 -0.0206 0 -30 0 0
0.6580 0.0112 -0.0206 0 -30 0 0
0.6580 0.0112 -0.0206 0 -30 0 0
0.6340 0.0113 -0.0215 0 -30 0 0
0.6340 0.0113 -0.0215 0 -30 0 0
0.6340 0.0113 -0.0215 0 -30 0 0
0.6340 0.0113 -0.0215 0 -30 0 0
0.6400 0.0116 -0.0199 0 -30 0 0
0.6400 0.0116 -0.0199 0 -30 0 0
0.6320 0.0121 -0.0187 0 -30 0 0
0.6320 0.0121 -0.0187 0 -30 0 0
0.6320 0.0121 -0.0187 0 -30 0 0
0.6320 0.0121 -0.0187 0 -30 0 0
0.6340 0.0127 -0.0189 0 -30 0 0
0.6340 0.0127 -0.0189 0 -30 0 0
0.6340 0.0127 -0.0189 0 -30 0 0
0.6340 0.0127 -0.0189 0 -30 0 0
0.6340 0.0127 -0.0189 0 -30 0 0
0.6300 0.0129 -0.0190 0 -30 0 0
0.6300 0.0130 -0.0192 0 -30 0 0
0.6200 0.0130 -0.0192 0 -30 0 0
0.6200 0.0130 -0.0192 0 0 0 0
0.6360 0.0129 -0.0176 30 0 0 0
0.6480 0.0129 -0.0176 30 0 0 0
0.6480 0.0132 -0.0164 30 0 0 0
0.6460 0.0138 -0.0166 30 0 0 0
0.6460 0.0138 -0.0166 30 0 0 0
0.6400 0.0142 -0.0150 30 0 0 0
0.6240 0.0149 -0.0139 30 0 0 0
0.6240 0.0149 -0.0139 30 0 0 0
0.6240 0.0170 -0.0165 30 0 0 0
0.6400 0.0170 -0.0165 30 0 0 0
0.6400 0.0170 -0.0165 30 0 0 0
0.6400 0.0170 -0.0165 30 0 0 0
0.6400 0.0170 -0.0165 30 0 0 0
0.6360 0.0196 -0.0198 30 0 0 0
0.6360 0.0196 -0.0198 30 0 0 0
0.6360 0.0196 -0.0198 30 0 0 0
0.6280 0.0210 -0.0200 30 0 0 0
0.6280 0.0210 -0.0200 30 0 0 0
0.6280 0.0210 -0.0200 30 0 0 0
0.6280 0.0207 -0.0212 30 0 0 0
0.6540 0.0207 -0.0212 30 0 0 0
0.6540 0.0207 -0.0212 30 0 0 0
0.6540 0.0207 -0.0212 30 0 0 0
0.6540 0.0207 -0.0212 30 0 0 0
0.6540 0.0207 -0.0212 0 0 0 0
0.6280 0.0184 -0.0202 30 0 0 0
0.6220 0.0175 -0.0212 30 0 0 0
0.6260 0.0170 -0.0224 30 0 0 0
0.6160 0.0168 -0.0232 30 0 0 0
0.6240 0.0172 -0.0246 30 0 0 0
0.6460 0.0180 -0.0260 30 0 0 0
0.6460 0.0180 -0.0260 30 0 0 0
0.6260 0.0183 -0.0236 30 0 0 0
0.6260 0.0183 -0.0236 30 0 0 0
0.6260 0.0183 -0.0236 30 0 0 0
0.6260 0.0183 -0.0236 30 0 0 0
0.6260 0.0183 -0.0236 30 0 0 0
0.6260 0.0183 -0.0236 30 0 0 0
0.6260 0.0183 -0.0236 30 0 0 0
0.6260 0.0183 -0.0236 30 0 0 0
0.6260 0.0183 -0.0236 30 0 0 0
0.6260 0.0183 -0.0236 30 0 0 0
0.6240 0.0183 -0.0214 30 0 0 0
0.6240 0.0183 -0.0214 30 0 0 0
0.6460 0.0182 -0.0184 30 0 0 0
0.6440 0.0175 -0.0176 0 0 0 0
0.6500 0.0161 -0.0166 30 0 0 0
0.6420 0.0171 -0.0183 30 0 0 0
0.6380 0.0182 -0.0196 30 0 0 0
0.6260 0.0213 -0.0204 30 0 0 0
0.6480 0.0228 -0.0175 30 0 0 0
0.6300 0.0236 -0.0145 30 0 0 0
0.6300 0.0236 -0.0145 30 0 0 0
0.6300 0.0236 -0.0145 30 0 0 0
0.6440 0.0243 -0.0146 30 0 0 0
0.6440 0.0243 -0.0146 30 0 0 0
0.6440 0.0243 -0.0146 30 0 0 0
0.6440 0.0243 -0.0146 30 0 0 0
0.6500 0.0244 -0.0142 30 0 0 0
0.6500 0.0244 -0.0142 30 0 0 0
0.6540 0.0241 -0.0140 30 0 0 0
0.6540 0.0241 -0.0140 30 0 0 0
0.6540 0.0241 -0.0140 30 0 0 0
0.6540 0.0241 -0.0140 30 0 0 0
0.6420 0.0223 -0.0111 0 0 0 0
0.6220 0.0183 -0.0051 30 0 0 0
0.6180 0.0183 -0.0051 30 0 0 0
0.6400 0.0183 -0.0087 30 0 0 0
0.6340 0.0191 -0.0094 30 0 0 0
0.6520 0.0203 -0.0101 30 0 0 0
0.6620 0.0217 -0.0096 30 0 0 0
0.6480 0.0229 -0.0142 30 0 0 0
0.6340 0.0234 -0.0175 30 0 0 0
0.6340 0.0234 -0.0175 30 0 0 0
0.6340 0.0234 -0.0175 30 0 0 0
0.6340 0.0234 -0.0175 30 0 0 0
0.6340 0.0234 -0.0175 30 0 0 0
0.6560 0.0235 -0.0179 30 0 0 0
0.6560 0.0235 -0.0179 30 0 0 0
0.6420 0.0226 -0.0159 30 0 0 0
0.6420 0.0226 -0.0159 30 0 0 0
0.6420 0.0226 -0.0159 30 0 0 0
0.6420 0.0226 -0.0159 30 0 0 0
0.6500 0.0215 -0.0174 30 0 0 0
0.6500 0.0215 -0.0174 30 0 0 0
0.6500 0.0215 -0.0174 30 0 0 0
0.6500 0.0215 -0.0174 30 0 0 0
0.6240 0.0208 -0.0214 30 0 0 0
0.6240 0.0208 -0.0214 0 0 0 0
0.6460 0.0195 -0.5199 30 0 0 0
0.6540 0.0194 -0.5162 30 0 0 0
0.6420 0.0194 -0.5170 30 0 0 0
0.6400 0.0199 -0.5148 30 0 0 0
0.6300 0.0208 -0.5143 30 0 0 0
0.6300 0.0208 -0.5143 30 0 0 0
0.6440 0.0214 -0.5163 30 0 0 0
0.6440 0.0214 -0.5163 30 0 0 0
0.6440 0.0214 -0.5163 30 0 0 0
0.6440 0.0214 -0.5163 30 0 0 0
0.6440 0.0214 -0.5163 30 0 0 0
0.6440 0.0214 -0.5163 30 0 0 0
0.6440 0.0214 -0.5163 30 0 0 0
0.6440 0.0214 -0.5163 30 0 0 0
0.6440 0.0214 -0.5163 30 0 0 0
0.6440 0.0214 -0.5163 30 0 0 0
0.6440 0.0219 -0.5146 30 0 0 0
0.6440 0.0219 -0.5146 30 0 0 0
0.6560 0.0216 -0.5103 30 0 0 0
0.6160 0.0212 -0.5111 30 0 0 0
0.6340 0.0208 -0.5113 30 0 0 0
0.6340 0.0208 -0.5113 30 0 0 0
0.6340 0.0208 -0.5113 30 0 0 0
0.6440 0.0210 -0.5129 30 0 0 0
0.6440 0.0210 -0.5129 30 0 0 0
0.6440 0.0210 -0.5129 30 0 0 0
0.6440 0.0210 -0.5129 30 0 0 0
0.6580 0.0213 -0.5134 30 0 0 0
0.6580 0.0213 -0.5134 30 0 0 0
0.6580 0.0213 -0.5134 30 0 0 0
0.6580 0.0213 -0.5134 30 0 0 0
0.6620 0.0215 -0.5124 30 0 0 0
0.6620 0.0215 -0.5124 30 0 0 0
0.6620 0.0215 -0.5124 30 0 0 0
0.6280 0.0216 -0.5124 30 0 0 0
0.6280 0.0216 -0.5124 30 0 0 0
0.6280 0.0216 -0.5124 30 0 0 0
0.6280 0.0216 -0.5124 30 0 0 0
0.6280 0.0216 -0.5124 30 0 0 0
0.6280 0.0216 -0.5124 30 0 0 0
0.6280 0.0216 -0.5124 30 0 0 0
0.6280 0.0216 -0.5124 30 0 0 0
0.6280 0.0216 -0.5124 30 0 0 0
0.6280 0.0216 -0.5124 30 0 0 0
0.6280 0.0216 -0.5124 30 0 0 0
0.6280 0.0216 -0.5124 30 0 0 0
0.6380 0.0216 -0.5072 30 0 0 0
0.6300 0.0216 -0.5079 30 0 0 0
0.6500 0.0213 -0.5046 30 0 0 0
0.6420 0.0213 -0.5058 30 0 0 0
0.6420 0.0213 -0.5058 30 0 0 0
0.6420 0.0213 -0.5058 30 0 0 0
0.6340 0.0217 -0.5052 30 0 0 0
0.6340 0.0217 -0.5052 30 0 0 0
0.6340 0.0217 -0.5052 30 0 0 0
0.6340 0.0217 -0.5052 30 0 0 0
0.6440 0.0222 -0.5069 30 0 0 0
0.6440 0.0222 -0.5069 30 0 0 0
0.6440 0.0222 -0.5069 30 0 0 0
0.6440 0.0222 -0.5069 30 0 0 0
0.6260 0.0223 -0.5071 30 0 0 0
0.6260 0.0223 -0.5071 30 0 0 0
0.6260 0.0223 -0.5071 30 0 0 0
0.6260 0.0223 -0.5071 30 0 0 0
0.6200 0.0222 -0.5097 30 0 0 0
0.6200 0.0222 -0.5097 30 0 0 0
0.6200 0.0222 -0.5097 30 0 0 0
0.6220 0.0217 -0.5093 30 0 0 0
0.6220 0.0217 -0.5093 30 0 0 0
0.6220 0.0217 -0.5093 30 0 0 0
0.6220 0.0217 -0.5093 30 0 0 0
0.6260 0.0217 -0.5126 30 0 0 0
0.6260 0.0217 -0.5126 30 0 0 0
0.6260 0.0217 -0.5126 30 0 0 0
0.6240 0.0222 -0.5134 30 0 0 0
0.6240 0.0222 -0.5134 30 0 0 0
0.6240 0.0222 -0.5134 30 0 0 0
0.6240 0.0222 -0.5134 30 0 0 0
0.6240 0.0222 -0.5134 30 0 0 0
0.6320 0.0228 -0.5131 30 0 0 0
0.6320 0.0228 -0.5131 30 0 0 0
0.6420 0.0236 -0.5136 30 0 0 0
0.6420 0.0236 -0.5136 30 0 0 0
0.6420 0.0236 -0.5136 30 0 0 0
0.6380 0.0242 -0.5128 30 0 0 0
0.6380 0.0242 -0.5128 30 0 0 0
0.6380 0.0242 -0.5128 30 0 0 0
0.6580 0.0246 -0.5133 30 0 0 0
0.6580 0.0246 -0.5133 30 0 0 0
0.6580 0.0246 -0.5133 30 0 0 0
0.6580 0.0246 -0.5133 30 0 0 0
0.6520 0.0246 -0.5131 30 0 0 0
0.6520 0.0246 -0.5131 30 0 0 0
0.6520 0.0246 -0.5131 30 0 0 0
0.6340 0.0244 -0.5138 30 0 0 0
0.6340 0.0244 -0.5138 30 0 0 0
0.6340 0.0244 -0.5138 30 0 0 0
0.6340 0.0244 -0.5138 30 0 0 0
0.6340 0.0244 -0.5138 30 0 0 0
0.6320 0.0238 -0.5145 30 0 0 0
0.6320 0.0238 -0.5145 30 0 0 0
0.6320 0.0238 -0.5145 30 0 0 0
0.6240 0.0235 -0.5119 30 0 0 0
0.6240 0.0235 -0.5119 30 0 0 0
0.6240 0.0235 -0.5119 30 0 0 0
0.6240 0.0235 -0.5126 30 0 0 0
0.6540 0.0235 -0.5126 30 0 0 0
0.6540 0.0235 -0.5126 30 0 0 0
0.6540 0.0242 -0.5128 30 0 0 0
0.6520 0.0242 -0.5128 30 0 0 0
0.6520 0.0242 -0.5128 30 0 0 0
0.6520 0.0242 -0.5128 30 0 0 0
0.6500 0.0247 -0.5129 30 0 0 0
0.6500 0.0247 -0.5129 30 0 0 0
0.6500 0.0247 -0.5129 30 0 0 0
0.6500 0.0247 -0.5129 30 0 0 0
0.6500 0.0247 -0.5129 30 0 0 0
0.6540 0.0250 -0.5127 30 0 0 0
0.6540 0.0250 -0.5127 30 0 0 0
0.6420 0.0246 -0.5124 30 0 0 0
0.6420 0.0246 -0.5124 30 0 0 0
0.6420 0.0246 -0.5124 30 0 0 0
0.6560 0.0238 -0.5111 30 0 0 0
0.6560 0.0238 -0.5111 30 0 0 0
0.6560 0.0238 -0.5111 30 0 0 0
0.6560 0.0238 -0.5111 30 0 0 0
0.6560 0.0238 -0.5111 30 0 0 0
0.6560 0.0238 -0.5111 30 0 0 0
0.6500 0.0230 -0.5106 30 0 0 0
0.6500 0.0230 -0.5106 30 0 0 0
0.6500 0.0229 -0.5076 30 0 0 0
0.6380 0.0229 -0.5076 30 0 0 0
0.6380 0.0229 -0.5076 30 0 0 0
0.6380 0.0229 -0.5076 30 0 0 0
0.6500 0.0231 -0.5070 0 0 0 0
0.6240 0.0228 -0.5068 30 0 0 0
0.6500 0.0221 -0.5069 30 0 0 0
0.6320 0.0209 -0.5071 30 0 0 0
0.6480 0.0194 -0.5072 30 0 0 0
0.6620 0.0172 -0.5069 30 0 0 0
0.6560 0.0162 -0.5070 30 0 0 0
0.6580 0.0153 -0.5069 30 0 0 0
0.6580 0.0153 -0.5069 30 0 0 0
0.6580 0.0153 -0.5069 30 0 0 0
0.6580 0.0153 -0.5069 30 0 0 0
0.6580 0.0153 -0.5069 30 0 0 0
0.6580 0.0153 -0.5069 30 0 0 0
0.6580 0.0153 -0.5069 30 0 0 0
0.6580 0.0153 -0.5069 30 0 0 0
0.6580 0.0153 -0.5069 30 0 0 0
0.6420 0.0148 -0.5087 30 0 0 0
0.6640 0.0151 -0.5095 30 0 0 0
0.6360 0.0157 0.0076 30 0 0 0
0.6360 0.0157 0.0076 30 0 0 0
0.6360 0.0157 0.0076 30 0 0 0
0.6500 0.0164 0.0073 30 0 0 0
0.6500 0.0164 0.0073 0 0 0 0
0.6700 0.0207 0.0028 30 0 0 0
0.6620 0.0199 0.0020 30 0 0 0
0.6600 0.0189 0.0028 30 0 0 0
0.6580 0.0186 0.0010 30 0 0 0
0.6580 0.0194 0.0018 30 0 0 0
0.6820 0.0190 0.0017 30 0 0 0
0.6740 0.0190 0.0017 30 0 0 0
0.6760 0.0179 0.0008 30 0 0 0
0.6760 0.0179 0.0008 30 0 0 0
0.6760 0.0179 0.0008 30 0 0 0
0.6760 0.0179 0.0008 30 0 0 0
0.6840 0.0160 0.0009 0 0 0 0
0.6620 0.0148 -0.0023 30 0 0 0
0.6560 0.0148 -0.0006 30 0 0 0
0.6760 0.0153 -0.0003 30 0 0 0
0.6820 0.0151 -0.0009 30 0 0 0
0.6820 0.0144 -0.0007 30 0 0 0
0.6820 0.0144 -0.0007 30 0 0 0
0.6820 0.0144 -0.0007 30 0 0 0
0.6580 0.0141 0.0005 30 0 0 0
0.6580 0.0141 0.0005 30 0 0 0
0.6580 0.0141 0.0005 30 0 0 0
0.6580 0.0141 0.0005 30 0 0 0
0.6580 0.0141 0.0005 30 0 0 0
0.6760 0.0142 0.0017 30 0 0 0
0.6760 0.0142 0.0017 30 0 0 0
0.6760 0.0142 0.0017 30 0 0 0
0.6760 0.0142 0.0015 30 0 0 0
0.6860 0.0142 0.0015 30 0 0 0
0.6860 0.0142 0.0015 30 0 0 0
0.6800 0.0137 0.0020 30 0 0 0
0.6680 0.0135 0.0032 30 0 0 0
0.6680 0.0135 0.0032 30 0 0 0
0.6680 0.0135 0.0032 30 0 0 0
0.6680 0.0135 0.0032 30 0 0 0
0.6680 0.0135 0.0032 30 0 0 0
0.6680 0.0135 0.0032 30 0 0 0
0.6680 0.0135 0.0032 30 0 0 0
0.6680 0.0135 0.0032 30 0 0 0
0.6680 0.0135 0.0032 30 0 0 0
0.6600 0.0139 0.0035 30 0 0 0
0.6600 0.0139 0.0035 30 0 0 0
0.6600 0.0139 0.0035 30 0 0 0
0.6660 0.0142 0.0017 30 0 0 0
0.6780 0.0143 0.0025 30 0 0 0
0.6780 0.0143 0.0025 30 0 0 0
0.6780 0.0143 0.0025 30 0 0 0
0.6680 0.0144 0.0039 30 0 0 0
0.6680 0.0144 0.0039 30 0 0 0
0.6680 0.0144 0.0039 30 0 0 0
0.6680 0.0144 0.0039 30 0 0 0
0.6860 0.0142 0.0049 30 0 0 0
0.6860 0.0142 0.0049 30 0 0 0
0.6860 0.0142 0.0049 30 0 0 0
0.6880 0.0139 0.0056 30 0 0 0
0.6880 0.0139 0.0056 30 0 0 0
0.6880 0.0139 0.0056 30 0 0 0
0.6880 0.0139 0.0056 30 0 0 0
0.6740 0.0135 0.0046 30 0 0 0
0.6740 0.0135 0.0046 30 0 0 0
0.6740 0.0135 0.0046 30 0 0 0
0.6740 0.0135 0.0046 30 0 0 0
0.6740 0.0135 0.0046 30 0 0 0
0.6740 0.0135 0.0046 30 0 0 0
0.6740 0.0135 0.0046 30 0 0 0
0.6740 0.0135 0.0046 30 0 0 0
0.6740 0.0135 0.0046 30 0 0 0
0.6820 0.0128 0.3076 30 0 0 0
0.6800 0.0130 0.3086 30 0 0 0
0.6800 0.0130 0.3086 30 0 0 0
0.6800 0.0130 0.3086 30 0 0 0
0.6800 0.0130 0.3086 30 0 0 0
0.6800 0.0130 0.3086 30 0 0 0
0.6700 0.0135 0.3089 30 0 0 0
0.6700 0.0135 0.3089 30 0 0 0
0.6700 0.0135 0.3089 30 0 0 0
0.6700 0.0135 0.3089 30 0 0 0
0.6700 0.0135 0.3089 30 0 0 0
0.6700 0.0135 0.3089 30 0 0 0
0.6700 0.0135 0.3089 30 0 0 0
0.6700 0.0135 0.3089 30 0 0 0
0.6860 0.0139 0.3078 30 0 0 0
0.6780 0.0140 0.3064 30 0 0 0
0.6720 0.0139 0.3077 30 0 0 0
0.6720 0.0139 0.3101 30 0 0 0
0.6760 0.0139 0.3101 30 0 0 0
0.6760 0.0139 0.3101 30 0 0 0
0.6760 0.0139 0.3101 30 0 0 0
0.6640 0.0135 0.3094 30 0 0 0
0.6640 0.0135 0.3094 30 0 0 0
0.6640 0.0135 0.3094 30 0 0 0
0.6640 0.0135 0.3094 30 0 0 0
0.6640 0.0135 0.3094 30 0 0 0
0.7000 0.0132 0.3094 30 0 0 0
0.7000 0.0132 0.3094 30 0 0 0
0.6700 0.0128 0.3070 30 0 0 0
0.6700 0.0128 0.3070 30 0 0 0
0.6700 0.0128 0.3070 30 0 0 0
0.6700 0.0128 0.3070 30 0 0 0
0.6580 0.0121 0.3079 30 0 0 0
0.6580 0.0121 0.3079 30 0 0 0
0.6580 0.0121 0.3079 30 0 0 0
0.6580 0.0121 0.3079 30 0 0 0
0.6580 0.0121 0.3079 30 0 0 0
0.6660 0.0117 0.3072 30 0 0 0
0.6660 0.0117 0.3072 30 0 0 0
0.6520 0.0116 0.3088 30 0 0 0
0.6520 0.0116 0.3088 30 0 0 0
0.6520 0.0116 0.3088 30 0 0 0
0.6520 0.0116 0.3088 30 0 0 0
0.6520 0.0116 0.3088 30 0 0 0
0.6560 0.0119 0.3037 30 0 0 0
0.6560 0.0119 0.3037 30 0 0 0
0.6560 0.0119 0.3037 30 0 0 0
0.6560 0.0119 0.3037 30 0 0 0
0.6480 0.0129 0.3029 30 0 0 0
0.6480 0.0129 0.3029 30 0 0 0
0.6480 0.0141 0.3074 30 0 0 0
0.6560 0.0141 0.3074 30 0 0 0
0.6560 0.0141 0.3074 30 0 0 0
0.6560 0.0141 0.3074 30 0 0 0
0.6440 0.0151 0.3047 30 0 0 0
0.6440 0.0151 0.3047 30 0 0 0
0.6440 0.0151 0.3047 30 0 0 0
0.6440 0.0151 0.3047 30 0 0 0
0.6340 0.0158 0.3084 30 0 0 0
0.6340 0.0158 0.3084 30 0 0 0
0.6340 0.0158 0.3084 30 0 0 0
0.6340 0.0163 0.3104 30 0 0 0
0.6460 0.0163 0.3104 30 0 0 0
0.6460 0.0163 0.3104 30 0 0 0
0.6460 0.0163 0.3104 30 0 0 0
0.6460 0.0163 0.3104 30 0 0 0
0.6780 0.0163 0.3073 30 0 0 0
0.6780 0.0163 0.3073 30 0 0 0
0.6780 0.0163 0.3073 30 0 0 0
0.6500 0.0161 0.3076 30 0 0 0
0.6500 0.0161 0.3076 30 0 0 0
0.6500 0.0161 0.3076 30 0 0 0
0.6500 0.0161 0.3076 30 0 0 0
0.6400 0.0154 0.3087 30 0 0 0
0.6400 0.0154 0.3087 30 0 0 0
0.6400 0.0154 0.3087 30 0 0 0
0.6400 0.0154 0.3087 30 0 0 0
0.6400 0.0154 0.3087 30 0 0 0
0.6400 0.0154 0.3087 30 0 0 0
0.6400 0.0154 0.3087 30 0 0 0
0.6600 0.0152 0.3082 0 0 0 0
0.6380 0.0208 -0.0822 0 30 0 0
0.6400 0.0201 -0.0859 0 30 0 0
0.6280 0.0191 -0.0874 0 30 0 0
0.6140 0.0180 -0.0928 0 30 0 0
0.6100 0.0178 -0.0993 0 30 0 0
0.6120 0.0192 -0.0984 0 30 0 0
0.6260 0.0196 -0.0988 0 30 0 0
0.6260 0.0196 -0.0988 0 30 0 0
0.6260 0.0196 -0.0988 0 30 0 0
0.5960 0.0191 -0.0981 0 30 0 0
0.5960 0.0191 -0.0981 0 30 0 0
0.5960 0.0191 -0.0981 0 30 0 0
0.6140 0.0181 -0.0965 0 30 0 0
0.6140 0.0181 -0.0965 0 30 0 0
0.6140 0.0181 -0.0965 0 30 0 0
0.6140 0.0181 -0.0965 0 30 0 0
0.6140 0.0181 -0.0965 0 30 0 0
0.6140 0.0181 -0.0965 0 30 0 0
0.6140 0.0181 -0.0965 0 30 0 0
0.6140 0.0181 -0.0965 0 30 0 0
0.6140 0.0181 -0.0965 0 30 0 0
0.6140 0.0181 -0.0965 0 30 0 0
0.6140 0.0181 -0.0965 0 30 0 0
0.6140 0.0181 -0.0965 0 30 0 0
0.6180 0.0175 -0.0958 0 30 0 0
0.6180 0.0172 -0.0960 0 30 0 0
0.6080 0.0169 -0.0951 0 30 0 0
0.6180 0.0169 -0.0948 0 30 0 0
0.6180 0.0169 -0.0948 0 30 0 0
0.6180 0.0169 -0.0948 0 30 0 0
0.6180 0.0169 -0.0948 0 30 0 0
0.6200 0.0178 -0.0936 0 30 0 0
0.6200 0.0178 -0.0936 0 30 0 0
0.6200 0.0178 -0.0936 0 30 0 0
0.6220 0.0186 -0.0921 0 30 0 0
0.6220 0.0186 -0.0921 0 30 0 0
0.6220 0.0186 -0.0921 0 30 0 0
0.5920 0.0185 -0.0906 0 30 0 0
0.5920 0.0185 -0.0906 0 30 0 0
0.5920 0.0185 -0.0906 0 30 0 0
0.5920 0.0185 -0.0906 0 30 0 0
0.6400 0.0184 -0.0891 0 30 0 0
0.6400 0.0184 -0.0891 0 30 0 0
0.6400 0.0184 -0.0891 0 30 0 0
0.6380 0.0184 -0.0892 0 30 0 0
0.6380 0.0184 -0.0892 0 30 0 0
0.6380 0.0184 -0.0892 0 30 0 0
0.6380 0.0184 -0.0892 0 30 0 0
0.6180 0.0191 -0.0927 0 30 0 0
0.6180 0.0191 -0.0927 0 30 0 0
0.6180 0.0191 -0.0927 0 30 0 0
0.6180 0.0191 -0.0927 0 30 0 0
0.6180 0.0191 -0.0927 0 30 0 0
0.6240 0.0201 -0.0904 0 30 0 0
0.6220 0.0202 -0.0945 0 30 0 0
0.6220 0.0202 -0.0945 0 30 0 0
0.6220 0.0202 -0.0945 0 30 0 0
0.6220 0.0202 -0.0945 0 30 0 0
0.6040 0.0202 -0.0928 0 30 0 0
0.6040 0.0202 -0.0928 0 30 0 0
0.6040 0.0202 -0.0928 0 30 0 0
0.6040 0.0202 -0.0928 0 30 0 0
0.6040 0.0202 -0.0928 0 30 0 0
0.6020 0.0208 -0.0966 0 30 0 0
0.6020 0.0208 -0.0966 0 30 0 0
0.6080 0.0208 -0.0968 0 30 0 0
0.6080 0.0208 -0.0968 0 30 0 0
0.6080 0.0208 -0.0968 0 30 0 0
0.6080 0.0208 -0.0968 0 30 0 0
0.6000 0.0205 -0.1049 0 30 0 0
0.6000 0.0205 -0.1049 0 30 0 0
0.6000 0.0205 -0.1049 0 30 0 0
0.6000 0.0205 -0.1049 0 30 0 0
0.6000 0.0205 -0.1049 0 30 0 0
0.6040 0.0195 -0.1110 0 30 0 0
0.6040 0.0195 -0.1110 0 30 0 0
0.6140 0.0182 -0.1105 0 30 0 0
0.6140 0.0182 -0.1105 0 30 0 0
0.6140 0.0182 -0.1105 0 30 0 0
0.6140 0.0182 -0.1105 0 30 0 0
0.6180 0.0171 -0.1166 0 30 0 0
0.6180 0.0171 -0.1166 0 30 0 0
0.6180 0.0171 -0.1166 0 30 0 0
0.6180 0.0171 -0.1166 0 30 0 0
0.6180 0.0171 -0.1166 0 30 0 0
0.6260 0.0166 -0.1169 0 30 0 0
0.6260 0.0166 -0.1169 0 30 0 0
0.6200 0.0164 -0.1210 0 30 0 0
0.6200 0.0164 -0.1210 0 30 0 0
0.6200 0.0164 -0.1210 0 30 0 0
0.6200 0.0164 -0.1210 0 30 0 0
0.6140 0.0163 -0.1201 0 30 0 0
0.6140 0.0163 -0.1201 0 30 0 0
0.6140 0.0163 -0.1201 0 30 0 0
0.6140 0.0163 -0.1201 0 30 0 0
0.6140 0.0163 -0.1201 0 30 0 0
0.6540 0.0165 -0.1186 0 30 0 0
0.6540 0.0165 -0.1186 0 30 0 0
0.6280 0.0170 -0.1188 0 30 0 0
0.6280 0.0170 -0.1188 0 30 0 0
0.6280 0.0170 -0.1188 0 30 0 0
0.6340 0.0179 -0.1168 0 30 0 0
0.6340 0.0179 -0.1168 0 30 0 0
0.6340 0.0179 -0.1168 0 30 0 0
0.6340 0.0179 -0.1168 0 30 0 0
0.6340 0.0179 -0.1168 0 30 0 0
0.6160 0.0204 -0.1138 0 30 0 0
0.6160 0.0204 -0.1138 0 30 0 0
0.6180 0.0218 -0.1136 0 30 0 0
0.6180 0.0218 -0.1136 0 30 0 0
0.6180 0.0218 -0.1136 0 30 0 0
0.6180 0.0218 -0.1136 0 30 0 0
0.6220 0.0227 -0.1118 0 30 0 0
0.6220 0.0227 -0.1118 0 30 0 0
0.6220 0.0227 -0.1118 0 0 0 0
0.6280 0.0181 -0.1074 0 30 0 0
0.6120 0.0175 -0.1068 0 30 0 0
0.6080 0.0172 -0.1061 0 30 0 0
0.6080 0.0172 -0.1061 0 30 0 0
0.6140 0.0157 -0.1109 0 30 0 0
0.6140 0.0153 -0.1181 0 30 0 0
0.6240 0.0148 -0.1184 0 30 0 0
0.6240 0.0148 -0.1184 0 30 0 0
0.6240 0.0148 -0.1184 0 30 0 0
0.6160 0.0143 -0.1266 0 30 0 0
0.6160 0.0143 -0.1266 0 30 0 0
0.6160 0.0137 -0.1257 0 30 0 0
0.6100 0.0137 -0.1257 0 30 0 0
0.6100 0.0137 -0.1257 0 30 0 0
0.6240 0.0139 -0.1314 0 30 0 0
0.6240 0.0139 -0.1314 0 30 0 0
0.6240 0.0139 -0.1314 0 30 0 0
0.6240 0.0139 -0.1314 0 30 0 0
0.6240 0.0139 -0.1314 0 30 0 0
0.6240 0.0139 -0.1314 0 30 0 0
0.6220 0.0156 -0.1306 0 30 0 0
0.6220 0.0156 -0.1306 0 30 0 0
0.6220 0.0163 -0.1395 0 30 0 0
0.6300 0.0163 -0.1395 0 30 0 0
0.6300 0.0163 -0.1395 0 30 0 0
0.6300 0.0163 -0.1395 0 30 0 0
0.6520 0.0167 -0.1390 0 30 0 0
0.6520 0.0167 -0.1390 0 30 0 0
0.6520 0.0167 -0.1390 0 30 0 0
0.6520 0.0167 -0.1390 0 30 0 0
0.6220 0.0164 -0.1463 0 30 0 0
0.6220 0.0164 -0.1463 0 30 0 0
0.6280 0.0161 -0.1516 0 30 0 0
0.6280 0.0161 -0.1516 0 30 0 0
0.6280 0.0161 -0.1516 0 30 0 0
0.6280 0.0163 -0.1505 0 30 0 0
0.6340 0.0163 -0.1505 0 0 0 0
0.6100 0.0180 -0.1542 30 0 0 0
0.6120 0.0176 -0.1535 30 0 0 0
0.6360 0.0171 -0.1517 30 0 0 0
0.5900 0.0166 -0.1525 30 0 0 0
0.6040 0.0164 -0.1502 30 0 0 0
0.6040 0.0166 -0.1475 30 0 0 0
0.6040 0.0166 -0.1475 30 0 0 0
0.6160 0.0156 -0.1442 30 0 0 0
0.6160 0.0156 -0.1442 30 0 0 0
0.6220 0.0142 -0.1414 30 0 0 0
0.6220 0.0142 -0.1414 30 0 0 0
0.6220 0.0142 -0.1414 30 0 0 0
0.5960 0.0131 -0.1390 30 0 0 0
0.5960 0.0131 -0.1390 30 0 0 0
0.5960 0.0131 -0.1390 30 0 0 0
0.5960 0.0131 -0.1390 30 0 0 0
0.5960 0.0131 -0.1390 30 0 0 0
0.5960 0.0131 -0.1390 30 0 0 0
0.5960 0.0131 -0.1390 30 0 0 0
0.5960 0.0131 -0.1390 30 0 0 0
0.5960 0.0131 -0.1390 30 0 0 0
0.5960 0.0131 -0.1390 30 0 0 0
0.6020 0.0129 -0.1342 30 0 0 0
0.6020 0.0129 -0.1342 30 0 0 0
0.6020 0.0129 -0.1342 30 0 0 0
0.6080 0.0137 -0.1343 30 0 0 0
0.6160 0.0151 -0.1314 30 0 0 0
0.6160 0.0151 -0.1314 30 0 0 0
0.6180 0.0159 -0.1300 30 0 0 0
0.6120 0.0164 -0.1287 30 0 0 0
0.6120 0.0164 -0.1287 30 0 0 0
0.6120 0.0164 -0.1287 30 0 0 0
0.6120 0.0164 -0.1287 30 0 0 0
0.6120 0.0164 -0.1287 30 0 0 0
0.6120 0.0164 -0.1287 30 0 0 0
0.6240 0.0163 -0.1268 30 0 0 0
0.6240 0.0163 -0.1268 30 0 0 0
0.6240 0.0163 -0.1268 30 0 0 0
0.6040 0.0161 -0.1271 30 0 0 0
0.6040 0.0161 -0.1271 30 0 0 0
0.6040 0.0161 -0.1271 30 0 0 0
0.6180 0.0160 -0.1286 30 0 0 0
0.6180 0.0160 -0.1286 30 0 0 0
0.6180 0.0160 -0.1286 30 0 0 0
0.6180 0.0160 -0.1286 30 0 0 0
0.6180 0.0165 -0.1292 30 0 0 0
0.6180 0.0165 -0.1292 30 0 0 0
0.6180 0.0165 -0.1292 30 0 0 0
0.6180 0.0165 -0.1292 30 0 0 0
0.6180 0.0165 -0.1292 30 0 0 0
0.6180 0.0165 -0.1292 30 0 0 0
0.6260 0.0166 -0.1283 30 0 0 0
0.6260 0.0165 -0.1266 30 0 0 0
0.6260 0.0165 -0.1266 30 0 0 0
0.6260 0.0165 -0.1266 30 0 0 0
0.6260 0.0165 -0.1266 30 0 0 0
0.6260 0.0160 -0.1237 30 0 0 0
0.6320 0.0160 -0.1237 30 0 0 0
0.6320 0.0160 -0.1237 30 0 0 0
0.6320 0.0160 -0.1237 30 0 0 0
0.6320 0.0160 -0.1237 30 0 0 0
0.6220 0.0154 -0.1217 30 0 0 0
0.6220 0.0154 -0.1217 30 0 0 0
0.6120 0.0149 -0.1191 30 0 0 0
0.6120 0.0149 -0.1191 30 0 0 0
0.6120 0.0149 -0.1191 30 0 0 0
0.6120 0.0149 -0.1191 30 0 0 0
0.6120 0.0149 -0.1191 30 0 0 0
0.6120 0.0149 -0.1191 30 0 0 0
0.6120 0.0149 -0.1191 30 0 0 0
0.6120 0.0149 -0.1191 30 0 0 0
0.6120 0.0149 -0.1191 30 0 0 0
0.6120 0.0149 -0.1191 30 0 0 0
0.6120 0.0149 -0.1191 30 0 0 0
0.6120 0.0149 -0.1191 30 0 0 0
0.6120 0.0149 -0.1191 30 0 0 0
0.6120 0.0149 -0.1191 30 0 0 0
0.6220 0.0145 -0.1166 30 0 0 0
0.6360 0.0147 -0.1176 30 0 0 0
0.6240 0.0152 -0.1154 30 0 0 0
0.6140 0.0161 -0.1162 30 0 0 0
0.6140 0.0161 -0.1162 30 0 0 0
0.6140 0.0161 -0.1162 30 0 0 0
0.6140 0.0161 -0.1162 30 0 0 0
0.6020 0.0166 -0.1175 30 0 0 0
0.6240 0.0169 -0.1181 30 0 0 0
0.6240 0.0169 -0.1181 30 0 0 0
0.6240 0.0169 -0.1181 30 0 0 0
0.6240 0.0169 -0.1181 30 0 0 0
0.6240 0.0169 -0.1181 30 0 0 0
0.5940 0.0174 -0.1222 30 0 0 0
0.5940 0.0174 -0.1222 30 0 0 0
0.5940 0.0174 -0.1222 30 0 0 0
0.5940 0.0174 -0.1222 30 0 0 0
0.6020 0.0176 -0.1218 0 0 0 0
0.5960 0.0176 -0.1290 30 0 0 0
0.6000 0.0162 -0.1290 30 0 0 0
0.6100 0.0136 -0.1280 30 0 0 0
0.6100 0.0136 -0.1280 30 0 0 0
0.6100 0.0136 -0.1280 30 0 0 0
0.6160 0.0121 -0.1262 30 0 0 0
0.6020 0.0112 -0.1254 30 0 0 0
0.6040 0.0112 -0.1297 30 0 0 0
0.5940 0.0116 -0.1306 30 0 0 0
0.5940 0.0116 -0.1306 30 0 0 0
0.5920 0.0130 -0.1287 30 0 0 0
0.5920 0.0130 -0.1287 30 0 0 0
0.5920 0.0130 -0.1287 30 0 0 0
0.5920 0.0130 -0.1287 30 0 0 0
0.5920 0.0130 -0.1287 30 0 0 0
0.5920 0.0130 -0.1287 30 0 0 0
0.5920 0.0130 -0.1287 30 0 0 0
0.5920 0.0130 -0.1287 30 0 0 0
0.5920 0.0130 -0.1287 30 0 0 0
0.5920 0.0130 -0.1287 30 0 0 0
0.5920 0.0130 -0.1287 30 0 0 0
0.6060 0.0141 -0.1291 30 0 0 0
0.6060 0.0147 -0.1311 30 0 0 0
0.6260 0.0147 -0.1296 30 0 0 0
0.6260 0.0147 -0.1296 30 0 0 0
0.6120 0.0146 -0.1281 30 0 0 0
0.6120 0.0146 -0.1281 30 0 0 0
0.6120 0.0146 -0.1281 30 0 0 0
0.6320 0.0147 -0.6730 30 0 0 0
0.6320 0.0147 -0.6730 30 0 0 0
0.6320 0.0147 -0.6730 30 0 0 0
0.6320 0.0147 -0.6730 30 0 0 0
0.6220 0.0150 -0.6761 30 0 0 0
0.6220 0.0150 -0.6761 30 0 0 0
0.6220 0.0150 -0.6761 30 0 0 0
0.6220 0.0150 -0.6761 30 0 0 0
0.6060 0.0149 -0.6782 30 0 0 0
0.6060 0.0149 -0.6782 30 0 0 0
0.6140 0.0145 -0.6772 30 0 0 0
0.6140 0.0145 -0.6772 30 0 0 0
0.6140 0.0145 -0.6772 30 0 0 0
0.6140 0.0145 -0.6772 30 0 0 0
0.6240 0.0142 -0.6772 30 0 0 0
0.6240 0.0142 -0.6772 30 0 0 0
0.6240 0.0142 -0.6772 30 0 0 0
0.6240 0.0142 -0.6772 30 0 0 0
0.6240 0.0142 -0.6772 30 0 0 0
0.6160 0.0140 -0.6799 30 0 0 0
0.6160 0.0140 -0.6799 30 0 0 0
0.6320 0.0143 -0.6811 30 0 0 0
0.6320 0.0143 -0.6811 30 0 0 0
0.6320 0.0143 -0.6811 30 0 0 0
0.6320 0.0143 -0.6811 30 0 0 0
0.6320 0.0143 -0.6811 30 0 0 0
0.6300 0.0153 -0.6790 30 0 0 0
0.6300 0.0153 -0.6790 30 0 0 0
0.6300 0.0153 -0.6790 30 0 0 0
0.6300 0.0153 -0.6790 30 0 0 0
0.6140 0.0159 -0.6814 30 0 0 0
0.6140 0.0161 -0.6831 30 0 0 0
0.6260 0.0161 -0.6831 30 0 0 0
0.6260 0.0161 -0.6831 30 0 0 0
0.6260 0.0161 -0.6831 30 0 0 0
0.6260 0.0161 -0.6831 30 0 0 0
0.6260 0.0161 -0.6831 30 0 0 0
0.6100 0.0155 -0.6876 30 0 0 0
0.6100 0.0155 -0.6876 30 0 0 0
0.6100 0.0155 -0.6876 30 0 0 0
0.6100 0.0155 -0.6876 30 0 0 0
0.6240 0.0145 -0.6861 30 0 0 0
0.6240 0.0145 -0.6861 30 0 0 0
0.6220 0.0133 -0.6893 30 0 0 0
0.6220 0.0133 -0.6893 30 0 0 0
0.6220 0.0133 -0.6893 30 0 0 0
0.6220 0.0133 -0.6893 30 0 0 0
0.6120 0.0128 -0.6911 30 0 0 0
0.6120 0.0128 -0.6911 30 0 0 0
0.6120 0.0128 -0.6911 30 0 0 0
0.6120 0.0128 -0.6911 30 0 0 0
0.6080 0.0129 -0.6895 30 0 0 0
0.6080 0.0129 -0.6895 30 0 0 0
0.6080 0.0129 -0.6895 30 0 0 0
0.6080 0.0129 -0.6895 30 0 0 0
0.6080 0.0129 -0.6895 30 0 0 0
0.6080 0.0129 -0.6895 30 0 0 0
0.6080 0.0129 -0.6895 30 0 0 0
0.6080 0.0129 -0.6895 30 0 0 0
0.6080 0.0129 -0.6895 30 0 0 0
0.6080 0.0129 -0.6895 30 0 0 0
0.6080 0.0135 -0.6887 30 0 0 0
0.6020 0.0135 -0.6887 30 0 0 0
0.6000 0.0140 -0.6866 30 0 0 0
0.6100 0.0146 -0.6892 30 0 0 0
0.6100 0.0146 -0.6892 30 0 0 0
0.5960 0.0150 -0.6895 30 0 0 0
0.5960 0.0150 -0.6895 30 0 0 0
0.5960 0.0150 -0.6895 30 0 0 0
0.6100 0.0151 -0.6896 30 0 0 0
0.6100 0.0151 -0.6896 30 0 0 0
0.6100 0.0151 -0.6896 30 0 0 0
0.6100 0.0151 -0.6896 30 0 0 0
0.6200 0.0149 -0.6870 30 0 0 0
0.6200 0.0149 -0.6870 30 0 0 0
0.6200 0.0149 -0.6870 30 0 0 0
0.6220 0.0142 -0.6925 30 0 0 0
0.6220 0.0142 -0.6925 30 0 0 0
0.6220 0.0142 -0.6925 30 0 0 0
0.6220 0.0142 -0.6925 30 0 0 0
0.6220 0.0142 -0.6925 30 0 0 0
0.6220 0.0142 -0.6925 30 0 0 0
0.6220 0.0142 -0.6925 30 0 0 0
0.6220 0.0142 -0.6925 30 0 0 0
0.6220 0.0142 -0.6925 30 0 0 0
0.6220 0.0142 -0.6925 30 0 0 0
0.6220 0.0143 -0.6958 30 0 0 0
0.6040 0.0147 -0.6990 30 0 0 0
0.6320 0.0147 -0.6990 30 0 0 0
0.5980 0.0157 -0.7017 30 0 0 0
0.5980 0.0157 -0.7017 30 0 0 0
0.5980 0.0157 -0.7017 30 0 0 0
0.5980 0.0160 -0.7031 30 0 0 0
0.5980 0.0160 -0.7031 30 0 0 0
0.5980 0.0160 -0.7031 30 0 0 0
0.6180 0.0155 -0.7052 30 0 0 0
0.6180 0.0155 -0.7052 30 0 0 0
0.6040 0.0149 -0.7114 30 0 0 0
0.6040 0.0149 -0.7114 30 0 0 0
0.6040 0.0149 -0.7114 30 0 0 0
0.6040 0.0149 -0.7114 30 0 0 0
0.5960 0.0148 -0.7159 30 0 0 0
0.5960 0.0148 -0.7159 30 0 0 0
0.5960 0.0148 -0.7159 30 0 0 0
0.5960 0.0148 -0.7159 30 0 0 0
0.5960 0.0148 -0.7159 30 0 0 0
0.5960 0.0148 -0.7159 30 0 0 0
0.5960 0.0148 -0.7159 30 0 0 0
0.5960 0.0148 -0.7159 30 0 0 0
0.5960 0.0148 -0.7159 30 0 0 0
0.5820 0.0151 -0.7145 30 0 0 0
0.5820 0.0151 -0.7145 30 0 0 0
0.6020 0.0153 -0.7136 30 0 0 0
0.6100 0.0153 -0.7124 30 0 0 0
0.6100 0.0153 -0.7124 30 0 0 0
0.6160 0.0156 -0.7152 30 0 0 0
0.6160 0.0156 -0.7152 30 0 0 0
0.6160 0.0156 -0.7152 30 0 0 0
0.6160 0.0156 -0.7152 30 0 0 0
0.6000 0.0166 -0.7154 30 0 0 0
0.6000 0.0166 -0.7154 30 0 0 0
0.6000 0.0166 -0.7154 0 0 0 0
0.6120 0.0130 -0.6432 30 0 0 0
0.5860 0.0134 -0.6219 30 0 0 0
0.6000 0.0138 -0.6236 30 0 0 0
0.6040 0.0140 -0.6181 30 0 0 0
0.6200 0.0159 -0.6179 30 0 0 0
0.6180 0.0158 -0.6181 30 0 0 0
0.6020 0.0155 -0.6191 30 0 0 0
0.6020 0.0155 -0.6191 30 0 0 0
0.6020 0.0155 -0.6191 30 0 0 0
0.6020 0.0148 -0.6168 30 0 0 0
0.6080 0.0148 -0.6168 30 0 0 0
0.6080 0.0148 -0.6168 30 0 0 0
0.6080 0.0141 -0.6194 30 0 0 0
0.5820 0.0141 -0.6194 30 0 0 0
0.5820 0.0141 -0.6194 30 0 0 0
0.5820 0.0141 -0.6194 30 0 0 0
0.6280 0.0140 -0.6200 30 0 0 0
0.6280 0.0140 -0.6200 30 0 0 0
0.6280 0.0140 -0.6200 30 0 0 0
0.6260 0.0144 -0.6211 30 0 0 0
0.6260 0.0144 -0.6211 30 0 0 0
0.6260 0.0144 -0.6211 30 0 0 0
0.6040 0.0143 -0.6231 30 0 0 0
0.6040 0.0143 -0.6231 30 0 0 0
0.6040 0.0143 -0.6231 30 0 0 0
0.6040 0.0143 -0.6231 30 0 0 0
0.6100 0.0140 -0.6250 30 0 0 0
0.6100 0.0140 -0.6250 30 0 0 0
0.6100 0.0140 -0.6250 30 0 0 0
0.6100 0.0140 -0.6250 30 0 0 0
0.6100 0.0135 -0.6301 30 0 0 0
0.6100 0.0135 -0.6301 30 0 0 0
0.6100 0.0135 -0.6301 30 0 0 0
0.6100 0.0135 -0.6301 30 0 0 0
0.6080 0.0131 -0.6343 30 0 0 0
0.6080 0.0131 -0.6343 30 0 0 0
0.6080 0.0131 -0.6343 30 0 0 0
0.6080 0.0131 -0.6343 30 0 0 0
0.6080 0.0131 -0.6343 30 0 0 0
0.6200 0.0127 -0.6374 30 0 0 0
0.6200 0.0127 -0.6374 30 0 0 0
0.6020 0.0125 -0.6403 30 0 0 0
0.6020 0.0125 -0.6403 30 0 0 0
0.6020 0.0125 -0.6403 30 0 0 0
0.6020 0.0131 -0.6425 30 0 0 0
0.5960 0.0131 -0.6425 30 0 0 0
0.5960 0.0131 -0.6425 30 0 0 0
0.5960 0.0131 -0.6425 30 0 0 0
0.5960 0.0131 -0.6425 30 0 0 0
0.5920 0.0144 -0.6465 30 0 0 0
0.5920 0.0144 -0.6465 30 0 0 0
0.6140 0.0154 -0.6475 30 0 0 0
0.6140 0.0154 -0.6475 30 0 0 0
0.6140 0.0154 -0.6475 30 0 0 0
0.6140 0.0154 -0.6475 30 0 0 0
0.6060 0.0160 -0.6493 30 0 0 0
0.6060 0.0160 -0.6493 30 0 0 0
0.6060 0.0160 -0.6493 30 0 0 0
0.6060 0.0160 -0.6493 30 0 0 0
0.6060 0.0166 -0.6500 30 0 0 0
0.6060 0.0166 -0.6500 30 0 0 0
0.6060 0.0164 -0.6531 30 0 0 0
0.5900 0.0164 -0.6531 30 0 0 0
0.5900 0.0164 -0.6531 30 0 0 0
0.5900 0.0164 -0.6531 30 0 0 0
0.5900 0.0164 -0.6531 30 0 0 0
0.5900 0.0164 -0.6531 30 0 0 0
0.5900 0.0164 -0.6531 30 0 0 0
0.5900 0.0164 -0.6531 30 0 0 0
0.5900 0.0164 -0.6531 30 0 0 0
0.5900 0.0164 -0.6531 30 0 0 0
0.5900 0.0164 -0.6531 30 0 0 0
0.5900 0.0164 -0.6531 30 0 0 0
0.6020 0.0154 -0.6534 30 0 0 0
0.6020 0.0154 -0.6534 30 0 0 0
0.6120 0.0143 -0.6563 30 0 0 0
0.6020 0.0139 -0.6592 30 0 0 0
0.6180 0.0139 -0.6593 30 0 0 0
0.6180 0.0139 -0.6593 30 0 0 0
0.6180 0.0139 -0.6593 30 0 0 0
0.6180 0.0139 -0.6593 30 0 0 0
0.6180 0.0139 -0.6593 30 0 0 0
0.6080 0.0141 -0.6614 30 0 0 0
0.6080 0.0141 -0.6614 30 0 0 0
0.6100 0.0143 -0.6614 30 0 0 0
0.6100 0.0143 -0.6614 30 0 0 0
0.6100 0.0143 -0.6614 30 0 0 0
0.6100 0.0148 -0.6648 30 0 0 0
0.6060 0.0148 -0.6648 30 0 0 0
0.6060 0.0148 -0.6648 30 0 0 0
0.6060 0.0148 -0.6648 30 0 0 0
0.6060 0.0148 -0.6648 30 0 0 0
0.6060 0.0148 -0.6648 30 0 0 0
0.6060 0.0148 -0.6648 30 0 0 0
0.6060 0.0148 -0.6648 30 0 0 0
0.6060 0.0148 -0.6648 30 0 0 0
0.6060 0.0148 -0.6648 30 0 0 0
0.6000 0.0159 -0.6643 30 0 0 0
0.6000 0.0159 -0.6643 30 0 0 0
0.6000 0.0159 -0.6643 30 0 0 0
0.5900 0.0166 -0.6681 30 0 0 0
0.5900 0.0166 -0.6681 30 0 0 0
0.5900 0.0166 -0.6681 30 0 0 0
0.5900 0.0166 -0.6681 30 0 0 0
0.6040 0.0169 -0.6710 30 0 0 0
0.6040 0.0169 -0.6710 30 0 0 0
0.6040 0.0172 -0.6711 30 0 0 0
0.6280 0.0172 -0.6711 30 0 0 0
0.6280 0.0172 -0.6711 30 0 0 0
0.6280 0.0172 -0.6711 30 0 0 0
0.5900 0.0172 -0.6733 30 0 0 0
0.5900 0.0172 -0.6733 30 0 0 0
0.5900 0.0172 -0.6733 30 0 0 0
0.5900 0.0172 -0.6733 30 0 0 0
0.5900 0.0172 -0.6733 30 0 0 0
0.5940 0.0170 -0.6734 30 0 0 0
0.5940 0.0170 -0.6734 30 0 0 0
0.5940 0.0170 -0.6734 30 0 0 0
0.5940 0.0170 -0.6734 30 0 0 0
0.5940 0.0170 -0.6734 30 0 0 0
0.5940 0.0170 -0.6734 30 0 0 0
0.5940 0.0170 -0.6734 30 0 0 0
0.5940 0.0170 -0.6734 30 0 0 0
0.5940 0.0170 -0.6734 30 0 0 0
0.5860 0.0164 -0.6766 30 0 0 0
0.5860 0.0152 -0.6787 30 0 0 0
0.5860 0.0152 -0.6787 30 0 0 0
0.5920 0.0139 -0.6792 30 0 0 0
0.5920 0.0139 -0.6792 30 0 0 0
0.5920 0.0139 -0.6792 30 0 0 0
0.5900 0.0136 -0.6815 30 0 0 0
0.5900 0.0136 -0.6815 30 0 0 0
0.5900 0.0136 -0.6815 30 0 0 0
0.5740 0.0135 -0.6812 30 0 0 0
0.5740 0.0135 -0.6812 30 0 0 0
0.5740 0.0135 -0.6812 30 0 0 0
0.5740 0.0135 -0.6812 30 0 0 0
0.5740 0.0135 -0.6812 30 0 0 0
0.5860 0.0138 -0.6835 30 0 0 0
0.5860 0.0138 -0.6835 30 0 0 0
0.5860 0.0138 -0.6835 30 0 0 0
0.5980 0.0141 -0.6830 30 0 0 0
0.5980 0.0141 -0.6830 30 0 0 0
0.5980 0.0141 -0.6830 30 0 0 0
0.5720 0.0142 -0.6857 30 0 0 0
0.5720 0.0142 -0.6857 30 0 0 0
0.5720 0.0142 -0.6857 30 0 0 0
0.5720 0.0142 -0.6857 30 0 0 0
0.5720 0.0142 -0.6857 30 0 0 0
0.6200 0.0143 -0.6855 30 0 0 0
0.6200 0.0143 -0.6855 30 0 0 0
0.6200 0.0143 -0.6855 30 0 0 0
0.5880 0.0144 -0.6868 30 0 0 0
0.5880 0.0144 -0.6868 30 0 0 0
0.5880 0.0144 -0.6868 30 0 0 0
0.6140 0.0142 -0.6861 30 0 0 0
0.6140 0.0142 -0.6861 30 0 0 0
0.6140 0.0142 -0.6861 30 0 0 0
0.6140 0.0142 -0.6861 30 0 0 0
0.6140 0.0142 -0.6861 30 0 0 0
0.6080 0.0142 -0.6870 30 0 0 0
0.6080 0.0142 -0.6870 30 0 0 0
0.5920 0.0148 -0.6863 30 0 0 0
0.5920 0.0148 -0.6863 30 0 0 0
0.5920 0.0148 -0.6863 30 0 0 0
0.6020 0.0155 -0.6861 30 0 0 0
0.6020 0.0155 -0.6861 30 0 0 0
0.6020 0.0155 -0.6861 30 0 0 0
0.6020 0.0155 -0.6861 30 0 0 0
0.6020 0.0155 -0.6861 30 0 0 0
0.5960 0.0166 -0.6848 30 0 0 0
0.5960 0.0166 -0.6848 30 0 0 0
0.5960 0.0166 -0.6848 30 0 0 0
0.5780 0.0169 -0.6865 30 0 0 0
0.5780 0.0169 -0.6865 30 0 0 0
0.5780 0.0169 -0.6865 30 0 0 0
0.6120 0.0165 -0.6858 30 0 0 0
0.6120 0.0165 -0.6858 30 0 0 0
0.6120 0.0165 -0.6858 30 0 0 0
0.6120 0.0165 -0.6858 30 0 0 0
0.6120 0.0165 -0.6858 30 0 0 0
0.6120 0.0165 -0.6858 30 0 0 0
0.5740 0.0155 -0.6851 30 0 0 0
0.5740 0.0155 -0.6851 30 0 0 0
0.5740 0.0155 -0.6851 30 0 0 0
0.5860 0.0149 -0.6858 30 0 0 0
0.5860 0.0149 -0.6858 30 0 0 0
0.5860 0.0149 -0.6858 30 0 0 0
0.5860 0.0149 -0.6858 30 0 0 0
0.5860 0.0149 -0.6858 30 0 0 0
0.5860 0.0149 -0.6858 30 0 0 0
0.5860 0.0149 -0.6858 30 0 0 0
0.5860 0.0149 -0.6858 30 0 0 0
0.5860 0.0149 -0.6858 30 0 0 0
0.5860 0.0149 -0.6858 30 0 0 0
0.5860 0.0149 -0.6858 30 0 0 0
0.5980 0.0142 -0.6851 30 0 0 0
0.6060 0.0137 -0.6830 30 0 0 0
0.6220 0.0136 -0.6822 30 0 0 0
0.6160 0.0138 -0.6836 30 0 0 0
0.6160 0.0138 -0.6836 30 0 0 0
0.6160 0.0138 -0.6836 30 0 0 0
0.6160 0.0138 -0.6836 30 0 0 0
0.6160 0.0138 -0.6836 30 0 0 0
0.6060 0.0143 -0.6830 30 0 0 0
0.6060 0.0143 -0.6830 30 0 0 0
0.5920 0.0145 -0.6825 30 0 0 0
0.5920 0.0145 -0.6825 30 0 0 0
0.5920 0.0145 -0.6825 30 0 0 0
0.5920 0.0145 -0.6825 30 0 0 0
0.5920 0.0145 -0.6825 30 0 0 0
0.6200 0.0146 -0.6818 30 0 0 0
0.6200 0.0146 -0.6818 30 0 0 0
0.6200 0.0146 -0.6818 30 0 0 0
0.6200 0.0146 -0.6818 30 0 0 0
0.6040 0.0149 -0.6815 30 0 0 0
0.5940 0.0150 -0.6821 30 0 0 0
0.5940 0.0150 -0.6821 30 0 0 0
0.5940 0.0150 -0.6821 30 0 0 0
0.5940 0.0150 -0.6821 30 0 0 0
0.5940 0.0150 -0.6821 30 0 0 0
0.6080 0.0152 -0.6819 30 0 0 0
0.6080 0.0152 -0.6819 30 0 0 0
0.6080 0.0152 -0.6819 30 0 0 0
0.6080 0.0152 -0.6819 30 0 0 0
0.6080 0.0152 -0.6819 30 0 0 0
0.6060 0.0150 -0.6816 30 0 0 0
0.6060 0.0150 -0.6816 30 0 0 0
0.6060 0.0150 -0.6816 30 0 0 0
0.6060 0.0150 -0.6816 30 0 0 0
0.6060 0.0150 -0.6816 30 0 0 0
0.6020 0.0148 -0.6819 30 0 0 0
0.6020 0.0148 -0.6819 30 0 0 0
0.6020 0.0148 -0.6819 30 0 0 0
0.6260 0.0149 -0.6818 30 0 0 0
0.6260 0.0149 -0.6818 30 0 0 0
0.6000 0.0151 -0.6815 30 0 0 0
0.6000 0.0151 -0.6815 30 0 0 0
0.5980 0.0155 -0.6816 30 0 0 0
0.5980 0.0155 -0.6816 30 0 0 0
0.5980 0.0155 -0.6816 30 0 0 0
0.5980 0.0155 -0.6816 30 0 0 0
0.5980 0.0155 -0.6816 30 0 0 0
0.5960 0.0156 -0.6816 30 0 0 0
0.5960 0.0156 -0.6816 30 0 0 0
0.5960 0.0156 -0.6816 30 0 0 0
0.5960 0.0159 -0.1866 30 0 0 0
0.6100 0.0159 -0.1866 30 0 0 0
0.6100 0.0159 -0.1866 30 0 0 0
0.6100 0.0161 -0.1869 30 0 0 0
0.6100 0.0161 -0.1869 30 0 0 0
0.6100 0.0161 -0.1869 30 0 0 0
0.6100 0.0161 -0.1869 30 0 0 0
0.6100 0.0161 -0.1869 30 0 0 0
0.5880 0.0164 -0.1878 30 0 0 0
0.5880 0.0164 -0.1878 30 0 0 0
0.5880 0.0164 -0.1878 30 0 0 0
0.5880 0.0164 -0.1878 30 0 0 0
0.5880 0.0164 -0.1878 30 0 0 0
0.5960 0.0164 -0.1858 30 0 0 0
0.6260 0.0165 -0.1843 30 0 0 0
0.6260 0.0165 -0.1843 30 0 0 0
0.6260 0.0165 -0.1843 30 0 0 0
0.6260 0.0165 -0.1843 30 0 0 0
0.6260 0.0165 -0.1843 30 0 0 0
0.6160 0.0168 -0.1819 30 0 0 0
0.6160 0.0168 -0.1819 30 0 0 0
0.6160 0.0168 -0.1819 30 0 0 0
0.6160 0.0168 -0.1819 30 0 0 0
0.6160 0.0172 -0.1823 30 0 0 0
0.6400 0.0172 -0.1823 30 0 0 0
0.6400 0.0172 -0.1823 30 0 0 0
0.6400 0.0174 -0.1826 30 0 0 0
0.6400 0.0174 -0.1826 30 0 0 0
0.6400 0.0174 -0.1826 30 0 0 0
0.6400 0.0174 -0.1826 30 0 0 0
0.6260 0.0175 -0.1831 30 0 0 0
0.6260 0.0175 -0.1831 30 0 0 0
0.6260 0.0175 -0.1831 30 0 0 0
0.6260 0.0175 -0.1831 30 0 0 0
0.6260 0.0175 -0.1831 30 0 0 0
0.6140 0.0171 -0.1851 30 0 0 0
0.6140 0.0166 -0.1847 30 0 0 0
0.6180 0.0166 -0.1847 30 0 0 0
0.6180 0.0166 -0.1847 30 0 0 0
0.6180 0.0166 -0.1847 30 0 0 0
0.6180 0.0166 -0.1847 30 0 0 0
0.6180 0.0166 -0.1847 30 0 0 0
0.6220 0.0155 -0.1864 30 0 0 0
0.6220 0.0155 -0.1864 30 0 0 0
0.6220 0.0155 -0.1864 30 0 0 0
0.6220 0.0155 -0.1864 30 0 0 0
0.6220 0.0150 -0.1871 30 0 0 0
0.6440 0.0150 -0.1871 30 0 0 0
0.6440 0.0150 -0.1871 30 0 0 0
0.6440 0.0150 -0.1871 30 0 0 0
0.6220 0.0147 -0.1884 30 0 0 0
0.6220 0.0147 -0.1884 30 0 0 0
0.6220 0.0147 -0.1884 30 0 0 0
0.6200 0.0148 -0.1885 30 0 0 0
0.6200 0.0148 -0.1885 30 0 0 0
0.6200 0.0148 -0.1885 30 0 0 0
0.6200 0.0153 -0.1887 30 0 0 0
0.6360 0.0153 -0.1887 30 0 0 0
0.6360 0.0153 -0.1887 30 0 0 0
0.6340 0.0158 -0.1887 30 0 0 0
0.6340 0.0158 -0.1887 30 0 0 0
0.6340 0.0158 -0.1887 30 0 0 0
0.6340 0.0158 -0.1887 30 0 0 0
0.6340 0.0157 -0.1876 30 0 0 0
0.6280 0.0157 -0.1876 30 0 0 0
0.6280 0.0157 -0.1876 30 0 0 0
0.6280 0.0157 -0.1876 30 0 0 0
0.6280 0.0157 -0.1876 30 0 0 0
0.6160 0.0154 -0.1882 30 0 0 0
0.6160 0.0154 -0.1882 30 0 0 0
0.6160 0.0154 -0.1882 30 0 0 0
0.6160 0.0154 -0.1882 30 0 0 0
0.6160 0.0154 -0.1882 30 0 0 0
0.6220 0.0152 -0.1878 30 0 0 0
0.6220 0.0152 -0.1878 30 0 0 0
0.6320 0.0154 -0.1879 30 0 0 0
0.6320 0.0154 -0.1879 30 0 0 0
0.6320 0.0154 -0.1879 30 0 0 0
0.6320 0.0154 -0.1879 30 0 0 0
0.6320 0.0154 -0.1879 30 0 0 0
0.6180 0.0155 -0.1881 30 0 0 0
0.6300 0.0153 -0.1905 30 0 0 0
0.6300 0.0153 -0.1905 30 0 0 0
0.6300 0.0153 -0.1905 30 0 0 0
0.6300 0.0153 -0.1905 30 0 0 0
0.6300 0.0153 -0.1905 30 0 0 0
0.6060 0.0153 -0.1930 30 0 0 0
0.6060 0.0153 -0.1930 30 0 0 0
0.6060 0.0153 -0.1930 30 0 0 0
0.6060 0.0153 -0.1930 30 0 0 0
0.6400 0.0155 -0.1941 0 0 0 0
0.6220 0.0151 -0.1889 30 0 0 0
0.6260 0.0150 -0.1888 30 0 0 0
0.6240 0.0144 -0.1891 30 0 0 0
0.6240 0.0141 -0.1857 30 0 0 0
0.6360 0.0141 -0.1857 30 0 0 0
0.6240 0.0145 -0.1857 30 0 0 0
0.6380 0.0147 -0.1835 30 0 0 0
0.6440 0.0147 -0.1854 30 0 0 0
0.6200 0.0147 -0.1862 30 0 0 0
0.6200 0.0147 -0.1862 30 0 0 0
0.6200 0.0147 -0.1862 30 0 0 0
0.6200 0.0147 -0.1862 30 0 0 0
0.6160 0.0146 -0.1865 30 0 0 0
0.6160 0.0146 -0.1865 30 0 0 0
0.6160 0.0146 -0.1865 30 0 0 0
0.6140 0.0144 -0.1853 30 0 0 0
0.6140 0.0144 -0.1853 30 0 0 0
0.6140 0.0144 -0.1853 30 0 0 0
0.6140 0.0144 -0.1853 30 0 0 0
0.6280 0.0140 -0.1844 30 0 0 0
0.6280 0.0140 -0.1844 0 0 0 0
0.6140 0.0128 -0.1816 30 0 0 0
0.6180 0.0128 -0.1804 30 0 0 0
0.6020 0.0131 -0.1811 30 0 0 0
0.6340 0.0142 -0.1801 30 0 0 0
0.6100 0.0141 -0.1758 30 0 0 0
0.6160 0.0141 -0.1762 30 0 0 0
0.6220 0.0143 -0.1741 30 0 0 0
0.6220 0.0143 -0.1741 30 0 0 0
0.6220 0.0143 -0.1741 30 0 0 0
0.6220 0.0143 -0.1741 30 0 0 0
0.6220 0.0143 -0.1741 30 0 0 0
0.6220 0.0143 -0.1741 30 0 0 0
0.6220 0.0148 -0.1727 30 0 0 0
0.6060 0.0148 -0.1727 30 0 0 0
0.5900 0.0156 -0.1737 30 0 0 0
0.6180 0.0158 -0.1738 30 0 0 0
0.6180 0.0158 -0.1738 30 0 0 0
0.6180 0.0155 -0.1706 0 0 0 0
0.6280 0.0154 -0.1639 30 0 0 0
0.6420 0.0152 -0.1656 30 0 0 0
0.6180 0.0148 -0.1678 30 0 0 0
0.6160 0.0153 -0.1701 30 0 0 0
0.6460 0.0163 -0.1712 30 0 0 0
0.6220 0.0168 -0.1711 30 0 0 0
0.6220 0.0168 -0.1711 30 0 0 0
0.6220 0.0171 -0.1730 30 0 0 0
0.6220 0.0171 -0.1730 30 0 0 0
0.6300 0.0172 -0.1742 30 0 0 0
0.6300 0.0172 -0.1742 30 0 0 0
0.6300 0.0172 -0.1742 30 0 0 0
0.6300 0.0172 -0.1742 30 0 0 0
0.6160 0.0169 -0.1731 30 0 0 0
0.6160 0.0169 -0.1731 30 0 0 0
0.6160 0.0169 -0.1731 30 0 0 0
0.6160 0.0169 -0.1731 30 0 0 0
0.6280 0.0166 -0.1721 30 0 0 0
0.6280 0.0166 -0.1721 30 0 0 0
0.6280 0.0166 -0.1721 30 0 0 0
0.6260 0.0159 -0.1746 30 0 0 0
0.6260 0.0159 -0.1746 30 0 0 0
0.6260 0.0159 -0.1746 30 0 0 0
0.6260 0.0159 -0.1746 30 0 0 0
0.6260 0.0159 -0.1746 30 0 0 0
0.6320 0.0155 -0.1746 30 0 0 0
0.6320 0.0155 -0.1746 30 0 0 0
0.6320 0.0155 -0.1746 30 0 0 0
0.6320 0.0155 -0.1746 30 0 0 0
0.6320 0.0155 -0.1746 30 0 0 0
0.6340 0.0152 -0.1751 0 0 0 0
0.6400 0.0142 -0.1696 0 30 0 0
0.6400 0.0142 -0.1696 0 30 0 0
0.6200 0.0150 -0.1730 0 30 0 0
0.6100 0.0155 -0.1732 0 30 0 0
0.6220 0.0155 -0.1753 0 30 0 0
0.6220 0.0151 -0.1750 0 30 0 0
0.6200 0.0151 -0.1742 0 30 0 0
0.6240 0.0152 -0.1759 0 30 0 0
0.6240 0.0152 -0.1759 0 30 0 0
0.6240 0.0152 -0.1759 0 30 0 0
0.6240 0.0152 -0.1759 0 30 0 0
0.6380 0.0160 -0.1770 0 30 0 0
0.6380 0.0160 -0.1770 0 30 0 0
0.6380 0.0167 -0.1782 0 30 0 0
0.6280 0.0167 -0.1782 0 30 0 0
0.6280 0.0167 -0.1782 0 0 0 0
0.6080 0.0188 -0.1815 0 30 0 0
0.6180 0.0192 -0.1819 0 30 0 0
0.6060 0.0190 -0.1826 0 30 0 0
0.5920 0.0178 -0.1839 0 30 0 0
0.6180 0.0157 -0.1840 0 30 0 0
0.6180 0.0157 -0.1840 0 30 0 0
0.6180 0.0157 -0.1840 0 30 0 0
0.6160 0.0139 -0.1847 0 30 0 0
0.6160 0.0139 -0.1847 0 30 0 0
0.6160 0.0139 -0.1847 0 30 0 0
0.6040 0.0131 -0.1852 0 30 0 0
0.6040 0.0131 -0.1852 0 30 0 0
0.6040 0.0131 -0.1852 0 30 0 0
0.6040 0.0131 -0.1852 0 30 0 0
0.5860 0.0130 -0.1862 0 30 0 0
0.5860 0.0130 -0.1862 0 30 0 0
0.5860 0.0130 -0.1862 0 30 0 0
0.5860 0.0130 -0.1862 0 30 0 0
0.5860 0.0134 -0.1898 0 30 0 0
0.6020 0.0134 -0.1898 0 30 0 0
0.5880 0.0139 -0.1902 0 30 0 0
0.5880 0.0139 -0.1902 0 30 0 0
0.5880 0.0139 -0.1902 0 30 0 0
0.5880 0.0139 -0.1902 0 0 0 0
0.5960 0.0146 -0.1933 0 30 0 0
0.6080 0.0152 -0.1928 0 30 0 0
0.6240 0.0154 -0.1941 0 30 0 0
0.6100 0.0150 -0.1958 0 30 0 0
0.6100 0.0150 -0.1958 0 30 0 0
0.6100 0.0150 -0.1958 0 30 0 0
0.6100 0.0145 -0.1954 0 30 0 0
0.6120 0.0145 -0.1954 0 30 0 0
0.6160 0.0138 -0.1980 0 30 0 0
0.6160 0.0138 -0.1980 0 30 0 0
0.6160 0.0138 -0.1980 0 30 0 0
0.6160 0.0138 -0.1980 0 30 0 0
0.6160 0.0138 -0.1980 0 30 0 0
0.6320 0.0132 -0.2000 0 30 0 0
0.6320 0.0132 -0.2000 0 30 0 0
0.6320 0.0132 -0.2000 0 30 0 0
0.6320 0.0132 -0.2000 0 30 0 0
0.6320 0.0132 -0.2000 0 30 0 0
0.6320 0.0132 -0.2000 0 30 0 0
0.6320 0.0132 -0.2000 0 30 0 0
0.6320 0.0132 -0.2000 0 30 0 0
0.6320 0.0132 -0.2000 0 30 0 0
0.6320 0.0132 -0.2000 0 30 0 0
0.6320 0.0132 -0.2000 0 30 0 0
0.6320 0.0131 -0.2013 0 30 0 0
0.6260 0.0134 -0.2008 0 30 0 0
0.6260 0.0134 -0.2008 0 30 0 0
0.6140 0.0139 -0.1994 0 30 0 0
0.6120 0.0148 -0.1990 0 30 0 0
0.6120 0.0148 -0.1990 0 30 0 0
0.6180 0.0159 -0.1981 0 30 0 0
0.6180 0.0159 -0.1981 0 30 0 0
0.6180 0.0159 -0.1981 0 30 0 0
0.6180 0.0159 -0.1981 0 30 0 0
0.6180 0.0159 -0.1981 0 30 0 0
0.6020 0.0168 -0.1971 0 30 0 0
0.6020 0.0168 -0.1971 0 30 0 0
0.6020 0.0168 -0.1971 0 30 0 0
0.6360 0.0165 -0.1968 0 30 0 0
0.6360 0.0165 -0.1968 0 30 0 0
0.6260 0.0159 -0.1957 0 30 0 0
0.6260 0.0159 -0.1957 0 30 0 0
0.6260 0.0159 -0.1957 0 30 0 0
0.6260 0.0159 -0.1957 0 30 0 0
0.6260 0.0159 -0.1957 0 30 0 0
0.6400 0.0148 -0.1972 0 30 0 0
0.6400 0.0148 -0.1972 0 30 0 0
0.6400 0.0148 -0.1972 0 30 0 0
0.6400 0.0148 -0.1972 0 30 0 0
0.6400 0.0134 -0.1985 0 30 0 0
0.6140 0.0134 -0.1985 0 30 0 0
0.6140 0.0134 -0.1985 0 30 0 0
0.6080 0.0127 -0.1982 0 30 0 0
0.6080 0.0127 -0.1982 0 0 0 0
0.6180 0.0141 -0.1986 0 30 0 0
0.6180 0.0141 -0.1986 0 30 0 0
0.6260 0.0143 -0.1946 0 30 0 0
0.6120 0.0139 -0.1949 0 30 0 0
0.6040 0.0137 -0.1947 0 30 0 0
0.6340 0.0139 -0.1928 0 30 0 0
0.6100 0.0141 -0.1920 0 30 0 0
0.6100 0.0141 -0.1920 0 30 0 0
0.6240 0.0143 -0.1895 0 30 0 0
0.6040 0.0143 -0.1895 0 30 0 0
0.6040 0.0143 -0.1895 0 30 0 0
0.6040 0.0143 -0.1895 0 30 0 0
0.6040 0.0143 -0.1895 0 30 0 0
0.6340 0.0143 -0.1880 0 30 0 0
0.6340 0.0143 -0.1880 0 30 0 0
0.6340 0.0143 -0.1880 0 30 0 0
0.6340 0.0143 -0.1880 0 30 0 0
0.6340 0.0143 -0.1880 0 30 0 0
0.6180 0.0142 -0.1882 0 30 0 0
0.6180 0.0142 -0.1882 0 30 0 0
0.6080 0.0143 -0.1854 0 30 0 0
0.6080 0.0143 -0.1854 0 30 0 0
0.6080 0.0143 -0.1854 0 30 0 0
0.6080 0.0143 -0.1854 0 30 0 0
0.6080 0.0143 -0.1854 0 30 0 0
0.6040 0.0151 -0.1846 0 30 0 0
0.6040 0.0151 -0.1846 0 30 0 0
0.6040 0.0151 -0.1846 0 30 0 0
0.6040 0.0151 -0.1846 0 30 0 0
0.6140 0.0155 -0.1848 0 30 0 0
0.6140 0.0155 -0.1848 0 30 0 0
0.6260 0.0159 -0.1845 0 30 0 0
0.6260 0.0159 -0.1845 0 30 0 0
0.6260 0.0159 -0.1845 0 30 0 0
0.6260 0.0159 -0.1845 0 30 0 0
0.6260 0.0159 -0.1845 0 30 0 0
0.6260 0.0160 -0.1837 0 30 0 0
0.6260 0.0160 -0.1837 0 30 0 0
0.6260 0.0160 -0.1837 0 30 0 0
0.6260 0.0160 -0.1837 0 30 0 0
0.6280 0.0159 -0.1839 0 30 0 0
0.6280 0.0159 -0.1839 0 30 0 0
0.6280 0.0159 -0.1839 0 30 0 0
0.6440 0.0160 -0.1846 0 30 0 0
0.6440 0.0160 -0.1846 0 0 0 0
0.6460 0.0167 -0.1861 30 0 0 0
0.6220 0.0167 -0.1890 30 0 0 0
0.6380 0.0167 -0.1890 30 0 0 0
0.6280 0.0165 -0.1901 30 0 0 0
0.6320 0.0158 -0.1904 30 0 0 0
0.6160 0.0149 -0.1918 30 0 0 0
0.6160 0.0149 -0.1918 30 0 0 0
0.6160 0.0149 -0.1918 30 0 0 0
0.6080 0.0139 -0.1917 30 0 0 0
0.6080 0.0139 -0.1917 30 0 0 0
0.6080 0.0139 -0.1917 30 0 0 0
0.6160 0.0137 -0.1935 30 0 0 0
0.6160 0.0137 -0.1935 30 0 0 0
0.6160 0.0137 -0.1935 30 0 0 0
0.6160 0.0137 -0.1935 30 0 0 0
0.6200 0.0138 -0.1935 30 0 0 0
0.6200 0.0138 -0.1935 30 0 0 0
0.6200 0.0138 -0.1935 30 0 0 0
0.6200 0.0138 -0.1935 30 0 0 0
0.6040 0.0137 -0.1968 30 0 0 0
0.6040 0.0137 -0.1968 30 0 0 0
0.6080 0.0136 -0.1962 30 0 0 0
0.6080 0.0136 -0.1962 30 0 0 0
0.6080 0.0136 -0.1962 30 0 0 0
0.6080 0.0136 -0.1962 30 0 0 0
0.6080 0.0138 -0.1974 30 0 0 0
0.6080 0.0138 -0.1974 30 0 0 0
0.6080 0.0138 -0.1974 30 0 0 0
0.6080 0.0138 -0.1974 30 0 0 0
0.6200 0.0142 -0.1969 30 0 0 0
0.6200 0.0142 -0.1969 30 0 0 0
0.6200 0.0142 -0.1969 30 0 0 0
0.6200 0.0142 -0.1969 30 0 0 0
0.5960 0.0146 -0.2006 30 0 0 0
0.5960 0.0146 -0.2006 30 0 0 0
0.5960 0.0146 -0.2006 30 0 0 0
0.5960 0.0146 -0.2006 30 0 0 0
0.6240 0.0145 -0.1997 30 0 0 0
0.6240 0.0145 -0.1997 30 0 0 0
0.6240 0.0145 -0.1997 30 0 0 0
0.6240 0.0145 -0.1997 30 0 0 0
0.6020 0.0140 -0.2001 30 0 0 0
0.6020 0.0140 -0.2001 30 0 0 0
0.6260 0.0131 -0.2007 30 0 0 0
0.6260 0.0131 -0.2007 30 0 0 0
0.6260 0.0131 -0.2007 30 0 0 0
0.6260 0.0131 -0.2007 30 0 0 0
0.6100 0.0129 -0.1996 30 0 0 0
0.6100 0.0129 -0.1996 30 0 0 0
0.6100 0.0129 -0.1996 30 0 0 0
0.6100 0.0129 -0.1996 30 0 0 0
0.6100 0.0129 -0.1996 30 0 0 0
0.6200 0.0130 -0.1996 30 0 0 0
0.6200 0.0130 -0.1996 30 0 0 0
0.6000 0.0130 -0.1989 30 0 0 0
0.6000 0.0130 -0.1989 30 0 0 0
0.6000 0.0130 -0.1989 30 0 0 0
0.6000 0.0130 -0.1989 30 0 0 0
0.6000 0.0130 -0.1989 30 0 0 0
0.6000 0.0130 -0.1989 30 0 0 0
0.6000 0.0130 -0.1989 30 0 0 0
0.6000 0.0130 -0.1989 30 0 0 0
0.6000 0.0130 -0.1989 30 0 0 0
0.6000 0.0130 -0.1989 30 0 0 0
0.6000 0.0130 -0.1989 30 0 0 0
0.6000 0.0130 -0.1989 30 0 0 0
0.6000 0.0127 -0.2016 30 0 0 0
0.6140 0.0124 -0.2007 30 0 0 0
0.6200 0.0124 -0.2011 30 0 0 0
0.6200 0.0124 -0.2011 30 0 0 0
0.6100 0.0125 -0.2001 30 0 0 0
0.6100 0.0125 -0.2001 30 0 0 0
0.6100 0.0125 -0.2001 30 0 0 0
0.6100 0.0125 -0.2001 0 0 0 0
0.6120 0.0133 -0.1944 0 30 0 0
0.6120 0.0131 -0.1933 0 30 0 0
0.6000 0.0130 -0.1928 0 30 0 0
0.6120 0.0130 -0.1928 0 30 0 0
0.6200 0.0130 -0.1921 0 30 0 0
0.6100 0.0132 -0.1920 0 30 0 0
0.6160 0.0136 -0.1910 0 30 0 0
0.6160 0.0136 -0.1910 0 30 0 0
0.6240 0.0141 -0.1901 0 30 0 0
0.6240 0.0141 -0.1901 0 30 0 0
0.6240 0.0141 -0.1901 0 30 0 0
0.6240 0.0141 -0.1901 0 30 0 0
0.6240 0.0141 -0.1901 0 30 0 0
0.6240 0.0141 -0.1901 0 30 0 0
0.6240 0.0141 -0.1901 0 30 0 0
0.6180 0.0143 -0.1892 0 30 0 0
0.6180 0.0143 -0.1892 0 30 0 0
0.6180 0.0143 -0.1892 0 30 0 0
0.6180 0.0143 -0.1892 0 30 0 0
0.6060 0.0145 -0.1889 0 30 0 0
0.6100 0.0147 -0.1869 0 30 0 0
0.6100 0.0147 -0.1869 0 30 0 0
0.6100 0.0147 -0.1869 0 30 0 0
0.6200 0.0146 -0.1867 0 30 0 0
0.6200 0.0146 -0.1867 0 30 0 0
0.6200 0.0146 -0.1867 0 30 0 0
0.6200 0.0146 -0.1867 0 30 0 0
0.6440 0.0143 -0.1857 0 30 0 0
0.6440 0.0143 -0.1857 0 0 0 0
0.6260 0.0144 -0.1835 0 30 0 0
0.6120 0.0139 -0.1835 0 30 0 0
0.6320 0.0133 -0.1851 0 30 0 0
0.6120 0.0131 -0.1849 0 30 0 0
0.5940 0.0133 -0.1833 0 30 0 0
0.6040 0.0137 -0.1840 0 30 0 0
0.6220 0.0143 -0.1820 0 30 0 0
0.6220 0.0143 -0.1820 0 30 0 0
0.6220 0.0143 -0.1820 0 30 0 0
0.6220 0.0143 -0.1820 0 30 0 0
0.6220 0.0143 -0.1820 0 30 0 0
0.6020 0.0148 -0.1826 0 30 0 0
0.6020 0.0148 -0.1826 0 30 0 0
0.6080 0.0150 -0.1796 0 0 0 0
0.6280 0.0147 -0.1759 0 30 0 0
0.6260 0.0149 -0.1780 0 30 0 0
0.6260 0.0151 -0.1787 0 30 0 0
0.6480 0.0154 -0.1820 0 30 0 0
0.6320 0.0155 -0.1831 0 30 0 0
0.6360 0.0153 -0.1836 0 30 0 0
0.6360 0.0153 -0.1836 0 30 0 0
0.6360 0.0153 -0.1836 0 30 0 0
0.6360 0.0153 -0.1836 0 30 0 0
0.6320 0.0145 -0.1849 0 30 0 0
0.6320 0.0145 -0.1849 0 30 0 0
0.6300 0.0140 -0.1865 0 30 0 0
0.6300 0.0140 -0.1865 0 30 0 0
0.6300 0.0140 -0.1865 0 30 0 0
0.6360 0.0133 -0.1868 0 30 0 0
0.6360 0.0133 -0.1868 0 30 0 0
0.6360 0.0133 -0.1868 0 30 0 0
0.6360 0.0133 -0.1868 0 0 0 0
0.6360 0.0133 -0.1868 0 30 0 0
0.6460 0.0129 -0.1857 0 30 0 0
0.6280 0.0127 -0.1865 0 30 0 0
0.6160 0.0126 -0.1871 0 30 0 0
0.6280 0.0127 -0.1881 0 30 0 0
0.6060 0.0127 -0.1777 0 30 0 0
0.6300 0.0128 -0.1776 0 30 0 0
0.6080 0.0132 -0.1805 0 30 0 0
0.6080 0.0132 -0.1805 0 30 0 0
0.6220 0.0134 -0.1822 0 30 0 0
0.6220 0.0134 -0.1822 0 30 0 0
0.6220 0.0134 -0.1822 0 30 0 0
0.6320 0.0134 -0.1823 0 30 0 0
0.6320 0.0134 -0.1823 0 30 0 0
0.6320 0.0134 -0.1823 0 30 0 0
0.6320 0.0134 -0.1823 0 30 0 0
0.6320 0.0134 -0.1823 0 0 0 0
0.6140 0.0133 -0.1880 0 30 0 0
0.6120 0.0146 -0.1874 0 30 0 0
0.6160 0.0159 -0.1904 0 30 0 0
0.6160 0.0159 -0.1904 0 30 0 0
0.6140 0.0166 -0.1902 0 30 0 0
0.6140 0.0166 -0.1902 0 30 0 0
0.6140 0.0166 -0.1902 0 30 0 0
0.6140 0.0166 -0.1902 0 30 0 0
0.6320 0.0163 -0.1903 0 30 0 0
0.6320 0.0163 -0.1903 0 30 0 0
0.6380 0.0157 -0.1896 0 30 0 0
0.6380 0.0157 -0.1896 0 30 0 0
0.6380 0.0157 -0.1896 0 30 0 0
0.6380 0.0151 -0.1914 0 30 0 0
0.6360 0.0151 -0.1914 0 30 0 0
0.6360 0.0151 -0.1914 0 30 0 0
0.6360 0.0151 -0.1914 0 30 0 0
0.6360 0.0151 -0.1914 0 30 0 0
0.6360 0.0151 -0.1914 0 30 0 0
0.6220 0.0149 -0.1913 0 30 0 0
0.6220 0.0149 -0.1913 0 30 0 0
0.6420 0.0154 -0.1897 0 30 0 0
0.6420 0.0154 -0.1897 0 30 0 0
0.6420 0.0154 -0.1897 0 30 0 0
0.6420 0.0154 -0.1897 0 30 0 0
0.6380 0.0159 -0.1895 0 30 0 0
0.6380 0.0159 -0.1895 0 30 0 0
0.6380 0.0159 -0.1895 0 30 0 0
0.6380 0.0159 -0.1895 0 30 0 0
0.6380 0.0159 -0.1895 0 30 0 0
0.6240 0.0169 -0.1896 0 30 0 0
0.6240 0.0169 -0.1896 0 30 0 0
0.6240 0.0175 -0.1867 0 30 0 0
0.6240 0.0175 -0.1867 0 30 0 0
0.6240 0.0175 -0.1867 0 30 0 0
0.6220 0.0175 -0.1868 0 30 0 0
0.6220 0.0175 -0.1868 0 30 0 0
0.6220 0.0175 -0.1868 0 30 0 0
0.6220 0.0175 -0.1868 0 30 0 0
0.6220 0.0175 -0.1868 0 30 0 0
0.6160 0.0176 -0.1838 0 30 0 0
0.6160 0.0176 -0.1838 0 30 0 0
0.6100 0.0173 -0.1835 0 30 0 0
0.6100 0.0173 -0.1835 0 30 0 0
0.6100 0.0173 -0.1835 0 30 0 0
0.6100 0.0173 -0.1835 0 30 0 0
0.6100 0.0167 -0.1815 0 30 0 0
0.6280 0.0167 -0.1815 0 30 0 0
0.6280 0.0167 -0.1815 0 30 0 0
0.6280 0.0167 -0.1815 0 30 0 0
0.6280 0.0167 -0.1815 0 30 0 0
0.6220 0.0157 -0.1813 0 30 0 0
0.6140 0.0149 -0.1833 0 0 0 0
0.6200 0.0124 -0.1849 -30 0 0 0
0.6120 0.0124 -0.1849 -30 0 0 0
0.6220 0.0132 -0.1824 -30 0 0 0
0.6240 0.0136 -0.1812 -30 0 0 0
0.6220 0.0139 -0.1771 -30 0 0 0
0.6200 0.0140 -0.1763 -30 0 0 0
0.6280 0.0141 -0.1748 -30 0 0 0
0.6300 0.0148 -0.1741 -30 0 0 0
0.6300 0.0148 -0.1741 -30 0 0 0
0.6300 0.0148 -0.1741 -30 0 0 0
0.6300 0.0148 -0.1741 -30 0 0 0
0.6300 0.0148 -0.1741 -30 0 0 0
0.6300 0.0155 -0.1774 -30 0 0 0
0.6000 0.0155 -0.1774 -30 0 0 0
0.6000 0.0155 -0.1774 -30 0 0 0
0.6000 0.0155 -0.1774 -30 0 0 0
0.6000 0.0155 -0.1774 -30 0 0 0
0.6000 0.0155 -0.1774 -30 0 0 0
0.6000 0.0155 -0.1774 0 0 0 0
0.6000 0.0158 -0.1774 -30 0 0 0
0.6140 0.0158 -0.1760 -30 0 0 0
0.6120 0.0152 -0.1771 -30 0 0 0
0.6160 0.0148 -0.1789 -30 0 0 0
0.6240 0.0147 -0.1797 -30 0 0 0
0.6240 0.0147 -0.1797 -30 0 0 0
0.5960 0.0150 -0.1812 -30 0 0 0
0.5960 0.0150 -0.1812 -30 0 0 0
0.6340 0.0151 -0.1802 -30 0 0 0
0.6340 0.0151 -0.1802 -30 0 0 0
0.6340 0.0151 -0.1802 -30 0 0 0
0.6340 0.0151 -0.1802 -30 0 0 0
0.6340 0.0151 -0.1802 -30 0 0 0
0.6340 0.0151 -0.1802 -30 0 0 0
0.6340 0.0151 -0.1802 -30 0 0 0
0.6340 0.0151 -0.1802 -30 0 0 0
0.6340 0.0151 -0.1802 -30 0 0 0
0.6340 0.0151 -0.1802 -30 0 0 0
0.6340 0.0152 -0.1775 -30 0 0 0
0.6080 0.0152 -0.1775 0 0 0 0
0.5940 0.0131 -0.1816 0 0 0 30
0.5980 0.0126 -0.1829 0 0 0 30
0.5920 0.0123 -0.1828 0 0 0 30
0.5980 0.0123 -0.1834 0 0 0 30
0.5980 0.0123 -0.1834 0 0 0 30
0.6260 0.0127 -0.1851 0 0 0 30
0.6100 0.0128 -0.1847 0 0 0 30
0.6000 0.0127 -0.1846 0 0 0 0
0.6120 0.0129 -0.1824 0 0 0 30
0.6020 0.0130 -0.1819 0 0 0 30
0.6220 0.0130 -0.1777 0 0 0 30
0.6100 0.0131 -0.1754 0 0 0 30
0.6100 0.0131 -0.1754 0 0 0 30
0.6200 0.0132 -0.1738 0 0 0 30
0.6200 0.0132 -0.1738 0 0 0 30
0.5900 0.0130 -0.1737 0 0 0 30
0.5900 0.0130 -0.1737 0 0 0 30
0.5900 0.0130 -0.1737 0 0 0 30
0.5900 0.0129 -0.1736 0 0 0 30
0.6080 0.0129 -0.1736 0 0 0 0
0.6080 0.0129 -0.1736 0 0 0 30
0.6020 0.0129 -0.1740 0 0 0 30
0.6100 0.0131 -0.1727 0 0 0 30
0.6360 0.0132 -0.1720 0 0 0 30
0.6360 0.0132 -0.1720 0 0 0 30
0.6360 0.0132 -0.1720 0 0 0 30
0.6360 0.0132 -0.1720 0 0 0 30
0.6200 0.0132 -0.1695 0 0 0 30
0.6200 0.0131 -0.1728 0 0 0 30
0.6320 0.0131 -0.1728 0 0 0 30
0.6320 0.0131 -0.1728 0 0 0 30
0.6320 0.0131 -0.1728 0 0 0 30
0.6140 0.0130 -0.1717 0 0 0 30
0.6140 0.0130 -0.1717 0 0 0 30
0.6140 0.0130 -0.1717 0 0 0 30
0.6140 0.0130 -0.1717 0 0 0 30
0.6140 0.0130 -0.1717 0 0 0 30
0.6140 0.0130 -0.1717 0 0 0 30
0.6140 0.0130 -0.1717 0 0 0 30
0.6140 0.0130 -0.1717 0 0 0 30
0.6140 0.0130 -0.1717 0 0 0 30
0.6140 0.0130 -0.1717 0 0 0 30
0.6320 0.0128 -0.1688 0 0 0 30
0.6160 0.0127 -0.1681 0 0 0 30
0.6340 0.0129 -0.1683 0 0 0 30
0.6340 0.0129 -0.1683 0 0 0 30
0.6340 0.0129 -0.1683 0 0 0 30
0.6340 0.0129 -0.1683 0 0 0 30
0.6160 0.0131 -0.1649 0 0 0 30
0.6160 0.0131 -0.1649 0 0 0 30
0.6020 0.0131 -0.1632 0 0 0 30
0.6020 0.0131 -0.1632 0 0 0 30
0.6020 0.0131 -0.1632 0 0 0 30
0.6200 0.0125 -0.1609 0 0 0 30
0.6200 0.0125 -0.1609 0 0 0 30
0.6200 0.0125 -0.1609 0 0 0 30
0.6200 0.0125 -0.1609 0 0 0 30
0.6200 0.0125 -0.1609 0 0 0 30
0.6200 0.0125 -0.1609 0 0 0 30
0.6160 0.0125 -0.1573 0 0 0 30
0.6160 0.0125 -0.1573 0 0 0 30
0.6080 0.0131 -0.1501 0 0 0 30
0.6080 0.0131 -0.1501 0 0 0 30
0.6080 0.0131 -0.1501 0 0 0 30
0.6180 0.0136 -0.1480 0 0 0 30
0.6180 0.0136 -0.1480 0 0 0 30
0.6180 0.0136 -0.1480 0 0 0 30
0.6180 0.0136 -0.1480 0 0 0 30
0.6220 0.0146 -0.1461 0 0 0 30
0.6220 0.0146 -0.1461 0 0 0 30
0.6220 0.0146 -0.1461 0 0 0 30
0.6360 0.0152 -0.1436 0 0 0 30
0.6360 0.0152 -0.1436 0 0 0 30
0.6360 0.0152 -0.1436 0 0 0 30
0.6220 0.0159 -0.1429 0 0 0 30
0.6220 0.0159 -0.1429 0 0 0 30
0.6220 0.0159 -0.1429 0 0 0 30
0.6220 0.0159 -0.1429 0 0 0 30
0.6220 0.0159 -0.1429 0 0 0 30
0.6240 0.0159 -0.1391 0 0 0 30
0.6240 0.0159 -0.1391 0 0 0 30
0.6240 0.0160 -0.1372 0 0 0 30
0.6280 0.0160 -0.1372 0 0 0 30
0.6280 0.0160 -0.1372 0 0 0 30
0.6440 0.0159 -0.1348 0 0 0 30
0.6440 0.0159 -0.1348 0 0 0 30
0.6440 0.0159 -0.1348 0 0 0 30
0.6440 0.0159 -0.1348 0 0 0 30
0.6440 0.0159 -0.1348 0 0 0 30
0.6340 0.0155 -0.1276 0 0 0 30
0.6340 0.0155 -0.1276 0 0 0 30
0.6340 0.0155 -0.1276 0 0 0 30
0.6220 0.0152 -0.1239 0 0 0 30
0.6220 0.0152 -0.1239 0 0 0 30
0.6220 0.0152 -0.1239 0 0 0 30
0.6220 0.0152 -0.1239 0 0 0 30
0.6300 0.0148 -0.1209 0 0 0 30
0.6300 0.0148 -0.1209 0 0 0 30
0.6300 0.0148 -0.1209 0 0 0 30
0.6300 0.0148 -0.1209 0 0 0 30
0.6160 0.0143 -0.1151 0 0 0 30
0.6160 0.0143 -0.1151 0 0 0 30
0.6160 0.0143 -0.1151 0 0 0 30
0.6160 0.0144 -0.1121 0 0 0 30
0.6180 0.0144 -0.1121 0 0 0 30
0.6180 0.0144 -0.1121 0 0 0 30
0.6240 0.0148 -0.1114 0 0 0 30
0.6240 0.0148 -0.1114 0 0 0 30
0.6240 0.0148 -0.1114 0 0 0 30
0.6240 0.0148 -0.1114 0 0 0 30
0.6240 0.0148 -0.1114 0 0 0 30
0.6280 0.0154 -0.1079 0 0 0 30
0.6280 0.0154 -0.1079 0 0 0 30
0.6280 0.0154 -0.1079 0 0 0 30
0.6340 0.0160 -0.1051 0 0 0 30
0.6340 0.0160 -0.1051 0 0 0 30
0.6340 0.0160 -0.1051 0 0 0 30
0.6320 0.0164 -0.1027 0 0 0 30
0.6320 0.0164 -0.1027 0 0 0 30
0.6320 0.0164 -0.1027 0 0 0 30
0.6320 0.0164 -0.1027 0 0 0 30
0.6320 0.0164 -0.1027 0 0 0 30
0.6260 0.0170 -0.1001 0 0 0 30
0.6260 0.0170 -0.1001 0 0 0 30
0.6200 0.0175 -0.0969 0 0 0 30
0.6200 0.0175 -0.0969 0 0 0 30
0.6200 0.0175 -0.0969 0 0 0 30
0.6400 0.0177 -0.0924 0 0 0 30
0.6400 0.0177 -0.0924 0 0 0 30
0.6400 0.0177 -0.0924 0 0 0 30
0.6400 0.0177 -0.0924 0 0 0 30
0.6400 0.0177 -0.0924 0 0 0 30
0.6360 0.0175 -0.0885 0 0 0 30
0.6360 0.0175 -0.0885 0 0 0 30
0.6340 0.0177 -0.0865 0 0 0 30
0.6340 0.0177 -0.0865 0 0 0 30
0.6340 0.0177 -0.0865 0 0 0 30
0.6340 0.0177 -0.0865 0 0 0 30
0.6360 0.0177 -0.0839 0 0 0 30
0.6360 0.0177 -0.0839 0 0 0 30
0.6360 0.0177 -0.0839 0 0 0 30
0.6360 0.0177 -0.0839 0 0 0 30
0.6360 0.0177 -0.0839 0 0 0 30
0.6320 0.0174 -0.0781 0 0 0 30
0.6320 0.0174 -0.0781 0 0 0 30
0.6540 0.0169 -0.0751 0 0 0 30
0.6540 0.0169 -0.0751 0 0 0 30
0.6540 0.0169 -0.0751 0 0 0 30
0.6540 0.0169 -0.0751 0 0 0 30
0.6280 0.0162 -0.0722 0 0 0 30
0.6280 0.0162 -0.0722 0 0 0 30
0.6280 0.0162 -0.0722 0 0 0 30
0.6280 0.0162 -0.0722 0 0 0 30
0.6280 0.0162 -0.0722 0 0 0 30
0.6400 0.0151 -0.0663 0 0 0 30
0.6400 0.0151 -0.0663 0 0 0 30
0.6340 0.0142 -0.0635 0 0 0 30
0.6340 0.0142 -0.0635 0 0 0 30
0.6340 0.0142 -0.0635 0 0 0 30
0.6340 0.0142 -0.0635 0 0 0 30
0.6180 0.0137 -0.0615 0 0 0 30
0.6180 0.0137 -0.0615 0 0 0 30
0.6180 0.0137 -0.0615 0 0 0 30
0.6180 0.0137 -0.0615 0 0 0 30
0.6180 0.0137 -0.0615 0 0 0 30
0.6500 0.0135 -0.0587 0 0 0 30
0.6500 0.0135 -0.0587 0 0 0 30
0.6540 0.0140 -0.0620 0 0 0 30
0.6540 0.0140 -0.0620 0 0 0 30
0.6540 0.0140 -0.0620 0 0 0 30
0.6540 0.0140 -0.0620 0 0 0 30
0.6480 0.0142 -0.0594 0 0 0 30
0.6480 0.0142 -0.0594 0 0 0 30
0.6480 0.0142 -0.0594 0 0 0 30
0.6480 0.0142 -0.0594 0 0 0 30
0.6540 0.0146 -0.0569 0 0 0 30
0.6540 0.0146 -0.0569 0 0 0 30
0.6360 0.0145 -0.0545 0 0 0 30
0.6360 0.0145 -0.0545 0 0 0 30
0.6360 0.0145 -0.0545 0 0 0 30
0.6360 0.0145 -0.0545 0 0 0 30
0.6360 0.0145 -0.0545 0 0 0 30
0.6540 0.0138 -0.0485 0 0 0 30
0.6540 0.0138 -0.0485 0 0 0 30
0.6540 0.0138 -0.0485 0 0 0 30
0.6540 0.0138 -0.0485 0 0 0 30
0.6540 0.0138 -0.0485 0 0 0 30
0.6360 0.0128 -0.0431 0 0 0 30
0.6360 0.0128 -0.0431 0 0 0 30
0.6340 0.0123 -0.0406 0 0 0 30
0.6340 0.0123 -0.0406 0 0 0 30
0.6340 0.0123 -0.0406 0 0 0 30
0.6520 0.0119 -0.0335 0 0 0 30
0.6520 0.0119 -0.0335 0 0 0 30
0.6520 0.0119 -0.0335 0 0 0 30
0.6520 0.0119 -0.0335 0 0 0 30
0.6520 0.0120 -0.0311 0 0 0 30
0.6380 0.0120 -0.0311 0 0 0 30
0.6380 0.0120 -0.0311 0 0 0 30
0.6380 0.0120 -0.0311 0 0 0 30
0.6380 0.0120 -0.0311 0 0 0 30
0.6380 0.0120 -0.0311 0 0 0 0
0.6140 0.0123 -0.0063 0 0 0 -30
0.5900 0.0122 -0.0062 0 0 0 -30
0.6160 0.0125 -0.0059 0 0 0 -30
0.6020 0.0122 -0.0057 0 0 0 -30
0.6040 0.0122 -0.0070 0 0 0 -30
0.6080 0.0121 -0.0070 0 0 0 -30
0.6080 0.0121 -0.0070 0 0 0 -30
0.6080 0.0121 -0.0070 0 0 0 -30
0.6080 0.0121 -0.0070 0 0 0 -30
0.6120 0.0121 -0.0073 0 0 0 -30
0.6120 0.0121 -0.0073 0 0 0 -30
0.6120 0.0121 -0.0073 0 0 0 0
0.5980 0.0111 -0.0149 0 0 0 -30
0.6240 0.0114 -0.0178 0 0 0 -30
0.6300 0.0121 -0.0186 0 0 0 -30
0.6080 0.0128 -0.0211 0 0 0 -30
0.6260 0.0130 -0.0228 0 0 0 -30
0.6260 0.0127 -0.0214 0 0 0 -30
0.6260 0.0127 -0.0214 0 0 0 -30
0.6260 0.0124 -0.0191 0 0 0 -30
0.6220 0.0124 -0.0191 0 0 0 -30
0.6220 0.0124 -0.0191 0 0 0 -30
0.6220 0.0124 -0.0191 0 0 0 -30
0.6220 0.0124 -0.0191 0 0 0 -30
0.6180 0.0123 -0.0193 0 0 0 -30
0.6180 0.0123 -0.0193 0 0 0 0
0.6260 0.0128 -0.0187 0 0 0 -30
0.6100 0.0131 -0.0203 0 0 0 -30
0.6200 0.0136 -0.0241 0 0 0 -30
0.6200 0.0142 -0.0250 0 0 0 -30
0.6280 0.0143 -0.0248 0 0 0 0
0.6180 0.0171 -0.0419 0 0 0 30
0.6120 0.0175 -0.0416 0 0 0 30
0.6140 0.0177 -0.0410 0 0 0 30
0.6180 0.0179 -0.0397 0 0 0 30
0.6180 0.0162 -0.0443 0 0 0 30
0.6240 0.0157 -0.0450 0 0 0 0
0.6540 0.0136 -0.0498 0 0 0 30
0.6380 0.0139 -0.0516 0 0 0 30
0.6360 0.0136 -0.0514 0 0 0 30
0.6380 0.0128 -0.0543 0 0 0 30
0.6380 0.0128 -0.0543 0 0 0 30
0.6380 0.0128 -0.0543 0 0 0 30
0.6380 0.0128 -0.0543 0 0 0 30
0.6380 0.0125 -0.0537 0 0 0 0
0.6140 0.0136 -0.0649 0 0 0 30
0.6080 0.0136 -0.0649 0 0 0 30
0.6360 0.0130 -0.0686 0 0 0 30
0.6360 0.0130 -0.0686 0 0 0 30
0.6360 0.0125 -0.0674 0 0 0 30
0.6140 0.0125 -0.0674 0 0 0 30
0.6140 0.0125 -0.0674 0 0 0 30
0.6320 0.0126 -0.0663 0 0 0 0
0.6200 0.0140 -0.0617 0 0 0 30
0.6340 0.0137 -0.0610 0 0 0 30
0.6240 0.0133 -0.0614 0 0 0 30
0.6200 0.0130 -0.0589 0 0 0 30
0.6200 0.0130 -0.0589 0 0 0 30
0.6220 0.0128 -0.0559 0 0 0 30
0.6340 0.0126 -0.0550 0 0 0 30
0.6240 0.0126 -0.0542 0 0 0 30
0.6240 0.0126 -0.0542 0 0 0 0
0.6240 0.0126 -0.0542 0 0 0 30
0.6200 0.0126 -0.0539 0 0 0 30
0.6280 0.0126 -0.0541 0 0 0 30
0.6320 0.0123 -0.0518 0 0 0 30
0.6320 0.0123 -0.0518 0 0 0 30
0.6260 0.0123 -0.0497 0 0 0 30
0.6260 0.0123 -0.0497 0 0 0 30
0.6240 0.0123 -0.0468 0 0 0 30
0.6240 0.0123 -0.0468 0 0 0 30
0.6240 0.0123 -0.0468 0 0 0 30
0.6240 0.0123 -0.0468 0 0 0 30
0.6240 0.0123 -0.0468 0 0 0 30
0.6160 0.0120 -0.0460 0 0 0 30
0.6160 0.0120 -0.0460 0 0 0 0
0.6160 0.0122 -0.0444 0 0 0 30
0.6160 0.0125 -0.0439 0 0 0 30
0.6140 0.0125 -0.0439 0 0 0 30
0.6100 0.0127 -0.0416 0 0 0 30
0.5980 0.0127 -0.0385 0 0 0 30
0.6060 0.0126 -0.0346 0 0 0 30
0.6060 0.0126 -0.0346 0 0 0 30
0.6040 0.0127 -0.0309 0 0 0 30
0.6040 0.0127 -0.0309 0 0 0 0
0.6300 0.0133 -0.0108 0 0 0 30
0.6060 0.0133 -0.0108 0 0 0 30
0.5920 0.0125 -0.0076 0 0 0 30
0.6140 0.0121 -0.0076 0 0 0 30
0.6100 0.0120 -0.0110 0 0 0 0
0.5920 0.0134 -0.0032 0 0 0 30
0.6100 0.0133 0.0022 0 0 0 0
0.6100 0.0143 0.0003 0 -30 0 0
0.5880 0.0143 0.0003 0 -30 0 0
0.5960 0.0141 0.0005 0 -30 0 0
0.5960 0.0141 0.0005 0 -30 0 0
0.5980 0.0135 0.0018 0 -30 0 0
0.6040 0.0126 0.0031 0 -30 0 0
0.6040 0.0123 0.0067 0 -30 0 0
0.6040 0.0123 0.0067 0 -30 0 0
0.5920 0.0119 0.0069 0 -30 0 0
0.6140 0.0117 0.0064 0 -30 0 0
0.6140 0.0117 0.0064 0 -30 0 0
0.6040 0.0118 0.0062 0 -30 0 0
0.6040 0.0118 0.0062 0 -30 0 0
0.6000 0.0120 0.0063 0 -30 0 0
0.6000 0.0120 0.0063 0 -30 0 0
0.6000 0.0120 0.0063 0 -30 0 0
0.6000 0.0120 0.0063 0 -30 0 0
0.6000 0.0120 0.0063 0 -30 0 0
0.5900 0.0123 0.0076 0 -30 0 0
0.5900 0.0123 0.0076 0 -30 0 0
0.5900 0.0123 0.0076 0 -30 0 0
0.5900 0.0123 0.0076 0 -30 0 0
0.5900 0.0123 0.0076 0 -30 0 0
0.5960 0.0124 0.0075 0 -30 0 0
0.6020 0.0125 0.0078 0 -30 0 0
0.6020 0.0125 0.0078 0 -30 0 0
0.6020 0.0125 0.0078 0 -30 0 0
0.6020 0.0125 0.0078 0 -30 0 0
0.6000 0.0126 0.0077 0 -30 0 0
0.6000 0.0126 0.0077 0 -30 0 0
0.6000 0.0126 0.0077 0 -30 0 0
0.6000 0.0126 0.0077 0 -30 0 0
0.5980 0.0128 0.0074 0 -30 0 0
0.5980 0.0128 0.0074 0 -30 0 0
0.6000 0.0128 0.0089 0 -30 0 0
0.6000 0.0128 0.0089 0 -30 0 0
0.6000 0.0128 0.0089 0 -30 0 0
0.6000 0.0128 0.0089 0 -30 0 0
0.6000 0.0128 0.0089 0 -30 0 0
0.6080 0.0128 0.0083 0 -30 0 0
0.6080 0.0128 0.0083 0 -30 0 0
0.6080 0.0128 0.0083 0 -30 0 0
0.6080 0.0128 0.0083 0 -30 0 0
0.6100 0.0129 0.0068 0 -30 0 0
0.6100 0.0128 0.0067 0 -30 0 0
0.6080 0.0128 0.0067 0 -30 0 0
0.6080 0.0128 0.0067 0 -30 0 0
0.6080 0.0128 0.0067 0 -30 0 0
0.6080 0.0128 0.0067 0 -30 0 0
0.5840 0.0125 0.0108 0 -30 0 0
0.5840 0.0125 0.0108 0 -30 0 0
0.5840 0.0125 0.0108 0 -30 0 0
0.5840 0.0125 0.0108 0 -30 0 0
0.6020 0.0121 0.0107 0 -30 0 0
0.6020 0.0121 0.0107 0 -30 0 0
0.6080 0.0119 0.0069 0 -30 0 0
0.6080 0.0119 0.0069 0 -30 0 0
0.6080 0.0119 0.0069 0 -30 0 0
0.6080 0.0119 0.0069 0 -30 0 0
0.6080 0.0119 0.0069 0 -30 0 0
0.6080 0.0119 0.0060 0 -30 0 0
0.5880 0.0119 0.0060 0 -30 0 0
0.5880 0.0119 0.0060 0 -30 0 0
0.5880 0.0119 0.0060 0 -30 0 0
0.5880 0.0119 0.0060 0 -30 0 0
0.6080 0.0123 0.0062 0 -30 0 0
0.6080 0.0123 0.0062 0 -30 0 0
0.6080 0.0123 0.0062 0 -30 0 0
0.6080 0.0123 0.0062 0 -30 0 0
0.6080 0.0123 0.0062 0 -30 0 0
0.6080 0.0123 0.0062 0 -30 0 0
0.6080 0.0123 0.0062 0 -30 0 0
0.6080 0.0123 0.0062 0 -30 0 0
0.6220 0.0125 0.0058 0 -30 0 0
0.6220 0.0130 0.0037 0 -30 0 0
0.6100 0.0132 0.0034 0 -30 0 0
0.5860 0.0133 0.0053 0 -30 0 0
0.5860 0.0133 0.0053 0 -30 0 0
0.5860 0.0133 0.0053 0 -30 0 0
0.5860 0.0133 0.0053 0 -30 0 0
0.6080 0.0129 0.0047 0 -30 0 0
0.6080 0.0129 0.0047 0 -30 0 0
0.6080 0.0129 0.0047 0 -30 0 0
0.6080 0.0129 0.0047 0 -30 0 0
0.5900 0.0125 0.0049 0 -30 0 0
0.5900 0.0125 0.0049 0 -30 0 0
0.5800 0.0125 0.0042 0 -30 0 0
0.5800 0.0125 0.0042 0 -30 0 0
0.5800 0.0125 0.0042 0 -30 0 0
0.5800 0.0125 0.0042 0 -30 0 0
0.5800 0.0125 0.0042 0 -30 0 0
0.5800 0.0125 0.0042 0 -30 0 0
0.5800 0.0125 0.0042 0 -30 0 0
0.5800 0.0125 0.0042 0 -30 0 0
0.5800 0.0125 0.0042 0 -30 0 0
0.5800 0.0125 0.0042 0 -30 0 0
0.5800 0.0125 0.0042 0 -30 0 0
0.5800 0.0125 0.0042 0 -30 0 0
0.5800 0.0125 0.0042 0 -30 0 0
0.6060 0.0128 0.0067 0 -30 0 0
0.5860 0.0131 0.0041 0 -30 0 0
0.6140 0.0134 0.0031 0 -30 0 0
0.6060 0.0136 0.0041 0 -30 0 0
0.6060 0.0136 0.0041 0 -30 0 0
0.6060 0.0136 0.0041 0 -30 0 0
0.6060 0.0136 0.0041 0 -30 0 0
0.6060 0.0135 0.0044 0 -30 0 0
0.6060 0.0135 0.0044 0 -30 0 0
0.6060 0.0135 0.0044 0 -30 0 0
0.6100 0.0132 0.0050 0 -30 0 0
0.6100 0.0132 0.0050 0 -30 0 0
0.6100 0.0132 0.0050 0 -30 0 0
0.6100 0.0132 0.0050 0 0 0 0
0.6420 0.0128 0.0037 0 -30 0 0
0.6420 0.0130 0.0059 0 -30 0 0
0.6180 0.0128 0.0060 0 -30 0 0
0.6180 0.0128 0.0048 0 -30 0 0
0.6280 0.0129 0.0044 0 -30 0 0
0.6280 0.0133 0.0032 0 -30 0 0
0.6280 0.0133 0.0032 0 -30 0 0
0.6280 0.0133 0.0032 0 -30 0 0
0.6280 0.0133 0.0032 0 -30 0 0
0.6220 0.0136 0.0033 0 -30 0 0
0.6220 0.0136 0.0033 0 -30 0 0
0.6220 0.0136 0.0033 0 -30 0 0
0.6220 0.0136 0.0033 0 -30 0 0
0.6200 0.0136 0.0044 0 -30 0 0
0.6200 0.0136 0.0044 0 -30 0 0
0.6360 0.0134 0.0050 0 -30 0 0
0.6360 0.0134 0.0050 0 -30 0 0
0.6360 0.0134 0.0050 0 -30 0 0
0.6360 0.0134 0.0050 0 -30 0 0
0.6360 0.0134 0.0050 0 0 0 0
0.6360 0.0129 0.0042 0 -30 0 0
0.6320 0.0120 0.0123 0 -30 0 0
0.6400 0.0126 0.0108 0 -30 0 0
0.6380 0.0127 0.0124 0 -30 0 0
0.6380 0.0127 0.0124 0 -30 0 0
0.6380 0.0127 0.0124 0 -30 0 0
0.6460 0.0124 0.0143 0 -30 0 0
0.6460 0.0124 0.0143 0 -30 0 0
0.6340 0.0121 0.0131 0 -30 0 0
0.6340 0.0121 0.0131 0 -30 0 0
0.6340 0.0121 0.0131 0 -30 0 0
0.6340 0.0121 0.0131 0 -30 0 0
0.6500 0.0120 0.0174 0 -30 0 0
0.6500 0.0120 0.0174 0 -30 0 0
0.6500 0.0120 0.0174 0 -30 0 0
0.6500 0.0120 0.0174 0 0 0 0
