0.4720 0.0076 0.0210 0 0 0 30
0.4820 0.0076 0.0210 0 0 0 30
0.4820 0.0074 0.0189 0 0 0 30
0.5000 0.0074 0.0189 0 0 0 30
0.5100 0.0074 0.0212 0 0 0 30
0.4980 0.0083 0.0203 0 0 0 30
0.5020 0.0086 0.0216 0 0 0 30
0.5020 0.0094 0.0221 0 0 0 30
0.4960 0.0102 0.0225 0 0 0 30
0.4960 0.0102 0.0225 0 0 0 30
0.5100 0.0106 0.0204 0 0 0 30
0.5100 0.0106 0.0204 0 0 0 0
0.5020 0.0099 0.0193 0 0 0 30
0.5120 0.0088 0.0244 0 0 0 30
0.5120 0.0088 0.0244 0 0 0 30
0.5120 0.0088 0.0244 0 0 0 30
0.5120 0.0088 0.0244 0 0 0 30
0.5120 0.0088 0.0244 0 0 0 30
0.5120 0.0088 0.0244 0 0 0 30
0.5060 0.0083 0.0253 0 0 0 0
0.5000 0.0081 0.0280 0 0 0 30
0.4980 0.0080 0.0284 0 0 0 30
0.5020 0.0077 0.0288 0 0 0 30
0.4940 0.0072 0.0309 0 0 0 30
0.4940 0.0069 0.0330 0 0 0 30
0.4860 0.0069 0.0330 0 0 0 0
0.4860 0.0073 0.0325 0 0 0 30
0.4840 0.0078 0.0328 0 0 0 30
0.4880 0.0078 0.0328 0 0 0 30
0.5120 0.0086 0.0327 0 0 0 30
0.5020 0.0098 0.0317 0 0 0 30
0.5000 0.0110 0.0318 0 0 0 30
0.5040 0.0116 0.0302 0 0 0 30
0.5040 0.0116 0.0302 0 0 0 30
0.4880 0.0115 0.0366 0 0 0 0
0.5000 0.0115 0.0374 0 0 0 30
0.5080 0.0127 0.0392 0 0 0 30
0.5120 0.0127 0.0392 0 0 0 30
0.5120 0.0139 0.0395 0 0 0 30
0.5120 0.0135 0.0423 0 0 0 30
0.5040 0.0125 0.0425 0 0 0 0
0.4820 0.0078 0.0474 0 0 0 30
0.5060 0.0078 0.0488 0 0 0 30
0.4980 0.0083 0.0482 0 0 0 30
0.5000 0.0086 0.0473 0 0 0 0
0.4900 0.0081 0.0458 0 0 0 -30
0.4980 0.0084 0.0502 0 0 0 -30
0.4880 0.0084 0.0525 0 0 0 -30
0.4980 0.0082 0.0515 0 0 0 -30
0.5080 0.0086 0.0509 0 0 0 -30
0.5100 0.0088 0.0573 0 0 0 -30
0.5100 0.0088 0.0573 0 0 0 -30
0.5100 0.0088 0.0573 0 0 0 -30
0.5100 0.0088 0.0573 0 0 0 -30
0.4980 0.0086 0.0574 0 0 0 0
0.5080 0.0085 0.0547 0 0 0 -30
0.4900 0.0089 0.0560 0 0 0 -30
0.4900 0.0089 0.0560 0 0 0 -30
0.4900 0.0089 0.0560 0 0 0 -30
0.4900 0.0097 0.0546 0 0 0 -30
0.4800 0.0103 0.0541 0 0 0 -30
0.4800 0.0103 0.0541 0 0 0 0
0.4860 0.0112 0.0516 0 0 0 -30
0.4940 0.0130 0.0558 0 0 0 -30
0.4860 0.0140 0.0559 0 0 0 -30
0.4980 0.0143 0.0554 0 0 0 -30
0.4980 0.0143 0.0554 0 0 0 -30
0.4880 0.0136 0.0522 0 0 0 -30
0.4880 0.0136 0.0522 0 0 0 0
0.4880 0.0134 0.0523 0 0 0 -30
0.4940 0.0133 0.0520 0 0 0 -30
0.4820 0.0128 0.0500 0 0 0 -30
0.4780 0.0117 0.0511 0 0 0 -30
0.4780 0.0117 0.0511 0 0 0 -30
0.4780 0.0106 0.0451 0 0 0 -30
0.4780 0.0106 0.0451 0 0 0 0
0.4780 0.0106 0.0451 0 0 0 -30
0.4780 0.0105 0.0396 0 0 0 -30
0.4820 0.0105 0.0396 0 0 0 -30
0.4940 0.0113 0.0403 0 0 0 -30
0.4940 0.0113 0.0403 0 0 0 -30
0.4940 0.0113 0.0403 0 0 0 -30
0.4940 0.0113 0.0403 0 0 0 -30
0.4780 0.0115 0.0417 0 0 0 -30
0.4780 0.0115 0.0417 0 0 0 -30
0.4780 0.0115 0.0417 0 0 0 0
0.4780 0.0100 0.0445 0 0 0 -30
0.4840 0.0088 0.0509 0 0 0 -30
0.5080 0.0082 0.0462 0 0 0 -30
0.5080 0.0082 0.0462 0 0 0 -30
0.5080 0.0082 0.0462 0 0 0 -30
0.5080 0.0082 0.0462 0 0 0 0
0.4820 0.0075 0.0494 0 0 0 -30
0.4880 0.0078 0.0497 0 0 0 -30
0.4880 0.0078 0.0497 0 0 0 -30
0.4880 0.0078 0.0497 0 0 0 0
0.4880 0.0078 0.0428 0 0 0 -30
0.4860 0.0077 0.0370 0 0 0 -30
0.5120 0.0077 0.0370 0 0 0 -30
0.4820 0.0075 0.0333 0 0 0 0
0.4840 0.0087 0.0290 0 0 0 -30
0.4740 0.0092 0.0277 0 0 0 -30
0.4560 0.0099 0.0277 0 0 0 -30
0.5160 0.0105 0.0286 0 0 0 -30
0.4820 0.0100 0.0251 0 0 0 -30
0.4840 0.0093 0.0281 0 0 0 -30
0.4840 0.0093 0.0281 0 0 0 -30
0.4920 0.0094 0.0274 0 0 0 -30
0.5140 0.0101 0.0237 0 0 0 0
0.4900 0.0117 0.0133 0 0 0 -30
0.5020 0.0117 0.0133 0 0 0 -30
0.5040 0.0111 0.0089 0 0 0 -30
0.5020 0.0115 0.0098 0 0 0 -30
0.5020 0.0115 0.0098 0 0 0 -30
0.5020 0.0115 0.0098 0 0 0 0
0.4800 0.0123 0.0068 0 0 0 -30
0.4940 0.0103 0.0071 0 0 0 -30
0.4980 0.0083 0.0043 0 0 0 0
0.4900 0.0140 -0.5454 30 0 0 0
0.4780 0.0140 -0.5454 30 0 0 0
0.4800 0.0135 -0.5458 30 0 0 0
0.4800 0.0135 -0.5458 30 0 0 0
0.4920 0.0126 -0.5427 30 0 0 0
0.5080 0.0119 -0.5432 30 0 0 0
0.5100 0.0130 -0.5439 30 0 0 0
0.5020 0.0141 -0.5429 30 0 0 0
0.5020 0.0141 -0.5429 30 0 0 0
0.5100 0.0142 -0.5367 30 0 0 0
0.5180 0.0139 -0.5348 30 0 0 0
0.5180 0.0139 -0.5348 30 0 0 0
0.5180 0.0139 -0.5348 30 0 0 0
0.5180 0.0139 -0.5348 30 0 0 0
0.5180 0.0139 -0.5348 30 0 0 0
0.5080 0.0134 -0.5363 30 0 0 0
0.5080 0.0134 -0.5363 30 0 0 0
0.5080 0.0134 -0.5363 30 0 0 0
0.5100 0.0129 -0.5360 30 0 0 0
0.5100 0.0129 -0.5360 30 0 0 0
0.5100 0.0129 -0.5360 30 0 0 0
0.5100 0.0129 -0.5360 30 0 0 0
0.4840 0.0126 -0.5291 30 0 0 0
0.4840 0.0126 -0.5291 30 0 0 0
0.4840 0.0126 -0.5291 30 0 0 0
0.4840 0.0126 -0.5291 30 0 0 0
0.4840 0.0126 -0.5291 30 0 0 0
0.4920 0.0124 -0.5286 30 0 0 0
0.4920 0.0124 -0.5286 30 0 0 0
0.5060 0.0126 -0.5384 30 0 0 0
0.5060 0.0126 -0.5384 30 0 0 0
0.5060 0.0126 -0.5384 30 0 0 0
0.5060 0.0126 -0.5384 30 0 0 0
0.5040 0.0132 -0.5422 30 0 0 0
0.5040 0.0132 -0.5422 30 0 0 0
0.5040 0.0132 -0.5422 30 0 0 0
0.5040 0.0132 -0.5422 30 0 0 0
0.5040 0.0132 -0.5422 30 0 0 0
0.5100 0.0141 -0.5399 30 0 0 0
0.5100 0.0141 -0.5399 30 0 0 0
0.5100 0.0141 -0.5399 30 0 0 0
0.5100 0.0141 -0.5399 30 0 0 0
0.5040 0.0142 -0.5424 30 0 0 0
0.5040 0.0142 -0.5424 30 0 0 0
0.5040 0.0142 -0.5424 30 0 0 0
0.5060 0.0142 -0.5440 30 0 0 0
0.5060 0.0142 -0.5440 30 0 0 0
0.5060 0.0142 -0.5440 30 0 0 0
0.5060 0.0142 -0.5440 30 0 0 0
0.5060 0.0142 -0.5440 30 0 0 0
0.4900 0.0148 -0.5396 30 0 0 0
0.4900 0.0148 -0.5396 30 0 0 0
0.5040 0.0149 -0.5451 30 0 0 0
0.5040 0.0149 -0.5451 30 0 0 0
0.5040 0.0149 -0.5451 30 0 0 0
0.5040 0.0149 -0.5451 30 0 0 0
0.5140 0.0147 -0.5448 30 0 0 0
0.5140 0.0147 -0.5448 30 0 0 0
0.5140 0.0147 -0.5448 30 0 0 0
0.5140 0.0147 -0.5448 30 0 0 0
0.5140 0.0147 -0.5448 30 0 0 0
0.5140 0.0147 -0.5448 30 0 0 0
0.5140 0.0147 -0.5448 30 0 0 0
0.5140 0.0147 -0.5448 30 0 0 0
0.5060 0.0146 -0.5440 30 0 0 0
0.4920 0.0146 -0.5436 30 0 0 0
0.4920 0.0146 -0.5436 30 0 0 0
0.4920 0.0146 -0.5436 30 0 0 0
0.4960 0.0145 -0.5404 30 0 0 0
0.4960 0.0145 -0.5404 30 0 0 0
0.4960 0.0145 -0.5404 30 0 0 0
0.4960 0.0145 -0.5404 30 0 0 0
0.4940 0.0144 -0.5401 30 0 0 0
0.4940 0.0144 -0.5401 30 0 0 0
0.4940 0.0144 -0.5401 30 0 0 0
0.5180 0.0140 -0.5413 30 0 0 0
0.5180 0.0140 -0.5413 30 0 0 0
0.5180 0.0140 -0.5413 30 0 0 0
0.5180 0.0140 -0.5413 30 0 0 0
0.5080 0.0136 -0.5412 30 0 0 0
0.5080 0.0136 -0.5412 30 0 0 0
0.5080 0.0136 -0.5412 30 0 0 0
0.5080 0.0136 -0.5412 30 0 0 0
0.5080 0.0136 -0.5412 30 0 0 0
0.4880 0.0132 -0.5422 30 0 0 0
0.4880 0.0132 -0.5422 30 0 0 0
0.4820 0.0132 -0.5429 30 0 0 0
0.4820 0.0132 -0.5429 30 0 0 0
0.4820 0.0132 -0.5429 30 0 0 0
0.4820 0.0132 -0.5429 30 0 0 0
0.4820 0.0134 -0.5421 30 0 0 0
0.4960 0.0134 -0.5421 30 0 0 0
0.4960 0.0134 -0.5421 30 0 0 0
0.4960 0.0134 -0.5421 30 0 0 0
0.4960 0.0134 -0.5421 30 0 0 0
0.4960 0.0134 -0.5421 30 0 0 0
0.5120 0.0142 -0.5440 30 0 0 0
0.5120 0.0142 -0.5440 30 0 0 0
0.4860 0.0148 -0.5429 30 0 0 0
0.4860 0.0148 -0.5429 30 0 0 0
0.4860 0.0148 -0.5429 30 0 0 0
0.4800 0.0154 -0.5467 30 0 0 0
0.4800 0.0154 -0.5467 30 0 0 0
0.4800 0.0154 -0.5467 30 0 0 0
0.4800 0.0154 -0.5467 30 0 0 0
0.4800 0.0154 -0.5467 30 0 0 0
0.4880 0.0159 -0.5456 30 0 0 0
0.4880 0.0159 -0.5456 30 0 0 0
0.4880 0.0159 -0.5456 30 0 0 0
0.4820 0.0159 -0.5479 30 0 0 0
0.4820 0.0159 -0.5479 30 0 0 0
0.4820 0.0159 -0.5479 30 0 0 0
0.4820 0.0159 -0.5479 30 0 0 0
0.4860 0.0159 -0.5473 30 0 0 0
0.4860 0.0159 -0.5473 30 0 0 0
0.4860 0.0159 -0.5473 30 0 0 0
0.4860 0.0159 -0.5473 30 0 0 0
0.4860 0.0159 -0.5473 30 0 0 0
0.4940 0.0157 -0.5505 30 0 0 0
0.4940 0.0157 -0.5505 30 0 0 0
0.4940 0.0157 -0.5505 30 0 0 0
0.4700 0.0158 -0.5509 30 0 0 0
0.4700 0.0158 -0.5509 30 0 0 0
0.4700 0.0158 -0.5509 30 0 0 0
0.4980 0.0159 -0.5544 30 0 0 0
0.4980 0.0159 -0.5544 30 0 0 0
0.4980 0.0159 -0.5544 30 0 0 0
0.4980 0.0159 -0.5544 30 0 0 0
0.4980 0.0159 -0.5544 30 0 0 0
0.4900 0.0163 -0.5620 30 0 0 0
0.4900 0.0163 -0.5620 30 0 0 0
0.4860 0.0167 -0.5608 30 0 0 0
0.4860 0.0167 -0.5608 30 0 0 0
0.4860 0.0167 -0.5608 30 0 0 0
0.4860 0.0170 -0.5600 30 0 0 0
0.4660 0.0170 -0.5600 30 0 0 0
0.4660 0.0170 -0.5600 30 0 0 0
0.4660 0.0170 -0.5600 30 0 0 0
0.4660 0.0170 -0.5600 30 0 0 0
0.4660 0.0170 -0.5600 30 0 0 0
0.4680 0.0177 -0.5621 30 0 0 0
0.4680 0.0177 -0.5621 30 0 0 0
0.4680 0.0177 -0.5621 30 0 0 0
0.4840 0.0182 -0.5656 30 0 0 0
0.4840 0.0182 -0.5656 0 0 0 0
0.4720 0.0173 -0.5655 30 0 0 0
0.4580 0.0168 -0.5655 30 0 0 0
0.4560 0.0168 -0.5643 30 0 0 0
0.4580 0.0168 -0.5666 30 0 0 0
0.4720 0.0170 -0.5659 30 0 0 0
0.4860 0.0170 -0.5637 30 0 0 0
0.4860 0.0170 -0.5637 30 0 0 0
0.4820 0.0166 -0.5629 30 0 0 0
0.5000 0.0163 -0.5641 30 0 0 0
0.5000 0.0163 -0.5641 30 0 0 0
0.5000 0.0163 -0.5641 30 0 0 0
0.5000 0.0163 -0.5641 30 0 0 0
0.5000 0.0163 -0.5641 30 0 0 0
0.5000 0.0166 -0.5630 30 0 0 0
0.5000 0.0166 -0.5630 30 0 0 0
0.5000 0.0166 -0.5630 30 0 0 0
0.5000 0.0171 -0.5631 0 0 0 0
0.4920 0.0173 -0.5622 30 0 0 0
0.4920 0.0173 -0.5622 30 0 0 0
0.4920 0.0173 -0.5622 30 0 0 0
0.4920 0.0173 -0.5622 30 0 0 0
0.4920 0.0173 -0.5622 30 0 0 0
0.4740 0.0173 -0.5609 30 0 0 0
0.4680 0.0169 -0.5600 30 0 0 0
0.4940 0.0160 -0.5596 30 0 0 0
0.4940 0.0160 -0.5596 30 0 0 0
0.4940 0.0160 -0.5596 30 0 0 0
0.5040 0.0150 -0.5583 30 0 0 0
0.5040 0.0150 -0.5583 30 0 0 0
0.5040 0.0147 -0.5601 30 0 0 0
0.4900 0.0147 -0.5601 30 0 0 0
0.4900 0.0147 -0.5601 30 0 0 0
0.4900 0.0147 -0.5601 0 0 0 0
0.4880 0.0160 -0.5590 30 0 0 0
0.4900 0.0169 -0.5583 30 0 0 0
0.4660 0.0178 -0.5559 30 0 0 0
0.4720 0.0182 -0.5539 30 0 0 0
0.4900 0.0180 -0.5533 30 0 0 0
0.4960 0.0169 -0.5509 30 0 0 0
0.4960 0.0169 -0.5509 30 0 0 0
0.4960 0.0169 -0.5509 30 0 0 0
0.4960 0.0169 -0.5509 30 0 0 0
0.4800 0.0155 -0.5499 30 0 0 0
0.4800 0.0155 -0.5499 30 0 0 0
0.4780 0.0140 -0.5499 30 0 0 0
0.4780 0.0140 -0.5499 30 0 0 0
0.4780 0.0140 -0.5499 0 0 0 0
0.5020 0.0130 -0.5497 30 0 0 0
0.4920 0.0124 -0.5494 30 0 0 0
0.4860 0.0122 -0.5491 30 0 0 0
0.5080 0.0121 -0.5500 30 0 0 0
0.5080 0.0121 -0.5500 30 0 0 0
0.5100 0.0119 -0.5497 30 0 0 0
0.5100 0.0119 -0.5497 30 0 0 0
0.5100 0.0117 -0.5486 30 0 0 0
0.5160 0.0116 -0.5483 30 0 0 0
0.5160 0.0116 -0.5483 30 0 0 0
0.4880 0.0117 -0.5486 30 0 0 0
0.4880 0.0117 -0.5486 30 0 0 0
0.4880 0.0117 -0.5493 30 0 0 0
0.4940 0.0117 -0.5493 0 0 0 0
0.5020 0.0120 -0.5491 30 0 0 0
0.4900 0.0122 -0.5496 30 0 0 0
0.4900 0.0122 -0.5496 30 0 0 0
0.4920 0.0123 -0.5492 30 0 0 0
0.4920 0.0121 -0.5492 30 0 0 0
0.5080 0.0121 -0.5492 30 0 0 0
0.5080 0.0121 -0.5492 30 0 0 0
0.5080 0.0121 -0.5492 30 0 0 0
0.5080 0.0121 -0.5492 30 0 0 0
0.5060 0.0118 -0.5490 30 0 0 0
0.4940 0.0121 -0.5490 30 0 0 0
0.4940 0.0121 -0.5490 30 0 0 0
0.4940 0.0121 -0.5490 30 0 0 0
0.4940 0.0124 -0.5486 0 0 0 0
0.4980 0.0124 -0.5486 30 0 0 0
0.4940 0.0128 -0.5493 30 0 0 0
0.5080 0.0133 -0.5488 30 0 0 0
0.5100 0.0132 -0.5490 30 0 0 0
0.5100 0.0132 -0.5490 30 0 0 0
0.5100 0.0132 -0.5490 30 0 0 0
0.5100 0.0132 -0.5490 30 0 0 0
0.5040 0.0129 -0.5484 30 0 0 0
0.5040 0.0129 -0.5484 30 0 0 0
0.4940 0.0124 -0.5483 30 0 0 0
0.4940 0.0124 -0.5483 30 0 0 0
0.4940 0.0124 -0.5483 30 0 0 0
0.4940 0.0124 -0.5483 30 0 0 0
0.4940 0.0119 -0.5484 30 0 0 0
0.4940 0.0119 -0.5484 30 0 0 0
0.4940 0.0119 -0.5484 0 0 0 0
0.4860 0.0115 -0.5488 30 0 0 0
0.4860 0.0113 -0.5484 30 0 0 0
0.4920 0.0112 -0.5491 30 0 0 0
0.4920 0.0112 -0.5491 30 0 0 0
0.4940 0.0112 -0.5480 30 0 0 0
0.4940 0.0112 -0.5480 30 0 0 0
0.4940 0.0112 -0.5480 30 0 0 0
0.4940 0.0112 -0.5480 30 0 0 0
0.5060 0.0114 -0.5483 30 0 0 0
0.5060 0.0114 -0.5483 30 0 0 0
0.5060 0.0114 -0.5483 30 0 0 0
0.5060 0.0114 -0.5483 30 0 0 0
0.5060 0.0114 -0.5483 30 0 0 0
0.4860 0.0118 -0.5477 30 0 0 0
0.4860 0.0118 -0.5477 30 0 0 0
0.4740 0.0125 -0.5486 30 0 0 0
0.4740 0.0125 -0.5486 30 0 0 0
0.4740 0.0125 -0.5486 30 0 0 0
0.4740 0.0131 -0.5480 30 0 0 0
0.4900 0.0131 -0.5480 30 0 0 0
0.4900 0.0131 -0.5480 30 0 0 0
0.4900 0.0131 -0.5480 30 0 0 0
0.4900 0.0131 -0.5480 30 0 0 0
0.4900 0.0131 -0.5480 0 0 0 0
0.4900 0.0131 -0.5480 30 0 0 0
0.4880 0.0134 -0.5495 30 0 0 0
0.4980 0.0134 -0.5488 30 0 0 0
0.4880 0.0132 -0.5513 30 0 0 0
0.4880 0.0132 -0.5513 30 0 0 0
0.4880 0.0132 -0.5513 30 0 0 0
0.4880 0.0132 -0.5513 30 0 0 0
0.4880 0.0132 -0.5513 30 0 0 0
0.4880 0.0132 -0.5513 30 0 0 0
0.4860 0.0130 -0.5500 30 0 0 0
0.5000 0.0129 -0.5497 30 0 0 0
0.5000 0.0129 -0.5497 30 0 0 0
0.5000 0.0129 -0.5497 30 0 0 0
0.4900 0.0131 -0.5503 30 0 0 0
0.4900 0.0131 -0.5503 30 0 0 0
0.4900 0.0131 -0.5503 30 0 0 0
0.4900 0.0131 -0.5503 30 0 0 0
0.4900 0.0131 -0.5503 30 0 0 0
0.4880 0.0138 -0.5500 30 0 0 0
0.4880 0.0138 -0.5500 30 0 0 0
0.4880 0.0138 -0.5500 30 0 0 0
0.5080 0.0141 -0.5498 30 0 0 0
0.5080 0.0141 -0.5498 30 0 0 0
0.5080 0.0141 -0.5498 30 0 0 0
0.5080 0.0141 -0.5498 30 0 0 0
0.4640 0.0139 -0.5493 30 0 0 0
0.4640 0.0139 -0.5493 30 0 0 0
0.4640 0.0139 -0.5493 30 0 0 0
0.4640 0.0139 -0.5493 30 0 0 0
0.4640 0.0139 -0.5493 30 0 0 0
0.4640 0.0139 -0.5493 30 0 0 0
0.4640 0.0139 -0.5493 30 0 0 0
0.4900 0.0137 -0.5494 30 0 0 0
0.4600 0.0138 -0.5492 30 0 0 0
0.4600 0.0138 -0.5492 30 0 0 0
0.4600 0.0138 -0.5492 30 0 0 0
0.4600 0.0138 -0.5492 30 0 0 0
0.4600 0.0138 -0.5492 30 0 0 0
0.4600 0.0138 -0.5492 30 0 0 0
0.4600 0.0138 -0.5492 30 0 0 0
0.4600 0.0138 -0.5492 30 0 0 0
0.4600 0.0138 -0.5492 30 0 0 0
0.4600 0.0138 -0.5492 30 0 0 0
0.4600 0.0138 -0.5492 30 0 0 0
0.4600 0.0138 -0.5492 30 0 0 0
0.4840 0.0141 -0.5485 30 0 0 0
0.4920 0.0145 -0.5477 30 0 0 0
0.4920 0.0149 -0.5473 0 0 0 0
0.4700 0.0178 -0.5456 30 0 0 0
0.4680 0.0188 -0.5455 30 0 0 0
0.4840 0.0197 -0.5458 30 0 0 0
0.4920 0.0200 -0.5456 30 0 0 0
0.4860 0.0195 -0.5439 30 0 0 0
0.4860 0.0195 -0.5439 30 0 0 0
0.4860 0.0195 -0.5439 30 0 0 0
0.4860 0.0195 -0.5439 30 0 0 0
0.4860 0.0186 -0.5435 30 0 0 0
0.4980 0.0186 -0.5435 30 0 0 0
0.4980 0.0186 -0.5435 30 0 0 0
0.4740 0.0182 -0.5431 0 0 0 0
0.4920 0.0166 -0.5424 30 0 0 0
0.4840 0.0168 -0.5417 30 0 0 0
0.4840 0.0168 -0.5417 30 0 0 0
0.5000 0.0168 -0.5424 30 0 0 0
0.5000 0.0168 -0.5424 30 0 0 0
0.5000 0.0168 -0.5424 30 0 0 0
0.4700 0.0172 -0.5435 30 0 0 0
0.4700 0.0172 -0.5435 30 0 0 0
0.4700 0.0172 -0.5435 30 0 0 0
0.4700 0.0172 -0.5435 30 0 0 0
0.4580 0.0171 -0.5432 30 0 0 0
0.4580 0.0171 -0.5432 30 0 0 0
0.4580 0.0171 -0.5432 30 0 0 0
0.4580 0.0171 -0.5432 30 0 0 0
0.4580 0.0171 -0.5432 30 0 0 0
0.4820 0.0165 -0.5444 30 0 0 0
0.4820 0.0165 -0.5444 0 0 0 0
0.4800 0.0150 -0.5460 30 0 0 0
0.4840 0.0150 -0.5460 30 0 0 0
0.4760 0.0151 -0.5453 30 0 0 0
0.4920 0.0158 -0.5461 30 0 0 0
0.4920 0.0158 -0.5461 30 0 0 0
0.4920 0.0158 -0.5461 30 0 0 0
0.4740 0.0160 -0.5452 30 0 0 0
0.4740 0.0160 -0.5452 30 0 0 0
0.4740 0.0160 -0.5452 30 0 0 0
0.4740 0.0160 -0.5452 30 0 0 0
0.4740 0.0160 -0.5452 30 0 0 0
0.4740 0.0157 -0.5469 30 0 0 0
0.4700 0.0148 -0.5464 30 0 0 0
0.4700 0.0148 -0.5464 30 0 0 0
0.4700 0.0148 -0.5464 30 0 0 0
0.4700 0.0148 -0.5464 0 0 0 0
0.4920 0.0177 -0.5373 30 0 0 0
0.5100 0.0183 -0.5375 30 0 0 0
0.4920 0.0191 -0.5355 30 0 0 0
0.4960 0.0203 -0.5337 30 0 0 0
0.5200 0.0208 -0.5336 30 0 0 0
0.4880 0.0213 -0.5323 30 0 0 0
0.4880 0.0213 -0.5323 30 0 0 0
0.4960 0.0218 -0.5324 30 0 0 0
0.4960 0.0218 -0.5324 30 0 0 0
0.4960 0.0218 -0.5324 30 0 0 0
0.4960 0.0218 -0.5324 30 0 0 0
0.4780 0.0222 -0.5319 30 0 0 0
0.4780 0.0222 -0.5319 0 0 0 0
0.4960 0.0225 -0.5319 30 0 0 0
0.4760 0.0228 -0.5309 30 0 0 0
0.4760 0.0234 -0.5311 30 0 0 0
0.4820 0.0236 -0.5312 30 0 0 0
0.4820 0.0236 -0.5312 30 0 0 0
0.4820 0.0236 -0.5312 30 0 0 0
0.4820 0.0236 -0.5312 30 0 0 0
0.4820 0.0236 -0.5312 30 0 0 0
0.4820 0.0223 -0.5314 30 0 0 0
0.4920 0.0223 -0.5314 30 0 0 0
0.4920 0.0223 -0.5314 30 0 0 0
0.4920 0.0223 -0.5314 30 0 0 0
0.4920 0.0223 -0.5314 30 0 0 0
0.4980 0.0200 -0.5325 30 0 0 0
0.4980 0.0200 -0.5325 30 0 0 0
0.4940 0.0180 -0.5325 30 0 0 0
0.4940 0.0180 -0.5325 30 0 0 0
0.4940 0.0180 -0.5325 30 0 0 0
0.4940 0.0180 -0.5325 30 0 0 0
0.4940 0.0180 -0.5325 30 0 0 0
0.4940 0.0180 -0.5325 30 0 0 0
0.5040 0.0163 -0.5326 30 0 0 0
0.5040 0.0163 -0.5326 30 0 0 0
0.5040 0.0163 -0.5326 30 0 0 0
0.5040 0.0163 -0.5326 30 0 0 0
0.5040 0.0167 -0.5306 30 0 0 0
0.4980 0.0167 -0.5306 30 0 0 0
0.4980 0.0167 -0.5306 30 0 0 0
0.4980 0.0167 -0.5306 30 0 0 0
0.4820 0.0168 -0.5308 30 0 0 0
0.4820 0.0168 -0.5308 30 0 0 0
0.4820 0.0168 -0.5308 30 0 0 0
0.4820 0.0168 -0.5308 30 0 0 0
0.4820 0.0168 -0.5308 30 0 0 0
0.4820 0.0168 -0.5308 30 0 0 0
0.4820 0.0168 -0.5308 0 0 0 0
0.4760 0.0119 -0.5331 30 0 0 0
0.4800 0.0131 -0.5343 30 0 0 0
0.4740 0.0144 -0.5335 30 0 0 0
0.4820 0.0145 -0.5331 30 0 0 0
0.4820 0.0153 -0.5337 30 0 0 0
0.4960 0.0153 -0.5337 30 0 0 0
0.4780 0.0157 -0.5336 30 0 0 0
0.4860 0.0164 -0.5324 30 0 0 0
0.4860 0.0164 -0.5324 30 0 0 0
0.4920 0.0166 -0.5327 30 0 0 0
0.4920 0.0166 -0.5327 30 0 0 0
0.4920 0.0166 -0.5327 30 0 0 0
0.4600 0.0165 -0.5324 30 0 0 0
0.4600 0.0165 -0.5324 30 0 0 0
0.4600 0.0165 -0.5324 30 0 0 0
0.4600 0.0165 -0.5325 30 0 0 0
0.4780 0.0165 -0.5325 30 0 0 0
0.4780 0.0165 -0.5325 30 0 0 0
0.4780 0.0165 -0.5325 30 0 0 0
0.4780 0.0165 -0.5325 30 0 0 0
0.4780 0.0163 -0.5325 30 0 0 0
0.4860 0.0163 -0.5325 30 0 0 0
0.4860 0.0163 -0.5325 30 0 0 0
0.4860 0.0163 -0.5325 30 0 0 0
0.4920 0.0163 -0.5327 30 0 0 0
0.4920 0.0163 -0.5327 30 0 0 0
0.4920 0.0163 -0.5327 30 0 0 0
0.4920 0.0163 -0.5327 30 0 0 0
0.4880 0.0172 -0.5345 30 0 0 0
0.4880 0.0172 -0.5345 30 0 0 0
0.4880 0.0172 -0.5345 30 0 0 0
0.4880 0.0172 -0.5345 30 0 0 0
0.5040 0.0178 -0.5346 30 0 0 0
0.5040 0.0178 -0.5346 30 0 0 0
0.5040 0.0178 -0.5346 30 0 0 0
0.5040 0.0178 -0.5346 30 0 0 0
0.5040 0.0178 -0.5346 30 0 0 0
0.5040 0.0178 -0.5346 30 0 0 0
0.5040 0.0178 -0.5346 30 0 0 0
0.5040 0.0178 -0.5346 30 0 0 0
0.5040 0.0178 -0.5346 30 0 0 0
0.5040 0.0178 -0.5346 30 0 0 0
0.5040 0.0178 -0.5346 30 0 0 0
0.5040 0.0178 -0.5346 30 0 0 0
0.4740 0.0185 -0.5365 30 0 0 0
0.4780 0.0191 -0.5371 30 0 0 0
0.5140 0.0193 -0.5371 30 0 0 0
0.5140 0.0193 -0.5371 30 0 0 0
0.5140 0.0193 -0.5371 30 0 0 0
0.5180 0.0190 -0.5375 30 0 0 0
0.5180 0.0190 -0.5375 30 0 0 0
0.5180 0.0181 -0.5374 30 0 0 0
0.4960 0.0181 -0.5374 30 0 0 0
0.4960 0.0181 -0.5374 30 0 0 0
0.4960 0.0181 -0.5374 30 0 0 0
0.4960 0.0181 -0.5374 30 0 0 0
0.4960 0.0181 -0.5374 30 0 0 0
0.4760 0.0177 -0.5379 30 0 0 0
0.4760 0.0177 -0.5379 30 0 0 0
0.4760 0.0177 -0.5379 30 0 0 0
0.4760 0.0177 -0.5379 30 0 0 0
0.4860 0.0177 -0.5380 30 0 0 0
0.4860 0.0177 -0.5380 30 0 0 0
0.4860 0.0177 -0.5380 30 0 0 0
0.4800 0.0178 -0.5374 30 0 0 0
0.4800 0.0178 -0.5374 30 0 0 0
0.4800 0.0178 -0.5374 30 0 0 0
0.4800 0.0178 -0.5374 30 0 0 0
0.4760 0.0182 -0.5371 30 0 0 0
0.4760 0.0182 -0.5371 30 0 0 0
0.4760 0.0182 -0.5371 30 0 0 0
0.4760 0.0182 -0.5371 30 0 0 0
0.4880 0.0185 -0.5360 30 0 0 0
0.4880 0.0185 -0.5360 30 0 0 0
0.4880 0.0185 -0.5360 30 0 0 0
0.4880 0.0185 -0.5360 30 0 0 0
0.4880 0.0185 -0.5360 30 0 0 0
0.4680 0.0185 -0.5360 30 0 0 0
0.4680 0.0185 -0.5360 30 0 0 0
0.4680 0.0185 -0.5360 30 0 0 0
0.4940 0.0184 -0.5375 30 0 0 0
0.4940 0.0184 -0.5375 30 0 0 0
0.4940 0.0184 -0.5375 30 0 0 0
0.4940 0.0184 -0.5375 30 0 0 0
0.4940 0.0184 -0.5375 30 0 0 0
0.4940 0.0184 -0.5375 30 0 0 0
0.4640 0.0185 -0.5374 30 0 0 0
0.4620 0.0181 -0.5382 30 0 0 0
0.4620 0.0181 -0.5382 30 0 0 0
0.4620 0.0181 -0.5382 30 0 0 0
0.4620 0.0181 -0.5382 30 0 0 0
0.4620 0.0181 -0.5382 30 0 0 0
0.4620 0.0181 -0.5382 30 0 0 0
0.4620 0.0181 -0.5382 30 0 0 0
0.4620 0.0181 -0.5382 30 0 0 0
0.4620 0.0181 -0.5382 30 0 0 0
0.4620 0.0181 -0.5382 30 0 0 0
0.4620 0.0181 -0.5382 30 0 0 0
0.4620 0.0181 -0.5382 30 0 0 0
0.4620 0.0181 -0.5382 30 0 0 0
0.4900 0.0175 -0.5385 30 0 0 0
0.4560 0.0167 -0.5380 30 0 0 0
0.4700 0.0160 -0.5363 30 0 0 0
0.4700 0.0160 -0.5363 30 0 0 0
0.4700 0.0160 -0.5363 30 0 0 0
0.4860 0.0162 -0.5361 30 0 0 0
0.4860 0.0162 -0.5361 30 0 0 0
0.4860 0.0162 -0.5361 30 0 0 0
0.4860 0.0162 -0.5361 30 0 0 0
0.4860 0.0162 -0.5361 30 0 0 0
0.4860 0.0167 -0.5360 30 0 0 0
0.4860 0.0167 -0.5360 30 0 0 0
0.4860 0.0167 -0.5360 30 0 0 0
0.4880 0.0174 -0.5361 30 0 0 0
0.4880 0.0174 -0.5361 30 0 0 0
0.4880 0.0174 -0.5361 30 0 0 0
0.4880 0.0174 -0.5361 30 0 0 0
0.5040 0.0179 -0.5345 30 0 0 0
0.5040 0.0179 -0.5345 30 0 0 0
0.5040 0.0179 -0.5345 30 0 0 0
0.5040 0.0179 -0.5345 30 0 0 0
0.4700 0.0183 -0.5339 30 0 0 0
0.4700 0.0183 -0.5339 30 0 0 0
0.4700 0.0183 -0.5339 30 0 0 0
0.4700 0.0183 -0.5339 30 0 0 0
0.4780 0.0183 -0.5338 30 0 0 0
0.4780 0.0183 -0.5338 30 0 0 0
0.4780 0.0183 -0.5338 30 0 0 0
0.4780 0.0183 -0.5338 0 0 0 0
0.4920 0.0156 -0.5330 0 30 0 0
0.4840 0.0140 -0.5337 0 30 0 0
0.4680 0.0129 -0.5342 0 30 0 0
0.4820 0.0120 -0.5344 0 30 0 0
0.4820 0.0120 -0.5344 0 30 0 0
0.4820 0.0120 -0.5344 0 30 0 0
0.4820 0.0120 -0.5344 0 30 0 0
0.4820 0.0120 -0.5344 0 30 0 0
0.4820 0.0120 -0.5344 0 30 0 0
0.4820 0.0120 -0.5344 0 30 0 0
0.4820 0.0120 -0.5344 0 30 0 0
0.4820 0.0120 -0.5344 0 30 0 0
0.4820 0.0120 -0.5344 0 30 0 0
0.4820 0.0120 -0.5344 0 30 0 0
0.4820 0.0120 -0.5344 0 30 0 0
0.4840 0.0112 -0.5347 0 30 0 0
0.4840 0.0112 -0.5347 0 30 0 0
0.4840 0.0112 -0.5347 0 30 0 0
0.4760 0.0113 -0.5349 0 30 0 0
0.4800 0.0113 -0.5350 0 30 0 0
0.4780 0.0112 -0.5352 0 30 0 0
0.4940 0.0109 -0.5353 0 30 0 0
0.4980 0.0108 -0.5356 0 30 0 0
0.4880 0.0113 -0.5356 0 30 0 0
0.4880 0.0113 -0.5356 0 30 0 0
0.4900 0.0124 -0.5360 0 30 0 0
0.4900 0.0124 -0.5360 0 30 0 0
0.4900 0.0124 -0.5360 0 30 0 0
0.4920 0.0135 -0.5365 0 30 0 0
0.4920 0.0135 -0.5365 0 30 0 0
0.4920 0.0135 -0.5365 0 30 0 0
0.4920 0.0135 -0.5365 0 30 0 0
0.4920 0.0135 -0.5365 0 30 0 0
0.4920 0.0135 -0.5365 0 30 0 0
0.4800 0.0145 -0.5370 0 30 0 0
0.4800 0.0145 -0.5370 0 30 0 0
0.4800 0.0145 -0.5370 0 30 0 0
0.4700 0.0147 -0.5382 0 30 0 0
0.4700 0.0147 -0.5382 0 30 0 0
0.4700 0.0147 -0.5382 0 30 0 0
0.4700 0.0147 -0.5382 0 30 0 0
0.4780 0.0144 -0.5388 0 30 0 0
0.4780 0.0144 -0.5388 0 30 0 0
0.4780 0.0144 -0.5388 0 30 0 0
0.4780 0.0144 -0.5388 0 30 0 0
0.4780 0.0144 -0.5388 0 30 0 0
0.4840 0.0141 -0.5390 0 30 0 0
0.4840 0.0141 -0.5390 0 30 0 0
0.4920 0.0140 -0.5394 0 30 0 0
0.4920 0.0140 -0.5394 0 30 0 0
0.4920 0.0140 -0.5394 0 30 0 0
0.4920 0.0140 -0.5394 0 30 0 0
0.4920 0.0140 -0.5394 0 30 0 0
0.4860 0.0140 -0.5391 0 30 0 0
0.4860 0.0140 -0.5391 0 30 0 0
0.4860 0.0140 -0.5391 0 30 0 0
0.4860 0.0140 -0.5391 0 30 0 0
0.4860 0.0140 -0.5391 0 30 0 0
0.4920 0.0138 -0.5390 0 30 0 0
0.4920 0.0138 -0.5390 0 30 0 0
0.5020 0.0139 -0.5384 0 30 0 0
0.5020 0.0139 -0.5384 0 30 0 0
0.5020 0.0139 -0.5384 0 30 0 0
0.5180 0.0140 -0.5395 0 30 0 0
0.5180 0.0140 -0.5395 0 30 0 0
0.5180 0.0140 -0.5395 0 30 0 0
0.5180 0.0140 -0.5395 0 30 0 0
0.5180 0.0140 -0.5395 0 30 0 0
0.5180 0.0140 -0.5395 0 30 0 0
0.4680 0.0140 -0.5402 0 30 0 0
0.4680 0.0140 -0.5402 0 30 0 0
0.4960 0.0134 -0.5357 0 30 0 0
0.4960 0.0134 -0.5357 0 30 0 0
0.4960 0.0134 -0.5357 0 30 0 0
0.4960 0.0134 -0.5357 0 30 0 0
0.4960 0.0127 -0.5359 0 30 0 0
0.4960 0.0127 -0.5359 0 30 0 0
0.4960 0.0127 -0.5359 0 30 0 0
0.4960 0.0127 -0.5359 0 30 0 0
0.4960 0.0127 -0.5359 0 30 0 0
0.4960 0.0118 -0.5367 0 30 0 0
0.4860 0.0118 -0.5367 0 30 0 0
0.4860 0.0118 -0.5367 0 30 0 0
0.4940 0.0115 -0.5361 0 30 0 0
0.4940 0.0115 -0.5361 0 30 0 0
0.4940 0.0115 -0.5361 0 30 0 0
0.4940 0.0115 -0.5361 0 30 0 0
0.4980 0.0117 -0.5387 0 30 0 0
0.4980 0.0117 -0.5387 0 30 0 0
0.4980 0.0117 -0.5387 0 30 0 0
0.4980 0.0117 -0.5387 0 30 0 0
0.4980 0.0117 -0.5387 0 30 0 0
0.4980 0.0117 -0.5387 0 30 0 0
0.4800 0.0126 -0.5403 0 30 0 0
0.4800 0.0126 -0.5403 0 30 0 0
0.5000 0.0133 -0.5403 0 30 0 0
0.5000 0.0133 -0.5403 0 30 0 0
0.5000 0.0133 -0.5403 0 30 0 0
0.5020 0.0140 -0.5412 0 30 0 0
0.5020 0.0140 -0.5412 0 30 0 0
0.5020 0.0140 -0.5412 0 30 0 0
0.5020 0.0140 -0.5412 0 30 0 0
0.5020 0.0140 -0.5412 0 30 0 0
0.4940 0.0154 -0.5435 0 30 0 0
0.4940 0.0154 -0.5435 0 30 0 0
0.4940 0.0154 -0.5435 0 30 0 0
0.4940 0.0154 -0.5435 0 30 0 0
0.5180 0.0166 -0.5438 0 30 0 0
0.5180 0.0166 -0.5438 0 30 0 0
0.5180 0.0166 -0.5438 0 30 0 0
0.5040 0.0174 -0.5436 0 30 0 0
0.5040 0.0174 -0.5436 0 30 0 0
0.5040 0.0174 -0.5436 0 30 0 0
0.5040 0.0174 -0.5436 0 30 0 0
0.5040 0.0174 -0.5436 0 30 0 0
0.4800 0.0178 -0.5433 0 30 0 0
0.4800 0.0178 -0.5433 0 30 0 0
0.4800 0.0178 -0.5433 0 30 0 0
0.4880 0.0171 -0.5429 0 30 0 0
0.4880 0.0171 -0.5429 0 30 0 0
0.4880 0.0171 -0.5429 0 30 0 0
0.4980 0.0164 -0.5434 0 30 0 0
0.4980 0.0164 -0.5434 0 30 0 0
0.4980 0.0164 -0.5434 0 30 0 0
0.4980 0.0164 -0.5434 0 30 0 0
0.4980 0.0164 -0.5434 0 30 0 0
0.4960 0.0158 -0.5432 0 30 0 0
0.4960 0.0158 -0.5432 0 30 0 0
0.4960 0.0158 -0.5432 0 30 0 0
0.5100 0.0156 -0.5441 0 30 0 0
0.5100 0.0156 -0.5441 0 30 0 0
0.5100 0.0156 -0.5441 0 30 0 0
0.4860 0.0157 -0.5450 0 30 0 0
0.4860 0.0157 -0.5450 0 30 0 0
0.4860 0.0157 -0.5450 0 30 0 0
0.4860 0.0157 -0.5450 0 30 0 0
0.4860 0.0157 -0.5450 0 30 0 0
0.4860 0.0157 -0.5450 0 30 0 0
0.5020 0.0162 -0.5452 0 30 0 0
0.5020 0.0162 -0.5452 0 30 0 0
0.5020 0.0162 -0.5452 0 30 0 0
0.4940 0.0164 -0.5469 0 30 0 0
0.4940 0.0164 -0.5469 0 30 0 0
0.4940 0.0164 -0.5469 0 30 0 0
0.4940 0.0164 -0.5469 0 30 0 0
0.5080 0.0164 -0.5476 0 30 0 0
0.5080 0.0164 -0.5476 0 30 0 0
0.5080 0.0164 -0.5476 0 30 0 0
0.5080 0.0164 -0.5476 0 30 0 0
0.5080 0.0164 -0.5476 0 30 0 0
0.5020 0.0162 -0.5492 0 30 0 0
0.5020 0.0162 -0.5492 0 30 0 0
0.4980 0.0157 -0.5499 0 30 0 0
0.4980 0.0157 -0.5499 0 30 0 0
0.4980 0.0157 -0.5499 0 30 0 0
0.4980 0.0157 -0.5499 0 30 0 0
0.4980 0.0157 -0.5499 0 30 0 0
0.5160 0.0143 -0.5533 0 30 0 0
0.5160 0.0143 -0.5533 0 30 0 0
0.5160 0.0143 -0.5533 0 30 0 0
0.5160 0.0143 -0.5533 0 30 0 0
0.5160 0.0143 -0.5533 0 30 0 0
0.5200 0.0126 -0.5530 0 30 0 0
0.5200 0.0126 -0.5530 0 30 0 0
0.4840 0.0111 -0.5537 0 30 0 0
0.4840 0.0111 -0.5537 0 30 0 0
0.4840 0.0111 -0.5537 0 30 0 0
0.4840 0.0111 -0.5537 0 30 0 0
0.4840 0.0111 -0.5537 0 30 0 0
0.4840 0.0111 -0.5537 0 30 0 0
0.4800 0.0094 -0.5537 0 30 0 0
0.4800 0.0094 -0.5537 0 30 0 0
0.4800 0.0094 -0.5537 0 30 0 0
0.4800 0.0094 -0.5537 0 30 0 0
0.4800 0.0094 -0.5537 0 30 0 0
0.4880 0.0085 -0.5533 0 30 0 0
0.4880 0.0085 -0.5533 0 30 0 0
0.4880 0.0085 -0.5533 0 30 0 0
0.4880 0.0085 -0.5533 0 30 0 0
0.4880 0.0085 -0.5533 0 30 0 0
0.4880 0.0085 -0.5533 0 30 0 0
0.4880 0.0085 -0.5533 0 30 0 0
0.4880 0.0085 -0.5533 0 30 0 0
0.4880 0.0085 -0.5533 0 30 0 0
0.4660 0.0082 -0.5535 0 30 0 0
0.4660 0.0082 -0.5535 0 30 0 0
0.4760 0.0082 -0.5522 0 30 0 0
0.4920 0.0085 -0.5511 0 30 0 0
0.5040 0.0080 -0.5496 0 30 0 0
0.5040 0.0080 -0.5496 0 30 0 0
0.5040 0.0080 -0.5496 0 30 0 0
0.5040 0.0080 -0.5496 0 30 0 0
0.5040 0.0080 -0.5496 0 30 0 0
0.5040 0.0080 -0.5496 0 30 0 0
0.5100 0.0079 -0.5473 0 30 0 0
0.5100 0.0079 -0.5473 0 30 0 0
0.5100 0.0079 -0.5473 0 30 0 0
0.5100 0.0079 -0.5473 0 30 0 0
0.4920 0.0088 -0.5457 0 30 0 0
0.4920 0.0088 -0.5457 0 30 0 0
0.4920 0.0088 -0.5457 0 30 0 0
0.4700 0.0101 -0.5460 0 30 0 0
0.4700 0.0101 -0.5460 0 30 0 0
0.4700 0.0101 -0.5460 0 30 0 0
0.4700 0.0101 -0.5460 0 30 0 0
0.4700 0.0101 -0.5460 0 30 0 0
0.4700 0.0101 -0.5460 0 30 0 0
0.4700 0.0101 -0.5460 0 30 0 0
0.4700 0.0101 -0.5460 0 30 0 0
0.4700 0.0101 -0.5460 0 30 0 0
0.4700 0.0101 -0.5460 0 30 0 0
0.4840 0.0120 -0.5448 0 30 0 0
0.4840 0.0120 -0.5448 0 30 0 0
0.4840 0.0120 -0.5448 0 30 0 0
0.4820 0.0132 -0.5434 0 30 0 0
0.4520 0.0143 -0.5434 0 30 0 0
0.4520 0.0143 -0.5434 0 30 0 0
0.4820 0.0150 -0.5420 0 30 0 0
0.4820 0.0150 -0.5420 0 30 0 0
0.4820 0.0150 -0.5420 0 30 0 0
0.4820 0.0150 -0.5420 0 30 0 0
0.5160 0.0149 -0.5417 0 30 0 0
0.5160 0.0149 -0.5417 0 30 0 0
0.5160 0.0149 -0.5417 0 30 0 0
0.4780 0.0145 -0.5399 0 30 0 0
0.4780 0.0145 -0.5399 0 30 0 0
0.4780 0.0145 -0.5399 0 30 0 0
0.4780 0.0145 -0.5399 0 30 0 0
0.4780 0.0145 -0.5399 0 30 0 0
0.4880 0.0141 -0.5397 0 30 0 0
0.4880 0.0141 -0.5397 0 30 0 0
0.4880 0.0141 -0.5397 0 30 0 0
0.4880 0.0141 -0.5397 0 30 0 0
0.4760 0.0134 -0.5390 0 30 0 0
0.4760 0.0134 -0.5390 0 30 0 0
0.4760 0.0134 -0.5390 0 30 0 0
0.4760 0.0134 -0.5390 0 30 0 0
0.4760 0.0134 -0.5390 0 0 0 0
0.4920 0.0111 -0.5381 30 0 0 0
0.5180 0.0112 -0.5379 30 0 0 0
0.5180 0.0112 -0.5379 30 0 0 0
0.5180 0.0112 -0.5379 30 0 0 0
0.5180 0.0112 -0.5379 30 0 0 0
0.4900 0.0112 -0.5376 30 0 0 0
0.4900 0.0109 -0.5372 30 0 0 0
0.4940 0.0112 -0.5371 30 0 0 0
0.4960 0.0117 -0.5359 30 0 0 0
0.4740 0.0122 -0.5359 30 0 0 0
0.4740 0.0122 -0.5359 30 0 0 0
0.4740 0.0122 -0.5359 30 0 0 0
0.4820 0.0127 -0.5360 30 0 0 0
0.4820 0.0127 -0.5360 30 0 0 0
0.4820 0.0127 -0.5360 30 0 0 0
0.4820 0.0127 -0.5360 30 0 0 0
0.4820 0.0127 -0.5360 30 0 0 0
0.4820 0.0132 -0.5363 30 0 0 0
0.4820 0.0132 -0.5363 30 0 0 0
0.4700 0.0139 -0.5354 30 0 0 0
0.4700 0.0139 -0.5354 30 0 0 0
0.4700 0.0139 -0.5354 30 0 0 0
0.4700 0.0139 -0.5354 30 0 0 0
0.4900 0.0149 -0.5351 30 0 0 0
0.4900 0.0149 -0.5351 30 0 0 0
0.4900 0.0149 -0.5351 30 0 0 0
0.4900 0.0149 -0.5351 30 0 0 0
0.5140 0.0160 -0.5360 30 0 0 0
0.5140 0.0160 -0.5360 30 0 0 0
0.5000 0.0164 -0.5362 30 0 0 0
0.5000 0.0164 -0.5362 30 0 0 0
0.5000 0.0164 -0.5362 30 0 0 0
0.5000 0.0164 -0.5362 30 0 0 0
0.4900 0.0167 -0.5359 30 0 0 0
0.4900 0.0167 -0.5359 30 0 0 0
0.4900 0.0167 -0.5359 30 0 0 0
0.4900 0.0167 -0.5359 30 0 0 0
0.4900 0.0167 -0.5359 30 0 0 0
0.4600 0.0164 -0.5352 30 0 0 0
0.4600 0.0164 -0.5352 30 0 0 0
0.4600 0.0164 -0.5352 30 0 0 0
0.4740 0.0160 -0.5355 30 0 0 0
0.4740 0.0160 -0.5355 30 0 0 0
0.4740 0.0160 -0.5355 30 0 0 0
0.4740 0.0160 -0.5355 30 0 0 0
0.4740 0.0160 -0.5355 30 0 0 0
0.4740 0.0160 -0.5355 30 0 0 0
0.4740 0.0160 -0.5355 30 0 0 0
0.4740 0.0160 -0.5355 30 0 0 0
0.4740 0.0160 -0.5355 30 0 0 0
0.4740 0.0160 -0.5355 30 0 0 0
0.4900 0.0150 -0.5357 30 0 0 0
0.4900 0.0150 -0.5357 30 0 0 0
0.4900 0.0150 -0.5357 30 0 0 0
0.4840 0.0134 -0.5359 30 0 0 0
0.4900 0.0119 -0.5361 30 0 0 0
0.4900 0.0119 -0.5361 30 0 0 0
0.4900 0.0119 -0.5361 30 0 0 0
0.4840 0.0107 -0.5364 30 0 0 0
0.4840 0.0107 -0.5364 30 0 0 0
0.4840 0.0107 -0.5364 30 0 0 0
0.4840 0.0107 -0.5364 30 0 0 0
0.5000 0.0102 -0.5367 30 0 0 0
0.5000 0.0102 -0.5367 30 0 0 0
0.5000 0.0101 -0.5369 30 0 0 0
0.4660 0.0101 -0.5369 30 0 0 0
0.4660 0.0101 -0.5369 30 0 0 0
0.4660 0.0101 -0.5369 30 0 0 0
0.4660 0.0101 -0.5369 30 0 0 0
0.4660 0.0101 -0.5369 30 0 0 0
0.4800 0.0102 -0.5380 30 0 0 0
0.4800 0.0102 -0.5380 30 0 0 0
0.4800 0.0102 -0.5380 30 0 0 0
0.4800 0.0102 -0.5380 30 0 0 0
0.4800 0.0102 -0.5380 30 0 0 0
0.4800 0.0102 -0.5380 30 0 0 0
0.4800 0.0102 -0.5380 30 0 0 0
0.4800 0.0102 -0.5380 30 0 0 0
0.4800 0.0102 -0.5380 30 0 0 0
0.4800 0.0103 -0.5382 30 0 0 0
0.4860 0.0103 -0.5382 30 0 0 0
0.4800 0.0106 -0.5386 30 0 0 0
0.5040 0.0110 -0.5387 30 0 0 0
0.5040 0.0110 -0.5387 30 0 0 0
0.5040 0.0110 -0.5387 30 0 0 0
0.5040 0.0110 -0.5387 30 0 0 0
0.5160 0.0114 -0.5397 30 0 0 0
0.5160 0.0114 -0.5397 30 0 0 0
0.5160 0.0114 -0.5397 30 0 0 0
0.5160 0.0114 -0.5397 30 0 0 0
0.5160 0.0114 -0.5397 30 0 0 0
0.5160 0.0114 -0.5397 30 0 0 0
0.5160 0.0114 -0.5397 30 0 0 0
0.5160 0.0114 -0.5397 30 0 0 0
0.5160 0.0114 -0.5397 30 0 0 0
0.5160 0.0114 -0.5397 30 0 0 0
0.4900 0.0121 -0.5385 30 0 0 0
0.4900 0.0121 -0.5385 30 0 0 0
0.4820 0.0127 -0.5383 30 0 0 0
0.4820 0.0126 -0.5365 30 0 0 0
0.4980 0.0126 -0.5365 30 0 0 0
0.4980 0.0126 -0.5365 30 0 0 0
0.4840 0.0123 -0.5365 30 0 0 0
0.4840 0.0123 -0.5365 30 0 0 0
0.4840 0.0123 -0.5365 30 0 0 0
0.4840 0.0123 -0.5365 30 0 0 0
0.4820 0.0121 -0.5358 30 0 0 0
0.4820 0.0121 -0.5358 30 0 0 0
0.4820 0.0121 -0.5358 30 0 0 0
0.4820 0.0121 -0.5358 30 0 0 0
0.4820 0.0120 -0.5357 30 0 0 0
0.4840 0.0120 -0.5357 30 0 0 0
0.4840 0.0120 -0.5357 30 0 0 0
0.4840 0.0120 -0.5357 30 0 0 0
0.4840 0.0120 -0.5357 30 0 0 0
0.5100 0.0122 -0.5368 30 0 0 0
0.5100 0.0122 -0.5368 30 0 0 0
0.5100 0.0122 -0.5368 30 0 0 0
0.5100 0.0122 -0.5368 30 0 0 0
0.5020 0.0124 -0.5369 30 0 0 0
0.5020 0.0124 -0.5369 30 0 0 0
0.5020 0.0124 -0.5369 30 0 0 0
0.5020 0.0124 -0.5369 30 0 0 0
0.5000 0.0130 -0.5368 30 0 0 0
0.5000 0.0130 -0.5368 30 0 0 0
0.5000 0.0130 -0.5368 30 0 0 0
0.5040 0.0137 -0.5373 30 0 0 0
0.5040 0.0137 -0.5373 30 0 0 0
0.5040 0.0137 -0.5373 30 0 0 0
0.5040 0.0137 -0.5373 30 0 0 0
0.4840 0.0143 -0.5393 30 0 0 0
0.4840 0.0143 -0.5393 30 0 0 0
0.4840 0.0143 -0.5393 30 0 0 0
0.4840 0.0143 -0.5393 30 0 0 0
0.4880 0.0149 -0.5395 30 0 0 0
0.4880 0.0149 -0.5395 30 0 0 0
0.4880 0.0149 -0.5395 30 0 0 0
0.4880 0.0149 -0.5395 30 0 0 0
0.4920 0.0157 -0.5370 30 0 0 0
0.4920 0.0157 -0.5370 30 0 0 0
0.4920 0.0157 -0.5370 30 0 0 0
0.4920 0.0157 -0.5370 30 0 0 0
0.4780 0.0159 -0.5373 30 0 0 0
0.4780 0.0159 -0.5373 30 0 0 0
0.4780 0.0159 -0.5373 30 0 0 0
0.4780 0.0159 -0.5373 30 0 0 0
0.4780 0.0159 -0.5373 30 0 0 0
0.4880 0.0159 -0.5354 30 0 0 0
0.4880 0.0159 -0.5354 30 0 0 0
0.4880 0.0159 -0.5354 30 0 0 0
0.5080 0.0152 -0.5331 30 0 0 0
0.5080 0.0152 -0.5331 30 0 0 0
0.5080 0.0152 -0.5331 30 0 0 0
0.5080 0.0152 -0.5331 30 0 0 0
0.5080 0.0152 -0.5331 30 0 0 0
0.4800 0.0146 -0.5332 30 0 0 0
0.4800 0.0146 -0.5332 30 0 0 0
0.4800 0.0146 -0.5332 30 0 0 0
0.4800 0.0146 -0.5332 30 0 0 0
0.4800 0.0146 -0.5332 30 0 0 0
0.5020 0.0138 -0.5334 30 0 0 0
0.5020 0.0138 -0.5334 30 0 0 0
0.5020 0.0138 -0.5334 30 0 0 0
0.5100 0.0135 -0.5332 30 0 0 0
0.5100 0.0135 -0.5332 30 0 0 0
0.5100 0.0135 -0.5332 30 0 0 0
0.5200 0.0137 -0.5314 30 0 0 0
0.5200 0.0137 -0.5314 30 0 0 0
0.5200 0.0137 -0.5314 30 0 0 0
0.5200 0.0137 -0.5314 30 0 0 0
0.5200 0.0137 -0.5314 30 0 0 0
0.5200 0.0137 -0.5314 30 0 0 0
0.5200 0.0137 -0.5314 30 0 0 0
0.5140 0.0142 -0.5316 30 0 0 0
0.5140 0.0142 -0.5316 30 0 0 0
0.5140 0.0142 -0.5316 30 0 0 0
0.5140 0.0142 -0.5316 30 0 0 0
0.5000 0.0149 -0.5330 30 0 0 0
0.4960 0.0151 -0.5329 30 0 0 0
0.4960 0.0151 -0.5329 30 0 0 0
0.4960 0.0151 -0.5329 30 0 0 0
0.4960 0.0151 -0.5329 30 0 0 0
0.4960 0.0153 -0.5332 30 0 0 0
0.4960 0.0153 -0.5332 30 0 0 0
0.4960 0.0153 -0.5332 30 0 0 0
0.4960 0.0153 -0.5332 30 0 0 0
0.4900 0.0156 -0.5333 30 0 0 0
0.4900 0.0156 -0.5333 30 0 0 0
0.4900 0.0156 -0.5333 30 0 0 0
0.4900 0.0156 -0.5333 30 0 0 0
0.5140 0.0157 -0.5344 30 0 0 0
0.5140 0.0157 -0.5344 30 0 0 0
0.5140 0.0157 -0.5344 30 0 0 0
0.5140 0.0157 -0.5344 30 0 0 0
0.5140 0.0159 -0.5347 30 0 0 0
0.5080 0.0159 -0.5347 30 0 0 0
0.5080 0.0159 -0.5347 30 0 0 0
0.5080 0.0159 -0.5347 30 0 0 0
0.4940 0.0156 -0.5324 30 0 0 0
0.4940 0.0156 -0.5324 30 0 0 0
0.4940 0.0156 -0.5324 30 0 0 0
0.4900 0.0151 -0.5320 30 0 0 0
0.4900 0.0151 -0.5320 30 0 0 0
0.4900 0.0151 -0.5320 30 0 0 0
0.4900 0.0151 -0.5320 30 0 0 0
0.4900 0.0144 -0.5322 30 0 0 0
0.5140 0.0144 -0.5322 30 0 0 0
0.5140 0.0144 -0.5322 30 0 0 0
0.5140 0.0144 -0.5322 30 0 0 0
0.5220 0.0138 -0.5319 30 0 0 0
0.5220 0.0138 -0.5319 30 0 0 0
0.5220 0.0138 -0.5319 30 0 0 0
0.5220 0.0138 -0.5319 30 0 0 0
0.4840 0.0137 -0.5323 30 0 0 0
0.4840 0.0137 -0.5323 30 0 0 0
0.4840 0.0137 -0.5323 30 0 0 0
0.4840 0.0137 -0.5323 30 0 0 0
0.4760 0.0137 -0.5322 30 0 0 0
0.4760 0.0137 -0.5322 30 0 0 0
0.4760 0.0137 -0.5322 30 0 0 0
0.4760 0.0137 -0.5322 30 0 0 0
0.4880 0.0141 -0.5319 30 0 0 0
0.4880 0.0141 -0.5319 30 0 0 0
0.4880 0.0141 -0.5319 30 0 0 0
0.4880 0.0141 -0.5319 30 0 0 0
0.4840 0.0146 -0.5317 30 0 0 0
0.4840 0.0146 -0.5317 30 0 0 0
0.4840 0.0146 -0.5317 30 0 0 0
0.4840 0.0146 -0.5317 30 0 0 0
0.4700 0.0149 -0.5317 30 0 0 0
0.4700 0.0149 -0.5317 30 0 0 0
0.4700 0.0149 -0.5317 30 0 0 0
0.4920 0.0155 -0.5321 30 0 0 0
0.4920 0.0155 -0.5321 30 0 0 0
0.4920 0.0155 -0.5321 30 0 0 0
0.4920 0.0155 -0.5321 30 0 0 0
0.4900 0.0155 -0.5324 30 0 0 0
0.4900 0.0155 -0.5324 30 0 0 0
0.4900 0.0155 -0.5324 30 0 0 0
0.4900 0.0155 -0.5324 30 0 0 0
0.4880 0.0151 -0.5329 30 0 0 0
0.4880 0.0151 -0.5329 30 0 0 0
0.4880 0.0151 -0.5329 30 0 0 0
0.4880 0.0151 -0.5329 30 0 0 0
0.4760 0.0148 -0.5324 30 0 0 0
0.4760 0.0148 -0.5324 30 0 0 0
0.4760 0.0148 -0.5324 30 0 0 0
0.4680 0.0148 -0.0040 30 0 0 0
0.4680 0.0148 -0.0040 30 0 0 0
0.4680 0.0148 -0.0040 30 0 0 0
0.4680 0.0148 -0.0040 30 0 0 0
0.4680 0.0148 -0.0040 30 0 0 0
0.4600 0.0153 -0.0043 30 0 0 0
0.4600 0.0153 -0.0043 30 0 0 0
0.4600 0.0153 -0.0043 30 0 0 0
0.4600 0.0153 -0.0043 30 0 0 0
0.4600 0.0157 -0.0039 30 0 0 0
0.4600 0.0157 -0.0039 30 0 0 0
0.4600 0.0157 -0.0039 30 0 0 0
0.4600 0.0157 -0.0039 30 0 0 0
0.4840 0.0159 -0.0049 30 0 0 0
0.4840 0.0159 -0.0049 30 0 0 0
0.4840 0.0159 -0.0049 30 0 0 0
0.4840 0.0159 -0.0049 30 0 0 0
0.5040 0.0160 -0.0047 30 0 0 0
0.5040 0.0160 -0.0047 30 0 0 0
0.5040 0.0160 -0.0047 30 0 0 0
0.4980 0.0158 -0.0037 30 0 0 0
0.4980 0.0158 -0.0037 30 0 0 0
0.4980 0.0158 -0.0037 30 0 0 0
0.4980 0.0158 -0.0037 30 0 0 0
0.4980 0.0153 -0.0035 30 0 0 0
0.4980 0.0153 -0.0035 30 0 0 0
0.4980 0.0153 -0.0035 30 0 0 0
0.4980 0.0153 -0.0035 30 0 0 0
0.4980 0.0153 -0.0035 30 0 0 0
0.4940 0.0144 -0.0044 30 0 0 0
0.4940 0.0144 -0.0044 30 0 0 0
0.4940 0.0144 -0.0044 30 0 0 0
0.4980 0.0136 -0.0055 30 0 0 0
0.4980 0.0136 -0.0055 30 0 0 0
0.4980 0.0136 -0.0055 30 0 0 0
0.4980 0.0136 -0.0055 30 0 0 0
0.4780 0.0132 -0.0041 30 0 0 0
0.4780 0.0132 -0.0041 30 0 0 0
0.4780 0.0132 -0.0041 30 0 0 0
0.4780 0.0132 -0.0041 30 0 0 0
0.4780 0.0132 -0.0041 30 0 0 0
0.4820 0.0130 -0.0043 30 0 0 0
0.4820 0.0130 -0.0043 30 0 0 0
0.4780 0.0131 -0.0069 30 0 0 0
0.4780 0.0131 -0.0069 30 0 0 0
0.4780 0.0131 -0.0069 30 0 0 0
0.4780 0.0131 -0.0069 30 0 0 0
0.4940 0.0134 -0.0065 30 0 0 0
0.4940 0.0134 -0.0065 30 0 0 0
0.4940 0.0134 -0.0065 30 0 0 0
0.4940 0.0134 -0.0065 30 0 0 0
0.4940 0.0134 -0.0065 30 0 0 0
0.4700 0.0136 -0.0057 30 0 0 0
0.4700 0.0136 -0.0057 30 0 0 0
0.4700 0.0136 -0.0057 30 0 0 0
0.4740 0.0138 -0.0057 30 0 0 0
0.4740 0.0138 -0.0057 30 0 0 0
0.4740 0.0138 -0.0057 30 0 0 0
0.4740 0.0138 -0.0057 30 0 0 0
0.4980 0.0140 -0.0057 30 0 0 0
0.4980 0.0140 -0.0057 30 0 0 0
0.4980 0.0140 -0.0057 30 0 0 0
0.4980 0.0140 -0.0057 30 0 0 0
0.4980 0.0140 -0.0057 30 0 0 0
0.4980 0.0143 -0.0051 30 0 0 0
0.4820 0.0143 -0.0051 30 0 0 0
0.4820 0.0143 -0.0051 30 0 0 0
0.4820 0.0146 -0.0054 30 0 0 0
0.4880 0.0146 -0.0054 30 0 0 0
0.4880 0.0146 -0.0054 30 0 0 0
0.5000 0.0148 -0.0037 30 0 0 0
0.5000 0.0148 -0.0037 30 0 0 0
0.5000 0.0148 -0.0037 30 0 0 0
0.5000 0.0148 -0.0037 30 0 0 0
0.5000 0.0148 -0.0037 30 0 0 0
0.5000 0.0148 -0.0037 30 0 0 0
0.4880 0.0151 -0.0039 30 0 0 0
0.4880 0.0151 -0.0039 30 0 0 0
0.4880 0.0151 -0.0039 30 0 0 0
0.4660 0.0155 -0.0023 30 0 0 0
0.4660 0.0155 -0.0023 30 0 0 0
0.4660 0.0155 -0.0023 30 0 0 0
0.4660 0.0155 -0.0023 30 0 0 0
0.4760 0.0157 -0.0028 30 0 0 0
0.4760 0.0157 -0.0028 30 0 0 0
0.4760 0.0157 -0.0028 30 0 0 0
0.4760 0.0157 -0.0028 30 0 0 0
0.4760 0.0157 -0.0028 30 0 0 0
0.4760 0.0157 -0.0028 30 0 0 0
0.4760 0.0160 -0.0028 30 0 0 0
0.4760 0.0160 -0.0028 30 0 0 0
0.4940 0.0162 -0.0035 30 0 0 0
0.4940 0.0162 -0.0035 30 0 0 0
0.4940 0.0162 -0.0035 30 0 0 0
0.4940 0.0162 -0.0035 30 0 0 0
0.4880 0.0163 -0.0044 30 0 0 0
0.4880 0.0163 -0.0044 30 0 0 0
0.4880 0.0163 -0.0044 30 0 0 0
0.4880 0.0163 -0.0044 30 0 0 0
0.4880 0.0163 -0.0044 30 0 0 0
0.5000 0.0160 -0.0044 30 0 0 0
0.5000 0.0160 -0.0044 30 0 0 0
0.5000 0.0160 -0.0044 30 0 0 0
0.4700 0.0156 -0.0049 30 0 0 0
0.4700 0.0156 -0.0049 30 0 0 0
0.4700 0.0156 -0.0049 30 0 0 0
0.4900 0.0153 -0.0054 30 0 0 0
0.4900 0.0153 -0.0054 30 0 0 0
0.4900 0.0153 -0.0054 30 0 0 0
0.4900 0.0153 -0.0054 30 0 0 0
0.4900 0.0153 -0.0054 30 0 0 0
0.4900 0.0153 -0.0054 30 0 0 0
0.4500 0.0151 -0.0043 30 0 0 0
0.4500 0.0151 -0.0043 30 0 0 0
0.4500 0.0151 -0.0043 30 0 0 0
0.4840 0.0151 -0.0058 30 0 0 0
0.4840 0.0151 -0.0058 30 0 0 0
0.4640 0.0152 -0.0058 30 0 0 0
0.4640 0.0152 -0.0058 30 0 0 0
0.4640 0.0152 -0.0058 30 0 0 0
0.4640 0.0152 -0.0058 30 0 0 0
0.4640 0.0152 -0.0058 30 0 0 0
0.4640 0.0152 -0.0058 30 0 0 0
0.4800 0.0149 -0.0050 30 0 0 0
0.4800 0.0149 -0.0050 30 0 0 0
0.4800 0.0149 -0.0050 30 0 0 0
0.4840 0.0143 -0.0058 30 0 0 0
0.4840 0.0143 -0.0058 30 0 0 0
0.4840 0.0143 -0.0058 30 0 0 0
0.4840 0.0137 -0.0040 30 0 0 0
0.4840 0.0137 -0.0040 30 0 0 0
0.4840 0.0137 -0.0040 30 0 0 0
0.4840 0.0137 -0.0040 30 0 0 0
0.4840 0.0137 -0.0040 30 0 0 0
0.4840 0.0137 -0.0040 30 0 0 0
0.4740 0.0139 -0.0048 30 0 0 0
0.4740 0.0139 -0.0048 30 0 0 0
0.4900 0.0148 -0.0032 30 0 0 0
0.4900 0.0148 -0.0032 30 0 0 0
0.4900 0.0148 -0.0032 30 0 0 0
0.4460 0.0157 -0.0029 30 0 0 0
0.4460 0.0157 -0.0029 30 0 0 0
0.4460 0.0157 -0.0029 30 0 0 0
0.4460 0.0157 -0.0029 30 0 0 0
0.4460 0.0157 -0.0029 30 0 0 0
0.4460 0.0157 -0.0029 30 0 0 0
0.4460 0.0157 -0.0029 30 0 0 0
0.4800 0.0164 -0.0039 30 0 0 0
0.4800 0.0164 -0.0039 30 0 0 0
0.4720 0.0160 -0.0043 30 0 0 0
0.4720 0.0160 -0.0043 30 0 0 0
0.4720 0.0160 -0.0043 30 0 0 0
0.4720 0.0150 -0.0039 30 0 0 0
0.4720 0.0150 -0.0039 30 0 0 0
0.4720 0.0150 -0.0039 30 0 0 0
0.4720 0.0150 -0.0039 30 0 0 0
0.4720 0.0150 -0.0039 30 0 0 0
0.4720 0.0150 -0.0039 30 0 0 0
0.4720 0.0150 -0.0039 30 0 0 0
0.4760 0.0143 -0.0080 30 0 0 0
0.4520 0.0143 -0.0084 30 0 0 0
0.4520 0.0143 -0.0084 30 0 0 0
0.4520 0.0143 -0.0084 30 0 0 0
0.4520 0.0143 -0.0084 30 0 0 0
0.4860 0.0146 -0.0085 30 0 0 0
0.4860 0.0146 -0.0085 30 0 0 0
0.4860 0.0146 -0.0085 30 0 0 0
0.4860 0.0146 -0.0085 30 0 0 0
0.4860 0.0146 -0.0085 30 0 0 0
0.4740 0.0151 -0.0095 30 0 0 0
0.4740 0.0151 -0.0095 30 0 0 0
0.4740 0.0151 -0.0095 0 0 0 0
0.4660 0.0166 0.0080 30 0 0 0
0.4600 0.0168 0.0094 30 0 0 0
0.4760 0.0176 0.0081 30 0 0 0
0.4740 0.0181 0.0062 30 0 0 0
0.4520 0.0191 0.0073 30 0 0 0
0.4620 0.0211 0.0048 30 0 0 0
0.4660 0.0214 0.0046 30 0 0 0
0.4660 0.0214 0.0046 30 0 0 0
0.4640 0.0212 0.0051 30 0 0 0
0.4640 0.0206 0.0046 30 0 0 0
0.4720 0.0206 0.0046 30 0 0 0
0.4720 0.0206 0.0046 30 0 0 0
0.4720 0.0206 0.0046 30 0 0 0
0.4720 0.0206 0.0046 30 0 0 0
0.4720 0.0206 0.0046 30 0 0 0
0.4520 0.0200 0.0058 30 0 0 0
0.4520 0.0200 0.0058 30 0 0 0
0.4520 0.0200 0.0058 30 0 0 0
0.4520 0.0200 0.0058 30 0 0 0
0.4520 0.0200 0.0058 30 0 0 0
0.4520 0.0200 0.0058 30 0 0 0
0.4520 0.0200 0.0058 30 0 0 0
0.4520 0.0200 0.0058 30 0 0 0
0.4520 0.0200 0.0058 30 0 0 0
0.4520 0.0200 0.0058 30 0 0 0
0.4660 0.0197 0.0053 30 0 0 0
0.4800 0.0192 0.0039 30 0 0 0
0.4660 0.0183 0.0034 30 0 0 0
0.4660 0.0183 0.0034 30 0 0 0
0.4660 0.0183 0.0034 30 0 0 0
0.4720 0.0175 0.0037 30 0 0 0
0.4720 0.0175 0.0037 30 0 0 0
0.4760 0.0169 0.0062 30 0 0 0
0.4760 0.0169 0.0062 30 0 0 0
0.4760 0.0169 0.0062 30 0 0 0
0.4760 0.0169 0.0062 30 0 0 0
0.4760 0.0169 0.0062 30 0 0 0
0.4700 0.0161 0.0054 30 0 0 0
0.4700 0.0161 0.0054 30 0 0 0
0.4700 0.0161 0.0054 30 0 0 0
0.4700 0.0161 0.0054 30 0 0 0
0.4580 0.0159 0.0035 30 0 0 0
0.4580 0.0159 0.0035 30 0 0 0
0.4580 0.0159 0.0035 30 0 0 0
0.4580 0.0159 0.0035 30 0 0 0
0.4720 0.0156 0.0034 30 0 0 0
0.4720 0.0156 0.0034 30 0 0 0
0.4720 0.0156 0.0034 30 0 0 0
0.4720 0.0156 0.0034 30 0 0 0
0.4560 0.0155 0.0029 30 0 0 0
0.4560 0.0155 0.0029 30 0 0 0
0.4560 0.0155 0.0029 30 0 0 0
0.4560 0.0155 0.0029 30 0 0 0
0.4720 0.0156 0.0026 30 0 0 0
0.4720 0.0156 0.0026 30 0 0 0
0.4720 0.0156 0.0026 30 0 0 0
0.4740 0.0159 0.0005 30 0 0 0
0.4740 0.0159 0.0005 30 0 0 0
0.4740 0.0159 0.0005 30 0 0 0
0.4740 0.0159 0.0005 30 0 0 0
0.4740 0.0164 0.0003 30 0 0 0
0.4840 0.0164 0.0003 30 0 0 0
0.4840 0.0164 0.0003 30 0 0 0
0.4840 0.0164 0.0003 30 0 0 0
0.4560 0.0171 -0.0025 30 0 0 0
0.4560 0.0171 -0.0025 30 0 0 0
0.4560 0.0171 -0.0025 30 0 0 0
0.4560 0.0171 -0.0025 30 0 0 0
0.4960 0.0178 -0.0037 30 0 0 0
0.4960 0.0178 -0.0037 30 0 0 0
0.4960 0.0178 -0.0037 30 0 0 0
0.4960 0.0178 -0.0037 30 0 0 0
0.4720 0.0181 -0.0031 30 0 0 0
0.4720 0.0181 -0.0031 30 0 0 0
0.4720 0.0181 -0.0031 30 0 0 0
0.4720 0.0181 -0.0031 30 0 0 0
0.4700 0.0178 -0.0036 30 0 0 0
0.4700 0.0178 -0.0036 30 0 0 0
0.4700 0.0178 -0.0036 30 0 0 0
0.4700 0.0178 -0.0036 30 0 0 0
0.4700 0.0168 -0.0059 30 0 0 0
0.4700 0.0168 -0.0059 30 0 0 0
0.4700 0.0168 -0.0059 30 0 0 0
0.4700 0.0168 -0.0059 30 0 0 0
0.4620 0.0161 -0.0060 30 0 0 0
0.4620 0.0161 -0.0060 30 0 0 0
0.4620 0.0161 -0.0060 30 0 0 0
0.4620 0.0161 -0.0060 30 0 0 0
0.4560 0.0158 -0.0069 30 0 0 0
0.4560 0.0158 -0.0069 30 0 0 0
0.4720 0.0155 -0.0023 30 0 0 0
0.4720 0.0155 -0.0023 30 0 0 0
0.4720 0.0155 -0.0023 30 0 0 0
0.4720 0.0155 -0.0023 30 0 0 0
0.4940 0.0158 -0.0029 30 0 0 0
0.4940 0.0158 -0.0029 30 0 0 0
0.4940 0.0158 -0.0029 30 0 0 0
0.4940 0.0158 -0.0029 30 0 0 0
0.4740 0.0165 -0.0022 30 0 0 0
0.4740 0.0165 -0.0022 30 0 0 0
0.4740 0.0165 -0.0022 30 0 0 0
0.4640 0.0173 -0.0028 30 0 0 0
0.4640 0.0173 -0.0028 30 0 0 0
0.4640 0.0173 -0.0028 30 0 0 0
0.4640 0.0173 -0.0028 30 0 0 0
0.4640 0.0173 -0.0028 30 0 0 0
0.4940 0.0175 -0.0043 30 0 0 0
0.4940 0.0175 -0.0043 30 0 0 0
0.4940 0.0175 -0.0043 30 0 0 0
0.4940 0.0175 -0.0043 30 0 0 0
0.4700 0.0174 -0.0051 30 0 0 0
0.4700 0.0174 -0.0051 30 0 0 0
0.4700 0.0174 -0.0051 30 0 0 0
0.4500 0.0175 -0.0059 30 0 0 0
0.4500 0.0175 -0.0059 30 0 0 0
0.4500 0.0175 -0.0059 30 0 0 0
0.4500 0.0175 -0.0059 30 0 0 0
0.4820 0.0175 -0.0055 30 0 0 0
0.4820 0.0175 -0.0055 30 0 0 0
0.4820 0.0175 -0.0055 30 0 0 0
0.4820 0.0175 -0.0055 30 0 0 0
0.4680 0.0174 -0.0022 30 0 0 0
0.4680 0.0174 -0.0022 30 0 0 0
0.4680 0.0174 -0.0022 30 0 0 0
0.4680 0.0174 -0.0022 30 0 0 0
0.4820 0.0166 -0.0000 30 0 0 0
0.4820 0.0166 -0.0000 30 0 0 0
0.4820 0.0166 -0.0000 30 0 0 0
0.4820 0.0166 -0.0000 30 0 0 0
0.4820 0.0166 -0.0000 30 0 0 0
0.4820 0.0166 -0.0000 30 0 0 0
0.4820 0.0166 -0.0000 30 0 0 0
0.4820 0.0166 -0.0000 30 0 0 0
0.4820 0.0166 -0.0000 30 0 0 0
0.4820 0.0166 -0.0000 30 0 0 0
0.4820 0.0166 -0.0000 30 0 0 0
0.4820 0.0166 -0.0000 30 0 0 0
0.4860 0.0158 0.0009 30 0 0 0
0.4860 0.0158 0.0009 30 0 0 0
0.4620 0.0154 0.0047 30 0 0 0
0.5020 0.0153 0.0049 30 0 0 0
0.4800 0.0152 0.0094 30 0 0 0
0.4800 0.0152 0.0094 30 0 0 0
0.4800 0.0152 0.0094 30 0 0 0
0.4800 0.0152 0.0094 30 0 0 0
0.4640 0.0154 0.0091 30 0 0 0
0.4640 0.0154 0.0091 30 0 0 0
0.4640 0.0154 0.0091 30 0 0 0
0.4640 0.0154 0.0091 30 0 0 0
0.4740 0.0155 0.0102 30 0 0 0
0.4740 0.0155 0.0102 30 0 0 0
0.4740 0.0155 0.0102 30 0 0 0
0.4740 0.0155 0.0102 30 0 0 0
0.4720 0.0155 0.0103 30 0 0 0
0.4720 0.0155 0.0103 30 0 0 0
0.4720 0.0155 0.0103 30 0 0 0
0.4720 0.0155 0.0103 30 0 0 0
0.4720 0.0155 0.0103 30 0 0 0
0.4740 0.0160 0.0069 30 0 0 0
0.4740 0.0160 0.0069 30 0 0 0
0.4740 0.0160 0.0069 30 0 0 0
0.4960 0.0172 0.0063 30 0 0 0
0.4960 0.0172 0.0063 30 0 0 0
0.4960 0.0172 0.0063 30 0 0 0
0.4960 0.0172 0.0063 30 0 0 0
0.4660 0.0179 0.0024 30 0 0 0
0.4660 0.0179 0.0024 0 0 0 0
0.4800 0.0139 -0.0002 30 0 0 0
0.4800 0.0139 -0.0002 30 0 0 0
0.5040 0.0148 -0.0006 30 0 0 0
0.5320 0.0166 -0.0016 30 0 0 0
0.4780 0.0197 -0.0001 30 0 0 0
0.4880 0.0197 -0.0001 30 0 0 0
0.4860 0.0180 0.0002 30 0 0 0
0.4860 0.0180 0.0002 30 0 0 0
0.4860 0.0180 0.0002 30 0 0 0
0.4860 0.0180 0.0002 30 0 0 0
0.4860 0.0180 0.0002 30 0 0 0
0.4860 0.0180 0.0002 30 0 0 0
0.4960 0.0158 0.0007 30 0 0 0
0.4620 0.0135 0.0040 30 0 0 0
0.4840 0.0107 0.0051 30 0 0 0
0.4840 0.0107 0.0051 30 0 0 0
0.4840 0.0107 0.0051 30 0 0 0
0.4840 0.0107 0.0051 30 0 0 0
0.4840 0.0107 0.0051 30 0 0 0
0.4820 0.0079 0.0062 30 0 0 0
0.4820 0.0079 0.0062 30 0 0 0
0.4820 0.0079 0.0062 30 0 0 0
0.4820 0.0069 0.0028 30 0 0 0
0.4820 0.0069 0.0028 30 0 0 0
0.4820 0.0069 0.0028 30 0 0 0
0.4820 0.0071 0.0027 30 0 0 0
0.4800 0.0071 0.0027 30 0 0 0
0.4800 0.0071 0.0027 30 0 0 0
0.4800 0.0071 0.0027 30 0 0 0
0.4800 0.0071 0.0027 30 0 0 0
0.4800 0.0071 0.0027 30 0 0 0
0.4800 0.0071 0.0027 30 0 0 0
0.4740 0.0076 0.0018 30 0 0 0
0.4700 0.0074 0.0013 0 0 0 0
0.4840 0.0090 -0.0178 30 0 0 0
0.4780 0.0081 -0.0153 30 0 0 0
0.4600 0.0074 -0.0177 30 0 0 0
0.4760 0.0074 -0.0171 30 0 0 0
0.4760 0.0074 -0.0171 30 0 0 0
0.4580 0.0077 -0.0207 30 0 0 0
0.4760 0.0081 -0.0208 30 0 0 0
0.4920 0.0086 -0.0196 30 0 0 0
0.4720 0.0094 -0.0182 30 0 0 0
0.4720 0.0094 -0.0182 30 0 0 0
0.4780 0.0094 -0.0176 30 0 0 0
0.4780 0.0094 -0.0176 30 0 0 0
0.4780 0.0094 -0.0176 30 0 0 0
0.4780 0.0094 -0.0176 30 0 0 0
0.4720 0.0090 -0.0151 30 0 0 0
0.4720 0.0090 -0.0151 30 0 0 0
0.4720 0.0090 -0.0151 30 0 0 0
0.4720 0.0090 -0.0151 30 0 0 0
0.4720 0.0090 -0.0151 30 0 0 0
0.4720 0.0090 -0.0151 30 0 0 0
0.4720 0.0086 -0.0117 30 0 0 0
0.4780 0.0086 -0.0117 30 0 0 0
0.4880 0.0085 -0.0107 30 0 0 0
0.4880 0.0085 -0.0107 30 0 0 0
0.4880 0.0085 -0.0107 30 0 0 0
0.4880 0.0085 -0.0107 30 0 0 0
0.4880 0.0085 -0.0088 30 0 0 0
0.4840 0.0085 -0.0088 30 0 0 0
0.4840 0.0085 -0.0088 30 0 0 0
0.4840 0.0085 -0.0088 30 0 0 0
0.4840 0.0085 -0.0088 30 0 0 0
0.4760 0.0085 -0.0089 30 0 0 0
0.4760 0.0085 -0.0089 30 0 0 0
0.5020 0.0089 -0.0082 30 0 0 0
0.5020 0.0089 -0.0082 30 0 0 0
0.5020 0.0089 -0.0082 30 0 0 0
0.5020 0.0089 -0.0082 30 0 0 0
0.5020 0.0089 -0.0082 30 0 0 0
0.4780 0.0094 -0.0079 30 0 0 0
0.4780 0.0094 -0.0079 30 0 0 0
0.4780 0.0094 -0.0079 30 0 0 0
0.4780 0.0094 -0.0079 30 0 0 0
0.4780 0.0102 -0.0091 30 0 0 0
0.4840 0.0102 -0.0091 30 0 0 0
0.4840 0.0107 -0.0081 30 0 0 0
0.4820 0.0107 -0.0081 30 0 0 0
0.4820 0.0107 -0.0081 30 0 0 0
0.4820 0.0107 -0.0081 30 0 0 0
0.4820 0.0107 -0.0081 30 0 0 0
0.4840 0.0109 -0.0094 30 0 0 0
0.4840 0.0109 -0.0094 30 0 0 0
0.4840 0.0109 -0.0094 30 0 0 0
0.4840 0.0109 -0.0094 30 0 0 0
0.4840 0.0109 -0.0094 30 0 0 0
0.4840 0.0109 -0.0094 30 0 0 0
0.4820 0.0107 -0.0084 30 0 0 0
0.4820 0.0107 -0.0084 30 0 0 0
0.4680 0.0101 -0.0085 30 0 0 0
0.4680 0.0101 -0.0085 30 0 0 0
0.4680 0.0101 -0.0085 30 0 0 0
0.4720 0.0094 -0.0083 30 0 0 0
0.4720 0.0094 -0.0083 30 0 0 0
0.4720 0.0094 -0.0083 30 0 0 0
0.4720 0.0094 -0.0083 30 0 0 0
0.4720 0.0094 -0.0083 30 0 0 0
0.4800 0.0086 -0.0080 30 0 0 0
0.4800 0.0086 -0.0080 30 0 0 0
0.4760 0.0086 -0.0058 30 0 0 0
0.4760 0.0086 -0.0058 30 0 0 0
0.4760 0.0086 -0.0058 30 0 0 0
0.4760 0.0086 -0.0058 30 0 0 0
0.4760 0.0086 -0.0058 30 0 0 0
0.4960 0.0090 -0.0060 30 0 0 0
0.4960 0.0090 -0.0060 30 0 0 0
0.4960 0.0090 -0.0060 30 0 0 0
0.4960 0.0090 -0.0060 30 0 0 0
0.4960 0.0092 -0.0062 30 0 0 0
0.5000 0.0092 -0.0062 30 0 0 0
0.5000 0.0092 -0.0062 30 0 0 0
0.5040 0.0096 -0.0067 30 0 0 0
0.5040 0.0096 -0.0067 30 0 0 0
0.5040 0.0096 -0.0067 30 0 0 0
0.5080 0.0097 -0.0078 30 0 0 0
0.5080 0.0097 -0.0078 30 0 0 0
0.5080 0.0097 -0.0078 30 0 0 0
0.5080 0.0097 -0.0078 30 0 0 0
0.5080 0.0097 -0.0078 30 0 0 0
0.5120 0.0097 -0.0081 30 0 0 0
0.5120 0.0097 -0.0081 30 0 0 0
0.4840 0.0098 -0.0063 30 0 0 0
0.4840 0.0098 -0.0063 30 0 0 0
0.4840 0.0098 -0.0063 30 0 0 0
0.4840 0.0098 -0.0063 30 0 0 0
0.4840 0.0098 -0.0063 30 0 0 0
0.4920 0.0099 -0.0065 30 0 0 0
0.4920 0.0099 -0.0065 30 0 0 0
0.4920 0.0099 -0.0065 30 0 0 0
0.4920 0.0099 -0.0065 30 0 0 0
0.4920 0.0099 -0.0065 30 0 0 0
0.4720 0.0095 -0.0029 30 0 0 0
0.4720 0.0095 -0.0029 30 0 0 0
0.4740 0.0086 -0.0025 30 0 0 0
0.4740 0.0086 -0.0025 30 0 0 0
0.4740 0.0086 -0.0025 30 0 0 0
0.4740 0.0086 -0.0025 30 0 0 0
0.4740 0.0086 -0.0025 30 0 0 0
0.4740 0.0086 -0.0025 30 0 0 0
0.4740 0.0086 -0.0025 30 0 0 0
0.4740 0.0086 -0.0025 30 0 0 0
0.4740 0.0086 -0.0025 30 0 0 0
0.4740 0.0086 -0.0025 30 0 0 0
0.4740 0.0086 -0.0025 30 0 0 0
0.4740 0.0086 -0.0025 30 0 0 0
0.4840 0.0078 -0.0008 30 0 0 0
0.4840 0.0078 -0.0008 30 0 0 0
0.4760 0.0079 -0.0010 30 0 0 0
0.4800 0.0089 0.0015 30 0 0 0
0.4800 0.0089 0.0015 30 0 0 0
0.4940 0.0109 0.0007 30 0 0 0
0.4940 0.0109 0.0007 30 0 0 0
0.4940 0.0109 0.0007 30 0 0 0
0.4940 0.0109 0.0007 30 0 0 0
0.4940 0.0109 0.0007 30 0 0 0
0.4860 0.0124 0.0003 30 0 0 0
0.4700 0.0139 0.0032 30 0 0 0
0.4700 0.0139 0.0032 30 0 0 0
0.4700 0.0139 0.0032 30 0 0 0
0.4700 0.0139 0.0032 30 0 0 0
0.4700 0.0139 0.0032 30 0 0 0
0.4860 0.0150 0.0031 30 0 0 0
0.4860 0.0150 0.0031 30 0 0 0
0.4860 0.0150 0.0031 30 0 0 0
0.4860 0.0150 0.0031 30 0 0 0
0.4860 0.0150 0.0031 30 0 0 0
0.4900 0.0160 0.0042 30 0 0 0
0.4900 0.0160 0.0042 30 0 0 0
0.4720 0.0168 0.0041 30 0 0 0
0.4720 0.0168 0.0041 30 0 0 0
0.4720 0.0168 0.0041 30 0 0 0
0.4720 0.0168 0.0041 30 0 0 0
0.4740 0.0176 0.0068 30 0 0 0
0.4740 0.0176 0.0068 30 0 0 0
0.4740 0.0176 0.0068 30 0 0 0
0.4740 0.0176 0.0068 30 0 0 0
0.4740 0.0176 0.0068 30 0 0 0
0.4800 0.0184 0.0065 30 0 0 0
0.4800 0.0184 0.0065 30 0 0 0
0.4800 0.0184 0.0065 30 0 0 0
0.4660 0.0193 0.0092 30 0 0 0
0.4660 0.0193 0.0092 30 0 0 0
0.4660 0.0193 0.0092 30 0 0 0
0.4660 0.0193 0.0092 30 0 0 0
0.4660 0.0193 0.0092 30 0 0 0
0.4780 0.0199 0.0089 30 0 0 0
0.4780 0.0199 0.0089 30 0 0 0
0.4780 0.0199 0.0089 30 0 0 0
0.4780 0.0199 0.0089 30 0 0 0
0.4840 0.0200 0.0076 30 0 0 0
0.4840 0.0200 0.0076 30 0 0 0
0.4840 0.0200 0.0076 30 0 0 0
0.4840 0.0200 0.0076 30 0 0 0
0.4840 0.0200 0.0076 30 0 0 0
0.4840 0.0200 0.0076 30 0 0 0
0.4840 0.0200 0.0076 30 0 0 0
0.4840 0.0200 0.0076 30 0 0 0
0.4840 0.0200 0.0076 30 0 0 0
0.4840 0.0200 0.0076 30 0 0 0
0.4840 0.0200 0.0076 30 0 0 0
0.4840 0.0196 0.0076 30 0 0 0
0.4700 0.0185 0.0089 30 0 0 0
0.4880 0.0168 0.0094 30 0 0 0
0.4760 0.0154 0.0086 30 0 0 0
0.4760 0.0154 0.0086 30 0 0 0
0.4760 0.0154 0.0086 30 0 0 0
0.4760 0.0154 0.0086 30 0 0 0
0.4760 0.0154 0.0086 30 0 0 0
0.4860 0.0144 0.0067 30 0 0 0
0.4860 0.0144 0.0067 30 0 0 0
0.4860 0.0144 0.0067 30 0 0 0
0.4860 0.0144 0.0067 30 0 0 0
0.5000 0.0138 0.0062 30 0 0 0
0.5000 0.0138 0.0062 30 0 0 0
0.4840 0.0133 0.0069 30 0 0 0
0.4840 0.0133 0.0069 30 0 0 0
0.4840 0.0133 0.0069 30 0 0 0
0.4840 0.0133 0.0069 30 0 0 0
0.4840 0.0133 0.0069 30 0 0 0
0.4840 0.0133 0.0069 30 0 0 0
0.4840 0.0133 0.0069 30 0 0 0
0.4840 0.0133 0.0069 30 0 0 0
0.4840 0.0133 0.0069 30 0 0 0
0.4840 0.0133 0.0069 30 0 0 0
0.4840 0.0133 0.0069 30 0 0 0
0.4840 0.0133 0.0069 30 0 0 0
0.4840 0.0133 0.0069 30 0 0 0
0.4840 0.0133 0.0069 30 0 0 0
0.4780 0.0127 0.0063 30 0 0 0
0.4800 0.0121 0.0041 30 0 0 0
0.4940 0.0108 0.0040 30 0 0 0
0.4940 0.0108 0.0040 30 0 0 0
0.4660 0.0095 0.0038 30 0 0 0
0.4660 0.0095 0.0038 30 0 0 0
0.4660 0.0095 0.0038 30 0 0 0
0.4660 0.0095 0.0038 30 0 0 0
0.4680 0.0090 0.0032 30 0 0 0
0.4680 0.0090 0.0032 30 0 0 0
0.4680 0.0090 0.0032 30 0 0 0
0.4820 0.0087 0.0071 30 0 0 0
0.4820 0.0087 0.0071 30 0 0 0
0.4820 0.0087 0.0071 30 0 0 0
0.4820 0.0087 0.0071 30 0 0 0
0.4720 0.0082 0.0072 0 0 0 0
0.4800 0.0079 0.0101 0 -30 0 0
0.4920 0.0081 0.0100 0 -30 0 0
0.4680 0.0082 0.0112 0 -30 0 0
0.4920 0.0078 0.0132 0 -30 0 0
0.4940 0.0073 0.0130 0 -30 0 0
0.4940 0.0072 0.0156 0 -30 0 0
0.4940 0.0072 0.0156 0 -30 0 0
0.4940 0.0072 0.0156 0 -30 0 0
0.4940 0.0072 0.0156 0 -30 0 0
0.5020 0.0072 0.0151 0 -30 0 0
0.4940 0.0073 0.0174 0 -30 0 0
0.4940 0.0073 0.0174 0 -30 0 0
0.4940 0.0073 0.0174 0 -30 0 0
0.5020 0.0077 0.0171 0 -30 0 0
0.5020 0.0077 0.0171 0 -30 0 0
0.5020 0.0077 0.0171 0 -30 0 0
0.5020 0.0077 0.0171 0 -30 0 0
0.5020 0.0077 0.0171 0 -30 0 0
0.4860 0.0082 0.0105 0 -30 0 0
0.4860 0.0082 0.0105 0 -30 0 0
0.5100 0.0084 0.0095 0 -30 0 0
0.5100 0.0084 0.0095 0 -30 0 0
0.5100 0.0084 0.0095 0 -30 0 0
0.5100 0.0084 0.0095 0 -30 0 0
0.5100 0.0084 0.0095 0 -30 0 0
0.5100 0.0084 0.0095 0 -30 0 0
0.4820 0.0085 0.0013 0 -30 0 0
0.4820 0.0085 0.0013 0 -30 0 0
0.4820 0.0085 0.0013 0 -30 0 0
0.4820 0.0085 0.0013 0 -30 0 0
0.4820 0.0085 0.0013 0 -30 0 0
0.4960 0.0086 0.0005 0 -30 0 0
0.4960 0.0086 0.0019 0 -30 0 0
0.4740 0.0086 0.0019 0 -30 0 0
0.4740 0.0086 0.0019 0 -30 0 0
0.4740 0.0086 0.0019 0 -30 0 0
0.4740 0.0086 0.0019 0 -30 0 0
0.4740 0.0086 0.0019 0 -30 0 0
0.4740 0.0086 0.0019 0 -30 0 0
0.4940 0.0087 0.0068 0 -30 0 0
0.4940 0.0087 0.0068 0 -30 0 0
0.4940 0.0087 0.0068 0 -30 0 0
0.4940 0.0087 0.0068 0 -30 0 0
0.4940 0.0087 0.0068 0 -30 0 0
0.4800 0.0093 0.0061 0 -30 0 0
0.4900 0.0100 0.0026 0 -30 0 0
0.4900 0.0100 0.0026 0 -30 0 0
0.4900 0.0100 0.0026 0 -30 0 0
0.5000 0.0105 0.0027 0 -30 0 0
0.5000 0.0105 0.0027 0 -30 0 0
0.5000 0.0105 0.0027 0 -30 0 0
0.5000 0.0105 0.0083 0 -30 0 0
0.5000 0.0105 0.0083 0 -30 0 0
0.5000 0.0105 0.0083 0 -30 0 0
0.5000 0.0105 0.0083 0 -30 0 0
0.4700 0.0099 0.0087 0 -30 0 0
0.4700 0.0099 0.0087 0 -30 0 0
0.4700 0.0099 0.0087 0 -30 0 0
0.4700 0.0099 0.0087 0 -30 0 0
0.4700 0.0099 0.0087 0 -30 0 0
0.4700 0.0099 0.0087 0 -30 0 0
0.4700 0.0094 0.0114 0 -30 0 0
0.5060 0.0094 0.0114 0 -30 0 0
0.5000 0.0087 0.0122 0 -30 0 0
0.5000 0.0087 0.0122 0 -30 0 0
0.5000 0.0087 0.0122 0 -30 0 0
0.5180 0.0085 0.0060 0 -30 0 0
0.5180 0.0085 0.0060 0 -30 0 0
0.5180 0.0085 0.0060 0 -30 0 0
0.5180 0.0085 0.0060 0 -30 0 0
0.4860 0.0084 0.0064 0 -30 0 0
0.4860 0.0084 0.0064 0 -30 0 0
0.4860 0.0084 0.0064 0 -30 0 0
0.4860 0.0084 0.0064 0 -30 0 0
0.4740 0.0082 -0.0010 0 -30 0 0
0.4740 0.0082 -0.0010 0 -30 0 0
0.4740 0.0082 -0.0010 0 -30 0 0
0.4740 0.0082 -0.0010 0 -30 0 0
0.4700 0.0080 -0.0008 0 -30 0 0
0.4700 0.0080 -0.0008 0 -30 0 0
0.4700 0.0080 -0.0008 0 -30 0 0
0.4700 0.0080 -0.0039 0 -30 0 0
0.4740 0.0080 -0.0039 0 -30 0 0
0.4740 0.0080 -0.0039 0 -30 0 0
0.4740 0.0080 -0.0039 0 -30 0 0
0.4740 0.0080 -0.0039 0 -30 0 0
0.5120 0.0084 -0.0040 0 -30 0 0
0.5120 0.0084 -0.0040 0 -30 0 0
0.5120 0.0084 -0.0040 0 -30 0 0
0.5120 0.0084 -0.0040 0 -30 0 0
0.5080 0.0088 0.0040 0 -30 0 0
0.5080 0.0088 0.0040 0 -30 0 0
0.5080 0.0088 0.0040 0 -30 0 0
0.5080 0.0088 0.0040 0 -30 0 0
0.5040 0.0087 0.0038 0 -30 0 0
0.5040 0.0087 0.0038 0 -30 0 0
0.5040 0.0087 0.0038 0 -30 0 0
0.5040 0.0087 0.0038 0 -30 0 0
0.4960 0.0085 0.0129 0 -30 0 0
0.4960 0.0085 0.0129 0 -30 0 0
0.4960 0.0085 0.0129 0 -30 0 0
0.4740 0.0084 0.0090 0 -30 0 0
0.4740 0.0084 0.0090 0 -30 0 0
0.4740 0.0084 0.0090 0 -30 0 0
0.4740 0.0084 0.0090 0 -30 0 0
0.4740 0.0084 0.0095 0 -30 0 0
0.4980 0.0084 0.0095 0 -30 0 0
0.4980 0.0084 0.0095 0 -30 0 0
0.4980 0.0084 0.0095 0 -30 0 0
0.4980 0.0084 0.0095 0 -30 0 0
0.4680 0.0089 0.0170 0 -30 0 0
0.4680 0.0089 0.0170 0 -30 0 0
0.4680 0.0089 0.0170 0 -30 0 0
0.4780 0.0102 0.0162 0 -30 0 0
0.4780 0.0102 0.0162 0 -30 0 0
0.4780 0.0102 0.0162 0 -30 0 0
0.4780 0.0102 0.0162 0 -30 0 0
0.4780 0.0102 0.0162 0 -30 0 0
0.4780 0.0102 0.0162 0 -30 0 0
0.4780 0.0102 0.0162 0 -30 0 0
0.5000 0.0113 0.0074 0 -30 0 0
0.5000 0.0113 0.0074 0 -30 0 0
0.5000 0.0113 0.0074 0 -30 0 0
0.5000 0.0113 0.0074 0 -30 0 0
0.4860 0.0120 0.0071 0 -30 0 0
0.4860 0.0120 0.0071 0 -30 0 0
0.4960 0.0124 0.0134 0 -30 0 0
0.4960 0.0124 0.0134 0 -30 0 0
0.4960 0.0124 0.0134 0 -30 0 0
0.4960 0.0123 0.0143 0 -30 0 0
0.4980 0.0123 0.0143 0 -30 0 0
0.4980 0.0123 0.0143 0 -30 0 0
0.4980 0.0123 0.0143 0 -30 0 0
0.4940 0.0119 0.0046 0 -30 0 0
0.4940 0.0119 0.0046 0 -30 0 0
0.4940 0.0119 0.0046 0 -30 0 0
0.5100 0.0118 0.0044 0 -30 0 0
0.5100 0.0118 0.0044 0 -30 0 0
0.5100 0.0118 0.0044 0 -30 0 0
0.5100 0.0118 0.0044 0 -30 0 0
0.4980 0.0122 0.0176 0 -30 0 0
0.4980 0.0122 0.0176 0 -30 0 0
0.4980 0.0122 0.0176 0 -30 0 0
0.4980 0.0122 0.0176 0 -30 0 0
0.4980 0.0122 0.0176 0 -30 0 0
0.4980 0.0122 0.0176 0 -30 0 0
0.4980 0.0122 0.0176 0 -30 0 0
0.4980 0.0122 0.0176 0 -30 0 0
0.4980 0.0122 0.0176 0 -30 0 0
0.4980 0.0122 0.0176 0 -30 0 0
0.4980 0.0122 0.0176 0 -30 0 0
0.4980 0.0122 0.0176 0 -30 0 0
0.4920 0.0120 0.0179 0 -30 0 0
0.4880 0.0113 0.0190 0 -30 0 0
0.5060 0.0108 0.0251 0 -30 0 0
0.5060 0.0108 0.0251 0 -30 0 0
0.4820 0.0103 0.0257 0 -30 0 0
0.4820 0.0103 0.0257 0 -30 0 0
0.4820 0.0103 0.0257 0 -30 0 0
0.4820 0.0103 0.0257 0 -30 0 0
0.4980 0.0103 0.0322 0 -30 0 0
0.4980 0.0103 0.0322 0 -30 0 0
0.4980 0.0103 0.0322 0 -30 0 0
0.4980 0.0103 0.0322 0 -30 0 0
0.4960 0.0103 0.0318 0 -30 0 0
0.4960 0.0103 0.0318 0 -30 0 0
0.4960 0.0103 0.0318 0 -30 0 0
0.4960 0.0107 0.0420 0 -30 0 0
0.4780 0.0107 0.0420 0 -30 0 0
0.4780 0.0107 0.0420 0 -30 0 0
0.4780 0.0107 0.0420 0 -30 0 0
0.4780 0.0107 0.0420 0 -30 0 0
0.5220 0.0117 0.0430 0 -30 0 0
0.5220 0.0117 0.0430 0 -30 0 0
0.5220 0.0117 0.0430 0 -30 0 0
0.5220 0.0117 0.0430 0 -30 0 0
0.5160 0.0123 0.0473 0 -30 0 0
0.5160 0.0123 0.0473 0 -30 0 0
0.5160 0.0123 0.0473 0 -30 0 0
0.5160 0.0123 0.0473 0 -30 0 0
0.4920 0.0124 0.0492 0 -30 0 0
0.4920 0.0124 0.0492 0 -30 0 0
0.4920 0.0124 0.0492 0 -30 0 0
0.5160 0.0121 0.0557 0 -30 0 0
0.5160 0.0121 0.0557 0 -30 0 0
0.5160 0.0121 0.0557 0 -30 0 0
0.5160 0.0121 0.0557 0 -30 0 0
0.4960 0.0120 0.0556 0 -30 0 0
0.4960 0.0120 0.0556 0 -30 0 0
0.4960 0.0120 0.0556 0 -30 0 0
0.4960 0.0120 0.0556 0 -30 0 0
0.5120 0.0119 0.0578 0 -30 0 0
0.5120 0.0119 0.0578 0 -30 0 0
0.5120 0.0119 0.0578 0 -30 0 0
0.5120 0.0119 0.0578 0 -30 0 0
0.5060 0.0117 0.0585 0 -30 0 0
0.5060 0.0117 0.0585 0 -30 0 0
0.5060 0.0117 0.0585 0 -30 0 0
0.5060 0.0117 0.0585 0 -30 0 0
0.5060 0.0117 0.0585 0 -30 0 0
0.4960 0.0115 0.0621 0 -30 0 0
0.4960 0.0115 0.0621 0 -30 0 0
0.4960 0.0115 0.0621 0 -30 0 0
0.4960 0.0114 0.0615 0 -30 0 0
0.4960 0.0114 0.0615 0 -30 0 0
0.5040 0.0113 0.0601 0 0 0 0
0.4860 0.0127 0.0603 0 0 -30 0
0.4620 0.0127 0.0603 0 0 -30 0
0.4960 0.0129 0.0613 0 0 -30 0
0.4880 0.0138 0.0597 0 0 -30 0
0.4800 0.0140 0.0489 0 0 -30 0
0.4900 0.0130 0.0474 0 0 -30 0
0.4900 0.0130 0.0474 0 0 -30 0
0.4900 0.0130 0.0474 0 0 -30 0
0.4900 0.0118 0.0459 0 0 -30 0
0.4500 0.0118 0.0459 0 0 -30 0
0.4500 0.0118 0.0459 0 0 -30 0
0.4500 0.0118 0.0459 0 0 0 0
0.4660 0.0104 0.0399 0 -30 0 0
0.4740 0.0102 0.0387 0 -30 0 0
0.4540 0.0103 0.0370 0 -30 0 0
0.4540 0.0106 0.0364 0 -30 0 0
0.4720 0.0106 0.0364 0 -30 0 0
0.4780 0.0108 0.0356 0 -30 0 0
0.4600 0.0105 0.0343 0 -30 0 0
0.4500 0.0102 0.0332 0 -30 0 0
0.4500 0.0102 0.0332 0 -30 0 0
0.4960 0.0101 0.0339 0 -30 0 0
0.4960 0.0101 0.0339 0 -30 0 0
0.4960 0.0101 0.0339 0 -30 0 0
0.4960 0.0101 0.0339 0 -30 0 0
0.4960 0.0101 0.0339 0 -30 0 0
0.4960 0.0101 0.0339 0 -30 0 0
0.4720 0.0103 0.0340 0 -30 0 0
0.4720 0.0103 0.0340 0 -30 0 0
0.4800 0.0102 0.0261 0 -30 0 0
0.4800 0.0102 0.0261 0 -30 0 0
0.4800 0.0102 0.0261 0 -30 0 0
0.4800 0.0102 0.0261 0 -30 0 0
0.4860 0.0101 0.0247 0 -30 0 0
0.4860 0.0101 0.0247 0 -30 0 0
0.4860 0.0101 0.0247 0 -30 0 0
0.4860 0.0101 0.0247 0 -30 0 0
0.4780 0.0099 0.0231 0 0 0 0
0.4880 0.0101 0.0207 0 0 -30 0
0.4860 0.0103 0.0211 0 0 -30 0
0.4700 0.0102 0.0042 0 0 -30 0
0.4900 0.0104 0.0028 0 0 -30 0
0.4900 0.0104 0.0028 0 0 -30 0
0.4900 0.0104 0.0028 0 0 -30 0
0.4900 0.0104 0.0028 0 0 -30 0
0.4900 0.0104 0.0028 0 0 -30 0
0.4900 0.0104 0.0028 0 0 -30 0
0.4900 0.0104 0.0028 0 0 -30 0
0.4900 0.0112 0.0040 0 0 0 0
0.4780 0.0133 0.0037 0 -30 0 0
0.4580 0.0133 0.0054 0 -30 0 0
0.4820 0.0139 0.0116 0 -30 0 0
0.4540 0.0147 0.0128 0 -30 0 0
0.4540 0.0152 0.0196 0 -30 0 0
0.4560 0.0152 0.0196 0 -30 0 0
0.4720 0.0145 0.0208 0 -30 0 0
0.4840 0.0145 0.0206 0 -30 0 0
0.4840 0.0145 0.0206 0 -30 0 0
0.5000 0.0148 0.0228 0 -30 0 0
0.5000 0.0148 0.0228 0 -30 0 0
0.5000 0.0148 0.0228 0 -30 0 0
0.5000 0.0148 0.0228 0 -30 0 0
0.4760 0.0153 0.0231 0 -30 0 0
0.4760 0.0153 0.0231 0 -30 0 0
0.4760 0.0153 0.0231 0 -30 0 0
0.4760 0.0153 0.0231 0 -30 0 0
0.4760 0.0153 0.0231 0 -30 0 0
0.4640 0.0161 0.0206 0 -30 0 0
0.4640 0.0161 0.0206 0 -30 0 0
0.4640 0.0161 0.0206 0 -30 0 0
0.4820 0.0159 0.0177 0 -30 0 0
0.4820 0.0159 0.0177 0 -30 0 0
0.4820 0.0159 0.0177 0 -30 0 0
0.4820 0.0159 0.0177 0 -30 0 0
0.4820 0.0159 0.0177 0 -30 0 0
0.4780 0.0155 0.0157 0 -30 0 0
0.4780 0.0155 0.0157 0 -30 0 0
0.4780 0.0155 0.0157 0 -30 0 0
0.4780 0.0155 0.0157 0 -30 0 0
0.4700 0.0146 0.0147 0 -30 0 0
0.4700 0.0146 0.0147 0 -30 0 0
0.4700 0.0146 0.0147 0 -30 0 0
0.4720 0.0142 0.0164 0 -30 0 0
0.4720 0.0142 0.0164 0 -30 0 0
0.4720 0.0142 0.0164 0 -30 0 0
0.4720 0.0142 0.0164 0 -30 0 0
0.4840 0.0140 0.0156 0 -30 0 0
0.4840 0.0140 0.0156 0 -30 0 0
0.4840 0.0140 0.0156 0 -30 0 0
0.4840 0.0140 0.0156 0 -30 0 0
0.4840 0.0140 0.0156 0 -30 0 0
0.4780 0.0140 0.0173 0 0 0 0
0.4680 0.0147 0.0157 0 -30 0 0
0.4500 0.0151 0.0150 0 -30 0 0
0.4600 0.0160 0.0145 0 -30 0 0
0.4600 0.0166 0.0107 0 -30 0 0
0.4500 0.0170 0.0100 0 -30 0 0
0.4500 0.0170 0.0100 0 -30 0 0
0.4500 0.0170 0.0100 0 -30 0 0
0.4680 0.0176 0.0116 0 -30 0 0
0.4680 0.0176 0.0116 0 -30 0 0
0.4680 0.0176 0.0116 0 -30 0 0
0.4680 0.0176 0.0116 0 -30 0 0
0.4880 0.0183 0.0138 0 -30 0 0
0.4860 0.0191 0.0133 0 -30 0 0
0.4860 0.0191 0.0133 0 -30 0 0
0.4860 0.0191 0.0133 0 -30 0 0
0.4860 0.0191 0.0133 0 -30 0 0
0.4860 0.0191 0.0133 0 -30 0 0
0.4600 0.0203 0.0040 0 -30 0 0
0.4600 0.0203 0.0040 0 -30 0 0
0.4600 0.0203 0.0040 0 -30 0 0
0.4600 0.0203 0.0040 0 0 0 0
0.4520 0.0185 -0.0228 0 0 30 0
0.4820 0.0176 -0.0234 0 0 30 0
0.4820 0.0174 -0.0144 0 0 30 0
0.4820 0.0181 -0.0131 0 0 30 0
0.4860 0.0181 -0.0131 0 0 30 0
0.4800 0.0190 -0.0074 0 0 30 0
0.4680 0.0199 -0.0061 0 0 30 0
0.4680 0.0199 -0.0061 0 0 30 0
0.4680 0.0199 -0.0061 0 0 30 0
0.4680 0.0199 -0.0061 0 0 30 0
0.4820 0.0198 0.0028 0 0 30 0
0.4820 0.0198 0.0028 0 0 30 0
0.4820 0.0198 0.0028 0 0 30 0
0.4820 0.0198 0.0028 0 0 0 0
0.4560 0.0182 0.0076 0 0 30 0
0.4820 0.0176 0.0078 0 0 30 0
0.4540 0.0178 0.0119 0 0 30 0
0.4960 0.0179 0.0090 0 0 30 0
0.4680 0.0175 0.0138 0 0 30 0
0.4680 0.0175 0.0138 0 0 30 0
0.4680 0.0175 0.0138 0 0 30 0
0.4840 0.0167 0.0174 0 0 0 0
0.4740 0.0151 0.0187 0 0 30 0
0.4840 0.0149 0.0193 0 0 30 0
0.4820 0.0149 0.0221 0 0 30 0
0.4880 0.0146 0.0236 0 0 30 0
0.4880 0.0146 0.0236 0 0 30 0
0.4880 0.0146 0.0236 0 0 30 0
0.4880 0.0146 0.0236 0 0 30 0
0.4880 0.0146 0.0236 0 0 0 0
0.4740 0.0163 0.0249 0 0 30 0
0.4920 0.0163 0.0239 0 0 30 0
0.4840 0.0163 0.0197 0 0 30 0
0.4720 0.0165 0.0193 0 0 30 0
0.4740 0.0168 0.0184 0 0 30 0
0.4920 0.0168 0.0165 0 0 0 0
0.4840 0.0165 0.0139 0 0 30 0
0.4780 0.0161 0.0134 0 0 30 0
0.4820 0.0155 0.0160 0 0 30 0
0.4880 0.0147 0.0159 0 0 30 0
0.4760 0.0137 0.0140 0 0 30 0
0.4760 0.0137 0.0140 0 0 30 0
0.4960 0.0122 0.0134 0 0 30 0
0.4960 0.0122 0.0134 0 0 0 0
0.4980 0.0090 0.0098 0 -30 0 0
0.4960 0.0089 0.0095 0 -30 0 0
0.4980 0.0100 0.0086 0 -30 0 0
0.4960 0.0105 0.0071 0 -30 0 0
0.5020 0.0123 0.0055 0 -30 0 0
0.5060 0.0132 0.0044 0 -30 0 0
0.5060 0.0132 0.0044 0 -30 0 0
0.4940 0.0135 0.0052 0 -30 0 0
0.4940 0.0135 0.0052 0 -30 0 0
0.4940 0.0135 0.0052 0 -30 0 0
0.4940 0.0135 0.0052 0 -30 0 0
0.5080 0.0131 0.0042 0 -30 0 0
0.5080 0.0131 0.0042 0 -30 0 0
0.5080 0.0131 0.0042 0 -30 0 0
0.5100 0.0128 0.0002 0 -30 0 0
0.5100 0.0128 0.0002 0 -30 0 0
0.5100 0.0128 0.0002 0 -30 0 0
0.5100 0.0128 0.0002 0 -30 0 0
0.5100 0.0128 0.0002 0 -30 0 0
0.5100 0.0128 0.0002 0 -30 0 0
0.5100 0.0128 0.0002 0 -30 0 0
0.5100 0.0128 0.0002 0 -30 0 0
0.5100 0.0128 0.0002 0 -30 0 0
0.5100 0.0128 0.0002 0 -30 0 0
0.5100 0.0128 0.0002 0 -30 0 0
0.5100 0.0128 0.0002 0 -30 0 0
0.5020 0.0129 -0.0008 0 -30 0 0
0.5020 0.0129 -0.0008 0 -30 0 0
0.5000 0.0129 -0.0041 0 -30 0 0
0.4920 0.0127 -0.0042 0 -30 0 0
0.4680 0.0118 -0.0029 0 -30 0 0
0.4680 0.0118 -0.0029 0 -30 0 0
0.4680 0.0118 -0.0029 0 -30 0 0
0.4680 0.0118 -0.0029 0 -30 0 0
0.4740 0.0103 -0.0032 0 -30 0 0
0.4740 0.0103 -0.0032 0 -30 0 0
0.4740 0.0103 -0.0032 0 -30 0 0
0.4740 0.0103 -0.0032 0 -30 0 0
0.4860 0.0083 0.0015 0 -30 0 0
0.4860 0.0083 0.0015 0 -30 0 0
0.4860 0.0083 0.0015 0 -30 0 0
0.4760 0.0068 0.0014 0 -30 0 0
0.4760 0.0068 0.0014 0 -30 0 0
0.4760 0.0068 0.0014 0 -30 0 0
0.4760 0.0068 0.0014 0 -30 0 0
0.4760 0.0068 0.0014 0 0 0 0
0.4940 0.0074 0.0025 0 -30 0 0
0.4780 0.0090 -0.0025 0 -30 0 0
0.4780 0.0097 -0.0022 0 -30 0 0
0.4720 0.0106 -0.0020 0 -30 0 0
0.4680 0.0114 -0.0047 0 -30 0 0
0.4680 0.0114 -0.0047 0 -30 0 0
0.4680 0.0114 -0.0047 0 -30 0 0
0.4680 0.0114 -0.0047 0 -30 0 0
0.4800 0.0119 -0.0042 0 -30 0 0
0.4800 0.0120 -0.0014 0 -30 0 0
0.4800 0.0120 -0.0014 0 -30 0 0
0.4920 0.0120 -0.0017 0 -30 0 0
0.4920 0.0120 -0.0017 0 -30 0 0
0.4920 0.0120 -0.0017 0 -30 0 0
0.4920 0.0120 -0.0017 0 -30 0 0
0.4980 0.0116 -0.0017 0 -30 0 0
0.4980 0.0116 -0.0017 0 -30 0 0
0.4980 0.0116 -0.0017 0 -30 0 0
0.4980 0.0116 -0.0017 0 -30 0 0
0.4840 0.0111 -0.0013 0 -30 0 0
0.4840 0.0111 -0.0013 0 -30 0 0
0.4840 0.0111 -0.0013 0 -30 0 0
0.4840 0.0111 -0.0013 0 -30 0 0
0.4820 0.0100 0.0044 0 -30 0 0
0.4820 0.0100 0.0044 0 0 0 0
0.4940 0.0125 0.0163 -30 0 0 0
0.4860 0.0142 0.0135 -30 0 0 0
0.4860 0.0179 0.0129 -30 0 0 0
0.4920 0.0179 0.0141 -30 0 0 0
0.5000 0.0187 0.0138 -30 0 0 0
0.5000 0.0187 0.0138 -30 0 0 0
0.5000 0.0187 0.0138 -30 0 0 0
0.4800 0.0189 0.0161 -30 0 0 0
0.4800 0.0187 0.0156 -30 0 0 0
0.4780 0.0187 0.0156 -30 0 0 0
0.4780 0.0187 0.0156 -30 0 0 0
0.4780 0.0187 0.0156 -30 0 0 0
0.4780 0.0187 0.0156 -30 0 0 0
0.5020 0.0183 0.0156 -30 0 0 0
0.5020 0.0183 0.0156 -30 0 0 0
0.5020 0.0183 0.0156 -30 0 0 0
0.5020 0.0183 0.0156 -30 0 0 0
0.5020 0.0183 0.0156 -30 0 0 0
0.5020 0.0183 0.0156 -30 0 0 0
0.5020 0.0183 0.0156 -30 0 0 0
0.5020 0.0183 0.0156 -30 0 0 0
0.5020 0.0183 0.0156 -30 0 0 0
0.5020 0.0183 0.0156 -30 0 0 0
0.5020 0.0183 0.0156 -30 0 0 0
0.5020 0.0183 0.0156 -30 0 0 0
0.4860 0.0180 0.0163 -30 0 0 0
0.4860 0.0180 0.0163 -30 0 0 0
0.5160 0.0181 0.0154 -30 0 0 0
0.5160 0.0182 0.0159 -30 0 0 0
0.5040 0.0182 0.0159 -30 0 0 0
0.4960 0.0182 0.0151 -30 0 0 0
0.4960 0.0182 0.0151 -30 0 0 0
0.4820 0.0180 0.0159 -30 0 0 0
0.4820 0.0180 0.0159 -30 0 0 0
0.4820 0.0180 0.0159 -30 0 0 0
0.4820 0.0180 0.0159 -30 0 0 0
0.4820 0.0179 0.0149 -30 0 0 0
0.5020 0.0179 0.0149 -30 0 0 0
0.5020 0.0179 0.0149 -30 0 0 0
0.5020 0.0179 0.0149 -30 0 0 0
0.5020 0.0179 0.0149 -30 0 0 0
0.5020 0.0179 0.0149 -30 0 0 0
0.5020 0.0179 0.0146 -30 0 0 0
0.4700 0.0179 0.0146 -30 0 0 0
0.4960 0.0180 0.0138 -30 0 0 0
0.4960 0.0180 0.0138 -30 0 0 0
0.4960 0.0180 0.0138 -30 0 0 0
0.4960 0.0180 0.0138 -30 0 0 0
0.4940 0.0182 0.0139 -30 0 0 0
0.4940 0.0182 0.0139 -30 0 0 0
0.4940 0.0182 0.0139 -30 0 0 0
0.4940 0.0182 0.0139 -30 0 0 0
0.4940 0.0188 0.0122 -30 0 0 0
0.4940 0.0188 0.0122 -30 0 0 0
0.5040 0.0188 0.0102 -30 0 0 0
0.5040 0.0188 0.0102 -30 0 0 0
0.5040 0.0188 0.0102 -30 0 0 0
0.5040 0.0188 0.0102 -30 0 0 0
0.5040 0.0188 0.0102 -30 0 0 0
0.5180 0.0182 0.0091 -30 0 0 0
0.5180 0.0182 0.0091 -30 0 0 0
0.5180 0.0182 0.0091 -30 0 0 0
0.5180 0.0182 0.0091 -30 0 0 0
0.5180 0.0182 0.0091 -30 0 0 0
0.5140 0.0166 0.0107 -30 0 0 0
0.5140 0.0166 0.0107 -30 0 0 0
0.4920 0.0157 0.0103 -30 0 0 0
0.4920 0.0157 0.0103 -30 0 0 0
0.4920 0.0157 0.0103 -30 0 0 0
0.5160 0.0152 0.0088 -30 0 0 0
0.5160 0.0152 0.0088 -30 0 0 0
0.5160 0.0152 0.0088 -30 0 0 0
0.5160 0.0152 0.0088 -30 0 0 0
0.5160 0.0152 0.0088 -30 0 0 0
0.5160 0.0152 0.0088 -30 0 0 0
0.5160 0.0152 0.0088 -30 0 0 0
0.5160 0.0152 0.0088 -30 0 0 0
0.5160 0.0152 0.0088 -30 0 0 0
0.5160 0.0152 0.0088 -30 0 0 0
0.5140 0.0150 0.0091 -30 0 0 0
0.5140 0.0150 0.0091 -30 0 0 0
0.4960 0.0151 0.0083 -30 0 0 0
0.5040 0.0154 0.0089 -30 0 0 0
0.5040 0.0154 0.0089 -30 0 0 0
0.5040 0.0154 0.0089 -30 0 0 0
0.5040 0.0154 0.0089 -30 0 0 0
0.5220 0.0159 0.0078 -30 0 0 0
0.5220 0.0159 0.0078 -30 0 0 0
0.5220 0.0159 0.0078 -30 0 0 0
0.4940 0.0157 0.0103 -30 0 0 0
0.4940 0.0157 0.0103 -30 0 0 0
0.4940 0.0157 0.0103 -30 0 0 0
0.4940 0.0157 0.0103 -30 0 0 0
0.4980 0.0151 0.0093 -30 0 0 0
0.4980 0.0151 0.0093 -30 0 0 0
0.4980 0.0151 0.0093 -30 0 0 0
0.4980 0.0151 0.0093 -30 0 0 0
0.5000 0.0141 0.0104 -30 0 0 0
0.5000 0.0141 0.0104 -30 0 0 0
0.5000 0.0141 0.0104 -30 0 0 0
0.4940 0.0133 0.0094 -30 0 0 0
0.4940 0.0133 0.0094 -30 0 0 0
0.4940 0.0133 0.0094 -30 0 0 0
0.4940 0.0133 0.0094 -30 0 0 0
0.4940 0.0133 0.0094 -30 0 0 0
0.5040 0.0120 0.0126 -30 0 0 0
0.5040 0.0120 0.0126 -30 0 0 0
0.5040 0.0120 0.0126 -30 0 0 0
0.4960 0.0117 0.0122 -30 0 0 0
0.4960 0.0117 0.0122 -30 0 0 0
0.4960 0.0117 0.0122 -30 0 0 0
0.4800 0.0118 0.0134 -30 0 0 0
0.4800 0.0118 0.0134 -30 0 0 0
0.4800 0.0118 0.0134 -30 0 0 0
0.4800 0.0118 0.0134 -30 0 0 0
0.4720 0.0123 0.0120 -30 0 0 0
0.4720 0.0123 0.0120 -30 0 0 0
0.4720 0.0123 0.0120 -30 0 0 0
0.4720 0.0123 0.0120 -30 0 0 0
0.4720 0.0123 0.0120 -30 0 0 0
0.4880 0.0126 0.0149 -30 0 0 0
0.4880 0.0126 0.0149 -30 0 0 0
0.4740 0.0126 0.0158 -30 0 0 0
0.4740 0.0126 0.0158 -30 0 0 0
0.4740 0.0126 0.0158 -30 0 0 0
0.4740 0.0126 0.0158 -30 0 0 0
0.4740 0.0126 0.0158 -30 0 0 0
0.4740 0.0126 0.0158 -30 0 0 0
0.4980 0.0126 0.0150 -30 0 0 0
0.4980 0.0126 0.0150 -30 0 0 0
0.4980 0.0126 0.0150 -30 0 0 0
0.4980 0.0127 0.0156 -30 0 0 0
0.4900 0.0127 0.0156 -30 0 0 0
0.4900 0.0127 0.0156 -30 0 0 0
0.4820 0.0130 0.0148 -30 0 0 0
0.4820 0.0130 0.0148 -30 0 0 0
0.4820 0.0130 0.0148 -30 0 0 0
0.4820 0.0130 0.0148 -30 0 0 0
0.4820 0.0130 0.0148 -30 0 0 0
0.4840 0.0138 0.0133 -30 0 0 0
0.4840 0.0138 0.0133 -30 0 0 0
0.4840 0.0138 0.0133 -30 0 0 0
0.4840 0.0138 0.0133 -30 0 0 0
0.4840 0.0138 0.0133 -30 0 0 0
0.4840 0.0143 0.0128 -30 0 0 0
0.4840 0.0143 0.0128 -30 0 0 0
0.4680 0.0147 0.0109 -30 0 0 0
0.4680 0.0147 0.0109 -30 0 0 0
0.4680 0.0147 0.0109 -30 0 0 0
0.4680 0.0147 0.0109 -30 0 0 0
0.4680 0.0147 0.0109 -30 0 0 0
0.5020 0.0148 0.0103 -30 0 0 0
0.5020 0.0148 0.0103 -30 0 0 0
0.5020 0.0148 0.0103 -30 0 0 0
0.5020 0.0148 0.0103 -30 0 0 0
0.4780 0.0146 0.0110 -30 0 0 0
0.4780 0.0146 0.0110 -30 0 0 0
0.4740 0.0145 0.0103 -30 0 0 0
0.4740 0.0145 0.0103 -30 0 0 0
0.4740 0.0145 0.0103 -30 0 0 0
0.4740 0.0145 0.0103 -30 0 0 0
0.4700 0.0143 0.0149 -30 0 0 0
0.4700 0.0143 0.0149 -30 0 0 0
0.4700 0.0143 0.0149 -30 0 0 0
0.4700 0.0143 0.0149 -30 0 0 0
0.4700 0.0143 0.0149 -30 0 0 0
0.4920 0.0140 0.0140 -30 0 0 0
0.4800 0.0140 0.0099 -30 0 0 0
0.4800 0.0140 0.0099 -30 0 0 0
0.4800 0.0140 0.0099 -30 0 0 0
0.4800 0.0140 0.0099 -30 0 0 0
0.4800 0.0140 0.0099 -30 0 0 0
0.4720 0.0139 0.0097 -30 0 0 0
0.4720 0.0139 0.0097 -30 0 0 0
0.4720 0.0139 0.0097 -30 0 0 0
0.4720 0.0139 0.0097 0 0 0 0
0.4800 0.0141 0.0087 0 -30 0 0
0.4800 0.0144 0.0120 0 -30 0 0
0.4880 0.0144 0.0120 0 -30 0 0
0.4860 0.0147 0.0114 0 -30 0 0
0.4860 0.0150 0.0105 0 -30 0 0
0.4760 0.0153 0.0086 0 -30 0 0
0.4760 0.0153 0.0086 0 -30 0 0
0.4820 0.0151 0.0024 0 -30 0 0
0.4840 0.0149 0.0007 0 -30 0 0
0.4840 0.0149 0.0007 0 -30 0 0
0.4840 0.0149 0.0007 0 -30 0 0
0.4840 0.0149 0.0006 0 -30 0 0
0.4840 0.0149 0.0006 0 -30 0 0
0.4760 0.0150 0.0011 0 -30 0 0
0.4760 0.0150 0.0011 0 -30 0 0
0.4760 0.0150 0.0011 0 -30 0 0
0.4760 0.0150 0.0011 0 -30 0 0
0.4760 0.0150 0.0011 0 -30 0 0
0.4760 0.0150 0.0011 0 -30 0 0
0.4840 0.0151 0.0011 0 -30 0 0
0.4840 0.0151 0.0011 0 -30 0 0
0.4840 0.0151 0.0011 0 -30 0 0
0.4840 0.0151 0.0011 0 -30 0 0
0.4620 0.0149 0.0048 0 -30 0 0
0.4620 0.0149 0.0048 0 -30 0 0
0.4800 0.0149 0.0054 0 -30 0 0
0.4800 0.0149 0.0054 0 -30 0 0
0.4800 0.0149 0.0054 0 -30 0 0
0.4800 0.0149 0.0054 0 -30 0 0
0.4800 0.0149 0.0054 0 -30 0 0
0.4620 0.0156 0.0075 0 -30 0 0
0.4620 0.0156 0.0075 0 -30 0 0
0.4620 0.0156 0.0075 0 -30 0 0
0.4620 0.0156 0.0075 0 -30 0 0
0.4480 0.0164 0.0076 0 -30 0 0
0.4480 0.0164 0.0076 0 -30 0 0
0.4480 0.0164 0.0076 0 -30 0 0
0.4620 0.0170 0.0160 0 -30 0 0
0.4620 0.0170 0.0160 0 -30 0 0
0.4620 0.0170 0.0160 0 -30 0 0
0.4620 0.0170 0.0160 0 -30 0 0
0.4620 0.0170 0.0160 0 -30 0 0
0.4960 0.0172 0.0159 0 -30 0 0
0.4960 0.0172 0.0159 0 -30 0 0
0.4960 0.0172 0.0159 0 -30 0 0
0.4960 0.0172 0.0159 0 -30 0 0
0.4860 0.0170 0.0270 0 -30 0 0
0.4860 0.0170 0.0270 0 -30 0 0
0.4860 0.0170 0.0270 0 -30 0 0
0.4840 0.0166 0.0258 0 -30 0 0
0.4840 0.0166 0.0258 0 -30 0 0
0.4840 0.0166 0.0258 0 -30 0 0
0.4820 0.0162 0.0218 0 -30 0 0
0.4820 0.0162 0.0218 0 -30 0 0
0.4820 0.0162 0.0218 0 -30 0 0
0.4820 0.0162 0.0218 0 -30 0 0
0.4820 0.0162 0.0218 0 -30 0 0
0.4880 0.0158 0.0195 0 -30 0 0
0.4880 0.0158 0.0195 0 -30 0 0
0.4880 0.0158 0.0195 0 -30 0 0
0.4900 0.0157 0.0185 0 -30 0 0
0.4900 0.0157 0.0185 0 -30 0 0
0.4900 0.0157 0.0185 0 -30 0 0
0.4900 0.0157 0.0185 0 -30 0 0
0.4560 0.0156 0.0165 0 -30 0 0
0.4560 0.0156 0.0165 0 -30 0 0
0.4560 0.0156 0.0165 0 -30 0 0
0.4560 0.0156 0.0165 0 -30 0 0
0.4560 0.0156 0.0165 0 -30 0 0
0.4800 0.0151 0.0152 0 -30 0 0
0.4800 0.0151 0.0152 0 -30 0 0
0.4940 0.0143 0.0114 0 -30 0 0
0.4940 0.0143 0.0114 0 -30 0 0
0.4940 0.0143 0.0114 0 -30 0 0
0.4940 0.0143 0.0114 0 -30 0 0
0.4940 0.0143 0.0114 0 -30 0 0
0.4940 0.0143 0.0114 0 -30 0 0
0.4940 0.0143 0.0114 0 -30 0 0
0.4940 0.0143 0.0114 0 0 0 0
0.5040 0.0153 0.0090 0 -30 0 0
0.4640 0.0157 0.0071 0 -30 0 0
0.4760 0.0157 0.0069 0 -30 0 0
0.4720 0.0152 0.0059 0 -30 0 0
0.4800 0.0145 0.0068 0 -30 0 0
0.4720 0.0131 0.0126 0 -30 0 0
0.4640 0.0126 0.0231 0 -30 0 0
0.4640 0.0126 0.0231 0 -30 0 0
0.4640 0.0126 0.0231 0 -30 0 0
0.4680 0.0124 0.0160 0 -30 0 0
0.4680 0.0124 0.0160 0 -30 0 0
0.4680 0.0124 0.0160 0 -30 0 0
0.4680 0.0124 0.0160 0 -30 0 0
0.4700 0.0121 0.0154 0 -30 0 0
0.4700 0.0121 0.0154 0 -30 0 0
0.4700 0.0121 0.0154 0 -30 0 0
0.4700 0.0121 0.0154 0 -30 0 0
0.4700 0.0119 0.0134 0 -30 0 0
0.4760 0.0119 0.0134 0 -30 0 0
0.4760 0.0119 0.0134 0 -30 0 0
0.4760 0.0119 0.0134 0 -30 0 0
0.4760 0.0119 0.0134 0 -30 0 0
0.4760 0.0115 0.0137 0 -30 0 0
0.4780 0.0115 0.0137 0 -30 0 0
0.4780 0.0115 0.0137 0 -30 0 0
0.4780 0.0115 0.0137 0 -30 0 0
0.4700 0.0115 0.0108 0 -30 0 0
0.4700 0.0115 0.0108 0 -30 0 0
0.4700 0.0115 0.0108 0 -30 0 0
0.4700 0.0115 0.0108 0 -30 0 0
0.4720 0.0115 0.0104 0 -30 0 0
0.4720 0.0115 0.0104 0 -30 0 0
0.4720 0.0115 0.0104 0 -30 0 0
0.4720 0.0115 0.0104 0 -30 0 0
0.4600 0.0114 0.0111 0 -30 0 0
0.4600 0.0114 0.0111 0 -30 0 0
0.4600 0.0114 0.0111 0 -30 0 0
0.4660 0.0115 0.0109 0 -30 0 0
0.4660 0.0115 0.0109 0 -30 0 0
0.4660 0.0115 0.0109 0 -30 0 0
0.4660 0.0115 0.0109 0 -30 0 0
0.4740 0.0117 0.0068 0 -30 0 0
0.4740 0.0117 0.0068 0 -30 0 0
0.4740 0.0117 0.0068 0 0 0 0
0.4760 0.0126 0.0028 0 0 0 -30
0.4520 0.0131 0.0027 0 0 0 -30
0.4840 0.0135 0.0062 0 0 0 -30
0.4780 0.0137 0.0064 0 0 0 -30
0.4780 0.0137 0.0064 0 0 0 -30
0.4780 0.0137 0.0064 0 0 0 -30
0.4780 0.0137 0.0064 0 0 0 -30
0.4780 0.0137 0.0064 0 0 0 -30
0.4780 0.0137 0.0064 0 0 0 -30
0.4780 0.0137 0.0064 0 0 0 0
0.4900 0.0153 0.0217 0 0 0 -30
0.4860 0.0164 0.0212 0 0 0 -30
0.4860 0.0169 0.0200 0 0 0 -30
0.4940 0.0174 0.0199 0 0 0 -30
0.4960 0.0184 0.0177 0 0 0 -30
0.4880 0.0188 0.0159 0 0 0 -30
0.4880 0.0189 0.0147 0 0 0 -30
0.4780 0.0189 0.0147 0 0 0 -30
0.4780 0.0189 0.0147 0 0 0 -30
0.4780 0.0189 0.0147 0 0 0 -30
0.4800 0.0187 0.0131 0 0 0 -30
0.4800 0.0187 0.0131 0 0 0 0
0.4640 0.0187 0.0111 0 0 0 -30
0.4860 0.0188 0.0083 0 0 0 -30
0.4800 0.0188 0.0053 0 0 0 -30
0.4900 0.0188 0.0053 0 0 0 -30
0.4900 0.0188 0.0053 0 0 0 -30
0.5060 0.0190 0.0034 0 0 0 -30
0.5060 0.0190 0.0034 0 0 0 -30
0.5060 0.0190 0.0034 0 0 0 -30
0.5000 0.0194 0.0019 0 0 0 -30
0.5000 0.0194 0.0019 0 0 0 -30
0.5000 0.0194 0.0019 0 0 0 -30
0.5000 0.0194 0.0019 0 0 0 -30
0.5000 0.0194 0.0019 0 0 0 -30
0.4800 0.0195 -0.0042 0 0 0 0
0.4900 0.0193 -0.0046 0 0 0 -30
0.4820 0.0194 -0.0076 0 0 0 -30
0.5140 0.0197 -0.0100 0 0 0 -30
0.4940 0.0205 -0.0126 0 0 0 -30
0.4940 0.0204 -0.0141 0 0 0 -30
0.4940 0.0204 -0.0141 0 0 0 -30
0.4940 0.0204 -0.0141 0 0 0 -30
0.4940 0.0199 -0.0126 0 0 0 -30
0.4780 0.0199 -0.0126 0 0 0 -30
0.4780 0.0199 -0.0126 0 0 0 -30
0.4780 0.0199 -0.0126 0 0 0 -30
0.4780 0.0199 -0.0126 0 0 0 0
0.4840 0.0188 -0.0101 0 0 0 -30
0.5100 0.0183 -0.0125 0 0 0 -30
0.4920 0.0172 -0.0156 0 0 0 -30
0.4920 0.0163 -0.0174 0 0 0 -30
0.4700 0.0163 -0.0174 0 0 0 -30
0.4700 0.0163 -0.0174 0 0 0 -30
0.4780 0.0155 -0.0202 0 0 0 -30
0.4780 0.0155 -0.0202 0 0 0 -30
0.4780 0.0155 -0.0202 0 0 0 -30
0.4780 0.0155 -0.0202 0 0 0 0
0.4900 0.0120 -0.0231 0 -30 0 0
0.4920 0.0120 -0.0231 0 -30 0 0
0.4880 0.0117 -0.0242 0 -30 0 0
0.4880 0.0117 -0.0285 0 -30 0 0
0.4800 0.0124 -0.0320 0 -30 0 0
0.4800 0.0133 -0.0334 0 -30 0 0
0.4920 0.0141 -0.0351 0 -30 0 0
0.4820 0.0149 -0.0359 0 -30 0 0
0.5080 0.0153 -0.0352 0 -30 0 0
0.5080 0.0153 -0.0352 0 -30 0 0
0.5080 0.0153 -0.0352 0 -30 0 0
0.4860 0.0161 -0.0360 0 -30 0 0
0.4860 0.0161 -0.0360 0 -30 0 0
0.4860 0.0161 -0.0360 0 -30 0 0
0.4860 0.0161 -0.0360 0 -30 0 0
0.4860 0.0161 -0.0360 0 -30 0 0
0.4860 0.0161 -0.0360 0 -30 0 0
0.4940 0.0176 -0.0382 0 -30 0 0
0.4940 0.0176 -0.0382 0 -30 0 0
0.4860 0.0181 -0.0382 0 -30 0 0
0.4860 0.0181 -0.0382 0 -30 0 0
0.4860 0.0181 -0.0382 0 -30 0 0
0.4860 0.0181 -0.0382 0 -30 0 0
0.4860 0.0183 -0.0358 0 -30 0 0
0.4800 0.0183 -0.0358 0 -30 0 0
0.4800 0.0183 -0.0358 0 -30 0 0
0.4800 0.0183 -0.0358 0 -30 0 0
0.4800 0.0183 -0.0358 0 -30 0 0
0.4800 0.0183 -0.0358 0 -30 0 0
0.4900 0.0184 -0.0358 0 -30 0 0
0.4900 0.0184 -0.0358 0 -30 0 0
0.4780 0.0183 -0.0339 0 -30 0 0
0.4780 0.0183 -0.0339 0 -30 0 0
0.4780 0.0183 -0.0339 0 -30 0 0
0.4780 0.0183 -0.0339 0 -30 0 0
0.5200 0.0180 -0.0347 0 -30 0 0
0.5200 0.0180 -0.0347 0 -30 0 0
0.5200 0.0180 -0.0347 0 -30 0 0
0.5200 0.0180 -0.0347 0 -30 0 0
0.5200 0.0180 -0.0347 0 -30 0 0
0.5200 0.0172 -0.0338 0 -30 0 0
0.5060 0.0172 -0.0338 0 -30 0 0
0.5060 0.0172 -0.0338 0 -30 0 0
0.4900 0.0162 -0.0349 0 -30 0 0
0.4900 0.0162 -0.0349 0 -30 0 0
0.4900 0.0162 -0.0349 0 -30 0 0
0.4900 0.0152 -0.0356 0 -30 0 0
0.4940 0.0152 -0.0356 0 -30 0 0
0.4940 0.0152 -0.0356 0 -30 0 0
0.4940 0.0152 -0.0356 0 -30 0 0
0.4940 0.0152 -0.0356 0 -30 0 0
0.4940 0.0152 -0.0356 0 -30 0 0
0.4980 0.0148 -0.0323 0 -30 0 0
0.4980 0.0148 -0.0323 0 -30 0 0
0.5120 0.0150 -0.0329 0 -30 0 0
0.5120 0.0150 -0.0329 0 -30 0 0
0.5120 0.0150 -0.0329 0 -30 0 0
0.5120 0.0150 -0.0329 0 -30 0 0
0.5140 0.0156 -0.0302 0 0 0 0
0.4980 0.0222 -0.0401 30 0 0 0
0.4800 0.0222 -0.0401 30 0 0 0
0.4880 0.0196 -0.0400 30 0 0 0
0.5060 0.0193 -0.0370 30 0 0 0
0.4780 0.0200 -0.0377 30 0 0 0
0.4780 0.0200 -0.0377 30 0 0 0
0.4780 0.0200 -0.0377 30 0 0 0
0.4780 0.0200 -0.0377 30 0 0 0
0.4780 0.0200 -0.0377 30 0 0 0
0.4780 0.0221 -0.0364 30 0 0 0
0.4760 0.0220 -0.0361 30 0 0 0
0.4940 0.0216 -0.0367 30 0 0 0
0.4940 0.0216 -0.0367 30 0 0 0
0.4940 0.0225 -0.0350 30 0 0 0
0.5020 0.0225 -0.0350 30 0 0 0
0.5020 0.0225 -0.0350 30 0 0 0
0.5020 0.0225 -0.0350 30 0 0 0
0.5020 0.0225 -0.0350 30 0 0 0
0.5060 0.0247 -0.0363 30 0 0 0
0.5060 0.0247 -0.0363 30 0 0 0
0.4940 0.0260 -0.0367 30 0 0 0
0.4940 0.0260 -0.0367 30 0 0 0
0.4940 0.0260 -0.0367 30 0 0 0
0.4940 0.0260 -0.0367 30 0 0 0
0.4940 0.0260 -0.0367 30 0 0 0
0.4720 0.0270 -0.0365 30 0 0 0
0.4720 0.0270 -0.0365 30 0 0 0
0.4720 0.0270 -0.0365 30 0 0 0
0.4720 0.0270 -0.0365 0 0 0 0
0.5100 0.0134 -0.0672 0 30 0 0
0.5100 0.0134 -0.0672 0 30 0 0
0.5180 0.0126 -0.0680 0 30 0 0
0.5340 0.0120 -0.0637 0 30 0 0
0.5060 0.0115 -0.0589 0 30 0 0
0.5100 0.0117 -0.0583 0 30 0 0
0.5020 0.0130 -0.0582 0 30 0 0
0.5020 0.0130 -0.0582 0 30 0 0
0.4960 0.0137 -0.0580 0 30 0 0
0.5180 0.0136 -0.0576 0 30 0 0
0.5180 0.0136 -0.0576 0 30 0 0
0.4960 0.0133 -0.0574 0 30 0 0
0.4960 0.0133 -0.0574 0 30 0 0
0.4960 0.0133 -0.0574 0 30 0 0
0.4960 0.0133 -0.0574 0 30 0 0
0.4960 0.0136 -0.0576 0 30 0 0
0.5060 0.0136 -0.0576 0 30 0 0
0.5060 0.0140 -0.0576 0 30 0 0
0.5320 0.0140 -0.0576 0 30 0 0
0.5320 0.0140 -0.0576 0 30 0 0
0.5320 0.0140 -0.0576 0 0 0 0
