0.6555 -0.0010 0.0122 -10 0 0 0
0.6681 0.0005 0.0138 -10 0 0 0
0.6597 0.0006 0.0117 -10 0 0 0
0.6597 0.0006 0.0117 -10 0 0 0
0.6660 0.0008 0.0094 -10 0 0 0
0.6722 0.0008 0.0093 -10 0 0 0
0.6681 0.0010 0.0089 -10 0 0 0
0.6514 0.0010 0.0081 -10 0 0 0
0.6388 0.0013 0.0061 -10 0 0 0
0.6493 0.0013 0.0052 -10 0 0 0
0.6493 0.0013 0.0052 -10 0 0 0
0.6388 0.0013 0.0050 0 0 0 0
0.6597 0.0005 0.0039 -10 0 0 0
0.6493 -0.0000 0.0025 -10 0 0 0
0.6618 0.0003 0.0042 -10 0 0 0
0.6367 0.0003 0.0049 -10 0 0 0
0.6472 0.0002 0.0045 -10 0 0 0
0.6597 0.0002 0.0025 -10 0 0 0
0.6451 0.0003 -0.0002 -10 0 0 0
0.6451 0.0003 -0.0002 -10 0 0 0
0.6576 -0.0001 0.0001 0 0 0 0
0.6681 -0.0009 0.0013 -10 0 0 0
0.6493 -0.0025 -0.0019 -10 0 0 0
0.6493 -0.0025 -0.0019 -10 0 0 0
0.6326 -0.0023 -0.0021 -10 0 0 0
0.6430 -0.0013 -0.0026 -10 0 0 0
0.6514 -0.0009 -0.0022 -10 0 0 0
0.6514 -0.0007 -0.0022 -10 0 0 0
0.6534 -0.0003 -0.0020 -10 0 0 0
0.6534 -0.0003 -0.0020 0 0 0 0
0.6409 -0.0007 -0.0047 -10 0 0 0
0.6409 -0.0015 -0.0019 -10 0 0 0
0.6305 -0.0001 -0.0028 -10 0 0 0
0.6451 -0.0002 -0.0031 -10 0 0 0
0.6388 -0.0001 -0.0040 -10 0 0 0
0.6576 0.0000 -0.0047 -10 0 0 0
0.6388 -0.0003 -0.0045 -10 0 0 0
0.6388 -0.0003 -0.0045 -10 0 0 0
0.6555 -0.0012 -0.0046 0 0 0 0
0.6117 -0.0017 -0.0047 -10 0 0 0
0.6242 -0.0013 -0.0009 -10 0 0 0
0.6472 -0.0012 -0.0006 -10 0 0 0
0.6430 -0.0012 -0.0014 -10 0 0 0
0.6493 -0.0010 -0.0019 -10 0 0 0
0.6534 -0.0011 -0.0032 -10 0 0 0
0.6514 -0.0012 -0.0030 0 0 0 0
0.6451 -0.0020 -0.0035 0 0 0 10
0.6263 -0.0023 -0.0030 0 0 0 10
0.6347 -0.0017 -0.0032 0 0 0 0
0.6430 -0.0030 -0.0135 0 0 0 10
0.6472 -0.0030 -0.0129 0 0 0 0
0.6451 -0.0030 -0.0082 -10 0 0 0
0.6576 -0.0015 -0.0012 -10 0 0 0
0.6409 -0.0015 -0.0014 -10 0 0 0
0.6514 -0.0020 -0.0027 -10 0 0 0
0.6722 -0.0025 -0.0025 0 0 0 0
0.6722 -0.0027 -0.0004 -10 0 0 0
0.6848 -0.0016 -0.0003 -10 0 0 0
0.6889 -0.0026 -0.0014 -10 0 0 0
0.6889 -0.0026 -0.0014 -10 0 0 0
0.6722 -0.0033 -0.0029 -10 0 0 0
0.6576 -0.0035 -0.0024 -10 0 0 0
0.6576 -0.0035 -0.0024 0 0 0 0
0.6367 -0.0023 -0.0034 0 0 0 10
0.6764 -0.0014 -0.0083 0 0 0 10
0.6722 -0.0015 -0.0091 0 0 0 0
0.6952 -0.0030 -0.0023 0 0 0 10
0.6868 -0.0023 0.0007 0 0 0 10
0.6743 -0.0019 0.0027 0 0 0 0
0.6743 -0.0013 0.0017 -10 0 0 0
0.6785 -0.0011 0.0066 -10 0 0 0
0.6597 -0.0018 0.0067 -10 0 0 0
0.6597 -0.0018 0.0067 0 0 0 0
0.6660 -0.0009 0.0050 -10 0 0 0
0.6931 -0.0007 0.0054 -10 0 0 0
0.6806 -0.0015 0.0053 -10 0 0 0
0.6848 -0.0017 0.0057 -10 0 0 0
0.6806 -0.0023 0.0054 -10 0 0 0
0.6806 -0.0023 0.0054 0 0 0 0
0.6868 -0.0015 0.0089 -10 0 0 0
0.6493 -0.0015 0.0078 -10 0 0 0
0.6451 -0.0015 0.0081 -10 0 0 0
0.6681 -0.0012 0.0087 -10 0 0 0
0.6889 -0.0010 0.0095 0 0 0 0
0.6827 -0.0008 0.0083 -10 0 0 0
0.6889 -0.0006 0.0086 -10 0 0 0
