0.6013 -0.0017 0.0272 -10 0 0 0
0.6054 -0.0009 0.0284 -10 0 0 0
0.6263 -0.0016 0.0293 -10 0 0 0
0.5887 -0.0019 0.0256 -10 0 0 0
0.6138 -0.0020 0.0250 -10 0 0 0
0.6263 -0.0017 0.0205 -10 0 0 0
0.6263 -0.0017 0.0205 -10 0 0 0
0.6159 -0.0012 0.0203 -10 0 0 0
0.6033 -0.0006 0.0161 -10 0 0 0
0.5929 -0.0007 0.0177 -10 0 0 0
0.6075 -0.0007 0.0151 -10 0 0 0
0.6117 -0.0013 0.0162 -10 0 0 0
0.6180 -0.0017 0.0127 -10 0 0 0
0.6180 -0.0017 0.0127 -10 0 0 0
0.6033 -0.0021 0.0116 -10 0 0 0
0.5929 -0.0025 0.0042 -10 0 0 0
0.5929 -0.0016 -0.0010 -10 0 0 0
0.5866 -0.0008 0.0007 -10 0 0 0
0.6138 -0.0005 -0.0050 -10 0 0 0
0.6138 -0.0005 -0.0050 -10 0 0 0
0.6075 -0.0006 -0.0044 -10 0 0 0
0.6117 -0.0010 -0.0082 -10 0 0 0
0.6054 -0.0017 -0.0056 -10 0 0 0
0.6159 -0.0020 -0.0065 -10 0 0 0
0.6159 -0.0020 -0.0056 -10 0 0 0
0.5720 -0.0017 -0.0056 -10 0 0 0
0.5720 -0.0017 -0.0056 -10 0 0 0
0.5992 -0.0014 -0.0037 -10 0 0 0
0.6200 -0.0010 -0.0117 -10 0 0 0
0.6200 -0.0010 -0.0109 -10 0 0 0
0.6200 -0.0016 -0.0156 -10 0 0 0
0.5950 -0.0016 -0.0156 -10 0 0 0
0.5950 -0.0018 -0.0208 -10 0 0 0
0.5950 -0.0018 -0.0210 -10 0 0 0
0.5971 -0.0018 -0.0244 -10 0 0 0
0.6138 -0.0022 -0.0251 -10 0 0 0
0.6013 -0.0028 -0.0285 -10 0 0 0
0.6013 -0.0028 -0.0285 -10 0 0 0
0.5825 -0.0026 -0.0287 -10 0 0 0
0.6096 -0.0019 -0.0303 -10 0 0 0
0.6096 -0.0019 -0.0303 -10 0 0 0
0.6180 -0.0018 -0.0290 -10 0 0 0
0.6013 -0.0019 -0.0284 -10 0 0 0
0.5950 -0.0022 -0.0266 -10 0 0 0
0.6054 -0.0022 -0.0241 -10 0 0 0
0.6054 -0.0020 -0.0228 -10 0 0 0
0.6159 -0.0020 -0.0242 -10 0 0 0
0.6033 -0.0027 -0.0242 -10 0 0 0
0.6033 -0.0027 -0.0242 -10 0 0 0
0.5866 -0.0027 -0.0237 -10 0 0 0
0.5950 -0.0027 -0.0254 0 0 0 0
0.6096 -0.0029 -0.0240 0 0 0 10
0.5971 -0.0030 -0.0218 0 0 0 0
0.5971 -0.0025 -0.0196 0 0 0 10
0.6138 -0.0027 -0.0195 0 0 0 0
0.5992 -0.0036 -0.0173 0 0 0 10
0.6200 -0.0029 -0.0177 0 0 0 0
0.6054 -0.0024 -0.0161 0 0 0 10
0.6075 -0.0025 -0.0141 0 0 0 10
0.6013 -0.0025 -0.0126 0 0 0 0
0.6054 -0.0030 -0.0068 0 0 0 10
0.6200 -0.0023 -0.0005 0 0 0 0
0.6200 -0.0019 0.0052 -10 0 0 0
0.6430 -0.0021 0.0105 -10 0 0 0
0.6200 -0.0017 0.0087 -10 0 0 0
0.6305 -0.0012 0.0093 -10 0 0 0
0.6221 -0.0015 0.0092 -10 0 0 0
0.6534 -0.0017 0.0089 -10 0 0 0
0.6388 -0.0015 0.0088 -10 0 0 0
0.6388 -0.0015 0.0088 -10 0 0 0
0.6326 -0.0012 0.0084 -10 0 0 0
0.6367 -0.0008 0.0087 -10 0 0 0
0.6305 -0.0008 0.0098 -10 0 0 0
0.6305 -0.0008 0.0098 -10 0 0 0
0.6221 -0.0004 0.0101 -10 0 0 0
0.6388 -0.0015 0.0126 -10 0 0 0
0.6180 -0.0015 0.0126 -10 0 0 0
0.6117 -0.0017 0.0125 -10 0 0 0
0.6367 -0.0019 0.0121 -10 0 0 0
0.6493 -0.0019 0.0118 -10 0 0 0
0.6493 -0.0019 0.0118 -10 0 0 0
0.6054 -0.0019 0.0118 -10 0 0 0
0.6013 -0.0018 0.0117 -10 0 0 0
0.6033 -0.0018 0.0120 -10 0 0 0
0.6033 -0.0018 0.0120 -10 0 0 0
0.6242 -0.0018 0.0125 -10 0 0 0
0.6326 -0.0018 0.0128 -10 0 0 0
0.6117 -0.0017 0.0145 -10 0 0 0
0.6200 -0.0013 0.0147 -10 0 0 0
0.6263 -0.0007 0.0146 -10 0 0 0
0.6263 -0.0007 0.0146 -10 0 0 0
0.6159 -0.0001 0.0146 -10 0 0 0
0.6388 0.0001 0.0140 -10 0 0 0
0.6263 -0.0005 0.0164 -10 0 0 0
0.6326 -0.0013 0.0170 -10 0 0 0
0.6326 -0.0013 0.0170 -10 0 0 0
0.6242 -0.0012 0.0201 -10 0 0 0
0.6180 -0.0012 0.0201 -10 0 0 0
0.6409 -0.0006 0.0212 0 0 0 0
0.6430 -0.0006 0.0243 0 0 0 -10
0.6221 -0.0020 0.0267 0 0 0 0
0.6263 -0.0014 0.0290 0 0 0 -10
0.6263 -0.0008 0.0340 0 0 0 0
0.6451 0.0002 0.0321 0 0 0 -10
0.6263 -0.0012 0.0330 0 0 0 0
0.6388 -0.0002 0.0310 -10 0 0 0
0.6409 -0.0002 0.0228 -10 0 0 0
0.6221 -0.0004 0.0222 -10 0 0 0
0.6221 -0.0004 0.0222 -10 0 0 0
0.6660 -0.0003 0.0185 -10 0 0 0
0.6597 -0.0010 0.0213 -10 0 0 0
0.6597 -0.0010 0.0213 -10 0 0 0
0.6326 -0.0015 0.0210 -10 0 0 0
0.6472 -0.0022 0.0206 -10 0 0 0
0.6409 -0.0020 0.0201 -10 0 0 0
0.6138 -0.0017 0.0196 -10 0 0 0
0.6305 -0.0017 0.0193 -10 0 0 0
0.6409 -0.0018 0.0196 0 0 0 0
0.6660 -0.0026 0.0217 0 0 0 0
0.6409 -0.0031 0.0264 0 0 0 -10
0.6347 -0.0025 0.0284 0 0 0 0
0.6451 -0.0025 0.0278 0 0 0 -10
0.6430 -0.0013 0.0259 0 0 0 -10
0.6284 -0.0012 0.0258 0 0 0 0
0.6576 -0.0015 0.0243 0 0 0 -10
0.6722 -0.0005 0.0195 0 0 0 0
0.6451 -0.0026 0.0174 0 0 0 -10
0.6576 -0.0013 0.0134 0 0 0 -10
0.6576 -0.0013 0.0143 0 0 0 0
0.6681 -0.0018 0.0162 0 0 0 -10
0.6514 -0.0019 0.0159 0 0 0 0
0.6493 -0.0030 0.0159 0 0 0 -10
0.6388 -0.0015 0.0097 0 0 0 -10
0.6514 -0.0025 0.0089 0 0 0 0
0.6681 -0.0017 0.0024 -10 0 0 0
0.6493 0.0002 0.0006 -10 0 0 0
0.6618 -0.0011 -0.0025 -10 0 0 0
0.6534 -0.0017 -0.0014 -10 0 0 0
0.6534 -0.0017 -0.0014 -10 0 0 0
0.6347 -0.0016 -0.0013 0 0 0 0
0.6284 -0.0007 -0.0028 -10 0 0 0
0.6367 -0.0017 -0.0034 -10 0 0 0
0.6472 -0.0017 -0.0047 -10 0 0 0
0.6514 -0.0014 -0.0048 -10 0 0 0
0.6326 -0.0012 -0.0069 -10 0 0 0
0.6326 -0.0012 -0.0069 -10 0 0 0
0.6409 -0.0010 -0.0062 -10 0 0 0
0.6117 -0.0007 -0.0045 -10 0 0 0
0.6117 -0.0003 -0.0038 0 0 0 0
0.6054 -0.0007 -0.0052 -10 0 0 0
0.6326 -0.0011 -0.0070 -10 0 0 0
0.6597 -0.0010 -0.0063 -10 0 0 0
0.6263 -0.0012 -0.0069 -10 0 0 0
0.6514 -0.0013 -0.0077 -10 0 0 0
0.6514 -0.0013 -0.0077 0 0 0 0
0.6367 -0.0017 -0.0079 -10 0 0 0
0.6096 -0.0002 -0.0076 -10 0 0 0
0.6263 -0.0009 -0.0063 -10 0 0 0
0.6242 -0.0011 -0.0097 -10 0 0 0
0.6159 -0.0007 -0.0126 0 0 0 0
0.6326 -0.0008 -0.0119 -10 0 0 0
0.6075 -0.0015 -0.0121 -10 0 0 0
0.6013 -0.0012 -0.0141 -10 0 0 0
0.6013 -0.0012 -0.0141 -10 0 0 0
0.6221 -0.0010 -0.0156 -10 0 0 0
0.6054 -0.0008 -0.0153 -10 0 0 0
0.5950 -0.0009 -0.0156 -10 0 0 0
0.6033 -0.0009 -0.0151 -10 0 0 0
0.5992 -0.0006 -0.0167 -10 0 0 0
0.6221 -0.0005 -0.0166 -10 0 0 0
0.6221 -0.0005 -0.0166 0 0 0 0
0.6075 -0.0009 -0.0173 -10 0 0 0
0.6033 -0.0000 -0.0175 -10 0 0 0
0.5908 -0.0000 -0.0167 -10 0 0 0
0.6305 -0.0005 -0.0165 -10 0 0 0
0.6033 -0.0009 -0.0160 -10 0 0 0
0.6242 -0.0013 -0.0176 -10 0 0 0
0.6242 -0.0013 -0.0176 -10 0 0 0
0.6033 -0.0015 -0.0176 -10 0 0 0
0.6033 -0.0015 -0.0176 0 0 0 0
0.6200 -0.0012 -0.0180 -10 0 0 0
0.6054 -0.0015 -0.0166 -10 0 0 0
0.6033 -0.0021 -0.0155 -10 0 0 0
0.6159 -0.0027 -0.0150 -10 0 0 0
0.6033 -0.0030 -0.0145 -10 0 0 0
0.6075 -0.0029 -0.0141 -10 0 0 0
0.6075 -0.0029 -0.0141 -10 0 0 0
0.6180 -0.0030 -0.0142 -10 0 0 0
0.6096 -0.0030 -0.0134 -10 0 0 0
0.6159 -0.0030 -0.0142 -10 0 0 0
0.6075 -0.0028 -0.0143 -10 0 0 0
0.6075 -0.0028 -0.0143 -10 0 0 0
0.5846 -0.0023 -0.0169 -10 0 0 0
0.6096 -0.0019 -0.0152 -10 0 0 0
0.5929 -0.0015 -0.0141 -10 0 0 0
0.5929 -0.0015 -0.0141 -10 0 0 0
0.5971 -0.0019 -0.0167 -10 0 0 0
0.5971 -0.0021 -0.0160 -10 0 0 0
0.5992 -0.0023 -0.0185 -10 0 0 0
0.5762 -0.0024 -0.0180 -10 0 0 0
0.5950 -0.0028 -0.0225 -10 0 0 0
0.5950 -0.0028 -0.0225 -10 0 0 0
0.5929 -0.0024 -0.0220 -10 0 0 0
0.6138 -0.0022 -0.0276 -10 0 0 0
0.5929 -0.0016 -0.0266 -10 0 0 0
0.6033 -0.0010 -0.0278 -10 0 0 0
0.6033 -0.0010 -0.0278 -10 0 0 0
0.5678 -0.0003 -0.0273 -10 0 0 0
0.5929 -0.0003 -0.0301 -10 0 0 0
0.5866 -0.0004 -0.0329 -10 0 0 0
0.5866 -0.0004 -0.0329 -10 0 0 0
0.5699 -0.0004 -0.0326 -10 0 0 0
0.5699 -0.0004 -0.0326 -10 0 0 0
0.5783 -0.0002 -0.0311 -10 0 0 0
0.6013 0.0000 -0.0330 -10 0 0 0
0.6117 0.0001 -0.0327 -10 0 0 0
0.6117 0.0001 -0.0327 -10 0 0 0
0.6096 0.0003 -0.0338 -10 0 0 0
0.5929 -0.0006 -0.0358 -10 0 0 0
0.5929 -0.0006 -0.0358 -10 0 0 0
0.5887 -0.0007 -0.0356 -10 0 0 0
0.5846 -0.0010 -0.0364 -10 0 0 0
0.5908 -0.0012 -0.0356 -10 0 0 0
0.5908 -0.0010 -0.0368 0 0 0 0
0.5929 -0.0008 -0.0322 -10 0 0 0
0.6117 -0.0010 -0.0285 -10 0 0 0
0.6033 -0.0015 -0.0271 -10 0 0 0
0.6096 -0.0019 -0.0256 -10 0 0 0
0.6075 -0.0024 -0.0266 -10 0 0 0
0.6033 -0.0028 -0.0257 -10 0 0 0
0.6033 -0.0028 -0.0257 -10 0 0 0
0.6033 -0.0032 -0.0264 -10 0 0 0
0.6013 -0.0032 -0.0271 -10 0 0 0
0.5971 -0.0030 -0.0265 -10 0 0 0
0.5971 -0.0030 -0.0265 -10 0 0 0
0.5992 -0.0028 -0.0234 -10 0 0 0
0.5992 -0.0028 -0.0234 -10 0 0 0
0.5908 -0.0030 -0.0228 -10 0 0 0
0.5992 -0.0031 -0.0213 -10 0 0 0
0.5929 -0.0025 -0.0210 -10 0 0 0
0.5929 -0.0025 -0.0210 -10 0 0 0
0.6033 -0.0019 -0.0207 -10 0 0 0
0.5929 -0.0009 -0.0193 -10 0 0 0
0.5971 -0.0004 -0.0180 -10 0 0 0
0.5908 0.0000 -0.0168 -10 0 0 0
0.5908 0.0000 -0.0168 0 0 0 0
0.6180 -0.0020 -0.0090 -10 0 0 0
0.5971 -0.0011 -0.0083 -10 0 0 0
0.5971 -0.0011 -0.0083 -10 0 0 0
0.5908 -0.0007 -0.0067 -10 0 0 0
0.6075 0.0001 -0.0085 -10 0 0 0
0.6075 0.0001 -0.0085 -10 0 0 0
0.6096 0.0002 -0.0085 -10 0 0 0
0.6096 0.0005 -0.0128 -10 0 0 0
0.5950 0.0005 -0.0135 -10 0 0 0
0.5887 0.0003 -0.0143 -10 0 0 0
0.6117 0.0008 -0.0164 -10 0 0 0
0.6013 0.0005 -0.0191 -10 0 0 0
0.6013 0.0005 -0.0191 -10 0 0 0
0.6075 0.0007 -0.0185 -10 0 0 0
0.6138 0.0005 -0.0198 -10 0 0 0
0.6033 0.0003 -0.0195 -10 0 0 0
0.5741 0.0003 -0.0222 -10 0 0 0
0.5741 0.0003 -0.0222 -10 0 0 0
0.5658 0.0013 -0.0195 -10 0 0 0
0.5658 0.0013 -0.0195 -10 0 0 0
0.5846 0.0015 -0.0183 -10 0 0 0
0.5866 0.0016 -0.0189 -10 0 0 0
0.5846 0.0012 -0.0181 0 0 0 0
0.5992 0.0001 -0.0207 -10 0 0 0
0.6096 0.0017 -0.0201 -10 0 0 0
0.5929 0.0017 -0.0165 -10 0 0 0
0.5929 0.0017 -0.0165 -10 0 0 0
0.5971 -0.0004 -0.0147 -10 0 0 0
0.5950 -0.0009 -0.0148 -10 0 0 0
0.6159 -0.0008 -0.0144 -10 0 0 0
0.6263 -0.0004 -0.0159 -10 0 0 0
0.6096 -0.0001 -0.0161 -10 0 0 0
0.6096 -0.0001 -0.0161 -10 0 0 0
0.5866 0.0000 -0.0167 -10 0 0 0
0.5804 0.0002 -0.0181 -10 0 0 0
0.6159 0.0006 -0.0172 -10 0 0 0
0.6159 0.0006 -0.0172 0 0 0 0
0.5929 -0.0013 -0.0147 -10 0 0 0
0.6013 0.0001 -0.0152 -10 0 0 0
0.6138 0.0001 -0.0146 -10 0 0 0
0.6200 0.0002 -0.0129 -10 0 0 0
0.6200 0.0002 -0.0129 -10 0 0 0
0.6159 0.0000 -0.0115 -10 0 0 0
0.6159 0.0001 -0.0118 -10 0 0 0
0.6180 0.0005 -0.0119 -10 0 0 0
0.6180 0.0005 -0.0119 -10 0 0 0
0.6054 0.0009 -0.0110 -10 0 0 0
0.5908 0.0016 -0.0107 0 0 0 0
0.6200 0.0008 -0.0078 -10 0 0 0
0.6305 0.0009 -0.0077 -10 0 0 0
0.5992 0.0013 -0.0066 -10 0 0 0
0.5992 0.0012 -0.0064 -10 0 0 0
0.6159 0.0005 -0.0067 -10 0 0 0
0.6347 -0.0002 -0.0062 -10 0 0 0
0.6284 -0.0004 -0.0061 -10 0 0 0
0.6284 -0.0004 -0.0061 -10 0 0 0
0.6263 -0.0003 -0.0053 -10 0 0 0
0.6075 -0.0005 -0.0050 -10 0 0 0
0.5992 -0.0006 -0.0068 0 0 0 0
0.6180 -0.0015 -0.0054 -10 0 0 0
0.6221 -0.0010 -0.0027 -10 0 0 0
0.6117 -0.0014 -0.0039 -10 0 0 0
0.6138 -0.0020 -0.0042 -10 0 0 0
0.6138 -0.0020 -0.0042 -10 0 0 0
0.6180 -0.0025 -0.0037 -10 0 0 0
0.6117 -0.0028 -0.0038 -10 0 0 0
0.6367 -0.0028 -0.0029 0 0 0 0
0.6681 -0.0039 -0.0013 -10 0 0 0
0.6263 -0.0014 0.0014 -10 0 0 0
0.6221 -0.0010 0.0002 -10 0 0 0
0.6618 -0.0008 0.0007 -10 0 0 0
0.6367 -0.0008 -0.0025 0 0 0 0
0.6597 -0.0007 -0.0019 -10 0 0 0
0.6534 -0.0013 -0.0004 -10 0 0 0
0.6514 -0.0020 -0.0006 -10 0 0 0
0.6514 -0.0020 -0.0006 -10 0 0 0
0.6305 -0.0020 0.0009 0 0 0 0
0.6493 -0.0021 0.0033 -10 0 0 0
0.6534 -0.0042 0.0034 -10 0 0 0
0.6681 -0.0040 0.0029 -10 0 0 0
0.6681 -0.0040 0.0029 -10 0 0 0
0.6806 -0.0025 0.0039 -10 0 0 0
0.6806 -0.0025 0.0039 0 0 0 0
0.6555 -0.0009 0.0131 -10 0 0 0
0.6618 -0.0007 0.0060 -10 0 0 0
0.6409 -0.0015 0.0056 -10 0 0 0
0.6472 -0.0015 0.0056 0 0 0 0
0.6514 -0.0014 0.0051 0 0 0 -10
0.6639 -0.0019 -0.0010 0 0 0 0
0.6451 -0.0021 -0.0089 -10 0 0 0
0.6367 -0.0024 -0.0074 -10 0 0 0
0.6430 -0.0027 -0.0091 -10 0 0 0
0.6555 -0.0026 -0.0095 -10 0 0 0
0.6367 -0.0022 -0.0084 0 0 0 0
0.6430 -0.0023 -0.0099 -10 0 0 0
0.6388 -0.0015 -0.0093 -10 0 0 0
0.6472 -0.0022 -0.0091 -10 0 0 0
0.6472 -0.0022 -0.0091 -10 0 0 0
0.6388 -0.0018 -0.0096 -10 0 0 0
0.6326 -0.0013 -0.0093 0 0 0 0
0.6701 -0.0008 -0.0107 -10 0 0 0
0.6514 -0.0012 -0.0132 -10 0 0 0
0.6388 -0.0010 -0.0137 -10 0 0 0
0.6576 -0.0009 -0.0137 -10 0 0 0
0.6451 -0.0009 -0.0116 -10 0 0 0
0.6451 -0.0009 -0.0116 0 0 0 0
0.6138 -0.0010 -0.0102 -10 0 0 0
0.6367 0.0001 -0.0157 -10 0 0 0
0.6388 0.0004 -0.0153 -10 0 0 0
0.6284 0.0005 -0.0157 -10 0 0 0
0.6430 0.0002 -0.0160 -10 0 0 0
0.6221 0.0000 -0.0159 -10 0 0 0
0.6409 0.0000 -0.0160 -10 0 0 0
0.6409 0.0000 -0.0160 0 0 0 0
0.6221 0.0005 -0.0153 -10 0 0 0
0.6033 0.0002 -0.0166 -10 0 0 0
0.5992 -0.0001 -0.0161 -10 0 0 0
0.6117 -0.0007 -0.0159 -10 0 0 0
0.6033 -0.0012 -0.0146 -10 0 0 0
0.6284 -0.0016 -0.0140 -10 0 0 0
0.6180 -0.0014 -0.0139 -10 0 0 0
0.6242 -0.0010 -0.0134 -10 0 0 0
0.6409 -0.0012 -0.0141 -10 0 0 0
0.6409 -0.0012 -0.0141 -10 0 0 0
0.6200 -0.0015 -0.0136 0 0 0 0
0.6054 -0.0008 -0.0164 -10 0 0 0
0.6180 -0.0004 -0.0151 -10 0 0 0
0.6263 -0.0001 -0.0117 -10 0 0 0
0.6263 -0.0004 -0.0114 -10 0 0 0
0.6367 -0.0006 -0.0127 -10 0 0 0
0.6367 -0.0006 -0.0127 -10 0 0 0
0.6200 -0.0008 -0.0121 -10 0 0 0
0.6159 -0.0006 -0.0143 -10 0 0 0
0.6096 -0.0010 -0.0139 -10 0 0 0
0.6096 -0.0010 -0.0128 -10 0 0 0
0.6493 -0.0007 -0.0121 -10 0 0 0
0.6347 -0.0004 -0.0116 -10 0 0 0
0.6347 -0.0004 -0.0116 -10 0 0 0
0.6284 -0.0004 -0.0112 -10 0 0 0
0.6326 -0.0001 -0.0110 -10 0 0 0
0.6242 -0.0001 -0.0123 -10 0 0 0
0.6242 -0.0001 -0.0123 -10 0 0 0
0.6263 -0.0004 -0.0134 -10 0 0 0
0.6263 -0.0004 -0.0134 0 0 0 0
0.6388 -0.0009 -0.0148 -10 0 0 0
0.5992 -0.0004 -0.0155 -10 0 0 0
0.6347 -0.0002 -0.0166 -10 0 0 0
0.6159 -0.0001 -0.0158 -10 0 0 0
0.6305 -0.0002 -0.0160 -10 0 0 0
0.6305 -0.0002 -0.0160 -10 0 0 0
0.6347 -0.0007 -0.0130 -10 0 0 0
0.6451 -0.0015 -0.0126 -10 0 0 0
0.6180 -0.0018 -0.0115 -10 0 0 0
0.6180 -0.0018 -0.0115 -10 0 0 0
0.6430 -0.0020 -0.0103 0 0 0 0
0.6388 -0.0027 -0.0136 -10 0 0 0
0.6472 -0.0026 -0.0124 -10 0 0 0
0.6493 -0.0017 -0.0114 -10 0 0 0
0.6493 -0.0017 -0.0114 -10 0 0 0
0.6388 -0.0014 -0.0107 -10 0 0 0
0.6367 -0.0022 -0.0096 -10 0 0 0
0.6367 -0.0022 -0.0096 -10 0 0 0
0.6221 -0.0027 -0.0084 0 0 0 0
0.6451 -0.0014 -0.0077 -10 0 0 0
0.6347 -0.0023 -0.0083 -10 0 0 0
0.6597 -0.0028 -0.0098 -10 0 0 0
0.6597 -0.0028 -0.0098 -10 0 0 0
0.6555 -0.0027 -0.0096 0 0 0 0
0.6367 -0.0015 -0.0091 -10 0 0 0
0.6618 -0.0006 -0.0146 -10 0 0 0
0.6534 -0.0007 -0.0142 -10 0 0 0
0.6347 -0.0009 -0.0126 -10 0 0 0
0.6430 -0.0009 -0.0137 0 0 0 0
0.6305 -0.0013 -0.0488 0 10 0 0
0.6409 -0.0013 -0.0501 0 10 0 0
0.6388 -0.0016 -0.0492 0 10 0 0
0.6555 -0.0016 -0.0495 0 10 0 0
0.6534 -0.0016 -0.0496 0 10 0 0
0.6493 -0.0015 -0.0497 0 0 0 0
0.6597 -0.0010 -0.0487 0 10 0 0
0.6367 -0.0007 -0.0484 0 10 0 0
0.6367 -0.0012 -0.0492 0 10 0 0
0.6347 -0.0012 -0.0489 0 10 0 0
0.6367 -0.0015 -0.0486 0 10 0 0
0.6388 -0.0015 -0.0487 0 10 0 0
0.6284 -0.0016 -0.0491 0 0 0 0
0.6284 -0.0016 -0.0491 0 10 0 0
0.6347 -0.0015 -0.0493 0 10 0 0
0.6576 -0.0013 -0.0507 0 10 0 0
0.6618 -0.0012 -0.0512 0 10 0 0
0.6618 -0.0012 -0.0512 0 10 0 0
0.6534 -0.0011 -0.0533 0 10 0 0
0.6451 -0.0015 -0.0531 0 10 0 0
0.6514 -0.0020 -0.0535 0 0 0 0
0.6472 -0.0025 -0.0553 0 10 0 0
0.6472 -0.0021 -0.0542 0 10 0 0
0.6430 -0.0020 -0.0562 0 10 0 0
0.6472 -0.0019 -0.0559 0 10 0 0
0.6555 -0.0021 -0.0565 0 10 0 0
0.6430 -0.0020 -0.0563 0 10 0 0
0.6430 -0.0020 -0.0563 0 0 0 0
0.6221 -0.0006 -0.0558 0 10 0 0
0.6367 -0.0003 -0.0534 0 10 0 0
0.6514 -0.0008 -0.0536 0 10 0 0
0.6514 -0.0008 -0.0536 0 10 0 0
0.6138 -0.0007 -0.0532 0 10 0 0
0.6493 -0.0011 -0.0521 0 0 0 0
0.6305 -0.0012 -0.0499 0 10 0 0
0.6263 -0.0011 -0.0490 0 10 0 0
0.6514 -0.0008 -0.0540 0 10 0 0
0.6347 -0.0010 -0.0562 0 10 0 0
0.6534 -0.0013 -0.0559 0 0 0 0
0.6263 -0.0007 -0.0540 0 10 0 0
0.6200 -0.0011 -0.0560 0 10 0 0
0.6534 -0.0015 -0.0510 0 10 0 0
0.6660 -0.0015 -0.0491 0 10 0 0
0.6660 -0.0015 -0.0491 0 0 0 0
0.6639 -0.0017 -0.0461 0 10 0 0
0.6493 -0.0017 -0.0434 0 10 0 0
0.6451 -0.0025 -0.0417 0 10 0 0
0.6451 -0.0025 -0.0417 0 0 0 0
0.6743 -0.0027 -0.0364 0 10 0 0
0.6660 -0.0031 -0.0373 0 10 0 0
0.6827 -0.0024 -0.0402 0 10 0 0
0.6827 -0.0024 -0.0402 0 10 0 0
0.6639 -0.0025 -0.0407 0 0 0 0
0.6534 -0.0030 -0.0452 0 10 0 0
0.6576 -0.0018 -0.0423 0 10 0 0
0.6514 -0.0015 -0.0397 0 10 0 0
0.6618 -0.0016 -0.0397 0 0 0 0
0.6430 -0.0019 -0.0389 0 10 0 0
0.6430 -0.0030 -0.0369 0 10 0 0
0.6409 -0.0027 -0.0347 0 10 0 0
0.6409 -0.0027 -0.0347 0 0 0 0
0.6576 -0.0022 -0.0350 0 10 0 0
0.6597 -0.0022 -0.0352 0 10 0 0
0.6493 -0.0018 -0.0361 0 10 0 0
0.6451 -0.0020 -0.0368 0 10 0 0
0.6555 -0.0018 -0.0368 0 10 0 0
0.6576 -0.0017 -0.0369 0 0 0 0
0.6597 -0.0018 -0.0373 0 10 0 0
0.6681 -0.0014 -0.0373 0 10 0 0
0.6806 -0.0012 -0.0349 0 10 0 0
0.6910 -0.0007 -0.0351 0 10 0 0
0.6639 -0.0008 -0.0335 0 10 0 0
0.6639 -0.0009 -0.0315 0 10 0 0
0.6639 -0.0009 -0.0315 0 0 0 0
0.6973 -0.0019 -0.0331 0 10 0 0
0.6660 -0.0006 -0.0241 0 10 0 0
0.6681 -0.0007 -0.0239 0 10 0 0
0.6681 -0.0007 -0.0239 0 10 0 0
0.6764 -0.0016 -0.0248 0 10 0 0
0.6764 -0.0016 -0.0248 0 0 0 0
0.6722 -0.0025 -0.0178 0 10 0 0
0.6931 -0.0016 -0.0174 0 10 0 0
0.6660 -0.0020 -0.0184 0 10 0 0
0.6827 -0.0024 -0.0208 0 10 0 0
0.6785 -0.0025 -0.0179 0 10 0 0
0.6785 -0.0025 -0.0179 0 10 0 0
0.6681 -0.0022 -0.0188 0 0 0 0
0.6701 -0.0009 -0.0169 0 10 0 0
0.6868 0.0005 -0.0105 0 10 0 0
0.6889 0.0012 -0.0105 0 10 0 0
0.6889 0.0012 -0.0105 0 10 0 0
0.6785 0.0010 -0.0122 0 10 0 0
