0.6138 -0.0009 -0.0060 -10 0 0 0
0.6242 -0.0024 -0.0062 -10 0 0 0
0.6305 -0.0015 -0.0090 -10 0 0 0
0.6451 -0.0013 -0.0069 -10 0 0 0
0.6451 -0.0008 -0.0070 -10 0 0 0
0.6451 -0.0008 -0.0070 -10 0 0 0
0.6367 0.0007 -0.0081 -10 0 0 0
0.6367 0.0007 -0.0081 -10 0 0 0
0.6388 0.0010 -0.0085 -10 0 0 0
0.6242 0.0008 -0.0086 -10 0 0 0
0.6180 0.0000 -0.0082 -10 0 0 0
0.6180 0.0000 -0.0082 -10 0 0 0
0.6367 -0.0008 -0.0078 -10 0 0 0
0.6200 -0.0009 -0.0077 -10 0 0 0
0.6242 -0.0007 -0.0080 -10 0 0 0
0.6388 -0.0005 -0.0078 -10 0 0 0
0.6242 -0.0004 -0.0078 -10 0 0 0
0.6242 -0.0004 -0.0078 -10 0 0 0
0.6367 -0.0005 -0.0077 -10 0 0 0
0.6305 -0.0008 -0.0083 -10 0 0 0
0.6284 -0.0007 -0.0063 -10 0 0 0
0.6347 -0.0002 -0.0065 -10 0 0 0
0.6430 -0.0002 -0.0064 -10 0 0 0
0.6451 -0.0005 -0.0062 -10 0 0 0
0.6451 -0.0005 -0.0062 -10 0 0 0
0.6472 -0.0006 -0.0067 -10 0 0 0
0.6200 -0.0008 -0.0058 -10 0 0 0
0.6388 -0.0009 -0.0060 -10 0 0 0
0.6242 -0.0011 -0.0040 -10 0 0 0
0.6138 -0.0010 -0.0043 -10 0 0 0
0.6326 -0.0011 -0.0044 -10 0 0 0
0.6326 -0.0011 -0.0044 -10 0 0 0
0.6451 -0.0013 -0.0042 -10 0 0 0
0.6430 -0.0017 -0.0051 -10 0 0 0
0.6451 -0.0017 -0.0051 -10 0 0 0
0.6242 -0.0022 -0.0068 -10 0 0 0
0.6430 -0.0027 -0.0056 -10 0 0 0
0.6430 -0.0027 -0.0056 -10 0 0 0
0.6451 -0.0027 -0.0060 -10 0 0 0
0.6430 -0.0030 -0.0058 -10 0 0 0
0.6409 -0.0031 -0.0058 -10 0 0 0
0.6409 -0.0031 -0.0058 -10 0 0 0
0.6347 -0.0028 -0.0049 -10 0 0 0
0.6326 -0.0025 -0.0049 -10 0 0 0
0.6263 -0.0027 -0.0056 -10 0 0 0
0.6493 -0.0023 -0.0066 -10 0 0 0
0.6493 -0.0015 -0.0068 -10 0 0 0
0.6430 -0.0010 -0.0058 -10 0 0 0
0.6430 -0.0010 -0.0058 -10 0 0 0
0.6555 -0.0007 -0.0060 -10 0 0 0
0.6534 -0.0011 -0.0050 -10 0 0 0
0.6388 -0.0017 -0.0053 -10 0 0 0
0.6534 -0.0021 -0.0066 -10 0 0 0
0.6534 -0.0019 -0.0074 -10 0 0 0
0.6534 -0.0019 -0.0074 -10 0 0 0
0.6305 -0.0012 -0.0071 -10 0 0 0
0.6347 -0.0010 -0.0076 -10 0 0 0
0.6367 -0.0013 -0.0087 -10 0 0 0
0.6534 -0.0015 -0.0096 -10 0 0 0
0.6534 -0.0015 -0.0096 -10 0 0 0
0.6388 -0.0020 -0.0102 -10 0 0 0
0.6451 -0.0022 -0.0111 -10 0 0 0
0.6388 -0.0022 -0.0111 -10 0 0 0
0.6451 -0.0016 -0.0107 -10 0 0 0
0.6451 -0.0016 -0.0107 -10 0 0 0
0.6326 -0.0015 -0.0104 -10 0 0 0
0.6326 -0.0018 -0.0109 -10 0 0 0
0.6367 -0.0022 -0.0108 -10 0 0 0
0.6367 -0.0030 -0.0096 -10 0 0 0
0.6367 -0.0030 -0.0096 -10 0 0 0
0.6367 -0.0028 -0.0093 -10 0 0 0
0.6451 -0.0027 -0.0083 -10 0 0 0
0.6305 -0.0019 -0.0085 -10 0 0 0
0.6409 -0.0013 -0.0080 -10 0 0 0
0.6200 -0.0009 -0.0077 -10 0 0 0
0.6200 -0.0009 -0.0077 -10 0 0 0
0.6367 -0.0009 -0.0092 -10 0 0 0
0.6409 -0.0010 -0.0072 -10 0 0 0
0.6409 -0.0010 -0.0073 -10 0 0 0
0.6367 -0.0013 -0.0068 -10 0 0 0
0.6367 -0.0021 -0.0067 -10 0 0 0
0.6409 -0.0021 -0.0067 -10 0 0 0
0.6263 -0.0022 -0.0060 -10 0 0 0
0.6284 -0.0020 -0.0062 -10 0 0 0
0.6451 -0.0013 -0.0062 -10 0 0 0
0.6451 -0.0013 -0.0062 -10 0 0 0
0.6514 -0.0006 -0.0064 -10 0 0 0
0.6451 -0.0002 -0.0069 -10 0 0 0
0.6514 -0.0006 -0.0066 -10 0 0 0
0.6534 -0.0008 -0.0067 -10 0 0 0
0.6347 -0.0010 -0.0075 -10 0 0 0
0.6347 -0.0015 -0.0069 -10 0 0 0
0.6618 -0.0015 -0.0069 -10 0 0 0
0.6701 -0.0015 -0.0068 -10 0 0 0
0.6639 -0.0016 -0.0075 -10 0 0 0
0.6827 -0.0020 -0.0066 -10 0 0 0
0.6827 -0.0020 -0.0069 -10 0 0 0
0.6618 -0.0020 -0.0069 -10 0 0 0
0.6722 -0.0020 -0.0076 -10 0 0 0
0.6889 -0.0013 -0.0079 -10 0 0 0
0.6597 -0.0004 -0.0067 -10 0 0 0
0.6618 -0.0003 -0.0061 -10 0 0 0
0.6618 -0.0003 -0.0061 -10 0 0 0
0.6618 -0.0012 -0.0053 -10 0 0 0
0.6681 -0.0017 -0.0051 -10 0 0 0
0.6493 -0.0020 -0.0041 -10 0 0 0
0.6576 -0.0016 -0.0038 -10 0 0 0
0.6514 -0.0013 -0.0063 -10 0 0 0
0.6514 -0.0013 -0.0063 -10 0 0 0
0.6534 -0.0009 -0.0061 -10 0 0 0
0.6347 -0.0013 -0.0053 -10 0 0 0
0.6347 -0.0013 -0.0053 -10 0 0 0
0.6534 -0.0023 -0.0054 -10 0 0 0
0.6534 -0.0024 -0.0040 -10 0 0 0
0.6681 -0.0022 -0.0039 -10 0 0 0
0.6576 -0.0017 -0.0013 -10 0 0 0
0.6493 -0.0012 -0.0018 -10 0 0 0
0.6493 -0.0010 -0.0001 -10 0 0 0
0.6785 -0.0010 -0.0001 -10 0 0 0
0.6785 -0.0014 -0.0005 -10 0 0 0
0.6764 -0.0016 -0.0010 0 0 0 0
0.6785 -0.0014 0.0026 -10 0 0 0
