0.5908 -0.0013 -0.0109 -10 0 0 0
0.6138 -0.0017 -0.0127 -10 0 0 0
0.5908 -0.0011 -0.0128 -10 0 0 0
0.6054 -0.0010 -0.0130 -10 0 0 0
0.6013 -0.0011 -0.0128 -10 0 0 0
0.6180 -0.0013 -0.0127 -10 0 0 0
0.6075 -0.0015 -0.0127 -10 0 0 0
0.6075 -0.0015 -0.0127 -10 0 0 0
0.6117 -0.0011 -0.0120 -10 0 0 0
0.6347 -0.0008 -0.0123 -10 0 0 0
0.6347 -0.0008 -0.0123 -10 0 0 0
0.5992 -0.0002 -0.0122 -10 0 0 0
0.5992 -0.0002 -0.0122 -10 0 0 0
0.6180 -0.0007 -0.0122 -10 0 0 0
0.5971 -0.0015 -0.0098 -10 0 0 0
0.5929 -0.0022 -0.0096 -10 0 0 0
0.5929 -0.0025 -0.0106 -10 0 0 0
0.5866 -0.0025 -0.0106 -10 0 0 0
0.5887 -0.0027 -0.0114 -10 0 0 0
0.5992 -0.0027 -0.0114 -10 0 0 0
0.5887 -0.0027 -0.0108 -10 0 0 0
0.5887 -0.0023 -0.0117 -10 0 0 0
0.6054 -0.0019 -0.0119 -10 0 0 0
0.6159 -0.0020 -0.0110 -10 0 0 0
0.6159 -0.0020 -0.0110 -10 0 0 0
0.5762 -0.0022 -0.0130 -10 0 0 0
0.5762 -0.0022 -0.0130 -10 0 0 0
0.5783 -0.0022 -0.0127 -10 0 0 0
0.5929 -0.0021 -0.0142 -10 0 0 0
0.5887 -0.0017 -0.0153 -10 0 0 0
0.5908 -0.0013 -0.0156 -10 0 0 0
0.5908 -0.0013 -0.0156 -10 0 0 0
0.5908 -0.0007 -0.0150 -10 0 0 0
0.5950 -0.0006 -0.0152 -10 0 0 0
0.6054 -0.0007 -0.0148 -10 0 0 0
0.6054 -0.0007 -0.0148 -10 0 0 0
0.6117 -0.0011 -0.0148 -10 0 0 0
0.6117 -0.0011 -0.0148 -10 0 0 0
0.5971 -0.0012 -0.0139 -10 0 0 0
0.6013 -0.0015 -0.0135 -10 0 0 0
0.5908 -0.0009 -0.0143 -10 0 0 0
0.5908 -0.0009 -0.0143 -10 0 0 0
0.6033 -0.0001 -0.0139 -10 0 0 0
0.6138 0.0002 -0.0135 -10 0 0 0
0.5929 -0.0000 -0.0133 -10 0 0 0
0.5929 -0.0003 -0.0129 -10 0 0 0
0.6117 -0.0003 -0.0129 -10 0 0 0
0.6200 -0.0013 -0.0133 -10 0 0 0
0.6200 -0.0013 -0.0133 -10 0 0 0
0.6075 -0.0013 -0.0121 -10 0 0 0
0.6013 -0.0010 -0.0128 -10 0 0 0
0.6117 -0.0002 -0.0129 -10 0 0 0
0.6180 0.0004 -0.0130 0 0 0 0
0.6263 -0.0015 -0.0200 0 0 0 10
0.6326 -0.0010 -0.0166 0 0 0 0
0.6117 -0.0011 -0.0160 0 0 0 10
0.6242 -0.0012 -0.0133 0 0 0 10
0.6242 -0.0002 -0.0136 0 0 0 0
0.6451 -0.0000 -0.0140 0 0 0 10
0.6033 -0.0010 -0.0062 0 0 0 10
0.6013 -0.0007 -0.0053 0 0 0 0
0.6180 -0.0000 0.0052 -10 0 0 0
0.6117 -0.0004 0.0071 -10 0 0 0
0.5971 -0.0010 0.0090 -10 0 0 0
0.6263 -0.0010 0.0090 -10 0 0 0
0.6388 -0.0000 0.0094 -10 0 0 0
0.6493 0.0001 0.0090 -10 0 0 0
0.6388 0.0003 0.0092 -10 0 0 0
0.6388 0.0003 0.0092 -10 0 0 0
0.6075 -0.0000 0.0094 -10 0 0 0
0.6138 -0.0004 0.0092 -10 0 0 0
0.6200 -0.0004 0.0093 -10 0 0 0
0.6180 0.0000 0.0092 -10 0 0 0
0.6180 0.0000 0.0092 -10 0 0 0
0.6138 0.0005 0.0090 -10 0 0 0
0.6159 0.0004 0.0094 -10 0 0 0
0.6138 -0.0000 0.0099 -10 0 0 0
0.6221 -0.0005 0.0101 -10 0 0 0
0.6159 -0.0011 0.0093 -10 0 0 0
0.6159 -0.0011 0.0093 -10 0 0 0
0.6033 -0.0011 0.0099 -10 0 0 0
0.6013 -0.0004 0.0104 -10 0 0 0
0.6033 0.0001 0.0104 -10 0 0 0
0.6117 0.0005 0.0112 -10 0 0 0
0.6117 0.0005 0.0112 0 0 0 0
0.6555 -0.0007 0.0170 0 0 0 -10
0.6159 -0.0005 0.0164 0 0 0 -10
0.6138 -0.0010 0.0195 0 0 0 0
0.5950 -0.0009 0.0201 0 0 0 -10
0.6284 -0.0004 0.0152 0 0 0 -10
0.6284 -0.0004 0.0152 0 0 0 0
0.6180 -0.0005 0.0074 -10 0 0 0
0.6117 -0.0015 0.0107 -10 0 0 0
0.6305 -0.0015 0.0110 -10 0 0 0
0.6242 -0.0015 0.0109 -10 0 0 0
0.6326 -0.0012 0.0118 -10 0 0 0
0.6367 -0.0008 0.0113 -10 0 0 0
0.6159 -0.0007 0.0105 -10 0 0 0
0.6159 -0.0007 0.0105 -10 0 0 0
0.6263 -0.0006 0.0108 -10 0 0 0
0.6263 -0.0006 0.0108 -10 0 0 0
0.6200 -0.0000 0.0135 -10 0 0 0
0.6200 -0.0000 0.0135 -10 0 0 0
0.6180 -0.0006 0.0144 0 0 0 0
0.6200 -0.0013 0.0151 0 0 0 -10
0.6305 -0.0002 0.0210 0 0 0 -10
0.6242 0.0000 0.0209 0 0 0 0
0.6242 -0.0004 0.0210 -10 0 0 0
0.5929 -0.0006 0.0226 -10 0 0 0
0.6221 -0.0012 0.0208 -10 0 0 0
0.6221 -0.0015 0.0216 -10 0 0 0
0.6200 -0.0012 0.0224 -10 0 0 0
0.6200 -0.0012 0.0224 -10 0 0 0
0.6117 -0.0008 0.0219 -10 0 0 0
0.6305 -0.0008 0.0221 -10 0 0 0
0.6242 -0.0012 0.0233 -10 0 0 0
0.6242 -0.0012 0.0233 -10 0 0 0
0.6159 -0.0018 0.0236 -10 0 0 0
0.6305 -0.0018 0.0236 -10 0 0 0
0.6159 -0.0022 0.0237 -10 0 0 0
0.6326 -0.0020 0.0232 0 0 0 0
0.6200 -0.0013 0.0222 0 0 0 -10
0.6451 -0.0015 0.0201 0 0 0 -10
0.6451 -0.0015 0.0201 0 0 0 0
0.6409 -0.0010 0.0182 0 0 0 -10
0.6472 -0.0007 0.0149 0 0 0 -10
0.6409 -0.0008 0.0091 0 0 0 0
0.6221 -0.0007 0.0032 -10 0 0 0
0.6263 -0.0010 -0.0022 -10 0 0 0
0.6430 -0.0020 -0.0058 -10 0 0 0
0.6430 -0.0020 -0.0058 -10 0 0 0
0.6430 -0.0019 -0.0055 -10 0 0 0
0.6200 -0.0020 -0.0060 -10 0 0 0
0.6200 -0.0020 -0.0060 -10 0 0 0
0.6075 -0.0025 -0.0053 -10 0 0 0
0.6075 -0.0025 -0.0053 -10 0 0 0
0.6263 -0.0025 -0.0043 -10 0 0 0
0.6200 -0.0025 -0.0022 -10 0 0 0
0.6138 -0.0026 -0.0018 -10 0 0 0
0.6305 -0.0025 -0.0026 0 0 0 0
0.6326 -0.0029 -0.0047 0 0 0 10
0.6326 -0.0031 -0.0037 0 0 0 10
0.6451 -0.0038 -0.0066 0 0 0 0
0.6388 -0.0025 -0.0081 -10 0 0 0
0.6534 -0.0026 -0.0105 -10 0 0 0
0.6472 -0.0018 -0.0111 -10 0 0 0
0.6493 -0.0016 -0.0106 0 0 0 0
0.6493 -0.0026 -0.0106 -10 0 0 0
0.6367 -0.0040 -0.0100 -10 0 0 0
0.6430 -0.0033 -0.0055 -10 0 0 0
0.6514 -0.0031 -0.0049 -10 0 0 0
0.6514 -0.0031 -0.0049 0 0 0 0
0.6451 -0.0032 -0.0129 -10 0 0 0
0.6493 -0.0025 -0.0152 -10 0 0 0
0.6263 -0.0018 -0.0155 -10 0 0 0
0.6367 -0.0016 -0.0173 0 0 0 0
0.6075 -0.0017 -0.0202 0 0 0 10
0.6347 -0.0020 -0.0193 0 0 0 0
0.6263 -0.0019 -0.0137 -10 0 0 0
0.6326 -0.0028 -0.0107 -10 0 0 0
0.6576 -0.0015 -0.0064 -10 0 0 0
0.6159 -0.0016 -0.0068 0 0 0 0
0.6200 -0.0012 -0.0059 -10 0 0 0
0.6347 -0.0010 -0.0044 -10 0 0 0
0.6075 -0.0010 -0.0044 -10 0 0 0
0.6326 -0.0011 -0.0044 -10 0 0 0
0.6326 -0.0013 -0.0049 0 0 0 0
0.6180 -0.0013 -0.0039 -10 0 0 0
0.6242 -0.0003 -0.0033 -10 0 0 0
0.6242 -0.0003 -0.0033 -10 0 0 0
0.6242 -0.0003 -0.0033 -10 0 0 0
0.6388 0.0006 -0.0007 0 0 0 0
0.6159 -0.0003 -0.0054 0 0 0 0
0.6242 -0.0003 -0.0035 -10 0 0 0
0.6347 -0.0013 -0.0069 -10 0 0 0
0.6347 -0.0008 -0.0053 -10 0 0 0
0.6242 -0.0011 -0.0062 0 0 0 0
0.6347 -0.0015 -0.0073 -10 0 0 0
0.6180 -0.0022 -0.0085 -10 0 0 0
0.6200 -0.0021 -0.0088 0 0 0 0
0.5825 -0.0016 -0.0085 -10 0 0 0
0.6367 -0.0005 -0.0089 -10 0 0 0
0.6326 -0.0008 -0.0089 -10 0 0 0
0.6326 -0.0008 -0.0089 -10 0 0 0
0.6430 -0.0014 -0.0067 0 0 0 0
0.6409 -0.0013 -0.0051 -10 0 0 0
0.6242 -0.0011 -0.0023 -10 0 0 0
0.6117 -0.0011 -0.0019 -10 0 0 0
0.6117 -0.0012 -0.0007 0 0 0 0
0.6326 -0.0009 0.0020 -10 0 0 0
0.6242 -0.0008 0.0029 -10 0 0 0
0.6618 -0.0012 0.0056 0 0 0 0
0.6409 -0.0009 0.0073 -10 0 0 0
0.6347 -0.0009 0.0082 -10 0 0 0
0.6326 -0.0009 0.0060 0 0 0 0
0.6409 -0.0008 0.0072 -10 0 0 0
0.6618 -0.0007 0.0104 -10 0 0 0
0.6263 -0.0005 0.0131 0 0 0 0
0.6555 -0.0000 0.0151 -10 0 0 0
0.6451 -0.0006 0.0221 -10 0 0 0
0.6367 -0.0007 0.0240 0 0 0 0
0.6347 -0.0001 0.0254 -10 0 0 0
0.6472 -0.0003 0.0237 -10 0 0 0
0.6472 -0.0003 0.0237 0 0 0 0
0.6305 -0.0004 0.0216 -10 0 0 0
0.6576 -0.0009 0.0192 -10 0 0 0
0.6221 -0.0012 0.0185 -10 0 0 0
0.6200 -0.0014 0.0177 0 0 0 0
0.6430 -0.0005 0.0177 -10 0 0 0
0.6305 -0.0004 0.0169 -10 0 0 0
0.6200 -0.0007 0.0165 -10 0 0 0
0.6200 -0.0007 0.0165 -10 0 0 0
0.6180 -0.0004 0.0162 -10 0 0 0
0.6305 -0.0007 0.0164 -10 0 0 0
0.6367 -0.0012 0.0164 -10 0 0 0
0.6347 -0.0010 0.0147 -10 0 0 0
0.6493 -0.0013 0.0138 -10 0 0 0
0.6514 -0.0015 0.0131 -10 0 0 0
0.6514 -0.0015 0.0131 -10 0 0 0
0.6472 -0.0021 0.0135 -10 0 0 0
0.6367 -0.0020 0.0125 -10 0 0 0
0.6451 -0.0020 0.0166 -10 0 0 0
0.6472 -0.0015 0.0163 0 0 0 0
0.6388 -0.0011 0.0174 -10 0 0 0
0.6305 -0.0007 0.0280 -10 0 0 0
0.6576 -0.0010 0.0290 -10 0 0 0
0.6576 -0.0015 0.0305 -10 0 0 0
0.6576 -0.0015 0.0305 0 0 0 0
0.6701 -0.0013 0.0279 -10 0 0 0
0.6576 -0.0002 0.0279 -10 0 0 0
0.6618 -0.0006 0.0303 -10 0 0 0
0.6409 -0.0009 0.0307 -10 0 0 0
0.6263 -0.0008 0.0319 -10 0 0 0
0.6263 -0.0008 0.0319 -10 0 0 0
0.6576 -0.0009 0.0308 0 0 0 0
0.6514 -0.0007 0.0291 -10 0 0 0
0.6597 -0.0006 0.0289 -10 0 0 0
0.6347 -0.0014 0.0272 -10 0 0 0
0.6347 -0.0014 0.0272 0 0 0 0
0.6472 -0.0013 0.0249 -10 0 0 0
0.6388 -0.0014 0.0218 -10 0 0 0
0.6493 -0.0017 0.0180 0 0 0 0
0.6305 -0.0007 0.0148 0 0 0 -10
0.6451 -0.0006 0.0138 0 0 0 -10
0.6388 -0.0010 0.0138 0 0 0 0
0.6451 -0.0017 0.0136 0 0 0 -10
0.6472 -0.0015 0.0125 0 0 0 0
0.6367 -0.0014 0.0059 0 0 0 0
0.6451 -0.0014 0.0000 -10 0 0 0
0.6138 -0.0016 0.0002 -10 0 0 0
0.6451 -0.0011 -0.0005 -10 0 0 0
0.6305 -0.0011 -0.0012 -10 0 0 0
0.6305 -0.0013 -0.0020 0 0 0 0
0.6221 -0.0018 -0.0014 -10 0 0 0
0.6180 -0.0010 -0.0039 -10 0 0 0
0.6138 -0.0013 -0.0042 -10 0 0 0
0.6305 -0.0020 -0.0037 0 0 0 0
0.6242 -0.0025 -0.0046 -10 0 0 0
0.6242 -0.0022 -0.0062 -10 0 0 0
0.6200 -0.0021 -0.0084 -10 0 0 0
0.6180 -0.0018 -0.0048 -10 0 0 0
0.6367 -0.0010 -0.0047 0 0 0 0
0.6242 -0.0008 -0.0039 -10 0 0 0
0.6305 -0.0014 -0.0045 -10 0 0 0
0.6305 -0.0014 -0.0045 -10 0 0 0
0.6347 -0.0020 -0.0045 0 0 0 0
0.6451 -0.0017 -0.0022 -10 0 0 0
0.6451 -0.0010 -0.0018 -10 0 0 0
0.6451 -0.0010 -0.0018 -10 0 0 0
0.6430 -0.0009 -0.0027 0 0 0 0
0.6409 -0.0008 -0.0028 -10 0 0 0
0.6409 -0.0016 -0.0018 0 0 0 0
0.6221 -0.0017 0.0007 -10 0 0 0
0.6242 -0.0012 0.0022 -10 0 0 0
0.6180 -0.0015 0.0024 0 0 0 0
0.6409 -0.0007 0.0032 -10 0 0 0
0.6639 -0.0003 0.0021 -10 0 0 0
0.6180 -0.0002 0.0025 0 0 0 0
0.6200 -0.0003 0.0025 -10 0 0 0
0.6221 -0.0012 0.0042 -10 0 0 0
0.6221 -0.0012 0.0042 0 0 0 0
0.6388 -0.0010 0.0042 -10 0 0 0
0.6409 -0.0015 0.0041 -10 0 0 0
0.6138 -0.0015 0.0053 0 0 0 0
0.6159 -0.0016 0.0064 -10 0 0 0
0.6284 -0.0009 0.0072 -10 0 0 0
0.6096 -0.0012 0.0083 -10 0 0 0
0.6096 -0.0012 0.0083 0 0 0 0
0.6096 -0.0017 0.0087 -10 0 0 0
0.6221 -0.0018 0.0069 -10 0 0 0
0.6180 -0.0017 0.0069 -10 0 0 0
0.6180 -0.0017 0.0069 -10 0 0 0
0.6451 -0.0020 0.0072 0 0 0 0
0.6054 -0.0023 0.0083 -10 0 0 0
0.5846 -0.0016 0.0084 -10 0 0 0
0.5846 -0.0016 0.0084 0 0 0 0
0.5887 -0.0018 0.0104 -10 0 0 0
0.5971 -0.0008 0.0094 0 0 0 0
0.6117 -0.0009 0.0036 -10 0 0 0
0.5866 -0.0010 -0.0026 -10 0 0 0
0.6075 -0.0007 -0.0033 0 0 0 0
0.5950 -0.0004 -0.0028 -10 0 0 0
0.6138 -0.0008 -0.0021 -10 0 0 0
0.6326 -0.0009 -0.0023 -10 0 0 0
0.6242 -0.0011 -0.0026 -10 0 0 0
0.6242 -0.0011 -0.0028 -10 0 0 0
0.5992 -0.0011 -0.0028 -10 0 0 0
0.5950 -0.0010 -0.0019 -10 0 0 0
0.5950 -0.0010 -0.0019 -10 0 0 0
0.6138 -0.0007 -0.0018 -10 0 0 0
0.6138 -0.0007 -0.0018 -10 0 0 0
0.6138 -0.0005 -0.0024 -10 0 0 0
0.6117 -0.0001 -0.0006 -10 0 0 0
0.6033 -0.0002 -0.0002 -10 0 0 0
0.6159 -0.0001 0.0004 -10 0 0 0
0.6138 0.0001 0.0016 -10 0 0 0
0.6221 -0.0000 0.0013 -10 0 0 0
0.6242 -0.0004 0.0019 0 0 0 0
0.6242 -0.0003 0.0020 0 0 0 0
0.6263 -0.0013 0.0010 -10 0 0 0
0.6117 -0.0020 -0.0014 -10 0 0 0
0.5929 -0.0016 -0.0015 0 0 0 0
0.6096 -0.0026 -0.0062 -10 0 0 0
0.6096 -0.0023 -0.0064 0 0 0 0
0.6159 -0.0021 -0.0079 -10 0 0 0
0.6138 -0.0028 -0.0073 -10 0 0 0
0.6075 -0.0027 -0.0060 -10 0 0 0
0.6075 -0.0027 -0.0060 0 0 0 0
0.6096 -0.0028 -0.0045 -10 0 0 0
0.6159 -0.0031 -0.0065 -10 0 0 0
0.6117 -0.0027 -0.0056 -10 0 0 0
0.6117 -0.0027 -0.0056 0 0 0 0
0.6347 -0.0025 -0.0048 -10 0 0 0
0.6221 -0.0020 -0.0026 -10 0 0 0
0.6221 -0.0020 -0.0026 -10 0 0 0
0.5908 -0.0021 -0.0028 0 0 0 0
0.6117 -0.0025 -0.0009 -10 0 0 0
0.5908 -0.0014 -0.0001 -10 0 0 0
0.6159 -0.0010 0.0003 0 0 0 0
0.6200 -0.0010 0.0026 -10 0 0 0
0.6347 -0.0019 0.0015 -10 0 0 0
0.6180 -0.0010 0.0013 -10 0 0 0
0.6180 -0.0010 0.0013 0 0 0 0
0.6180 -0.0002 0.0012 -10 0 0 0
0.6242 -0.0019 -0.0007 -10 0 0 0
0.6242 -0.0019 -0.0007 0 0 0 0
0.6096 -0.0020 -0.0012 -10 0 0 0
0.6472 -0.0020 0.0018 -10 0 0 0
0.6159 -0.0021 0.0048 0 0 0 0
0.6200 -0.0009 0.0110 -10 0 0 0
0.6326 -0.0012 0.0211 -10 0 0 0
0.6263 -0.0014 0.0253 -10 0 0 0
0.6263 -0.0014 0.0253 0 0 0 0
0.6284 -0.0017 0.0256 -10 0 0 0
0.6534 -0.0026 0.0327 -10 0 0 0
0.6409 -0.0020 0.0339 -10 0 0 0
0.6075 -0.0015 0.0325 0 0 0 0
0.6305 -0.0015 0.0290 -10 0 0 0
0.6451 -0.0015 0.0258 0 0 0 0
0.6514 -0.0015 0.0242 -10 0 0 0
0.6451 -0.0027 0.0253 0 0 0 0
0.6200 -0.0032 0.0267 -10 0 0 0
0.6472 -0.0033 0.0300 -10 0 0 0
0.6472 -0.0033 0.0300 0 0 0 0
0.6347 -0.0026 0.0318 -10 0 0 0
0.6472 -0.0027 0.0351 -10 0 0 0
0.6785 -0.0027 0.0350 0 0 0 0
0.6472 -0.0014 0.0269 -10 0 0 0
0.6472 -0.0025 0.0356 -10 0 0 0
0.6660 -0.0025 0.0368 -10 0 0 0
0.6367 -0.0022 0.0331 0 0 0 0
0.6430 -0.0015 0.0345 -10 0 0 0
0.6451 -0.0019 0.0325 -10 0 0 0
0.6388 -0.0023 0.0334 0 0 0 0
0.6576 -0.0023 0.0341 -10 0 0 0
0.6409 -0.0012 0.0327 -10 0 0 0
0.6326 -0.0008 0.0351 0 0 0 0
0.6242 -0.0013 0.0292 0 0 0 -10
0.6242 -0.0007 0.0248 0 0 0 -10
0.6326 -0.0004 0.0238 0 0 0 0
0.6284 -0.0002 0.0231 0 0 0 -10
0.6305 0.0004 0.0173 0 0 0 -10
0.6221 0.0004 0.0173 0 0 0 -10
0.6117 0.0003 0.0155 0 0 0 0
0.6347 -0.0003 0.0128 0 0 0 -10
0.6263 0.0004 0.0063 0 0 0 0
0.5971 -0.0010 0.0023 -10 0 0 0
0.5741 -0.0010 0.0086 -10 0 0 0
0.5929 -0.0021 0.0063 -10 0 0 0
0.5929 -0.0021 0.0063 0 0 0 0
0.6075 -0.0019 0.0031 -10 0 0 0
0.5846 -0.0020 0.0001 -10 0 0 0
0.5804 -0.0023 0.0025 -10 0 0 0
0.5825 -0.0022 0.0032 0 0 0 0
0.5971 -0.0025 0.0072 -10 0 0 0
0.5908 -0.0026 0.0130 -10 0 0 0
0.5908 -0.0026 0.0130 -10 0 0 0
0.5887 -0.0024 0.0127 0 0 0 0
0.5908 -0.0022 0.0063 -10 0 0 0
0.5908 -0.0022 0.0010 -10 0 0 0
0.5887 -0.0020 -0.0046 0 0 0 0
0.5804 -0.0018 -0.0055 -10 0 0 0
0.5783 -0.0013 -0.0070 -10 0 0 0
0.5992 -0.0015 -0.0071 -10 0 0 0
0.5992 -0.0015 -0.0071 0 0 0 0
0.5595 -0.0020 -0.0088 -10 0 0 0
0.5804 -0.0023 -0.0080 -10 0 0 0
0.5971 -0.0021 -0.0102 -10 0 0 0
0.5762 -0.0017 -0.0108 0 0 0 0
0.5866 -0.0010 -0.0142 -10 0 0 0
0.5846 -0.0012 -0.0161 -10 0 0 0
0.5595 -0.0009 -0.0162 0 0 0 0
0.5762 -0.0011 -0.0219 -10 0 0 0
0.5699 -0.0016 -0.0229 -10 0 0 0
0.5762 -0.0009 -0.0221 -10 0 0 0
0.5762 -0.0009 -0.0221 -10 0 0 0
0.5804 -0.0005 -0.0218 0 0 0 0
0.5908 -0.0003 -0.0080 0 0 0 10
0.5992 -0.0012 -0.0029 0 0 0 10
0.5825 -0.0004 -0.0089 0 0 0 0
0.6096 -0.0003 0.0001 0 0 0 10
0.5846 -0.0011 0.0013 0 0 0 10
0.5846 -0.0014 0.0020 0 0 0 0
0.6033 -0.0019 0.0045 -10 0 0 0
0.5971 -0.0009 0.0060 -10 0 0 0
0.6054 -0.0001 0.0040 -10 0 0 0
0.5929 0.0002 0.0017 0 0 0 0
0.6138 -0.0003 0.0100 -10 0 0 0
0.6096 -0.0007 0.0112 -10 0 0 0
0.5825 -0.0001 0.0130 -10 0 0 0
0.6033 0.0001 0.0133 0 0 0 0
0.6284 -0.0007 0.0126 -10 0 0 0
0.5992 -0.0007 0.0187 -10 0 0 0
0.6221 -0.0008 0.0188 -10 0 0 0
0.5950 -0.0007 0.0199 -10 0 0 0
0.6054 -0.0010 0.0198 0 0 0 0
0.6096 -0.0020 0.0210 -10 0 0 0
0.5887 -0.0024 0.0237 -10 0 0 0
0.6117 -0.0018 0.0239 -10 0 0 0
0.6117 -0.0018 0.0239 0 0 0 0
0.6096 -0.0019 0.0229 -10 0 0 0
0.6263 -0.0027 0.0261 -10 0 0 0
0.6117 -0.0020 0.0267 -10 0 0 0
0.6033 -0.0018 0.0266 0 0 0 0
0.6138 -0.0022 0.0199 -10 0 0 0
0.5887 -0.0018 0.0147 -10 0 0 0
0.6013 -0.0010 0.0113 -10 0 0 0
0.6138 -0.0005 0.0109 0 0 0 0
0.6033 -0.0010 0.0231 10 0 0 0
0.6180 -0.0013 0.0210 10 0 0 0
0.6159 -0.0010 0.0223 10 0 0 0
0.6117 -0.0012 0.0222 10 0 0 0
0.6013 -0.0009 0.0189 10 0 0 0
0.5950 -0.0007 0.0190 0 0 0 0
0.5950 -0.0005 0.0227 10 0 0 0
0.6075 -0.0009 0.0210 10 0 0 0
0.6263 -0.0008 0.0210 10 0 0 0
0.5950 -0.0005 0.0211 10 0 0 0
0.6096 -0.0009 0.0207 10 0 0 0
0.6138 -0.0010 0.0189 0 0 0 0
0.6117 -0.0013 0.0189 10 0 0 0
0.6117 -0.0014 0.0191 10 0 0 0
0.6200 -0.0012 0.0182 10 0 0 0
0.6200 -0.0012 0.0182 10 0 0 0
0.6159 -0.0011 0.0185 10 0 0 0
0.6347 -0.0010 0.0134 0 0 0 0
0.6075 -0.0006 0.0121 10 0 0 0
0.6200 -0.0018 0.0112 10 0 0 0
0.6180 -0.0017 0.0108 10 0 0 0
0.6180 -0.0017 0.0108 10 0 0 0
0.6033 -0.0012 0.0117 0 0 0 0
0.6054 -0.0003 0.0098 10 0 0 0
0.6117 -0.0008 0.0122 10 0 0 0
0.5971 -0.0014 0.0128 10 0 0 0
0.6096 -0.0016 0.0128 0 0 0 0
0.5846 -0.0014 -0.0048 0 10 0 0
0.6033 -0.0005 -0.0087 0 10 0 0
0.6033 -0.0008 -0.0107 0 10 0 0
0.5825 -0.0016 -0.0108 0 10 0 0
0.6033 -0.0019 -0.0110 0 10 0 0
0.5720 -0.0020 -0.0107 0 10 0 0
0.5720 -0.0020 -0.0107 0 10 0 0
0.5950 -0.0018 -0.0096 0 10 0 0
0.6117 -0.0012 -0.0107 0 10 0 0
0.5866 -0.0011 -0.0101 0 10 0 0
0.5866 -0.0013 -0.0102 0 10 0 0
0.5929 -0.0010 -0.0099 0 10 0 0
0.5929 -0.0010 -0.0099 0 10 0 0
0.6305 -0.0010 -0.0110 0 10 0 0
0.6075 -0.0010 -0.0107 0 10 0 0
0.5950 -0.0006 -0.0097 0 0 0 0
0.5929 0.0003 -0.0044 0 0 0 -10
0.6200 0.0000 -0.0022 0 0 0 -10
0.6263 0.0003 -0.0007 0 0 0 0
0.6117 -0.0012 -0.0023 0 10 0 0
0.6159 -0.0012 -0.0022 0 10 0 0
0.6221 -0.0017 -0.0033 0 10 0 0
0.6054 -0.0017 -0.0033 0 10 0 0
0.6159 -0.0019 -0.0025 0 0 0 0
0.6180 -0.0023 -0.0023 0 10 0 0
0.6159 -0.0010 -0.0043 0 10 0 0
0.6200 -0.0008 -0.0036 0 10 0 0
0.6200 -0.0008 -0.0036 0 10 0 0
0.6075 -0.0008 -0.0032 0 10 0 0
0.6075 -0.0004 -0.0034 0 0 0 0
0.5971 -0.0006 -0.0038 0 10 0 0
0.6138 -0.0008 -0.0029 0 10 0 0
0.6117 -0.0007 -0.0031 0 0 0 0
0.6033 -0.0011 -0.0028 0 10 0 0
0.6096 -0.0018 -0.0080 0 10 0 0
0.5929 -0.0021 -0.0067 0 10 0 0
0.5929 -0.0020 -0.0075 0 10 0 0
0.5887 -0.0019 -0.0067 0 10 0 0
0.5887 -0.0019 -0.0067 0 0 0 0
0.5992 -0.0015 -0.0068 0 10 0 0
0.6054 -0.0014 -0.0077 0 10 0 0
0.6054 -0.0014 -0.0077 0 10 0 0
0.5804 -0.0014 -0.0073 0 10 0 0
0.5929 -0.0011 -0.0074 0 10 0 0
0.5971 -0.0006 -0.0074 0 10 0 0
0.5846 -0.0005 -0.0080 0 10 0 0
0.5846 -0.0009 -0.0075 0 10 0 0
0.6033 -0.0009 -0.0075 0 10 0 0
0.5971 -0.0015 -0.0074 0 10 0 0
0.6284 -0.0017 -0.0091 0 10 0 0
0.6013 -0.0020 -0.0091 0 10 0 0
0.6138 -0.0021 -0.0086 0 10 0 0
0.6138 -0.0021 -0.0086 0 10 0 0
0.6180 -0.0019 -0.0085 0 10 0 0
0.6117 -0.0019 -0.0089 0 10 0 0
0.6138 -0.0018 -0.0084 0 10 0 0
0.5992 -0.0021 -0.0073 0 10 0 0
0.6054 -0.0022 -0.0069 0 10 0 0
0.6096 -0.0026 -0.0064 0 10 0 0
0.6096 -0.0026 -0.0064 0 10 0 0
0.5846 -0.0028 -0.0055 0 10 0 0
0.5971 -0.0028 -0.0059 0 10 0 0
0.5929 -0.0024 -0.0052 0 10 0 0
0.6075 -0.0025 -0.0063 0 0 0 0
0.6200 -0.0023 -0.0084 0 10 0 0
0.6054 -0.0021 -0.0106 0 10 0 0
0.6013 -0.0021 -0.0104 0 10 0 0
0.6013 -0.0020 -0.0097 0 10 0 0
0.5992 -0.0020 -0.0095 0 0 0 0
0.5908 -0.0018 -0.0091 0 10 0 0
0.5908 -0.0016 -0.0068 0 10 0 0
0.5887 -0.0016 -0.0063 0 10 0 0
0.6054 -0.0016 -0.0058 0 10 0 0
0.6054 -0.0016 -0.0058 0 10 0 0
0.5971 -0.0019 -0.0074 0 10 0 0
0.6013 -0.0022 -0.0073 0 10 0 0
0.6075 -0.0023 -0.0070 0 10 0 0
0.6075 -0.0023 -0.0070 0 10 0 0
0.5908 -0.0022 -0.0065 0 10 0 0
0.6075 -0.0020 -0.0051 0 10 0 0
0.5992 -0.0018 -0.0048 0 10 0 0
0.6200 -0.0021 -0.0029 0 10 0 0
0.6013 -0.0022 -0.0027 0 10 0 0
0.6138 -0.0025 -0.0012 0 10 0 0
0.6138 -0.0025 -0.0012 0 10 0 0
0.6284 -0.0028 -0.0012 0 10 0 0
0.6200 -0.0028 -0.0003 0 0 0 0
0.6159 -0.0023 0.0021 0 10 0 0
0.6305 -0.0018 0.0009 0 10 0 0
0.6159 -0.0025 0.0025 0 10 0 0
0.6284 -0.0017 0.0025 0 0 0 0
0.6493 -0.0016 0.0008 0 10 0 0
0.6305 -0.0019 0.0014 0 10 0 0
0.6472 -0.0012 -0.0000 0 10 0 0
0.6451 -0.0011 -0.0004 0 10 0 0
0.6430 -0.0008 0.0000 0 0 0 0
0.6367 -0.0015 0.0013 0 10 0 0
0.6159 -0.0017 -0.0011 0 10 0 0
0.5971 -0.0012 -0.0004 0 10 0 0
0.5971 -0.0012 -0.0004 0 10 0 0
0.6200 -0.0006 0.0006 0 0 0 0
0.6180 -0.0012 0.0019 0 10 0 0
0.6242 -0.0023 0.0003 0 10 0 0
0.6013 -0.0013 -0.0004 0 10 0 0
0.6013 -0.0013 -0.0004 0 0 0 0
0.6263 -0.0026 -0.0059 0 10 0 0
0.6221 -0.0027 -0.0028 0 10 0 0
0.6409 -0.0017 -0.0019 0 10 0 0
0.6409 -0.0020 -0.0002 0 10 0 0
0.6138 -0.0020 -0.0002 0 0 0 0
0.6013 -0.0025 0.0032 0 10 0 0
0.6075 -0.0009 0.0059 0 10 0 0
0.6221 -0.0013 0.0047 0 10 0 0
0.6075 -0.0017 0.0051 0 10 0 0
0.6075 -0.0017 0.0051 0 0 0 0
0.6138 -0.0020 0.0031 0 10 0 0
0.6347 -0.0022 0.0016 0 10 0 0
0.6221 -0.0018 0.0014 0 10 0 0
0.6284 -0.0013 -0.0008 0 10 0 0
0.6284 -0.0013 -0.0008 0 10 0 0
0.6242 -0.0013 -0.0007 0 10 0 0
0.6159 -0.0011 -0.0030 0 10 0 0
0.6159 -0.0011 -0.0030 0 10 0 0
0.6221 -0.0013 -0.0005 0 10 0 0
0.6409 -0.0016 -0.0015 0 10 0 0
0.6409 -0.0016 -0.0015 0 0 0 0
0.6263 -0.0008 -0.0046 0 10 0 0
0.6284 -0.0008 -0.0065 0 10 0 0
0.6618 -0.0007 -0.0074 0 10 0 0
0.6138 -0.0008 -0.0069 0 10 0 0
0.6180 -0.0007 -0.0092 0 10 0 0
0.6347 -0.0007 -0.0085 0 10 0 0
0.6347 -0.0007 -0.0085 0 10 0 0
0.6159 -0.0006 -0.0077 0 0 0 0
0.6326 -0.0009 -0.0062 0 10 0 0
0.6096 -0.0007 -0.0096 0 10 0 0
0.6117 -0.0011 -0.0126 0 10 0 0
0.6284 -0.0012 -0.0122 0 0 0 0
0.5992 -0.0007 -0.0121 0 10 0 0
0.6221 -0.0006 -0.0093 0 10 0 0
0.6347 -0.0016 -0.0084 0 10 0 0
0.6326 -0.0019 -0.0076 0 10 0 0
0.6493 -0.0020 -0.0072 0 10 0 0
0.6326 -0.0021 -0.0064 0 10 0 0
0.6326 -0.0021 -0.0064 0 10 0 0
0.6388 -0.0025 -0.0054 0 10 0 0
0.6347 -0.0027 -0.0046 0 10 0 0
0.6409 -0.0027 -0.0043 0 10 0 0
0.6472 -0.0027 -0.0043 0 10 0 0
0.6054 -0.0026 -0.0040 0 10 0 0
0.6054 -0.0026 -0.0040 0 10 0 0
0.6388 -0.0027 -0.0033 0 10 0 0
0.6347 -0.0027 -0.0032 0 10 0 0
0.6409 -0.0029 -0.0038 0 10 0 0
0.6430 -0.0032 -0.0037 0 10 0 0
0.6472 -0.0033 -0.0028 0 10 0 0
0.6472 -0.0033 -0.0028 0 10 0 0
0.6221 -0.0030 -0.0028 0 10 0 0
0.6555 -0.0027 -0.0026 0 0 0 0
0.6284 -0.0027 0.0012 0 10 0 0
0.6409 -0.0020 -0.0016 0 10 0 0
0.6138 -0.0013 -0.0027 0 10 0 0
0.6138 -0.0013 -0.0027 0 10 0 0
0.6701 -0.0009 -0.0026 0 10 0 0
0.6409 -0.0005 -0.0046 0 0 0 0
0.6117 0.0007 -0.0037 10 0 0 0
0.6096 -0.0000 -0.0119 10 0 0 0
0.6075 0.0007 -0.0133 10 0 0 0
0.6180 0.0016 -0.0125 10 0 0 0
0.6033 0.0014 -0.0127 0 0 0 0
0.6284 -0.0005 -0.0126 10 0 0 0
0.6075 0.0002 -0.0135 10 0 0 0
0.6263 0.0002 -0.0129 10 0 0 0
0.6326 -0.0003 -0.0117 10 0 0 0
0.6326 -0.0002 -0.0110 0 0 0 0
0.6326 -0.0019 -0.0085 10 0 0 0
0.6347 -0.0019 -0.0063 10 0 0 0
0.6326 -0.0022 -0.0053 10 0 0 0
0.6326 -0.0022 -0.0053 0 0 0 0
0.6472 -0.0021 -0.0040 10 0 0 0
0.6138 -0.0017 -0.0053 10 0 0 0
0.6305 -0.0018 -0.0062 10 0 0 0
0.6221 -0.0016 -0.0060 10 0 0 0
0.6221 -0.0016 -0.0069 0 0 0 0
0.6242 -0.0015 -0.0048 10 0 0 0
0.6117 -0.0015 -0.0024 10 0 0 0
0.6138 -0.0010 -0.0021 10 0 0 0
0.6138 -0.0010 -0.0021 0 0 0 0
0.6117 -0.0007 -0.0014 10 0 0 0
0.6284 -0.0020 0.0028 10 0 0 0
0.6284 -0.0020 0.0028 10 0 0 0
0.6347 -0.0023 0.0036 10 0 0 0
0.6347 -0.0023 0.0036 0 0 0 0
0.6326 -0.0015 0.0042 10 0 0 0
0.6534 -0.0025 0.0052 10 0 0 0
0.6472 -0.0027 0.0025 10 0 0 0
0.6388 -0.0021 0.0032 0 0 0 0
0.6367 -0.0017 0.0062 10 0 0 0
0.6367 -0.0025 0.0060 10 0 0 0
0.6367 -0.0030 0.0069 10 0 0 0
0.6263 -0.0030 0.0082 0 0 0 0
0.6472 -0.0028 0.0099 10 0 0 0
0.6451 -0.0014 0.0093 10 0 0 0
0.6451 -0.0014 0.0093 10 0 0 0
0.6472 -0.0011 0.0095 10 0 0 0
0.6409 -0.0007 0.0090 0 0 0 0
0.6451 -0.0014 0.0064 10 0 0 0
0.6514 -0.0013 0.0056 10 0 0 0
0.6514 -0.0013 0.0056 10 0 0 0
0.6367 -0.0012 0.0057 0 0 0 0
0.6305 -0.0008 0.0044 10 0 0 0
0.6409 -0.0007 0.0054 10 0 0 0
0.6472 -0.0007 0.0079 10 0 0 0
0.6472 -0.0006 0.0075 10 0 0 0
0.6493 -0.0006 0.0075 0 0 0 0
0.6221 0.0002 0.0113 10 0 0 0
0.6159 -0.0003 0.0108 10 0 0 0
0.6054 -0.0002 0.0102 10 0 0 0
0.6221 0.0000 0.0104 10 0 0 0
0.6200 -0.0003 0.0101 0 0 0 0
0.5992 -0.0002 0.0102 10 0 0 0
0.6180 -0.0003 0.0104 10 0 0 0
0.6075 -0.0007 0.0087 10 0 0 0
0.6221 -0.0009 0.0072 0 0 0 0
0.6263 -0.0007 0.0059 10 0 0 0
0.6159 -0.0007 -0.0011 10 0 0 0
0.6388 -0.0010 -0.0015 10 0 0 0
0.6075 -0.0013 -0.0018 0 0 0 0
0.6159 -0.0013 0.0022 10 0 0 0
0.6096 -0.0009 0.0021 10 0 0 0
0.6096 -0.0009 0.0021 10 0 0 0
0.5992 -0.0010 0.0028 10 0 0 0
0.6075 -0.0013 0.0041 10 0 0 0
0.6347 -0.0016 0.0038 0 0 0 0
0.6075 -0.0015 0.0049 10 0 0 0
0.6096 -0.0009 0.0069 10 0 0 0
0.6180 -0.0004 0.0072 10 0 0 0
0.6180 -0.0004 0.0072 10 0 0 0
0.6326 -0.0009 0.0050 10 0 0 0
0.6033 -0.0011 0.0048 10 0 0 0
0.6054 -0.0012 0.0088 10 0 0 0
0.6054 -0.0012 0.0088 0 0 0 0
0.6514 -0.0008 0.0112 10 0 0 0
0.6263 -0.0011 0.0102 10 0 0 0
0.6263 -0.0011 0.0102 10 0 0 0
0.6305 -0.0012 0.0138 10 0 0 0
0.6305 -0.0012 0.0135 10 0 0 0
0.6367 -0.0015 0.0129 10 0 0 0
0.6326 -0.0017 0.0135 10 0 0 0
0.6326 -0.0017 0.0135 10 0 0 0
0.6326 -0.0015 0.0138 10 0 0 0
0.6263 -0.0009 0.0142 10 0 0 0
0.6305 -0.0007 0.0134 10 0 0 0
0.6263 -0.0006 0.0130 10 0 0 0
0.6263 -0.0006 0.0130 10 0 0 0
0.6305 -0.0005 0.0109 10 0 0 0
0.6242 0.0001 0.0100 10 0 0 0
0.6263 -0.0001 0.0094 10 0 0 0
0.6326 -0.0002 0.0088 0 0 0 0
0.6263 0.0008 0.0066 10 0 0 0
0.6305 0.0011 0.0085 10 0 0 0
0.6284 0.0006 0.0092 10 0 0 0
0.6263 -0.0000 0.0087 10 0 0 0
0.6388 -0.0000 0.0095 10 0 0 0
0.6430 0.0002 0.0096 10 0 0 0
0.6430 0.0002 0.0096 10 0 0 0
0.6305 0.0010 0.0098 10 0 0 0
0.6347 0.0019 0.0098 10 0 0 0
0.6347 0.0019 0.0098 10 0 0 0
0.6180 0.0023 0.0103 0 0 0 0
0.6367 0.0017 0.0074 10 0 0 0
0.6117 0.0008 0.0074 10 0 0 0
0.6451 0.0010 0.0100 10 0 0 0
0.6180 0.0012 0.0095 10 0 0 0
0.6263 0.0015 0.0102 10 0 0 0
0.6221 0.0012 0.0116 10 0 0 0
0.6221 0.0012 0.0116 10 0 0 0
0.6284 0.0008 0.0100 10 0 0 0
0.6534 0.0002 0.0092 10 0 0 0
0.6347 -0.0002 0.0082 10 0 0 0
0.6347 -0.0002 0.0082 10 0 0 0
0.6221 0.0002 0.0078 10 0 0 0
0.6347 0.0007 0.0093 10 0 0 0
0.6221 0.0011 0.0076 10 0 0 0
0.6159 0.0014 0.0074 10 0 0 0
0.6242 0.0013 0.0079 10 0 0 0
0.6242 0.0013 0.0079 10 0 0 0
0.6200 0.0020 0.0061 10 0 0 0
0.6347 0.0018 0.0068 10 0 0 0
0.6180 0.0013 0.0059 10 0 0 0
0.6180 0.0013 0.0059 10 0 0 0
0.6200 0.0009 0.0054 10 0 0 0
0.6242 0.0005 0.0074 0 0 0 0
0.6013 -0.0014 0.0036 0 10 0 0
0.6159 -0.0007 0.0138 0 10 0 0
0.6159 -0.0007 0.0149 0 10 0 0
0.6200 -0.0008 0.0178 0 10 0 0
0.6117 -0.0010 0.0168 0 0 0 0
0.6472 -0.0016 0.0291 0 10 0 0
0.6075 -0.0020 0.0368 0 10 0 0
0.6138 -0.0027 0.0320 0 10 0 0
0.6326 -0.0023 0.0278 0 10 0 0
0.6284 -0.0024 0.0285 0 10 0 0
0.6347 -0.0024 0.0297 0 0 0 0
0.6159 -0.0021 0.0285 0 10 0 0
0.6472 -0.0022 0.0272 0 10 0 0
0.6472 -0.0023 0.0236 0 10 0 0
0.6388 -0.0017 0.0266 0 10 0 0
0.6326 -0.0025 0.0259 0 0 0 0
0.6388 -0.0024 0.0249 0 10 0 0
0.6388 -0.0028 0.0237 0 10 0 0
0.6555 -0.0029 0.0233 0 10 0 0
0.6200 -0.0030 0.0244 0 10 0 0
0.6388 -0.0029 0.0193 0 10 0 0
0.6388 -0.0029 0.0193 0 0 0 0
0.6221 -0.0023 0.0190 0 10 0 0
0.6534 -0.0028 0.0194 0 10 0 0
0.6284 -0.0031 0.0203 0 0 0 0
0.6284 -0.0019 0.0442 0 10 0 0
0.6534 -0.0028 0.0345 0 10 0 0
0.6493 -0.0018 0.0304 0 10 0 0
0.6367 -0.0017 0.0277 0 10 0 0
0.6200 -0.0019 0.0267 0 10 0 0
0.6472 -0.0021 0.0251 0 0 0 0
0.6514 -0.0013 0.0241 0 10 0 0
0.6451 -0.0008 0.0238 0 10 0 0
0.6451 -0.0013 0.0226 0 10 0 0
0.6430 -0.0015 0.0222 0 10 0 0
0.6305 -0.0018 0.0205 0 10 0 0
0.6305 -0.0018 0.0205 0 10 0 0
0.6451 -0.0015 0.0186 0 10 0 0
0.6409 -0.0014 0.0181 0 10 0 0
0.6200 -0.0014 0.0177 0 10 0 0
0.6367 -0.0017 0.0170 0 10 0 0
0.6305 -0.0020 0.0160 0 10 0 0
0.6430 -0.0023 0.0147 0 0 0 0
0.6388 -0.0028 0.0113 0 0 0 -10
0.6534 -0.0023 0.0070 0 0 0 -10
0.6493 -0.0023 0.0082 0 0 0 -10
0.6493 -0.0025 0.0090 0 0 0 0
0.6430 -0.0018 0.0078 0 0 0 -10
0.6305 -0.0013 0.0043 0 0 0 -10
0.6326 -0.0020 0.0044 0 0 0 -10
0.6305 -0.0022 0.0038 0 0 0 0
0.6221 -0.0011 -0.0054 0 0 0 -10
0.6096 -0.0010 -0.0056 0 0 0 -10
0.5866 -0.0019 -0.0064 0 0 0 0
0.6013 -0.0019 -0.0126 10 0 0 0
0.6117 -0.0029 -0.0155 10 0 0 0
0.6159 -0.0007 -0.0163 10 0 0 0
0.6159 -0.0004 -0.0168 10 0 0 0
0.6054 -0.0007 -0.0181 10 0 0 0
0.6054 -0.0007 -0.0181 10 0 0 0
0.6075 -0.0008 -0.0187 0 0 0 0
0.6263 -0.0017 -0.0205 10 0 0 0
0.6409 -0.0020 -0.0200 10 0 0 0
0.6367 -0.0015 -0.0199 10 0 0 0
0.6367 -0.0015 -0.0199 10 0 0 0
0.6409 -0.0016 -0.0197 10 0 0 0
0.6409 -0.0016 -0.0197 10 0 0 0
0.6284 -0.0019 -0.0200 10 0 0 0
0.6242 -0.0015 -0.0188 10 0 0 0
0.6305 -0.0008 -0.0189 0 0 0 0
0.6263 -0.0014 -0.0217 10 0 0 0
0.6430 -0.0009 -0.0236 10 0 0 0
0.6305 -0.0001 -0.0235 10 0 0 0
0.6367 -0.0001 -0.0240 10 0 0 0
0.6263 -0.0003 -0.0234 10 0 0 0
0.6367 -0.0007 -0.0240 10 0 0 0
0.6242 -0.0013 -0.0238 10 0 0 0
0.6159 -0.0009 -0.0243 10 0 0 0
0.6159 -0.0009 -0.0243 10 0 0 0
0.6117 -0.0009 -0.0243 10 0 0 0
0.6200 -0.0009 -0.0244 10 0 0 0
0.6200 -0.0004 -0.0233 10 0 0 0
0.6117 -0.0001 -0.0231 10 0 0 0
0.6096 0.0005 -0.0225 10 0 0 0
0.6096 0.0005 -0.0225 10 0 0 0
0.6013 0.0004 -0.0224 10 0 0 0
0.6221 -0.0000 -0.0231 10 0 0 0
0.6388 -0.0001 -0.0229 10 0 0 0
0.6242 -0.0002 -0.0225 10 0 0 0
0.6075 -0.0003 -0.0225 10 0 0 0
0.6075 -0.0003 -0.0225 10 0 0 0
0.6242 -0.0004 -0.0225 10 0 0 0
0.6054 -0.0004 -0.0222 10 0 0 0
0.6242 -0.0005 -0.0225 10 0 0 0
0.6013 -0.0002 -0.0221 10 0 0 0
0.6013 -0.0002 -0.0221 10 0 0 0
0.6117 -0.0002 -0.0220 10 0 0 0
0.6242 0.0004 -0.0220 10 0 0 0
0.6138 0.0005 -0.0220 10 0 0 0
0.6221 0.0002 -0.0238 10 0 0 0
0.6221 0.0002 -0.0238 10 0 0 0
0.6221 0.0002 -0.0242 10 0 0 0
0.6284 -0.0003 -0.0236 10 0 0 0
0.6284 -0.0007 -0.0235 10 0 0 0
0.6221 -0.0004 -0.0229 10 0 0 0
0.6221 -0.0004 -0.0229 10 0 0 0
0.6138 0.0000 -0.0222 10 0 0 0
0.6013 -0.0003 -0.0217 10 0 0 0
0.6159 -0.0004 -0.0202 10 0 0 0
0.6263 -0.0011 -0.0200 0 0 0 0
0.6138 -0.0015 -0.0149 0 10 0 0
0.6242 -0.0018 -0.0131 0 10 0 0
0.6159 -0.0018 -0.0130 0 10 0 0
0.6117 -0.0020 -0.0131 0 0 0 0
0.6242 -0.0015 -0.0126 0 10 0 0
0.6555 -0.0017 -0.0133 0 10 0 0
0.6576 -0.0020 -0.0143 0 0 0 0
0.6326 -0.0016 -0.0126 0 10 0 0
0.6159 -0.0014 -0.0105 0 10 0 0
0.6221 -0.0027 -0.0096 0 10 0 0
0.6534 -0.0027 -0.0099 0 0 0 0
0.6722 -0.0024 -0.0117 0 -10 0 0
0.6660 -0.0003 -0.0163 0 -10 0 0
0.6555 -0.0012 -0.0153 0 -10 0 0
0.6618 -0.0010 -0.0190 0 -10 0 0
0.6618 -0.0010 -0.0190 0 -10 0 0
0.7056 -0.0010 -0.0195 0 -10 0 0
0.6868 -0.0011 -0.0181 0 0 0 0
0.6722 -0.0016 -0.0171 10 0 0 0
0.6764 -0.0020 -0.0159 10 0 0 0
0.6889 -0.0025 -0.0162 10 0 0 0
0.6889 -0.0025 -0.0162 10 0 0 0
0.6889 -0.0025 -0.0162 10 0 0 0
0.6534 -0.0018 -0.0137 10 0 0 0
0.6576 -0.0020 -0.0137 10 0 0 0
0.6576 -0.0019 -0.0144 10 0 0 0
0.6660 -0.0015 -0.0146 10 0 0 0
0.6660 -0.0015 -0.0146 10 0 0 0
0.6534 -0.0015 -0.0161 10 0 0 0
0.6764 -0.0013 -0.0162 10 0 0 0
0.6576 -0.0010 -0.0180 10 0 0 0
0.6493 -0.0014 -0.0180 10 0 0 0
0.6660 -0.0011 -0.0183 10 0 0 0
0.6660 -0.0011 -0.0183 10 0 0 0
0.6660 -0.0005 -0.0193 10 0 0 0
0.6555 -0.0006 -0.0202 10 0 0 0
0.6681 -0.0012 -0.0210 10 0 0 0
0.6681 -0.0012 -0.0210 10 0 0 0
0.6597 -0.0025 -0.0254 0 0 0 0
0.6597 -0.0023 -0.0286 10 0 0 0
0.6409 -0.0023 -0.0262 10 0 0 0
0.6409 -0.0020 -0.0240 10 0 0 0
0.6409 -0.0020 -0.0240 10 0 0 0
0.6451 -0.0016 -0.0217 10 0 0 0
0.6597 -0.0016 -0.0216 0 0 0 0
0.6493 0.0008 -0.0224 10 0 0 0
0.6639 -0.0006 -0.0205 10 0 0 0
0.6639 -0.0006 -0.0205 10 0 0 0
0.6534 -0.0007 -0.0207 0 0 0 0
0.6660 -0.0003 -0.0207 10 0 0 0
0.6242 0.0001 -0.0162 10 0 0 0
0.6242 0.0001 -0.0162 10 0 0 0
0.6493 -0.0005 -0.0184 10 0 0 0
0.6493 -0.0006 -0.0186 0 0 0 0
0.6472 0.0005 -0.0179 10 0 0 0
0.6388 0.0003 -0.0153 10 0 0 0
0.6326 0.0000 -0.0164 10 0 0 0
0.6326 0.0000 -0.0164 10 0 0 0
0.6367 -0.0001 -0.0172 0 0 0 0
0.6367 0.0000 -0.0181 10 0 0 0
0.6221 -0.0002 -0.0173 10 0 0 0
0.6347 -0.0005 -0.0214 10 0 0 0
0.6347 -0.0005 -0.0214 10 0 0 0
0.6263 -0.0008 -0.0242 0 0 0 0
0.6096 0.0000 -0.0294 10 0 0 0
0.6159 -0.0009 -0.0309 10 0 0 0
0.6075 -0.0012 -0.0329 10 0 0 0
0.6347 -0.0011 -0.0312 10 0 0 0
0.6221 -0.0008 -0.0301 0 0 0 0
0.6054 -0.0004 -0.0299 10 0 0 0
0.6221 0.0002 -0.0261 10 0 0 0
0.6221 0.0002 -0.0261 10 0 0 0
0.6221 -0.0001 -0.0255 10 0 0 0
0.6221 -0.0001 -0.0255 0 0 0 0
0.6180 -0.0020 -0.0171 0 0 0 10
0.5992 -0.0014 -0.0149 0 0 0 10
0.6180 -0.0012 -0.0149 0 0 0 10
0.6180 -0.0012 -0.0149 0 0 0 10
0.5887 -0.0009 -0.0156 0 0 0 0
0.5887 -0.0009 -0.0156 0 0 0 10
0.6117 -0.0017 -0.0136 0 0 0 10
0.6159 -0.0013 -0.0114 0 0 0 0
0.6409 -0.0014 -0.0065 0 0 0 10
0.6054 -0.0008 -0.0057 0 0 0 10
0.6263 -0.0014 -0.0053 0 0 0 0
0.6242 -0.0015 0.0016 0 0 0 10
0.6117 -0.0002 0.0039 0 0 0 0
0.6388 0.0005 0.0087 -10 0 0 0
0.6514 -0.0003 0.0094 -10 0 0 0
0.6639 -0.0003 0.0084 -10 0 0 0
0.6388 -0.0007 0.0089 -10 0 0 0
0.6514 -0.0009 0.0069 0 0 0 0
0.6681 -0.0014 0.0064 -10 0 0 0
0.6743 -0.0010 0.0042 -10 0 0 0
0.6785 -0.0007 0.0026 -10 0 0 0
0.6848 -0.0007 0.0021 -10 0 0 0
0.6472 -0.0010 0.0029 -10 0 0 0
0.6326 -0.0012 0.0042 -10 0 0 0
0.6326 -0.0012 0.0042 -10 0 0 0
0.6534 -0.0014 0.0037 -10 0 0 0
0.6514 -0.0014 0.0038 -10 0 0 0
0.6409 -0.0015 0.0045 -10 0 0 0
0.6514 -0.0012 0.0059 -10 0 0 0
0.6514 -0.0010 0.0056 -10 0 0 0
0.6597 -0.0010 0.0056 -10 0 0 0
0.6493 -0.0013 0.0055 -10 0 0 0
0.6514 -0.0017 0.0049 -10 0 0 0
0.6409 -0.0019 0.0045 -10 0 0 0
0.6409 -0.0019 0.0045 0 0 0 0
0.6388 -0.0015 0.0042 -10 0 0 0
0.6493 -0.0013 0.0033 -10 0 0 0
0.6493 -0.0020 0.0034 -10 0 0 0
0.6180 -0.0020 0.0044 0 0 0 0
0.6242 -0.0023 0.0047 -10 0 0 0
0.6242 -0.0012 0.0057 -10 0 0 0
0.6367 -0.0010 0.0051 -10 0 0 0
0.6180 -0.0013 0.0052 -10 0 0 0
0.6180 -0.0013 0.0052 0 0 0 0
0.6305 -0.0019 0.0049 -10 0 0 0
0.6305 -0.0023 0.0041 -10 0 0 0
0.6263 -0.0018 0.0041 -10 0 0 0
0.6263 -0.0018 0.0041 -10 0 0 0
0.6576 -0.0007 0.0025 0 0 0 0
0.6493 -0.0012 0.0017 -10 0 0 0
0.6096 -0.0015 0.0027 -10 0 0 0
0.6242 -0.0014 0.0011 -10 0 0 0
0.6180 -0.0019 0.0013 -10 0 0 0
0.6242 -0.0023 -0.0042 0 0 0 0
0.6367 -0.0020 -0.0026 -10 0 0 0
0.6388 -0.0022 -0.0024 -10 0 0 0
0.6326 -0.0019 -0.0018 -10 0 0 0
0.6326 -0.0019 -0.0018 -10 0 0 0
0.5929 -0.0020 -0.0083 0 0 0 0
0.6347 -0.0024 -0.0094 -10 0 0 0
0.6305 -0.0015 -0.0083 -10 0 0 0
0.6284 -0.0013 -0.0093 -10 0 0 0
0.6597 -0.0014 -0.0099 -10 0 0 0
0.6242 -0.0016 -0.0098 0 0 0 0
0.6200 -0.0018 -0.0115 -10 0 0 0
0.6096 -0.0020 -0.0076 -10 0 0 0
0.6096 -0.0020 -0.0076 -10 0 0 0
0.6263 -0.0013 -0.0082 0 0 0 0
0.6263 -0.0010 -0.0111 -10 0 0 0
0.6367 -0.0025 -0.0085 -10 0 0 0
0.6347 -0.0026 -0.0082 -10 0 0 0
0.6117 -0.0026 -0.0068 -10 0 0 0
0.6263 -0.0022 -0.0061 0 0 0 0
0.6242 -0.0019 -0.0018 -10 0 0 0
0.6514 -0.0021 -0.0016 -10 0 0 0
0.6284 -0.0022 -0.0022 -10 0 0 0
0.6263 -0.0022 -0.0022 0 0 0 0
0.6221 -0.0018 -0.0036 -10 0 0 0
0.6660 -0.0023 -0.0066 -10 0 0 0
0.6305 -0.0020 -0.0072 -10 0 0 0
0.6305 -0.0020 -0.0072 -10 0 0 0
0.6430 -0.0031 -0.0101 -10 0 0 0
0.6430 -0.0031 -0.0101 0 0 0 0
0.6430 -0.0039 -0.0098 -10 0 0 0
0.6472 -0.0027 -0.0107 -10 0 0 0
0.6472 -0.0027 -0.0107 -10 0 0 0
0.6472 -0.0027 -0.0107 -10 0 0 0
0.6263 -0.0021 -0.0080 -10 0 0 0
0.6242 -0.0025 -0.0042 0 0 0 0
0.6576 -0.0025 -0.0006 -10 0 0 0
0.6514 -0.0020 0.0046 -10 0 0 0
0.6597 -0.0014 0.0073 -10 0 0 0
0.6284 -0.0010 0.0071 -10 0 0 0
0.6681 -0.0009 0.0066 0 0 0 0
0.6639 -0.0015 0.0047 10 0 0 0
0.6597 -0.0005 0.0074 10 0 0 0
0.6868 0.0007 0.0068 10 0 0 0
0.6827 0.0007 0.0102 10 0 0 0
0.6785 -0.0001 0.0109 10 0 0 0
0.6764 -0.0008 0.0094 10 0 0 0
0.6764 -0.0008 0.0094 0 0 0 0
0.6806 -0.0014 0.0061 10 0 0 0
0.6618 -0.0013 0.0049 10 0 0 0
0.6806 -0.0010 0.0041 10 0 0 0
0.6868 -0.0010 0.0038 10 0 0 0
0.6534 -0.0009 0.0049 0 0 0 0
0.6534 -0.0006 0.0041 10 0 0 0
0.6660 -0.0007 0.0066 10 0 0 0
0.6660 -0.0010 0.0066 10 0 0 0
0.6576 -0.0012 0.0070 10 0 0 0
0.6576 -0.0012 0.0070 10 0 0 0
0.6597 -0.0007 0.0069 10 0 0 0
0.6743 -0.0002 0.0069 10 0 0 0
0.6743 -0.0006 0.0076 10 0 0 0
0.6743 -0.0006 0.0076 0 0 0 0
0.6848 -0.0004 0.0063 0 10 0 0
0.6618 -0.0015 0.0040 0 10 0 0
0.6555 -0.0020 0.0049 0 10 0 0
0.6409 -0.0022 0.0102 0 10 0 0
0.6660 -0.0021 0.0101 0 10 0 0
0.6534 -0.0018 0.0093 0 10 0 0
0.6347 -0.0013 0.0096 0 0 0 0
0.6347 -0.0013 0.0096 0 10 0 0
0.6347 -0.0000 0.0058 0 10 0 0
0.6409 -0.0008 0.0032 0 10 0 0
0.6681 -0.0013 0.0032 0 10 0 0
0.6514 -0.0017 0.0041 0 10 0 0
0.6618 -0.0015 0.0042 0 10 0 0
0.6618 -0.0015 0.0042 0 0 0 0
0.6806 -0.0010 0.0059 0 10 0 0
0.6534 -0.0000 0.0067 0 10 0 0
0.6806 -0.0005 0.0069 0 10 0 0
0.6764 -0.0009 0.0071 0 10 0 0
0.6764 -0.0009 0.0071 0 10 0 0
0.6701 -0.0013 0.0079 0 0 0 0
0.6514 -0.0011 0.0095 0 10 0 0
0.6493 -0.0011 0.0085 0 10 0 0
0.6493 -0.0011 0.0085 0 10 0 0
0.6701 -0.0011 0.0082 0 10 0 0
0.6701 -0.0006 0.0102 0 0 0 0
0.6785 -0.0014 0.0070 0 10 0 0
0.6701 -0.0018 0.0048 0 10 0 0
0.6764 -0.0014 0.0041 0 10 0 0
0.6743 -0.0012 0.0037 0 0 0 0
0.6889 -0.0017 0.0053 0 10 0 0
0.6722 -0.0008 0.0163 0 10 0 0
0.6785 -0.0002 0.0170 0 10 0 0
0.6868 -0.0005 0.0174 0 10 0 0
0.6681 -0.0010 0.0143 0 0 0 0
0.6827 -0.0003 0.0079 0 10 0 0
0.6806 -0.0002 0.0055 0 10 0 0
0.6722 -0.0005 0.0035 0 10 0 0
0.6722 -0.0010 0.0066 0 0 0 0
0.6931 -0.0020 0.0171 10 0 0 0
0.6785 -0.0016 0.0183 10 0 0 0
0.6660 -0.0018 0.0222 10 0 0 0
0.6785 -0.0020 0.0250 10 0 0 0
0.6785 -0.0020 0.0250 0 0 0 0
0.6931 -0.0023 0.0256 10 0 0 0
0.6931 -0.0023 0.0275 10 0 0 0
0.6910 -0.0021 0.0273 10 0 0 0
0.6764 -0.0020 0.0266 10 0 0 0
0.6681 -0.0020 0.0282 0 0 0 0
0.6764 -0.0023 0.0270 10 0 0 0
0.6534 -0.0015 0.0264 10 0 0 0
0.6848 -0.0020 0.0266 10 0 0 0
0.6785 -0.0025 0.0274 10 0 0 0
0.6722 -0.0024 0.0265 0 0 0 0
0.6722 -0.0020 0.0231 10 0 0 0
0.6952 -0.0017 0.0210 10 0 0 0
0.6806 -0.0007 0.0204 10 0 0 0
0.6889 -0.0006 0.0201 0 0 0 0
0.7119 -0.0012 0.0164 10 0 0 0
0.7140 -0.0008 0.0158 10 0 0 0
0.7140 -0.0008 0.0158 10 0 0 0
0.7140 -0.0008 0.0158 10 0 0 0
0.7119 -0.0005 0.0209 0 0 0 0
0.6889 -0.0007 0.0257 10 0 0 0
0.7098 -0.0014 0.0273 10 0 0 0
0.6973 -0.0016 0.0268 10 0 0 0
0.6827 -0.0012 0.0269 10 0 0 0
0.6722 -0.0006 0.0266 0 0 0 0
0.6868 -0.0010 0.0205 -10 0 0 0
0.6889 -0.0010 0.0188 -10 0 0 0
0.6910 -0.0010 0.0211 -10 0 0 0
0.6910 -0.0010 0.0227 0 0 0 0
0.7098 -0.0012 0.0261 0 0 0 -10
0.6889 -0.0019 0.0260 0 0 0 -10
0.7015 -0.0018 0.0237 0 0 0 -10
0.6973 -0.0011 0.0239 0 0 0 0
0.6848 -0.0012 0.0254 0 0 0 -10
0.6827 -0.0016 0.0245 0 0 0 0
0.6848 0.0000 0.0224 0 0 0 -10
0.6827 -0.0005 0.0204 0 0 0 0
0.6868 -0.0005 0.0176 0 0 0 -10
0.6827 -0.0007 0.0181 0 0 0 -10
0.6806 -0.0010 0.0175 0 0 0 0
0.6806 -0.0012 0.0160 0 0 0 -10
0.6910 -0.0007 0.0141 0 0 0 0
0.6868 -0.0017 0.0122 0 0 0 -10
0.6660 -0.0023 0.0110 0 0 0 0
0.6827 -0.0031 -0.0003 0 0 0 -10
0.6743 -0.0020 0.0002 0 0 0 -10
0.6743 -0.0022 -0.0005 0 0 0 0
0.6493 -0.0018 0.0013 -10 0 0 0
0.6618 -0.0018 0.0014 -10 0 0 0
0.6618 -0.0008 0.0041 -10 0 0 0
0.6848 -0.0009 0.0037 -10 0 0 0
0.6639 -0.0009 0.0041 -10 0 0 0
0.6618 -0.0012 0.0039 0 0 0 0
0.6701 -0.0007 0.0039 -10 0 0 0
0.6764 0.0000 0.0069 -10 0 0 0
0.6785 0.0000 0.0069 -10 0 0 0
0.6660 -0.0005 0.0064 0 0 0 0
0.6743 -0.0017 0.0059 -10 0 0 0
0.6827 -0.0003 0.0070 -10 0 0 0
0.6764 -0.0008 0.0065 -10 0 0 0
0.6764 -0.0011 0.0079 0 0 0 0
0.6827 -0.0010 0.0100 -10 0 0 0
0.6722 -0.0010 0.0103 -10 0 0 0
0.6827 -0.0012 0.0092 -10 0 0 0
0.6848 -0.0012 0.0089 0 0 0 0
0.6931 -0.0013 0.0060 -10 0 0 0
0.6889 -0.0015 0.0050 -10 0 0 0
0.6848 -0.0019 0.0046 -10 0 0 0
0.6848 -0.0019 0.0046 0 0 0 0
0.6952 -0.0022 0.0052 -10 0 0 0
