0.6169 0.0013 -0.1230 0 0 0 10
0.6250 -0.0004 -0.1280 0 0 0 10
0.6250 -0.0004 -0.1283 0 0 0 10
0.6069 -0.0002 -0.1286 0 0 0 10
0.6109 0.0001 -0.1291 0 0 0 10
0.6109 0.0001 -0.1291 0 0 0 10
0.5927 0.0008 -0.1292 0 0 0 10
0.6230 0.0015 -0.1275 0 0 0 10
0.6190 0.0019 -0.1286 0 0 0 10
0.6190 0.0019 -0.1286 0 0 0 10
0.6391 0.0015 -0.1252 0 0 0 10
0.6290 0.0012 -0.1246 0 0 0 10
0.6250 0.0008 -0.1214 0 0 0 10
0.6492 0.0003 -0.1175 0 0 0 10
0.6290 -0.0002 -0.1146 0 0 0 10
0.6512 -0.0001 -0.1134 0 0 0 10
0.6512 -0.0001 -0.1134 0 0 0 10
0.6351 0.0001 -0.1106 0 0 0 10
0.6472 0.0001 -0.1078 0 0 0 10
0.6552 0.0007 -0.1071 0 0 0 10
0.6552 0.0007 -0.1071 0 0 0 10
0.6472 0.0010 -0.1038 0 0 0 10
0.6431 0.0010 -0.1030 0 0 0 10
0.6573 0.0005 -0.1012 0 0 0 10
0.6492 0.0003 -0.1026 0 0 0 10
0.6653 0.0001 -0.1003 0 0 0 10
0.6653 0.0001 -0.1003 0 0 0 10
0.6532 0.0000 -0.0948 0 0 0 10
0.6774 -0.0002 -0.0919 0 0 0 10
0.6633 -0.0000 -0.0872 0 0 0 10
0.6673 -0.0005 -0.0846 0 0 0 10
0.6472 -0.0006 -0.0779 0 0 0 10
0.6653 -0.0009 -0.0763 0 0 0 10
0.6653 -0.0009 -0.0763 0 0 0 10
0.6815 -0.0006 -0.0734 0 0 0 10
0.6815 -0.0006 -0.0734 0 0 0 10
0.6673 -0.0003 -0.0635 0 0 0 10
0.6673 -0.0004 -0.0604 0 0 0 10
0.6915 -0.0004 -0.0604 0 0 0 10
0.6694 -0.0009 -0.0562 0 0 0 10
0.6633 -0.0008 -0.0518 0 0 0 10
0.6774 -0.0007 -0.0464 0 0 0 10
0.6774 -0.0007 -0.0464 0 0 0 10
0.6613 -0.0011 -0.0451 0 0 0 10
0.7056 -0.0011 -0.0451 0 0 0 10
0.6794 -0.0004 -0.0427 0 0 0 10
0.6653 -0.0002 -0.0404 0 0 0 10
0.6996 -0.0004 -0.0431 0 0 0 10
0.6734 -0.0005 -0.0360 0 0 0 10
0.6734 -0.0005 -0.0360 0 0 0 10
0.6774 -0.0005 -0.0335 0 0 0 10
0.6996 -0.0005 -0.0322 0 0 0 10
0.7036 -0.0011 -0.0307 0 0 0 10
0.6835 -0.0015 -0.0287 0 0 0 10
0.7016 -0.0015 -0.0267 0 0 0 10
0.7157 -0.0013 -0.0251 0 0 0 10
0.7238 -0.0013 -0.0228 0 0 0 10
0.7056 -0.0015 -0.0221 0 0 0 10
0.7056 -0.0015 -0.0221 0 0 0 10
0.7117 -0.0016 -0.0197 0 0 0 10
0.7177 -0.0014 -0.0182 0 0 0 10
0.7198 -0.0008 -0.0152 0 0 0 10
