0.6532 -0.0002 -0.0876 0 0 0 10
0.6815 0.0011 -0.0909 0 0 0 10
0.6815 -0.0001 -0.0914 0 0 0 10
0.6673 -0.0004 -0.0909 0 0 0 10
0.6673 -0.0004 -0.0909 0 0 0 10
0.6633 0.0001 -0.0897 0 0 0 10
0.6633 0.0002 -0.0894 0 0 0 10
0.6714 -0.0000 -0.0881 0 0 0 10
0.6673 -0.0001 -0.0871 0 0 0 0
0.6573 0.0001 -0.0819 0 0 0 10
0.6613 0.0003 -0.0825 0 0 0 10
0.6714 0.0008 -0.0820 0 0 0 0
0.6794 0.0012 -0.0809 0 0 0 10
0.6754 0.0007 -0.0814 0 0 0 10
0.6673 0.0005 -0.0750 0 0 0 0
0.6452 0.0007 -0.0707 0 0 0 10
0.6835 0.0013 -0.0664 0 0 0 10
0.6835 0.0017 -0.0681 0 0 0 0
0.6734 0.0015 -0.0657 0 0 0 10
0.6915 0.0018 -0.0587 0 0 0 10
0.6935 0.0013 -0.0577 0 0 0 0
0.6855 0.0001 -0.0519 0 0 0 10
0.6754 0.0003 -0.0447 0 0 0 10
0.6815 -0.0006 -0.0452 0 0 0 0
0.6835 -0.0006 -0.0417 0 0 0 10
0.6794 -0.0018 -0.0384 0 0 0 10
0.6794 -0.0023 -0.0393 0 0 0 0
0.6855 -0.0011 -0.0369 0 0 0 10
0.6915 -0.0007 -0.0351 0 0 0 10
0.7056 0.0001 -0.0346 0 0 0 0
0.7016 0.0004 -0.0332 0 0 0 10
0.6875 -0.0005 -0.0259 0 0 0 10
0.6774 -0.0001 -0.0243 0 0 0 0
0.7036 0.0004 -0.0214 0 0 0 10
0.7379 0.0009 -0.0171 0 0 0 0
