0.6340 -0.0484 0.0112 0 -10 0 0
0.6400 -0.0494 0.0089 0 -10 0 0
0.6560 -0.0493 0.0081 0 -10 0 0
0.6560 -0.0489 0.0080 0 -10 0 0
0.6420 -0.0488 0.0082 0 -10 0 0
0.6420 -0.0488 0.0082 0 -10 0 0
0.6260 -0.0491 0.0082 0 -10 0 0
0.6520 -0.0490 0.0089 0 -10 0 0
0.6560 -0.0490 0.0080 0 -10 0 0
0.6440 -0.0493 0.0081 0 -10 0 0
0.6720 -0.0488 0.0086 0 -10 0 0
0.6540 -0.0486 0.0080 0 -10 0 0
0.6380 -0.0486 0.0074 0 -10 0 0
0.6380 -0.0486 0.0074 0 0 0 0
0.6280 -0.0487 0.0118 0 -10 0 0
0.6320 -0.0485 0.0126 0 -10 0 0
0.6260 -0.0484 0.0122 0 -10 0 0
0.6200 -0.0483 0.0125 0 -10 0 0
0.6440 -0.0483 0.0118 0 -10 0 0
0.6320 -0.0480 0.0130 0 -10 0 0
0.6320 -0.0480 0.0130 0 -10 0 0
0.6240 -0.0477 0.0130 0 -10 0 0
0.6240 -0.0472 0.0154 0 -10 0 0
0.6360 -0.0470 0.0162 0 -10 0 0
0.6260 -0.0468 0.0158 0 -10 0 0
0.6340 -0.0465 0.0146 0 -10 0 0
0.6340 -0.0465 0.0146 0 -10 0 0
0.6300 -0.0458 0.0147 0 -10 0 0
0.6280 -0.0456 0.0112 0 0 0 0
0.6360 -0.0483 0.0096 0 -10 0 0
0.6340 -0.0470 0.0114 0 -10 0 0
0.6280 -0.0472 0.0117 0 -10 0 0
0.6480 -0.0481 0.0124 0 -10 0 0
0.6140 -0.0479 0.0114 0 -10 0 0
0.6140 -0.0479 0.0114 0 -10 0 0
0.6340 -0.0475 0.0117 0 -10 0 0
0.6440 -0.0469 0.0117 0 -10 0 0
0.6300 -0.0469 0.0140 0 -10 0 0
0.6200 -0.0472 0.0136 0 -10 0 0
0.6380 -0.0473 0.0139 0 -10 0 0
0.6280 -0.0470 0.0134 0 -10 0 0
0.6280 -0.0470 0.0134 0 -10 0 0
0.6420 -0.0468 0.0158 0 -10 0 0
0.6160 -0.0467 0.0163 0 -10 0 0
0.6340 -0.0470 0.0160 0 -10 0 0
0.6280 -0.0473 0.0162 0 -10 0 0
0.6280 -0.0479 0.0160 0 -10 0 0
0.6380 -0.0480 0.0175 0 -10 0 0
0.6380 -0.0480 0.0175 0 -10 0 0
0.6280 -0.0477 0.0175 0 -10 0 0
0.6220 -0.0480 0.0181 0 -10 0 0
0.6180 -0.0481 0.0194 0 -10 0 0
0.6340 -0.0480 0.0187 0 -10 0 0
0.6340 -0.0480 0.0187 0 0 0 0
0.6300 -0.0479 0.0235 0 -10 0 0
0.6380 -0.0481 0.0262 0 -10 0 0
0.6440 -0.0477 0.0264 0 -10 0 0
0.6240 -0.0479 0.0257 0 -10 0 0
0.6320 -0.0483 0.0263 0 -10 0 0
0.6280 -0.0484 0.0257 0 -10 0 0
0.6280 -0.0484 0.0257 0 -10 0 0
0.6380 -0.0483 0.0244 0 -10 0 0
0.6380 -0.0480 0.0234 0 -10 0 0
0.6400 -0.0479 0.0242 0 -10 0 0
0.6480 -0.0475 0.0235 0 -10 0 0
0.6480 -0.0473 0.0237 0 -10 0 0
0.6400 -0.0473 0.0237 0 -10 0 0
0.6280 -0.0475 0.0235 0 -10 0 0
0.6400 -0.0482 0.0260 0 -10 0 0
0.6340 -0.0486 0.0252 0 -10 0 0
0.6240 -0.0486 0.0272 0 0 0 0
0.6300 -0.0472 0.0264 0 -10 0 0
0.6440 -0.0473 0.0249 0 -10 0 0
0.6420 -0.0477 0.0206 0 -10 0 0
0.6500 -0.0478 0.0223 0 -10 0 0
0.6500 -0.0478 0.0223 0 -10 0 0
0.6540 -0.0484 0.0227 0 -10 0 0
0.6540 -0.0484 0.0227 0 -10 0 0
0.6560 -0.0487 0.0219 0 -10 0 0
0.6560 -0.0487 0.0219 0 -10 0 0
0.6680 -0.0484 0.0212 0 -10 0 0
0.6560 -0.0482 0.0206 0 -10 0 0
0.6560 -0.0482 0.0206 0 -10 0 0
0.6600 -0.0486 0.0204 0 -10 0 0
0.6600 -0.0486 0.0204 0 -10 0 0
0.6480 -0.0483 0.0197 0 0 0 0
0.6380 -0.0479 0.0233 0 -10 0 0
0.6580 -0.0488 0.0230 0 -10 0 0
0.6540 -0.0487 0.0218 0 -10 0 0
0.6680 -0.0479 0.0216 0 -10 0 0
0.6680 -0.0479 0.0216 0 -10 0 0
0.6640 -0.0479 0.0209 0 -10 0 0
0.6680 -0.0483 0.0196 0 -10 0 0
0.6600 -0.0484 0.0185 0 -10 0 0
0.6600 -0.0484 0.0185 0 -10 0 0
0.6600 -0.0489 0.0178 0 -10 0 0
0.6620 -0.0491 0.0180 0 -10 0 0
0.6640 -0.0479 0.0177 0 0 0 0
0.6580 -0.0467 0.0193 0 0 10 0
0.6740 -0.0473 0.0218 0 0 10 0
0.6600 -0.0459 0.0204 0 0 10 0
0.6680 -0.0461 0.0203 0 0 10 0
0.6680 -0.0461 0.0203 0 0 10 0
0.6580 -0.0469 0.0212 0 0 10 0
0.6460 -0.0473 0.0228 0 0 10 0
0.6340 -0.0477 0.0238 0 0 10 0
0.6520 -0.0477 0.0225 0 0 10 0
0.6480 -0.0468 0.0219 0 0 0 0
0.6420 -0.0465 0.0175 0 0 10 0
0.6740 -0.0453 0.0206 0 0 10 0
0.6620 -0.0450 0.0233 0 0 10 0
0.6620 -0.0453 0.0245 0 0 10 0
0.6760 -0.0454 0.0240 0 0 10 0
0.6440 -0.0454 0.0257 0 0 10 0
0.6440 -0.0454 0.0257 0 0 0 0
0.6680 -0.0458 0.0306 0 0 -10 0
0.6600 -0.0450 0.0363 0 0 -10 0
0.6460 -0.0445 0.0365 0 0 -10 0
0.6500 -0.0440 0.0387 0 0 -10 0
0.6480 -0.0439 0.0381 0 0 -10 0
0.6300 -0.0442 0.0399 0 0 -10 0
0.6300 -0.0442 0.0399 0 0 -10 0
0.6320 -0.0434 0.0393 0 0 -10 0
0.6260 -0.0428 0.0427 0 0 -10 0
0.6440 -0.0426 0.0432 0 0 -10 0
0.6400 -0.0425 0.0437 0 0 -10 0
0.6340 -0.0429 0.0426 0 0 -10 0
0.6260 -0.0437 0.0424 0 0 -10 0
0.6260 -0.0441 0.0425 0 0 -10 0
0.6320 -0.0441 0.0425 0 0 -10 0
0.6280 -0.0446 0.0407 0 0 -10 0
0.6260 -0.0449 0.0405 0 0 -10 0
0.6340 -0.0453 0.0405 0 0 -10 0
0.6120 -0.0459 0.0395 0 0 -10 0
0.6500 -0.0466 0.0405 0 0 -10 0
0.6500 -0.0466 0.0405 0 0 -10 0
0.6420 -0.0482 0.0476 0 0 -10 0
0.6580 -0.0487 0.0500 0 0 -10 0
0.6500 -0.0489 0.0497 0 0 -10 0
0.6340 -0.0490 0.0566 0 0 -10 0
0.6300 -0.0488 0.0564 0 0 -10 0
0.6260 -0.0487 0.0580 0 0 0 0
0.6480 -0.0504 0.0609 0 0 -10 0
0.6240 -0.0528 0.0536 0 0 -10 0
0.6320 -0.0520 0.0494 0 0 -10 0
0.6560 -0.0522 0.0486 0 0 -10 0
0.6380 -0.0521 0.0504 0 0 -10 0
0.6280 -0.0521 0.0575 0 0 -10 0
0.6340 -0.0524 0.0577 0 0 -10 0
0.6340 -0.0524 0.0577 0 0 -10 0
0.6400 -0.0526 0.0574 0 0 -10 0
0.6380 -0.0521 0.0648 0 0 -10 0
0.6160 -0.0519 0.0640 0 0 -10 0
0.6340 -0.0517 0.0634 0 0 -10 0
0.6360 -0.0511 0.0629 0 0 -10 0
0.6340 -0.0514 0.0649 0 0 -10 0
0.6320 -0.0528 0.0627 0 0 -10 0
0.6320 -0.0528 0.0627 0 0 -10 0
0.6280 -0.0536 0.0621 0 0 -10 0
0.6240 -0.0540 0.0612 0 0 -10 0
0.6340 -0.0540 0.0668 0 0 -10 0
0.6300 -0.0541 0.0663 0 0 -10 0
0.6300 -0.0541 0.0663 0 0 -10 0
0.6400 -0.0541 0.0711 0 0 -10 0
0.6480 -0.0547 0.0698 0 0 -10 0
0.6260 -0.0553 0.0686 0 0 -10 0
0.6240 -0.0569 0.0706 0 0 -10 0
0.6240 -0.0575 0.0771 0 0 0 0
0.6320 -0.0573 0.0760 0 0 10 0
0.6440 -0.0565 0.0727 0 0 10 0
0.6180 -0.0570 0.0713 0 0 10 0
0.6460 -0.0574 0.0704 0 0 10 0
0.6460 -0.0574 0.0704 0 0 10 0
0.6380 -0.0580 0.0683 0 0 10 0
0.6280 -0.0584 0.0660 0 0 10 0
0.6220 -0.0589 0.0652 0 0 10 0
0.6360 -0.0594 0.0645 0 0 10 0
0.6480 -0.0599 0.0697 0 0 10 0
0.6520 -0.0601 0.0680 0 0 10 0
0.6520 -0.0601 0.0680 0 0 10 0
0.6440 -0.0594 0.0748 0 0 10 0
0.6440 -0.0594 0.0748 0 0 10 0
0.6380 -0.0591 0.0739 0 0 10 0
0.6460 -0.0583 0.0768 0 0 10 0
0.6460 -0.0576 0.0771 0 0 10 0
0.6680 -0.0573 0.0758 0 0 10 0
0.6680 -0.0573 0.0758 0 0 10 0
0.6500 -0.0569 0.0727 0 0 10 0
0.6460 -0.0569 0.0716 0 0 10 0
0.6680 -0.0571 0.0691 0 0 10 0
0.6680 -0.0571 0.0691 0 0 10 0
0.6360 -0.0560 0.0653 0 0 10 0
0.6240 -0.0555 0.0644 0 0 10 0
0.6240 -0.0555 0.0644 0 0 10 0
0.6100 -0.0547 0.0633 0 0 10 0
0.6240 -0.0546 0.0624 0 0 10 0
0.6480 -0.0547 0.0612 0 0 10 0
0.6420 -0.0543 0.0659 0 0 10 0
0.6580 -0.0540 0.0717 0 0 10 0
0.6580 -0.0540 0.0717 0 0 10 0
0.6540 -0.0536 0.0707 0 0 10 0
0.6440 -0.0533 0.0693 0 0 10 0
0.6500 -0.0528 0.0683 0 0 10 0
0.6500 -0.0528 0.0683 0 0 10 0
0.6420 -0.0519 0.0632 0 0 10 0
0.6420 -0.0519 0.0632 0 0 10 0
0.6280 -0.0514 0.0601 0 0 10 0
0.6340 -0.0503 0.0639 0 0 10 0
0.6600 -0.0500 0.0616 0 0 10 0
0.6280 -0.0499 0.0589 0 0 10 0
0.6280 -0.0499 0.0589 0 0 10 0
0.6380 -0.0489 0.0565 0 0 10 0
0.6380 -0.0484 0.0545 0 0 10 0
0.6260 -0.0483 0.0498 0 0 10 0
0.6340 -0.0482 0.0546 0 0 10 0
0.6360 -0.0482 0.0540 0 0 0 0
0.6380 -0.0455 0.0442 0 0 10 0
0.6320 -0.0447 0.0396 0 0 10 0
0.6460 -0.0441 0.0375 0 0 10 0
0.6280 -0.0443 0.0377 0 0 10 0
0.6420 -0.0442 0.0437 0 0 10 0
0.6340 -0.0440 0.0445 0 0 10 0
0.6320 -0.0440 0.0445 0 0 10 0
0.6160 -0.0435 0.0429 0 0 10 0
0.6180 -0.0435 0.0426 0 0 10 0
0.6300 -0.0435 0.0471 0 0 10 0
0.6360 -0.0433 0.0463 0 0 10 0
0.6360 -0.0433 0.0463 0 0 10 0
0.6260 -0.0430 0.0422 0 0 10 0
0.6260 -0.0430 0.0422 0 0 10 0
0.6200 -0.0426 0.0399 0 0 10 0
0.6200 -0.0426 0.0399 0 0 10 0
0.6420 -0.0421 0.0365 0 0 10 0
0.6320 -0.0419 0.0364 0 0 10 0
0.6320 -0.0419 0.0364 0 0 10 0
0.6300 -0.0411 0.0351 0 0 10 0
0.6300 -0.0411 0.0351 0 0 10 0
0.6300 -0.0404 0.0349 0 0 10 0
0.6400 -0.0403 0.0340 0 0 10 0
0.6440 -0.0398 0.0341 0 0 10 0
0.6580 -0.0391 0.0313 0 0 10 0
0.6200 -0.0387 0.0313 0 0 0 0
0.6240 -0.0345 0.0277 0 0 10 0
0.6540 -0.0346 0.0230 0 0 10 0
0.6500 -0.0332 0.0182 0 0 10 0
0.6520 -0.0333 0.0182 0 0 10 0
0.6440 -0.0339 0.0187 0 0 10 0
0.6440 -0.0344 0.0187 0 0 10 0
0.6440 -0.0344 0.0187 0 0 10 0
0.6500 -0.0348 0.0175 0 0 10 0
0.6500 -0.0350 0.0176 0 0 10 0
0.6360 -0.0351 0.0188 0 0 10 0
0.6380 -0.0350 0.0195 0 0 10 0
0.6560 -0.0347 0.0188 0 0 10 0
0.6520 -0.0340 0.0199 0 0 10 0
0.6520 -0.0340 0.0199 0 0 10 0
0.6580 -0.0335 0.0194 0 0 10 0
0.6540 -0.0335 0.0161 0 0 10 0
0.6620 -0.0336 0.0161 0 0 10 0
0.6840 -0.0333 0.0117 0 0 10 0
0.6760 -0.0325 0.0122 0 0 10 0
0.6640 -0.0319 0.0075 0 0 10 0
0.6640 -0.0319 0.0075 0 0 10 0
0.6800 -0.0315 0.0099 0 0 10 0
0.6720 -0.0313 0.0105 0 0 10 0
0.6620 -0.0310 0.0128 0 0 10 0
0.6700 -0.0306 0.0139 0 0 10 0
0.6760 -0.0299 0.0175 0 0 10 0
0.6760 -0.0299 0.0175 0 0 10 0
0.6800 -0.0290 0.0177 0 0 0 0
0.6700 -0.0274 0.0150 0 0 10 0
0.6540 -0.0255 0.0202 0 0 10 0
0.6580 -0.0261 0.0187 0 0 10 0
0.6640 -0.0258 0.0187 0 0 10 0
0.6640 -0.0255 0.0195 0 0 10 0
0.6600 -0.0255 0.0192 0 0 10 0
0.6660 -0.0254 0.0166 0 0 10 0
0.6480 -0.0256 0.0160 0 0 10 0
0.6500 -0.0259 0.0159 0 0 10 0
0.6500 -0.0259 0.0159 0 0 10 0
0.6520 -0.0265 0.0179 0 0 10 0
0.6540 -0.0265 0.0177 0 0 10 0
0.6480 -0.0259 0.0179 0 0 10 0
0.6460 -0.0252 0.0180 0 0 10 0
0.6500 -0.0248 0.0190 0 0 10 0
0.6500 -0.0248 0.0190 0 0 10 0
0.6600 -0.0245 0.0176 0 0 10 0
0.6460 -0.0244 0.0179 0 0 10 0
0.6560 -0.0243 0.0172 0 0 0 0
0.6260 -0.0219 0.0127 0 0 10 0
0.6380 -0.0194 0.0087 0 0 10 0
0.6600 -0.0191 0.0089 0 0 10 0
0.6400 -0.0192 0.0093 0 0 10 0
0.6480 -0.0195 0.0105 0 0 0 0
0.6380 -0.0196 0.0145 0 0 10 0
0.6300 -0.0191 0.0115 0 0 10 0
0.6320 -0.0190 0.0120 0 0 10 0
0.6480 -0.0188 0.0130 0 0 10 0
0.6180 -0.0187 0.0135 0 0 10 0
0.6140 -0.0185 0.0119 0 0 10 0
0.6100 -0.0183 0.0142 0 0 10 0
0.6060 -0.0178 0.0148 0 0 10 0
0.6060 -0.0178 0.0148 0 0 10 0
0.6380 -0.0174 0.0147 0 0 10 0
0.6240 -0.0171 0.0148 0 0 0 0
0.6240 -0.0150 0.0149 0 0 10 0
0.6320 -0.0141 0.0161 0 0 10 0
0.6240 -0.0124 0.0138 0 0 10 0
0.6220 -0.0122 0.0149 0 0 10 0
0.6220 -0.0122 0.0149 0 0 10 0
0.6200 -0.0118 0.0147 0 0 10 0
0.6100 -0.0117 0.0122 0 0 10 0
0.6100 -0.0119 0.0125 0 0 10 0
0.6120 -0.0124 0.0155 0 0 10 0
0.6100 -0.0135 0.0201 0 0 10 0
0.6060 -0.0138 0.0204 0 0 10 0
0.6120 -0.0132 0.0236 0 0 10 0
0.6240 -0.0125 0.0237 0 0 10 0
0.6240 -0.0125 0.0237 0 0 10 0
0.6040 -0.0123 0.0228 0 0 0 0
0.5880 -0.0097 0.0301 0 0 10 0
0.5860 -0.0093 0.0399 0 0 10 0
0.6080 -0.0085 0.0410 0 0 10 0
0.6080 -0.0085 0.0385 0 0 10 0
0.6000 -0.0087 0.0359 0 0 10 0
0.6000 -0.0087 0.0359 0 0 10 0
0.5980 -0.0086 0.0347 0 0 10 0
0.5980 -0.0086 0.0347 0 0 0 0
0.5940 -0.0077 0.0404 0 0 10 0
0.5860 -0.0077 0.0349 0 0 10 0
0.5860 -0.0077 0.0349 0 0 0 0
0.6060 -0.0043 0.0216 0 0 10 0
0.6040 -0.0038 0.0245 0 0 0 0
0.5940 -0.0036 0.0229 0 0 10 0
0.5960 -0.0030 0.0229 0 0 10 0
0.5880 -0.0016 0.0208 0 0 0 0
0.5960 -0.0015 0.0207 0 0 10 0
0.6180 -0.0029 0.0193 0 0 10 0
0.6180 -0.0029 0.0193 0 0 10 0
0.6160 -0.0028 0.0201 0 0 0 0
0.5840 -0.0012 0.0229 0 0 10 0
0.6020 -0.0009 0.0209 0 0 10 0
0.6040 -0.0011 0.0224 0 0 0 0
0.5620 0.0009 0.0236 0 0 0 -10
0.5600 0.0013 0.0258 0 0 0 -10
0.5740 0.0010 0.0353 0 0 0 -10
0.5820 0.0007 0.0353 0 0 0 0
0.5920 0.0004 0.0256 0 0 0 -10
0.5880 0.0004 0.0185 0 0 0 -10
0.5960 0.0005 0.0208 0 0 0 -10
0.6040 0.0009 0.0224 0 0 0 0
0.6120 0.0009 0.0140 0 0 0 -10
0.5940 0.0012 0.0142 0 0 0 -10
0.5980 0.0013 0.0173 0 0 0 0
0.5940 0.0012 0.0109 0 0 0 -10
0.5820 0.0018 0.0101 0 0 0 -10
0.5980 0.0018 0.0073 0 0 0 0
0.6160 0.0013 0.0114 0 -10 0 0
0.6200 0.0016 0.0055 0 -10 0 0
0.6320 0.0018 0.0058 0 -10 0 0
0.6100 0.0014 0.0076 0 -10 0 0
0.6100 0.0014 0.0076 0 -10 0 0
0.6180 0.0011 0.0093 0 -10 0 0
0.6240 0.0009 0.0099 0 -10 0 0
0.6060 0.0004 0.0087 0 -10 0 0
0.6060 0.0002 0.0082 0 -10 0 0
0.6220 0.0007 0.0071 0 -10 0 0
0.6220 0.0009 0.0068 0 -10 0 0
0.6100 0.0009 0.0038 0 -10 0 0
0.6100 0.0009 0.0038 0 0 0 0
0.6000 -0.0002 0.0027 0 -10 0 0
0.6260 0.0006 0.0035 0 -10 0 0
0.5980 0.0007 0.0038 0 -10 0 0
0.5980 0.0007 0.0038 0 -10 0 0
0.6040 0.0010 0.0084 0 -10 0 0
0.6040 0.0010 0.0084 0 -10 0 0
0.6160 0.0012 0.0089 0 -10 0 0
0.6140 0.0010 0.0130 0 -10 0 0
0.6220 0.0008 0.0132 0 -10 0 0
0.6220 0.0008 0.0132 0 -10 0 0
0.6080 0.0002 0.0152 0 -10 0 0
0.6020 -0.0002 0.0152 0 -10 0 0
0.5960 -0.0004 0.0168 0 -10 0 0
0.6120 0.0002 0.0168 0 -10 0 0
0.6120 0.0002 0.0168 0 -10 0 0
0.6080 0.0003 0.0188 0 -10 0 0
0.6080 0.0003 0.0188 0 0 0 0
0.6100 0.0018 0.0208 0 -10 0 0
0.6180 0.0012 0.0167 0 -10 0 0
0.6340 0.0007 0.0116 0 -10 0 0
0.6340 0.0007 0.0116 0 -10 0 0
0.6180 0.0002 0.0111 0 -10 0 0
0.6300 0.0003 0.0098 0 -10 0 0
0.6240 0.0003 0.0094 0 -10 0 0
0.6220 -0.0001 0.0092 0 -10 0 0
0.6220 -0.0001 0.0092 0 -10 0 0
0.6320 -0.0001 0.0088 0 0 0 0
0.6340 0.0003 0.0054 0 -10 0 0
0.6440 -0.0008 0.0055 0 -10 0 0
0.6440 -0.0013 0.0016 0 -10 0 0
0.6300 -0.0013 0.0016 0 -10 0 0
0.6360 -0.0011 0.0008 0 -10 0 0
0.6360 -0.0011 0.0008 0 -10 0 0
0.6420 -0.0008 -0.0005 0 -10 0 0
0.6520 -0.0003 0.0001 0 0 0 0
0.6300 0.0005 0.0187 0 -10 0 0
0.6220 0.0000 0.0173 0 -10 0 0
0.6160 -0.0005 0.0203 0 -10 0 0
0.6380 -0.0010 0.0204 0 -10 0 0
0.6380 -0.0010 0.0204 0 -10 0 0
0.6300 -0.0006 0.0204 0 -10 0 0
0.6200 -0.0002 0.0202 0 -10 0 0
0.6340 0.0005 0.0205 0 -10 0 0
0.6340 0.0005 0.0205 0 -10 0 0
0.6160 0.0003 0.0216 0 -10 0 0
0.6160 0.0003 0.0216 0 -10 0 0
0.6340 -0.0001 0.0211 0 0 0 0
0.6060 0.0006 0.0224 0 -10 0 0
0.6180 0.0008 0.0241 0 -10 0 0
0.6280 0.0005 0.0268 0 -10 0 0
0.6280 0.0005 0.0270 0 -10 0 0
0.6060 0.0003 0.0258 0 -10 0 0
0.6100 0.0009 0.0257 0 -10 0 0
0.6200 0.0011 0.0249 0 -10 0 0
0.6260 0.0013 0.0248 0 -10 0 0
0.6260 0.0011 0.0272 0 0 0 0
0.6440 0.0009 0.0339 0 -10 0 0
0.6240 0.0009 0.0351 0 -10 0 0
0.6400 0.0009 0.0339 0 -10 0 0
0.6300 0.0004 0.0316 0 -10 0 0
0.6420 0.0002 0.0314 0 -10 0 0
0.6420 0.0002 0.0314 0 -10 0 0
0.6240 0.0002 0.0325 0 -10 0 0
0.6440 0.0007 0.0335 0 -10 0 0
0.6440 0.0007 0.0335 0 0 0 0
0.6400 0.0004 0.0416 0 -10 0 0
0.6440 0.0005 0.0408 0 -10 0 0
0.6440 -0.0000 0.0424 0 -10 0 0
0.6620 -0.0000 0.0432 0 -10 0 0
0.6620 -0.0000 0.0432 0 -10 0 0
0.6440 0.0013 0.0430 0 -10 0 0
0.6540 0.0013 0.0430 0 0 0 0
0.6620 0.0008 0.0452 0 -10 0 0
0.6540 0.0003 0.0453 0 -10 0 0
0.6480 0.0002 0.0452 0 -10 0 0
0.6480 0.0010 0.0445 0 -10 0 0
0.6420 0.0021 0.0437 0 -10 0 0
0.6420 0.0023 0.0425 0 0 0 0
0.6780 -0.0004 0.0406 0 0 0 -10
0.6880 0.0014 0.0346 0 0 0 -10
0.6860 0.0011 0.0342 0 0 0 -10
0.6700 0.0011 0.0343 0 0 0 0
0.6880 0.0009 0.0328 0 0 0 -10
0.6920 0.0027 0.0228 0 0 0 -10
0.6800 0.0020 0.0222 0 0 0 -10
0.6960 0.0014 0.0188 0 0 0 0
