0.5260 0.0009 0.0615 0 -10 0 0
0.5240 -0.0003 0.0549 0 -10 0 0
0.5200 0.0000 0.0556 0 -10 0 0
0.5160 0.0003 0.0549 0 -10 0 0
0.5040 0.0000 0.0550 0 -10 0 0
0.5100 -0.0002 0.0547 0 -10 0 0
0.5060 0.0002 0.0540 0 -10 0 0
0.5060 0.0002 0.0540 0 -10 0 0
0.5080 0.0006 0.0535 0 -10 0 0
0.5060 0.0010 0.0526 0 -10 0 0
0.5060 0.0013 0.0524 0 -10 0 0
0.4920 0.0011 0.0532 0 -10 0 0
0.4980 0.0010 0.0527 0 -10 0 0
0.5120 0.0004 0.0528 0 -10 0 0
0.5120 0.0004 0.0528 0 -10 0 0
0.4960 0.0002 0.0521 0 -10 0 0
0.4880 0.0000 0.0520 0 -10 0 0
0.5020 0.0005 0.0513 0 -10 0 0
0.4780 0.0007 0.0511 0 -10 0 0
0.4780 0.0007 0.0511 0 -10 0 0
0.4960 0.0009 0.0506 0 -10 0 0
0.4760 0.0015 0.0499 0 -10 0 0
0.4860 0.0016 0.0473 0 -10 0 0
0.5000 0.0017 0.0469 0 -10 0 0
0.5020 0.0014 0.0450 0 -10 0 0
0.5020 0.0014 0.0450 0 -10 0 0
0.4920 0.0012 0.0428 0 -10 0 0
0.4900 0.0014 0.0429 0 -10 0 0
0.4920 0.0013 0.0428 0 -10 0 0
0.4920 0.0013 0.0428 0 -10 0 0
0.5040 0.0013 0.0424 0 -10 0 0
0.4940 0.0017 0.0413 0 0 0 0
0.4820 0.0019 0.0371 0 -10 0 0
0.5040 0.0019 0.0397 0 -10 0 0
0.4920 0.0020 0.0411 0 -10 0 0
0.5040 0.0020 0.0411 0 -10 0 0
0.4960 0.0017 0.0413 0 -10 0 0
0.4980 0.0015 0.0415 0 -10 0 0
0.5040 0.0014 0.0415 0 -10 0 0
0.5000 0.0010 0.0425 0 -10 0 0
0.4920 0.0010 0.0425 0 -10 0 0
0.4920 0.0010 0.0425 0 -10 0 0
0.4920 0.0005 0.0422 0 -10 0 0
0.4760 0.0009 0.0423 0 -10 0 0
0.4940 0.0005 0.0411 0 -10 0 0
0.4820 0.0003 0.0395 0 -10 0 0
0.4900 0.0007 0.0396 0 -10 0 0
0.4900 0.0007 0.0396 0 -10 0 0
0.5100 0.0012 0.0413 0 -10 0 0
0.5100 0.0012 0.0413 0 -10 0 0
0.4880 0.0013 0.0409 0 -10 0 0
0.5060 0.0013 0.0412 0 -10 0 0
0.5040 0.0011 0.0414 0 -10 0 0
0.5040 0.0011 0.0414 0 -10 0 0
0.4800 0.0014 0.0398 0 -10 0 0
0.4940 0.0014 0.0398 0 -10 0 0
0.5020 0.0010 0.0401 0 -10 0 0
0.4940 0.0009 0.0406 0 -10 0 0
0.4800 0.0011 0.0405 0 -10 0 0
0.4800 0.0011 0.0405 0 -10 0 0
0.4980 0.0017 0.0413 0 0 0 0
0.5020 0.0017 0.0438 0 0 0 -10
0.5100 0.0005 0.0450 0 0 0 -10
0.5000 0.0008 0.0458 0 0 0 -10
0.4920 0.0012 0.0457 0 0 0 -10
0.5080 0.0012 0.0453 0 0 0 -10
0.5160 0.0008 0.0455 0 0 0 -10
0.5040 0.0008 0.0442 0 0 0 -10
0.5060 0.0011 0.0419 0 0 0 -10
0.5060 0.0011 0.0419 0 0 0 -10
0.5000 0.0013 0.0396 0 0 0 -10
0.5040 0.0014 0.0366 0 0 0 -10
0.4820 0.0013 0.0339 0 0 0 -10
0.5040 0.0007 0.0342 0 0 0 -10
0.5040 0.0007 0.0342 0 0 0 -10
0.4940 0.0005 0.0327 0 0 0 -10
0.5040 0.0005 0.0322 0 0 0 -10
0.5040 0.0005 0.0322 0 0 0 -10
0.5160 0.0011 0.0202 0 0 0 -10
0.4980 0.0011 0.0202 0 0 0 -10
0.5080 0.0013 0.0172 0 0 0 0
0.5100 0.0012 0.0074 0 0 0 -10
0.5080 0.0012 0.0060 0 0 0 -10
0.4980 -0.0003 0.0058 0 0 0 -10
0.5120 -0.0004 0.0056 0 0 0 -10
0.5200 0.0000 0.0051 0 0 0 -10
0.5100 0.0004 0.0036 0 0 0 -10
0.5180 0.0013 0.0022 0 0 0 0
0.5200 0.0006 0.0010 0 0 0 -10
0.5140 0.0001 0.0003 0 0 0 0
0.5500 0.0008 -0.0051 0 -10 0 0
0.5380 0.0015 -0.0023 0 -10 0 0
0.5240 0.0008 -0.0027 0 -10 0 0
0.5240 0.0008 -0.0027 0 -10 0 0
0.5240 0.0003 -0.0037 0 -10 0 0
0.5240 -0.0001 -0.0033 0 -10 0 0
0.5520 -0.0001 -0.0027 0 -10 0 0
0.5520 -0.0001 -0.0027 0 -10 0 0
0.5100 0.0001 -0.0020 0 -10 0 0
0.5400 0.0000 -0.0016 0 -10 0 0
0.5360 0.0001 -0.0001 0 -10 0 0
0.5420 -0.0000 0.0003 0 -10 0 0
0.5420 -0.0000 0.0003 0 -10 0 0
0.5260 -0.0009 0.0019 0 -10 0 0
0.5120 -0.0009 0.0019 0 -10 0 0
0.5080 -0.0011 0.0025 0 -10 0 0
0.5080 -0.0012 0.0031 0 -10 0 0
0.5240 -0.0009 0.0031 0 -10 0 0
0.5240 -0.0009 0.0031 0 -10 0 0
0.5220 -0.0007 0.0042 0 -10 0 0
0.5220 -0.0009 0.0049 0 -10 0 0
0.5320 -0.0011 0.0063 0 -10 0 0
0.5120 -0.0011 0.0067 0 -10 0 0
0.5160 -0.0007 0.0079 0 -10 0 0
0.5120 -0.0002 0.0080 0 -10 0 0
0.5120 -0.0002 0.0080 0 -10 0 0
0.5200 -0.0002 0.0090 0 -10 0 0
0.5040 -0.0003 0.0090 0 -10 0 0
0.5180 -0.0004 0.0084 0 -10 0 0
0.4980 0.0003 0.0086 0 -10 0 0
0.5220 0.0005 0.0108 0 0 0 0
0.5280 -0.0005 0.0127 0 -10 0 0
0.5240 0.0020 0.0110 0 -10 0 0
0.5260 0.0015 0.0110 0 -10 0 0
0.5260 0.0015 0.0110 0 -10 0 0
0.5260 0.0009 0.0110 0 -10 0 0
0.5280 0.0010 0.0107 0 -10 0 0
0.5180 0.0012 0.0105 0 -10 0 0
0.5180 0.0012 0.0105 0 -10 0 0
0.5120 0.0014 0.0129 0 -10 0 0
0.5080 0.0012 0.0135 0 -10 0 0
0.4960 0.0012 0.0133 0 -10 0 0
0.5060 0.0016 0.0150 0 -10 0 0
0.5120 0.0018 0.0148 0 -10 0 0
0.5120 0.0018 0.0148 0 -10 0 0
0.5020 0.0020 0.0146 0 -10 0 0
0.4900 0.0019 0.0141 0 -10 0 0
0.5240 0.0019 0.0144 0 -10 0 0
0.5140 0.0018 0.0141 0 0 0 0
0.5440 0.0016 0.0207 0 -10 0 0
0.5260 0.0006 0.0175 0 -10 0 0
0.5280 0.0007 0.0136 0 -10 0 0
0.5420 0.0007 0.0097 0 -10 0 0
0.5440 0.0007 0.0097 0 -10 0 0
0.5440 0.0007 0.0097 0 -10 0 0
0.5380 0.0009 0.0101 0 -10 0 0
0.5420 0.0007 0.0110 0 -10 0 0
0.5420 0.0007 0.0110 0 -10 0 0
0.5360 0.0009 0.0106 0 -10 0 0
0.5400 0.0012 0.0110 0 -10 0 0
0.5400 0.0012 0.0110 0 -10 0 0
0.5240 0.0011 0.0103 0 -10 0 0
0.5280 0.0007 0.0104 0 -10 0 0
0.5280 0.0007 0.0104 0 -10 0 0
0.5540 0.0009 0.0092 0 -10 0 0
0.5300 0.0010 0.0091 0 -10 0 0
0.5420 0.0009 0.0079 0 -10 0 0
0.5180 0.0007 0.0087 0 0 0 0
0.5460 0.0021 0.0089 0 -10 0 0
0.5400 0.0023 0.0084 0 -10 0 0
0.5400 0.0023 0.0083 0 -10 0 0
0.5360 0.0022 0.0041 0 -10 0 0
0.5300 0.0021 0.0042 0 -10 0 0
0.5320 0.0023 0.0041 0 -10 0 0
0.5240 0.0028 0.0038 0 -10 0 0
0.5380 0.0029 0.0035 0 -10 0 0
0.5380 0.0031 0.0069 0 -10 0 0
0.5560 0.0031 0.0069 0 -10 0 0
0.5400 0.0015 0.0087 0 -10 0 0
0.5460 0.0011 0.0082 0 0 0 0
0.5400 0.0011 0.0099 0 -10 0 0
0.5500 0.0012 0.0124 0 -10 0 0
0.5400 0.0019 0.0130 0 -10 0 0
0.5500 0.0021 0.0127 0 -10 0 0
0.5500 0.0021 0.0127 0 -10 0 0
0.5580 0.0023 0.0119 0 -10 0 0
0.5580 0.0023 0.0119 0 -10 0 0
0.5420 0.0019 0.0113 0 -10 0 0
0.5560 0.0004 0.0109 0 0 0 0
0.5560 0.0004 0.0093 10 0 0 0
0.5460 0.0007 0.0061 10 0 0 0
0.5420 0.0003 0.0056 10 0 0 0
0.5520 0.0006 0.0054 10 0 0 0
0.5600 0.0009 0.0073 10 0 0 0
0.5600 0.0011 0.0077 10 0 0 0
0.5520 0.0014 0.0085 10 0 0 0
0.5520 0.0014 0.0085 10 0 0 0
0.5460 0.0014 0.0092 10 0 0 0
0.5700 0.0011 0.0093 10 0 0 0
0.5780 0.0008 0.0095 10 0 0 0
0.5780 0.0008 0.0095 10 0 0 0
0.5740 0.0008 0.0087 10 0 0 0
0.5760 0.0007 0.0088 10 0 0 0
0.5780 0.0009 0.0071 10 0 0 0
0.5740 0.0012 0.0072 10 0 0 0
0.5560 0.0012 0.0043 10 0 0 0
0.5560 0.0010 0.0035 10 0 0 0
0.5760 0.0010 0.0035 10 0 0 0
0.5860 0.0003 0.0033 10 0 0 0
0.5860 0.0003 0.0033 10 0 0 0
0.5840 0.0005 0.0046 10 0 0 0
0.5740 0.0009 0.0049 10 0 0 0
0.5620 0.0015 0.0022 10 0 0 0
0.5620 0.0015 0.0022 0 0 0 0
0.5580 0.0007 0.0086 10 0 0 0
0.5860 0.0013 0.0099 10 0 0 0
0.5900 0.0013 0.0105 10 0 0 0
0.5960 0.0009 0.0105 10 0 0 0
0.5820 0.0004 0.0104 10 0 0 0
0.5820 0.0004 0.0104 10 0 0 0
0.5780 0.0005 0.0103 0 0 0 0
0.5900 0.0013 0.0112 0 -10 0 0
0.5700 0.0012 0.0108 0 -10 0 0
0.5800 0.0011 0.0126 0 -10 0 0
0.5900 0.0016 0.0129 0 -10 0 0
0.5920 0.0019 0.0084 0 -10 0 0
0.5760 0.0020 0.0080 0 -10 0 0
0.5800 0.0019 0.0072 0 -10 0 0
0.5800 0.0019 0.0072 0 -10 0 0
0.5860 0.0015 0.0072 0 -10 0 0
0.5920 0.0014 0.0056 0 -10 0 0
0.6000 0.0012 0.0066 0 -10 0 0
0.6080 0.0014 0.0078 0 -10 0 0
0.5900 0.0020 0.0083 0 -10 0 0
0.5980 0.0023 0.0086 0 -10 0 0
0.5980 0.0023 0.0086 0 -10 0 0
0.5940 0.0024 0.0096 0 -10 0 0
0.5840 0.0021 0.0094 0 -10 0 0
0.6080 0.0020 0.0091 0 0 0 0
0.5780 0.0006 0.0091 0 -10 0 0
0.6000 0.0006 0.0040 0 -10 0 0
0.6160 0.0007 0.0024 0 -10 0 0
0.6200 0.0007 0.0011 0 -10 0 0
0.5760 0.0004 0.0013 0 -10 0 0
0.5700 0.0003 0.0012 0 -10 0 0
0.5700 0.0003 0.0012 0 -10 0 0
0.5920 0.0004 0.0019 0 0 0 0
0.6140 0.0001 -0.0044 0 -10 0 0
0.5880 0.0002 -0.0063 0 -10 0 0
0.6000 0.0003 -0.0050 0 -10 0 0
0.5920 0.0006 -0.0048 0 -10 0 0
0.6000 0.0009 -0.0041 0 -10 0 0
0.5820 0.0011 -0.0066 0 0 0 0
0.5920 0.0013 -0.0063 0 -10 0 0
0.5940 0.0007 -0.0059 0 -10 0 0
0.6080 0.0010 -0.0034 0 -10 0 0
0.6080 0.0010 -0.0034 0 -10 0 0
0.6020 0.0009 -0.0034 0 -10 0 0
0.6000 0.0004 -0.0040 0 -10 0 0
0.6020 0.0003 -0.0028 0 -10 0 0
0.6020 -0.0000 -0.0043 0 0 0 0
0.5840 0.0002 -0.0021 0 -10 0 0
0.5820 0.0013 -0.0027 0 -10 0 0
0.5960 0.0007 -0.0018 0 -10 0 0
0.5960 0.0001 -0.0004 0 -10 0 0
0.5960 0.0001 -0.0004 0 -10 0 0
0.5780 0.0001 -0.0006 0 -10 0 0
0.5840 0.0000 0.0002 0 -10 0 0
0.5960 -0.0001 0.0002 0 -10 0 0
0.5960 -0.0001 0.0002 0 -10 0 0
0.6060 0.0000 0.0001 0 0 0 0
0.5940 -0.0006 0.0002 0 -10 0 0
0.5960 -0.0002 -0.0006 0 -10 0 0
0.5920 -0.0001 -0.0011 0 -10 0 0
0.5860 0.0001 0.0031 0 -10 0 0
0.5780 -0.0001 0.0035 0 -10 0 0
0.5780 -0.0001 0.0035 0 0 0 0
0.5720 0.0004 0.0025 0 -10 0 0
0.5820 -0.0013 0.0036 0 -10 0 0
0.5780 -0.0017 0.0049 0 -10 0 0
0.5780 -0.0017 0.0049 0 -10 0 0
0.5820 -0.0013 0.0062 0 0 0 0
0.5900 -0.0000 0.0072 0 -10 0 0
0.5840 -0.0002 0.0067 0 -10 0 0
0.5740 -0.0003 0.0073 0 -10 0 0
0.5800 -0.0006 0.0071 0 -10 0 0
0.5800 -0.0006 0.0071 0 0 0 0
0.5880 -0.0006 0.0056 0 -10 0 0
0.6060 -0.0014 0.0040 0 -10 0 0
0.6180 -0.0014 0.0041 0 -10 0 0
0.6180 -0.0014 0.0041 0 -10 0 0
0.5940 -0.0012 0.0044 0 0 0 0
0.6060 -0.0006 0.0041 10 0 0 0
0.6160 0.0002 0.0049 10 0 0 0
0.6060 0.0005 0.0050 10 0 0 0
0.6060 0.0005 0.0050 10 0 0 0
0.6200 0.0009 0.0046 10 0 0 0
0.6200 0.0009 0.0046 10 0 0 0
0.6080 0.0009 0.0041 10 0 0 0
0.5980 0.0006 0.0040 10 0 0 0
0.6080 0.0006 0.0048 10 0 0 0
0.6080 0.0006 0.0048 10 0 0 0
0.5960 0.0006 0.0045 10 0 0 0
0.6080 0.0007 0.0048 10 0 0 0
0.6080 0.0008 0.0049 10 0 0 0
0.6080 0.0006 0.0062 10 0 0 0
0.5940 -0.0000 0.0042 0 0 0 0
0.5940 -0.0000 0.0043 0 -10 0 0
0.6040 0.0004 0.0042 0 -10 0 0
0.5800 0.0011 0.0064 0 -10 0 0
0.5980 0.0006 0.0068 0 -10 0 0
0.5960 0.0002 0.0075 0 -10 0 0
0.5880 -0.0000 0.0080 0 -10 0 0
0.5880 -0.0000 0.0080 0 -10 0 0
0.5780 0.0004 0.0088 0 0 0 0
0.5880 0.0012 0.0096 0 -10 0 0
0.6140 0.0018 0.0098 0 -10 0 0
0.5960 0.0019 0.0103 0 -10 0 0
0.5880 0.0023 0.0107 0 0 0 0
0.6120 0.0027 0.0099 10 0 0 0
0.6000 0.0025 0.0096 10 0 0 0
0.6140 0.0014 0.0105 10 0 0 0
0.6140 0.0010 0.0095 10 0 0 0
0.6060 0.0006 0.0069 10 0 0 0
0.5840 0.0009 0.0071 10 0 0 0
0.5640 0.0011 0.0047 10 0 0 0
0.5760 0.0018 0.0052 10 0 0 0
0.5760 0.0018 0.0052 10 0 0 0
0.5860 0.0020 0.0058 10 0 0 0
0.5860 0.0020 0.0055 10 0 0 0
0.5840 0.0015 0.0051 10 0 0 0
0.5820 0.0009 0.0053 10 0 0 0
0.5740 0.0003 0.0052 10 0 0 0
0.5740 0.0003 0.0052 10 0 0 0
0.5960 -0.0000 0.0056 10 0 0 0
0.5960 0.0002 0.0051 10 0 0 0
0.6020 0.0002 0.0053 0 0 0 0
0.5820 -0.0004 0.0071 -10 0 0 0
0.5900 0.0016 0.0037 -10 0 0 0
0.5580 0.0014 0.0039 -10 0 0 0
0.5700 0.0009 0.0021 -10 0 0 0
0.5700 0.0009 0.0021 -10 0 0 0
0.5720 0.0009 0.0009 -10 0 0 0
0.5720 0.0013 0.0006 -10 0 0 0
0.5780 0.0013 -0.0001 -10 0 0 0
0.5780 0.0009 0.0005 -10 0 0 0
0.5780 0.0009 0.0005 -10 0 0 0
0.5900 0.0011 -0.0009 -10 0 0 0
0.5900 0.0011 -0.0009 -10 0 0 0
0.5640 0.0011 -0.0038 -10 0 0 0
0.5700 0.0009 -0.0036 -10 0 0 0
0.5800 0.0011 -0.0030 -10 0 0 0
0.5820 0.0008 -0.0029 -10 0 0 0
0.5820 0.0008 -0.0029 -10 0 0 0
0.5860 -0.0000 -0.0025 -10 0 0 0
0.5980 -0.0002 -0.0022 -10 0 0 0
0.5820 -0.0004 -0.0012 -10 0 0 0
0.5820 -0.0004 -0.0012 -10 0 0 0
0.5680 0.0011 -0.0007 -10 0 0 0
0.5680 0.0011 -0.0007 -10 0 0 0
0.5740 0.0015 0.0003 -10 0 0 0
0.5900 0.0016 0.0009 -10 0 0 0
0.5740 0.0013 0.0012 -10 0 0 0
0.5780 0.0005 0.0011 -10 0 0 0
0.5780 0.0005 0.0011 -10 0 0 0
0.5640 -0.0002 0.0023 -10 0 0 0
0.5800 0.0005 0.0003 -10 0 0 0
0.5880 0.0011 0.0004 -10 0 0 0
0.5880 0.0011 0.0025 -10 0 0 0
0.5960 0.0004 0.0025 0 0 0 0
0.5880 0.0015 -0.0076 -10 0 0 0
0.5840 0.0007 -0.0083 -10 0 0 0
0.5680 0.0007 -0.0090 -10 0 0 0
0.5900 0.0007 -0.0073 -10 0 0 0
0.5980 0.0007 -0.0073 -10 0 0 0
0.5880 0.0007 -0.0077 -10 0 0 0
0.5700 0.0002 -0.0070 -10 0 0 0
0.5800 0.0000 -0.0077 -10 0 0 0
0.5660 0.0003 -0.0074 -10 0 0 0
0.5660 0.0003 -0.0074 -10 0 0 0
0.5880 0.0004 -0.0089 -10 0 0 0
0.5860 0.0005 -0.0086 -10 0 0 0
0.5800 0.0008 -0.0076 -10 0 0 0
0.5800 0.0008 -0.0076 -10 0 0 0
0.5720 0.0006 -0.0075 -10 0 0 0
0.5720 0.0006 -0.0075 -10 0 0 0
0.5760 0.0007 -0.0063 -10 0 0 0
0.5840 0.0007 -0.0059 -10 0 0 0
0.5920 0.0008 -0.0054 -10 0 0 0
0.5920 0.0008 -0.0046 -10 0 0 0
0.6040 0.0008 -0.0046 -10 0 0 0
0.5920 0.0005 -0.0021 -10 0 0 0
0.5720 0.0002 -0.0009 0 0 0 0
0.5760 0.0009 0.0031 10 0 0 0
0.5640 0.0005 0.0042 10 0 0 0
0.5740 0.0009 0.0037 10 0 0 0
0.5640 0.0008 0.0040 10 0 0 0
0.5540 0.0008 0.0032 10 0 0 0
0.5540 0.0008 0.0032 10 0 0 0
0.5520 0.0005 0.0037 10 0 0 0
0.5580 0.0004 0.0038 10 0 0 0
0.5580 0.0004 0.0038 10 0 0 0
0.5620 -0.0004 0.0052 10 0 0 0
0.5620 -0.0004 0.0052 10 0 0 0
0.5560 -0.0009 0.0057 10 0 0 0
0.5580 -0.0009 0.0058 10 0 0 0
0.5620 -0.0009 0.0037 10 0 0 0
0.5620 0.0001 0.0038 10 0 0 0
0.5640 0.0002 0.0031 10 0 0 0
0.5780 0.0001 0.0031 10 0 0 0
0.5780 0.0001 0.0031 10 0 0 0
0.5640 0.0003 0.0031 10 0 0 0
0.5740 0.0002 0.0037 0 0 0 0
0.5520 0.0007 0.0035 10 0 0 0
0.5800 0.0008 0.0045 10 0 0 0
0.5660 0.0013 0.0074 10 0 0 0
0.5660 0.0013 0.0074 10 0 0 0
0.5620 0.0017 0.0052 0 0 0 0
0.5780 0.0009 -0.0010 10 0 0 0
0.5600 0.0005 0.0025 10 0 0 0
0.5720 0.0007 0.0026 10 0 0 0
0.5720 0.0007 0.0026 10 0 0 0
0.5620 0.0014 0.0032 0 0 0 0
0.5680 0.0016 0.0031 0 -10 0 0
0.5880 0.0017 0.0036 0 -10 0 0
0.5580 0.0014 0.0037 0 -10 0 0
0.5720 0.0014 0.0048 0 -10 0 0
0.5740 0.0015 0.0053 0 -10 0 0
0.5880 0.0017 0.0056 0 -10 0 0
0.5800 0.0021 0.0061 0 -10 0 0
0.5680 0.0023 0.0065 0 -10 0 0
0.5680 0.0023 0.0065 0 -10 0 0
0.5620 0.0020 0.0074 0 -10 0 0
0.5440 0.0016 0.0077 0 -10 0 0
0.5500 0.0013 0.0083 0 -10 0 0
0.5280 0.0013 0.0107 0 -10 0 0
0.5280 0.0013 0.0106 0 -10 0 0
0.5600 0.0013 0.0106 0 -10 0 0
0.5900 0.0016 0.0106 0 -10 0 0
0.5580 0.0015 0.0105 0 -10 0 0
0.5620 0.0014 0.0116 0 -10 0 0
0.5700 0.0013 0.0121 0 -10 0 0
0.5580 0.0018 0.0131 0 -10 0 0
0.5580 0.0018 0.0131 0 -10 0 0
0.5800 0.0016 0.0114 0 -10 0 0
0.5460 0.0014 0.0112 0 0 0 0
0.5560 0.0003 0.0100 10 0 0 0
0.5920 0.0011 0.0107 10 0 0 0
0.5700 0.0008 0.0121 10 0 0 0
0.5620 0.0005 0.0125 10 0 0 0
0.5840 0.0001 0.0141 10 0 0 0
0.5840 0.0001 0.0141 10 0 0 0
0.5620 0.0006 0.0138 0 0 0 0
0.5720 0.0007 0.0133 0 -10 0 0
0.5640 0.0005 0.0134 0 -10 0 0
0.5740 0.0009 0.0131 0 -10 0 0
0.5640 0.0009 0.0131 0 -10 0 0
0.5920 0.0008 0.0130 0 -10 0 0
0.5780 0.0005 0.0127 0 -10 0 0
0.5840 0.0003 0.0148 0 -10 0 0
0.5740 -0.0002 0.0148 0 -10 0 0
0.5740 -0.0002 0.0148 0 -10 0 0
0.5740 -0.0002 0.0167 0 -10 0 0
0.5700 -0.0004 0.0168 0 -10 0 0
0.5740 -0.0004 0.0186 0 -10 0 0
0.5880 0.0009 0.0158 0 -10 0 0
0.5740 0.0011 0.0155 0 -10 0 0
0.5740 0.0011 0.0155 0 -10 0 0
0.5780 0.0005 0.0135 0 0 0 0
0.5820 -0.0002 0.0109 0 -10 0 0
0.5680 -0.0008 0.0104 0 -10 0 0
0.5620 -0.0005 0.0091 0 -10 0 0
0.5700 -0.0005 0.0091 0 -10 0 0
0.5540 -0.0002 0.0085 0 -10 0 0
0.5800 0.0003 0.0085 0 -10 0 0
0.5860 0.0003 0.0053 0 -10 0 0
0.5840 0.0003 0.0051 0 -10 0 0
0.5860 -0.0002 0.0041 0 -10 0 0
0.5840 -0.0001 0.0045 0 0 0 0
0.5740 -0.0012 0.0074 0 -10 0 0
0.5820 -0.0002 0.0065 0 -10 0 0
0.5840 -0.0005 0.0064 0 -10 0 0
0.5840 -0.0005 0.0064 0 -10 0 0
0.5800 -0.0002 0.0050 0 -10 0 0
0.5860 -0.0001 0.0035 0 -10 0 0
0.5860 -0.0001 0.0035 0 0 0 0
0.5800 -0.0002 0.0052 0 -10 0 0
0.5900 0.0002 0.0051 0 -10 0 0
0.5900 0.0003 0.0043 0 -10 0 0
0.5760 0.0003 0.0049 0 -10 0 0
0.5780 0.0004 0.0048 0 -10 0 0
0.5760 0.0007 0.0049 0 -10 0 0
0.5760 0.0007 0.0049 0 0 0 0
0.5640 0.0006 0.0059 0 -10 0 0
0.5840 0.0011 0.0060 0 -10 0 0
0.5920 0.0018 0.0061 0 -10 0 0
0.5920 0.0018 0.0061 0 -10 0 0
0.5840 0.0013 0.0061 0 -10 0 0
0.5840 0.0013 0.0061 0 -10 0 0
0.5700 0.0009 0.0049 0 0 0 0
0.5900 -0.0007 0.0000 0 -10 0 0
0.6100 -0.0003 0.0047 0 -10 0 0
0.6100 -0.0003 0.0047 0 -10 0 0
0.5980 -0.0002 0.0072 0 -10 0 0
0.5980 -0.0002 0.0072 0 0 0 0
0.5620 0.0004 0.0073 0 -10 0 0
0.5880 0.0004 0.0068 0 -10 0 0
0.5840 -0.0003 0.0067 0 -10 0 0
0.5900 -0.0002 0.0081 0 -10 0 0
0.5680 -0.0004 0.0082 0 -10 0 0
0.5820 -0.0004 0.0083 0 -10 0 0
0.5820 -0.0004 0.0083 0 0 0 0
0.5660 0.0001 0.0102 0 -10 0 0
0.5500 -0.0016 0.0150 0 -10 0 0
0.5640 -0.0008 0.0132 0 -10 0 0
0.5640 -0.0008 0.0132 0 -10 0 0
0.5540 -0.0004 0.0124 0 0 0 0
0.5700 -0.0006 0.0092 0 -10 0 0
0.5700 -0.0011 0.0090 0 -10 0 0
0.5760 -0.0009 0.0095 0 -10 0 0
0.5760 -0.0004 0.0089 0 -10 0 0
0.5760 -0.0004 0.0089 0 -10 0 0
0.5820 0.0004 0.0081 0 0 0 0
0.5960 0.0009 0.0091 0 10 0 0
0.5760 -0.0005 0.0041 0 10 0 0
0.5860 -0.0007 0.0081 0 10 0 0
0.5860 -0.0007 0.0081 0 10 0 0
0.5900 -0.0010 0.0087 0 10 0 0
0.5880 -0.0012 0.0099 0 10 0 0
0.6060 -0.0013 0.0100 0 10 0 0
0.5880 -0.0013 0.0100 0 10 0 0
0.5680 -0.0015 0.0101 0 10 0 0
0.5720 -0.0016 0.0100 0 10 0 0
0.5700 -0.0016 0.0108 0 10 0 0
0.5660 -0.0014 0.0107 0 10 0 0
0.5700 -0.0014 0.0107 0 10 0 0
0.5700 -0.0014 0.0107 0 10 0 0
0.5760 -0.0013 0.0104 0 0 0 0
0.5880 -0.0013 0.0035 0 10 0 0
0.5720 0.0003 0.0052 0 10 0 0
0.5660 0.0005 0.0074 0 10 0 0
0.5540 0.0005 0.0058 0 10 0 0
0.5740 0.0005 0.0062 0 10 0 0
0.5740 0.0005 0.0062 0 10 0 0
0.5620 0.0009 0.0059 0 10 0 0
0.5720 0.0012 0.0066 0 10 0 0
0.5740 0.0015 0.0055 0 10 0 0
0.5740 0.0018 0.0062 0 10 0 0
0.5720 0.0014 0.0065 0 10 0 0
0.5720 0.0014 0.0065 0 10 0 0
0.5660 0.0012 0.0075 0 10 0 0
0.5620 0.0010 0.0081 0 10 0 0
0.5660 0.0014 0.0099 0 10 0 0
0.5680 0.0024 0.0102 0 10 0 0
0.5840 0.0028 0.0057 0 10 0 0
0.5880 0.0031 0.0058 0 10 0 0
0.5820 0.0030 0.0052 0 10 0 0
0.5820 0.0030 0.0052 0 10 0 0
0.5800 0.0030 0.0043 0 10 0 0
0.6000 0.0027 0.0040 0 10 0 0
0.5740 0.0022 0.0058 0 10 0 0
0.5680 0.0021 0.0059 0 10 0 0
0.5680 0.0023 0.0066 0 10 0 0
0.5680 0.0023 0.0066 0 10 0 0
0.5700 0.0027 0.0070 0 10 0 0
0.5700 0.0027 0.0070 0 10 0 0
0.5920 0.0020 0.0062 0 10 0 0
0.5760 0.0018 0.0065 0 10 0 0
0.6060 0.0017 0.0051 0 10 0 0
0.6060 0.0018 0.0051 0 10 0 0
0.5760 0.0018 0.0051 0 10 0 0
0.5740 0.0019 0.0016 0 10 0 0
0.5680 0.0024 0.0034 0 10 0 0
0.5700 0.0027 0.0036 0 10 0 0
0.5900 0.0025 0.0054 0 10 0 0
0.5900 0.0025 0.0054 0 10 0 0
0.5860 0.0024 0.0056 0 10 0 0
0.5720 0.0021 0.0058 0 10 0 0
0.5980 0.0021 0.0059 0 10 0 0
0.5820 0.0017 0.0031 0 10 0 0
0.5780 0.0016 0.0034 0 0 0 0
0.5860 0.0018 0.0013 0 10 0 0
0.5880 0.0024 0.0019 0 10 0 0
0.5600 0.0030 0.0040 0 10 0 0
0.5780 0.0029 0.0046 0 10 0 0
0.5780 0.0025 0.0044 0 0 0 0
0.5840 0.0028 0.0041 0 10 0 0
0.5680 0.0036 0.0081 0 10 0 0
0.5780 0.0033 0.0082 0 0 0 0
0.5800 0.0031 0.0081 0 10 0 0
0.5820 0.0024 0.0089 0 10 0 0
0.5860 0.0023 0.0063 0 10 0 0
0.5860 0.0023 0.0063 0 10 0 0
0.5900 0.0020 0.0066 0 10 0 0
0.5780 0.0019 0.0065 0 10 0 0
0.5800 0.0018 0.0063 0 10 0 0
0.5720 0.0018 0.0069 0 10 0 0
0.5820 0.0018 0.0072 0 10 0 0
0.5920 0.0022 0.0060 0 10 0 0
0.5920 0.0022 0.0060 0 10 0 0
0.5840 0.0025 0.0074 0 10 0 0
0.5860 0.0024 0.0074 0 10 0 0
0.5860 0.0024 0.0076 0 10 0 0
0.5860 0.0024 0.0076 0 10 0 0
0.5700 0.0021 0.0089 0 10 0 0
0.5700 0.0021 0.0089 0 10 0 0
0.5740 0.0018 0.0090 0 10 0 0
0.5840 0.0016 0.0080 0 10 0 0
0.5900 0.0016 0.0082 0 10 0 0
0.5820 0.0018 0.0082 0 10 0 0
0.5800 0.0018 0.0081 0 10 0 0
0.5960 0.0016 0.0074 0 10 0 0
0.5960 0.0016 0.0074 0 10 0 0
0.5840 0.0017 0.0098 0 10 0 0
0.5700 0.0018 0.0097 0 10 0 0
0.5800 0.0017 0.0085 0 10 0 0
0.5740 0.0016 0.0088 0 10 0 0
0.5620 0.0011 0.0087 0 10 0 0
0.5620 0.0011 0.0087 0 10 0 0
0.5780 0.0011 0.0085 0 10 0 0
0.5700 0.0011 0.0069 0 10 0 0
0.5880 0.0017 0.0081 0 10 0 0
0.5940 0.0021 0.0079 0 10 0 0
0.5920 0.0024 0.0089 0 10 0 0
0.6020 0.0028 0.0090 0 10 0 0
0.6020 0.0028 0.0105 0 10 0 0
0.5760 0.0028 0.0105 0 10 0 0
0.5800 0.0025 0.0108 0 10 0 0
0.5880 0.0019 0.0130 0 10 0 0
0.5920 0.0017 0.0132 0 10 0 0
0.5960 0.0017 0.0138 0 0 0 0
0.6080 0.0024 0.0114 -10 0 0 0
0.5840 0.0025 0.0119 -10 0 0 0
0.5820 0.0025 0.0108 -10 0 0 0
0.5680 0.0026 0.0106 -10 0 0 0
0.5680 0.0026 0.0106 -10 0 0 0
0.5660 0.0025 0.0110 -10 0 0 0
0.5820 0.0025 0.0109 -10 0 0 0
0.5760 0.0026 0.0081 -10 0 0 0
0.5780 0.0027 0.0030 -10 0 0 0
0.5780 0.0027 0.0030 -10 0 0 0
0.6060 0.0025 0.0033 -10 0 0 0
0.5800 0.0024 0.0025 -10 0 0 0
0.5760 0.0026 0.0026 0 0 0 0
0.5660 0.0027 0.0079 0 10 0 0
0.5880 0.0022 0.0108 0 10 0 0
0.5620 0.0024 0.0144 0 10 0 0
0.5620 0.0024 0.0144 0 10 0 0
0.5760 0.0024 0.0165 0 10 0 0
0.5800 0.0023 0.0158 0 10 0 0
0.5800 0.0023 0.0158 0 10 0 0
0.5740 0.0023 0.0157 0 10 0 0
0.5800 0.0025 0.0158 0 0 0 0
0.5680 0.0013 0.0027 0 10 0 0
0.5840 0.0004 0.0069 0 10 0 0
0.5720 0.0006 0.0081 0 10 0 0
0.5560 0.0014 0.0075 0 10 0 0
0.5680 0.0025 0.0072 0 10 0 0
0.5680 0.0025 0.0072 0 10 0 0
0.5600 0.0025 0.0076 0 10 0 0
0.5640 0.0023 0.0072 0 10 0 0
0.5540 0.0021 0.0058 0 10 0 0
0.5660 0.0018 0.0056 0 10 0 0
0.5660 0.0018 0.0056 0 0 0 0
0.5560 0.0025 0.0070 0 10 0 0
0.5740 0.0018 0.0065 0 10 0 0
0.5560 0.0016 0.0063 0 10 0 0
0.5600 0.0015 0.0070 0 10 0 0
0.5680 0.0016 0.0059 0 10 0 0
0.5620 0.0013 0.0064 0 10 0 0
0.5720 0.0007 0.0044 0 0 0 0
0.5760 0.0007 0.0095 0 -10 0 0
0.5620 0.0007 0.0112 0 -10 0 0
0.5880 -0.0003 0.0131 0 -10 0 0
0.5680 -0.0000 0.0126 0 -10 0 0
0.5500 0.0009 0.0117 0 -10 0 0
0.5500 0.0013 0.0122 0 0 0 0
0.5500 0.0017 0.0126 0 -10 0 0
0.6040 0.0021 0.0136 0 -10 0 0
0.5800 0.0023 0.0136 0 -10 0 0
0.5800 0.0023 0.0136 0 -10 0 0
0.5840 0.0018 0.0158 0 -10 0 0
0.5820 0.0014 0.0158 0 0 0 0
0.5640 0.0014 0.0183 10 0 0 0
0.5780 0.0009 0.0152 10 0 0 0
0.5760 0.0005 0.0124 10 0 0 0
0.5560 0.0006 0.0117 10 0 0 0
0.5540 0.0008 0.0107 10 0 0 0
0.5620 0.0009 0.0114 10 0 0 0
0.5620 0.0009 0.0114 10 0 0 0
0.5640 0.0009 0.0111 10 0 0 0
0.5760 0.0004 0.0098 10 0 0 0
0.5920 0.0002 0.0096 10 0 0 0
0.5760 0.0002 0.0096 10 0 0 0
0.5760 0.0004 0.0085 10 0 0 0
0.5760 0.0004 0.0085 10 0 0 0
0.5860 0.0006 0.0087 10 0 0 0
0.5720 0.0009 0.0094 10 0 0 0
0.5900 0.0006 0.0094 10 0 0 0
0.5760 0.0003 0.0095 10 0 0 0
0.5800 0.0003 0.0094 10 0 0 0
0.5800 0.0003 0.0094 10 0 0 0
0.5840 0.0001 0.0101 10 0 0 0
0.5900 -0.0000 0.0100 10 0 0 0
0.5940 -0.0000 0.0100 10 0 0 0
0.5880 0.0003 0.0101 10 0 0 0
0.5680 0.0005 0.0099 10 0 0 0
0.5720 0.0003 0.0093 10 0 0 0
0.5720 0.0003 0.0093 10 0 0 0
0.5640 0.0007 0.0096 10 0 0 0
0.5780 0.0009 0.0103 10 0 0 0
0.5820 0.0008 0.0101 10 0 0 0
0.5880 0.0007 0.0099 10 0 0 0
0.5880 0.0007 0.0099 10 0 0 0
0.5880 0.0005 0.0096 10 0 0 0
0.5900 0.0009 0.0105 10 0 0 0
0.5780 0.0009 0.0106 10 0 0 0
0.5780 0.0004 0.0107 0 0 0 0
0.5740 0.0001 0.0107 10 0 0 0
0.5600 0.0011 0.0101 10 0 0 0
0.5800 -0.0001 0.0114 10 0 0 0
0.5760 0.0002 0.0108 10 0 0 0
0.5620 0.0011 0.0102 10 0 0 0
0.5620 0.0011 0.0102 10 0 0 0
0.5660 0.0022 0.0075 10 0 0 0
0.5860 0.0019 0.0071 10 0 0 0
0.5860 0.0019 0.0071 10 0 0 0
0.5840 0.0013 0.0062 10 0 0 0
0.5880 0.0009 0.0070 0 0 0 0
0.6180 -0.0001 0.0047 10 0 0 0
0.5600 0.0008 0.0071 10 0 0 0
0.5720 0.0003 0.0074 10 0 0 0
0.5880 -0.0006 0.0076 10 0 0 0
0.5900 -0.0011 0.0078 10 0 0 0
0.5900 -0.0011 0.0078 10 0 0 0
0.6080 -0.0007 0.0053 0 0 0 0
0.5960 -0.0001 0.0050 10 0 0 0
0.5960 0.0004 0.0079 10 0 0 0
0.6000 -0.0002 0.0072 10 0 0 0
0.5980 -0.0009 0.0074 10 0 0 0
0.5980 -0.0013 0.0097 10 0 0 0
0.5840 -0.0013 0.0098 10 0 0 0
0.5840 -0.0013 0.0098 0 0 0 0
0.5860 0.0005 0.0123 10 0 0 0
0.5900 0.0003 0.0118 10 0 0 0
0.5840 -0.0002 0.0112 10 0 0 0
0.5860 -0.0005 0.0119 10 0 0 0
0.5840 -0.0004 0.0116 10 0 0 0
0.5980 -0.0000 0.0095 10 0 0 0
0.6000 0.0007 0.0107 10 0 0 0
0.6000 0.0007 0.0107 0 0 0 0
0.5840 0.0008 0.0075 10 0 0 0
0.6000 0.0016 0.0073 10 0 0 0
0.5820 0.0015 0.0073 10 0 0 0
0.5820 0.0015 0.0073 10 0 0 0
0.5880 0.0012 0.0074 10 0 0 0
0.5760 0.0010 0.0095 10 0 0 0
0.5960 0.0011 0.0095 10 0 0 0
0.5860 0.0013 0.0099 10 0 0 0
0.5860 0.0009 0.0115 10 0 0 0
0.5700 0.0005 0.0116 10 0 0 0
0.5880 0.0003 0.0089 0 0 0 0
0.5840 0.0013 0.0102 0 10 0 0
0.6120 -0.0001 0.0104 0 10 0 0
0.5960 0.0003 0.0116 0 10 0 0
0.5960 0.0003 0.0116 0 10 0 0
0.5860 0.0007 0.0110 0 10 0 0
0.5800 0.0003 0.0109 0 10 0 0
0.5980 -0.0003 0.0093 0 10 0 0
0.5800 -0.0006 0.0094 0 10 0 0
0.6000 0.0001 0.0085 0 10 0 0
0.6000 0.0001 0.0085 0 10 0 0
0.6000 0.0007 0.0082 0 10 0 0
0.5900 0.0009 0.0058 0 10 0 0
0.5860 0.0008 0.0061 0 10 0 0
0.5960 0.0007 0.0073 0 10 0 0
0.6140 0.0000 0.0070 0 10 0 0
0.6100 -0.0002 0.0068 0 10 0 0
0.6100 -0.0002 0.0068 0 10 0 0
0.5960 -0.0002 0.0070 0 10 0 0
0.5920 -0.0001 0.0085 0 0 0 0
0.5900 0.0009 0.0124 10 0 0 0
0.6040 0.0005 0.0116 10 0 0 0
0.5920 0.0001 0.0116 10 0 0 0
0.5860 0.0000 0.0112 10 0 0 0
0.6120 -0.0003 0.0116 10 0 0 0
0.6100 -0.0006 0.0130 10 0 0 0
0.6100 -0.0007 0.0128 10 0 0 0
0.6100 -0.0007 0.0128 10 0 0 0
0.5940 -0.0008 0.0138 0 0 0 0
0.6020 0.0007 0.0094 10 0 0 0
0.6080 0.0013 0.0121 10 0 0 0
0.6120 0.0011 0.0120 10 0 0 0
0.6180 0.0016 0.0119 0 0 0 0
0.6200 0.0014 0.0114 10 0 0 0
0.6260 0.0010 0.0144 0 0 0 0
0.6200 0.0011 0.0130 0 10 0 0
0.6320 0.0007 0.0136 0 10 0 0
0.6180 0.0003 0.0128 0 10 0 0
0.6320 0.0001 0.0148 0 10 0 0
0.6260 0.0001 0.0149 0 10 0 0
0.6340 0.0015 0.0142 0 10 0 0
0.6360 0.0015 0.0142 0 10 0 0
0.6520 0.0016 0.0138 0 10 0 0
0.6340 0.0012 0.0137 0 10 0 0
0.6500 0.0013 0.0135 0 10 0 0
0.6140 0.0016 0.0135 0 10 0 0
0.6140 0.0016 0.0135 0 10 0 0
0.6080 0.0016 0.0146 0 10 0 0
0.6160 0.0014 0.0138 0 10 0 0
0.6100 0.0017 0.0127 0 10 0 0
0.6140 0.0017 0.0126 0 10 0 0
0.6320 0.0016 0.0128 0 10 0 0
0.6320 0.0018 0.0125 0 10 0 0
0.6260 0.0018 0.0125 0 10 0 0
0.6100 0.0015 0.0112 0 10 0 0
0.6240 0.0014 0.0112 0 0 0 0
0.6120 0.0005 0.0054 0 10 0 0
0.6000 0.0005 0.0050 0 10 0 0
0.6240 -0.0004 0.0042 0 10 0 0
0.6160 -0.0006 0.0035 0 10 0 0
0.6200 -0.0006 0.0036 0 0 0 0
0.6240 -0.0002 0.0064 0 10 0 0
0.6140 0.0009 0.0070 0 10 0 0
0.6180 0.0011 0.0062 0 10 0 0
0.6180 0.0007 0.0066 0 0 0 0
0.6140 0.0007 0.0099 0 -10 0 0
0.6200 0.0004 0.0103 0 -10 0 0
0.6140 0.0005 0.0099 0 -10 0 0
0.5980 0.0004 0.0083 0 -10 0 0
0.5980 0.0004 0.0083 0 0 0 0
0.6160 0.0006 0.0085 0 -10 0 0
0.6080 0.0008 0.0070 0 -10 0 0
0.6100 0.0010 0.0070 0 -10 0 0
0.5980 0.0014 0.0066 0 -10 0 0
0.5980 0.0014 0.0066 0 -10 0 0
0.5920 0.0010 0.0067 0 -10 0 0
0.5920 0.0010 0.0067 0 0 0 0
0.6020 0.0008 0.0067 0 -10 0 0
0.6100 0.0005 0.0062 0 -10 0 0
0.6100 0.0005 0.0062 0 -10 0 0
0.6020 0.0002 0.0068 0 -10 0 0
0.6140 0.0008 0.0048 0 -10 0 0
0.6340 0.0013 0.0048 0 -10 0 0
0.5980 0.0020 0.0044 0 0 0 0
0.6280 0.0014 0.0049 0 -10 0 0
0.6140 0.0023 0.0083 0 -10 0 0
0.6160 0.0019 0.0069 0 -10 0 0
0.6080 0.0018 0.0080 0 -10 0 0
0.6080 0.0018 0.0080 0 -10 0 0
0.6220 0.0013 0.0079 0 -10 0 0
0.6160 0.0009 0.0082 0 0 0 0
0.6220 0.0014 0.0060 0 -10 0 0
0.6380 0.0016 0.0044 0 -10 0 0
0.6380 0.0017 0.0049 0 -10 0 0
0.6280 0.0016 0.0034 0 -10 0 0
0.6300 0.0007 0.0010 0 0 0 0
0.6340 0.0009 0.0011 0 -10 0 0
0.6240 0.0002 -0.0007 0 -10 0 0
0.6200 0.0001 -0.0004 0 -10 0 0
0.6520 0.0000 0.0001 0 -10 0 0
0.6520 0.0000 0.0001 0 -10 0 0
0.6560 -0.0002 0.0018 0 -10 0 0
0.6460 0.0004 0.0026 0 -10 0 0
0.6480 0.0003 0.0040 0 -10 0 0
0.6380 0.0002 0.0040 0 -10 0 0
0.6500 -0.0000 0.0021 0 -10 0 0
0.6500 -0.0001 0.0027 0 -10 0 0
0.6160 0.0001 -0.0007 0 -10 0 0
0.6460 0.0002 -0.0031 0 -10 0 0
0.6340 0.0004 -0.0026 0 -10 0 0
0.6340 0.0004 -0.0026 0 -10 0 0
0.6440 0.0003 -0.0005 0 0 0 0
