0.6080 0.0002 -0.0170 0 -10 0 0
0.5940 0.0008 -0.0185 0 -10 0 0
0.6100 0.0007 -0.0155 0 -10 0 0
0.5840 0.0007 -0.0145 0 -10 0 0
0.5940 0.0007 -0.0137 0 -10 0 0
0.5940 0.0007 -0.0137 0 -10 0 0
0.5900 0.0008 -0.0122 0 -10 0 0
0.6060 0.0010 -0.0112 0 -10 0 0
0.5860 0.0007 -0.0108 0 -10 0 0
0.5940 0.0004 -0.0104 0 -10 0 0
0.5940 0.0004 -0.0104 0 -10 0 0
0.5760 0.0007 -0.0099 0 -10 0 0
0.5760 0.0007 -0.0099 0 -10 0 0
0.6040 0.0016 -0.0092 0 -10 0 0
0.5780 0.0018 -0.0100 0 -10 0 0
0.6040 0.0015 -0.0102 0 -10 0 0
0.5880 0.0018 -0.0106 0 -10 0 0
0.5880 0.0018 -0.0106 0 -10 0 0
0.5840 0.0016 -0.0100 0 -10 0 0
0.5900 0.0016 -0.0097 0 -10 0 0
0.5840 0.0014 -0.0092 0 -10 0 0
0.5860 0.0015 -0.0060 0 -10 0 0
0.5960 0.0015 -0.0063 0 -10 0 0
0.5960 0.0015 -0.0063 0 -10 0 0
0.5880 0.0018 -0.0062 0 -10 0 0
0.5680 0.0021 -0.0062 0 -10 0 0
0.5740 0.0025 -0.0046 0 -10 0 0
0.5780 0.0021 -0.0053 0 -10 0 0
0.5940 0.0021 -0.0032 0 -10 0 0
0.5760 0.0018 -0.0029 0 -10 0 0
0.5760 0.0018 -0.0029 0 -10 0 0
0.6060 0.0016 -0.0025 0 -10 0 0
0.5980 0.0015 -0.0033 0 -10 0 0
0.5720 0.0018 -0.0030 0 -10 0 0
0.5700 0.0014 -0.0045 0 -10 0 0
0.5700 0.0014 -0.0045 0 -10 0 0
0.5780 0.0014 -0.0045 0 -10 0 0
0.6040 0.0014 -0.0030 0 -10 0 0
0.5900 0.0015 -0.0030 0 -10 0 0
0.6020 0.0015 -0.0035 0 -10 0 0
0.6080 0.0012 -0.0046 0 -10 0 0
0.5820 0.0012 -0.0035 0 -10 0 0
0.5880 0.0012 -0.0036 0 -10 0 0
0.5880 0.0010 -0.0048 0 -10 0 0
0.5920 0.0010 -0.0048 0 -10 0 0
0.5900 0.0011 -0.0041 0 -10 0 0
0.6020 0.0016 -0.0029 0 0 0 0
0.6140 0.0011 0.0020 0 -10 0 0
0.6140 0.0007 -0.0023 0 -10 0 0
0.5920 0.0010 -0.0023 0 -10 0 0
0.5980 0.0013 -0.0021 0 -10 0 0
0.5940 0.0014 -0.0019 0 -10 0 0
0.6020 0.0016 -0.0006 0 -10 0 0
0.6000 0.0013 0.0018 0 -10 0 0
0.6040 0.0009 0.0025 0 -10 0 0
0.6060 0.0005 0.0016 0 -10 0 0
0.6060 0.0005 0.0016 0 -10 0 0
0.6100 0.0005 0.0015 0 -10 0 0
0.6260 0.0006 0.0030 0 -10 0 0
0.6060 0.0006 0.0030 0 -10 0 0
0.6060 0.0006 0.0030 0 -10 0 0
0.6180 0.0000 0.0041 0 -10 0 0
0.6000 -0.0001 0.0047 0 -10 0 0
0.6000 -0.0001 0.0047 0 -10 0 0
0.6100 -0.0003 0.0034 0 -10 0 0
0.6100 -0.0003 0.0034 0 0 0 0
0.5880 -0.0001 0.0050 0 -10 0 0
0.6140 0.0010 0.0073 0 -10 0 0
0.6080 0.0009 0.0087 0 -10 0 0
0.6280 0.0012 0.0089 0 -10 0 0
0.6240 0.0014 0.0098 0 -10 0 0
0.6240 0.0014 0.0098 0 -10 0 0
0.6240 0.0016 0.0099 0 -10 0 0
0.6440 0.0014 0.0086 0 -10 0 0
0.6340 0.0014 0.0084 0 -10 0 0
0.6340 0.0014 0.0084 0 -10 0 0
0.6340 0.0011 0.0072 0 -10 0 0
0.6340 0.0011 0.0072 0 -10 0 0
0.6440 0.0013 0.0056 0 -10 0 0
0.6500 0.0014 0.0055 0 -10 0 0
0.6420 0.0013 0.0052 0 -10 0 0
0.6420 0.0013 0.0052 0 -10 0 0
0.6480 0.0018 0.0040 0 -10 0 0
0.6540 0.0015 0.0029 0 -10 0 0
0.6540 0.0015 0.0029 0 -10 0 0
0.6360 0.0012 0.0020 0 -10 0 0
0.6360 0.0012 -0.0013 0 -10 0 0
0.6420 0.0012 -0.0007 0 -10 0 0
0.6420 0.0012 -0.0007 0 0 0 0
0.6460 0.0004 -0.0022 0 -10 0 0
0.6460 -0.0009 -0.0015 0 -10 0 0
0.6360 -0.0007 -0.0005 0 -10 0 0
0.6460 -0.0007 -0.0004 0 -10 0 0
0.6460 -0.0007 -0.0004 0 -10 0 0
0.6560 -0.0000 0.0022 0 -10 0 0
0.6540 0.0005 0.0039 0 -10 0 0
0.6460 0.0002 0.0041 0 -10 0 0
0.6460 0.0002 0.0041 0 -10 0 0
0.6280 0.0002 0.0058 0 -10 0 0
0.6320 0.0002 0.0058 0 -10 0 0
0.6560 -0.0000 0.0058 0 -10 0 0
0.6540 0.0000 0.0058 0 0 0 0
0.6360 0.0006 0.0052 0 -10 0 0
0.6560 -0.0002 0.0040 0 -10 0 0
0.6420 0.0000 0.0041 0 -10 0 0
0.6560 0.0002 0.0034 0 -10 0 0
0.6500 0.0001 0.0015 0 -10 0 0
0.6500 0.0001 0.0015 0 -10 0 0
0.6540 -0.0002 0.0021 0 -10 0 0
0.6520 0.0001 0.0020 0 -10 0 0
0.6520 0.0001 0.0020 0 -10 0 0
0.6440 -0.0002 0.0023 0 -10 0 0
0.6520 -0.0004 0.0027 0 -10 0 0
0.6420 -0.0005 0.0026 0 -10 0 0
0.6420 -0.0005 0.0026 0 0 0 0
0.6260 0.0013 0.0022 0 -10 0 0
0.6440 0.0008 -0.0002 0 -10 0 0
0.6320 0.0012 -0.0015 0 -10 0 0
0.6320 0.0012 -0.0015 0 -10 0 0
0.6520 0.0010 -0.0020 0 -10 0 0
0.6240 0.0014 -0.0023 0 -10 0 0
0.6320 0.0014 -0.0021 0 -10 0 0
0.6320 0.0011 -0.0024 0 -10 0 0
0.6440 0.0010 -0.0029 0 -10 0 0
0.6400 0.0009 -0.0020 0 -10 0 0
0.6460 0.0011 -0.0024 0 0 0 0
0.6220 0.0004 -0.0028 0 -10 0 0
0.6280 0.0014 -0.0052 0 -10 0 0
0.6280 0.0014 -0.0119 0 -10 0 0
0.6340 0.0016 -0.0113 0 -10 0 0
0.6340 0.0016 -0.0113 0 -10 0 0
0.6320 0.0008 -0.0111 0 -10 0 0
0.6260 0.0004 -0.0098 0 0 0 0
0.6380 0.0016 -0.0104 0 -10 0 0
0.6300 0.0011 -0.0147 0 -10 0 0
0.6000 0.0003 -0.0215 0 -10 0 0
0.6000 0.0003 -0.0215 0 -10 0 0
0.6320 0.0003 -0.0241 0 -10 0 0
0.6320 0.0003 -0.0241 0 0 0 0
0.6220 0.0007 -0.0298 0 -10 0 0
0.6120 0.0016 -0.0339 0 -10 0 0
0.5940 0.0021 -0.0342 0 -10 0 0
0.6020 0.0027 -0.0325 0 -10 0 0
0.6020 0.0027 -0.0325 0 -10 0 0
0.6120 0.0022 -0.0328 0 0 0 0
0.6040 0.0005 -0.0335 10 0 0 0
0.6280 0.0007 -0.0385 10 0 0 0
0.6380 0.0007 -0.0384 10 0 0 0
0.5960 0.0008 -0.0366 10 0 0 0
0.6000 0.0004 -0.0365 10 0 0 0
0.6000 0.0004 -0.0365 0 0 0 0
0.6080 0.0005 -0.0338 10 0 0 0
0.5920 0.0005 -0.0338 10 0 0 0
0.6100 -0.0001 -0.0296 10 0 0 0
0.6260 0.0011 -0.0328 10 0 0 0
0.6260 0.0011 -0.0328 10 0 0 0
0.6100 0.0012 -0.0327 0 0 0 0
0.6180 0.0004 -0.0356 10 0 0 0
0.6460 0.0004 -0.0399 10 0 0 0
0.6340 0.0001 -0.0401 10 0 0 0
0.6340 0.0001 -0.0401 10 0 0 0
0.6280 0.0000 -0.0402 0 0 0 0
0.6460 0.0006 -0.0380 10 0 0 0
0.6220 0.0002 -0.0401 10 0 0 0
0.6180 0.0010 -0.0398 10 0 0 0
0.6180 0.0010 -0.0398 10 0 0 0
0.6120 0.0008 -0.0404 0 0 0 0
0.6140 0.0001 -0.0409 10 0 0 0
0.6040 0.0005 -0.0440 10 0 0 0
0.6040 0.0005 -0.0440 10 0 0 0
0.6040 0.0005 -0.0440 10 0 0 0
0.6160 0.0014 -0.0419 10 0 0 0
0.6060 0.0014 -0.0409 0 0 0 0
0.6220 0.0016 -0.0397 -10 0 0 0
0.6220 -0.0001 -0.0404 -10 0 0 0
0.6220 -0.0002 -0.0407 -10 0 0 0
0.6080 0.0001 -0.0405 -10 0 0 0
0.6160 0.0002 -0.0401 -10 0 0 0
0.6340 0.0001 -0.0402 -10 0 0 0
0.6340 0.0001 -0.0402 0 0 0 0
0.6300 -0.0003 -0.0395 -10 0 0 0
0.5960 0.0003 -0.0395 -10 0 0 0
0.6080 0.0002 -0.0392 -10 0 0 0
0.6180 -0.0000 -0.0391 -10 0 0 0
0.6120 0.0001 -0.0385 -10 0 0 0
0.6160 0.0002 -0.0376 0 0 0 0
0.6240 0.0011 -0.0378 -10 0 0 0
0.6160 0.0018 -0.0371 -10 0 0 0
0.6100 0.0015 -0.0381 -10 0 0 0
0.6280 0.0014 -0.0384 -10 0 0 0
0.6280 0.0014 -0.0384 -10 0 0 0
0.6140 0.0011 -0.0384 0 0 0 0
0.6260 0.0009 -0.0407 0 10 0 0
0.6240 0.0008 -0.0368 0 10 0 0
0.6220 0.0014 -0.0354 0 10 0 0
0.6300 0.0012 -0.0290 0 10 0 0
0.6320 0.0010 -0.0292 0 10 0 0
0.6240 0.0008 -0.0325 0 0 0 0
0.6400 0.0014 -0.0403 0 10 0 0
0.6240 0.0011 -0.0416 0 10 0 0
0.6260 0.0010 -0.0437 0 10 0 0
0.6160 0.0009 -0.0437 0 10 0 0
0.6160 0.0009 -0.0437 0 10 0 0
0.6160 0.0005 -0.0419 0 10 0 0
0.6160 0.0005 -0.0419 0 10 0 0
0.6060 0.0004 -0.0405 0 10 0 0
0.6240 0.0007 -0.0398 0 10 0 0
0.6160 0.0012 -0.0399 0 10 0 0
0.6160 0.0013 -0.0395 0 10 0 0
0.6180 0.0012 -0.0423 0 0 0 0
0.6260 0.0008 -0.0403 0 10 0 0
0.6340 0.0004 -0.0402 0 10 0 0
0.6180 -0.0005 -0.0372 0 10 0 0
0.6420 -0.0006 -0.0364 0 10 0 0
0.6400 -0.0001 -0.0340 0 10 0 0
0.6540 0.0008 -0.0341 0 0 0 0
0.6300 0.0001 -0.0341 -10 0 0 0
0.6340 0.0006 -0.0340 -10 0 0 0
0.6060 0.0008 -0.0329 -10 0 0 0
0.6120 0.0008 -0.0309 -10 0 0 0
0.6160 0.0007 -0.0298 -10 0 0 0
0.6160 0.0007 -0.0298 -10 0 0 0
0.6180 0.0001 -0.0298 0 0 0 0
0.6200 -0.0000 -0.0312 -10 0 0 0
0.6180 0.0014 -0.0326 -10 0 0 0
0.6220 0.0017 -0.0325 -10 0 0 0
0.6200 0.0016 -0.0323 -10 0 0 0
0.6140 0.0014 -0.0320 -10 0 0 0
0.6140 0.0014 -0.0320 -10 0 0 0
0.5900 0.0014 -0.0318 0 0 0 0
0.6020 0.0018 -0.0333 -10 0 0 0
0.6040 0.0007 -0.0328 -10 0 0 0
0.6120 0.0010 -0.0327 -10 0 0 0
0.6020 0.0014 -0.0322 -10 0 0 0
0.6020 0.0014 -0.0322 -10 0 0 0
0.6180 0.0017 -0.0323 -10 0 0 0
0.5840 0.0013 -0.0325 0 0 0 0
0.6260 0.0016 -0.0319 -10 0 0 0
0.6080 0.0010 -0.0316 -10 0 0 0
0.6220 0.0009 -0.0318 -10 0 0 0
0.6220 0.0009 -0.0318 -10 0 0 0
0.6000 0.0007 -0.0323 -10 0 0 0
0.6120 0.0012 -0.0319 0 0 0 0
0.6020 0.0006 -0.0325 10 0 0 0
0.6260 0.0011 -0.0306 10 0 0 0
0.6160 0.0002 -0.0277 10 0 0 0
0.6180 -0.0004 -0.0280 10 0 0 0
0.6220 -0.0006 -0.0278 10 0 0 0
0.6220 -0.0006 -0.0278 0 0 0 0
0.6240 -0.0004 -0.0264 10 0 0 0
0.6260 0.0002 -0.0258 10 0 0 0
0.6200 0.0001 -0.0259 10 0 0 0
0.6340 -0.0004 -0.0271 10 0 0 0
0.6380 -0.0002 -0.0274 10 0 0 0
0.6380 -0.0002 -0.0274 10 0 0 0
0.6220 -0.0002 -0.0289 10 0 0 0
0.6220 -0.0002 -0.0289 10 0 0 0
0.6240 -0.0004 -0.0288 10 0 0 0
0.6280 -0.0009 -0.0297 10 0 0 0
0.6340 -0.0005 -0.0296 10 0 0 0
0.6380 0.0000 -0.0284 10 0 0 0
0.6320 0.0003 -0.0284 10 0 0 0
0.6320 0.0001 -0.0281 10 0 0 0
0.6300 0.0001 -0.0281 10 0 0 0
0.6400 0.0003 -0.0280 10 0 0 0
0.6140 0.0000 -0.0281 10 0 0 0
0.6280 -0.0000 -0.0294 10 0 0 0
0.6160 0.0003 -0.0295 10 0 0 0
0.6160 0.0003 -0.0295 10 0 0 0
0.6200 0.0003 -0.0295 10 0 0 0
0.6200 0.0003 -0.0295 0 0 0 0
0.6360 0.0002 -0.0302 10 0 0 0
0.6080 -0.0007 -0.0312 10 0 0 0
0.6140 0.0014 -0.0310 10 0 0 0
0.5920 0.0011 -0.0306 0 0 0 0
0.6280 0.0023 -0.0280 10 0 0 0
0.6240 0.0018 -0.0259 10 0 0 0
0.6060 0.0016 -0.0253 10 0 0 0
0.6240 0.0016 -0.0252 10 0 0 0
0.6360 0.0019 -0.0252 10 0 0 0
0.6240 0.0020 -0.0239 0 0 0 0
0.5860 0.0023 -0.0181 0 10 0 0
0.6120 0.0016 -0.0204 0 10 0 0
0.5840 0.0023 -0.0197 0 10 0 0
0.6060 0.0018 -0.0219 0 10 0 0
0.6020 0.0016 -0.0200 0 10 0 0
0.6020 0.0009 -0.0191 0 10 0 0
0.6000 0.0003 -0.0173 0 0 0 0
0.6120 -0.0002 -0.0156 0 10 0 0
0.6060 0.0004 -0.0169 0 10 0 0
0.6220 0.0012 -0.0170 0 10 0 0
0.6260 0.0016 -0.0159 0 10 0 0
0.6260 0.0011 -0.0153 0 10 0 0
0.6300 0.0002 -0.0152 0 10 0 0
0.6300 -0.0006 -0.0150 0 10 0 0
0.6400 -0.0006 -0.0150 0 10 0 0
0.6300 -0.0005 -0.0143 0 10 0 0
0.6300 -0.0005 -0.0143 0 10 0 0
0.6240 -0.0002 -0.0132 0 10 0 0
0.6300 0.0008 -0.0134 0 10 0 0
0.6300 0.0008 -0.0134 0 0 0 0
0.6160 0.0007 -0.0102 0 10 0 0
0.6360 0.0005 -0.0113 0 10 0 0
0.6420 0.0002 -0.0113 0 10 0 0
0.6260 0.0002 -0.0114 0 10 0 0
0.6320 0.0005 -0.0111 0 10 0 0
0.6460 0.0009 -0.0099 0 10 0 0
0.6320 0.0009 -0.0099 0 10 0 0
0.6320 0.0009 -0.0099 0 10 0 0
0.6160 0.0002 -0.0088 0 10 0 0
0.6020 0.0002 -0.0079 0 0 0 0
0.6380 0.0002 -0.0075 0 10 0 0
0.6160 -0.0011 -0.0056 0 10 0 0
0.6180 -0.0015 -0.0057 0 10 0 0
0.6060 -0.0017 -0.0062 0 10 0 0
0.6060 -0.0016 -0.0065 0 10 0 0
0.6060 -0.0016 -0.0065 0 10 0 0
0.6120 -0.0013 -0.0087 0 10 0 0
0.6000 -0.0011 -0.0087 0 10 0 0
0.6040 -0.0011 -0.0099 0 10 0 0
0.6220 -0.0012 -0.0119 0 10 0 0
0.6220 -0.0012 -0.0119 0 10 0 0
0.6080 -0.0015 -0.0109 0 10 0 0
0.6420 -0.0018 -0.0110 0 10 0 0
0.6400 -0.0027 -0.0118 0 10 0 0
0.6320 -0.0027 -0.0120 0 10 0 0
0.6400 -0.0022 -0.0114 0 10 0 0
0.6400 -0.0022 -0.0114 0 10 0 0
0.6380 -0.0016 -0.0116 0 10 0 0
0.6440 -0.0009 -0.0115 0 10 0 0
0.6520 -0.0009 -0.0115 0 10 0 0
0.6460 -0.0011 -0.0121 0 10 0 0
0.6460 -0.0011 -0.0121 0 10 0 0
0.6300 -0.0018 -0.0129 0 10 0 0
0.6340 -0.0018 -0.0125 0 10 0 0
0.6160 -0.0018 -0.0127 0 10 0 0
0.6280 -0.0012 -0.0117 0 10 0 0
0.6080 -0.0009 -0.0123 0 0 0 0
0.6240 -0.0015 -0.0121 0 10 0 0
0.6040 -0.0011 -0.0147 0 10 0 0
0.6100 -0.0009 -0.0141 0 10 0 0
0.6140 -0.0012 -0.0147 0 10 0 0
0.6160 -0.0013 -0.0146 0 10 0 0
0.6240 -0.0008 -0.0159 0 10 0 0
0.6280 -0.0000 -0.0171 0 10 0 0
0.6240 0.0001 -0.0168 0 10 0 0
0.6240 0.0001 -0.0168 0 10 0 0
0.6120 0.0002 -0.0157 0 10 0 0
0.6200 -0.0001 -0.0169 0 0 0 0
0.6180 0.0000 -0.0173 0 10 0 0
0.6360 0.0007 -0.0150 0 10 0 0
0.6020 0.0005 -0.0149 0 10 0 0
0.6080 0.0003 -0.0141 0 10 0 0
0.6080 0.0003 -0.0141 0 10 0 0
0.6280 0.0001 -0.0128 0 0 0 0
0.6200 0.0003 -0.0132 0 -10 0 0
0.6320 0.0014 -0.0161 0 -10 0 0
0.6360 0.0013 -0.0163 0 -10 0 0
0.6360 0.0011 -0.0156 0 -10 0 0
0.6220 0.0010 -0.0156 0 -10 0 0
0.6220 0.0010 -0.0156 0 -10 0 0
0.6160 0.0009 -0.0160 0 -10 0 0
0.6160 0.0007 -0.0165 0 -10 0 0
0.6440 0.0002 -0.0168 0 -10 0 0
0.6340 0.0000 -0.0183 0 -10 0 0
0.6360 0.0001 -0.0188 0 -10 0 0
0.6360 0.0001 -0.0188 0 -10 0 0
0.6220 0.0005 -0.0190 0 -10 0 0
0.6160 0.0003 -0.0214 0 -10 0 0
0.6180 0.0002 -0.0215 0 -10 0 0
0.6180 0.0002 -0.0215 0 -10 0 0
0.6120 0.0004 -0.0220 0 -10 0 0
0.6140 0.0002 -0.0228 0 -10 0 0
0.6140 0.0002 -0.0228 0 -10 0 0
0.6060 -0.0006 -0.0234 0 -10 0 0
0.6160 -0.0005 -0.0232 0 -10 0 0
0.6340 -0.0004 -0.0232 0 -10 0 0
0.6340 -0.0004 -0.0232 0 -10 0 0
0.6160 -0.0002 -0.0231 0 -10 0 0
0.6180 0.0004 -0.0229 0 -10 0 0
0.6180 0.0004 -0.0229 0 -10 0 0
0.6140 0.0009 -0.0247 0 -10 0 0
0.6320 0.0004 -0.0240 0 -10 0 0
0.6080 0.0001 -0.0241 0 -10 0 0
0.6080 0.0001 -0.0241 0 -10 0 0
0.6200 0.0002 -0.0252 0 -10 0 0
0.6200 0.0002 -0.0252 0 -10 0 0
0.6220 0.0004 -0.0251 0 -10 0 0
0.6200 0.0009 -0.0225 0 -10 0 0
0.6200 0.0009 -0.0221 0 -10 0 0
0.6200 0.0015 -0.0201 0 -10 0 0
0.6360 0.0015 -0.0201 0 -10 0 0
0.6400 0.0015 -0.0172 0 0 0 0
0.6360 0.0008 -0.0194 0 -10 0 0
0.6560 0.0006 -0.0204 0 -10 0 0
0.6540 0.0000 -0.0180 0 -10 0 0
0.6220 -0.0003 -0.0178 0 -10 0 0
0.6220 -0.0006 -0.0157 0 -10 0 0
0.6340 -0.0009 -0.0129 0 -10 0 0
0.6340 -0.0009 -0.0129 0 -10 0 0
0.6380 -0.0006 -0.0131 0 -10 0 0
0.6400 -0.0002 -0.0119 0 -10 0 0
0.6300 0.0000 -0.0122 0 -10 0 0
0.6520 -0.0002 -0.0116 0 -10 0 0
0.6280 -0.0005 -0.0114 0 -10 0 0
0.6280 -0.0005 -0.0114 0 -10 0 0
0.6460 -0.0005 -0.0104 0 -10 0 0
0.6340 0.0002 -0.0107 0 -10 0 0
0.6400 0.0002 -0.0096 0 -10 0 0
0.6400 0.0003 -0.0098 0 -10 0 0
0.6460 0.0003 -0.0098 0 -10 0 0
0.6360 0.0005 -0.0093 0 -10 0 0
0.6380 0.0005 -0.0093 0 -10 0 0
0.6300 0.0006 -0.0089 0 0 0 0
0.6280 0.0008 -0.0107 0 -10 0 0
0.6560 0.0010 -0.0109 0 -10 0 0
0.6560 0.0010 -0.0109 0 -10 0 0
0.6420 0.0003 -0.0097 0 -10 0 0
0.6580 0.0004 -0.0096 0 -10 0 0
0.6300 0.0003 -0.0079 0 -10 0 0
0.6300 0.0003 -0.0079 0 -10 0 0
0.6400 0.0005 -0.0077 0 -10 0 0
0.6520 0.0002 -0.0087 0 0 0 0
0.6540 0.0006 -0.0128 0 -10 0 0
0.6780 -0.0000 -0.0128 0 -10 0 0
0.6360 0.0004 -0.0143 0 -10 0 0
0.6280 0.0008 -0.0143 0 -10 0 0
0.6420 0.0007 -0.0142 0 0 0 0
0.6280 -0.0000 -0.0183 0 -10 0 0
0.6440 -0.0012 -0.0106 0 -10 0 0
0.6580 -0.0005 -0.0114 0 -10 0 0
0.6580 -0.0004 -0.0113 0 0 0 0
0.6620 -0.0004 -0.0120 0 -10 0 0
0.6360 0.0004 -0.0122 0 -10 0 0
0.6480 0.0004 -0.0122 0 0 0 0
