0.5800 -0.0010 0.0347 0 -10 0 0
0.5840 0.0002 0.0356 0 -10 0 0
0.5640 0.0003 0.0367 0 -10 0 0
0.5500 0.0007 0.0372 0 -10 0 0
0.5600 0.0005 0.0400 0 -10 0 0
0.5640 0.0004 0.0390 0 -10 0 0
0.5620 0.0005 0.0385 0 -10 0 0
0.5640 0.0000 0.0384 0 -10 0 0
0.5640 -0.0003 0.0387 0 -10 0 0
0.5620 -0.0003 0.0387 0 -10 0 0
0.5680 -0.0006 0.0372 0 -10 0 0
0.5600 -0.0007 0.0374 0 -10 0 0
0.5660 -0.0006 0.0391 0 -10 0 0
0.5780 0.0002 0.0387 0 -10 0 0
0.5780 0.0002 0.0387 0 -10 0 0
0.5800 0.0007 0.0386 0 0 0 0
0.5960 0.0005 0.0376 0 -10 0 0
0.5760 0.0008 0.0369 0 -10 0 0
0.5720 0.0005 0.0369 0 -10 0 0
0.5760 0.0003 0.0366 0 -10 0 0
0.5680 0.0002 0.0361 0 -10 0 0
0.5920 0.0000 0.0374 0 -10 0 0
0.5920 0.0000 0.0374 0 -10 0 0
0.5860 0.0002 0.0377 0 -10 0 0
0.5940 0.0004 0.0379 0 -10 0 0
0.5940 0.0004 0.0379 0 -10 0 0
0.5840 0.0007 0.0383 0 -10 0 0
0.5720 0.0006 0.0383 0 -10 0 0
0.5400 0.0007 0.0390 0 -10 0 0
0.5580 0.0010 0.0396 0 -10 0 0
0.5580 0.0010 0.0396 0 -10 0 0
0.5580 0.0013 0.0365 0 0 0 0
0.5820 0.0009 0.0363 0 -10 0 0
0.5780 0.0025 0.0349 0 -10 0 0
0.5780 0.0017 0.0342 0 -10 0 0
0.5760 0.0013 0.0344 0 -10 0 0
0.5760 0.0013 0.0344 0 -10 0 0
0.5680 0.0013 0.0351 0 -10 0 0
0.5820 0.0014 0.0365 0 -10 0 0
0.5740 0.0014 0.0366 0 -10 0 0
0.5640 0.0016 0.0345 0 -10 0 0
0.5640 0.0016 0.0345 0 -10 0 0
0.5660 0.0017 0.0348 0 -10 0 0
0.5800 0.0017 0.0366 0 -10 0 0
0.5660 0.0018 0.0387 0 -10 0 0
0.5660 0.0016 0.0390 0 -10 0 0
0.5660 0.0016 0.0390 0 -10 0 0
0.5660 0.0016 0.0397 0 0 0 0
0.5800 0.0024 0.0426 0 -10 0 0
0.5620 0.0007 0.0449 0 -10 0 0
0.5840 0.0004 0.0431 0 -10 0 0
0.5820 0.0009 0.0406 0 -10 0 0
0.5700 0.0012 0.0404 0 -10 0 0
0.5980 0.0013 0.0408 0 -10 0 0
0.5980 0.0013 0.0408 0 -10 0 0
0.5760 0.0013 0.0410 0 0 0 0
0.5860 0.0017 0.0419 0 -10 0 0
0.5780 0.0013 0.0403 0 -10 0 0
0.5780 0.0007 0.0395 0 -10 0 0
0.5780 0.0007 0.0395 0 -10 0 0
0.5740 0.0006 0.0395 0 -10 0 0
0.5900 0.0005 0.0402 0 0 0 0
0.5800 0.0001 0.0402 0 -10 0 0
0.5840 0.0002 0.0418 0 -10 0 0
0.5840 0.0002 0.0418 0 -10 0 0
0.6000 0.0005 0.0441 0 -10 0 0
0.6000 0.0005 0.0441 0 -10 0 0
0.6000 0.0007 0.0442 0 -10 0 0
0.6060 0.0016 0.0442 0 0 0 0
0.5820 0.0013 0.0438 0 0 0 -10
0.5800 0.0023 0.0394 0 0 0 -10
0.5800 0.0023 0.0394 0 0 0 -10
0.5940 0.0021 0.0392 0 0 0 0
0.5840 0.0011 0.0383 0 0 0 -10
0.5880 0.0016 0.0362 0 0 0 -10
0.5840 0.0018 0.0352 0 0 0 0
0.5920 0.0010 0.0321 0 0 0 -10
0.5920 0.0010 0.0304 0 0 0 -10
0.5980 0.0010 0.0293 0 0 0 -10
0.6060 0.0012 0.0300 0 0 0 0
0.5900 0.0009 0.0297 0 0 0 -10
0.5780 0.0008 0.0291 0 0 0 -10
0.5780 0.0007 0.0266 0 0 0 -10
0.5780 0.0007 0.0262 0 0 0 0
0.5940 0.0007 0.0262 0 0 0 -10
0.5980 0.0008 0.0235 0 0 0 0
0.5860 0.0005 0.0211 0 0 0 -10
0.5720 0.0002 0.0195 0 0 0 -10
0.5800 0.0001 0.0154 0 0 0 0
0.5860 0.0001 0.0054 0 0 0 -10
0.6040 0.0002 0.0018 0 0 0 -10
0.6040 0.0002 0.0018 0 0 0 0
0.5860 0.0005 -0.0006 0 0 0 -10
0.5820 0.0005 -0.0031 0 0 0 -10
0.6020 0.0005 -0.0013 0 0 0 -10
0.5980 0.0007 0.0016 0 0 0 0
0.5920 0.0011 -0.0063 0 -10 0 0
0.5900 0.0014 -0.0058 0 -10 0 0
0.5900 0.0004 -0.0070 0 -10 0 0
0.5920 0.0003 -0.0074 0 -10 0 0
0.5920 0.0003 -0.0074 0 -10 0 0
0.5980 -0.0002 -0.0059 0 -10 0 0
0.5980 -0.0002 -0.0059 0 -10 0 0
0.5960 0.0001 -0.0058 0 -10 0 0
0.6100 -0.0002 -0.0073 0 0 0 0
0.6060 -0.0006 -0.0081 0 -10 0 0
0.6020 0.0000 -0.0074 0 -10 0 0
0.6120 0.0005 -0.0063 0 -10 0 0
0.6200 0.0005 -0.0042 0 -10 0 0
0.6100 0.0006 -0.0038 0 -10 0 0
0.6100 0.0006 -0.0038 0 -10 0 0
0.6160 0.0003 -0.0049 0 0 0 0
0.6020 0.0001 -0.0121 0 -10 0 0
0.5940 0.0011 -0.0101 0 -10 0 0
0.5940 0.0011 -0.0101 0 -10 0 0
0.6060 0.0013 -0.0086 0 0 0 0
0.6140 0.0013 -0.0087 0 -10 0 0
0.6220 0.0007 -0.0136 0 -10 0 0
0.5940 0.0009 -0.0133 0 -10 0 0
0.5940 0.0009 -0.0133 0 -10 0 0
0.6100 0.0010 -0.0128 0 0 0 0
0.6220 0.0010 -0.0082 0 -10 0 0
0.6160 0.0010 -0.0081 0 -10 0 0
0.6160 0.0011 -0.0088 0 -10 0 0
0.6180 0.0012 -0.0079 0 -10 0 0
0.6000 0.0016 -0.0080 0 0 0 0
0.6160 0.0011 -0.0078 0 -10 0 0
0.6160 0.0011 -0.0069 0 -10 0 0
0.6160 0.0011 -0.0069 0 -10 0 0
0.6120 0.0014 -0.0073 0 -10 0 0
0.6060 0.0014 -0.0074 0 0 0 0
0.6220 0.0009 -0.0071 0 -10 0 0
0.6160 0.0014 -0.0083 0 -10 0 0
0.6260 0.0018 -0.0059 0 -10 0 0
0.6240 0.0018 -0.0063 0 -10 0 0
0.6240 0.0018 -0.0063 0 0 0 0
0.6200 0.0012 -0.0065 0 -10 0 0
0.6120 0.0007 -0.0088 0 -10 0 0
0.6120 0.0007 -0.0088 0 -10 0 0
0.6080 0.0008 -0.0102 0 0 0 0
0.6120 0.0014 -0.0107 0 -10 0 0
0.6240 0.0009 -0.0108 0 -10 0 0
0.6300 0.0012 -0.0101 0 0 0 0
0.6300 0.0013 -0.0092 0 -10 0 0
0.6180 0.0010 -0.0093 0 -10 0 0
0.6180 0.0010 -0.0093 0 -10 0 0
0.6180 0.0010 -0.0093 0 0 0 0
0.6280 0.0008 -0.0109 0 -10 0 0
0.6340 0.0009 -0.0117 0 -10 0 0
0.6340 0.0008 -0.0119 0 0 0 0
0.6280 0.0005 -0.0139 0 -10 0 0
0.6320 0.0006 -0.0176 0 -10 0 0
0.6160 0.0006 -0.0176 0 -10 0 0
0.6220 0.0010 -0.0165 0 -10 0 0
0.6200 0.0013 -0.0161 0 0 0 0
0.6300 0.0011 -0.0155 0 -10 0 0
0.6400 0.0006 -0.0166 0 -10 0 0
0.6260 0.0005 -0.0165 0 -10 0 0
0.6260 0.0005 -0.0165 0 0 0 0
0.6360 0.0019 -0.0153 0 -10 0 0
0.6380 0.0004 -0.0163 0 -10 0 0
0.6320 0.0003 -0.0129 0 -10 0 0
0.6160 0.0008 -0.0122 0 0 0 0
0.6180 0.0011 -0.0122 0 -10 0 0
0.6260 -0.0005 -0.0095 0 -10 0 0
0.6280 -0.0000 -0.0116 0 -10 0 0
0.6320 0.0002 -0.0112 0 -10 0 0
0.6360 0.0000 -0.0103 0 0 0 0
0.6320 -0.0004 -0.0093 0 -10 0 0
0.6420 -0.0009 -0.0088 0 -10 0 0
0.6560 0.0001 -0.0090 0 -10 0 0
0.6440 0.0002 -0.0072 0 -10 0 0
0.6380 0.0007 -0.0071 0 -10 0 0
0.6380 0.0007 -0.0071 0 -10 0 0
0.6540 0.0010 -0.0069 0 0 0 0
0.6260 -0.0004 -0.0062 0 -10 0 0
0.6140 -0.0002 -0.0048 0 -10 0 0
0.6140 -0.0002 -0.0046 0 -10 0 0
0.6040 -0.0002 -0.0045 0 0 0 0
0.6480 0.0005 -0.0050 0 -10 0 0
0.6440 0.0010 -0.0051 0 -10 0 0
0.6380 0.0008 -0.0057 0 0 0 0
0.6340 0.0006 -0.0058 0 -10 0 0
0.6440 0.0012 -0.0066 0 -10 0 0
0.6280 0.0011 -0.0066 0 -10 0 0
0.6380 0.0009 -0.0063 0 -10 0 0
0.6400 0.0005 -0.0066 0 0 0 0
0.6060 0.0004 -0.0066 0 0 0 0
0.6520 0.0000 -0.0098 0 -10 0 0
0.6380 0.0000 -0.0093 0 -10 0 0
0.6480 0.0002 -0.0094 0 -10 0 0
0.6380 0.0003 -0.0096 0 -10 0 0
0.6380 0.0003 -0.0096 0 0 0 0
0.6380 -0.0000 -0.0092 0 -10 0 0
0.6440 0.0008 -0.0087 0 -10 0 0
0.6520 0.0012 -0.0100 0 -10 0 0
0.6520 0.0012 -0.0100 0 0 0 0
0.6620 0.0006 -0.0107 0 -10 0 0
0.6580 0.0011 -0.0118 0 -10 0 0
0.6640 0.0013 -0.0115 0 0 0 0
0.6480 0.0012 -0.0098 0 -10 0 0
0.6320 0.0007 -0.0086 0 -10 0 0
0.6300 0.0003 -0.0104 0 -10 0 0
0.6320 0.0003 -0.0088 0 0 0 0
0.6540 0.0002 -0.0084 0 -10 0 0
0.6360 0.0011 -0.0086 0 -10 0 0
0.6600 0.0009 -0.0076 0 -10 0 0
0.6400 0.0011 -0.0080 0 0 0 0
0.6460 -0.0005 -0.0103 0 -10 0 0
0.6620 -0.0003 -0.0092 0 -10 0 0
0.6320 0.0006 -0.0089 0 0 0 0
0.6420 -0.0002 -0.0107 0 -10 0 0
0.6460 0.0006 -0.0114 0 -10 0 0
0.6380 0.0005 -0.0130 0 -10 0 0
0.6460 0.0007 -0.0108 0 0 0 0
0.6640 0.0007 -0.0097 0 -10 0 0
0.6680 0.0000 -0.0099 0 -10 0 0
0.6540 -0.0000 -0.0114 0 -10 0 0
0.6540 -0.0000 -0.0114 0 -10 0 0
0.6500 0.0003 -0.0093 0 0 0 0
0.6560 -0.0004 -0.0097 0 -10 0 0
0.6580 0.0010 -0.0083 0 -10 0 0
0.6340 0.0004 -0.0091 0 0 0 0
0.6240 0.0012 -0.0050 0 -10 0 0
0.6380 0.0009 -0.0108 0 -10 0 0
0.6540 0.0007 -0.0103 0 -10 0 0
0.6620 0.0008 -0.0107 0 -10 0 0
0.6420 0.0011 -0.0125 0 0 0 0
0.6060 0.0018 -0.0165 0 -10 0 0
0.6200 0.0018 -0.0132 0 -10 0 0
0.6140 0.0017 -0.0137 0 -10 0 0
0.6140 0.0022 -0.0136 0 -10 0 0
0.6220 0.0023 -0.0131 0 0 0 0
0.6180 0.0003 -0.0185 0 -10 0 0
0.6120 0.0001 -0.0150 0 -10 0 0
0.6080 -0.0002 -0.0147 0 0 0 0
0.6040 0.0018 -0.0183 0 0 0 10
0.6320 0.0027 -0.0201 0 0 0 10
0.6060 0.0029 -0.0204 0 0 0 10
0.5980 0.0029 -0.0232 0 0 0 0
0.6040 0.0024 -0.0217 0 0 0 10
0.6100 0.0019 -0.0175 0 0 0 10
0.6120 0.0023 -0.0159 0 0 0 10
0.6120 0.0023 -0.0159 0 0 0 10
0.6160 0.0030 -0.0154 0 0 0 0
0.6200 0.0010 0.0022 0 0 0 10
0.6140 0.0000 -0.0008 0 0 0 0
0.6160 -0.0009 0.0019 0 -10 0 0
0.6040 0.0005 0.0097 0 -10 0 0
0.5980 0.0003 0.0099 0 -10 0 0
0.5840 -0.0003 0.0115 0 -10 0 0
0.5940 -0.0005 0.0114 0 0 0 0
0.6120 0.0005 0.0190 0 -10 0 0
0.6080 0.0010 0.0197 0 -10 0 0
0.6060 0.0007 0.0202 0 -10 0 0
0.5900 0.0007 0.0214 0 0 0 0
0.6160 0.0004 0.0235 0 10 0 0
0.6040 0.0008 0.0259 0 10 0 0
0.5960 0.0009 0.0252 0 10 0 0
0.6200 0.0009 0.0264 0 10 0 0
0.6140 0.0009 0.0270 0 10 0 0
0.6140 0.0009 0.0270 0 10 0 0
0.6080 0.0009 0.0266 0 10 0 0
0.6060 0.0015 0.0273 0 10 0 0
0.6100 0.0016 0.0272 0 10 0 0
0.6020 0.0020 0.0263 0 10 0 0
0.6000 0.0018 0.0261 0 10 0 0
0.6000 0.0018 0.0261 0 10 0 0
0.6040 0.0012 0.0270 0 10 0 0
0.6020 0.0010 0.0273 0 10 0 0
0.5920 0.0004 0.0293 0 10 0 0
0.6040 0.0004 0.0296 0 10 0 0
0.5980 0.0004 0.0304 0 10 0 0
0.5980 0.0004 0.0304 0 10 0 0
0.5960 0.0005 0.0298 0 10 0 0
0.5980 0.0001 0.0300 0 10 0 0
0.6120 -0.0006 0.0319 0 10 0 0
0.6000 -0.0011 0.0317 0 10 0 0
0.5900 -0.0013 0.0330 0 10 0 0
0.6160 -0.0011 0.0330 0 10 0 0
0.6160 -0.0011 0.0330 0 10 0 0
0.6040 -0.0007 0.0331 0 10 0 0
0.6060 -0.0008 0.0330 0 10 0 0
0.6020 -0.0004 0.0326 0 10 0 0
0.6000 -0.0002 0.0324 0 10 0 0
0.6120 0.0001 0.0332 0 10 0 0
0.6120 0.0001 0.0332 0 10 0 0
0.5980 0.0002 0.0333 0 10 0 0
0.6160 -0.0002 0.0321 0 10 0 0
0.6060 -0.0000 0.0315 0 10 0 0
0.5960 -0.0000 0.0311 0 10 0 0
0.6060 0.0000 0.0301 0 0 0 0
0.6200 0.0003 0.0290 0 10 0 0
0.6300 -0.0001 0.0284 0 10 0 0
0.6240 -0.0000 0.0297 0 10 0 0
0.6280 0.0003 0.0297 0 10 0 0
0.6280 0.0003 0.0297 0 10 0 0
0.6200 0.0011 0.0289 0 10 0 0
0.6160 0.0014 0.0286 0 10 0 0
0.6180 0.0011 0.0273 0 10 0 0
0.6140 0.0009 0.0261 0 0 0 0
0.6280 0.0006 0.0261 0 10 0 0
0.6340 0.0013 0.0250 0 10 0 0
0.6080 0.0016 0.0233 0 10 0 0
0.6240 0.0012 0.0230 0 10 0 0
0.6280 0.0009 0.0193 0 10 0 0
0.6280 0.0009 0.0193 0 10 0 0
0.6320 0.0008 0.0195 0 10 0 0
0.6060 0.0006 0.0198 0 10 0 0
0.6060 0.0006 0.0198 0 10 0 0
0.6100 0.0005 0.0195 0 10 0 0
0.6220 0.0005 0.0195 0 10 0 0
0.6340 0.0007 0.0193 0 10 0 0
0.6340 0.0007 0.0193 0 0 0 0
0.6360 0.0003 0.0192 0 10 0 0
0.6100 0.0003 0.0187 0 10 0 0
0.6000 0.0006 0.0190 0 10 0 0
0.5900 0.0005 0.0188 0 10 0 0
0.5900 0.0005 0.0188 0 0 0 0
0.6000 0.0005 0.0195 0 10 0 0
0.6120 0.0008 0.0200 0 10 0 0
0.6180 0.0007 0.0190 0 0 0 0
0.5980 0.0000 0.0192 0 10 0 0
0.6100 0.0019 0.0188 0 10 0 0
0.6100 0.0019 0.0188 0 10 0 0
0.6300 0.0025 0.0187 0 0 0 0
0.5860 0.0024 0.0212 0 10 0 0
0.6120 0.0013 0.0237 0 10 0 0
0.5940 0.0015 0.0227 0 0 0 0
0.6180 0.0013 0.0227 0 10 0 0
0.5860 0.0006 0.0218 0 10 0 0
0.6040 0.0007 0.0242 0 0 0 0
0.6020 0.0010 0.0244 0 10 0 0
0.5920 -0.0006 0.0267 0 10 0 0
0.5920 -0.0006 0.0267 0 10 0 0
0.6060 -0.0009 0.0270 0 0 0 0
0.6080 0.0012 0.0285 0 0 0 -10
0.6380 0.0015 0.0204 0 0 0 -10
0.6220 0.0014 0.0236 0 0 0 -10
0.6200 0.0014 0.0231 0 0 0 0
0.6060 0.0010 0.0230 0 0 0 -10
0.6060 0.0011 0.0184 0 0 0 -10
0.6080 0.0020 0.0174 0 0 0 0
0.6100 0.0022 0.0164 0 0 0 -10
0.6260 0.0005 0.0126 0 0 0 -10
0.6260 0.0005 0.0126 0 0 0 0
0.6040 -0.0004 0.0100 0 0 0 -10
0.6240 0.0012 0.0018 0 0 0 -10
0.6240 0.0012 0.0018 0 0 0 0
0.6180 0.0012 0.0016 0 0 0 -10
0.6240 0.0012 -0.0012 0 0 0 -10
0.6160 0.0013 0.0001 0 0 0 0
0.6080 0.0005 0.0012 0 0 0 10
0.6120 0.0008 -0.0096 0 0 0 10
0.6100 0.0005 -0.0093 0 0 0 0
0.6080 0.0015 0.0027 0 10 0 0
0.6240 0.0009 0.0073 0 10 0 0
0.6180 0.0004 0.0065 0 10 0 0
0.6260 0.0003 0.0047 0 10 0 0
0.6220 0.0003 0.0090 0 10 0 0
0.6220 0.0005 0.0103 0 0 0 0
0.6180 0.0004 0.0100 0 10 0 0
0.6380 0.0001 0.0085 0 10 0 0
0.6320 -0.0002 0.0069 0 10 0 0
0.6320 -0.0002 0.0069 0 10 0 0
0.6240 -0.0003 0.0064 0 0 0 0
0.6260 0.0009 0.0035 0 10 0 0
0.6140 0.0001 0.0023 0 10 0 0
0.6160 -0.0003 -0.0008 0 10 0 0
0.6140 -0.0008 -0.0003 0 10 0 0
0.6120 -0.0010 0.0028 0 10 0 0
0.6420 -0.0005 0.0033 0 10 0 0
0.6420 -0.0005 0.0033 0 10 0 0
0.6540 -0.0002 0.0047 0 0 0 0
0.6080 0.0003 0.0062 0 10 0 0
0.6220 0.0005 0.0057 0 10 0 0
0.6300 0.0006 0.0075 0 10 0 0
0.6300 0.0006 0.0075 0 0 0 0
0.6320 0.0003 0.0088 0 -10 0 0
0.6100 -0.0004 0.0120 0 -10 0 0
0.5980 -0.0002 0.0146 0 -10 0 0
0.6180 0.0003 0.0147 0 -10 0 0
0.6180 0.0003 0.0147 0 -10 0 0
0.6060 0.0007 0.0161 0 -10 0 0
0.5960 0.0000 0.0184 0 0 0 0
0.6160 -0.0002 0.0225 0 -10 0 0
0.6020 -0.0002 0.0228 0 -10 0 0
0.6140 -0.0003 0.0205 0 -10 0 0
0.6140 -0.0003 0.0205 0 0 0 0
0.6320 -0.0003 0.0207 0 -10 0 0
0.6180 -0.0011 0.0193 0 -10 0 0
0.6120 -0.0009 0.0192 0 -10 0 0
0.6180 -0.0007 0.0205 0 -10 0 0
0.6020 -0.0002 0.0203 0 -10 0 0
0.5880 0.0007 0.0197 0 -10 0 0
0.6040 0.0006 0.0196 0 -10 0 0
0.6040 0.0006 0.0196 0 0 0 0
0.6180 0.0006 0.0176 0 -10 0 0
0.6300 0.0003 0.0134 0 -10 0 0
0.6220 0.0007 0.0150 0 -10 0 0
0.6220 0.0007 0.0150 0 -10 0 0
0.6320 0.0008 0.0154 0 -10 0 0
0.6180 0.0004 0.0153 0 -10 0 0
0.6260 0.0007 0.0160 0 -10 0 0
0.6220 0.0009 0.0161 0 -10 0 0
0.6220 0.0009 0.0161 0 -10 0 0
0.6300 0.0017 0.0140 0 -10 0 0
0.6380 0.0021 0.0138 0 0 0 0
0.6220 0.0011 0.0125 0 -10 0 0
0.6240 0.0007 0.0130 0 -10 0 0
0.6240 0.0007 0.0130 0 -10 0 0
0.6140 0.0009 0.0132 0 -10 0 0
0.6160 0.0011 0.0134 0 -10 0 0
0.6120 0.0012 0.0129 0 -10 0 0
0.6040 0.0011 0.0130 0 0 0 0
0.6320 0.0013 0.0154 0 -10 0 0
0.6120 0.0025 0.0114 0 -10 0 0
0.6160 0.0025 0.0112 0 -10 0 0
0.6160 0.0011 0.0131 0 -10 0 0
0.6160 0.0011 0.0131 0 0 0 0
0.6100 0.0010 0.0131 0 -10 0 0
0.6060 0.0002 0.0159 0 -10 0 0
0.5900 0.0009 0.0174 0 -10 0 0
0.5900 0.0009 0.0174 0 0 0 0
0.6120 0.0007 0.0188 0 -10 0 0
0.6000 0.0011 0.0208 0 -10 0 0
0.6260 0.0011 0.0208 0 -10 0 0
0.6280 0.0011 0.0206 0 0 0 0
0.6040 0.0012 0.0212 0 -10 0 0
0.6140 0.0014 0.0222 0 -10 0 0
0.6160 0.0009 0.0204 0 -10 0 0
0.6080 0.0007 0.0200 0 -10 0 0
0.6080 0.0007 0.0200 0 0 0 0
0.6080 0.0009 0.0185 0 -10 0 0
0.6300 0.0002 0.0179 0 -10 0 0
0.6020 0.0005 0.0183 0 -10 0 0
0.6020 0.0005 0.0183 0 -10 0 0
0.6180 0.0007 0.0185 0 0 0 0
0.6180 0.0009 0.0186 0 -10 0 0
0.6060 0.0020 0.0178 0 -10 0 0
0.6260 0.0020 0.0175 0 -10 0 0
0.6260 0.0020 0.0175 0 -10 0 0
0.6260 0.0014 0.0165 0 0 0 0
0.6160 0.0018 0.0161 0 -10 0 0
0.6120 0.0011 0.0140 0 -10 0 0
0.6360 0.0008 0.0157 0 0 0 0
0.6080 -0.0013 0.0216 0 -10 0 0
0.6120 -0.0006 0.0195 0 -10 0 0
0.6200 -0.0006 0.0171 0 -10 0 0
0.6100 -0.0008 0.0176 0 -10 0 0
0.6240 -0.0005 0.0205 0 0 0 0
