0.5560 -0.0005 0.0004 0 -10 0 0
0.5100 -0.0009 0.0069 0 -10 0 0
0.5280 -0.0012 0.0089 0 -10 0 0
0.5420 -0.0009 0.0050 0 -10 0 0
0.5420 -0.0009 0.0050 0 -10 0 0
0.5260 -0.0004 0.0065 0 -10 0 0
0.5200 0.0002 0.0067 0 0 0 0
0.5360 0.0014 0.0165 0 -10 0 0
0.5220 0.0020 0.0181 0 -10 0 0
0.5420 0.0017 0.0166 0 -10 0 0
0.5420 0.0017 0.0166 0 -10 0 0
0.5420 0.0017 0.0155 0 -10 0 0
0.5180 0.0012 0.0151 0 -10 0 0
0.5320 0.0008 0.0133 0 -10 0 0
0.5200 0.0007 0.0129 0 -10 0 0
0.5200 0.0007 0.0129 0 -10 0 0
0.5240 0.0005 0.0134 0 -10 0 0
0.5440 0.0002 0.0131 0 -10 0 0
0.5180 -0.0000 0.0112 0 -10 0 0
0.5040 -0.0000 0.0109 0 0 0 0
0.5120 0.0001 0.0075 0 0 0 -10
0.5140 0.0007 0.0075 0 0 0 -10
0.5300 -0.0006 0.0067 0 0 0 -10
0.5300 -0.0006 0.0067 0 0 0 0
0.5140 -0.0006 0.0072 0 0 0 -10
0.4920 -0.0004 0.0036 0 0 0 -10
0.4920 -0.0004 0.0036 0 0 0 -10
0.5100 -0.0004 0.0021 0 0 0 -10
0.5240 -0.0005 0.0031 0 0 0 0
0.5380 0.0022 -0.0228 0 -10 0 0
0.5380 0.0006 -0.0226 0 -10 0 0
0.5340 0.0019 -0.0230 0 -10 0 0
0.5320 0.0025 -0.0250 0 -10 0 0
0.5200 0.0021 -0.0230 0 -10 0 0
0.5380 0.0022 -0.0252 0 -10 0 0
0.5460 0.0013 -0.0235 0 -10 0 0
0.5280 0.0009 -0.0227 0 -10 0 0
0.5500 0.0005 -0.0217 0 -10 0 0
0.5500 0.0005 -0.0217 0 -10 0 0
0.5340 0.0007 -0.0211 0 -10 0 0
0.5300 0.0009 -0.0223 0 0 0 0
0.5380 0.0004 -0.0206 0 -10 0 0
0.5380 0.0005 -0.0185 0 -10 0 0
0.5340 0.0005 -0.0178 0 -10 0 0
0.5240 0.0007 -0.0174 0 -10 0 0
0.5520 0.0012 -0.0176 0 -10 0 0
0.5560 0.0011 -0.0136 0 0 0 0
0.5380 -0.0003 -0.0042 -10 0 0 0
0.5460 0.0006 -0.0041 -10 0 0 0
0.5360 0.0006 -0.0033 -10 0 0 0
0.5160 0.0003 -0.0069 -10 0 0 0
0.5080 0.0010 -0.0064 -10 0 0 0
0.4960 0.0016 -0.0050 -10 0 0 0
0.5080 0.0018 -0.0051 -10 0 0 0
0.5200 0.0019 -0.0057 -10 0 0 0
0.5300 0.0016 -0.0056 -10 0 0 0
0.5320 0.0012 -0.0046 -10 0 0 0
0.5360 0.0008 -0.0048 -10 0 0 0
0.5220 0.0009 -0.0055 -10 0 0 0
0.5300 0.0011 -0.0055 -10 0 0 0
0.5260 0.0012 -0.0037 -10 0 0 0
0.5280 0.0007 -0.0040 0 0 0 0
0.5080 -0.0005 -0.0038 -10 0 0 0
0.5140 0.0003 -0.0106 -10 0 0 0
0.5220 0.0010 -0.0133 -10 0 0 0
0.5080 0.0012 -0.0151 -10 0 0 0
0.5080 0.0012 -0.0151 -10 0 0 0
0.5180 0.0011 -0.0150 -10 0 0 0
0.5220 0.0011 -0.0171 -10 0 0 0
0.5000 0.0013 -0.0171 -10 0 0 0
0.5080 0.0014 -0.0177 -10 0 0 0
0.5080 0.0014 -0.0177 -10 0 0 0
0.4960 0.0013 -0.0195 -10 0 0 0
0.5080 0.0013 -0.0195 -10 0 0 0
0.5120 0.0018 -0.0197 -10 0 0 0
0.5100 0.0021 -0.0191 -10 0 0 0
0.5060 0.0024 -0.0193 -10 0 0 0
0.5060 0.0024 -0.0193 0 0 0 0
0.5100 0.0012 -0.0185 -10 0 0 0
0.5200 0.0009 -0.0172 -10 0 0 0
0.5280 0.0006 -0.0174 -10 0 0 0
0.5240 0.0002 -0.0175 -10 0 0 0
0.5240 0.0002 -0.0175 0 0 0 0
0.5500 0.0006 -0.0160 0 -10 0 0
0.5320 0.0004 -0.0161 0 -10 0 0
0.5320 0.0004 -0.0161 0 -10 0 0
0.5200 0.0007 -0.0154 0 -10 0 0
0.5060 0.0011 -0.0150 0 -10 0 0
0.5180 0.0016 -0.0145 0 -10 0 0
0.5180 0.0016 -0.0145 0 -10 0 0
0.5220 0.0027 -0.0143 0 -10 0 0
0.5380 0.0028 -0.0128 0 -10 0 0
0.5200 0.0027 -0.0125 0 -10 0 0
0.5160 0.0027 -0.0125 0 -10 0 0
0.5020 0.0024 -0.0126 0 -10 0 0
0.5020 0.0024 -0.0126 0 -10 0 0
0.5140 0.0018 -0.0123 0 -10 0 0
0.5100 0.0013 -0.0120 0 -10 0 0
0.5080 0.0012 -0.0117 0 -10 0 0
0.5180 0.0012 -0.0118 0 -10 0 0
0.5020 0.0020 -0.0120 0 -10 0 0
0.5020 0.0020 -0.0120 0 -10 0 0
0.5100 0.0018 -0.0121 0 -10 0 0
0.5140 0.0014 -0.0120 0 -10 0 0
0.5000 0.0011 -0.0117 0 -10 0 0
0.5000 0.0011 -0.0117 0 0 0 0
0.5240 0.0017 -0.0111 0 -10 0 0
0.5100 0.0012 -0.0105 0 -10 0 0
0.5140 0.0007 -0.0113 0 -10 0 0
0.5140 0.0007 -0.0113 0 -10 0 0
0.5200 0.0005 -0.0098 0 -10 0 0
0.5240 -0.0004 -0.0105 0 -10 0 0
0.5360 -0.0007 -0.0106 0 -10 0 0
0.5160 -0.0005 -0.0111 0 -10 0 0
0.5160 -0.0005 -0.0111 0 -10 0 0
0.5260 -0.0004 -0.0110 0 -10 0 0
0.5300 -0.0006 -0.0114 0 -10 0 0
0.5260 -0.0006 -0.0119 0 -10 0 0
0.5260 -0.0009 -0.0110 0 -10 0 0
0.5260 -0.0009 -0.0110 0 -10 0 0
0.5140 -0.0008 -0.0111 0 -10 0 0
0.5080 -0.0006 -0.0131 0 -10 0 0
0.5160 -0.0005 -0.0151 0 -10 0 0
0.5160 -0.0005 -0.0151 0 -10 0 0
0.5120 -0.0008 -0.0177 0 -10 0 0
0.5380 -0.0008 -0.0177 0 -10 0 0
0.5220 -0.0013 -0.0184 0 -10 0 0
0.5280 -0.0016 -0.0180 0 -10 0 0
0.5240 -0.0010 -0.0196 0 -10 0 0
0.5240 -0.0010 -0.0196 0 0 0 0
0.5180 -0.0008 -0.0199 0 -10 0 0
0.5180 -0.0005 -0.0241 0 -10 0 0
0.5260 -0.0004 -0.0237 0 -10 0 0
0.5140 -0.0007 -0.0269 0 -10 0 0
0.5180 -0.0010 -0.0262 0 -10 0 0
0.5180 -0.0010 -0.0262 0 -10 0 0
0.5260 -0.0005 -0.0238 0 -10 0 0
0.5280 0.0001 -0.0238 0 -10 0 0
0.5280 0.0005 -0.0208 0 -10 0 0
0.5360 0.0007 -0.0200 0 -10 0 0
0.5300 0.0005 -0.0193 0 -10 0 0
0.5300 0.0005 -0.0193 0 -10 0 0
0.5400 0.0003 -0.0187 0 -10 0 0
0.5540 -0.0001 -0.0193 0 -10 0 0
0.5160 0.0007 -0.0186 0 -10 0 0
0.5240 0.0006 -0.0183 0 -10 0 0
0.5240 0.0006 -0.0183 0 -10 0 0
0.5360 0.0011 -0.0168 0 -10 0 0
0.5420 0.0014 -0.0163 0 -10 0 0
0.5180 0.0013 -0.0134 0 -10 0 0
0.5180 0.0013 -0.0133 0 -10 0 0
0.5080 0.0013 -0.0123 0 -10 0 0
0.5080 0.0014 -0.0120 0 -10 0 0
0.5180 0.0014 -0.0120 0 -10 0 0
0.5340 0.0016 -0.0122 0 -10 0 0
0.5260 0.0016 -0.0118 0 -10 0 0
0.5280 0.0020 -0.0110 0 -10 0 0
0.5080 0.0018 -0.0106 0 -10 0 0
0.5040 0.0018 -0.0114 0 -10 0 0
0.5300 0.0019 -0.0115 0 -10 0 0
0.5300 0.0019 -0.0115 0 -10 0 0
0.5160 0.0021 -0.0109 0 -10 0 0
0.5200 0.0018 -0.0110 0 -10 0 0
0.5300 0.0014 -0.0096 0 -10 0 0
0.5300 0.0014 -0.0096 0 -10 0 0
0.5200 0.0013 -0.0102 0 -10 0 0
0.5120 0.0016 -0.0094 0 -10 0 0
0.5300 0.0013 -0.0098 0 -10 0 0
0.5360 0.0011 -0.0109 0 -10 0 0
0.5280 0.0007 -0.0114 0 -10 0 0
0.5260 0.0005 -0.0132 0 -10 0 0
0.5260 0.0005 -0.0132 0 -10 0 0
0.5260 0.0011 -0.0135 0 -10 0 0
0.5560 0.0010 -0.0137 0 0 0 0
0.5480 0.0014 -0.0132 0 -10 0 0
0.5340 0.0007 -0.0153 0 -10 0 0
0.5120 0.0014 -0.0184 0 -10 0 0
0.5240 0.0014 -0.0153 0 -10 0 0
0.5260 0.0012 -0.0152 0 -10 0 0
0.5220 0.0003 -0.0125 0 -10 0 0
0.5420 -0.0004 -0.0121 0 -10 0 0
0.5420 -0.0004 -0.0121 0 -10 0 0
0.5360 -0.0007 -0.0092 0 -10 0 0
0.5580 -0.0006 -0.0088 0 -10 0 0
0.5420 -0.0002 -0.0086 0 -10 0 0
0.5280 0.0005 -0.0087 0 -10 0 0
0.5280 0.0009 -0.0086 0 -10 0 0
0.5280 0.0009 -0.0086 0 -10 0 0
0.5180 0.0004 -0.0075 0 -10 0 0
0.5060 0.0001 -0.0075 0 -10 0 0
0.5060 0.0005 -0.0068 0 -10 0 0
0.5160 0.0006 -0.0073 0 -10 0 0
0.5160 0.0006 -0.0073 0 -10 0 0
0.5320 0.0006 -0.0070 0 -10 0 0
0.5320 0.0006 -0.0070 0 -10 0 0
0.5480 0.0006 -0.0054 0 -10 0 0
0.5420 0.0004 -0.0054 0 0 0 0
0.5380 0.0020 -0.0049 0 -10 0 0
0.5420 0.0019 -0.0062 0 -10 0 0
0.5200 0.0021 -0.0067 0 -10 0 0
0.5380 0.0021 -0.0067 0 -10 0 0
0.5600 0.0017 -0.0056 0 -10 0 0
0.5400 0.0011 -0.0058 0 -10 0 0
0.5580 0.0007 -0.0067 0 -10 0 0
0.5500 0.0010 -0.0071 0 0 0 0
0.5500 0.0019 -0.0079 0 -10 0 0
0.5660 0.0024 -0.0103 0 -10 0 0
0.5700 0.0020 -0.0102 0 -10 0 0
0.5640 0.0018 -0.0108 0 -10 0 0
0.5460 0.0027 -0.0109 0 -10 0 0
0.5460 0.0027 -0.0109 0 -10 0 0
0.5500 0.0029 -0.0109 0 -10 0 0
0.5380 0.0028 -0.0130 0 -10 0 0
0.5600 0.0024 -0.0131 0 -10 0 0
0.5600 0.0026 -0.0095 0 -10 0 0
0.5600 0.0026 -0.0095 0 0 0 0
0.5780 0.0026 -0.0096 0 -10 0 0
0.5660 0.0021 -0.0095 0 -10 0 0
0.5580 0.0020 -0.0097 0 -10 0 0
0.5580 0.0020 -0.0097 0 -10 0 0
0.5860 0.0022 -0.0098 0 -10 0 0
0.5740 0.0027 -0.0097 0 -10 0 0
0.5740 0.0027 -0.0097 0 -10 0 0
0.5680 0.0029 -0.0110 0 -10 0 0
0.5640 0.0025 -0.0107 0 0 0 0
0.5600 0.0022 -0.0137 0 -10 0 0
0.5760 0.0022 -0.0138 0 -10 0 0
0.5700 0.0022 -0.0133 0 -10 0 0
0.5620 0.0023 -0.0132 0 -10 0 0
0.5620 0.0023 -0.0132 0 -10 0 0
0.5660 0.0021 -0.0141 0 -10 0 0
0.5820 0.0017 -0.0140 0 -10 0 0
0.5860 0.0011 -0.0156 0 -10 0 0
0.5740 0.0003 -0.0181 0 0 0 0
0.5680 0.0005 -0.0169 0 -10 0 0
0.5920 0.0005 -0.0172 0 -10 0 0
0.6000 0.0000 -0.0161 0 -10 0 0
0.6040 0.0003 -0.0169 0 -10 0 0
0.5980 0.0010 -0.0171 0 -10 0 0
0.5900 0.0006 -0.0172 0 0 0 0
0.6040 0.0009 -0.0149 0 -10 0 0
0.5940 0.0021 -0.0117 0 -10 0 0
0.6140 0.0021 -0.0139 0 -10 0 0
0.6040 0.0020 -0.0140 0 -10 0 0
0.5900 0.0018 -0.0150 0 -10 0 0
0.5900 0.0018 -0.0150 0 -10 0 0
0.5940 0.0016 -0.0157 0 -10 0 0
0.6160 0.0015 -0.0156 0 0 0 0
0.6280 0.0010 -0.0135 0 -10 0 0
0.6200 0.0018 -0.0185 0 -10 0 0
0.6380 0.0017 -0.0173 0 -10 0 0
0.6380 0.0017 -0.0173 0 -10 0 0
0.6260 0.0011 -0.0170 0 -10 0 0
0.6300 0.0012 -0.0170 0 -10 0 0
0.6380 0.0012 -0.0155 0 0 0 0
0.6400 0.0002 -0.0134 0 -10 0 0
0.6020 0.0012 -0.0109 0 -10 0 0
0.6080 0.0014 -0.0109 0 -10 0 0
0.6160 0.0013 -0.0116 0 -10 0 0
0.6120 0.0008 -0.0118 0 -10 0 0
0.5960 0.0005 -0.0116 0 0 0 0
0.6020 -0.0004 -0.0131 0 -10 0 0
0.6300 -0.0002 -0.0134 0 -10 0 0
0.6300 0.0001 -0.0134 0 -10 0 0
0.6160 0.0002 -0.0121 0 -10 0 0
0.5900 0.0004 -0.0123 0 0 0 0
0.6020 0.0005 -0.0163 0 -10 0 0
0.6000 0.0011 -0.0103 0 -10 0 0
0.5940 0.0005 -0.0085 0 -10 0 0
0.5880 0.0002 -0.0088 0 0 0 0
0.6140 0.0002 -0.0088 0 -10 0 0
0.6040 0.0001 -0.0090 0 -10 0 0
0.6120 -0.0000 -0.0088 0 -10 0 0
0.6120 -0.0004 -0.0081 0 -10 0 0
0.5980 -0.0008 -0.0075 0 -10 0 0
0.5980 -0.0008 -0.0075 0 0 0 0
0.5940 0.0006 -0.0090 0 0 0 -10
0.6180 0.0020 -0.0084 0 0 0 -10
0.6080 0.0009 -0.0072 0 0 0 0
0.6280 -0.0012 -0.0129 0 -10 0 0
0.6020 -0.0005 -0.0147 0 -10 0 0
0.6280 -0.0003 -0.0132 0 -10 0 0
0.6100 -0.0002 -0.0128 0 -10 0 0
0.6140 0.0000 -0.0125 0 -10 0 0
0.6160 -0.0001 -0.0126 0 -10 0 0
0.6200 -0.0004 -0.0125 0 -10 0 0
0.6200 -0.0004 -0.0125 0 0 0 0
0.6100 0.0003 -0.0118 0 0 0 10
0.6120 0.0004 -0.0106 0 0 0 10
0.6020 0.0005 -0.0102 0 0 0 0
0.6260 0.0007 -0.0090 0 0 0 10
0.6140 -0.0001 -0.0040 0 0 0 10
0.6140 -0.0001 -0.0040 0 0 0 0
0.6120 -0.0002 0.0027 0 0 0 10
0.6180 0.0010 0.0012 0 0 0 10
0.6060 0.0006 0.0018 0 0 0 10
0.6060 0.0006 0.0018 0 0 0 0
0.6080 0.0013 0.0006 0 -10 0 0
0.6160 0.0022 0.0040 0 -10 0 0
0.6160 0.0013 0.0022 0 -10 0 0
0.6160 0.0013 0.0022 0 -10 0 0
0.6180 0.0011 0.0058 0 -10 0 0
0.6180 0.0011 0.0058 0 -10 0 0
0.6220 0.0009 0.0063 0 -10 0 0
0.6140 0.0009 0.0057 0 -10 0 0
0.6200 0.0009 0.0059 0 -10 0 0
0.6200 0.0009 0.0059 0 -10 0 0
0.6240 0.0005 0.0077 0 0 0 0
0.6240 -0.0005 0.0099 0 -10 0 0
0.6160 -0.0002 0.0133 0 -10 0 0
0.6060 -0.0001 0.0140 0 -10 0 0
0.6040 -0.0004 0.0145 0 -10 0 0
0.6040 -0.0004 0.0145 0 -10 0 0
0.6140 -0.0008 0.0144 0 -10 0 0
0.6040 -0.0007 0.0143 0 -10 0 0
0.6080 -0.0006 0.0134 0 -10 0 0
0.6040 -0.0005 0.0137 0 -10 0 0
0.6200 0.0001 0.0117 0 -10 0 0
0.6200 0.0001 0.0117 0 -10 0 0
0.6180 0.0003 0.0116 0 -10 0 0
0.6080 -0.0001 0.0145 0 -10 0 0
0.5980 -0.0004 0.0143 0 -10 0 0
0.5900 -0.0004 0.0145 0 -10 0 0
0.6160 -0.0005 0.0146 0 -10 0 0
0.6160 -0.0005 0.0146 0 -10 0 0
0.6200 -0.0006 0.0157 0 -10 0 0
0.6080 -0.0003 0.0159 0 -10 0 0
0.6100 0.0003 0.0175 0 0 0 0
0.6160 0.0001 0.0178 0 -10 0 0
0.6340 0.0005 0.0211 0 -10 0 0
0.6220 0.0014 0.0198 0 -10 0 0
0.6220 0.0014 0.0198 0 -10 0 0
0.6280 0.0014 0.0197 0 -10 0 0
0.6140 0.0014 0.0219 0 0 0 0
0.6420 0.0002 0.0233 0 -10 0 0
0.6080 0.0003 0.0240 0 -10 0 0
0.6140 0.0005 0.0242 0 -10 0 0
0.6400 0.0006 0.0235 0 -10 0 0
0.6260 0.0002 0.0233 0 0 0 0
0.6160 0.0008 0.0204 0 -10 0 0
0.6280 0.0016 0.0180 0 -10 0 0
0.6240 0.0015 0.0173 0 -10 0 0
0.6240 0.0015 0.0173 0 -10 0 0
0.6360 0.0011 0.0177 0 -10 0 0
0.6240 0.0007 0.0177 0 0 0 0
0.6160 -0.0002 0.0175 0 -10 0 0
0.6200 0.0011 0.0181 0 -10 0 0
0.6020 0.0007 0.0188 0 -10 0 0
0.6180 0.0005 0.0180 0 -10 0 0
0.6060 0.0004 0.0183 0 -10 0 0
0.6060 0.0004 0.0183 0 0 0 0
0.6140 -0.0002 0.0165 0 -10 0 0
0.6060 0.0004 0.0123 0 -10 0 0
0.5980 -0.0001 0.0148 0 -10 0 0
0.6180 -0.0007 0.0147 0 -10 0 0
0.6180 -0.0007 0.0147 0 0 0 0
0.6200 0.0002 0.0107 0 -10 0 0
0.6360 0.0018 0.0052 0 -10 0 0
0.6360 0.0018 0.0052 0 -10 0 0
0.6100 0.0022 0.0056 0 -10 0 0
0.6020 0.0018 0.0067 0 -10 0 0
0.6060 0.0012 0.0086 0 0 0 0
0.5960 0.0025 0.0099 0 -10 0 0
0.5960 0.0022 0.0139 0 -10 0 0
0.5980 0.0018 0.0147 0 -10 0 0
0.6000 0.0019 0.0144 0 0 0 0
0.6240 0.0007 0.0100 0 -10 0 0
0.6240 -0.0000 0.0101 0 -10 0 0
0.6200 -0.0000 0.0101 0 -10 0 0
0.6180 0.0007 0.0119 0 0 0 0
0.6060 0.0007 0.0122 0 -10 0 0
0.6100 0.0003 0.0104 0 -10 0 0
0.6060 0.0005 0.0107 0 -10 0 0
0.6040 0.0007 0.0125 0 0 0 0
0.6160 0.0003 0.0107 0 -10 0 0
0.6060 0.0006 0.0121 0 -10 0 0
0.5960 0.0013 0.0099 0 -10 0 0
0.5960 0.0014 0.0123 0 -10 0 0
0.5900 0.0015 0.0119 0 -10 0 0
0.5900 0.0015 0.0119 0 0 0 0
0.6040 -0.0000 0.0093 0 -10 0 0
0.6120 0.0012 0.0088 0 -10 0 0
0.6180 0.0013 0.0138 0 -10 0 0
0.6000 0.0013 0.0138 0 -10 0 0
0.5940 0.0011 0.0266 0 -10 0 0
0.6160 0.0013 0.0268 0 -10 0 0
0.6180 0.0009 0.0263 0 -10 0 0
0.6020 0.0003 0.0251 0 -10 0 0
0.6020 0.0003 0.0251 0 -10 0 0
0.6160 0.0001 0.0249 0 -10 0 0
0.6160 -0.0001 0.0229 0 -10 0 0
0.6160 0.0002 0.0218 0 -10 0 0
0.6080 0.0005 0.0221 0 -10 0 0
0.6320 0.0008 0.0210 0 -10 0 0
0.6320 0.0012 0.0221 0 -10 0 0
0.6060 0.0012 0.0221 0 -10 0 0
0.6120 0.0011 0.0235 0 0 0 0
0.6140 -0.0001 0.0227 0 -10 0 0
0.6120 0.0007 0.0189 0 -10 0 0
0.6000 0.0002 0.0177 0 -10 0 0
0.6060 -0.0001 0.0153 0 -10 0 0
0.6120 -0.0000 0.0152 0 -10 0 0
0.6060 0.0004 0.0144 0 -10 0 0
0.6060 0.0004 0.0144 0 -10 0 0
0.6080 0.0002 0.0113 0 0 0 0
0.5940 -0.0003 0.0069 0 -10 0 0
0.5860 0.0006 0.0018 0 -10 0 0
0.5940 0.0007 -0.0028 0 -10 0 0
0.6000 0.0005 -0.0033 0 -10 0 0
0.6180 0.0002 -0.0035 0 0 0 0
0.5940 0.0004 -0.0021 0 -10 0 0
0.5980 0.0009 -0.0020 0 -10 0 0
0.5980 0.0009 -0.0020 0 -10 0 0
0.5980 0.0014 -0.0017 0 -10 0 0
0.6140 0.0019 -0.0020 0 -10 0 0
0.6140 0.0019 -0.0020 0 0 0 0
0.6000 0.0016 -0.0047 0 -10 0 0
0.6120 0.0007 -0.0002 0 -10 0 0
0.6140 0.0009 0.0002 0 -10 0 0
0.5980 0.0020 0.0026 0 -10 0 0
0.6200 0.0018 0.0047 0 -10 0 0
0.6200 0.0018 0.0047 0 0 0 0
0.5820 0.0010 0.0208 0 0 0 -10
0.5760 -0.0005 0.0235 0 0 0 -10
0.5780 -0.0005 0.0237 0 0 0 -10
0.5780 -0.0005 0.0237 0 0 0 0
0.5820 0.0026 0.0304 0 0 0 10
0.5860 0.0018 0.0508 0 0 0 10
0.5920 0.0023 0.0566 0 0 0 0
0.5720 0.0004 0.0554 0 0 0 -10
0.5900 0.0007 0.0452 0 0 0 0
0.6020 0.0002 0.0394 0 0 0 -10
0.5880 -0.0007 0.0368 0 0 0 -10
0.5780 -0.0008 0.0358 0 0 0 0
0.5840 -0.0000 0.0198 0 0 0 -10
0.5880 -0.0016 0.0187 0 0 0 -10
0.5840 0.0012 0.0152 0 0 0 0
0.5880 0.0004 -0.0047 0 0 0 -10
0.6060 -0.0002 -0.0048 0 0 0 -10
0.5960 -0.0005 0.0009 0 0 0 0
0.6060 0.0011 -0.0113 0 -10 0 0
0.5740 0.0028 -0.0012 0 -10 0 0
0.5800 0.0036 0.0032 0 -10 0 0
0.5820 0.0034 0.0035 0 -10 0 0
0.5920 0.0033 0.0000 0 -10 0 0
0.5920 0.0033 0.0000 0 -10 0 0
0.6040 0.0018 0.0018 0 -10 0 0
0.6040 0.0018 0.0018 0 -10 0 0
0.5840 0.0013 0.0051 0 -10 0 0
0.5900 0.0013 0.0069 0 -10 0 0
0.5920 0.0014 0.0076 0 -10 0 0
0.5920 0.0014 0.0076 0 0 0 0
0.5780 0.0004 0.0169 0 10 0 0
0.5760 0.0003 0.0151 0 10 0 0
0.5960 -0.0006 0.0112 0 10 0 0
0.5840 -0.0007 0.0071 0 10 0 0
0.5760 -0.0004 0.0069 0 10 0 0
0.5700 -0.0001 0.0071 0 10 0 0
0.5920 0.0002 0.0088 0 0 0 0
0.5880 0.0005 0.0085 10 0 0 0
0.5940 0.0003 0.0101 10 0 0 0
0.5780 0.0018 0.0101 10 0 0 0
0.5860 0.0015 0.0104 10 0 0 0
0.5900 0.0006 0.0108 10 0 0 0
0.5900 0.0006 0.0108 10 0 0 0
0.5980 0.0003 0.0110 10 0 0 0
0.5860 0.0003 0.0104 10 0 0 0
0.5860 -0.0000 0.0108 10 0 0 0
0.6000 0.0005 0.0114 0 0 0 0
0.5880 0.0009 0.0126 10 0 0 0
0.6120 0.0006 0.0133 10 0 0 0
0.6020 0.0006 0.0131 10 0 0 0
0.5940 0.0006 0.0131 10 0 0 0
0.5880 0.0009 0.0128 10 0 0 0
0.5880 0.0009 0.0128 10 0 0 0
0.5980 0.0014 0.0121 0 0 0 0
0.5960 0.0017 0.0151 10 0 0 0
0.5740 0.0013 0.0145 10 0 0 0
0.5780 0.0012 0.0127 10 0 0 0
0.5980 0.0011 0.0106 10 0 0 0
0.5980 0.0010 0.0116 10 0 0 0
0.5820 0.0010 0.0116 0 0 0 0
0.6100 0.0012 0.0120 10 0 0 0
0.5980 0.0002 0.0099 10 0 0 0
0.5880 0.0002 0.0099 10 0 0 0
0.5840 0.0001 0.0126 10 0 0 0
0.5940 0.0003 0.0132 0 0 0 0
0.5900 0.0007 0.0147 10 0 0 0
0.5980 0.0002 0.0163 10 0 0 0
0.5920 0.0001 0.0162 10 0 0 0
0.5920 0.0004 0.0164 10 0 0 0
0.5920 0.0006 0.0169 10 0 0 0
0.5920 0.0008 0.0144 0 0 0 0
0.5980 0.0008 0.0134 10 0 0 0
0.5900 0.0008 0.0140 10 0 0 0
0.5720 0.0012 0.0151 10 0 0 0
0.5720 0.0012 0.0151 10 0 0 0
0.5780 0.0009 0.0152 10 0 0 0
0.5760 0.0012 0.0171 10 0 0 0
0.5780 0.0016 0.0167 10 0 0 0
0.5880 0.0013 0.0155 10 0 0 0
0.5820 0.0013 0.0155 10 0 0 0
0.5820 0.0013 0.0155 0 0 0 0
0.5720 0.0011 0.0149 10 0 0 0
0.5980 0.0016 0.0145 10 0 0 0
0.5940 0.0018 0.0134 10 0 0 0
0.6040 0.0021 0.0121 10 0 0 0
0.6040 0.0021 0.0121 10 0 0 0
0.5840 0.0017 0.0118 0 0 0 0
0.5880 0.0010 0.0107 10 0 0 0
0.6060 0.0009 0.0118 10 0 0 0
0.6020 0.0011 0.0121 10 0 0 0
0.6020 0.0011 0.0121 10 0 0 0
0.6040 0.0008 0.0125 0 0 0 0
0.5860 -0.0002 0.0127 10 0 0 0
0.5740 0.0009 0.0126 10 0 0 0
0.5740 0.0009 0.0126 10 0 0 0
0.5740 0.0011 0.0122 10 0 0 0
0.6000 0.0010 0.0119 10 0 0 0
0.6040 0.0009 0.0118 0 0 0 0
0.5760 0.0007 0.0109 10 0 0 0
0.5720 0.0012 0.0110 10 0 0 0
0.5860 0.0018 0.0110 10 0 0 0
0.5780 0.0015 0.0111 10 0 0 0
0.5920 0.0008 0.0113 0 0 0 0
0.5620 0.0005 0.0119 10 0 0 0
0.5780 0.0011 0.0125 10 0 0 0
0.5860 0.0010 0.0136 10 0 0 0
0.5860 0.0010 0.0136 10 0 0 0
0.5980 -0.0002 0.0139 10 0 0 0
0.5680 -0.0011 0.0137 10 0 0 0
0.5840 -0.0015 0.0142 10 0 0 0
0.5840 -0.0009 0.0139 10 0 0 0
0.5720 0.0000 0.0140 0 0 0 0
0.5560 0.0004 0.0144 10 0 0 0
0.5980 0.0003 0.0144 10 0 0 0
0.5740 0.0001 0.0110 10 0 0 0
0.5800 -0.0002 0.0115 10 0 0 0
0.5920 -0.0009 0.0116 10 0 0 0
0.5800 -0.0011 0.0118 10 0 0 0
0.5800 -0.0011 0.0118 10 0 0 0
0.5740 -0.0012 0.0116 10 0 0 0
0.5680 -0.0011 0.0119 10 0 0 0
0.5880 -0.0010 0.0127 10 0 0 0
0.5880 -0.0005 0.0132 10 0 0 0
0.5820 0.0003 0.0123 10 0 0 0
0.5920 0.0010 0.0122 10 0 0 0
0.5920 0.0010 0.0122 10 0 0 0
0.5920 0.0010 0.0122 10 0 0 0
0.5700 0.0004 0.0117 10 0 0 0
0.5560 0.0002 0.0108 0 0 0 0
0.5860 0.0003 0.0111 10 0 0 0
0.5880 -0.0008 0.0133 10 0 0 0
0.5760 -0.0006 0.0110 10 0 0 0
0.5680 -0.0006 0.0111 10 0 0 0
0.5680 -0.0006 0.0111 0 0 0 0
0.5920 0.0008 0.0085 10 0 0 0
0.5820 0.0000 0.0103 10 0 0 0
0.5780 -0.0003 0.0109 10 0 0 0
0.5720 -0.0009 0.0125 10 0 0 0
0.5780 -0.0004 0.0121 0 0 0 0
0.5960 0.0000 0.0113 10 0 0 0
0.5720 0.0012 0.0116 10 0 0 0
0.5780 0.0012 0.0081 10 0 0 0
0.5940 0.0009 0.0082 10 0 0 0
0.5940 0.0009 0.0082 10 0 0 0
0.5700 0.0001 0.0036 10 0 0 0
0.5740 -0.0000 0.0040 10 0 0 0
0.5880 0.0000 0.0044 0 0 0 0
0.5860 0.0000 0.0072 10 0 0 0
0.5860 0.0000 0.0072 10 0 0 0
0.5860 0.0000 0.0072 10 0 0 0
0.5940 0.0005 0.0077 10 0 0 0
0.5780 0.0009 0.0094 10 0 0 0
0.5800 0.0009 0.0095 10 0 0 0
0.5660 0.0007 0.0105 10 0 0 0
0.5680 0.0009 0.0106 0 0 0 0
0.5680 0.0009 0.0131 10 0 0 0
0.5720 0.0007 0.0137 10 0 0 0
0.5800 0.0008 0.0133 10 0 0 0
0.5640 0.0007 0.0133 10 0 0 0
0.5660 0.0006 0.0134 10 0 0 0
0.5660 0.0006 0.0134 10 0 0 0
0.5640 0.0004 0.0136 10 0 0 0
0.5660 0.0005 0.0135 10 0 0 0
0.5620 0.0007 0.0121 10 0 0 0
0.5620 0.0011 0.0122 10 0 0 0
0.5620 0.0011 0.0122 10 0 0 0
0.5740 0.0011 0.0121 0 0 0 0
0.5380 0.0025 0.0039 0 10 0 0
0.5620 0.0019 0.0047 0 10 0 0
0.5480 0.0029 0.0054 0 10 0 0
0.5540 0.0024 0.0047 0 10 0 0
0.5440 0.0026 0.0053 0 10 0 0
0.5700 0.0029 0.0065 0 10 0 0
0.5700 0.0029 0.0065 0 10 0 0
0.5720 0.0032 0.0065 0 10 0 0
0.5720 0.0032 0.0050 0 10 0 0
0.5680 0.0029 0.0052 0 10 0 0
0.5540 0.0025 0.0041 0 0 0 0
0.5520 0.0025 0.0047 0 10 0 0
0.5420 0.0023 0.0090 0 10 0 0
0.5500 0.0018 0.0092 0 10 0 0
0.5660 0.0018 0.0103 0 10 0 0
0.5580 0.0018 0.0105 0 10 0 0
0.5600 0.0016 0.0101 0 10 0 0
0.5580 0.0017 0.0099 0 10 0 0
0.5580 0.0017 0.0099 0 10 0 0
0.5780 0.0019 0.0104 0 10 0 0
0.5740 0.0017 0.0105 0 10 0 0
0.5700 0.0016 0.0108 0 10 0 0
0.5780 0.0016 0.0105 0 10 0 0
0.5660 0.0013 0.0108 0 10 0 0
0.5740 0.0009 0.0097 0 10 0 0
0.5740 0.0009 0.0097 0 10 0 0
0.5760 0.0007 0.0100 0 10 0 0
0.5680 0.0009 0.0107 0 10 0 0
0.5640 0.0012 0.0107 0 10 0 0
0.5800 0.0019 0.0096 0 10 0 0
0.5760 0.0021 0.0103 0 10 0 0
0.5760 0.0021 0.0103 0 10 0 0
0.5740 0.0016 0.0103 0 10 0 0
0.5940 0.0017 0.0100 0 10 0 0
0.5940 0.0017 0.0100 0 10 0 0
0.5920 0.0016 0.0101 0 0 0 0
0.5720 0.0018 0.0079 0 10 0 0
0.5680 0.0004 0.0090 0 10 0 0
0.5740 0.0010 0.0102 0 10 0 0
0.5820 0.0018 0.0105 0 10 0 0
0.5880 0.0016 0.0116 0 10 0 0
0.5660 0.0011 0.0114 0 10 0 0
0.5740 0.0010 0.0125 0 10 0 0
0.5740 0.0010 0.0125 0 10 0 0
0.5920 0.0006 0.0126 0 10 0 0
0.5680 0.0006 0.0121 0 10 0 0
0.5600 0.0013 0.0118 0 10 0 0
0.5700 0.0016 0.0124 0 10 0 0
0.5700 0.0016 0.0124 0 10 0 0
0.5680 0.0014 0.0124 0 10 0 0
0.5620 0.0015 0.0156 0 10 0 0
0.5700 0.0016 0.0159 0 10 0 0
0.5760 0.0011 0.0185 0 0 0 0
0.5820 0.0020 0.0197 0 10 0 0
0.5740 0.0027 0.0216 0 10 0 0
0.5880 0.0022 0.0218 0 10 0 0
0.5720 0.0014 0.0212 0 10 0 0
0.5920 0.0009 0.0174 0 10 0 0
0.5920 0.0009 0.0174 0 10 0 0
0.5920 0.0013 0.0172 0 10 0 0
0.5860 0.0023 0.0200 0 10 0 0
0.5940 0.0026 0.0197 0 10 0 0
0.5760 0.0024 0.0203 0 10 0 0
0.5760 0.0024 0.0203 0 10 0 0
0.5880 0.0020 0.0205 0 10 0 0
0.5800 0.0012 0.0204 0 10 0 0
0.5860 0.0012 0.0192 0 10 0 0
0.6080 0.0013 0.0186 0 10 0 0
0.6080 0.0013 0.0186 0 10 0 0
0.5980 0.0018 0.0176 0 10 0 0
0.5920 0.0016 0.0195 0 0 0 0
0.5840 0.0016 0.0235 0 10 0 0
0.5700 0.0013 0.0239 0 10 0 0
0.5780 0.0016 0.0203 0 10 0 0
0.5980 0.0014 0.0202 0 10 0 0
0.5720 0.0010 0.0202 0 10 0 0
0.5720 0.0010 0.0202 0 10 0 0
0.5860 0.0009 0.0201 0 10 0 0
0.5820 0.0010 0.0208 0 10 0 0
0.5940 0.0011 0.0203 0 10 0 0
0.5860 0.0017 0.0203 0 10 0 0
0.5600 0.0018 0.0178 0 10 0 0
0.5960 0.0017 0.0177 0 10 0 0
0.6000 0.0016 0.0189 0 10 0 0
0.6120 0.0007 0.0186 0 10 0 0
0.6040 0.0007 0.0192 0 10 0 0
0.6040 0.0007 0.0192 0 10 0 0
0.5840 0.0004 0.0190 0 0 0 0
0.5900 -0.0000 0.0165 0 10 0 0
0.6060 0.0003 0.0170 0 10 0 0
0.5900 0.0006 0.0169 0 10 0 0
0.5840 0.0011 0.0154 0 10 0 0
0.5840 0.0011 0.0154 0 10 0 0
0.6140 0.0011 0.0152 0 10 0 0
0.5940 0.0008 0.0153 0 10 0 0
0.5880 0.0000 0.0151 0 10 0 0
0.6040 -0.0006 0.0147 0 10 0 0
0.6100 -0.0003 0.0147 0 10 0 0
0.5980 0.0008 0.0141 0 10 0 0
0.5980 0.0008 0.0141 0 10 0 0
0.6020 0.0018 0.0141 0 0 0 0
0.5920 0.0001 0.0129 0 10 0 0
0.5780 0.0003 0.0105 0 10 0 0
0.5780 0.0003 0.0105 0 10 0 0
0.5980 0.0009 0.0123 0 10 0 0
0.6080 0.0014 0.0127 0 10 0 0
0.6160 0.0011 0.0137 0 10 0 0
0.6260 0.0007 0.0149 0 10 0 0
0.6260 0.0007 0.0149 0 10 0 0
0.6180 0.0008 0.0157 0 10 0 0
0.5960 0.0013 0.0155 0 10 0 0
0.6060 0.0018 0.0125 0 0 0 0
0.6080 0.0010 0.0094 0 10 0 0
0.6060 0.0004 0.0143 0 10 0 0
0.5960 -0.0002 0.0173 0 10 0 0
0.6020 -0.0009 0.0180 0 10 0 0
0.6020 -0.0009 0.0179 0 10 0 0
0.6020 -0.0009 0.0179 0 0 0 0
0.6080 0.0007 0.0202 0 10 0 0
0.5940 0.0001 0.0194 0 10 0 0
0.5920 -0.0007 0.0170 0 10 0 0
0.5940 -0.0005 0.0150 0 10 0 0
0.6100 -0.0002 0.0153 0 10 0 0
0.6300 0.0003 0.0156 0 0 0 0
0.6200 -0.0002 0.0149 0 10 0 0
0.5820 -0.0007 0.0120 0 10 0 0
0.5820 -0.0007 0.0120 0 10 0 0
0.5680 -0.0004 0.0114 0 0 0 0
0.6040 0.0001 0.0138 0 10 0 0
0.5820 0.0007 0.0138 0 10 0 0
0.5820 0.0008 0.0143 0 10 0 0
0.5820 0.0008 0.0143 0 0 0 0
0.6000 -0.0006 0.0141 0 10 0 0
0.5940 -0.0007 0.0137 0 10 0 0
0.6120 0.0003 0.0151 0 0 0 0
0.5940 -0.0011 0.0125 0 10 0 0
0.6120 -0.0005 0.0091 0 10 0 0
0.6200 -0.0007 0.0096 0 10 0 0
0.6160 -0.0007 0.0105 0 10 0 0
0.6160 -0.0007 0.0105 0 0 0 0
0.6100 -0.0014 0.0091 0 10 0 0
0.6000 0.0003 0.0122 0 10 0 0
0.5860 0.0003 0.0150 0 10 0 0
0.6000 0.0002 0.0152 0 0 0 0
0.6100 0.0007 0.0194 0 10 0 0
0.5980 0.0013 0.0167 0 10 0 0
0.6000 0.0016 0.0166 0 10 0 0
0.6000 0.0013 0.0155 0 10 0 0
0.6080 0.0013 0.0155 0 0 0 0
0.6200 0.0008 0.0164 0 10 0 0
0.5980 0.0007 0.0163 0 10 0 0
0.5980 0.0007 0.0163 0 10 0 0
0.5920 0.0009 0.0162 0 0 0 0
0.5780 0.0004 0.0157 0 10 0 0
0.5940 -0.0009 0.0137 0 10 0 0
0.5840 -0.0002 0.0119 0 0 0 0
0.5960 0.0001 0.0120 0 -10 0 0
0.5940 -0.0012 0.0123 0 -10 0 0
0.6160 0.0000 0.0119 0 -10 0 0
0.6120 0.0011 0.0111 0 -10 0 0
0.6120 0.0011 0.0111 0 -10 0 0
0.6040 0.0009 0.0110 0 -10 0 0
0.6100 0.0006 0.0100 0 -10 0 0
0.5940 0.0011 0.0099 0 -10 0 0
0.6040 0.0015 0.0096 0 -10 0 0
0.6040 0.0015 0.0096 0 -10 0 0
0.5880 0.0018 0.0094 0 -10 0 0
0.6140 0.0027 0.0099 0 -10 0 0
0.6100 0.0031 0.0075 0 -10 0 0
0.6080 0.0026 0.0074 0 -10 0 0
0.6020 0.0021 0.0078 0 -10 0 0
0.6020 0.0021 0.0078 0 -10 0 0
0.6100 0.0016 0.0080 0 -10 0 0
0.6000 0.0016 0.0108 0 -10 0 0
0.6060 0.0010 0.0110 0 -10 0 0
0.6020 0.0004 0.0109 0 -10 0 0
0.5940 0.0004 0.0109 0 -10 0 0
0.6020 0.0003 0.0092 0 -10 0 0
0.5840 0.0003 0.0090 0 -10 0 0
0.6020 0.0005 0.0080 0 -10 0 0
0.5960 0.0007 0.0029 0 -10 0 0
0.6200 0.0012 0.0026 0 -10 0 0
0.6200 0.0012 0.0026 0 -10 0 0
0.6240 0.0011 0.0024 0 -10 0 0
0.6200 0.0012 0.0001 0 -10 0 0
0.6040 0.0010 0.0002 0 -10 0 0
0.6020 0.0007 0.0005 0 -10 0 0
0.6160 0.0005 0.0020 0 -10 0 0
0.6000 0.0002 0.0022 0 -10 0 0
0.6320 -0.0004 0.0036 0 -10 0 0
0.6100 -0.0003 0.0036 0 0 0 0
0.6000 0.0001 0.0102 0 -10 0 0
0.6200 0.0004 0.0110 0 -10 0 0
0.6200 0.0004 0.0110 0 -10 0 0
0.5940 -0.0006 0.0077 0 -10 0 0
0.6200 -0.0004 0.0035 0 -10 0 0
0.6200 -0.0004 0.0035 0 -10 0 0
0.6060 0.0000 0.0030 0 -10 0 0
0.6020 0.0003 0.0023 0 -10 0 0
0.6080 0.0008 0.0019 0 0 0 0
0.6040 -0.0009 0.0041 0 -10 0 0
0.6340 -0.0016 0.0105 0 -10 0 0
0.6300 -0.0013 0.0107 0 -10 0 0
0.6260 -0.0011 0.0107 0 -10 0 0
0.6260 -0.0014 0.0114 0 0 0 0
0.6300 -0.0004 0.0111 0 -10 0 0
0.6140 -0.0002 0.0124 0 -10 0 0
0.6140 -0.0002 0.0124 0 -10 0 0
0.6120 -0.0006 0.0125 0 -10 0 0
0.6060 -0.0011 0.0090 0 -10 0 0
0.6080 -0.0009 0.0088 0 0 0 0
0.6440 -0.0004 0.0057 0 -10 0 0
0.6340 0.0002 0.0057 0 -10 0 0
0.6300 -0.0001 0.0051 0 -10 0 0
0.6240 -0.0002 0.0048 0 -10 0 0
0.6340 -0.0003 0.0063 0 0 0 0
0.6380 -0.0002 0.0057 0 -10 0 0
0.6400 -0.0004 0.0060 0 -10 0 0
0.6360 0.0002 0.0051 0 -10 0 0
0.6240 0.0007 0.0047 0 0 0 0
