0.7120 -0.0009 0.0293 -10 0 0 0
0.7260 -0.0010 0.0271 -10 0 0 0
0.7220 -0.0003 0.0272 -10 0 0 0
0.7080 -0.0000 0.0263 -10 0 0 0
0.7080 -0.0002 0.0259 -10 0 0 0
0.7020 -0.0002 0.0259 -10 0 0 0
0.7260 -0.0008 0.0248 -10 0 0 0
0.7220 -0.0007 0.0250 0 0 0 0
0.7240 -0.0004 0.0243 -10 0 0 0
0.7140 -0.0002 0.0231 -10 0 0 0
0.7280 -0.0005 0.0228 -10 0 0 0
0.7300 -0.0004 0.0223 -10 0 0 0
0.7200 -0.0003 0.0219 -10 0 0 0
0.7200 -0.0003 0.0219 -10 0 0 0
0.7180 0.0002 0.0215 -10 0 0 0
0.7320 -0.0003 0.0205 0 0 0 0
0.7020 -0.0007 0.0200 -10 0 0 0
0.7260 -0.0003 0.0213 -10 0 0 0
0.7320 0.0002 0.0213 -10 0 0 0
0.7320 0.0002 0.0218 -10 0 0 0
0.7160 0.0000 0.0218 -10 0 0 0
0.7280 -0.0001 0.0200 -10 0 0 0
0.7320 -0.0003 0.0196 0 0 0 0
0.7080 -0.0001 0.0189 -10 0 0 0
0.7260 -0.0010 0.0201 -10 0 0 0
0.7240 -0.0007 0.0196 -10 0 0 0
0.7240 -0.0007 0.0196 -10 0 0 0
0.7200 -0.0000 0.0190 -10 0 0 0
0.7120 0.0007 0.0183 -10 0 0 0
0.7160 0.0006 0.0192 0 0 0 0
0.7120 0.0008 0.0202 -10 0 0 0
0.7020 0.0005 0.0216 -10 0 0 0
0.7000 -0.0001 0.0221 -10 0 0 0
0.6980 -0.0004 0.0210 -10 0 0 0
0.6980 -0.0004 0.0210 -10 0 0 0
0.7000 -0.0007 0.0196 0 0 0 0
0.7000 -0.0001 0.0168 -10 0 0 0
0.6980 0.0002 0.0172 -10 0 0 0
0.6920 0.0002 0.0172 -10 0 0 0
0.6980 0.0002 0.0196 -10 0 0 0
0.6900 0.0006 0.0192 0 0 0 0
0.7040 0.0009 0.0169 0 0 0 -10
0.6980 -0.0007 0.0152 0 0 0 -10
0.6780 -0.0004 0.0175 0 0 0 0
0.6800 0.0003 0.0107 0 0 0 -10
