0.6260 0.0000 0.0049 -10 0 0 0
0.6640 -0.0005 0.0035 -10 0 0 0
0.6280 -0.0004 0.0006 -10 0 0 0
0.6360 -0.0004 0.0032 -10 0 0 0
0.6480 -0.0004 0.0029 -10 0 0 0
0.6480 -0.0004 0.0029 -10 0 0 0
0.6500 -0.0001 0.0032 -10 0 0 0
0.6320 0.0000 0.0033 -10 0 0 0
0.6440 -0.0001 0.0033 -10 0 0 0
0.6480 -0.0003 0.0038 -10 0 0 0
0.6480 -0.0003 0.0038 -10 0 0 0
0.6580 -0.0007 0.0035 -10 0 0 0
0.6620 -0.0005 0.0037 -10 0 0 0
0.6360 -0.0010 0.0053 -10 0 0 0
0.6720 -0.0010 0.0052 -10 0 0 0
0.6400 -0.0009 0.0066 -10 0 0 0
0.6400 -0.0009 0.0066 -10 0 0 0
0.6600 -0.0008 0.0061 -10 0 0 0
0.6640 -0.0010 0.0059 -10 0 0 0
0.6520 -0.0008 0.0046 -10 0 0 0
0.6560 -0.0004 0.0042 -10 0 0 0
0.6560 -0.0004 0.0042 -10 0 0 0
0.6620 -0.0001 0.0042 -10 0 0 0
0.6660 -0.0001 0.0021 -10 0 0 0
0.6760 -0.0002 0.0018 -10 0 0 0
0.6640 -0.0007 0.0016 -10 0 0 0
0.6640 -0.0007 0.0016 -10 0 0 0
0.6880 -0.0011 0.0017 -10 0 0 0
0.6920 -0.0016 -0.0003 -10 0 0 0
0.6840 -0.0012 -0.0002 -10 0 0 0
0.6900 -0.0003 -0.0006 -10 0 0 0
0.6900 -0.0003 -0.0006 -10 0 0 0
0.6960 0.0003 0.0005 -10 0 0 0
0.6940 -0.0000 0.0009 -10 0 0 0
