0.5460 0.0046 -0.0118 0 0 0 30
0.5540 0.0046 -0.0118 0 0 0 30
0.5040 0.0061 -0.0069 0 0 0 30
0.5180 0.0061 -0.0069 0 0 0 30
0.5080 0.0077 -0.0040 0 0 0 30
0.4820 0.0080 -0.0014 0 0 0 0
0.5180 0.0117 0.0047 0 0 0 30
0.5040 0.0145 0.0035 0 0 0 30
0.5040 0.0145 0.0035 0 0 0 30
0.5040 0.0148 0.0030 0 0 0 30
0.5000 0.0148 0.0030 0 0 0 30
0.5160 0.0151 0.0026 0 0 0 30
0.5180 0.0148 0.0070 0 0 0 30
0.5180 0.0148 0.0070 0 0 0 30
0.5280 0.0143 0.0061 0 0 0 30
0.5160 0.0136 0.0086 0 0 0 0
0.5100 0.0144 0.0285 0 0 -30 0
0.5100 0.0124 0.0364 0 0 -30 0
0.5100 0.0124 0.0364 0 0 -30 0
0.5100 0.0124 0.0364 0 0 -30 0
0.5300 0.0110 0.0344 0 0 -30 0
0.5040 0.0097 0.0339 0 0 -30 0
0.5180 0.0094 0.0349 0 0 -30 0
0.4920 0.0100 0.0353 0 0 -30 0
0.4980 0.0119 0.0386 0 0 -30 0
0.4980 0.0110 0.0378 0 0 -30 0
0.4980 0.0110 0.0378 0 0 -30 0
0.4920 0.0099 0.0345 0 0 -30 0
0.4920 0.0099 0.0345 0 0 0 0
0.5080 0.0093 0.0332 0 0 -30 0
0.5080 0.0093 0.0332 0 0 -30 0
0.4980 0.0094 0.0312 0 0 -30 0
0.4980 0.0094 0.0312 0 0 -30 0
0.5040 0.0104 0.0318 0 0 -30 0
0.5160 0.0111 0.0319 0 0 -30 0
0.5160 0.0111 0.0319 0 0 -30 0
0.5120 0.0115 0.0309 0 0 -30 0
0.5120 0.0115 0.0309 0 0 -30 0
0.5120 0.0115 0.0309 0 0 -30 0
0.5120 0.0115 0.0309 0 0 -30 0
0.5120 0.0115 0.0309 0 0 0 0
0.5200 0.0134 0.0139 0 0 -30 0
0.5340 0.0134 0.0139 0 0 -30 0
0.5180 0.0144 0.0102 0 0 -30 0
0.5220 0.0163 0.0068 0 0 -30 0
0.5080 0.0169 0.0042 0 0 -30 0
0.5280 0.0171 0.0039 0 0 0 0
0.5260 0.0141 0.0013 0 0 -30 0
0.5340 0.0136 -0.0004 0 0 -30 0
0.5400 0.0133 -0.0001 0 0 -30 0
0.5380 0.0136 0.0003 0 0 0 0
0.5040 0.0171 0.0004 0 0 -30 0
0.5220 0.0165 0.0015 0 0 -30 0
0.5240 0.0153 0.0023 0 0 -30 0
0.5240 0.0145 0.0021 0 0 -30 0
0.5280 0.0145 0.0021 0 0 -30 0
0.5140 0.0135 0.0013 0 0 -30 0
0.5160 0.0135 0.0015 0 0 -30 0
0.5180 0.0136 -0.0001 0 0 -30 0
0.5180 0.0136 -0.0001 0 0 -30 0
0.5180 0.0136 -0.0001 0 0 0 0
0.5160 0.0192 0.0019 0 0 30 0
0.5140 0.0192 0.0019 0 0 30 0
0.4960 0.0188 0.0027 0 0 30 0
0.5040 0.0186 0.0030 0 0 30 0
0.5080 0.0185 0.0035 0 0 30 0
0.5240 0.0185 0.0035 0 0 30 0
0.5080 0.0187 0.0030 0 0 30 0
0.5140 0.0185 0.0030 0 0 0 0
0.5140 0.0185 0.0030 0 0 30 0
0.5280 0.0183 0.0035 0 0 30 0
0.5040 0.0184 0.0020 0 0 30 0
0.5040 0.0183 0.0022 0 0 30 0
0.5200 0.0177 0.0026 0 0 30 0
0.5200 0.0177 0.0026 0 0 30 0
0.5200 0.0172 0.0031 0 0 0 0
0.5240 0.0165 0.0033 0 0 30 0
0.5020 0.0159 0.0038 0 0 30 0
0.4980 0.0156 0.0041 0 0 30 0
0.4980 0.0156 0.0041 0 0 30 0
0.4980 0.0156 0.0041 0 0 30 0
0.4980 0.0156 0.0041 0 0 30 0
0.4980 0.0156 0.0041 0 0 30 0
0.4980 0.0156 0.0041 0 0 0 0
0.4980 0.0156 0.0041 0 0 30 0
0.4880 0.0154 0.0041 0 0 30 0
0.5040 0.0157 0.0044 0 0 30 0
0.4900 0.0161 0.0042 0 0 30 0
0.5080 0.0160 0.0046 0 0 30 0
0.5000 0.0152 0.0048 0 0 30 0
0.4980 0.0145 0.0044 0 0 30 0
0.5040 0.0137 0.0031 0 0 30 0
0.5040 0.0137 0.0031 0 0 0 0
0.5040 0.0127 0.0026 0 0 30 0
0.5140 0.0120 0.0053 0 0 30 0
0.5100 0.0120 0.0053 0 0 30 0
0.5180 0.0127 0.0064 0 0 30 0
0.5180 0.0127 0.0064 0 0 30 0
0.5140 0.0133 0.0064 0 0 30 0
0.5140 0.0133 0.0064 0 0 30 0
0.5140 0.0133 0.0064 0 0 30 0
0.5060 0.0137 0.0076 0 0 30 0
0.5060 0.0137 0.0076 0 0 0 0
0.5060 0.0138 0.0074 0 0 30 0
0.4960 0.0132 0.0099 0 0 30 0
0.4960 0.0132 0.0099 0 0 30 0
0.4960 0.0132 0.0099 0 0 30 0
0.4960 0.0132 0.0099 0 0 30 0
0.4960 0.0132 0.0099 0 0 30 0
0.4960 0.0132 0.0099 0 0 30 0
0.4960 0.0132 0.0099 0 0 30 0
0.4960 0.0132 0.0099 0 0 30 0
0.4960 0.0132 0.0099 0 0 30 0
0.4960 0.0132 0.0099 0 0 30 0
0.4960 0.0132 0.0099 0 0 0 0
0.4960 0.0125 0.0102 0 0 30 0
0.5120 0.0112 0.0101 0 0 30 0
0.4820 0.0108 0.0121 0 0 30 0
0.4820 0.0108 0.0121 0 0 30 0
0.5300 0.0107 0.0125 0 0 30 0
0.4880 0.0109 0.0137 0 0 30 0
0.4880 0.0109 0.0137 0 0 30 0
0.5100 0.0102 0.0153 0 0 30 0
0.5100 0.0102 0.0153 0 0 0 0
0.5140 0.0084 0.0153 0 0 30 0
0.5140 0.0085 0.0133 0 0 30 0
0.5080 0.0085 0.0133 0 0 30 0
0.5060 0.0094 0.0150 0 0 30 0
0.5040 0.0114 0.0147 0 0 30 0
0.5040 0.0114 0.0147 0 0 30 0
0.5040 0.0114 0.0147 0 0 0 0
0.5160 0.0130 0.0165 0 0 30 0
0.5220 0.0121 0.0155 0 0 30 0
0.5340 0.0117 0.0144 0 0 0 0
0.5180 0.0170 0.0080 0 0 -30 0
0.5140 0.0165 0.0098 0 0 -30 0
0.5180 0.0131 0.0132 0 0 -30 0
0.5180 0.0122 0.0155 0 0 -30 0
0.5120 0.0125 0.0143 0 0 -30 0
0.5120 0.0125 0.0143 0 0 -30 0
0.5120 0.0131 0.0127 0 0 -30 0
0.5120 0.0131 0.0127 0 0 -30 0
0.5120 0.0131 0.0127 0 0 0 0
0.5080 0.0133 0.0130 0 0 -30 0
0.5200 0.0133 0.0130 0 0 -30 0
0.5340 0.0137 0.0154 0 0 -30 0
0.5140 0.0140 0.0171 0 0 -30 0
0.5220 0.0141 0.0176 0 0 -30 0
0.5220 0.0141 0.0176 0 0 -30 0
0.5220 0.0141 0.0176 0 0 -30 0
0.5220 0.0141 0.0176 0 0 0 0
0.5000 0.0138 0.0201 0 0 -30 0
0.5260 0.0140 0.0163 0 0 -30 0
0.5260 0.0137 0.0160 0 0 -30 0
0.5320 0.0123 0.0115 0 0 -30 0
0.5200 0.0123 0.0137 0 0 -30 0
0.5200 0.0123 0.0137 0 0 -30 0
0.5140 0.0126 0.0134 0 0 0 0
0.5420 0.0138 0.0138 0 0 -30 0
0.5320 0.0143 0.0135 0 0 -30 0
0.5240 0.0147 0.0120 0 0 -30 0
0.5380 0.0148 0.0118 0 0 -30 0
0.5600 0.0141 0.0104 0 0 -30 0
0.5600 0.0141 0.0104 0 0 -30 0
0.5440 0.0137 0.0105 0 0 -30 0
0.5440 0.0137 0.0105 0 0 -30 0
0.5440 0.0137 0.0105 0 0 -30 0
0.5440 0.0137 0.0105 0 0 0 0
0.5080 0.0128 0.0113 0 0 -30 0
0.5400 0.0128 0.0126 0 0 -30 0
0.5160 0.0127 0.0123 0 0 -30 0
0.5000 0.0128 0.0121 0 0 -30 0
0.5320 0.0128 0.0123 0 0 0 0
0.5220 0.0107 0.0124 0 0 -30 0
0.5180 0.0102 0.0123 0 0 -30 0
0.5260 0.0099 0.0098 0 0 -30 0
0.5260 0.0102 0.0097 0 0 -30 0
0.5020 0.0109 0.0107 0 0 -30 0
0.5120 0.0111 0.0095 0 0 0 0
0.5000 0.0108 0.0100 0 0 -30 0
0.5060 0.0110 0.0099 0 0 -30 0
0.5420 0.0113 0.0113 0 0 -30 0
0.5300 0.0117 0.0112 0 0 -30 0
0.5140 0.0121 0.0177 0 0 -30 0
0.5140 0.0121 0.0177 0 0 -30 0
0.5140 0.0121 0.0177 0 0 0 0
