0.5100 0.0041 -0.0141 0 0 0 30
0.5520 0.0041 -0.0138 0 0 0 30
0.5400 0.0041 -0.0136 0 0 0 30
0.5380 0.0042 -0.0135 0 0 0 30
0.5200 0.0042 -0.0120 0 0 0 30
0.5400 0.0043 -0.0119 0 0 0 30
0.5400 0.0043 -0.0121 0 0 0 0
0.5420 0.0072 -0.0117 0 0 0 30
0.5480 0.0075 -0.0136 0 0 0 30
0.5480 0.0078 -0.0115 0 0 0 30
0.5480 0.0077 -0.0116 0 0 0 30
0.5420 0.0077 -0.0116 0 0 0 30
0.5580 0.0069 -0.0114 0 0 0 0
0.5480 0.0072 -0.0087 0 0 0 30
0.5600 0.0074 -0.0074 0 0 0 30
0.5600 0.0074 -0.0074 0 0 0 30
0.5600 0.0080 -0.0122 0 0 0 30
0.5360 0.0080 -0.0122 0 0 0 0
0.5340 0.0042 -0.0028 0 0 0 30
0.5460 0.0042 -0.0028 0 0 0 30
0.5280 0.0040 -0.0013 0 0 0 30
0.5400 0.0045 0.0002 0 0 0 30
0.5540 0.0052 0.0008 0 0 0 0
0.5480 0.0068 0.0104 0 30 0 0
0.5460 0.0075 0.0101 0 30 0 0
0.5540 0.0074 0.0115 0 30 0 0
0.5540 0.0074 0.0115 0 30 0 0
0.5540 0.0068 0.0129 0 30 0 0
0.5620 0.0064 0.0125 0 30 0 0
0.5760 0.0062 0.0130 0 30 0 0
0.5760 0.0062 0.0130 0 30 0 0
0.5640 0.0060 0.0131 0 30 0 0
0.5640 0.0060 0.0131 0 30 0 0
0.5640 0.0060 0.0131 0 30 0 0
0.5340 0.0062 0.0126 0 30 0 0
0.5340 0.0062 0.0126 0 30 0 0
0.5340 0.0062 0.0126 0 30 0 0
0.5420 0.0066 0.0126 0 30 0 0
0.5420 0.0066 0.0126 0 30 0 0
0.5420 0.0066 0.0126 0 30 0 0
0.5420 0.0068 0.0110 0 30 0 0
0.5460 0.0068 0.0110 0 30 0 0
0.5460 0.0068 0.0110 0 30 0 0
0.5460 0.0068 0.0110 0 30 0 0
0.5240 0.0066 0.0131 0 30 0 0
0.5240 0.0066 0.0131 0 30 0 0
0.5240 0.0066 0.0131 0 30 0 0
0.5240 0.0066 0.0131 0 30 0 0
0.5460 0.0061 0.0131 0 30 0 0
0.5460 0.0061 0.0131 0 30 0 0
0.5460 0.0061 0.0131 0 30 0 0
0.5460 0.0061 0.0131 0 30 0 0
0.5500 0.0056 0.0137 0 30 0 0
0.5500 0.0056 0.0137 0 30 0 0
0.5500 0.0056 0.0137 0 30 0 0
0.5500 0.0056 0.0137 0 30 0 0
0.5500 0.0055 0.0135 0 30 0 0
0.5380 0.0055 0.0135 0 30 0 0
0.5380 0.0055 0.0135 0 30 0 0
0.5380 0.0055 0.0135 0 30 0 0
0.5380 0.0055 0.0135 0 30 0 0
0.5520 0.0053 0.0094 0 30 0 0
0.5520 0.0053 0.0094 0 30 0 0
0.5520 0.0053 0.0094 0 30 0 0
0.5460 0.0052 0.0095 0 30 0 0
0.5460 0.0052 0.0095 0 30 0 0
0.5460 0.0052 0.0095 0 30 0 0
0.5460 0.0052 0.0095 0 30 0 0
0.5460 0.0052 0.0095 0 30 0 0
0.5520 0.0051 0.0064 0 30 0 0
0.5520 0.0051 0.0064 0 30 0 0
0.5520 0.0051 0.0064 0 30 0 0
0.5520 0.0051 0.0064 0 30 0 0
0.5520 0.0051 0.0064 0 30 0 0
0.5500 0.0050 0.0067 0 30 0 0
0.5500 0.0050 0.0067 0 30 0 0
0.5500 0.0050 0.0067 0 30 0 0
0.5480 0.0049 0.0047 0 30 0 0
0.5480 0.0049 0.0047 0 30 0 0
0.5480 0.0049 0.0047 0 30 0 0
0.5480 0.0049 0.0047 0 30 0 0
0.5500 0.0050 0.0049 0 30 0 0
0.5500 0.0050 0.0049 0 30 0 0
0.5500 0.0050 0.0049 0 30 0 0
0.5500 0.0050 0.0049 0 30 0 0
0.5500 0.0050 0.0049 0 30 0 0
0.5620 0.0050 0.0042 0 30 0 0
0.5620 0.0050 0.0042 0 30 0 0
0.5620 0.0049 0.0023 0 30 0 0
0.5480 0.0049 0.0023 0 30 0 0
0.5480 0.0049 0.0023 0 30 0 0
0.5480 0.0049 0.0023 0 30 0 0
0.5480 0.0049 0.0023 0 30 0 0
0.5620 0.0050 0.0029 0 30 0 0
0.5620 0.0050 0.0029 0 30 0 0
0.5620 0.0050 0.0029 0 30 0 0
0.5620 0.0051 -0.0019 0 30 0 0
0.5320 0.0051 -0.0019 0 30 0 0
0.5320 0.0051 -0.0019 0 30 0 0
0.5380 0.0054 -0.0010 0 30 0 0
0.5380 0.0054 -0.0010 0 30 0 0
0.5380 0.0054 -0.0010 0 30 0 0
0.5380 0.0054 -0.0010 0 30 0 0
0.5440 0.0056 0.0008 0 30 0 0
0.5440 0.0056 0.0008 0 30 0 0
0.5440 0.0056 0.0008 0 30 0 0
0.5440 0.0056 0.0008 0 30 0 0
0.5440 0.0056 0.0008 0 30 0 0
0.5440 0.0058 0.0016 0 30 0 0
0.5440 0.0058 0.0016 0 30 0 0
0.5440 0.0058 0.0016 0 30 0 0
0.5440 0.0058 0.0016 0 30 0 0
0.5440 0.0058 0.0016 0 30 0 0
0.5440 0.0058 0.0016 0 30 0 0
0.5440 0.0058 0.0016 0 30 0 0
0.5220 0.0059 0.0026 0 30 0 0
0.5220 0.0059 0.0026 0 30 0 0
0.5400 0.0064 0.0033 0 30 0 0
0.5400 0.0064 0.0033 0 30 0 0
0.5400 0.0064 0.0033 0 30 0 0
0.5220 0.0066 0.0033 0 30 0 0
0.5220 0.0066 0.0033 0 30 0 0
0.5220 0.0066 0.0033 0 30 0 0
0.5220 0.0066 0.0033 0 30 0 0
0.5360 0.0071 0.0036 0 30 0 0
0.5360 0.0071 0.0036 0 30 0 0
0.5360 0.0071 0.0036 0 30 0 0
0.5360 0.0071 0.0036 0 30 0 0
0.5480 0.0071 0.0052 0 30 0 0
0.5480 0.0071 0.0052 0 30 0 0
0.5480 0.0071 0.0052 0 30 0 0
0.5480 0.0071 0.0052 0 30 0 0
0.5380 0.0070 0.0057 0 30 0 0
0.5380 0.0070 0.0057 0 30 0 0
0.5380 0.0070 0.0057 0 30 0 0
0.5380 0.0068 0.0072 0 30 0 0
0.5200 0.0068 0.0072 0 30 0 0
0.5200 0.0068 0.0072 0 30 0 0
0.5200 0.0068 0.0072 0 30 0 0
0.5200 0.0068 0.0072 0 30 0 0
0.5380 0.0064 0.0076 0 30 0 0
0.5380 0.0064 0.0076 0 30 0 0
0.5380 0.0064 0.0076 0 30 0 0
0.5380 0.0064 0.0076 0 30 0 0
0.5440 0.0061 0.0070 0 30 0 0
0.5440 0.0061 0.0070 0 30 0 0
0.5440 0.0061 0.0070 0 30 0 0
0.5440 0.0059 0.0096 0 30 0 0
0.5440 0.0059 0.0096 0 30 0 0
0.5440 0.0059 0.0096 0 30 0 0
0.5440 0.0059 0.0096 0 30 0 0
0.5440 0.0059 0.0096 0 30 0 0
0.5500 0.0061 0.0103 0 30 0 0
0.5500 0.0061 0.0103 0 30 0 0
0.5500 0.0061 0.0103 0 30 0 0
0.5500 0.0061 0.0103 0 30 0 0
0.5500 0.0061 0.0103 0 30 0 0
0.5140 0.0065 0.0103 0 30 0 0
0.5140 0.0065 0.0103 0 30 0 0
0.5140 0.0065 0.0103 0 30 0 0
0.5400 0.0069 0.0107 0 30 0 0
0.5400 0.0069 0.0107 0 30 0 0
0.5400 0.0069 0.0107 0 30 0 0
0.5400 0.0069 0.0107 0 30 0 0
0.5380 0.0072 0.0089 0 0 0 0
0.5420 0.0105 0.0033 0 30 0 0
0.5460 0.0096 0.0054 0 30 0 0
0.5560 0.0092 0.0092 0 30 0 0
0.5600 0.0087 0.0099 0 30 0 0
0.5600 0.0088 0.0089 0 30 0 0
0.5260 0.0084 0.0106 0 30 0 0
0.5260 0.0084 0.0106 0 30 0 0
0.5260 0.0084 0.0106 0 30 0 0
0.5260 0.0084 0.0106 0 30 0 0
0.5260 0.0084 0.0106 0 30 0 0
0.5260 0.0084 0.0106 0 30 0 0
0.5460 0.0083 0.0117 0 30 0 0
0.5720 0.0083 0.0169 0 30 0 0
0.5720 0.0083 0.0169 0 30 0 0
0.5720 0.0083 0.0169 0 30 0 0
0.5720 0.0083 0.0169 0 30 0 0
0.5720 0.0084 0.0170 0 30 0 0
0.5560 0.0084 0.0170 0 30 0 0
0.5560 0.0084 0.0170 0 30 0 0
0.5560 0.0084 0.0170 0 30 0 0
0.5560 0.0084 0.0170 0 30 0 0
0.5560 0.0084 0.0170 0 30 0 0
0.5560 0.0084 0.0170 0 30 0 0
0.5580 0.0085 0.0185 0 30 0 0
0.5580 0.0085 0.0185 0 30 0 0
0.5600 0.0086 0.0184 0 30 0 0
0.5600 0.0086 0.0184 0 30 0 0
0.5600 0.0086 0.0184 0 30 0 0
0.5600 0.0086 0.0184 0 30 0 0
0.5600 0.0089 0.0147 0 30 0 0
0.5600 0.0089 0.0147 0 30 0 0
0.5600 0.0089 0.0147 0 30 0 0
0.5600 0.0089 0.0147 0 30 0 0
0.5600 0.0089 0.0147 0 30 0 0
0.5600 0.0089 0.0147 0 30 0 0
0.5600 0.0089 0.0147 0 30 0 0
0.5540 0.0092 0.0149 0 30 0 0
0.5540 0.0092 0.0149 0 30 0 0
0.5720 0.0086 0.0117 0 30 0 0
0.5720 0.0086 0.0117 0 30 0 0
0.5720 0.0086 0.0117 0 30 0 0
0.5720 0.0086 0.0117 0 30 0 0
0.5380 0.0077 0.0124 0 30 0 0
0.5380 0.0077 0.0124 0 30 0 0
0.5380 0.0077 0.0124 0 30 0 0
0.5380 0.0077 0.0124 0 30 0 0
0.5380 0.0077 0.0124 0 30 0 0
0.5420 0.0066 0.0095 0 30 0 0
0.5420 0.0066 0.0095 0 30 0 0
0.5420 0.0061 0.0095 0 30 0 0
0.5380 0.0061 0.0095 0 30 0 0
0.5380 0.0061 0.0095 0 30 0 0
0.5380 0.0061 0.0095 0 30 0 0
0.5380 0.0061 0.0095 0 30 0 0
0.5380 0.0061 0.0095 0 30 0 0
0.5380 0.0061 0.0095 0 30 0 0
0.5380 0.0058 0.0088 0 30 0 0
0.5400 0.0058 0.0088 0 30 0 0
0.5400 0.0058 0.0088 0 30 0 0
0.5400 0.0058 0.0088 0 30 0 0
0.5400 0.0058 0.0088 0 30 0 0
0.5560 0.0057 0.0095 0 30 0 0
0.5560 0.0057 0.0095 0 30 0 0
0.5560 0.0057 0.0095 0 30 0 0
0.5560 0.0057 0.0095 0 30 0 0
0.5560 0.0057 0.0095 0 30 0 0
0.5560 0.0057 0.0095 0 30 0 0
0.5560 0.0057 0.0095 0 30 0 0
0.5560 0.0057 0.0095 0 30 0 0
0.5560 0.0057 0.0095 0 30 0 0
0.5560 0.0059 0.0098 0 30 0 0
0.5560 0.0059 0.0098 0 30 0 0
0.5480 0.0062 0.0079 0 30 0 0
0.5640 0.0066 0.0084 0 30 0 0
0.5640 0.0066 0.0084 0 30 0 0
0.5560 0.0067 0.0062 0 30 0 0
0.5560 0.0067 0.0062 0 30 0 0
0.5560 0.0067 0.0062 0 30 0 0
0.5560 0.0067 0.0062 0 30 0 0
0.5520 0.0067 0.0061 0 30 0 0
0.5520 0.0067 0.0061 0 30 0 0
0.5520 0.0067 0.0061 0 30 0 0
0.5520 0.0067 0.0061 0 30 0 0
0.5520 0.0067 0.0061 0 30 0 0
0.5520 0.0067 0.0061 0 30 0 0
0.5640 0.0062 0.0054 0 30 0 0
0.5640 0.0062 0.0054 0 30 0 0
0.5620 0.0059 0.0058 0 30 0 0
0.5620 0.0059 0.0058 0 30 0 0
0.5620 0.0059 0.0058 0 30 0 0
0.5620 0.0059 0.0058 0 0 0 0
0.5340 0.0069 0.0122 0 30 0 0
0.5200 0.0070 0.0137 0 30 0 0
0.5180 0.0084 0.0145 0 30 0 0
0.5360 0.0083 0.0155 0 30 0 0
0.5200 0.0061 0.0162 0 30 0 0
0.5200 0.0061 0.0162 0 30 0 0
0.5400 0.0062 0.0129 0 30 0 0
0.5480 0.0062 0.0129 0 30 0 0
0.5420 0.0064 0.0135 0 30 0 0
0.5420 0.0064 0.0135 0 30 0 0
0.5420 0.0064 0.0135 0 30 0 0
0.5220 0.0065 0.0141 0 30 0 0
0.5220 0.0065 0.0141 0 30 0 0
0.5220 0.0065 0.0141 0 30 0 0
0.5220 0.0065 0.0141 0 30 0 0
0.5220 0.0065 0.0141 0 30 0 0
0.5240 0.0067 0.0142 0 30 0 0
0.5240 0.0067 0.0142 0 30 0 0
0.5340 0.0069 0.0150 0 30 0 0
0.5340 0.0069 0.0150 0 30 0 0
0.5340 0.0069 0.0150 0 30 0 0
0.5340 0.0069 0.0150 0 30 0 0
0.5340 0.0069 0.0150 0 30 0 0
0.5340 0.0069 0.0150 0 30 0 0
0.5560 0.0071 0.0150 0 30 0 0
0.5560 0.0071 0.0150 0 30 0 0
0.5560 0.0071 0.0150 0 30 0 0
0.5560 0.0071 0.0150 0 30 0 0
0.5560 0.0071 0.0150 0 30 0 0
0.5100 0.0074 0.0157 0 30 0 0
0.5100 0.0074 0.0157 0 30 0 0
0.5100 0.0074 0.0157 0 30 0 0
0.5100 0.0074 0.0157 0 30 0 0
0.5100 0.0074 0.0157 0 30 0 0
0.5100 0.0074 0.0157 0 30 0 0
0.5100 0.0074 0.0157 0 30 0 0
0.5100 0.0074 0.0157 0 30 0 0
0.5100 0.0074 0.0157 0 30 0 0
0.5100 0.0074 0.0157 0 30 0 0
0.5280 0.0073 0.0158 0 30 0 0
0.5280 0.0073 0.0158 0 30 0 0
0.5200 0.0070 0.0150 0 30 0 0
0.5300 0.0065 0.0153 0 30 0 0
0.5300 0.0065 0.0153 0 30 0 0
0.5300 0.0058 0.0151 0 30 0 0
0.5300 0.0058 0.0151 0 30 0 0
0.5300 0.0058 0.0151 0 30 0 0
0.5300 0.0058 0.0151 0 30 0 0
0.5300 0.0058 0.0151 0 30 0 0
0.5180 0.0055 0.0152 0 30 0 0
0.5180 0.0055 0.0152 0 30 0 0
0.5180 0.0055 0.0152 0 30 0 0
0.5180 0.0055 0.0152 0 30 0 0
0.5340 0.0058 0.0148 0 30 0 0
0.5340 0.0058 0.0148 0 30 0 0
0.5340 0.0058 0.0148 0 30 0 0
0.5160 0.0064 0.0150 0 30 0 0
0.5160 0.0064 0.0150 0 30 0 0
0.5160 0.0064 0.0150 0 30 0 0
0.5160 0.0064 0.0150 0 30 0 0
0.5160 0.0064 0.0150 0 30 0 0
0.5160 0.0064 0.0150 0 30 0 0
0.5160 0.0064 0.0150 0 30 0 0
0.5160 0.0064 0.0150 0 30 0 0
0.5160 0.0064 0.0150 0 30 0 0
0.5160 0.0064 0.0150 0 30 0 0
0.5160 0.0064 0.0150 0 30 0 0
0.5160 0.0064 0.0150 0 30 0 0
0.5500 0.0074 0.0143 0 30 0 0
0.5500 0.0074 0.0143 0 30 0 0
0.5360 0.0079 0.0140 0 30 0 0
0.5340 0.0078 0.0144 0 30 0 0
0.5340 0.0078 0.0144 0 30 0 0
0.5340 0.0078 0.0144 0 30 0 0
0.5260 0.0073 0.0155 0 30 0 0
0.5260 0.0073 0.0155 0 30 0 0
0.5260 0.0073 0.0155 0 30 0 0
0.5260 0.0073 0.0155 0 30 0 0
0.5260 0.0066 0.0157 0 30 0 0
0.5260 0.0066 0.0157 0 30 0 0
0.5260 0.0066 0.0157 0 30 0 0
0.5320 0.0062 0.0162 0 30 0 0
0.5320 0.0062 0.0162 0 30 0 0
0.5320 0.0062 0.0162 0 30 0 0
0.5320 0.0062 0.0162 0 30 0 0
0.5320 0.0062 0.0162 0 30 0 0
0.5400 0.0058 0.0167 0 30 0 0
0.5400 0.0058 0.0167 0 30 0 0
0.5400 0.0058 0.0167 0 30 0 0
0.5400 0.0058 0.0167 0 30 0 0
0.5400 0.0058 0.0167 0 30 0 0
0.5400 0.0058 0.0167 0 30 0 0
0.5400 0.0058 0.0167 0 30 0 0
0.5400 0.0058 0.0167 0 30 0 0
0.5400 0.0058 0.0167 0 30 0 0
0.5400 0.0058 0.0167 0 30 0 0
0.5400 0.0058 0.0167 0 30 0 0
0.5400 0.0058 0.0167 0 30 0 0
0.5440 0.0056 0.0174 0 30 0 0
0.5420 0.0055 0.0175 0 30 0 0
0.5440 0.0057 0.0182 0 30 0 0
0.5440 0.0057 0.0182 0 30 0 0
0.5480 0.0060 0.0184 0 30 0 0
0.5480 0.0060 0.0184 0 30 0 0
0.5480 0.0060 0.0184 0 30 0 0
0.5480 0.0060 0.0184 0 30 0 0
0.5480 0.0060 0.0184 0 30 0 0
0.5480 0.0060 0.0184 0 30 0 0
0.5480 0.0060 0.0184 0 30 0 0
0.5480 0.0060 0.0184 0 30 0 0
0.5480 0.0060 0.0184 0 30 0 0
0.5480 0.0060 0.0184 0 30 0 0
0.5480 0.0060 0.0184 0 30 0 0
0.5480 0.0060 0.0184 0 30 0 0
0.5440 0.0062 0.0175 0 30 0 0
0.5440 0.0062 0.0175 0 30 0 0
0.5480 0.0065 0.0178 0 30 0 0
0.5480 0.0065 0.0178 0 30 0 0
0.5300 0.0067 0.0162 0 30 0 0
0.5300 0.0067 0.0162 0 30 0 0
0.5300 0.0067 0.0162 0 30 0 0
0.5300 0.0067 0.0162 0 30 0 0
0.5300 0.0067 0.0162 0 30 0 0
0.5300 0.0067 0.0162 0 30 0 0
0.5380 0.0067 0.0164 0 30 0 0
0.5380 0.0067 0.0164 0 30 0 0
0.5380 0.0067 0.0164 0 30 0 0
0.5380 0.0067 0.0164 0 30 0 0
0.5440 0.0065 0.0148 0 30 0 0
0.5440 0.0065 0.0148 0 30 0 0
0.5440 0.0065 0.0148 0 30 0 0
0.5340 0.0063 0.0146 0 30 0 0
0.5340 0.0063 0.0146 0 30 0 0
0.5340 0.0063 0.0146 0 30 0 0
0.5340 0.0063 0.0146 0 30 0 0
0.5340 0.0063 0.0146 0 30 0 0
0.5340 0.0059 0.0170 0 30 0 0
0.5340 0.0059 0.0170 0 30 0 0
0.5340 0.0059 0.0170 0 30 0 0
0.5340 0.0057 0.0170 0 30 0 0
0.5240 0.0057 0.0170 0 30 0 0
0.5240 0.0057 0.0170 0 30 0 0
0.5240 0.0057 0.0170 0 30 0 0
0.5300 0.0055 0.0194 0 30 0 0
0.5300 0.0055 0.0194 0 30 0 0
0.5300 0.0055 0.0194 0 30 0 0
0.5300 0.0055 0.0194 0 30 0 0
0.5240 0.0054 0.0192 0 30 0 0
0.5240 0.0054 0.0192 0 30 0 0
0.5240 0.0054 0.0192 0 30 0 0
0.5240 0.0054 0.0192 0 30 0 0
0.5240 0.0054 0.0192 0 30 0 0
0.5540 0.0051 0.0204 0 30 0 0
0.5540 0.0051 0.0204 0 30 0 0
0.5540 0.0051 0.0204 0 30 0 0
0.5540 0.0051 0.0204 0 30 0 0
0.5360 0.0052 0.0202 0 30 0 0
0.5360 0.0052 0.0202 0 30 0 0
0.5360 0.0052 0.0202 0 30 0 0
0.5360 0.0052 0.0202 0 30 0 0
0.5360 0.0052 0.0201 0 30 0 0
0.5360 0.0052 0.0201 0 30 0 0
0.5360 0.0052 0.0201 0 30 0 0
0.5360 0.0052 0.0201 0 30 0 0
0.5360 0.0052 0.0201 0 30 0 0
0.5360 0.0052 0.0201 0 30 0 0
0.5360 0.0052 0.0201 0 30 0 0
0.5360 0.0052 0.0201 0 30 0 0
0.5360 0.0052 0.0201 0 30 0 0
0.5360 0.0052 0.0201 0 30 0 0
0.5360 0.0052 0.0201 0 30 0 0
0.5340 0.0054 0.0199 0 30 0 0
0.5340 0.0050 0.0194 0 30 0 0
0.5460 0.0050 0.0194 0 30 0 0
0.5340 0.0047 0.0199 0 30 0 0
0.5340 0.0047 0.0199 0 30 0 0
0.5340 0.0047 0.0199 0 30 0 0
0.5460 0.0047 0.0184 0 30 0 0
0.5460 0.0047 0.0184 0 30 0 0
0.5460 0.0047 0.0184 0 30 0 0
0.5340 0.0050 0.0178 0 30 0 0
0.5340 0.0050 0.0178 0 30 0 0
0.5340 0.0050 0.0178 0 30 0 0
0.5340 0.0050 0.0178 0 30 0 0
0.5340 0.0050 0.0178 0 30 0 0
0.5400 0.0055 0.0172 0 30 0 0
0.5400 0.0055 0.0172 0 30 0 0
0.5400 0.0055 0.0172 0 30 0 0
0.5400 0.0060 0.0182 0 30 0 0
0.5380 0.0060 0.0182 0 30 0 0
0.5380 0.0060 0.0182 0 30 0 0
0.5380 0.0060 0.0182 0 30 0 0
0.5400 0.0070 0.0179 0 30 0 0
0.5400 0.0070 0.0179 0 30 0 0
0.5400 0.0070 0.0179 0 30 0 0
0.5400 0.0070 0.0179 0 30 0 0
0.5420 0.0075 0.0180 0 30 0 0
0.5420 0.0075 0.0180 0 30 0 0
0.5420 0.0075 0.0180 0 30 0 0
0.5420 0.0075 0.0180 0 30 0 0
0.5600 0.0075 0.0177 0 30 0 0
0.5600 0.0075 0.0177 0 30 0 0
0.5600 0.0071 0.0131 0 30 0 0
0.5520 0.0071 0.0131 0 30 0 0
0.5520 0.0071 0.0131 0 30 0 0
0.5520 0.0071 0.0131 0 30 0 0
0.5520 0.0071 0.0131 0 30 0 0
0.5300 0.0069 0.0135 0 30 0 0
0.5300 0.0069 0.0135 0 30 0 0
0.5300 0.0069 0.0135 0 30 0 0
0.5300 0.0069 0.0135 0 30 0 0
0.5300 0.0069 0.0135 0 30 0 0
0.5580 0.0065 0.0132 0 30 0 0
0.5580 0.0065 0.0132 0 30 0 0
0.5580 0.0065 0.0132 0 30 0 0
0.5400 0.0059 0.0130 0 30 0 0
0.5400 0.0059 0.0130 0 30 0 0
0.5400 0.0059 0.0130 0 30 0 0
0.5400 0.0059 0.0130 0 30 0 0
0.5400 0.0059 0.0130 0 30 0 0
0.5400 0.0059 0.0130 0 30 0 0
0.5400 0.0059 0.0130 0 30 0 0
0.5400 0.0059 0.0130 0 30 0 0
0.5400 0.0059 0.0130 0 30 0 0
0.5400 0.0059 0.0130 0 30 0 0
0.5400 0.0059 0.0130 0 30 0 0
0.5520 0.0055 0.0153 0 30 0 0
0.5520 0.0055 0.0153 0 30 0 0
0.5440 0.0052 0.0157 0 30 0 0
0.5520 0.0053 0.0190 0 30 0 0
0.5520 0.0053 0.0190 0 30 0 0
0.5520 0.0053 0.0190 0 30 0 0
0.5500 0.0057 0.0186 0 30 0 0
0.5500 0.0057 0.0186 0 30 0 0
0.5500 0.0057 0.0186 0 30 0 0
0.5500 0.0057 0.0186 0 30 0 0
0.5500 0.0057 0.0186 0 30 0 0
0.5400 0.0060 0.0191 0 30 0 0
0.5400 0.0060 0.0191 0 30 0 0
0.5400 0.0064 0.0188 0 30 0 0
0.5380 0.0064 0.0188 0 30 0 0
0.5380 0.0064 0.0188 0 30 0 0
0.5380 0.0064 0.0188 0 30 0 0
0.5380 0.0064 0.0188 0 0 0 0
0.5480 0.0130 0.0212 0 30 0 0
0.5400 0.0117 0.0183 0 30 0 0
0.5320 0.0111 0.0165 0 30 0 0
0.5700 0.0096 0.0148 0 30 0 0
0.5560 0.0086 0.0143 0 30 0 0
0.5640 0.0083 0.0132 0 30 0 0
0.5640 0.0082 0.0131 0 30 0 0
0.5600 0.0082 0.0131 0 30 0 0
0.5600 0.0082 0.0131 0 30 0 0
0.5600 0.0082 0.0131 0 30 0 0
0.5600 0.0082 0.0131 0 30 0 0
0.5600 0.0082 0.0131 0 30 0 0
0.5600 0.0082 0.0131 0 30 0 0
0.5620 0.0080 0.0131 0 30 0 0
0.5620 0.0080 0.0131 0 30 0 0
0.5520 0.0079 0.0132 0 30 0 0
0.5520 0.0079 0.0132 0 30 0 0
0.5520 0.0079 0.0132 0 30 0 0
0.5420 0.0076 0.0138 0 30 0 0
0.5420 0.0076 0.0138 0 30 0 0
0.5420 0.0076 0.0138 0 30 0 0
0.5420 0.0076 0.0138 0 30 0 0
0.5420 0.0076 0.0138 0 30 0 0
0.5420 0.0076 0.0138 0 30 0 0
0.5600 0.0070 0.0139 0 30 0 0
0.5600 0.0070 0.0139 0 30 0 0
0.5500 0.0065 0.0142 0 30 0 0
0.5500 0.0065 0.0142 0 30 0 0
0.5500 0.0065 0.0142 0 30 0 0
0.5500 0.0065 0.0142 0 30 0 0
0.5500 0.0065 0.0142 0 30 0 0
0.5520 0.0062 0.0120 0 30 0 0
0.5520 0.0062 0.0120 0 30 0 0
0.5520 0.0062 0.0120 0 30 0 0
0.5520 0.0062 0.0120 0 30 0 0
0.5520 0.0062 0.0120 0 30 0 0
0.5520 0.0062 0.0120 0 30 0 0
0.5640 0.0055 0.0123 0 30 0 0
0.5640 0.0055 0.0123 0 30 0 0
0.5560 0.0051 0.0114 0 30 0 0
0.5560 0.0051 0.0114 0 30 0 0
0.5560 0.0051 0.0114 0 30 0 0
0.5560 0.0051 0.0114 0 30 0 0
0.5540 0.0050 0.0117 0 30 0 0
0.5540 0.0050 0.0117 0 30 0 0
0.5540 0.0050 0.0117 0 30 0 0
0.5540 0.0050 0.0117 0 30 0 0
0.5540 0.0050 0.0117 0 30 0 0
0.5520 0.0047 0.0125 0 30 0 0
0.5520 0.0047 0.0125 0 30 0 0
0.5520 0.0047 0.0125 0 30 0 0
0.5340 0.0046 0.0126 0 30 0 0
0.5340 0.0046 0.0126 0 30 0 0
0.5340 0.0046 0.0126 0 30 0 0
0.5340 0.0046 0.0126 0 30 0 0
0.5620 0.0045 0.0118 0 30 0 0
0.5620 0.0045 0.0118 0 30 0 0
0.5620 0.0045 0.0118 0 30 0 0
0.5620 0.0045 0.0118 0 30 0 0
0.5620 0.0045 0.0118 0 30 0 0
0.5620 0.0045 0.0118 0 30 0 0
0.5460 0.0044 0.0124 0 30 0 0
0.5460 0.0044 0.0124 0 30 0 0
0.5680 0.0046 0.0115 0 30 0 0
0.5680 0.0046 0.0115 0 30 0 0
0.5680 0.0046 0.0115 0 30 0 0
0.5680 0.0046 0.0115 0 30 0 0
0.5680 0.0046 0.0115 0 30 0 0
0.5600 0.0050 0.0117 0 30 0 0
0.5600 0.0050 0.0117 0 30 0 0
0.5600 0.0050 0.0117 0 30 0 0
0.5600 0.0050 0.0117 0 30 0 0
0.5600 0.0050 0.0117 0 30 0 0
0.5600 0.0050 0.0117 0 30 0 0
0.5580 0.0058 0.0133 0 30 0 0
0.5540 0.0064 0.0128 0 30 0 0
0.5540 0.0064 0.0128 0 30 0 0
0.5540 0.0064 0.0128 0 30 0 0
0.5540 0.0064 0.0128 0 30 0 0
0.5740 0.0069 0.0126 0 30 0 0
0.5740 0.0069 0.0126 0 30 0 0
0.5740 0.0069 0.0126 0 30 0 0
0.5740 0.0069 0.0126 0 30 0 0
0.5740 0.0069 0.0126 0 30 0 0
0.5460 0.0069 0.0113 0 30 0 0
0.5460 0.0069 0.0113 0 30 0 0
0.5460 0.0069 0.0113 0 30 0 0
0.5540 0.0060 0.0113 0 30 0 0
0.5540 0.0060 0.0113 0 30 0 0
0.5540 0.0060 0.0113 0 30 0 0
0.5540 0.0060 0.0113 0 30 0 0
0.5720 0.0050 0.0087 0 30 0 0
0.5720 0.0050 0.0087 0 30 0 0
0.5720 0.0050 0.0087 0 30 0 0
0.5720 0.0050 0.0087 0 30 0 0
0.5720 0.0050 0.0087 0 30 0 0
0.5620 0.0044 0.0096 0 30 0 0
0.5620 0.0044 0.0096 0 30 0 0
0.5300 0.0045 0.0084 0 30 0 0
0.5300 0.0045 0.0084 0 30 0 0
0.5300 0.0045 0.0084 0 30 0 0
0.5300 0.0045 0.0084 0 30 0 0
0.5640 0.0048 0.0094 0 30 0 0
0.5640 0.0048 0.0094 0 30 0 0
0.5640 0.0048 0.0094 0 30 0 0
0.5640 0.0048 0.0094 0 30 0 0
0.5640 0.0048 0.0094 0 30 0 0
0.5640 0.0048 0.0094 0 30 0 0
0.5520 0.0051 0.0101 0 30 0 0
0.5520 0.0051 0.0101 0 30 0 0
0.5520 0.0051 0.0101 0 30 0 0
0.5680 0.0051 0.0111 0 30 0 0
0.5680 0.0051 0.0111 0 30 0 0
0.5680 0.0051 0.0111 0 30 0 0
0.5680 0.0051 0.0111 0 30 0 0
0.5680 0.0051 0.0111 0 30 0 0
0.5680 0.0051 0.0111 0 30 0 0
0.5680 0.0051 0.0111 0 30 0 0
0.5680 0.0051 0.0111 0 30 0 0
0.5680 0.0051 0.0111 0 30 0 0
0.5680 0.0051 0.0111 0 30 0 0
0.5680 0.0051 0.0111 0 30 0 0
0.5680 0.0051 0.0111 0 30 0 0
0.5320 0.0050 0.0119 0 30 0 0
0.5320 0.0050 0.0119 0 30 0 0
0.5840 0.0060 0.0107 0 30 0 0
0.5840 0.0060 0.0107 0 30 0 0
0.6000 0.0062 0.0072 0 30 0 0
0.6000 0.0062 0.0072 0 30 0 0
0.6000 0.0062 0.0072 0 30 0 0
0.6000 0.0062 0.0072 0 30 0 0
0.6000 0.0062 0.0072 0 30 0 0
0.6000 0.0064 0.0070 0 30 0 0
0.5840 0.0064 0.0070 0 30 0 0
0.5840 0.0066 0.0072 0 30 0 0
0.5880 0.0066 0.0072 0 30 0 0
0.5880 0.0066 0.0072 0 30 0 0
0.5880 0.0066 0.0072 0 30 0 0
0.5880 0.0066 0.0072 0 30 0 0
0.5500 0.0065 0.0073 0 30 0 0
0.5500 0.0065 0.0073 0 30 0 0
0.5500 0.0065 0.0073 0 30 0 0
0.5500 0.0065 0.0073 0 30 0 0
0.5500 0.0065 0.0073 0 30 0 0
0.5500 0.0065 0.0073 0 30 0 0
0.5540 0.0064 0.0073 0 30 0 0
0.5540 0.0064 0.0073 0 30 0 0
0.5540 0.0061 0.0080 0 30 0 0
0.5600 0.0061 0.0080 0 30 0 0
0.5600 0.0061 0.0080 0 30 0 0
0.5600 0.0061 0.0080 0 30 0 0
0.5600 0.0061 0.0080 0 30 0 0
0.5600 0.0055 0.0083 0 30 0 0
0.5600 0.0055 0.0083 0 30 0 0
0.5600 0.0055 0.0083 0 30 0 0
0.5600 0.0055 0.0083 0 0 0 0
0.5900 0.0082 0.0023 0 30 0 0
0.5760 0.0072 0.0029 0 30 0 0
0.6060 0.0043 0.0038 0 30 0 0
0.6140 0.0025 0.0048 0 30 0 0
0.5900 0.0027 0.0052 0 30 0 0
0.5900 0.0027 0.0052 0 30 0 0
0.5900 0.0027 0.0052 0 30 0 0
0.6080 0.0038 0.0035 0 30 0 0
0.6080 0.0038 0.0035 0 30 0 0
0.6080 0.0038 0.0035 0 30 0 0
0.6020 0.0048 0.0021 0 30 0 0
0.6020 0.0048 0.0021 0 30 0 0
0.6020 0.0048 0.0021 0 30 0 0
0.6020 0.0048 0.0021 0 30 0 0
0.6020 0.0048 0.0021 0 30 0 0
0.6020 0.0048 0.0021 0 0 0 0
0.6000 0.0058 0.0046 0 30 0 0
0.5960 0.0058 0.0046 0 30 0 0
0.5860 0.0056 0.0038 0 30 0 0
0.5820 0.0049 0.0029 0 30 0 0
0.5900 0.0036 0.0054 0 30 0 0
0.5720 0.0037 0.0026 0 30 0 0
0.5720 0.0037 0.0026 0 30 0 0
0.5620 0.0042 0.0027 0 30 0 0
0.5620 0.0042 0.0027 0 30 0 0
0.5620 0.0042 0.0027 0 30 0 0
0.5620 0.0042 0.0027 0 30 0 0
0.5620 0.0042 0.0027 0 30 0 0
0.5700 0.0049 0.0022 0 30 0 0
0.5700 0.0049 0.0022 0 30 0 0
0.5880 0.0056 0.0023 0 30 0 0
0.5880 0.0056 0.0023 0 30 0 0
0.5880 0.0056 0.0023 0 30 0 0
0.5880 0.0056 0.0023 0 30 0 0
0.5880 0.0056 0.0023 0 30 0 0
0.5760 0.0062 0.0045 0 30 0 0
0.5760 0.0062 0.0045 0 30 0 0
0.5760 0.0062 0.0045 0 30 0 0
0.5760 0.0062 0.0045 0 30 0 0
0.5920 0.0060 0.0055 0 30 0 0
0.5920 0.0060 0.0055 0 30 0 0
0.5840 0.0058 0.0053 0 30 0 0
0.5840 0.0058 0.0053 0 30 0 0
0.5840 0.0058 0.0053 0 30 0 0
0.5840 0.0058 0.0053 0 30 0 0
0.5840 0.0058 0.0053 0 30 0 0
0.5860 0.0053 0.0030 0 30 0 0
0.5860 0.0053 0.0030 0 30 0 0
0.5860 0.0053 0.0030 0 30 0 0
0.5860 0.0053 0.0030 0 30 0 0
0.5860 0.0053 0.0030 0 30 0 0
0.5800 0.0047 0.0030 0 30 0 0
0.5800 0.0047 0.0030 0 30 0 0
0.5800 0.0040 0.0012 0 30 0 0
0.5760 0.0040 0.0012 0 30 0 0
0.5760 0.0040 0.0012 0 30 0 0
0.5760 0.0040 0.0012 0 30 0 0
0.5760 0.0040 0.0012 0 30 0 0
0.5760 0.0040 0.0012 0 30 0 0
0.5760 0.0040 0.0012 0 30 0 0
0.5920 0.0038 0.0010 0 30 0 0
0.5920 0.0038 0.0010 0 30 0 0
0.5920 0.0038 0.0010 0 30 0 0
0.5920 0.0038 0.0010 0 30 0 0
0.5900 0.0046 -0.0028 0 30 0 0
0.5900 0.0046 -0.0028 0 30 0 0
0.5900 0.0046 -0.0028 0 30 0 0
0.5920 0.0054 -0.0022 0 30 0 0
0.5920 0.0054 -0.0022 0 30 0 0
0.5920 0.0054 -0.0022 0 30 0 0
0.5920 0.0054 -0.0022 0 30 0 0
0.5780 0.0052 -0.0059 0 30 0 0
0.5780 0.0052 -0.0059 0 30 0 0
0.5780 0.0052 -0.0059 0 30 0 0
0.5780 0.0052 -0.0059 0 30 0 0
0.5780 0.0052 -0.0059 0 30 0 0
0.6120 0.0045 -0.0067 0 30 0 0
0.6120 0.0045 -0.0067 0 30 0 0
0.5880 0.0039 -0.0078 0 30 0 0
0.5880 0.0039 -0.0078 0 30 0 0
0.5880 0.0039 -0.0078 0 30 0 0
0.5880 0.0039 -0.0078 0 30 0 0
0.5880 0.0039 -0.0078 0 30 0 0
0.5880 0.0039 -0.0078 0 30 0 0
0.5880 0.0039 -0.0078 0 30 0 0
0.5960 0.0041 -0.0082 0 30 0 0
0.5960 0.0041 -0.0082 0 30 0 0
0.5960 0.0041 -0.0082 0 30 0 0
0.5960 0.0041 -0.0082 0 30 0 0
0.5960 0.0041 -0.0082 0 30 0 0
0.6060 0.0044 -0.0104 0 30 0 0
0.5880 0.0048 -0.0140 0 30 0 0
0.5880 0.0048 -0.0140 0 30 0 0
0.5880 0.0048 -0.0140 0 30 0 0
0.5880 0.0050 -0.0145 0 30 0 0
0.5860 0.0050 -0.0145 0 30 0 0
0.5860 0.0050 -0.0145 0 30 0 0
0.5860 0.0050 -0.0145 0 0 0 0
0.6200 0.0106 -0.0007 0 30 0 0
0.6200 0.0098 -0.0037 0 30 0 0
0.6080 0.0098 -0.0037 0 30 0 0
0.6100 0.0109 -0.0025 0 30 0 0
0.5980 0.0109 -0.0025 0 30 0 0
0.6000 0.0091 0.0061 0 30 0 0
0.5980 0.0088 0.0068 0 30 0 0
0.6140 0.0088 0.0070 0 30 0 0
0.6220 0.0087 0.0080 0 30 0 0
0.6220 0.0087 0.0080 0 30 0 0
0.6220 0.0087 0.0080 0 30 0 0
0.6220 0.0087 0.0080 0 30 0 0
0.6220 0.0087 0.0080 0 30 0 0
0.6020 0.0090 0.0072 0 30 0 0
0.6020 0.0090 0.0072 0 30 0 0
0.6140 0.0092 0.0080 0 30 0 0
0.6140 0.0092 0.0080 0 30 0 0
0.6140 0.0092 0.0080 0 30 0 0
0.6140 0.0092 0.0080 0 30 0 0
0.6160 0.0090 0.0086 0 30 0 0
0.6160 0.0090 0.0086 0 30 0 0
0.6160 0.0090 0.0086 0 30 0 0
0.6160 0.0090 0.0086 0 30 0 0
0.6160 0.0090 0.0086 0 30 0 0
0.6160 0.0090 0.0086 0 30 0 0
0.6160 0.0090 0.0086 0 30 0 0
0.6260 0.0089 0.0099 0 30 0 0
0.6260 0.0089 0.0099 0 30 0 0
0.6040 0.0089 0.0118 0 30 0 0
0.6040 0.0089 0.0118 0 30 0 0
0.6040 0.0089 0.0118 0 30 0 0
0.6040 0.0089 0.0118 0 30 0 0
0.5880 0.0090 0.0121 0 30 0 0
0.5880 0.0090 0.0121 0 30 0 0
0.5880 0.0090 0.0121 0 30 0 0
0.5880 0.0090 0.0121 0 30 0 0
0.5880 0.0090 0.0121 0 30 0 0
0.5880 0.0089 0.0133 0 30 0 0
0.6140 0.0089 0.0133 0 30 0 0
0.6140 0.0089 0.0133 0 30 0 0
0.5880 0.0088 0.0136 0 30 0 0
0.5880 0.0088 0.0136 0 30 0 0
0.5880 0.0088 0.0136 0 30 0 0
0.5880 0.0088 0.0136 0 30 0 0
0.6040 0.0085 0.0136 0 30 0 0
0.6040 0.0085 0.0136 0 0 0 0
0.6000 0.0082 0.0135 0 30 0 0
0.6000 0.0083 0.0139 0 30 0 0
0.6100 0.0083 0.0139 0 30 0 0
0.6020 0.0083 0.0139 0 30 0 0
0.5880 0.0081 0.0137 0 30 0 0
0.5880 0.0081 0.0137 0 30 0 0
0.5940 0.0077 0.0133 0 30 0 0
0.5940 0.0077 0.0133 0 30 0 0
0.5940 0.0077 0.0133 0 30 0 0
0.6020 0.0080 0.0134 0 30 0 0
0.6020 0.0080 0.0134 0 30 0 0
0.6020 0.0080 0.0134 0 30 0 0
0.6020 0.0080 0.0134 0 30 0 0
0.5980 0.0085 0.0144 0 30 0 0
0.5980 0.0085 0.0144 0 30 0 0
0.5980 0.0085 0.0144 0 30 0 0
0.5980 0.0085 0.0144 0 30 0 0
0.5980 0.0085 0.0144 0 30 0 0
0.5920 0.0091 0.0150 0 30 0 0
0.5920 0.0091 0.0150 0 30 0 0
0.5920 0.0093 0.0148 0 30 0 0
0.6080 0.0093 0.0148 0 30 0 0
0.6080 0.0093 0.0148 0 30 0 0
0.6080 0.0093 0.0148 0 30 0 0
0.6080 0.0093 0.0148 0 30 0 0
0.5940 0.0090 0.0146 0 30 0 0
0.5940 0.0090 0.0146 0 30 0 0
0.5940 0.0090 0.0146 0 30 0 0
0.5940 0.0090 0.0146 0 30 0 0
0.5940 0.0090 0.0146 0 30 0 0
0.5940 0.0090 0.0146 0 30 0 0
0.6020 0.0083 0.0142 0 30 0 0
0.6020 0.0083 0.0142 0 30 0 0
0.6020 0.0083 0.0142 0 30 0 0
0.6020 0.0083 0.0142 0 30 0 0
0.6020 0.0083 0.0142 0 30 0 0
0.5860 0.0077 0.0144 0 30 0 0
0.5860 0.0077 0.0144 0 30 0 0
0.5860 0.0077 0.0144 0 30 0 0
0.5860 0.0077 0.0144 0 30 0 0
0.5860 0.0077 0.0144 0 30 0 0
0.5860 0.0071 0.0139 0 30 0 0
0.5920 0.0071 0.0139 0 30 0 0
0.5940 0.0061 0.0135 0 30 0 0
0.5940 0.0061 0.0135 0 30 0 0
0.5940 0.0061 0.0135 0 30 0 0
0.5880 0.0055 0.0108 0 30 0 0
0.5880 0.0055 0.0108 0 30 0 0
0.5880 0.0055 0.0108 0 30 0 0
0.5880 0.0054 0.0108 0 30 0 0
0.6100 0.0054 0.0108 0 30 0 0
0.6100 0.0054 0.0108 0 30 0 0
0.6100 0.0054 0.0108 0 30 0 0
0.6100 0.0054 0.0108 0 30 0 0
0.6100 0.0054 0.0108 0 30 0 0
0.6060 0.0059 0.0104 0 30 0 0
0.6020 0.0063 0.0102 0 30 0 0
0.6020 0.0063 0.0102 0 30 0 0
0.6020 0.0063 0.0102 0 30 0 0
0.6020 0.0063 0.0102 0 30 0 0
0.6020 0.0063 0.0102 0 30 0 0
0.5860 0.0068 0.0105 0 30 0 0
0.5860 0.0068 0.0105 0 30 0 0
0.5860 0.0068 0.0105 0 30 0 0
0.5860 0.0068 0.0105 0 30 0 0
0.5860 0.0068 0.0105 0 30 0 0
0.5860 0.0068 0.0105 0 30 0 0
0.6100 0.0066 0.0112 0 30 0 0
0.6100 0.0066 0.0112 0 30 0 0
0.5820 0.0067 0.0110 0 30 0 0
0.5820 0.0067 0.0110 0 30 0 0
0.5820 0.0067 0.0110 0 30 0 0
0.5820 0.0067 0.0110 0 30 0 0
0.5880 0.0069 0.0132 0 30 0 0
0.5880 0.0069 0.0132 0 30 0 0
0.5880 0.0069 0.0132 0 30 0 0
0.5880 0.0069 0.0132 0 30 0 0
0.5880 0.0069 0.0132 0 30 0 0
0.5980 0.0066 0.0129 0 30 0 0
0.5980 0.0066 0.0129 0 30 0 0
0.5980 0.0066 0.0129 0 30 0 0
0.5560 0.0065 0.0123 0 30 0 0
0.5560 0.0065 0.0123 0 30 0 0
0.5560 0.0065 0.0123 0 30 0 0
0.5640 0.0061 0.0123 0 30 0 0
0.5640 0.0061 0.0123 0 30 0 0
0.5640 0.0061 0.0123 0 30 0 0
0.5640 0.0061 0.0123 0 30 0 0
0.5640 0.0061 0.0123 0 30 0 0
0.5660 0.0057 0.0124 0 30 0 0
0.5660 0.0057 0.0124 0 30 0 0
0.5660 0.0058 0.0128 0 30 0 0
0.5920 0.0058 0.0128 0 30 0 0
0.5920 0.0058 0.0128 0 30 0 0
0.5920 0.0058 0.0128 0 30 0 0
0.5920 0.0058 0.0128 0 30 0 0
0.5920 0.0058 0.0128 0 30 0 0
0.5660 0.0062 0.0127 0 30 0 0
0.5660 0.0062 0.0127 0 0 0 0
0.5500 0.0142 0.0170 -30 0 0 0
0.5300 0.0143 0.0165 -30 0 0 0
0.5400 0.0145 0.0154 -30 0 0 0
0.5560 0.0152 0.0158 -30 0 0 0
0.5440 0.0151 0.0148 -30 0 0 0
0.5160 0.0130 0.0139 -30 0 0 0
0.5160 0.0130 0.0139 -30 0 0 0
0.5480 0.0120 0.0127 -30 0 0 0
0.5480 0.0120 0.0127 -30 0 0 0
0.5220 0.0114 0.0130 -30 0 0 0
0.5220 0.0114 0.0130 -30 0 0 0
0.5220 0.0114 0.0130 -30 0 0 0
0.5220 0.0114 0.0130 -30 0 0 0
0.5220 0.0114 0.0130 -30 0 0 0
0.5400 0.0111 0.0121 -30 0 0 0
0.5400 0.0111 0.0121 -30 0 0 0
0.5400 0.0111 0.0121 -30 0 0 0
0.5400 0.0111 0.0121 -30 0 0 0
0.5260 0.0110 0.0113 -30 0 0 0
0.5260 0.0110 0.0113 -30 0 0 0
0.5460 0.0110 0.0114 -30 0 0 0
0.5460 0.0110 0.0114 -30 0 0 0
0.5460 0.0110 0.0114 -30 0 0 0
0.5460 0.0110 0.0114 -30 0 0 0
0.5460 0.0110 0.0114 -30 0 0 0
0.5460 0.0110 0.0114 -30 0 0 0
0.5480 0.0111 0.0102 0 0 0 0
0.5480 0.0114 0.0101 -30 0 0 0
0.5460 0.0116 0.0106 -30 0 0 0
0.5460 0.0113 0.0101 -30 0 0 0
0.5400 0.0108 0.0102 -30 0 0 0
0.5640 0.0102 0.0116 -30 0 0 0
0.5640 0.0102 0.0116 -30 0 0 0
0.5640 0.0102 0.0116 -30 0 0 0
0.5640 0.0102 0.0116 -30 0 0 0
0.5640 0.0102 0.0116 -30 0 0 0
0.5420 0.0093 0.0118 -30 0 0 0
0.5420 0.0093 0.0118 -30 0 0 0
0.5420 0.0093 0.0118 -30 0 0 0
0.5420 0.0093 0.0118 -30 0 0 0
0.5400 0.0087 0.0133 -30 0 0 0
0.5400 0.0087 0.0133 -30 0 0 0
0.5580 0.0082 0.0148 -30 0 0 0
0.5580 0.0082 0.0148 -30 0 0 0
0.5580 0.0082 0.0148 -30 0 0 0
0.5580 0.0082 0.0148 -30 0 0 0
0.5580 0.0082 0.0148 -30 0 0 0
0.5580 0.0082 0.0148 -30 0 0 0
0.5560 0.0077 0.0186 -30 0 0 0
0.5560 0.0077 0.0186 -30 0 0 0
0.5560 0.0077 0.0186 -30 0 0 0
0.5560 0.0077 0.0186 -30 0 0 0
0.5460 0.0074 0.0200 -30 0 0 0
0.5460 0.0074 0.0200 -30 0 0 0
0.5460 0.0074 0.0200 -30 0 0 0
0.5500 0.0076 0.0210 -30 0 0 0
0.5500 0.0076 0.0210 -30 0 0 0
0.5500 0.0076 0.0210 -30 0 0 0
0.5500 0.0076 0.0210 -30 0 0 0
0.5500 0.0076 0.0210 -30 0 0 0
0.5380 0.0080 0.0209 -30 0 0 0
0.5380 0.0080 0.0209 -30 0 0 0
0.5380 0.0080 0.0209 -30 0 0 0
0.5380 0.0080 0.0209 -30 0 0 0
0.5180 0.0086 0.0206 -30 0 0 0
0.5180 0.0086 0.0206 -30 0 0 0
0.5180 0.0086 0.0206 -30 0 0 0
0.5660 0.0087 0.0225 -30 0 0 0
0.5660 0.0087 0.0225 -30 0 0 0
0.5660 0.0087 0.0225 -30 0 0 0
0.5660 0.0087 0.0225 -30 0 0 0
0.5700 0.0081 0.0229 -30 0 0 0
0.5700 0.0081 0.0229 -30 0 0 0
0.5700 0.0081 0.0229 -30 0 0 0
0.5700 0.0081 0.0229 -30 0 0 0
0.5700 0.0078 0.0221 -30 0 0 0
0.5660 0.0078 0.0221 -30 0 0 0
0.5660 0.0078 0.0221 -30 0 0 0
0.5660 0.0078 0.0221 -30 0 0 0
0.5520 0.0084 0.0232 -30 0 0 0
0.5520 0.0084 0.0232 -30 0 0 0
0.5520 0.0084 0.0232 -30 0 0 0
0.5520 0.0084 0.0232 -30 0 0 0
0.5520 0.0084 0.0232 -30 0 0 0
0.5440 0.0091 0.0242 -30 0 0 0
0.5440 0.0091 0.0242 -30 0 0 0
0.5440 0.0091 0.0242 -30 0 0 0
0.5440 0.0091 0.0242 -30 0 0 0
0.5620 0.0095 0.0275 -30 0 0 0
0.5620 0.0095 0.0275 -30 0 0 0
0.5620 0.0096 0.0272 -30 0 0 0
0.5460 0.0096 0.0272 -30 0 0 0
0.5460 0.0096 0.0272 -30 0 0 0
0.5460 0.0096 0.0272 -30 0 0 0
0.5460 0.0096 0.0272 -30 0 0 0
0.5460 0.0096 0.0278 -30 0 0 0
0.5460 0.0096 0.0278 -30 0 0 0
0.5460 0.0096 0.0278 -30 0 0 0
0.5460 0.0096 0.0278 -30 0 0 0
0.5460 0.0096 0.0278 -30 0 0 0
0.5500 0.0100 0.0267 -30 0 0 0
0.5500 0.0100 0.0267 -30 0 0 0
0.5520 0.0105 0.0271 -30 0 0 0
0.5520 0.0105 0.0271 -30 0 0 0
0.5520 0.0105 0.0271 -30 0 0 0
0.5520 0.0105 0.0271 -30 0 0 0
0.5520 0.0110 0.0240 -30 0 0 0
0.5680 0.0110 0.0240 -30 0 0 0
0.5680 0.0110 0.0240 -30 0 0 0
0.5680 0.0110 0.0240 -30 0 0 0
0.5680 0.0110 0.0240 -30 0 0 0
0.5680 0.0110 0.0240 -30 0 0 0
0.5440 0.0115 0.0243 -30 0 0 0
0.5440 0.0115 0.0243 -30 0 0 0
0.5440 0.0115 0.0243 -30 0 0 0
0.5440 0.0115 0.0243 -30 0 0 0
0.5560 0.0123 0.0198 -30 0 0 0
0.5560 0.0123 0.0198 -30 0 0 0
0.5560 0.0123 0.0198 -30 0 0 0
0.5560 0.0123 0.0198 -30 0 0 0
0.5580 0.0130 0.0185 -30 0 0 0
0.5580 0.0130 0.0185 -30 0 0 0
0.5580 0.0130 0.0185 -30 0 0 0
0.5580 0.0130 0.0185 -30 0 0 0
0.5580 0.0130 0.0185 -30 0 0 0
0.5560 0.0138 0.0192 -30 0 0 0
0.5560 0.0138 0.0192 -30 0 0 0
0.5300 0.0140 0.0197 -30 0 0 0
0.5300 0.0140 0.0197 -30 0 0 0
0.5300 0.0140 0.0197 -30 0 0 0
0.5300 0.0140 0.0197 -30 0 0 0
0.5500 0.0139 0.0196 -30 0 0 0
0.5500 0.0139 0.0196 -30 0 0 0
0.5500 0.0139 0.0196 -30 0 0 0
0.5500 0.0139 0.0196 -30 0 0 0
0.5500 0.0137 0.0210 -30 0 0 0
0.5500 0.0137 0.0210 -30 0 0 0
0.5500 0.0137 0.0210 -30 0 0 0
0.5500 0.0129 0.0201 -30 0 0 0
0.5420 0.0129 0.0201 -30 0 0 0
0.5420 0.0129 0.0201 -30 0 0 0
0.5420 0.0129 0.0201 -30 0 0 0
0.5420 0.0129 0.0201 -30 0 0 0
0.5340 0.0120 0.0159 -30 0 0 0
0.5340 0.0120 0.0159 -30 0 0 0
0.5340 0.0120 0.0159 -30 0 0 0
0.5340 0.0120 0.0159 -30 0 0 0
0.5480 0.0113 0.0154 -30 0 0 0
0.5480 0.0113 0.0154 -30 0 0 0
0.5480 0.0113 0.0154 -30 0 0 0
0.5420 0.0108 0.0130 -30 0 0 0
0.5420 0.0108 0.0130 -30 0 0 0
0.5420 0.0108 0.0130 -30 0 0 0
0.5420 0.0108 0.0130 -30 0 0 0
0.5340 0.0109 0.0120 -30 0 0 0
0.5340 0.0109 0.0120 -30 0 0 0
0.5340 0.0109 0.0120 -30 0 0 0
0.5340 0.0109 0.0120 -30 0 0 0
0.5340 0.0109 0.0120 -30 0 0 0
0.5420 0.0112 0.0072 -30 0 0 0
0.5420 0.0112 0.0072 -30 0 0 0
0.5420 0.0112 0.0072 -30 0 0 0
0.5420 0.0119 0.0056 -30 0 0 0
0.5440 0.0119 0.0056 -30 0 0 0
0.5440 0.0119 0.0056 -30 0 0 0
0.5440 0.0119 0.0056 -30 0 0 0
0.5440 0.0119 0.0056 -30 0 0 0
0.5420 0.0125 0.0041 -30 0 0 0
0.5420 0.0125 0.0041 -30 0 0 0
0.5420 0.0125 0.0041 -30 0 0 0
0.5420 0.0125 0.0041 -30 0 0 0
0.5640 0.0130 0.0054 -30 0 0 0
0.5640 0.0130 0.0054 -30 0 0 0
0.5580 0.0135 0.0066 -30 0 0 0
0.5580 0.0135 0.0066 -30 0 0 0
0.5580 0.0135 0.0066 -30 0 0 0
0.5580 0.0135 0.0066 -30 0 0 0
0.5520 0.0137 0.0076 -30 0 0 0
0.5520 0.0137 0.0076 -30 0 0 0
0.5520 0.0137 0.0076 -30 0 0 0
0.5520 0.0137 0.0070 -30 0 0 0
0.5700 0.0137 0.0070 -30 0 0 0
0.5700 0.0137 0.0070 -30 0 0 0
0.5700 0.0137 0.0070 -30 0 0 0
0.5700 0.0137 0.0070 -30 0 0 0
0.5480 0.0141 0.0071 -30 0 0 0
0.5480 0.0141 0.0071 -30 0 0 0
0.5480 0.0141 0.0071 -30 0 0 0
0.5480 0.0141 0.0071 -30 0 0 0
0.5480 0.0141 0.0071 -30 0 0 0
0.5660 0.0148 0.0071 -30 0 0 0
0.5660 0.0148 0.0071 -30 0 0 0
0.5660 0.0148 0.0071 -30 0 0 0
0.5660 0.0148 0.0071 -30 0 0 0
0.5560 0.0154 0.0056 -30 0 0 0
0.5560 0.0154 0.0056 -30 0 0 0
0.5560 0.0154 0.0056 -30 0 0 0
0.5720 0.0157 0.0063 -30 0 0 0
0.5720 0.0157 0.0063 -30 0 0 0
0.5720 0.0157 0.0063 -30 0 0 0
0.5720 0.0157 0.0063 -30 0 0 0
0.5720 0.0157 0.0063 -30 0 0 0
0.5540 0.0156 0.0049 -30 0 0 0
0.5540 0.0156 0.0049 -30 0 0 0
0.5540 0.0156 0.0049 -30 0 0 0
0.5680 0.0153 0.0053 -30 0 0 0
0.5680 0.0153 0.0053 -30 0 0 0
0.5680 0.0153 0.0053 -30 0 0 0
0.5680 0.0153 0.0053 -30 0 0 0
0.5600 0.0148 0.0054 -30 0 0 0
0.5600 0.0148 0.0054 -30 0 0 0
0.5600 0.0148 0.0054 -30 0 0 0
0.5600 0.0148 0.0054 -30 0 0 0
0.5640 0.0143 0.0057 -30 0 0 0
0.5640 0.0143 0.0057 -30 0 0 0
0.5640 0.0143 0.0057 -30 0 0 0
0.5640 0.0143 0.0057 -30 0 0 0
0.5640 0.0137 0.0059 -30 0 0 0
0.5640 0.0137 0.0059 -30 0 0 0
0.5640 0.0137 0.0059 -30 0 0 0
0.5640 0.0137 0.0059 -30 0 0 0
0.5540 0.0127 0.0066 -30 0 0 0
0.5540 0.0127 0.0066 -30 0 0 0
0.5540 0.0127 0.0066 -30 0 0 0
0.5540 0.0127 0.0066 -30 0 0 0
0.5780 0.0117 0.0072 -30 0 0 0
0.5780 0.0117 0.0072 -30 0 0 0
0.5780 0.0117 0.0072 -30 0 0 0
0.5780 0.0117 0.0072 -30 0 0 0
0.5780 0.0117 0.0072 -30 0 0 0
0.5880 0.0108 0.0075 -30 0 0 0
0.5880 0.0108 0.0075 -30 0 0 0
0.5880 0.0108 0.0075 -30 0 0 0
0.5520 0.0103 0.0085 -30 0 0 0
0.5520 0.0103 0.0085 -30 0 0 0
0.5520 0.0103 0.0085 -30 0 0 0
0.5520 0.0103 0.0085 -30 0 0 0
0.5740 0.0103 0.0103 -30 0 0 0
0.5740 0.0103 0.0103 -30 0 0 0
0.5740 0.0103 0.0103 -30 0 0 0
0.5740 0.0103 0.0103 -30 0 0 0
0.5540 0.0104 0.0104 -30 0 0 0
0.5540 0.0104 0.0104 -30 0 0 0
0.5540 0.0104 0.0104 -30 0 0 0
0.5540 0.0104 0.0104 -30 0 0 0
0.5540 0.0101 0.0107 -30 0 0 0
0.5560 0.0101 0.0107 -30 0 0 0
0.5560 0.0101 0.0107 -30 0 0 0
0.5560 0.0101 0.0107 -30 0 0 0
0.5680 0.0097 0.0113 -30 0 0 0
0.5680 0.0097 0.0113 -30 0 0 0
0.5680 0.0097 0.0113 -30 0 0 0
0.5680 0.0097 0.0113 -30 0 0 0
0.5680 0.0097 0.0113 -30 0 0 0
0.5580 0.0092 0.0114 -30 0 0 0
0.5580 0.0092 0.0114 -30 0 0 0
0.5580 0.0092 0.0114 -30 0 0 0
0.5600 0.0089 0.0117 -30 0 0 0
0.5600 0.0089 0.0117 -30 0 0 0
0.5600 0.0089 0.0117 -30 0 0 0
0.5600 0.0089 0.0117 -30 0 0 0
0.5560 0.0088 0.0113 -30 0 0 0
0.5560 0.0088 0.0113 -30 0 0 0
0.5560 0.0088 0.0113 -30 0 0 0
0.5560 0.0088 0.0113 -30 0 0 0
0.5560 0.0088 0.0113 -30 0 0 0
0.5480 0.0089 0.0117 -30 0 0 0
0.5480 0.0089 0.0117 -30 0 0 0
0.5480 0.0095 0.0118 -30 0 0 0
0.5660 0.0095 0.0118 -30 0 0 0
0.5660 0.0095 0.0118 -30 0 0 0
0.5660 0.0095 0.0118 -30 0 0 0
0.5660 0.0095 0.0118 -30 0 0 0
0.5640 0.0101 0.0117 -30 0 0 0
0.5640 0.0101 0.0117 -30 0 0 0
0.5640 0.0101 0.0117 -30 0 0 0
0.5640 0.0101 0.0117 -30 0 0 0
0.5640 0.0101 0.0117 -30 0 0 0
0.5800 0.0108 0.0116 -30 0 0 0
0.5800 0.0108 0.0116 -30 0 0 0
0.5840 0.0111 0.0111 -30 0 0 0
0.5840 0.0111 0.0111 -30 0 0 0
0.5840 0.0111 0.0111 -30 0 0 0
0.5840 0.0111 0.0111 -30 0 0 0
0.5880 0.0110 0.0113 -30 0 0 0
0.5880 0.0110 0.0113 -30 0 0 0
0.5880 0.0110 0.0113 -30 0 0 0
0.5880 0.0110 0.0113 -30 0 0 0
0.5880 0.0110 0.0113 -30 0 0 0
0.5880 0.0110 0.0113 -30 0 0 0
0.6040 0.0106 0.0115 -30 0 0 0
0.6040 0.0102 0.0119 -30 0 0 0
0.5820 0.0102 0.0119 -30 0 0 0
0.5820 0.0102 0.0119 -30 0 0 0
0.5820 0.0102 0.0119 -30 0 0 0
0.6220 0.0097 0.0166 -30 0 0 0
0.6220 0.0097 0.0166 0 0 0 0
0.5860 0.0085 0.0165 -30 0 0 0
0.6240 0.0081 0.0169 -30 0 0 0
0.6100 0.0079 0.0164 -30 0 0 0
0.5980 0.0073 0.0170 -30 0 0 0
0.5860 0.0060 0.0174 -30 0 0 0
0.5980 0.0044 0.0214 -30 0 0 0
0.5980 0.0044 0.0214 -30 0 0 0
0.6020 0.0054 0.0212 -30 0 0 0
0.6020 0.0054 0.0212 -30 0 0 0
0.6020 0.0054 0.0212 -30 0 0 0
0.6020 0.0054 0.0212 -30 0 0 0
0.6020 0.0054 0.0212 -30 0 0 0
0.6020 0.0054 0.0212 -30 0 0 0
0.6020 0.0059 0.0193 -30 0 0 0
0.6020 0.0059 0.0193 -30 0 0 0
0.6020 0.0059 0.0193 -30 0 0 0
0.6020 0.0059 0.0193 -30 0 0 0
0.6020 0.0059 0.0193 -30 0 0 0
0.6060 0.0055 0.0161 -30 0 0 0
0.6060 0.0055 0.0161 -30 0 0 0
0.6060 0.0055 0.0161 -30 0 0 0
0.6060 0.0055 0.0161 -30 0 0 0
0.6020 0.0047 0.0164 -30 0 0 0
0.6020 0.0047 0.0164 -30 0 0 0
0.6060 0.0036 0.0085 -30 0 0 0
0.6060 0.0036 0.0085 -30 0 0 0
0.6080 0.0039 0.0078 -30 0 0 0
0.6080 0.0039 0.0078 -30 0 0 0
0.6080 0.0039 0.0078 -30 0 0 0
0.6080 0.0039 0.0078 -30 0 0 0
0.6080 0.0039 0.0078 -30 0 0 0
0.6060 0.0050 0.0103 -30 0 0 0
0.6060 0.0050 0.0103 -30 0 0 0
0.6060 0.0050 0.0103 -30 0 0 0
0.6060 0.0050 0.0103 -30 0 0 0
0.6060 0.0050 0.0103 0 0 0 0
0.5680 0.0079 0.0121 0 30 0 0
0.5760 0.0083 0.0116 0 30 0 0
0.5800 0.0083 0.0116 0 30 0 0
0.5680 0.0076 0.0141 0 30 0 0
0.5760 0.0076 0.0141 0 30 0 0
0.5880 0.0070 0.0132 0 30 0 0
0.5660 0.0066 0.0128 0 30 0 0
0.5760 0.0066 0.0124 0 30 0 0
0.5860 0.0068 0.0129 0 30 0 0
0.5860 0.0068 0.0129 0 30 0 0
0.5980 0.0073 0.0129 0 30 0 0
0.5980 0.0073 0.0129 0 30 0 0
0.5980 0.0073 0.0129 0 30 0 0
0.5980 0.0076 0.0137 0 30 0 0
0.5800 0.0076 0.0137 0 30 0 0
0.5800 0.0076 0.0137 0 30 0 0
0.5800 0.0076 0.0137 0 30 0 0
0.5800 0.0076 0.0137 0 30 0 0
0.5800 0.0076 0.0137 0 30 0 0
0.5860 0.0079 0.0142 0 30 0 0
0.5860 0.0079 0.0142 0 30 0 0
0.5860 0.0080 0.0151 0 30 0 0
0.5780 0.0080 0.0151 0 30 0 0
0.5780 0.0080 0.0151 0 30 0 0
0.5780 0.0080 0.0151 0 30 0 0
0.5780 0.0080 0.0151 0 30 0 0
0.5760 0.0081 0.0145 0 30 0 0
0.5760 0.0081 0.0145 0 30 0 0
0.5760 0.0081 0.0145 0 30 0 0
0.5760 0.0081 0.0145 0 30 0 0
0.5760 0.0081 0.0145 0 30 0 0
0.5980 0.0079 0.0149 0 30 0 0
0.5980 0.0079 0.0149 0 30 0 0
0.5720 0.0078 0.0150 0 30 0 0
0.5720 0.0078 0.0150 0 30 0 0
0.5720 0.0078 0.0150 0 30 0 0
0.5720 0.0078 0.0150 0 30 0 0
0.5720 0.0082 0.0147 0 30 0 0
0.5780 0.0082 0.0147 0 30 0 0
0.5780 0.0082 0.0147 0 30 0 0
0.5780 0.0082 0.0147 0 30 0 0
0.5780 0.0082 0.0147 0 30 0 0
0.5760 0.0085 0.0142 0 30 0 0
0.5760 0.0085 0.0142 0 30 0 0
0.5760 0.0085 0.0128 0 30 0 0
0.5620 0.0085 0.0128 0 30 0 0
0.5620 0.0085 0.0128 0 30 0 0
0.5620 0.0085 0.0128 0 30 0 0
0.5620 0.0085 0.0128 0 0 0 0
0.5800 0.0055 0.0106 30 0 0 0
0.5660 0.0046 0.0107 30 0 0 0
0.5720 0.0046 0.0105 30 0 0 0
0.5760 0.0055 0.0119 30 0 0 0
0.5920 0.0055 0.0119 30 0 0 0
0.5920 0.0055 0.0119 30 0 0 0
0.5920 0.0055 0.0119 30 0 0 0
0.5920 0.0061 0.0125 30 0 0 0
0.5920 0.0061 0.0125 30 0 0 0
0.5880 0.0063 0.0125 30 0 0 0
0.5880 0.0063 0.0125 30 0 0 0
0.5880 0.0063 0.0125 30 0 0 0
0.5880 0.0063 0.0125 30 0 0 0
0.5880 0.0063 0.0125 30 0 0 0
0.5880 0.0063 0.0125 30 0 0 0
0.5840 0.0062 0.0121 30 0 0 0
0.5840 0.0062 0.0121 30 0 0 0
0.5840 0.0062 0.0121 30 0 0 0
0.5860 0.0063 0.0124 30 0 0 0
0.5860 0.0063 0.0124 30 0 0 0
0.5840 0.0064 0.0120 30 0 0 0
0.5840 0.0064 0.0120 30 0 0 0
0.5840 0.0064 0.0120 30 0 0 0
0.5840 0.0064 0.0120 30 0 0 0
0.5840 0.0064 0.0120 30 0 0 0
0.5840 0.0064 0.0120 30 0 0 0
0.5840 0.0064 0.0120 30 0 0 0
0.5820 0.0069 0.0110 30 0 0 0
0.5820 0.0069 0.0110 30 0 0 0
0.5820 0.0069 0.0110 30 0 0 0
0.5740 0.0073 0.0106 30 0 0 0
0.5740 0.0073 0.0106 30 0 0 0
0.5740 0.0073 0.0106 30 0 0 0
0.5900 0.0074 0.0106 30 0 0 0
0.5900 0.0074 0.0106 30 0 0 0
0.5900 0.0074 0.0106 30 0 0 0
0.5900 0.0074 0.0106 30 0 0 0
0.5900 0.0074 0.0106 30 0 0 0
0.5780 0.0072 0.0088 30 0 0 0
0.5780 0.0072 0.0088 30 0 0 0
0.5780 0.0072 0.0088 30 0 0 0
0.5780 0.0072 0.0088 30 0 0 0
0.5580 0.0070 0.0090 30 0 0 0
0.5580 0.0071 0.0100 30 0 0 0
0.5840 0.0071 0.0100 30 0 0 0
0.5840 0.0071 0.0100 30 0 0 0
0.5840 0.0071 0.0100 30 0 0 0
0.5840 0.0071 0.0100 30 0 0 0
0.5840 0.0071 0.0100 30 0 0 0
0.5740 0.0073 0.0097 30 0 0 0
0.5740 0.0073 0.0097 30 0 0 0
0.5740 0.0073 0.0097 30 0 0 0
0.5740 0.0073 0.0097 30 0 0 0
0.5740 0.0073 0.0097 30 0 0 0
0.5740 0.0075 0.0089 30 0 0 0
0.5780 0.0076 0.0088 30 0 0 0
0.5780 0.0076 0.0088 30 0 0 0
0.5780 0.0076 0.0088 30 0 0 0
0.5780 0.0076 0.0088 30 0 0 0
0.5780 0.0076 0.0088 30 0 0 0
0.5780 0.0076 0.0088 30 0 0 0
0.5860 0.0076 0.0093 30 0 0 0
0.5860 0.0076 0.0093 30 0 0 0
0.5860 0.0076 0.0093 30 0 0 0
0.5860 0.0076 0.0093 30 0 0 0
0.5860 0.0076 0.0093 30 0 0 0
0.5960 0.0076 0.0093 30 0 0 0
0.5960 0.0076 0.0093 30 0 0 0
0.5960 0.0076 0.0093 30 0 0 0
0.5960 0.0076 0.0093 30 0 0 0
0.5960 0.0076 0.0093 30 0 0 0
0.5960 0.0076 0.0093 30 0 0 0
0.5960 0.0076 0.0093 30 0 0 0
0.5960 0.0076 0.0093 30 0 0 0
0.5960 0.0076 0.0093 30 0 0 0
0.5840 0.0075 0.0068 30 0 0 0
0.5760 0.0073 0.0068 30 0 0 0
0.5760 0.0073 0.0068 30 0 0 0
0.5940 0.0073 0.0054 30 0 0 0
0.5940 0.0073 0.0054 30 0 0 0
0.5840 0.0072 0.0061 30 0 0 0
0.5840 0.0072 0.0061 30 0 0 0
0.5840 0.0072 0.0061 30 0 0 0
0.5840 0.0072 0.0061 30 0 0 0
0.5840 0.0072 0.0061 30 0 0 0
0.6000 0.0072 0.0054 30 0 0 0
0.6000 0.0072 0.0054 30 0 0 0
0.6000 0.0072 0.0054 30 0 0 0
0.6000 0.0072 0.0054 30 0 0 0
0.5720 0.0074 0.0061 30 0 0 0
0.5720 0.0074 0.0061 0 0 0 0
0.5660 0.0055 0.0169 0 30 0 0
0.5760 0.0048 0.0178 0 30 0 0
0.5840 0.0048 0.0178 0 30 0 0
0.5920 0.0040 0.0175 0 30 0 0
0.5900 0.0040 0.0175 0 30 0 0
0.5900 0.0040 0.0171 0 30 0 0
0.5900 0.0040 0.0171 0 30 0 0
0.5900 0.0040 0.0171 0 30 0 0
0.5900 0.0040 0.0171 0 30 0 0
0.5880 0.0041 0.0162 0 30 0 0
0.5880 0.0041 0.0162 0 30 0 0
0.5880 0.0041 0.0162 0 30 0 0
0.5880 0.0041 0.0162 0 30 0 0
0.5880 0.0041 0.0162 0 30 0 0
0.5880 0.0044 0.0157 0 30 0 0
0.5760 0.0044 0.0157 0 30 0 0
0.5760 0.0046 0.0176 0 30 0 0
0.5820 0.0046 0.0176 0 30 0 0
0.5820 0.0046 0.0176 0 30 0 0
0.5820 0.0046 0.0176 0 30 0 0
0.5880 0.0048 0.0174 0 30 0 0
0.5880 0.0048 0.0174 0 30 0 0
0.5880 0.0048 0.0174 0 30 0 0
0.5880 0.0048 0.0174 0 30 0 0
0.5880 0.0048 0.0174 0 30 0 0
0.5800 0.0051 0.0183 0 30 0 0
0.5800 0.0051 0.0183 0 30 0 0
0.5800 0.0051 0.0183 0 30 0 0
0.5800 0.0051 0.0183 0 30 0 0
0.5820 0.0052 0.0185 0 30 0 0
0.5820 0.0052 0.0185 0 30 0 0
0.5820 0.0052 0.0185 0 30 0 0
0.5820 0.0052 0.0185 0 30 0 0
0.5800 0.0051 0.0189 0 30 0 0
0.5800 0.0051 0.0189 0 30 0 0
0.5800 0.0051 0.0189 0 30 0 0
0.5800 0.0051 0.0189 0 30 0 0
0.5800 0.0051 0.0189 0 30 0 0
0.5660 0.0048 0.0189 0 30 0 0
0.5660 0.0048 0.0189 0 30 0 0
0.5660 0.0048 0.0189 0 30 0 0
0.5800 0.0047 0.0196 0 30 0 0
0.5800 0.0047 0.0196 0 30 0 0
0.5800 0.0047 0.0196 0 30 0 0
0.5800 0.0047 0.0196 0 30 0 0
0.5800 0.0047 0.0196 0 30 0 0
0.5800 0.0047 0.0196 0 30 0 0
0.5800 0.0047 0.0196 0 30 0 0
0.5800 0.0047 0.0196 0 30 0 0
0.5800 0.0047 0.0196 0 30 0 0
0.5800 0.0048 0.0205 0 30 0 0
0.5800 0.0048 0.0205 0 30 0 0
0.5800 0.0048 0.0205 0 30 0 0
0.5780 0.0049 0.0203 0 30 0 0
0.5660 0.0050 0.0196 0 30 0 0
0.5660 0.0050 0.0196 0 30 0 0
0.5660 0.0050 0.0196 0 30 0 0
0.5840 0.0049 0.0191 0 30 0 0
0.5840 0.0049 0.0191 0 30 0 0
0.5840 0.0049 0.0191 0 30 0 0
0.5840 0.0049 0.0199 0 30 0 0
0.5900 0.0049 0.0199 0 30 0 0
0.5900 0.0049 0.0199 0 30 0 0
0.5900 0.0049 0.0199 0 30 0 0
0.5900 0.0049 0.0199 0 30 0 0
0.5900 0.0049 0.0203 0 30 0 0
0.5840 0.0049 0.0203 0 30 0 0
0.5840 0.0049 0.0203 0 30 0 0
0.5840 0.0049 0.0203 0 30 0 0
0.5840 0.0049 0.0203 0 30 0 0
0.5680 0.0050 0.0190 0 30 0 0
0.5680 0.0050 0.0190 0 30 0 0
0.5680 0.0050 0.0190 0 30 0 0
0.5680 0.0050 0.0190 0 30 0 0
0.5680 0.0050 0.0190 0 30 0 0
0.5680 0.0050 0.0190 0 30 0 0
0.5680 0.0050 0.0190 0 30 0 0
0.5680 0.0050 0.0190 0 30 0 0
0.5680 0.0050 0.0190 0 30 0 0
0.5680 0.0050 0.0190 0 30 0 0
0.5780 0.0051 0.0191 0 0 0 0
0.5680 0.0098 0.0174 0 0 0 -30
0.5660 0.0102 0.0177 0 0 0 -30
0.5660 0.0094 0.0178 0 0 0 -30
0.5620 0.0089 0.0207 0 0 0 -30
0.5880 0.0085 0.0219 0 0 0 -30
0.5660 0.0077 0.0220 0 0 0 -30
0.5660 0.0077 0.0220 0 0 0 0
0.5740 0.0074 0.0207 0 0 0 -30
0.5880 0.0072 0.0203 0 0 0 -30
0.5880 0.0072 0.0209 0 0 0 -30
0.5920 0.0076 0.0198 0 0 0 -30
0.5820 0.0082 0.0169 0 0 0 -30
0.5640 0.0083 0.0150 0 0 0 0
0.5760 0.0068 0.0098 0 0 0 -30
0.5740 0.0068 0.0095 0 0 0 -30
0.5560 0.0069 0.0095 0 0 0 0
0.5660 0.0061 0.0090 0 0 0 -30
0.5760 0.0061 0.0090 0 0 0 -30
0.5900 0.0064 0.0086 0 0 0 -30
0.5640 0.0062 0.0078 0 0 0 -30
0.5760 0.0055 0.0071 0 0 0 0
