0.6180 -0.0018 0.0018 -10 0 0 0
0.6360 0.0006 0.0043 -10 0 0 0
0.6120 -0.0018 0.0051 -10 0 0 0
0.6340 -0.0018 0.0054 -10 0 0 0
0.6260 -0.0014 0.0053 -10 0 0 0
0.6260 -0.0014 0.0053 -10 0 0 0
0.6400 -0.0003 0.0054 -10 0 0 0
0.6080 0.0000 0.0056 -10 0 0 0
0.6060 -0.0001 0.0063 -10 0 0 0
0.6580 -0.0009 0.0057 -10 0 0 0
0.6440 -0.0017 0.0054 -10 0 0 0
0.6240 -0.0017 0.0051 -10 0 0 0
0.6240 -0.0017 0.0051 -10 0 0 0
0.6380 -0.0017 0.0052 -10 0 0 0
0.6340 -0.0019 0.0057 -10 0 0 0
0.6300 -0.0017 0.0065 -10 0 0 0
0.6140 -0.0013 0.0077 -10 0 0 0
0.6140 -0.0013 0.0077 -10 0 0 0
0.6200 -0.0007 0.0082 -10 0 0 0
0.6200 -0.0007 0.0082 -10 0 0 0
0.6300 -0.0011 0.0068 -10 0 0 0
0.6300 -0.0011 0.0068 -10 0 0 0
0.6240 -0.0015 0.0054 -10 0 0 0
0.6240 -0.0015 0.0054 -10 0 0 0
0.5980 -0.0010 0.0017 -10 0 0 0
0.6100 -0.0006 0.0028 -10 0 0 0
0.6080 -0.0009 0.0033 0 0 0 0
0.6400 -0.0012 0.0002 -10 0 0 0
0.5940 0.0003 -0.0096 -10 0 0 0
0.6120 0.0006 -0.0128 -10 0 0 0
0.6100 0.0011 -0.0121 -10 0 0 0
0.6040 0.0014 -0.0169 -10 0 0 0
0.6040 0.0014 -0.0169 -10 0 0 0
0.6220 0.0012 -0.0162 -10 0 0 0
0.6160 0.0014 -0.0164 -10 0 0 0
0.6300 0.0014 -0.0162 -10 0 0 0
0.6020 0.0014 -0.0154 0 0 0 0
0.6100 0.0004 -0.0114 -10 0 0 0
0.6220 0.0001 -0.0117 -10 0 0 0
0.6280 0.0002 -0.0152 -10 0 0 0
0.6320 0.0005 -0.0147 -10 0 0 0
0.6380 0.0005 -0.0142 -10 0 0 0
0.6420 0.0005 -0.0136 -10 0 0 0
0.6420 0.0005 -0.0136 0 0 0 0
0.6200 -0.0014 -0.0324 -10 0 0 0
0.6300 -0.0014 -0.0335 -10 0 0 0
0.6340 -0.0012 -0.0351 -10 0 0 0
0.6220 -0.0015 -0.0347 -10 0 0 0
0.6220 -0.0015 -0.0347 -10 0 0 0
0.6260 -0.0015 -0.0353 -10 0 0 0
0.6460 -0.0013 -0.0352 -10 0 0 0
0.6340 -0.0011 -0.0352 -10 0 0 0
0.6480 -0.0007 -0.0352 -10 0 0 0
0.6200 -0.0002 -0.0364 -10 0 0 0
0.6360 -0.0002 -0.0359 -10 0 0 0
0.6360 -0.0002 -0.0359 -10 0 0 0
0.6340 -0.0002 -0.0351 -10 0 0 0
0.6320 -0.0001 -0.0349 -10 0 0 0
0.6340 -0.0001 -0.0350 -10 0 0 0
0.6340 -0.0002 -0.0361 -10 0 0 0
0.6340 -0.0002 -0.0361 -10 0 0 0
0.6140 -0.0006 -0.0357 -10 0 0 0
0.6140 -0.0006 -0.0357 -10 0 0 0
0.6420 -0.0010 -0.0377 -10 0 0 0
0.6420 -0.0008 -0.0365 -10 0 0 0
0.6400 -0.0009 -0.0363 -10 0 0 0
0.6400 -0.0006 -0.0362 -10 0 0 0
0.6400 -0.0006 -0.0362 -10 0 0 0
0.6240 -0.0004 -0.0359 -10 0 0 0
0.6260 -0.0002 -0.0360 -10 0 0 0
0.6320 0.0003 -0.0358 -10 0 0 0
0.6260 0.0007 -0.0373 0 0 0 0
0.6360 -0.0002 -0.0357 -10 0 0 0
0.6420 0.0002 -0.0325 -10 0 0 0
0.6540 -0.0009 -0.0311 -10 0 0 0
0.6660 -0.0010 -0.0316 -10 0 0 0
0.6660 -0.0010 -0.0316 -10 0 0 0
0.6400 -0.0009 -0.0307 -10 0 0 0
0.6480 -0.0008 -0.0298 -10 0 0 0
0.6320 -0.0007 -0.0295 -10 0 0 0
0.6440 -0.0010 -0.0297 -10 0 0 0
0.6440 -0.0007 -0.0294 -10 0 0 0
0.6460 -0.0007 -0.0294 -10 0 0 0
0.6500 -0.0005 -0.0290 -10 0 0 0
0.6520 -0.0007 -0.0293 -10 0 0 0
0.6460 -0.0012 -0.0282 -10 0 0 0
0.6560 -0.0012 -0.0282 -10 0 0 0
0.6560 -0.0012 -0.0282 -10 0 0 0
0.6600 -0.0011 -0.0271 -10 0 0 0
0.6420 -0.0014 -0.0269 -10 0 0 0
0.6440 -0.0016 -0.0263 -10 0 0 0
0.6560 -0.0016 -0.0288 -10 0 0 0
0.6560 -0.0016 -0.0288 -10 0 0 0
0.6400 -0.0016 -0.0291 -10 0 0 0
0.6320 -0.0012 -0.0340 -10 0 0 0
0.6560 -0.0004 -0.0340 -10 0 0 0
0.6540 -0.0000 -0.0330 -10 0 0 0
0.6440 -0.0004 -0.0331 -10 0 0 0
0.6440 -0.0004 -0.0331 -10 0 0 0
0.6360 -0.0010 -0.0325 -10 0 0 0
0.6400 -0.0022 -0.0304 -10 0 0 0
0.6500 -0.0019 -0.0303 -10 0 0 0
0.6500 -0.0019 -0.0303 -10 0 0 0
0.6620 -0.0017 -0.0280 0 0 0 0
0.6340 -0.0016 -0.0245 -10 0 0 0
0.6540 -0.0020 -0.0270 -10 0 0 0
0.6360 -0.0023 -0.0271 -10 0 0 0
0.6200 -0.0021 -0.0246 -10 0 0 0
0.6320 -0.0023 -0.0250 -10 0 0 0
0.6320 -0.0023 -0.0250 -10 0 0 0
0.6440 -0.0020 -0.0261 -10 0 0 0
0.6280 -0.0018 -0.0269 -10 0 0 0
0.6380 -0.0016 -0.0271 -10 0 0 0
0.6600 -0.0011 -0.0272 -10 0 0 0
0.6600 -0.0011 -0.0272 -10 0 0 0
0.6540 -0.0005 -0.0266 -10 0 0 0
0.6520 -0.0004 -0.0267 0 0 0 0
0.6480 -0.0000 -0.0279 -10 0 0 0
0.6520 -0.0003 -0.0275 -10 0 0 0
0.6580 -0.0003 -0.0267 -10 0 0 0
0.6520 -0.0005 -0.0267 -10 0 0 0
0.6540 -0.0009 -0.0255 -10 0 0 0
0.6540 -0.0009 -0.0255 -10 0 0 0
0.6600 -0.0014 -0.0254 -10 0 0 0
0.6700 -0.0012 -0.0251 -10 0 0 0
0.6540 -0.0008 -0.0253 -10 0 0 0
0.6660 -0.0008 -0.0242 -10 0 0 0
0.6540 -0.0011 -0.0241 -10 0 0 0
0.6480 -0.0012 -0.0227 -10 0 0 0
0.6480 -0.0012 -0.0227 -10 0 0 0
0.6600 -0.0006 -0.0215 -10 0 0 0
0.6700 -0.0006 -0.0215 -10 0 0 0
0.6580 0.0003 -0.0207 -10 0 0 0
0.6720 -0.0000 -0.0197 -10 0 0 0
0.6600 -0.0006 -0.0196 -10 0 0 0
0.6600 -0.0006 -0.0196 -10 0 0 0
0.6620 -0.0012 -0.0192 -10 0 0 0
0.6600 -0.0015 -0.0198 -10 0 0 0
0.6700 -0.0014 -0.0185 0 0 0 0
0.6480 -0.0012 -0.0184 -10 0 0 0
0.6800 -0.0004 -0.0214 -10 0 0 0
0.6740 -0.0002 -0.0231 -10 0 0 0
0.6600 -0.0007 -0.0233 -10 0 0 0
0.6600 -0.0011 -0.0237 -10 0 0 0
0.6600 -0.0011 -0.0237 -10 0 0 0
0.6760 -0.0015 -0.0237 -10 0 0 0
0.6440 -0.0014 -0.0236 -10 0 0 0
0.6600 -0.0006 -0.0237 -10 0 0 0
0.6720 -0.0002 -0.0240 -10 0 0 0
0.6800 -0.0003 -0.0245 -10 0 0 0
0.6800 -0.0002 -0.0269 -10 0 0 0
0.6800 -0.0002 -0.0269 0 0 0 0
0.6820 -0.0006 -0.0283 -10 0 0 0
0.6880 -0.0000 -0.0278 -10 0 0 0
0.6920 -0.0001 -0.0280 -10 0 0 0
0.6900 -0.0001 -0.0283 -10 0 0 0
0.6640 0.0000 -0.0277 -10 0 0 0
0.6640 0.0000 -0.0277 -10 0 0 0
0.6640 0.0000 -0.0277 -10 0 0 0
0.6640 0.0000 -0.0272 -10 0 0 0
0.6800 -0.0003 -0.0270 -10 0 0 0
0.6800 -0.0005 -0.0271 -10 0 0 0
0.6720 -0.0002 -0.0268 -10 0 0 0
0.6720 -0.0002 -0.0268 -10 0 0 0
0.6640 -0.0000 -0.0268 -10 0 0 0
0.6840 0.0001 -0.0260 -10 0 0 0
0.6680 0.0000 -0.0257 -10 0 0 0
0.6640 -0.0002 -0.0256 -10 0 0 0
0.6640 -0.0002 -0.0256 -10 0 0 0
0.6800 -0.0004 -0.0252 -10 0 0 0
0.6800 -0.0004 -0.0252 -10 0 0 0
0.6760 -0.0006 -0.0251 0 0 0 0
0.6800 -0.0006 -0.0303 -10 0 0 0
0.6900 -0.0004 -0.0332 -10 0 0 0
0.6920 -0.0008 -0.0368 -10 0 0 0
0.6920 -0.0008 -0.0365 -10 0 0 0
0.6920 -0.0008 -0.0365 -10 0 0 0
0.7220 -0.0006 -0.0345 -10 0 0 0
0.6880 -0.0009 -0.0345 -10 0 0 0
0.7040 -0.0008 -0.0333 -10 0 0 0
0.7060 -0.0007 -0.0329 -10 0 0 0
0.6920 -0.0004 -0.0280 -10 0 0 0
0.6920 -0.0004 -0.0280 -10 0 0 0
0.6820 0.0005 -0.0305 -10 0 0 0
0.6660 0.0005 -0.0302 -10 0 0 0
0.6660 0.0005 -0.0302 0 0 0 0
0.7040 -0.0012 -0.0300 -10 0 0 0
0.7060 -0.0012 -0.0325 -10 0 0 0
0.7120 -0.0014 -0.0298 -10 0 0 0
0.7040 -0.0010 -0.0298 -10 0 0 0
0.7040 -0.0010 -0.0298 -10 0 0 0
0.7120 -0.0006 -0.0300 -10 0 0 0
0.7060 -0.0004 -0.0278 -10 0 0 0
0.7060 -0.0002 -0.0271 -10 0 0 0
0.7300 -0.0010 -0.0250 -10 0 0 0
0.7300 -0.0010 -0.0250 -10 0 0 0
0.7440 -0.0017 -0.0255 -10 0 0 0
0.7300 -0.0019 -0.0249 0 0 0 0
0.6780 -0.0023 -0.0307 0 0 0 10
0.6940 -0.0024 -0.0279 0 0 0 10
0.7060 -0.0010 -0.0254 0 0 0 10
0.7060 -0.0010 -0.0241 0 0 0 0
0.7100 -0.0004 -0.0208 0 0 0 10
0.7160 0.0008 -0.0176 0 0 0 10
0.7140 0.0014 -0.0160 0 0 0 0
0.7260 0.0010 -0.0141 0 0 0 10
0.7000 -0.0004 -0.0123 0 0 0 10
