0.5960 -0.0014 -0.0130 -10 0 0 0
0.5940 -0.0014 -0.0188 -10 0 0 0
0.6040 -0.0012 -0.0199 -10 0 0 0
0.5960 -0.0020 -0.0198 -10 0 0 0
0.5840 -0.0020 -0.0198 -10 0 0 0
0.5660 -0.0019 -0.0200 -10 0 0 0
0.6120 -0.0014 -0.0208 -10 0 0 0
0.6120 -0.0014 -0.0208 -10 0 0 0
0.6000 -0.0018 -0.0196 -10 0 0 0
0.5940 -0.0018 -0.0214 -10 0 0 0
0.6040 -0.0019 -0.0197 -10 0 0 0
0.6040 -0.0019 -0.0197 -10 0 0 0
0.5780 -0.0021 -0.0230 -10 0 0 0
0.6060 -0.0018 -0.0233 -10 0 0 0
0.5800 -0.0013 -0.0244 -10 0 0 0
0.6020 -0.0010 -0.0243 -10 0 0 0
0.6140 -0.0011 -0.0292 -10 0 0 0
0.6140 -0.0011 -0.0292 -10 0 0 0
0.5900 -0.0011 -0.0287 -10 0 0 0
0.5960 -0.0012 -0.0341 -10 0 0 0
0.5920 -0.0013 -0.0352 -10 0 0 0
0.5920 -0.0013 -0.0352 -10 0 0 0
0.5940 -0.0012 -0.0395 -10 0 0 0
0.5960 -0.0009 -0.0391 -10 0 0 0
0.6040 -0.0009 -0.0448 -10 0 0 0
0.6040 -0.0011 -0.0435 -10 0 0 0
0.5840 -0.0013 -0.0456 -10 0 0 0
0.5740 -0.0010 -0.0444 -10 10 0 0
0.5740 -0.0010 -0.0444 -10 10 0 0
0.5940 -0.0009 -0.0431 -10 10 0 0
0.5880 -0.0009 -0.0430 -10 10 0 0
0.5940 -0.0012 -0.0442 -10 10 0 0
0.5940 -0.0012 -0.0442 -10 10 0 0
0.6060 -0.0011 -0.0435 -10 10 0 0
0.6060 -0.0011 -0.0435 -10 10 0 0
0.6020 -0.0011 -0.0427 -10 10 0 0
0.6160 -0.0007 -0.0441 -10 10 0 0
0.5940 -0.0004 -0.0433 -10 0 0 0
0.6020 0.0002 -0.0443 -10 0 0 0
0.6020 0.0002 -0.0443 -10 0 0 0
0.5880 0.0007 -0.0432 -10 0 0 0
0.6160 0.0008 -0.0442 -10 0 0 0
0.5840 0.0007 -0.0430 -10 0 0 0
0.6040 0.0002 -0.0416 -10 0 0 0
0.6020 0.0001 -0.0410 -10 0 0 0
0.6020 0.0001 -0.0410 -10 0 0 0
0.6060 0.0005 -0.0392 -10 0 0 0
0.6280 0.0008 -0.0374 -10 0 0 0
0.5940 0.0011 -0.0335 -10 0 0 0
0.6160 0.0013 -0.0344 -10 0 0 0
0.6020 0.0019 -0.0330 -10 0 0 0
0.6020 0.0029 -0.0317 -10 0 0 0
0.6020 0.0029 -0.0317 -10 0 0 0
0.5920 0.0033 -0.0311 -10 0 0 0
0.6200 0.0031 -0.0301 -10 0 0 0
0.6200 0.0030 -0.0291 -10 10 0 0
0.6280 0.0030 -0.0280 -10 10 0 0
0.6160 0.0027 -0.0270 -10 10 0 0
0.6200 0.0032 -0.0256 -10 10 0 0
0.6200 0.0032 -0.0256 -10 10 0 0
0.6180 0.0034 -0.0242 -10 10 0 0
0.6000 0.0028 -0.0228 -10 10 0 0
0.6200 0.0027 -0.0215 -10 10 0 0
0.6020 0.0024 -0.0204 -10 10 0 0
0.6200 0.0021 -0.0204 0 10 0 0
0.6080 0.0021 -0.0215 0 10 0 0
0.6080 0.0021 -0.0215 0 10 0 0
0.6280 0.0020 -0.0229 0 10 0 0
0.6040 0.0024 -0.0228 0 10 0 0
0.6100 0.0030 -0.0234 0 10 0 0
0.5980 0.0036 -0.0233 0 10 0 0
0.6060 0.0038 -0.0232 0 10 0 0
0.6060 0.0038 -0.0232 0 10 0 0
0.5980 0.0040 -0.0227 0 10 0 0
0.6280 0.0042 -0.0256 0 0 0 0
0.6080 0.0034 -0.0323 0 10 0 0
0.6200 0.0035 -0.0383 0 10 0 0
0.6060 0.0021 -0.0397 0 10 0 0
0.6080 0.0023 -0.0396 0 10 0 0
0.6020 0.0029 -0.0397 0 10 0 0
0.6020 0.0029 -0.0397 0 10 0 0
0.5980 0.0036 -0.0397 0 10 0 0
0.6060 0.0040 -0.0396 0 10 0 0
0.6040 0.0039 -0.0393 0 10 0 0
0.6180 0.0036 -0.0384 0 10 0 0
0.6180 0.0036 -0.0384 0 10 0 0
0.5880 0.0032 -0.0391 0 10 0 0
0.6240 0.0031 -0.0377 0 10 0 0
0.6180 0.0028 -0.0370 0 10 0 0
0.6100 0.0027 -0.0355 0 10 0 0
0.6040 0.0029 -0.0373 0 10 0 0
0.6040 0.0029 -0.0373 0 10 0 0
0.6260 0.0031 -0.0340 10 10 0 0
0.6080 0.0029 -0.0333 10 10 0 0
0.6080 0.0030 -0.0290 10 10 0 0
0.6440 0.0031 -0.0280 10 10 0 0
0.6440 0.0033 -0.0266 10 10 0 0
0.6440 0.0033 -0.0266 10 10 0 0
0.6240 0.0033 -0.0248 10 10 0 0
0.6500 0.0034 -0.0243 10 10 0 0
0.6300 0.0034 -0.0234 10 10 0 0
0.6300 0.0034 -0.0234 10 10 0 0
0.6520 0.0025 -0.0187 10 10 0 0
0.6520 0.0025 -0.0187 10 0 0 0
0.6520 0.0024 -0.0179 0 0 0 0
0.6560 0.0036 -0.0117 10 0 0 0
0.6480 0.0029 -0.0104 10 0 0 0
0.6420 0.0018 -0.0094 10 0 0 0
0.6540 0.0018 -0.0096 10 0 0 0
0.6480 0.0027 -0.0098 10 0 0 0
0.6480 0.0027 -0.0098 10 0 0 0
0.6480 0.0030 -0.0101 0 0 0 0
0.6680 0.0014 -0.0092 0 10 0 0
0.6660 0.0014 -0.0115 0 10 0 0
0.6640 0.0016 -0.0117 0 10 0 0
0.6520 0.0019 -0.0111 0 10 0 0
0.6460 0.0015 -0.0118 0 10 0 0
0.6580 0.0013 -0.0118 0 10 0 0
0.6600 0.0010 -0.0124 0 10 0 0
0.6600 0.0010 -0.0124 0 10 0 0
0.6600 0.0007 -0.0127 0 10 0 0
0.6820 0.0007 -0.0136 0 10 0 0
0.6680 0.0006 -0.0137 0 10 0 0
0.6680 0.0006 -0.0137 0 10 0 0
0.6540 -0.0004 -0.0118 0 10 0 0
0.6540 -0.0004 -0.0118 0 10 0 0
0.6560 -0.0007 -0.0099 0 10 0 0
0.6480 -0.0006 -0.0097 0 10 0 0
0.6700 -0.0003 -0.0065 0 0 0 0
0.6680 -0.0006 -0.0049 -10 0 0 0
0.6840 0.0001 -0.0037 -10 0 0 0
0.6700 0.0001 -0.0035 -10 0 0 0
0.6840 0.0001 -0.0023 -10 0 0 0
0.6780 0.0004 -0.0024 -10 0 0 0
0.6780 0.0004 -0.0024 -10 0 0 0
0.6680 0.0010 -0.0048 -10 0 0 0
0.6720 0.0012 -0.0054 0 0 0 0
0.6580 0.0008 -0.0087 -10 0 0 0
0.6860 -0.0001 -0.0012 -10 0 0 0
0.6760 -0.0007 -0.0031 -10 0 0 0
0.6740 -0.0006 -0.0041 -10 0 0 0
0.6960 -0.0005 -0.0041 -10 0 0 0
0.6960 -0.0005 -0.0041 -10 0 0 0
