0.6540 -0.0022 0.0239 -10 0 0 0
0.6320 -0.0015 0.0287 -10 0 0 0
0.6320 -0.0015 0.0287 -10 0 0 0
0.6320 -0.0015 0.0287 -10 0 0 0
0.6400 -0.0010 0.0412 -10 0 0 0
0.6380 -0.0009 0.0404 -10 0 0 0
0.6140 -0.0012 0.0377 -10 0 0 0
0.6320 -0.0014 0.0361 -10 0 0 0
0.6220 -0.0016 0.0341 -10 0 0 0
0.6300 -0.0014 0.0330 -10 0 0 0
0.6300 -0.0014 0.0330 -10 0 0 0
0.6200 -0.0018 0.0311 -10 0 0 0
0.6240 -0.0013 0.0287 -10 0 0 0
0.6300 -0.0012 0.0278 -10 0 0 0
0.6300 -0.0012 0.0278 -10 0 0 0
0.6240 -0.0009 0.0254 -10 0 0 0
0.6340 -0.0007 0.0268 -10 0 0 0
0.6320 -0.0003 0.0259 -10 0 0 0
0.6260 -0.0006 0.0261 -10 0 0 0
0.6320 -0.0007 0.0252 -10 0 0 0
0.6420 -0.0011 0.0252 -10 0 0 0
0.6380 -0.0018 0.0252 -10 0 0 0
0.6280 -0.0021 0.0255 -10 0 0 0
0.6280 -0.0021 0.0255 -10 0 0 0
0.6440 -0.0019 0.0246 -10 0 0 0
0.6340 -0.0013 0.0238 -10 0 0 0
0.6380 -0.0009 0.0238 -10 0 0 0
0.6480 -0.0009 0.0253 -10 0 0 0
0.6480 -0.0004 0.0281 -10 0 0 0
0.6480 0.0002 0.0275 -10 0 0 0
0.6480 0.0002 0.0275 -10 0 0 0
0.6440 0.0005 0.0297 -10 0 0 0
0.6540 0.0004 0.0293 -10 0 0 0
0.6560 -0.0001 0.0318 -10 0 0 0
0.6600 -0.0008 0.0313 -10 0 0 0
0.6400 -0.0008 0.0312 -10 0 0 0
0.6180 -0.0008 0.0305 -10 0 0 0
0.6180 -0.0008 0.0305 -10 0 0 0
0.6320 -0.0007 0.0321 -10 0 0 0
0.6380 -0.0004 0.0316 -10 0 0 0
0.6300 -0.0004 0.0320 -10 0 0 0
0.6260 -0.0010 0.0315 -10 0 0 0
0.6280 -0.0009 0.0326 -10 0 0 0
0.6340 -0.0002 0.0325 -10 0 0 0
0.6480 0.0008 0.0336 -10 0 0 0
0.6520 0.0015 0.0359 -10 0 0 0
0.6520 0.0015 0.0359 -10 0 0 0
0.6280 0.0012 0.0352 -10 0 0 0
0.6400 0.0005 0.0358 -10 0 0 0
0.6440 -0.0001 0.0351 -10 0 0 0
0.6320 -0.0004 0.0344 -10 0 0 0
0.6320 0.0001 0.0343 -10 0 0 0
0.6380 0.0004 0.0334 -10 0 0 0
0.6380 0.0004 0.0334 -10 0 0 0
0.6340 0.0013 0.0330 -10 0 0 0
0.6200 0.0016 0.0335 -10 0 0 0
0.6240 0.0014 0.0335 -10 0 0 0
0.6480 0.0010 0.0339 -10 0 0 0
0.6480 0.0010 0.0339 -10 0 0 0
0.6280 0.0003 0.0335 -10 0 0 0
0.6320 0.0000 0.0349 -10 0 0 0
0.6320 0.0000 0.0349 -10 0 0 0
0.6360 0.0003 0.0354 -10 0 0 0
0.6560 0.0005 0.0351 -10 0 0 0
0.6380 0.0007 0.0354 -10 0 0 0
0.6120 0.0010 0.0353 -10 0 0 0
0.6580 0.0010 0.0328 -10 0 0 0
0.6580 0.0008 0.0325 -10 0 0 0
0.6540 0.0008 0.0345 -10 0 0 0
0.6300 0.0009 0.0348 -10 0 0 0
0.6300 0.0009 0.0348 -10 0 0 0
0.6600 0.0015 0.0343 0 0 0 0
0.6620 0.0004 0.0363 0 0 0 -10
0.6680 0.0000 0.0344 0 0 0 -10
0.6640 -0.0002 0.0387 0 0 0 -10
0.6740 -0.0006 0.0411 0 0 0 -10
0.6760 -0.0006 0.0414 0 0 0 0
0.6760 -0.0007 0.0444 0 0 0 -10
0.6720 -0.0004 0.0388 0 0 0 -10
0.6660 0.0005 0.0397 0 0 0 -10
0.6620 0.0008 0.0399 0 0 0 -10
0.6680 0.0003 0.0399 0 0 0 0
0.6700 -0.0009 0.0388 0 0 0 -10
0.6680 -0.0006 0.0367 0 0 0 -10
0.6640 -0.0004 0.0347 0 0 0 -10
0.6620 0.0000 0.0335 0 0 0 0
0.6700 0.0008 0.0319 0 0 0 -10
0.6800 -0.0011 0.0244 0 0 0 -10
0.6800 -0.0011 0.0244 0 0 0 -10
0.6900 -0.0011 0.0259 0 0 0 0
0.7080 0.0001 0.0222 0 0 0 -10
0.6800 0.0006 0.0222 0 0 0 -10
0.6820 0.0006 0.0244 0 0 0 -10
0.6820 0.0006 0.0244 0 0 0 -10
0.6880 0.0006 0.0242 0 0 0 0
0.6980 -0.0007 0.0269 0 0 0 -10
0.6720 -0.0029 0.0283 0 0 0 -10
0.6860 -0.0023 0.0330 0 0 0 -10
0.6720 -0.0019 0.0316 0 0 0 0
0.7000 -0.0020 0.0192 0 0 0 -10
0.6960 -0.0018 0.0170 0 0 0 -10
0.6860 -0.0026 0.0151 0 0 0 0
0.6900 -0.0032 0.0155 0 0 0 -10
0.6840 -0.0026 0.0146 0 0 0 -10
0.6880 -0.0016 0.0156 0 0 0 -10
0.6900 -0.0012 0.0156 0 0 0 0
0.7080 -0.0014 0.0191 0 0 0 -10
0.7160 -0.0028 0.0128 0 0 0 -10
0.7020 -0.0030 0.0125 0 0 0 0
