0.5900 -0.0002 -0.0081 -10 0 0 0
0.6100 0.0002 -0.0103 -10 0 0 0
0.5920 -0.0003 -0.0118 -10 0 0 0
0.5920 -0.0004 -0.0119 -10 0 0 0
0.5860 -0.0005 -0.0108 -10 0 0 0
0.5860 -0.0005 -0.0108 -10 0 0 0
0.6000 -0.0007 -0.0116 -10 0 0 0
0.5740 -0.0007 -0.0075 -10 0 0 0
0.5720 -0.0001 -0.0085 -10 0 0 0
0.5840 0.0000 -0.0050 -10 0 0 0
0.5840 0.0000 -0.0050 -10 0 0 0
0.5940 0.0001 -0.0004 -10 0 0 0
0.5880 0.0001 -0.0007 -10 0 0 0
0.5880 0.0001 -0.0007 -10 0 0 0
0.6180 -0.0007 0.0003 -10 0 0 0
0.6180 -0.0007 0.0003 -10 0 0 0
0.6260 -0.0012 0.0014 -10 0 0 0
0.6100 -0.0019 0.0042 -10 0 0 0
0.6020 -0.0014 0.0034 -10 0 0 0
0.6200 -0.0007 0.0029 -10 0 0 0
0.6200 -0.0007 0.0029 -10 0 0 0
0.6040 0.0000 0.0047 -10 0 0 0
0.6120 0.0000 0.0046 -10 0 0 0
0.6200 -0.0005 0.0048 -10 0 0 0
0.6460 -0.0002 0.0054 -10 0 0 0
0.6460 -0.0002 0.0054 -10 0 0 0
0.6080 -0.0001 0.0068 -10 0 0 0
0.6240 -0.0000 0.0053 -10 0 0 0
0.6240 -0.0003 0.0047 -10 0 0 0
0.6240 -0.0003 0.0047 -10 0 0 0
0.6080 -0.0012 0.0035 -10 0 0 0
0.6080 -0.0012 0.0035 -10 0 0 0
0.6240 -0.0009 0.0061 -10 0 0 0
0.5980 -0.0000 0.0057 -10 0 0 0
0.6000 0.0005 0.0058 -10 0 0 0
0.6000 0.0005 0.0058 -10 0 0 0
0.6180 0.0003 0.0057 -10 0 0 0
0.6180 0.0003 0.0057 -10 0 0 0
0.6000 0.0001 0.0053 -10 0 0 0
0.5780 -0.0006 0.0044 -10 0 0 0
0.6020 -0.0002 0.0042 -10 0 0 0
0.6260 0.0006 0.0029 -10 0 0 0
0.6260 0.0006 0.0029 -10 0 0 0
0.6120 0.0019 0.0022 -10 0 0 0
0.6120 0.0026 0.0005 -10 0 0 0
0.5900 0.0027 -0.0006 -10 0 0 0
0.5980 0.0016 -0.0025 -10 0 0 0
0.6160 0.0010 -0.0051 -10 0 0 0
0.6380 0.0006 -0.0053 -10 0 0 0
0.6380 0.0006 -0.0053 -10 0 0 0
0.6240 0.0012 -0.0065 -10 0 0 0
0.6200 0.0015 -0.0067 -10 0 0 0
0.6080 0.0021 -0.0089 -10 0 0 0
0.6080 0.0021 -0.0089 -10 0 0 0
0.6160 0.0024 -0.0090 -10 0 0 0
0.6260 0.0023 -0.0092 -10 0 0 0
0.6240 0.0023 -0.0093 -10 0 0 0
0.6020 0.0020 -0.0103 -10 0 0 0
0.6080 0.0020 -0.0103 -10 0 0 0
0.6100 0.0019 -0.0110 -10 0 0 0
0.6100 0.0020 -0.0112 -10 0 0 0
0.6160 0.0021 -0.0128 -10 0 0 0
0.6220 0.0022 -0.0126 -10 0 0 0
0.6220 0.0022 -0.0126 -10 0 0 0
0.6100 0.0016 -0.0144 -10 0 0 0
0.6100 0.0016 -0.0144 -10 0 0 0
0.6200 0.0014 -0.0145 -10 0 0 0
0.5980 0.0012 -0.0156 -10 0 0 0
0.6060 0.0018 -0.0162 -10 0 0 0
0.6060 0.0018 -0.0162 -10 0 0 0
0.6200 0.0020 -0.0165 -10 0 0 0
0.6100 0.0019 -0.0171 -10 0 0 0
0.6120 0.0019 -0.0171 -10 0 0 0
0.6120 0.0019 -0.0171 0 0 0 0
0.6100 0.0000 -0.0162 -10 0 0 0
0.6280 0.0019 -0.0189 -10 0 0 0
0.6320 0.0018 -0.0191 -10 0 0 0
0.6480 0.0016 -0.0182 -10 0 0 0
0.6480 0.0016 -0.0182 -10 0 0 0
0.6400 0.0017 -0.0175 -10 0 0 0
0.6520 0.0012 -0.0197 -10 0 0 0
0.6320 0.0010 -0.0195 -10 0 0 0
0.6320 0.0010 -0.0195 -10 0 0 0
0.6400 0.0007 -0.0214 -10 0 0 0
0.6400 0.0012 -0.0210 -10 0 0 0
0.6360 0.0013 -0.0204 -10 0 0 0
0.6320 0.0014 -0.0201 -10 0 0 0
0.6320 0.0014 -0.0201 -10 0 0 0
0.6340 0.0019 -0.0180 -10 0 0 0
0.6340 0.0019 -0.0180 -10 0 0 0
0.6220 0.0020 -0.0173 -10 0 0 0
0.6140 0.0015 -0.0170 -10 0 0 0
0.6320 0.0010 -0.0164 -10 0 0 0
0.6320 0.0010 -0.0164 -10 0 0 0
0.6560 0.0008 -0.0151 -10 0 0 0
0.6620 0.0012 -0.0146 0 0 0 0
0.6700 0.0005 -0.0111 0 0 0 10
0.6980 0.0006 -0.0170 0 0 0 10
0.6960 0.0001 -0.0157 0 0 0 10
0.6800 -0.0003 -0.0129 0 0 0 0
0.6960 0.0001 -0.0078 0 0 0 10
0.6960 -0.0002 0.0009 0 0 0 10
