0.7300 -0.0654 0.0231 0 0 0 -30
0.7420 -0.0652 0.0256 0 0 0 -30
0.7560 -0.0643 0.0301 0 0 0 -30
0.7440 -0.0642 0.0301 0 0 0 0
0.7500 -0.0648 0.0336 0 0 0 -30
0.7260 -0.0654 0.0337 0 0 0 -30
0.7420 -0.0652 0.0322 0 0 0 0
0.7460 -0.0656 0.0235 0 0 0 -30
0.7380 -0.0643 0.0129 0 0 0 -30
0.7380 -0.0643 0.0121 0 0 0 0
0.7360 -0.0642 0.0115 0 0 0 -30
0.7500 -0.0637 0.0058 0 0 0 -30
0.7480 -0.0636 0.0055 0 0 0 0
0.7360 -0.0636 0.0052 0 0 0 -30
0.7440 -0.0645 0.0047 0 0 0 0
0.7360 -0.0654 -0.0216 0 0 -30 0
0.7580 -0.0662 -0.0129 0 0 -30 0
0.7540 -0.0661 -0.0116 0 0 0 0
0.7480 -0.0650 -0.0159 0 0 -30 0
0.7680 -0.0656 -0.0176 0 0 -30 0
0.7680 -0.0656 -0.0176 0 0 -30 0
0.7660 -0.0661 -0.0171 0 0 0 0
0.7460 -0.0671 -0.0160 0 0 -30 0
0.7400 -0.0693 -0.0113 0 0 -30 0
0.7400 -0.0693 -0.0113 0 0 0 0
0.7580 -0.0719 -0.0038 0 0 30 0
0.7340 -0.0749 -0.0025 0 0 30 0
0.7440 -0.0750 -0.0004 0 0 30 0
0.7540 -0.0749 0.0020 0 0 30 0
0.7620 -0.0749 0.0018 0 0 30 0
0.7620 -0.0749 0.0018 0 0 30 0
0.7280 -0.0752 0.0065 0 0 30 0
0.7480 -0.0755 0.0073 0 0 30 0
0.7480 -0.0755 0.0073 0 0 30 0
0.7680 -0.0759 0.0065 0 0 30 0
0.7680 -0.0759 0.0065 0 0 30 0
0.7380 -0.0754 0.0068 0 0 30 0
0.7380 -0.0743 0.0032 0 0 30 0
0.7600 -0.0728 0.0029 0 0 30 0
0.7480 -0.0718 0.0037 0 0 30 0
0.7660 -0.0708 0.0028 0 0 30 0
0.7660 -0.0708 0.0028 0 0 30 0
0.7540 -0.0690 0.0011 0 0 30 0
0.7500 -0.0690 0.0011 0 0 30 0
0.7500 -0.0672 -0.0021 0 0 30 0
0.7480 -0.0640 -0.0051 0 0 30 0
0.7400 -0.0640 -0.0051 0 0 30 0
0.7400 -0.0623 -0.0053 0 0 30 0
0.7360 -0.0605 -0.0042 0 0 30 0
0.7440 -0.0594 -0.0053 0 0 30 0
0.7540 -0.0586 -0.0042 0 0 30 0
0.7540 -0.0586 -0.0042 0 0 0 0
0.7460 -0.0449 -0.0075 0 0 -30 0
0.7280 -0.0409 -0.0086 0 0 -30 0
0.7360 -0.0400 -0.0095 0 0 -30 0
0.7280 -0.0399 -0.0096 0 0 -30 0
0.7280 -0.0399 -0.0096 0 0 -30 0
0.7400 -0.0399 -0.0092 0 0 -30 0
0.7360 -0.0393 -0.0125 0 0 -30 0
0.7200 -0.0391 -0.0127 0 0 -30 0
0.7400 -0.0387 -0.0127 0 0 -30 0
0.7460 -0.0387 -0.0142 0 0 -30 0
0.7460 -0.0387 -0.0142 0 0 -30 0
0.7520 -0.0391 -0.0141 0 0 0 0
0.7460 -0.0414 -0.0162 0 0 30 0
0.7380 -0.0444 -0.0178 0 0 30 0
0.7380 -0.0444 -0.0178 0 0 30 0
0.7380 -0.0453 -0.0190 0 0 30 0
0.7260 -0.0460 -0.0180 0 0 30 0
0.7200 -0.0467 -0.0156 0 0 30 0
0.7340 -0.0473 -0.0139 0 0 30 0
0.7360 -0.0482 -0.0131 0 0 30 0
0.7360 -0.0482 -0.0131 0 0 30 0
0.7220 -0.0492 -0.0135 0 0 30 0
0.7320 -0.0498 -0.0152 0 0 30 0
0.7500 -0.0500 -0.0145 0 0 30 0
0.7280 -0.0499 -0.0120 0 0 30 0
0.7300 -0.0497 -0.0123 0 0 30 0
0.7300 -0.0497 -0.0123 0 0 30 0
0.7220 -0.0492 -0.0109 0 0 30 0
0.7400 -0.0488 -0.0110 0 0 30 0
0.7420 -0.0482 -0.0107 0 0 30 0
0.7280 -0.0476 -0.0110 0 0 30 0
0.7280 -0.0469 -0.0103 0 0 30 0
0.7320 -0.0469 -0.0103 0 0 30 0
0.7020 -0.0458 -0.0104 0 0 30 0
0.7240 -0.0445 -0.0089 0 0 30 0
0.7420 -0.0429 -0.0094 0 0 30 0
0.7420 -0.0421 -0.0094 0 0 30 0
0.7460 -0.0410 -0.0097 0 0 30 0
0.7460 -0.0410 -0.0097 0 0 30 0
0.7440 -0.0402 -0.0096 0 0 30 0
0.7300 -0.0388 -0.0103 0 0 0 0
0.7180 -0.0276 -0.0147 0 0 30 0
0.7160 -0.0232 -0.0156 0 0 30 0
0.7140 -0.0199 -0.0162 0 0 30 0
0.7080 -0.0183 -0.0130 0 0 30 0
0.7220 -0.0171 -0.0117 0 0 0 0
0.7180 -0.0160 -0.0115 0 0 30 0
0.7020 -0.0156 -0.0109 0 0 30 0
0.7040 -0.0144 -0.0091 0 0 30 0
0.7160 -0.0144 -0.0091 0 0 30 0
0.7180 -0.0134 -0.0091 0 0 30 0
0.7080 -0.0125 -0.0094 0 0 30 0
0.7060 -0.0111 -0.0099 0 0 30 0
0.7200 -0.0101 -0.0078 0 0 0 0
0.7260 -0.0053 -0.0079 0 0 30 0
0.7060 0.0002 -0.0100 0 0 30 0
