0.6280 -0.0044 -0.0917 0 0 0 10
0.6260 -0.0034 -0.0912 0 0 0 10
0.6280 -0.0032 -0.0913 0 0 0 10
0.6280 -0.0026 -0.0912 0 0 0 10
0.6180 -0.0019 -0.0889 0 0 0 10
0.6180 -0.0019 -0.0889 0 0 0 10
0.6400 -0.0019 -0.0878 0 0 0 10
0.6300 -0.0017 -0.0858 0 0 0 10
0.6300 -0.0027 -0.0847 0 0 0 10
0.6300 -0.0035 -0.0819 0 0 0 10
0.6440 -0.0034 -0.0796 0 0 0 10
0.6440 -0.0034 -0.0796 0 0 0 10
0.6420 -0.0032 -0.0776 0 0 0 10
0.6280 -0.0035 -0.0760 0 0 0 10
0.6300 -0.0038 -0.0754 0 0 0 10
0.6620 -0.0037 -0.0750 0 0 0 10
0.6620 -0.0037 -0.0750 0 0 0 10
0.6540 -0.0036 -0.0747 0 0 0 10
0.6360 -0.0036 -0.0722 0 0 0 10
0.6560 -0.0033 -0.0702 0 0 0 10
0.6540 -0.0029 -0.0695 0 0 0 10
0.6580 -0.0035 -0.0663 0 0 0 10
0.6580 -0.0035 -0.0663 0 0 0 10
0.6620 -0.0043 -0.0638 0 0 0 10
0.6680 -0.0045 -0.0616 0 0 0 10
0.6620 -0.0050 -0.0601 0 0 0 10
0.6740 -0.0051 -0.0578 0 0 0 10
0.6780 -0.0042 -0.0538 0 0 0 10
0.6720 -0.0037 -0.0516 0 0 0 0
0.6640 -0.0035 -0.0359 0 0 0 10
0.6820 -0.0032 -0.0339 0 0 0 10
0.6700 -0.0035 -0.0331 0 0 0 0
0.6660 -0.0034 -0.0315 0 0 0 10
0.6700 -0.0037 -0.0236 0 0 0 10
0.6700 -0.0037 -0.0236 0 0 0 0
0.6560 -0.0038 -0.0233 0 0 0 10
0.6700 -0.0035 -0.0148 0 0 0 10
0.6900 -0.0039 -0.0162 0 0 0 10
0.6900 -0.0039 -0.0162 0 0 0 10
0.6680 -0.0039 -0.0142 0 0 0 10
0.6800 -0.0037 -0.0147 0 0 0 10
0.6680 -0.0038 -0.0139 0 0 0 10
0.6680 -0.0038 -0.0139 0 0 0 10
0.6840 -0.0039 -0.0105 0 0 0 10
0.6780 -0.0038 -0.0074 0 0 0 10
0.6760 -0.0041 -0.0045 0 0 0 0
0.6820 -0.0031 0.0074 0 0 0 10
0.6840 -0.0026 0.0084 0 0 0 0
0.6620 -0.0023 0.0237 0 0 0 -10
0.6540 -0.0035 0.0305 0 0 0 0
0.6680 -0.0029 0.0100 0 0 0 0
