0.6115 -0.0035 0.5290 0 0 -30 0
0.5902 -0.0021 0.5306 0 0 -30 0
0.5902 -0.0021 0.5296 0 0 -30 0
0.5902 -0.0021 0.5296 0 0 0 0
0.5924 -0.0014 0.5282 0 0 -30 0
0.5945 -0.0040 0.5273 0 0 -30 0
0.5987 -0.0054 0.5276 0 0 0 0
0.6051 -0.0053 0.5286 0 0 -30 0
0.6008 -0.0048 0.5296 0 0 -30 0
0.6008 -0.0050 0.5284 0 0 -30 0
0.6008 -0.0050 0.5284 0 0 0 0
0.6093 -0.0065 1.0235 0 0 -30 0
0.6072 -0.0070 1.0225 0 0 0 0
0.6200 -0.0095 1.0225 0 0 -30 0
0.6200 -0.0118 1.0227 0 0 -30 0
0.6327 -0.0146 0.5152 0 0 -30 0
0.6072 -0.0145 0.5104 0 0 -30 0
0.6115 -0.0148 0.5099 0 0 -30 0
0.6030 -0.0155 0.5067 0 0 -30 0
0.6030 -0.0155 0.5067 0 0 -30 0
0.6093 -0.0157 0.5055 0 0 -30 0
0.5839 -0.0166 0.5039 0 0 0 0
0.5924 -0.0267 0.4993 0 0 -30 0
0.5966 -0.0319 0.4989 0 0 0 0
0.6115 -0.0312 0.5015 0 0 -30 0
0.5966 -0.0336 0.5032 0 0 0 0
0.5839 -0.0337 0.5002 0 0 -30 0
0.6008 -0.0328 0.5007 0 0 -30 0
0.6242 -0.0326 0.4971 0 0 0 0
0.5945 -0.0336 0.4966 0 0 -30 0
0.6178 -0.0348 0.4982 0 0 -30 0
0.6051 -0.0352 0.4994 0 0 0 0
0.6242 -0.0384 0.5078 0 0 -30 0
0.6263 -0.0403 0.5045 0 0 -30 0
0.6327 -0.0413 0.5019 0 0 0 0
0.6221 -0.0417 0.5017 0 0 -30 0
0.6093 -0.0422 0.4986 0 0 -30 0
0.6136 -0.0426 0.4993 0 0 -30 0
0.6136 -0.0426 0.4993 0 0 0 0
0.6200 -0.0434 0.4919 0 0 30 0
0.5902 -0.0454 0.5027 0 0 0 0
0.6115 -0.0474 0.5018 0 0 30 0
0.6221 -0.0470 0.5003 0 0 0 0
0.6072 -0.0469 0.5018 0 0 30 0
0.6136 -0.0464 0.4994 0 0 30 0
0.6136 -0.0464 0.4994 0 0 0 0
0.6200 -0.0470 0.4965 0 0 30 0
0.5966 -0.0471 0.5000 0 0 30 0
0.6263 -0.0467 0.5008 0 0 30 0
0.6008 -0.0461 0.5016 0 0 30 0
0.6008 -0.0461 0.5016 0 0 30 0
0.6115 -0.0448 0.5003 0 0 30 0
0.6157 -0.0441 0.5001 0 0 30 0
0.6136 -0.0436 0.5008 0 0 30 0
0.6242 -0.0427 0.5003 0 0 30 0
0.6285 -0.0427 0.5027 0 0 30 0
0.6285 -0.0427 0.5027 0 0 30 0
0.6136 -0.0423 0.5004 0 0 30 0
0.6115 -0.0426 0.5024 0 0 30 0
0.6306 -0.0423 0.5017 0 0 30 0
0.6306 -0.0415 0.5042 0 0 30 0
0.6306 -0.0415 0.5042 0 0 30 0
0.5817 -0.0395 0.5051 0 0 30 0
0.6115 -0.0381 0.5047 0 0 30 0
0.6136 -0.0371 0.5058 0 0 30 0
0.6221 -0.0361 0.5069 0 0 30 0
0.6072 -0.0351 0.5045 0 0 30 0
0.6200 -0.0339 0.5047 0 0 30 0
0.6200 -0.0339 0.5047 0 0 0 0
0.5924 -0.0285 0.5005 0 0 30 0
0.6221 -0.0251 0.5053 0 0 30 0
0.6157 -0.0231 0.5032 0 0 0 0
0.6157 -0.0211 0.5030 0 0 30 0
0.6093 -0.0184 0.5036 0 0 30 0
0.6157 -0.0168 0.5035 0 0 0 0
0.6115 -0.0144 0.5043 0 0 30 0
0.6008 -0.0119 0.5079 0 0 30 0
0.6136 -0.0104 0.5072 0 0 0 0
0.6136 -0.0096 0.5080 0 0 30 0
0.5987 -0.0093 0.5067 0 0 30 0
0.6157 -0.0095 0.5039 0 0 0 0
0.6221 -0.0072 0.5076 0 0 30 0
0.6072 -0.0070 0.5096 0 0 30 0
0.6221 -0.0076 0.5048 0 0 30 0
0.6263 -0.0067 0.5112 0 0 0 0
0.6454 -0.0032 0.4984 0 0 30 0
0.6072 -0.0019 0.4984 0 0 0 0
0.6051 0.0012 0.5406 0 0 0 -30
0.6030 0.0027 0.5423 0 0 0 -30
0.5945 0.0021 0.5395 0 0 0 0
0.5987 0.0030 0.5371 0 0 0 -30
0.6221 0.0035 0.5382 0 0 0 -30
0.6221 0.0035 0.5382 0 0 0 0
0.6157 0.0015 0.5356 0 0 0 -30
0.6178 0.0024 0.5305 0 0 0 -30
0.5987 0.0032 0.5287 0 0 0 -30
0.5987 0.0032 0.5287 0 0 0 -30
0.6051 0.0041 0.5259 0 0 0 0
0.6136 0.0036 0.5241 0 0 0 -30
0.6115 0.0026 0.5221 0 0 0 -30
0.6178 0.0030 0.5190 0 0 0 -30
0.6178 0.0030 0.5190 0 0 0 -30
0.6030 0.0034 0.5153 0 0 0 -30
0.6200 0.0035 0.5122 0 0 0 -30
0.6093 0.0033 0.5100 0 0 0 -30
0.6093 0.0033 0.5100 0 0 0 -30
0.6285 0.0032 0.5066 0 0 0 -30
0.6221 0.0028 0.5047 0 0 0 -30
0.6200 0.0026 0.5032 0 0 0 -30
0.6327 0.0037 0.4985 0 0 0 -30
0.6327 0.0037 0.4985 0 0 0 -30
0.6391 0.0041 0.4959 0 0 0 -30
0.6327 0.0044 0.4923 0 0 0 -30
0.6115 0.0046 0.4906 0 0 0 -30
0.6391 0.0045 0.4880 0 0 0 -30
0.6391 0.0041 0.4850 0 0 0 -30
0.6200 0.0041 0.4837 0 0 0 -30
0.6200 0.0041 0.4837 0 0 0 0
0.6242 0.0041 0.4720 0 0 0 -30
0.6072 0.0039 0.4737 0 0 0 -30
0.5902 0.0034 0.4761 0 0 0 -30
0.6051 0.0034 0.4756 0 0 0 0
0.5881 0.0039 0.4748 0 0 0 -30
0.5902 0.0044 0.4717 0 0 0 -30
0.6030 0.0041 0.4687 0 0 0 -30
0.6030 0.0041 0.4687 0 0 0 -30
0.5966 0.0037 0.4660 0 0 0 -30
0.5966 0.0037 0.4660 0 0 0 -30
0.5924 0.0035 0.4634 0 0 0 -30
0.6072 0.0034 0.4620 0 0 0 -30
0.5902 0.0038 0.4626 0 0 0 -30
0.5902 0.0038 0.4626 0 0 0 -30
0.5924 0.0041 0.4593 0 0 0 -30
0.5563 0.0039 0.4566 0 0 0 -30
0.5605 0.0032 0.4537 0 0 0 -30
0.5754 0.0025 0.4491 0 0 0 -30
0.5520 0.0024 0.4489 0 0 0 -30
0.5563 0.0024 0.4481 0 0 0 -30
0.5711 0.0020 0.4452 0 0 0 -30
0.5563 0.0016 0.4435 0 0 0 -30
0.5456 0.0015 0.4429 0 0 0 -30
0.5456 0.0015 0.4429 0 0 0 -30
0.5414 0.0016 0.4410 0 0 0 -30
0.5350 0.0017 0.4386 0 0 0 0
0.5456 0.0022 0.4324 0 0 0 -30
0.5435 0.0012 0.4242 0 0 0 -30
0.4989 0.0009 0.4222 0 0 0 0
0.5159 0.0016 0.4210 0 0 0 -30
0.5372 0.0017 0.4185 0 0 0 -30
0.5180 0.0015 0.4180 0 0 0 0
0.5180 0.0012 0.4161 0 0 0 -30
0.5435 0.0015 0.4122 0 0 0 -30
0.5053 0.0017 0.4097 0 0 0 0
0.5180 0.0017 0.4083 0 0 0 -30
0.5414 0.0019 0.4044 0 0 0 -30
0.4947 0.0019 0.4039 0 0 0 -30
0.5329 0.0020 0.4004 0 0 0 -30
0.5223 0.0022 0.3997 0 0 0 -30
0.5329 0.0022 0.3983 0 0 0 -30
0.5138 0.0020 0.3981 0 0 0 -30
0.5372 0.0024 0.3961 0 0 0 -30
0.5117 0.0021 0.3960 0 0 0 -30
0.5117 0.0021 0.3960 0 0 0 -30
0.5180 0.0023 0.3956 0 0 0 -30
0.5159 0.0024 0.3947 0 0 0 -30
0.5265 0.0022 0.3905 0 0 0 -30
0.5265 0.0022 0.3905 0 0 0 -30
0.4989 0.0022 0.3887 0 0 0 -30
0.5138 0.0019 0.3863 0 0 0 -30
0.5096 0.0022 0.3839 0 0 0 -30
0.4926 0.0022 0.3819 0 0 0 -30
0.4926 0.0022 0.3819 0 0 0 -30
0.5180 0.0020 0.3804 0 0 0 -30
0.5053 0.0015 0.3793 0 0 0 -30
0.5053 0.0014 0.3784 0 0 0 -30
0.4713 0.0016 0.3777 0 0 0 -30
0.4947 0.0021 0.3751 0 0 0 -30
0.4947 0.0021 0.3751 0 0 0 -30
0.4883 0.0022 0.3720 0 0 0 -30
0.4756 0.0021 0.3695 0 0 0 -30
0.4735 0.0019 0.3667 0 0 0 -30
0.4735 0.0019 0.3667 0 0 0 -30
0.4628 0.0021 0.3647 0 0 0 -30
0.4544 0.0021 0.3628 0 0 0 -30
0.4480 0.0017 0.3599 0 0 0 -30
0.4565 0.0017 0.3592 0 0 0 -30
0.4756 0.0019 0.3583 0 0 0 -30
0.4756 0.0019 0.3583 0 0 0 0
0.4713 0.0030 0.3530 0 0 0 -30
0.4437 0.0016 0.3421 0 0 0 -30
0.4628 0.0008 0.3406 0 0 0 0
0.4416 0.0012 0.3393 0 0 0 -30
0.4565 0.0031 0.3382 0 0 0 -30
0.4565 0.0031 0.3382 0 0 0 -30
0.4777 0.0035 0.3349 0 0 0 0
0.4544 0.0022 0.3330 0 0 0 -30
0.4268 0.0025 0.3268 0 0 0 -30
0.4480 0.0027 0.3259 0 0 0 0
0.4459 0.0026 0.3209 0 0 0 -30
0.4395 0.0026 0.3203 0 0 0 -30
0.4246 0.0031 0.3185 0 0 0 0
0.4480 0.0032 0.3179 0 0 0 -30
0.4352 0.0034 0.3150 0 0 0 -30
0.4352 0.0034 0.3150 0 0 0 0
0.4416 0.0033 0.3113 0 0 0 -30
0.4268 0.0028 0.3068 0 0 0 -30
0.4246 0.0033 0.3044 0 0 0 0
0.4310 0.0033 0.3005 0 0 0 -30
0.4246 0.0039 0.2965 0 0 0 -30
0.4076 0.0042 0.2949 0 0 0 0
0.4161 0.0039 0.2918 0 0 0 -30
0.3758 0.0026 0.2928 0 0 0 -30
0.3758 0.0026 0.2928 0 0 0 0
0.4119 0.0023 0.2946 0 0 0 -30
0.4310 0.0027 0.2932 0 0 0 -30
0.3779 0.0035 0.2938 0 0 0 -30
0.4055 0.0041 0.2898 0 0 0 -30
0.4098 0.0037 0.2896 0 0 0 -30
0.3928 0.0036 0.2862 0 0 0 -30
0.3992 0.0037 0.2856 0 0 0 -30
0.3992 0.0037 0.2856 0 0 0 -30
0.4140 0.0041 0.2817 0 0 0 -30
0.3885 0.0040 0.2793 0 0 0 -30
0.4013 0.0041 0.2767 0 0 0 -30
0.3970 0.0041 0.2738 0 0 0 -30
0.3970 0.0041 0.2738 0 0 0 -30
0.3800 0.0040 0.2717 0 0 0 -30
0.3843 0.0039 0.2698 0 0 0 -30
0.3652 0.0041 0.2690 0 0 0 -30
0.3652 0.0041 0.2690 0 0 0 -30
0.3652 0.0049 0.2643 0 0 0 -30
0.3652 0.0047 0.2620 0 0 0 -30
0.3652 0.0047 0.2620 0 0 0 -30
0.3885 0.0043 0.2597 0 0 0 -30
0.3439 0.0037 0.2565 0 0 0 -30
0.3567 0.0035 0.2556 0 0 0 -30
0.3567 0.0035 0.2535 0 0 0 -30
0.3376 0.0029 0.2492 0 0 0 -30
0.3376 0.0029 0.2492 0 0 0 -30
0.3609 0.0025 0.2474 0 0 0 -30
0.3609 0.0020 0.2440 0 0 0 -30
0.3503 0.0024 0.2419 0 0 0 -30
0.3503 0.0024 0.2419 0 0 0 -30
0.3546 0.0021 0.2389 0 0 0 -30
0.3652 0.0017 0.2351 0 0 0 0
0.3567 0.0020 0.2330 0 0 0 -30
0.3482 0.0018 0.2319 0 0 0 -30
0.3376 0.0011 0.2300 0 0 0 0
0.3397 0.0003 0.2253 0 0 0 -30
0.3461 0.0005 0.2245 0 0 0 -30
0.3439 0.0009 0.2236 0 0 0 -30
0.3461 0.0020 0.2227 0 0 0 0
0.3524 0.0027 0.2222 0 0 0 -30
0.3270 0.0036 0.2201 0 0 0 -30
0.3631 0.0028 0.2186 0 0 0 -30
0.3588 0.0024 0.2169 0 0 0 -30
0.3461 0.0015 0.2153 0 0 0 -30
0.3461 0.0015 0.2153 0 0 0 -30
0.3418 0.0012 0.2144 0 0 0 -30
0.3376 0.0014 0.2135 0 0 0 -30
0.3312 0.0024 0.2115 0 0 0 -30
0.3312 0.0024 0.2115 0 0 0 -30
0.3227 0.0036 0.2080 0 0 0 -30
0.3227 0.0036 0.2080 0 0 0 -30
0.3546 0.0042 0.2067 0 0 0 -30
0.3376 0.0030 0.2044 0 0 0 -30
0.3185 0.0026 0.2021 0 0 0 -30
0.3185 0.0026 0.2021 0 0 0 -30
0.3121 0.0015 0.1992 0 0 0 0
0.3057 0.0018 0.1950 0 0 0 -30
0.3376 0.0027 0.1925 0 0 0 -30
0.3057 0.0027 0.1922 0 0 0 -30
0.3185 0.0028 0.1918 0 0 0 0
0.3503 0.0024 0.1902 0 0 0 -30
0.3461 0.0031 0.1882 0 0 0 -30
0.3482 0.0034 0.1880 0 0 0 -30
0.3588 0.0035 0.1872 0 0 0 0
0.3588 0.0036 0.1856 0 0 0 -30
0.3609 0.0034 0.1811 0 0 0 -30
0.3461 0.0038 0.1789 0 0 0 -30
0.3439 0.0037 0.1779 0 0 0 -30
0.3439 0.0037 0.1779 0 0 0 -30
0.3588 0.0039 0.1762 0 0 0 -30
0.3291 0.0035 0.1754 0 0 0 -30
0.3206 0.0033 0.1747 0 0 0 -30
0.3206 0.0033 0.1747 0 0 0 -30
0.3121 0.0032 0.1722 0 0 0 -30
0.3100 0.0035 0.1704 0 0 0 -30
0.3227 0.0033 0.1687 0 0 0 0
0.3270 0.0031 0.1675 0 0 0 -30
0.3206 0.0032 0.1677 0 0 0 -30
0.3121 0.0030 0.1676 0 0 0 -30
0.3227 0.0030 0.1693 0 0 0 -30
0.3142 0.0026 0.1684 0 0 0 -30
0.3163 0.0023 0.1681 0 0 0 -30
0.3206 0.0025 0.1667 0 0 0 -30
0.3206 0.0025 0.1667 0 0 0 -30
0.3079 0.0026 0.1658 0 0 0 -30
0.3248 0.0029 0.1651 0 0 0 -30
0.3206 0.0028 0.1666 0 0 0 -30
0.3206 0.0028 0.1666 0 0 0 -30
0.3100 0.0025 0.1646 0 0 0 -30
0.3270 0.0022 0.1623 0 0 0 -30
0.3270 0.0022 0.1623 0 0 0 -30
0.2972 0.0022 0.1592 0 0 0 -30
0.2972 0.0017 0.1558 0 0 0 -30
0.3015 0.0020 0.1534 0 0 0 -30
0.3015 0.0020 0.1534 0 0 0 -30
0.3142 0.0022 0.1517 0 0 0 -30
0.2739 0.0020 0.1490 0 0 0 -30
0.2739 0.0022 0.1483 0 0 0 -30
0.2781 0.0023 0.1460 0 0 0 -30
0.2781 0.0028 0.1431 0 0 0 -30
0.2781 0.0028 0.1431 0 0 0 -30
0.2590 0.0034 0.1402 0 0 0 -30
0.2739 0.0036 0.1380 0 0 0 -30
0.2611 0.0034 0.1358 0 0 0 -30
0.2590 0.0034 0.1345 0 0 0 -30
0.2590 0.0034 0.1345 0 0 0 -30
0.2484 0.0033 0.1316 0 0 0 -30
0.2420 0.0031 0.1292 0 0 0 0
0.2463 0.0046 0.1213 0 0 0 30
0.2760 0.0040 0.1220 0 0 0 30
0.2781 0.0040 0.1222 0 0 0 30
0.2633 0.0042 0.1205 0 0 0 30
0.2696 0.0043 0.1203 0 0 0 30
0.2696 0.0044 0.1176 0 0 0 30
0.2803 0.0044 0.1176 0 0 0 30
0.2909 0.0047 0.1171 0 0 0 30
0.2505 0.0045 0.1163 0 0 0 30
0.2611 0.0046 0.1165 0 0 0 30
0.2611 0.0046 0.1165 0 0 0 30
0.2739 0.0045 0.1209 0 0 0 30
0.2718 0.0045 0.1213 0 0 0 30
0.2718 0.0045 0.1213 0 0 0 30
0.2845 0.0041 0.1212 0 0 0 30
0.2760 0.0041 0.1233 0 0 0 30
0.2654 0.0034 0.1260 0 0 0 30
0.2654 0.0034 0.1260 0 0 0 30
0.2633 0.0033 0.1281 0 0 0 30
0.2633 0.0032 0.1293 0 0 0 30
0.2781 0.0039 0.1316 0 0 0 30
0.2760 0.0042 0.1319 0 0 0 30
0.2739 0.0042 0.1346 0 0 0 30
0.2739 0.0042 0.1346 0 0 0 30
0.2718 0.0042 0.1378 0 0 0 30
0.2611 0.0034 0.1469 0 0 0 30
0.2611 0.0034 0.1469 0 0 0 30
0.2845 0.0034 0.1499 0 0 0 30
0.2909 0.0034 0.1553 0 0 0 30
0.2951 0.0039 0.1575 0 0 0 30
0.2824 0.0042 0.1608 0 0 0 30
0.2824 0.0042 0.1608 0 0 0 30
0.2781 0.0047 0.1627 0 0 0 30
0.2824 0.0047 0.1635 0 0 0 30
0.2845 0.0042 0.1623 0 0 0 30
0.2845 0.0042 0.1623 0 0 0 30
0.2951 0.0039 0.1626 0 0 0 30
0.3079 0.0035 0.1640 0 0 0 30
0.2994 0.0036 0.1653 0 0 0 30
0.2994 0.0036 0.1653 0 0 0 30
0.3057 0.0043 0.1680 0 0 0 30
0.2845 0.0051 0.1703 0 0 0 30
0.3227 0.0054 0.1740 0 0 0 30
0.3291 0.0062 0.1765 0 0 0 30
0.3270 0.0055 0.1797 0 0 0 30
0.3185 0.0048 0.1815 0 0 0 30
0.3142 0.0032 0.1832 0 0 0 30
0.3163 0.0030 0.1836 0 0 0 30
0.3163 0.0033 0.1848 0 0 0 30
0.3355 0.0042 0.1851 0 0 0 30
0.3270 0.0047 0.1853 0 0 0 30
0.3312 0.0051 0.1834 0 0 0 30
0.3312 0.0051 0.1834 0 0 0 30
0.3227 0.0064 0.1833 0 0 0 30
0.3355 0.0062 0.1835 0 0 0 30
0.3355 0.0062 0.1835 0 0 0 30
0.3355 0.0056 0.1845 0 0 0 30
0.3333 0.0047 0.1824 0 0 0 30
0.3418 0.0045 0.1846 0 0 0 30
0.3439 0.0048 0.1874 0 0 0 30
0.3439 0.0048 0.1874 0 0 0 30
0.3206 0.0046 0.1898 0 0 0 30
0.3248 0.0051 0.1933 0 0 0 30
0.3248 0.0044 0.1960 0 0 0 30
0.3100 0.0042 0.1983 0 0 0 30
0.3418 0.0031 0.2008 0 0 0 30
0.3418 0.0031 0.2008 0 0 0 30
0.3355 0.0027 0.2049 0 0 0 30
0.3248 0.0026 0.2087 0 0 0 30
0.3270 0.0026 0.2104 0 0 0 30
0.3397 0.0031 0.2115 0 0 0 30
0.3270 0.0031 0.2126 0 0 0 30
0.3418 0.0029 0.2152 0 0 0 30
0.3546 0.0022 0.2161 0 0 0 30
0.3631 0.0022 0.2181 0 0 0 30
0.3673 0.0026 0.2187 0 0 0 30
0.3673 0.0026 0.2187 0 0 0 30
0.3418 0.0029 0.2188 0 0 0 30
0.3588 0.0031 0.2184 0 0 0 30
0.3546 0.0034 0.2194 0 0 0 30
0.3546 0.0036 0.2209 0 0 0 30
0.3546 0.0036 0.2209 0 0 0 30
0.3524 0.0036 0.2235 0 0 0 30
0.3524 0.0035 0.2244 0 0 0 30
0.3439 0.0035 0.2274 0 0 0 30
0.3503 0.0032 0.2307 0 0 0 30
0.3461 0.0033 0.2337 0 0 0 30
0.3461 0.0033 0.2337 0 0 0 30
0.3418 0.0034 0.2377 0 0 0 30
0.3418 0.0034 0.2377 0 0 0 30
0.3418 0.0028 0.2426 0 0 0 30
0.3461 0.0035 0.2438 0 0 0 30
0.3588 0.0037 0.2443 0 0 0 30
0.3439 0.0045 0.2456 0 0 0 30
0.3673 0.0052 0.2479 0 0 0 30
0.3673 0.0052 0.2479 0 0 0 30
0.3631 0.0057 0.2486 0 0 0 30
0.3609 0.0056 0.2504 0 0 0 30
0.3609 0.0056 0.2504 0 0 0 30
0.3652 0.0047 0.2548 0 0 0 30
0.3652 0.0047 0.2548 0 0 0 30
0.3652 0.0041 0.2574 0 0 0 30
0.3652 0.0041 0.2574 0 0 0 30
0.3694 0.0032 0.2627 0 0 0 30
0.3694 0.0032 0.2627 0 0 0 30
0.3758 0.0031 0.2656 0 0 0 30
0.3843 0.0037 0.2671 0 0 0 30
0.3758 0.0040 0.2709 0 0 0 30
0.3822 0.0041 0.2708 0 0 0 30
0.3822 0.0041 0.2708 0 0 0 30
0.3907 0.0043 0.2746 0 0 0 30
0.3992 0.0043 0.2746 0 0 0 30
0.3822 0.0036 0.2774 0 0 0 30
0.4119 0.0034 0.2800 0 0 0 30
0.4119 0.0034 0.2834 0 0 0 30
0.3992 0.0034 0.2834 0 0 0 30
0.3928 0.0037 0.2860 0 0 0 30
0.4034 0.0037 0.2892 0 0 0 30
0.3822 0.0037 0.2908 0 0 0 30
0.3822 0.0037 0.2908 0 0 0 30
0.3992 0.0039 0.2922 0 0 0 30
0.4140 0.0038 0.2940 0 0 0 30
0.3970 0.0035 0.2959 0 0 0 30
0.4204 0.0032 0.2982 0 0 0 30
0.4204 0.0032 0.2982 0 0 0 30
0.4289 0.0035 0.3011 0 0 0 0
0.4268 0.0049 0.3151 0 0 0 30
0.4013 0.0056 0.3174 0 0 0 30
0.4331 0.0058 0.3177 0 0 0 0
0.4140 0.0058 0.3162 0 0 0 30
0.4480 0.0062 0.3207 0 0 0 30
0.4395 0.0067 0.3230 0 0 0 30
0.4310 0.0068 0.3241 0 0 0 0
0.4480 0.0062 0.3274 0 0 0 30
0.4628 0.0057 0.3301 0 0 0 30
0.4650 0.0051 0.3345 0 0 0 30
0.4565 0.0052 0.3352 0 0 0 30
0.4607 0.0053 0.3378 0 0 0 30
0.4607 0.0053 0.3378 0 0 0 30
0.4522 0.0043 0.3404 0 0 0 30
0.4544 0.0040 0.3437 0 0 0 30
0.4777 0.0043 0.3457 0 0 0 30
0.4501 0.0048 0.3486 0 0 0 30
0.4883 0.0049 0.3498 0 0 0 0
0.5096 0.0047 0.3525 0 0 0 30
0.4798 0.0042 0.3570 0 0 0 30
0.4841 0.0041 0.3577 0 0 0 0
0.5053 0.0032 0.3600 0 0 0 30
0.4947 0.0028 0.3636 0 0 0 30
0.4968 0.0029 0.3649 0 0 0 30
0.4756 0.0038 0.3673 0 0 0 0
0.4820 0.0047 0.3683 0 0 0 30
0.4798 0.0048 0.3711 0 0 0 30
0.4883 0.0047 0.3717 0 0 0 0
0.4735 0.0046 0.3763 0 0 -30 0
0.4798 0.0043 0.3790 0 0 -30 0
0.4798 0.0041 0.3789 0 0 0 0
0.5117 0.0036 0.3857 0 0 -30 0
0.4904 0.0030 0.3872 0 0 -30 0
0.5202 0.0032 0.3869 0 0 -30 0
0.5074 0.0031 0.3863 0 0 -30 0
0.5032 0.0029 0.3880 0 0 -30 0
0.5032 0.0029 0.3880 0 0 0 0
0.4947 0.0020 0.3879 0 0 -30 0
0.5308 0.0007 0.3850 0 0 -30 0
0.5032 -0.0003 0.3854 0 0 -30 0
0.4841 -0.0019 0.3849 0 0 -30 0
0.4841 -0.0019 0.3849 0 0 -30 0
0.5180 -0.0026 0.3841 0 0 0 0
0.5138 -0.0128 0.3738 0 0 0 30
0.4883 -0.0134 0.3748 0 0 0 30
0.4926 -0.0132 0.3800 0 0 0 30
0.4926 -0.0132 0.3800 0 0 0 30
0.5074 -0.0130 0.3798 0 0 0 30
0.5032 -0.0130 0.3800 0 0 0 0
0.5074 -0.0129 0.3799 0 0 0 30
0.5011 -0.0131 0.3806 0 0 0 30
0.4756 -0.0133 0.3823 0 0 0 30
0.5096 -0.0137 0.3822 0 0 0 30
0.4841 -0.0136 0.3838 0 0 0 30
0.4841 -0.0136 0.3838 0 0 0 0
0.4947 -0.0142 0.3862 0 0 0 30
0.4947 -0.0141 0.3878 0 0 0 30
0.5180 -0.0136 0.3906 0 0 0 30
0.4756 -0.0131 0.3930 0 0 0 30
0.4883 -0.0137 0.3941 0 0 0 0
0.4777 -0.0140 0.3936 0 0 0 30
0.4798 -0.0153 0.3959 0 0 0 30
0.4883 -0.0154 0.3990 0 0 0 0
0.4989 -0.0151 0.3983 0 0 0 30
0.4862 -0.0148 0.3962 0 0 0 30
0.5096 -0.0151 0.3969 0 0 0 30
0.4798 -0.0153 0.3988 0 0 0 0
0.4692 -0.0151 0.4000 0 0 0 30
0.4968 -0.0143 0.3963 0 0 0 30
0.5074 -0.0144 0.4011 0 0 0 30
0.4947 -0.0144 0.4030 0 0 0 30
0.4947 -0.0144 0.4030 0 0 0 30
0.5011 -0.0149 0.4050 0 0 0 0
0.4883 -0.0157 0.4076 0 0 0 30
0.4904 -0.0159 0.4133 0 0 0 30
0.4989 -0.0156 0.4161 0 0 0 30
0.5202 -0.0156 0.4177 0 0 0 30
0.4798 -0.0159 0.4190 0 0 0 0
0.5138 -0.0160 0.4197 0 0 0 30
0.5117 -0.0160 0.4226 0 0 0 30
0.5244 -0.0157 0.4230 0 0 0 30
0.5011 -0.0155 0.4251 0 0 0 0
0.5414 -0.0139 0.4297 0 0 0 30
0.4862 -0.0132 0.4341 0 0 0 30
0.5244 -0.0133 0.4367 0 0 0 0
0.5414 -0.0142 0.4401 0 0 0 30
0.5350 -0.0142 0.4447 0 0 0 30
0.5456 -0.0142 0.4447 0 0 0 0
0.5372 -0.0151 0.4461 0 0 0 30
0.5414 -0.0159 0.4475 0 0 0 0
0.5308 -0.0148 0.4491 0 0 0 30
0.5520 -0.0150 0.4549 0 0 0 30
0.5372 -0.0148 0.4557 0 0 0 0
0.5669 -0.0140 0.4614 0 0 0 30
0.5520 -0.0137 0.4680 0 0 0 30
0.5796 -0.0149 0.4675 0 0 0 0
0.5584 -0.0154 0.4653 0 0 0 30
0.5817 -0.0141 0.4731 0 0 0 0
0.5817 -0.0155 0.4729 -30 0 0 0
0.5881 -0.0162 0.4735 -30 0 0 0
0.5775 -0.0148 0.4747 -30 0 0 0
0.5902 -0.0146 0.4733 -30 0 0 0
0.5732 -0.0144 0.4729 -30 0 0 0
0.5732 -0.0144 0.4729 -30 0 0 0
0.5966 -0.0143 0.4719 -30 0 0 0
0.5839 -0.0145 0.4719 -30 0 0 0
0.5754 -0.0149 0.4704 -30 0 0 0
0.5924 -0.0151 0.4700 -30 0 0 0
0.5924 -0.0151 0.4700 -30 0 0 0
0.5796 -0.0153 0.4693 -30 0 0 0
0.5796 -0.0153 0.4693 -30 0 0 0
0.5626 -0.0147 0.4690 -30 0 0 0
0.5605 -0.0146 0.4692 -30 0 0 0
0.5648 -0.0143 0.4690 -30 0 0 0
0.5732 -0.0143 0.4690 -30 0 0 0
0.5902 -0.0140 0.4623 -30 0 0 0
0.5902 -0.0140 0.4623 -30 0 0 0
0.5817 -0.0137 0.4594 0 0 0 0
0.5690 -0.0133 0.4586 -30 0 0 0
0.5605 -0.0135 0.4647 -30 0 0 0
0.5690 -0.0132 0.4673 -30 0 0 0
0.5796 -0.0125 0.4699 -30 0 0 0
0.5796 -0.0125 0.4699 -30 0 0 0
0.5754 -0.0126 0.4709 0 0 0 0
0.5839 -0.0128 0.4725 -30 0 0 0
0.5796 -0.0131 0.4713 -30 0 0 0
0.5839 -0.0146 0.4696 -30 0 0 0
0.5732 -0.0153 0.4692 0 0 0 0
0.5966 -0.0148 0.4726 -30 0 0 0
0.6051 -0.0151 0.4729 -30 0 0 0
0.5796 -0.0158 0.4733 -30 0 0 0
0.5966 -0.0158 0.4732 0 0 0 0
0.5881 -0.0135 0.4707 -30 0 0 0
0.5711 -0.0136 0.4710 -30 0 0 0
0.5945 -0.0137 0.4743 -30 0 0 0
0.6072 -0.0138 0.4744 -30 0 0 0
0.6093 -0.0139 0.4738 -30 0 0 0
0.6072 -0.0140 0.4736 0 0 0 0
0.5711 -0.0159 0.4848 0 0 -30 0
0.6136 -0.0144 0.4825 0 0 -30 0
0.6072 -0.0155 0.4788 0 0 -30 0
0.5881 -0.0152 0.4787 0 0 -30 0
0.5881 -0.0152 0.4787 0 0 -30 0
0.5902 -0.0149 0.4775 0 0 -30 0
0.5902 -0.0149 0.4775 0 0 -30 0
0.6072 -0.0144 0.4782 0 0 -30 0
0.5902 -0.0141 0.4815 0 0 -30 0
0.5902 -0.0141 0.4815 0 0 -30 0
0.5881 -0.0145 0.4828 0 0 -30 0
0.6051 -0.0148 0.4826 0 0 -30 0
0.5881 -0.0151 0.4829 0 0 -30 0
0.5945 -0.0155 0.4832 0 0 -30 0
0.5945 -0.0155 0.4832 0 0 -30 0
0.5775 -0.0160 0.4866 0 0 -30 0
0.5860 -0.0164 0.4864 0 0 -30 0
0.5987 -0.0178 0.4887 0 0 -30 0
0.5987 -0.0178 0.4887 0 0 -30 0
0.5839 -0.0207 0.4887 0 0 -30 0
0.5839 -0.0207 0.4887 0 0 -30 0
0.5754 -0.0214 0.4892 0 0 -30 0
0.6051 -0.0228 0.4912 0 0 -30 0
0.5839 -0.0236 0.4907 0 0 -30 0
0.5839 -0.0246 0.4906 0 0 -30 0
0.5435 -0.0259 0.4909 0 0 -30 0
0.5924 -0.0268 0.4900 0 0 -30 0
0.5669 -0.0279 0.4867 0 0 -30 0
0.5754 -0.0300 0.4853 0 0 -30 0
0.5902 -0.0319 0.4822 0 0 -30 0
0.6093 -0.0335 0.4812 0 0 -30 0
0.6093 -0.0335 0.4812 0 0 -30 0
0.5839 -0.0355 0.4778 0 0 -30 0
0.5902 -0.0369 0.4773 0 0 -30 0
0.5966 -0.0387 0.4786 0 0 -30 0
0.5839 -0.0394 0.4781 0 0 -30 0
0.5902 -0.0405 0.4774 0 0 -30 0
0.5924 -0.0413 0.4767 0 0 0 0
0.6115 -0.0452 0.4704 0 0 -30 0
0.5775 -0.0495 0.4694 0 0 -30 0
0.5839 -0.0506 0.4678 0 0 0 0
0.5966 -0.0564 0.4629 0 0 -30 0
0.5711 -0.0593 0.4568 0 0 -30 0
0.5648 -0.0596 0.4567 0 0 0 0
0.5796 -0.0610 0.4567 0 0 -30 0
0.5711 -0.0621 0.4604 0 0 0 0
0.5966 -0.0623 0.4626 0 0 -30 0
0.6115 -0.0629 0.4633 0 0 -30 0
0.6115 -0.0629 0.4633 0 0 0 0
0.5881 -0.0752 0.4599 0 0 -30 0
0.6008 -0.0752 0.4604 0 0 -30 0
0.6178 -0.0753 0.4598 0 0 -30 0
0.5945 -0.0751 0.4596 0 0 0 0
0.5902 -0.0752 0.4583 0 0 -30 0
0.6051 -0.0757 0.4745 0 0 -30 0
0.6051 -0.0757 0.4745 0 0 -30 0
0.6157 -0.0757 0.4757 0 0 -30 0
0.5966 -0.0758 0.4761 0 0 0 0
0.6093 -0.0763 0.4742 0 0 -30 0
0.5902 -0.0766 0.4745 0 0 -30 0
0.6008 -0.0776 0.4746 0 0 -30 0
0.6157 -0.0789 0.4751 0 0 -30 0
0.5987 -0.0808 0.4743 0 0 -30 0
0.5987 -0.0808 0.4743 0 0 -30 0
0.5945 -0.0823 0.4783 0 0 -30 0
0.5817 -0.0842 0.4785 0 0 0 0
0.5817 -0.0869 0.4793 0 0 -30 0
0.6030 -0.0901 0.4841 0 0 0 0
0.5945 -0.1000 0.4869 0 0 -30 0
0.5732 -0.1014 0.4881 0 0 0 0
0.6008 -0.1085 0.4888 0 30 0 0
0.6157 -0.1057 0.4854 0 30 0 0
0.6221 -0.1059 0.4864 0 30 0 0
0.6136 -0.1065 0.4863 0 30 0 0
0.6136 -0.1065 0.4863 0 0 0 0
0.5966 -0.1061 0.4821 0 30 0 0
0.6072 -0.1060 0.4812 0 30 0 0
0.6030 -0.1077 0.4783 0 30 0 0
0.6051 -0.1079 0.4776 0 0 0 0
0.6178 -0.1100 0.4766 0 30 0 0
0.6391 -0.1090 0.4759 0 30 0 0
0.6391 -0.1090 0.4759 0 30 0 0
0.6285 -0.1079 0.4749 0 30 0 0
0.6348 -0.1079 0.4749 0 30 0 0
0.6263 -0.1083 0.4758 0 0 0 0
0.6008 -0.1083 0.4751 0 30 0 0
0.6030 -0.1073 0.4745 0 30 0 0
0.6093 -0.1070 0.4729 0 30 0 0
0.6093 -0.1070 0.4729 0 30 0 0
0.6200 -0.1070 0.4724 0 0 0 0
0.5987 -0.1072 0.4717 0 30 0 0
0.6115 -0.1084 0.4685 0 30 0 0
0.6051 -0.1088 0.4676 0 30 0 0
0.6051 -0.1087 0.4678 0 30 0 0
0.6051 -0.1084 0.4682 0 0 0 0
0.5987 -0.1081 0.4683 0 30 0 0
0.6115 -0.1074 0.4693 0 30 0 0
0.6200 -0.1067 0.4710 0 0 0 0
0.6348 -0.1072 0.4749 0 30 0 0
0.6008 -0.1080 0.4740 0 30 0 0
0.6030 -0.1074 0.4745 0 30 0 0
0.6093 -0.1073 0.4743 0 0 0 0
0.6030 -0.1072 0.4762 0 30 0 0
0.6221 -0.1069 0.4731 0 30 0 0
0.6136 -0.1070 0.4730 0 30 0 0
0.6136 -0.1071 0.4691 0 30 0 0
0.5987 -0.1078 0.4691 0 30 0 0
0.6093 -0.1082 0.4694 0 0 0 0
0.6136 -0.1063 0.4661 0 30 0 0
0.6030 -0.1080 0.4641 0 30 0 0
0.6008 -0.1075 0.4593 0 30 0 0
0.6008 -0.1075 0.4593 0 0 0 0
0.6200 -0.1063 0.4609 0 0 -30 0
0.6285 -0.1065 0.4721 0 0 -30 0
0.6242 -0.1076 0.4763 0 0 -30 0
0.6306 -0.1074 0.4751 0 0 -30 0
0.6306 -0.1078 0.4752 0 0 0 0
0.6391 -0.1086 0.4801 0 0 -30 0
0.6242 -0.1079 0.4820 0 0 -30 0
0.6221 -0.1077 0.4803 0 0 -30 0
0.6391 -0.1073 0.4798 0 0 -30 0
0.6391 -0.1073 0.4798 0 0 -30 0
0.6285 -0.1075 0.4815 0 0 -30 0
0.6369 -0.1083 0.4819 0 0 -30 0
0.6454 -0.1091 0.4832 0 0 -30 0
0.6263 -0.1110 0.4812 0 0 -30 0
0.6285 -0.1118 0.4810 0 0 -30 0
0.6285 -0.1118 0.4810 0 0 -30 0
0.6200 -0.1125 0.4794 0 0 -30 0
0.6093 -0.1131 0.4782 0 0 -30 0
0.6433 -0.1146 0.4795 0 0 -30 0
0.6433 -0.1146 0.4795 0 0 -30 0
0.6178 -0.1168 0.4799 0 0 -30 0
0.6369 -0.1183 0.4793 0 0 -30 0
0.6072 -0.1199 0.4805 0 0 -30 0
0.6157 -0.1209 0.4800 0 0 -30 0
0.6263 -0.1221 0.4790 0 0 -30 0
0.6327 -0.1230 0.4789 0 0 -30 0
0.6327 -0.1230 0.4789 0 0 -30 0
0.6306 -0.1245 0.4788 0 0 -30 0
0.6348 -0.1256 0.4777 0 0 -30 0
0.6008 -0.1274 0.4772 0 0 -30 0
0.6263 -0.1296 0.4761 0 0 -30 0
0.6242 -0.1313 0.4759 0 0 -30 0
0.6115 -0.1327 0.4753 0 0 -30 0
0.6115 -0.1327 0.4753 0 0 -30 0
0.6136 -0.1341 0.4749 0 0 0 0
0.6369 -0.1364 0.4761 0 0 -30 0
0.6306 -0.1411 0.4731 0 0 -30 0
0.6306 -0.1411 0.4731 0 0 -30 0
0.5945 -0.1436 0.4728 0 0 0 0
0.6200 -0.1500 0.4766 0 0 30 0
0.6115 -0.1539 0.4729 0 0 30 0
0.6030 -0.1554 0.4709 0 0 0 0
0.6051 -0.1569 0.4704 0 0 30 0
0.6221 -0.1577 0.4688 0 0 30 0
0.6072 -0.1578 0.4671 0 0 0 0
0.6242 -0.1565 0.4673 0 0 30 0
0.6200 -0.1562 0.4667 0 0 0 0
0.6030 -0.1555 0.4668 0 0 30 0
0.6391 -0.1535 0.4670 0 0 30 0
0.6157 -0.1525 0.4648 0 0 0 0
0.6391 -0.1525 0.4648 0 0 30 0
0.6178 -0.1512 0.4685 0 0 0 0
0.6030 -0.1495 0.4698 0 0 30 0
0.6157 -0.1471 0.4669 0 0 30 0
0.6136 -0.1462 0.4670 0 0 0 0
0.6136 -0.1446 0.4667 0 0 30 0
0.6412 -0.1424 0.4667 0 0 30 0
0.6412 -0.1424 0.4667 0 0 0 0
0.6136 -0.1380 0.4650 0 0 30 0
0.6072 -0.1359 0.4638 0 0 0 0
0.6051 -0.1348 0.4661 0 0 30 0
0.5924 -0.1342 0.4664 0 0 30 0
0.6072 -0.1339 0.4660 0 0 0 0
0.6200 -0.1313 0.4675 0 0 30 0
0.6221 -0.1305 0.4727 0 0 30 0
0.5987 -0.1304 0.4658 0 0 0 0
0.6157 -0.1309 0.4587 0 0 30 0
0.5817 -0.1310 0.4597 0 0 30 0
0.5966 -0.1305 0.4604 0 0 0 0
0.6093 -0.1290 0.4616 0 0 30 0
0.6008 -0.1287 0.4635 0 0 30 0
0.6072 -0.1281 0.4636 0 0 30 0
0.6136 -0.1280 0.4631 0 0 30 0
0.6030 -0.1281 0.4638 0 0 0 0
0.5924 -0.1172 0.4586 0 0 30 0
0.5817 -0.1162 0.4529 0 0 30 0
0.5924 -0.1148 0.4472 0 0 0 0
0.6093 -0.1136 0.4412 0 0 30 0
0.6136 -0.1133 0.4352 0 0 30 0
0.6157 -0.1132 0.4353 0 0 0 0
0.6369 -0.1082 0.4638 0 0 -30 0
0.6242 -0.1084 0.4637 0 0 -30 0
0.6285 -0.1098 0.4625 0 0 0 0
0.6369 -0.1097 0.4616 0 0 -30 0
0.6497 -0.1117 0.4609 0 0 0 0
0.6200 -0.1112 0.4616 0 0 0 0
0.6263 -0.1123 0.4625 0 0 -30 0
0.6369 -0.1135 0.4666 0 0 0 0
0.6518 -0.1151 0.4695 0 0 -30 0
0.6369 -0.1158 0.4730 0 0 0 0
0.6539 -0.1154 0.4719 0 0 -30 0
0.6348 -0.1168 0.4813 0 0 0 0
0.6200 -0.1198 0.4773 0 0 30 0
0.6178 -0.1205 0.4760 0 0 30 0
0.6539 -0.1227 0.4756 0 0 0 0
0.6285 -0.1186 0.4981 0 0 -30 0
0.6306 -0.1175 0.4905 0 0 -30 0
0.6200 -0.1190 0.4879 0 0 -30 0
0.6454 -0.1190 0.4881 0 0 0 0
0.6327 -0.1186 0.4874 0 0 -30 0
0.6221 -0.1180 0.4897 0 0 -30 0
0.6242 -0.1185 0.4953 0 0 0 0
0.6285 -0.1185 0.5016 0 0 -30 0
0.6157 -0.1192 0.4944 0 0 -30 0
0.6412 -0.1193 0.4936 0 0 -30 0
0.6030 -0.1194 0.4913 0 0 0 0
0.6115 -0.1215 0.4759 0 0 -30 0
0.5966 -0.1258 0.4725 0 0 -30 0
0.6008 -0.1279 0.4685 0 0 -30 0
0.6008 -0.1279 0.4685 0 0 0 0
0.5732 -0.1279 0.4671 0 0 -30 0
0.5711 -0.1299 0.4664 0 0 -30 0
0.6030 -0.1316 0.4649 0 0 -30 0
0.6030 -0.1316 0.4649 0 0 -30 0
0.5775 -0.1325 0.4646 0 0 -30 0
0.5541 -0.1328 0.4614 0 0 0 0
0.5499 -0.1380 0.4617 0 0 30 0
0.6136 -0.1443 0.4583 0 0 30 0
0.6285 -0.1456 0.4721 0 0 0 0
0.6433 -0.1459 0.4726 0 0 30 0
0.6263 -0.1455 0.4706 0 0 30 0
0.6285 -0.1446 0.4697 0 0 30 0
0.6285 -0.1446 0.4697 0 0 30 0
0.6178 -0.1419 0.4661 0 0 30 0
0.6178 -0.1419 0.4661 0 0 30 0
0.6221 -0.1419 0.4661 0 0 30 0
0.5924 -0.1420 0.4745 0 0 30 0
0.5796 -0.1418 0.4736 0 0 30 0
0.6008 -0.1412 0.4712 0 0 30 0
0.6008 -0.1412 0.4712 0 0 30 0
0.6008 -0.1404 0.4674 0 0 30 0
0.6115 -0.1400 0.4673 0 0 30 0
0.6136 -0.1394 0.4666 0 0 30 0
0.6136 -0.1394 0.4666 0 0 30 0
0.5796 -0.1386 0.4630 0 0 30 0
0.6008 -0.1385 0.4590 0 0 30 0
0.6030 -0.1380 0.4595 0 0 30 0
0.5924 -0.1370 0.4580 0 0 30 0
0.6030 -0.1361 0.4582 0 0 30 0
0.6030 -0.1343 0.4581 0 0 30 0
0.5945 -0.1343 0.4581 0 0 30 0
0.6178 -0.1318 0.4589 0 0 30 0
0.6051 -0.1289 0.4577 0 0 30 0
0.6051 -0.1289 0.4577 0 0 30 0
0.6093 -0.1261 0.4585 0 0 30 0
0.5966 -0.1245 0.4569 0 0 30 0
0.5966 -0.1245 0.4569 0 0 30 0
0.6200 -0.1227 0.4555 0 0 30 0
0.6051 -0.1217 0.4561 0 0 30 0
0.5669 -0.1202 0.4526 0 0 30 0
0.6093 -0.1180 0.4541 0 0 30 0
0.5902 -0.1168 0.4528 0 0 30 0
0.5902 -0.1168 0.4528 0 0 30 0
0.5987 -0.1159 0.4531 0 0 30 0
0.5924 -0.1138 0.4531 0 0 30 0
0.5796 -0.1119 0.4532 0 0 30 0
0.6072 -0.1102 0.4547 0 0 30 0
0.6072 -0.1102 0.4547 0 0 30 0
0.5945 -0.1080 0.4552 0 0 30 0
0.5775 -0.1075 0.4539 0 0 0 0
0.6136 -0.1023 0.4540 0 0 30 0
0.5987 -0.0959 0.4551 0 0 30 0
0.6348 -0.0949 0.4554 0 0 0 0
0.6157 -0.0946 0.4547 0 0 30 0
0.5924 -0.0926 0.4533 0 0 0 0
0.5881 -0.0920 0.4569 0 0 30 0
0.5987 -0.0919 0.4616 0 0 30 0
0.5924 -0.0913 0.4622 0 0 30 0
0.6051 -0.0907 0.4620 0 0 0 0
0.6178 -0.0896 0.4618 0 0 30 0
0.6157 -0.0871 0.4629 0 0 30 0
0.6136 -0.0865 0.4629 0 0 0 0
0.5945 -0.0850 0.4678 0 0 30 0
0.6093 -0.0825 0.4690 0 0 30 0
0.6178 -0.0815 0.4711 0 0 0 0
0.6178 -0.0805 0.4731 0 0 30 0
0.6200 -0.0797 0.4744 0 0 30 0
0.6200 -0.0797 0.4744 0 0 30 0
0.6008 -0.0792 0.4756 0 0 30 0
0.5945 -0.0783 0.4750 0 0 30 0
0.5839 -0.0774 0.4764 0 0 30 0
0.5839 -0.0774 0.4764 0 0 30 0
0.6200 -0.0763 0.4759 0 0 30 0
0.5945 -0.0758 0.4755 0 0 30 0
0.5945 -0.0756 0.4746 0 0 30 0
0.5924 -0.0752 0.4739 0 0 30 0
0.5924 -0.0752 0.4739 0 0 30 0
0.5966 -0.0728 0.4731 0 0 30 0
0.5966 -0.0728 0.4731 0 0 30 0
0.6306 -0.0712 0.4738 0 0 30 0
0.6136 -0.0694 0.4734 0 0 30 0
0.6051 -0.0679 0.4730 0 0 30 0
0.6051 -0.0679 0.4730 0 0 0 0
0.5966 -0.0609 0.4696 0 0 30 0
0.6051 -0.0579 0.4710 0 0 0 0
0.5732 -0.0531 0.4712 0 0 30 0
0.5732 -0.0522 0.4732 0 0 30 0
0.5839 -0.0516 0.4740 0 0 0 0
0.5902 -0.0512 0.4736 0 0 30 0
0.5605 -0.0507 0.4794 0 0 30 0
0.5605 -0.0507 0.4794 0 0 0 0
0.6348 -0.0481 0.4774 0 0 30 0
0.6285 -0.0443 0.4743 0 0 30 0
0.6093 -0.0431 0.4713 0 0 0 0
0.5945 -0.0386 0.4664 0 0 30 0
0.6221 -0.0386 0.4701 0 0 30 0
0.6093 -0.0375 0.4697 0 0 0 0
0.6072 -0.0329 0.4725 0 30 0 0
0.6093 -0.0316 0.4687 0 30 0 0
0.6030 -0.0316 0.4661 0 30 0 0
0.6051 -0.0316 0.4661 0 30 0 0
0.6136 -0.0322 0.4656 0 30 0 0
0.5966 -0.0321 0.4637 0 30 0 0
0.6051 -0.0325 0.4629 0 30 0 0
0.6200 -0.0324 0.4637 0 30 0 0
0.6200 -0.0327 0.4652 0 30 0 0
0.6221 -0.0323 0.4658 0 30 0 0
0.6221 -0.0323 0.4658 0 30 0 0
0.6157 -0.0317 0.4649 0 30 0 0
0.6285 -0.0321 0.4657 0 30 0 0
0.6221 -0.0324 0.4660 0 0 0 0
0.6348 -0.0319 0.4652 0 30 0 0
0.6093 -0.0322 0.4690 0 30 0 0
0.6115 -0.0326 0.4681 0 30 0 0
0.6115 -0.0326 0.4681 0 30 0 0
0.6200 -0.0328 0.4670 0 0 0 0
