0.5780 0.0025 -0.0052 10 0 0 0
0.5800 0.0016 -0.0059 10 0 0 0
0.5640 0.0018 -0.0046 10 0 0 0
0.5720 0.0017 -0.0052 10 0 0 0
0.5720 0.0017 -0.0052 10 0 0 0
0.5540 0.0018 -0.0051 10 0 0 0
0.5680 0.0019 -0.0046 10 0 0 0
0.5700 0.0021 -0.0041 10 0 0 0
0.5620 0.0017 -0.0030 10 0 0 0
0.5820 0.0008 -0.0003 10 0 0 0
0.5680 0.0000 -0.0005 10 0 0 0
0.5760 0.0000 -0.0024 10 0 0 0
0.5540 0.0005 -0.0023 10 0 0 0
0.5700 0.0012 -0.0046 10 0 0 0
0.5600 0.0020 -0.0046 0 0 0 0
0.5820 0.0005 0.0006 10 0 0 0
0.5760 0.0020 0.0037 10 0 0 0
0.5680 0.0020 0.0037 10 0 0 0
0.5680 0.0019 0.0048 10 0 0 0
0.5680 0.0018 0.0046 10 0 0 0
0.5660 0.0018 0.0046 10 0 0 0
0.5460 0.0020 0.0040 10 0 0 0
0.5580 0.0020 0.0040 10 0 0 0
0.5820 0.0020 0.0052 10 0 0 0
0.5820 0.0021 0.0049 10 0 0 0
0.5840 0.0027 0.0045 10 0 0 0
0.5840 0.0027 0.0045 10 0 0 0
0.5640 0.0027 0.0054 10 0 0 0
0.5760 0.0029 0.0052 10 0 0 0
0.5800 0.0030 0.0056 10 0 0 0
0.5800 0.0030 0.0056 10 0 0 0
0.5680 0.0030 0.0055 10 0 0 0
0.5740 0.0031 0.0057 0 0 0 0
0.5780 0.0025 0.0030 10 0 0 0
0.5820 0.0020 0.0031 10 0 0 0
0.5640 0.0022 0.0032 10 0 0 0
0.5640 0.0022 0.0032 10 0 0 0
0.5660 0.0025 0.0041 10 0 0 0
0.5580 0.0021 0.0038 10 0 0 0
0.5600 0.0018 0.0039 10 0 0 0
0.5600 0.0018 0.0039 10 0 0 0
0.5400 0.0016 0.0034 10 0 0 0
0.5700 0.0020 0.0033 10 0 0 0
0.5840 0.0023 0.0030 10 0 0 0
0.5820 0.0019 0.0033 10 0 0 0
0.5860 0.0011 0.0035 10 0 0 0
0.5860 0.0007 0.0033 10 0 0 0
0.5540 0.0005 0.0023 10 0 0 0
0.5760 0.0003 0.0022 10 0 0 0
0.5760 0.0012 0.0016 10 0 0 0
0.5720 0.0012 0.0016 10 0 0 0
0.5680 0.0017 0.0002 10 0 0 0
0.5680 0.0017 0.0002 10 0 0 0
0.5640 0.0016 0.0002 0 0 0 0
0.5700 0.0027 -0.0056 10 0 0 0
0.5720 0.0022 -0.0059 10 0 0 0
0.5760 0.0034 -0.0066 10 0 0 0
0.5780 0.0027 -0.0065 10 0 0 0
0.5780 0.0027 -0.0065 10 0 0 0
0.5940 0.0024 -0.0087 10 0 0 0
0.5940 0.0026 -0.0117 10 0 0 0
0.5680 0.0025 -0.0114 10 0 0 0
0.5700 0.0027 -0.0116 10 0 0 0
0.5700 0.0027 -0.0116 10 0 0 0
0.5740 0.0034 -0.0095 10 0 0 0
0.5740 0.0034 -0.0095 10 0 0 0
0.5600 0.0033 -0.0095 10 0 0 0
0.5840 0.0027 -0.0098 10 0 0 0
0.5680 0.0020 -0.0099 10 0 0 0
0.5680 0.0020 -0.0099 10 0 0 0
0.5760 0.0013 -0.0094 10 0 0 0
0.5820 0.0014 -0.0092 10 0 0 0
0.5840 0.0018 -0.0099 10 0 0 0
0.5820 0.0023 -0.0097 0 0 0 0
0.5680 0.0021 -0.0118 10 0 0 0
0.5700 0.0024 -0.0110 10 0 0 0
0.5700 0.0029 -0.0107 10 0 0 0
0.5900 0.0027 -0.0114 10 0 0 0
0.5800 0.0026 -0.0122 10 0 0 0
0.5800 0.0026 -0.0122 10 0 0 0
0.6040 0.0025 -0.0122 10 0 0 0
0.6040 0.0028 -0.0146 10 0 0 0
0.5880 0.0032 -0.0142 10 0 0 0
0.5980 0.0034 -0.0133 10 0 0 0
0.5960 0.0034 -0.0129 0 0 0 0
0.6120 0.0018 -0.0073 10 0 0 0
0.5960 0.0025 -0.0071 10 0 0 0
0.5860 0.0019 -0.0063 10 0 0 0
0.5940 0.0017 -0.0053 10 0 0 0
0.5980 0.0016 -0.0051 10 0 0 0
0.5980 0.0016 -0.0051 10 0 0 0
0.5920 0.0016 -0.0040 10 0 0 0
0.5920 0.0024 -0.0030 0 0 0 0
0.5860 0.0013 0.0054 10 0 0 0
0.5860 0.0019 0.0061 10 0 0 0
0.5900 0.0009 0.0051 10 0 0 0
0.5940 0.0014 0.0054 10 0 0 0
0.5940 0.0014 0.0054 10 0 0 0
0.5960 0.0016 0.0070 10 0 0 0
0.6020 0.0017 0.0072 0 0 0 0
0.6080 0.0023 0.0071 10 0 0 0
0.6100 0.0012 0.0071 10 0 0 0
0.6100 0.0012 0.0071 10 0 0 0
0.5960 0.0011 0.0071 10 0 0 0
0.5960 0.0011 0.0071 10 0 0 0
0.6020 0.0014 0.0083 10 0 0 0
0.6020 0.0014 0.0083 10 0 0 0
0.6120 0.0019 0.0086 10 0 0 0
0.6120 0.0020 0.0093 0 0 0 0
0.5940 0.0018 0.0100 10 0 0 0
0.5840 0.0009 0.0090 10 0 0 0
0.6260 0.0023 0.0059 10 0 0 0
0.6120 0.0022 0.0054 10 0 0 0
0.6120 0.0018 0.0011 10 0 0 0
0.6120 0.0018 0.0011 10 0 0 0
0.6000 0.0015 0.0003 10 0 0 0
0.5920 0.0016 0.0001 10 0 0 0
0.5920 0.0014 0.0024 10 0 0 0
0.5940 0.0011 0.0024 10 0 0 0
0.5940 0.0011 0.0024 0 0 0 0
0.6260 0.0005 -0.0025 10 0 0 0
0.6100 0.0014 -0.0074 10 0 0 0
0.6000 0.0013 -0.0061 10 0 0 0
0.6000 0.0013 -0.0061 10 0 0 0
0.6140 0.0018 -0.0063 10 0 0 0
0.6080 0.0020 -0.0053 0 0 0 0
0.6100 0.0017 -0.0042 10 0 0 0
0.6000 0.0016 -0.0023 10 0 0 0
0.6000 0.0016 -0.0023 10 0 0 0
0.6120 0.0019 -0.0024 10 0 0 0
0.6140 0.0023 -0.0025 10 0 0 0
0.6060 0.0027 -0.0027 10 0 0 0
0.6020 0.0027 -0.0029 0 0 0 0
0.5900 0.0025 0.0001 10 0 0 0
0.6060 0.0015 -0.0024 10 0 0 0
0.6000 0.0019 -0.0012 10 0 0 0
0.6000 0.0019 -0.0012 10 0 0 0
0.5920 0.0021 -0.0000 10 0 0 0
0.6120 0.0022 -0.0001 0 0 0 0
0.6180 0.0023 0.0022 10 0 0 0
0.6060 0.0019 0.0019 10 0 0 0
0.6060 0.0016 0.0016 10 0 0 0
0.6040 0.0013 0.0003 10 0 0 0
0.6060 0.0014 0.0004 0 0 0 0
0.6020 0.0009 0.0052 10 0 0 0
0.6020 0.0002 0.0016 10 0 0 0
0.6020 0.0013 0.0003 10 0 0 0
0.6020 0.0013 0.0003 10 0 0 0
0.6040 0.0015 0.0003 10 0 0 0
0.6160 0.0016 -0.0007 10 0 0 0
0.6020 0.0012 -0.0003 10 0 0 0
0.5920 0.0009 -0.0014 10 0 0 0
0.6060 0.0007 -0.0008 10 0 0 0
0.6160 0.0004 -0.0009 10 0 0 0
0.6160 0.0004 -0.0009 10 0 0 0
0.6140 0.0004 -0.0001 10 0 0 0
0.6180 0.0011 -0.0018 0 0 0 0
0.5980 0.0015 -0.0009 10 0 0 0
0.5880 0.0025 0.0024 10 0 0 0
0.6240 0.0004 0.0013 10 0 0 0
0.6120 0.0001 0.0009 10 0 0 0
0.6040 0.0001 0.0007 10 0 0 0
0.6000 0.0005 -0.0006 10 0 0 0
0.6000 0.0005 -0.0006 10 0 0 0
0.6120 0.0007 -0.0001 10 0 0 0
0.6220 0.0008 -0.0000 10 0 0 0
0.6140 0.0005 -0.0007 10 0 0 0
0.6100 0.0005 -0.0015 10 0 0 0
0.6120 0.0007 -0.0007 10 0 0 0
0.6100 0.0009 -0.0004 10 0 0 0
0.6100 0.0009 -0.0004 10 0 0 0
0.6100 0.0014 -0.0003 10 0 0 0
0.6100 0.0014 -0.0006 0 0 0 0
0.6140 0.0008 -0.0021 10 0 0 0
0.6000 0.0018 -0.0042 10 0 0 0
0.6080 0.0018 -0.0080 10 0 0 0
0.5980 0.0014 -0.0085 10 0 0 0
0.5980 0.0014 -0.0085 10 0 0 0
0.5800 0.0014 -0.0086 10 0 0 0
0.5800 0.0018 -0.0076 10 0 0 0
0.5940 0.0022 -0.0072 10 0 0 0
0.5720 0.0023 -0.0060 10 0 0 0
0.5880 0.0023 -0.0038 10 0 0 0
0.5880 0.0023 -0.0038 10 0 0 0
0.6000 0.0023 -0.0037 10 0 0 0
0.5960 0.0027 -0.0039 10 0 0 0
0.6060 0.0031 -0.0037 10 0 0 0
0.5940 0.0028 -0.0033 10 0 0 0
0.6020 0.0029 -0.0036 10 0 0 0
0.6020 0.0029 -0.0036 10 0 0 0
0.6000 0.0025 -0.0039 0 0 0 0
0.6120 0.0022 -0.0027 10 0 0 0
0.5980 0.0012 -0.0048 10 0 0 0
0.5840 0.0013 -0.0019 10 0 0 0
0.5960 0.0020 -0.0004 10 0 0 0
0.6020 0.0025 -0.0008 10 0 0 0
0.6020 0.0025 -0.0008 10 0 0 0
0.5880 0.0021 -0.0013 10 0 0 0
0.6040 0.0015 -0.0013 10 0 0 0
0.5980 0.0012 -0.0014 0 0 0 0
0.6080 0.0010 0.0016 10 0 0 0
0.6200 0.0004 0.0000 10 0 0 0
0.6120 0.0015 -0.0016 10 0 0 0
0.6080 0.0017 -0.0016 10 0 0 0
0.6120 0.0019 -0.0041 10 0 0 0
0.6120 0.0019 -0.0041 10 0 0 0
0.6040 0.0022 -0.0036 10 0 0 0
0.6080 0.0024 -0.0031 10 0 0 0
0.6080 0.0023 -0.0029 10 0 0 0
0.6080 0.0023 -0.0029 10 0 0 0
0.5940 0.0021 -0.0037 10 0 0 0
0.6240 0.0020 -0.0065 10 0 0 0
0.6240 0.0018 -0.0063 10 0 0 0
0.5940 0.0018 -0.0063 0 0 0 0
0.6180 0.0018 -0.0039 10 0 0 0
0.6180 0.0002 -0.0039 10 0 0 0
0.6180 0.0008 -0.0021 10 0 0 0
0.6180 0.0013 -0.0020 10 0 0 0
0.6180 0.0013 -0.0020 10 0 0 0
0.6160 0.0012 -0.0011 10 0 0 0
0.5980 0.0010 -0.0007 10 0 0 0
0.6120 0.0012 -0.0005 10 0 0 0
0.6120 0.0013 -0.0004 10 0 0 0
0.6120 0.0013 -0.0004 10 0 0 0
0.6140 0.0016 0.0013 10 0 0 0
0.6000 0.0019 0.0014 10 0 0 0
0.6060 0.0019 0.0011 0 0 0 0
0.6020 0.0020 0.0039 10 0 0 0
0.6180 0.0009 0.0061 10 0 0 0
0.6180 0.0009 0.0061 10 0 0 0
0.6160 0.0024 0.0060 10 0 0 0
0.6160 0.0024 0.0060 10 0 0 0
0.6160 0.0026 0.0057 10 0 0 0
0.6180 0.0028 0.0054 10 0 0 0
0.6100 0.0030 0.0054 10 0 0 0
0.6100 0.0030 0.0054 10 0 0 0
0.6200 0.0027 0.0038 10 0 0 0
0.6120 0.0023 0.0049 10 0 0 0
0.6180 0.0022 0.0048 0 0 0 0
0.6260 0.0018 0.0059 10 0 0 0
0.6400 0.0018 0.0043 10 0 0 0
0.6440 0.0023 0.0053 10 0 0 0
0.6360 0.0018 0.0057 10 0 0 0
0.6440 0.0016 0.0079 10 0 0 0
0.6440 0.0016 0.0079 10 0 0 0
0.6380 0.0009 0.0083 10 0 0 0
0.6320 0.0010 0.0104 10 0 0 0
0.6280 0.0014 0.0103 10 0 0 0
0.6320 0.0014 0.0101 10 0 0 0
0.6140 0.0016 0.0096 10 0 0 0
0.6140 0.0016 0.0096 0 0 0 0
0.6420 0.0026 0.0066 10 0 0 0
0.6480 0.0016 0.0049 10 0 0 0
0.6360 0.0016 0.0049 10 0 0 0
0.6300 0.0020 0.0034 10 0 0 0
0.6300 0.0020 0.0034 10 0 0 0
0.6200 0.0026 0.0031 10 0 0 0
0.6260 0.0034 0.0002 10 0 0 0
0.6260 0.0034 -0.0011 10 0 0 0
0.6360 0.0029 -0.0014 10 0 0 0
0.6360 0.0029 -0.0014 10 0 0 0
0.6400 0.0022 -0.0033 10 0 0 0
0.6300 0.0018 -0.0030 10 0 0 0
0.6320 0.0018 -0.0055 0 0 0 0
0.6280 0.0010 -0.0053 10 0 0 0
0.6520 0.0009 -0.0049 10 0 0 0
0.6520 0.0009 -0.0049 10 0 0 0
0.6200 0.0013 -0.0036 10 0 0 0
0.6260 0.0014 -0.0038 10 0 0 0
0.6260 0.0014 -0.0038 10 0 0 0
0.6440 0.0015 -0.0036 10 0 0 0
0.6340 0.0016 -0.0038 10 0 0 0
0.6480 0.0014 -0.0030 10 0 0 0
0.6480 0.0014 -0.0030 10 0 0 0
0.6440 0.0012 -0.0015 0 0 0 0
0.6480 0.0020 -0.0040 10 0 0 0
0.6560 0.0012 -0.0079 10 0 0 0
0.6540 0.0013 -0.0078 10 0 0 0
0.6420 0.0018 -0.0063 10 0 0 0
0.6360 0.0019 -0.0066 10 0 0 0
0.6440 0.0014 -0.0057 10 0 0 0
0.6560 0.0018 -0.0057 10 0 0 0
0.6560 0.0018 -0.0057 10 0 0 0
0.6640 0.0021 -0.0045 10 0 0 0
0.6500 0.0022 -0.0042 10 0 0 0
0.6600 0.0027 -0.0062 10 0 0 0
0.6520 0.0032 -0.0055 10 0 0 0
0.6520 0.0032 -0.0055 10 0 0 0
0.6500 0.0027 -0.0044 0 0 0 0
0.6640 0.0030 -0.0033 10 0 0 0
0.6740 0.0039 -0.0016 10 0 0 0
0.6860 0.0035 -0.0014 10 0 0 0
0.6620 0.0027 -0.0003 10 0 0 0
0.6620 0.0027 -0.0003 10 0 0 0
0.6500 0.0025 -0.0004 10 0 0 0
0.6900 0.0029 -0.0004 10 0 0 0
0.6620 0.0032 -0.0018 10 0 0 0
0.6720 0.0031 -0.0017 10 0 0 0
0.6720 0.0031 -0.0017 10 0 0 0
0.6540 0.0030 -0.0029 10 0 0 0
0.6660 0.0024 -0.0053 10 0 0 0
0.6620 0.0023 -0.0054 10 0 0 0
0.6680 0.0028 -0.0036 0 0 0 0
0.6860 0.0020 -0.0003 10 0 0 0
0.6880 0.0015 0.0015 10 0 0 0
0.6980 0.0021 -0.0036 10 0 0 0
0.6680 0.0022 -0.0031 10 0 0 0
0.6900 0.0027 -0.0018 10 0 0 0
0.6880 0.0028 -0.0014 10 0 0 0
0.6900 0.0028 0.0005 0 0 0 0
0.6800 0.0011 0.0056 10 0 0 0
0.6800 0.0012 0.0046 10 0 0 0
0.6780 0.0016 0.0047 10 0 0 0
0.6800 0.0018 0.0055 10 0 0 0
0.6640 0.0018 0.0055 10 0 0 0
0.6600 0.0014 0.0078 10 0 0 0
0.6600 0.0007 0.0076 10 0 0 0
0.6500 0.0007 0.0094 10 0 0 0
0.6540 0.0008 0.0096 10 0 0 0
0.6620 0.0012 0.0120 0 0 0 0
0.6560 0.0018 0.0244 0 0 0 -10
0.6440 0.0011 0.0239 0 0 0 -10
0.6580 0.0019 0.0208 0 0 0 -10
0.6560 0.0029 0.0205 0 0 0 -10
0.6560 0.0029 0.0205 0 0 0 0
0.6300 0.0002 0.0213 0 0 0 -10
0.6440 0.0008 0.0220 0 0 0 -10
0.6400 0.0020 0.0272 0 0 0 0
0.6480 0.0016 0.0135 0 0 0 -10
0.6500 0.0011 0.0096 0 0 0 -10
0.6700 0.0011 0.0065 0 0 0 0
0.6500 -0.0001 0.0106 10 0 0 0
0.6860 0.0008 0.0042 10 0 0 0
0.6760 0.0003 0.0057 10 0 0 0
0.6740 0.0003 0.0057 10 0 0 0
0.6740 0.0003 0.0057 10 0 0 0
0.6660 0.0002 0.0051 10 0 0 0
0.6580 0.0004 0.0034 10 0 0 0
0.6560 0.0005 0.0028 10 0 0 0
0.6560 0.0006 0.0025 0 0 0 0
0.6640 0.0002 -0.0031 10 0 0 0
0.6380 0.0011 -0.0058 10 0 0 0
0.6580 0.0020 -0.0054 10 0 0 0
0.6800 0.0017 -0.0050 10 0 0 0
0.6800 0.0017 -0.0050 0 0 0 0
0.6660 0.0007 -0.0029 10 0 0 0
0.6620 0.0014 -0.0074 10 0 0 0
0.6760 0.0008 -0.0091 10 0 0 0
0.6640 0.0007 -0.0127 10 0 0 0
0.6580 0.0008 -0.0125 10 0 0 0
0.6580 0.0008 -0.0125 0 0 0 0
0.6680 0.0025 -0.0176 0 0 0 -10
0.6500 0.0029 -0.0197 0 0 0 -10
0.6480 0.0027 -0.0173 0 0 0 -10
0.6480 0.0027 -0.0173 0 0 0 0
0.6580 0.0010 -0.0162 0 0 0 10
0.6600 0.0019 -0.0188 0 0 0 10
0.6580 0.0020 -0.0205 0 0 0 10
0.6580 0.0020 -0.0205 0 0 0 0
0.6620 -0.0001 -0.0153 0 0 0 10
0.6560 0.0012 -0.0081 0 0 0 0
0.6440 -0.0015 0.0107 0 0 0 10
0.6680 -0.0010 0.0120 0 0 0 10
0.6800 -0.0011 0.0107 0 0 0 0
0.6460 0.0004 0.0121 10 0 0 0
0.6420 0.0023 0.0077 10 0 0 0
0.6480 0.0022 0.0080 10 0 0 0
0.6480 0.0022 0.0080 10 0 0 0
0.6620 0.0025 0.0058 10 0 0 0
0.6620 0.0025 0.0058 10 0 0 0
0.6540 0.0023 0.0067 10 0 0 0
0.6540 0.0023 0.0067 10 0 0 0
0.6600 0.0023 0.0070 10 0 0 0
0.6560 0.0023 0.0067 10 0 0 0
0.6560 0.0023 0.0067 10 0 0 0
0.6660 0.0030 0.0062 0 0 0 0
0.6440 0.0021 0.0055 0 0 0 -10
0.6580 0.0041 0.0036 0 0 0 -10
0.6500 0.0025 -0.0027 0 0 0 0
0.6500 0.0036 -0.0035 10 0 0 0
0.6340 0.0015 -0.0091 10 0 0 0
0.6560 0.0020 -0.0080 10 0 0 0
0.6640 0.0019 -0.0092 10 0 0 0
0.6740 0.0013 -0.0091 10 0 0 0
0.6660 0.0012 -0.0092 10 0 0 0
0.6660 0.0012 -0.0092 0 0 0 0
0.6620 0.0016 -0.0089 10 0 0 0
0.6720 0.0017 -0.0100 10 0 0 0
0.6840 0.0018 -0.0103 10 0 0 0
0.6840 0.0018 -0.0103 10 0 0 0
0.6720 0.0022 -0.0095 10 0 0 0
0.6720 0.0024 -0.0094 0 0 0 0
0.6520 0.0022 -0.0139 10 0 0 0
0.6520 0.0032 -0.0136 10 0 0 0
0.6620 0.0018 -0.0114 10 0 0 0
0.6540 0.0019 -0.0106 10 0 0 0
0.6640 0.0022 -0.0112 10 0 0 0
0.6640 0.0023 -0.0124 10 0 0 0
0.6640 0.0023 -0.0124 10 0 0 0
0.6640 0.0023 -0.0132 10 0 0 0
0.6700 0.0023 -0.0132 10 0 0 0
0.6560 0.0023 -0.0132 10 0 0 0
0.6640 0.0014 -0.0131 10 0 0 0
0.6640 0.0014 -0.0131 0 0 0 0
0.6640 0.0012 -0.0107 10 0 0 0
0.6760 0.0009 -0.0096 10 0 0 0
0.6760 0.0010 -0.0110 10 0 0 0
0.6720 0.0010 -0.0115 10 0 0 0
0.6780 0.0011 -0.0121 0 0 0 0
0.6640 0.0005 -0.0120 10 0 0 0
0.6540 0.0015 -0.0107 10 0 0 0
0.6620 0.0019 -0.0106 10 0 0 0
0.6620 0.0019 -0.0106 10 0 0 0
0.6500 0.0022 -0.0107 10 0 0 0
0.6640 0.0020 -0.0111 0 0 0 0
0.6680 0.0016 -0.0111 10 0 0 0
0.6640 0.0014 -0.0111 10 0 0 0
0.6780 0.0020 -0.0077 10 0 0 0
0.6860 0.0019 -0.0078 0 0 0 0
0.6600 0.0021 -0.0069 10 0 0 0
0.6740 0.0031 -0.0039 10 0 0 0
0.6860 0.0029 -0.0023 10 0 0 0
0.6880 0.0027 -0.0036 10 0 0 0
0.6580 0.0024 -0.0019 0 0 0 0
0.6620 0.0008 -0.0042 10 0 0 0
0.6620 0.0013 0.0017 10 0 0 0
0.6760 0.0011 0.0006 10 0 0 0
0.6740 0.0005 0.0009 10 0 0 0
0.6740 0.0005 0.0009 0 0 0 0
0.6640 0.0009 0.0010 10 0 0 0
0.6560 -0.0002 -0.0005 10 0 0 0
0.6720 0.0005 -0.0082 10 0 0 0
0.6580 0.0009 -0.0086 0 0 0 0
0.6500 0.0011 -0.0060 10 0 0 0
0.6480 0.0012 -0.0054 10 0 0 0
0.6680 0.0012 -0.0060 0 0 0 0
0.6540 0.0006 -0.0049 10 0 0 0
0.6520 0.0023 -0.0065 10 0 0 0
0.6500 0.0021 -0.0076 10 0 0 0
0.6440 0.0018 -0.0076 0 0 0 0
0.6540 0.0027 -0.0098 10 0 0 0
0.6360 0.0032 -0.0104 10 0 0 0
0.6520 0.0028 -0.0126 10 0 0 0
0.6520 0.0028 -0.0126 0 0 0 0
0.6540 0.0012 -0.0159 -10 0 0 0
0.6580 0.0022 -0.0137 -10 0 0 0
0.6640 0.0018 -0.0128 -10 0 0 0
0.6640 0.0018 -0.0128 -10 0 0 0
0.6700 0.0021 -0.0119 -10 0 0 0
0.6520 0.0024 -0.0112 -10 0 0 0
0.6400 0.0024 -0.0112 -10 0 0 0
0.6360 0.0023 -0.0109 -10 0 0 0
0.6520 0.0018 -0.0114 -10 0 0 0
0.6520 0.0018 -0.0114 -10 0 0 0
0.6600 0.0020 -0.0106 -10 0 0 0
0.6580 0.0019 -0.0091 -10 0 0 0
0.6760 0.0014 -0.0089 -10 0 0 0
0.6680 0.0016 -0.0089 -10 0 0 0
0.6540 0.0021 -0.0087 -10 0 0 0
0.6340 0.0021 -0.0078 -10 0 0 0
0.6340 0.0021 -0.0078 -10 0 0 0
0.6500 0.0023 -0.0076 -10 0 0 0
0.6440 0.0024 -0.0063 -10 0 0 0
0.6720 0.0018 -0.0060 -10 0 0 0
0.6540 0.0014 -0.0048 -10 0 0 0
0.6540 0.0014 -0.0048 -10 0 0 0
0.6520 0.0015 -0.0041 -10 0 0 0
0.6560 0.0019 -0.0037 -10 0 0 0
0.6700 0.0025 -0.0034 -10 0 0 0
0.6520 0.0026 -0.0033 -10 0 0 0
0.6520 0.0026 -0.0033 -10 0 0 0
0.6460 0.0025 -0.0031 -10 0 0 0
0.6660 0.0024 -0.0027 -10 0 0 0
0.6620 0.0025 -0.0029 -10 0 0 0
0.6460 0.0024 -0.0026 -10 0 0 0
0.6300 0.0021 -0.0025 -10 0 0 0
0.6300 0.0021 -0.0025 -10 0 0 0
0.6420 0.0020 -0.0025 -10 0 0 0
0.6580 0.0027 -0.0031 -10 0 0 0
0.6440 0.0029 -0.0034 0 0 0 0
0.6920 0.0021 -0.0054 -10 0 0 0
0.6840 0.0009 -0.0051 -10 0 0 0
0.6900 0.0010 -0.0033 -10 0 0 0
0.7000 -0.0001 -0.0014 -10 0 0 0
0.6680 -0.0002 -0.0016 -10 0 0 0
0.6760 -0.0001 -0.0007 -10 0 0 0
0.6760 -0.0001 -0.0007 -10 0 0 0
0.6800 0.0007 -0.0006 -10 0 0 0
0.6940 0.0013 0.0014 -10 0 0 0
0.6920 0.0018 0.0012 0 0 0 0
