0.5540 0.0188 -0.2002 0 0 0 30
0.5540 0.0188 -0.2002 0 0 0 30
0.5680 0.0191 -0.1974 0 0 0 30
0.5580 0.0191 -0.1962 0 0 0 30
0.5580 0.0187 -0.1902 0 0 0 30
0.5580 0.0187 -0.1902 0 0 0 30
0.5680 0.0184 -0.1899 0 0 0 30
0.5680 0.0184 -0.1899 0 0 0 30
0.5680 0.0184 -0.1899 0 0 0 30
0.5680 0.0184 -0.1899 0 0 0 0
0.5680 0.0186 -0.1874 0 0 0 30
0.5680 0.0188 -0.1897 0 0 0 30
0.5680 0.0188 -0.1882 0 0 0 30
0.5680 0.0188 -0.1882 0 0 0 30
0.5800 0.0191 -0.1904 0 0 0 30
0.5800 0.0191 -0.1904 0 0 0 0
0.5840 0.0184 -0.1884 0 0 0 30
0.5840 0.0184 -0.1884 0 0 0 30
0.5840 0.0180 -0.1929 0 0 0 30
0.5840 0.0180 -0.1936 0 0 0 30
0.5680 0.0180 -0.1936 0 0 0 30
0.5600 0.0181 -0.1958 0 0 0 30
0.5600 0.0181 -0.1958 0 0 0 30
0.5700 0.0185 -0.1936 0 0 0 30
0.5660 0.0187 -0.1911 0 0 0 30
0.5660 0.0187 -0.1911 0 0 0 30
0.5660 0.0187 -0.1911 0 0 0 30
0.5660 0.0187 -0.1911 0 0 0 30
0.5860 0.0189 -0.1919 0 0 0 0
0.5820 0.0186 -0.1837 0 0 0 30
0.5740 0.0188 -0.1827 0 0 0 30
0.5800 0.0189 -0.1814 0 0 0 30
0.5760 0.0189 -0.1789 0 0 0 30
0.5780 0.0190 -0.1790 0 0 0 0
0.5800 0.0187 -0.1768 0 0 0 30
0.5820 0.0182 -0.1734 0 0 0 30
0.5720 0.0182 -0.1734 0 0 0 30
0.5620 0.0182 -0.1708 0 0 0 30
0.5840 0.0180 -0.1723 0 0 0 30
0.5760 0.0180 -0.1714 0 0 0 0
0.5940 0.0185 -0.1762 0 0 0 30
0.5800 0.0188 -0.1750 0 0 0 30
0.5620 0.0189 -0.1727 0 0 0 30
0.5620 0.0189 -0.1727 0 0 0 30
0.5620 0.0189 -0.1727 0 0 0 30
0.5620 0.0189 -0.1727 0 0 0 0
0.6120 0.0189 -0.1677 0 0 0 30
0.5760 0.0187 -0.1689 0 0 0 30
0.5780 0.0190 -0.1669 0 0 0 30
0.5780 0.0190 -0.1669 0 0 0 30
0.5800 0.0190 -0.1663 0 0 0 30
0.5800 0.0190 -0.1663 0 0 0 30
0.5800 0.0190 -0.1663 0 0 0 30
0.5800 0.0190 -0.1663 0 0 0 30
0.5860 0.0188 -0.1682 0 0 0 30
0.5860 0.0188 -0.1682 0 0 0 0
0.5800 0.0189 -0.1615 0 0 0 30
0.5980 0.0185 -0.1617 0 0 0 30
0.5880 0.0184 -0.1615 0 0 0 30
0.5880 0.0184 -0.1615 0 0 0 30
0.5760 0.0184 -0.1615 0 0 0 30
0.5760 0.0182 -0.1591 0 0 0 0
0.5860 0.0191 -0.1566 0 0 0 30
0.5980 0.0191 -0.1555 0 0 0 30
0.5940 0.0190 -0.1497 0 0 0 30
0.6040 0.0192 -0.1502 0 0 0 30
0.6040 0.0192 -0.1502 0 0 0 30
0.6040 0.0192 -0.1502 0 0 0 30
0.5900 0.0189 -0.1488 0 0 0 30
0.5900 0.0189 -0.1488 0 0 0 30
0.5900 0.0189 -0.1488 0 0 0 0
0.5900 0.0189 -0.1488 0 0 0 30
0.5900 0.0186 -0.1486 0 0 0 30
0.5960 0.0184 -0.1474 0 0 0 30
0.6060 0.0183 -0.1470 0 0 0 30
0.6060 0.0182 -0.1445 0 0 0 30
0.6060 0.0182 -0.1445 0 0 0 30
0.6060 0.0182 -0.1445 0 0 0 30
0.5960 0.0182 -0.1456 0 0 0 0
0.5960 0.0183 -0.1461 0 0 0 30
0.5980 0.0184 -0.1429 0 0 0 30
0.5980 0.0186 -0.1374 0 0 0 30
0.5960 0.0187 -0.1307 0 0 0 30
0.5960 0.0187 -0.1307 0 0 0 30
0.5960 0.0187 -0.1307 0 0 0 30
0.5880 0.0186 -0.1323 0 0 0 0
0.6060 0.0185 -0.1360 0 0 0 30
0.5820 0.0183 -0.1373 0 0 0 30
0.5840 0.0184 -0.1345 0 0 0 30
0.5840 0.0184 -0.1345 0 0 0 30
0.5880 0.0187 -0.1367 0 0 0 30
0.5880 0.0187 -0.1367 0 0 0 0
0.5860 0.0184 -0.1326 0 0 0 30
0.5860 0.0184 -0.1326 0 0 0 30
0.5820 0.0185 -0.1333 0 0 0 30
0.5940 0.0188 -0.1325 0 0 0 30
0.5940 0.0188 -0.1325 0 0 0 30
0.5900 0.0190 -0.1323 0 0 0 30
0.5960 0.0191 -0.1348 0 0 0 0
0.5980 0.0191 -0.1365 0 0 0 30
0.6040 0.0191 -0.1290 0 0 0 30
0.6040 0.0191 -0.1290 0 0 0 30
0.6040 0.0191 -0.1290 0 0 0 30
0.6040 0.0191 -0.1290 0 0 0 0
0.5960 0.0191 -0.1244 0 0 0 30
0.6020 0.0191 -0.1246 0 0 0 30
0.6020 0.0193 -0.1236 0 0 0 30
0.5720 0.0195 -0.1214 0 0 0 30
0.5960 0.0195 -0.1207 0 0 0 30
0.5940 0.0196 -0.1212 0 0 0 30
0.5940 0.0196 -0.1212 0 0 0 30
0.5940 0.0196 -0.1212 0 0 0 30
0.5920 0.0198 -0.1213 0 0 0 0
0.5960 0.0196 -0.1139 0 0 0 30
0.5960 0.0196 -0.1105 0 0 0 30
0.5960 0.0194 -0.1077 0 0 0 30
0.5960 0.0194 -0.1077 0 0 0 30
0.6120 0.0191 -0.1093 0 0 0 30
0.6120 0.0191 -0.1093 0 0 0 0
0.6020 0.0190 -0.1105 0 0 0 30
0.5920 0.0190 -0.1128 0 0 0 30
0.6220 0.0189 -0.1116 0 0 0 30
0.6000 0.0186 -0.1065 0 0 0 30
0.6000 0.0188 -0.1050 0 0 0 0
0.5840 0.0193 -0.1072 0 0 0 30
0.6000 0.0194 -0.1089 0 0 0 30
0.6100 0.0194 -0.1075 0 0 0 30
0.6240 0.0194 -0.1092 0 0 0 30
0.6240 0.0194 -0.1092 0 0 0 30
0.6240 0.0194 -0.1092 0 0 0 30
0.6240 0.0194 -0.1092 0 0 0 30
0.6240 0.0194 -0.1092 0 0 0 0
0.6180 0.0183 -0.1061 0 0 0 30
0.6120 0.0183 -0.1061 0 0 0 30
0.6180 0.0182 -0.1092 0 0 0 30
0.6080 0.0182 -0.1026 0 0 0 30
0.6120 0.0179 -0.1000 0 0 0 0
0.5860 0.0175 -0.0921 0 0 0 30
0.5800 0.0179 -0.0883 0 0 0 30
0.6040 0.0182 -0.0876 0 0 0 30
0.6100 0.0185 -0.0891 0 0 0 30
0.6100 0.0185 -0.0891 0 0 0 30
0.6100 0.0185 -0.0891 0 0 0 30
0.6100 0.0185 -0.0891 0 0 0 30
0.6100 0.0185 -0.0891 0 0 0 0
0.6020 0.0183 -0.0877 0 0 0 30
0.6040 0.0183 -0.0848 0 0 0 30
0.6080 0.0183 -0.0817 0 0 0 30
0.6080 0.0183 -0.0843 0 0 0 30
0.5940 0.0183 -0.0843 0 0 0 0
0.6140 0.0180 -0.0783 0 0 0 30
0.6120 0.0180 -0.0770 0 0 0 30
0.5880 0.0180 -0.0761 0 0 0 30
0.5880 0.0180 -0.0761 0 0 0 30
0.6040 0.0184 -0.0756 0 0 0 0
0.6140 0.0188 -0.0751 0 0 0 30
0.6140 0.0188 -0.0751 0 0 0 30
0.5920 0.0186 -0.0723 0 0 0 0
0.6180 0.0188 -0.0541 0 0 0 30
0.6200 0.0188 -0.0505 0 0 0 30
0.5860 0.0184 -0.0655 0 0 0 0
0.5900 0.0181 -0.0588 0 0 0 0
0.6000 0.0187 -0.0485 0 0 0 30
0.5840 0.0187 -0.0485 0 0 0 0
0.6120 0.0190 -0.0529 0 0 0 30
0.5980 0.0189 -0.0507 0 0 0 30
0.6020 0.0189 -0.0504 0 0 0 30
0.6060 0.0187 -0.0513 0 0 0 30
0.6040 0.0184 -0.0506 0 0 0 30
0.6040 0.0184 -0.0506 0 0 0 0
0.6100 0.0186 -0.0514 0 0 0 30
0.6100 0.0186 -0.0514 0 0 0 30
0.6240 0.0187 -0.0536 0 0 0 30
0.6120 0.0188 -0.0505 0 0 0 30
0.5900 0.0185 -0.0504 0 0 0 30
0.6060 0.0184 -0.3963 0 0 0 0
0.6160 0.0183 -0.3988 0 0 0 30
0.6020 0.0179 -0.3981 0 0 0 30
0.6080 0.0177 -0.3963 0 0 0 30
0.6100 0.0176 -0.3968 0 0 0 0
0.6340 0.0199 -0.0535 30 0 0 0
0.6360 0.0198 -0.0561 30 0 0 0
0.6560 0.0197 -0.0554 30 0 0 0
0.6500 0.0200 -0.0537 30 0 0 0
0.6500 0.0200 -0.0537 30 0 0 0
0.6500 0.0200 -0.0537 30 0 0 0
0.6500 0.0200 -0.0537 30 0 0 0
0.6400 0.0202 -0.0522 30 0 0 0
0.6280 0.0203 -0.0526 30 0 0 0
0.6280 0.0203 -0.0497 30 0 0 0
0.6280 0.0203 -0.0497 30 0 0 0
0.6400 0.0207 -0.0514 30 0 0 0
0.6240 0.0209 -0.0504 30 0 0 0
0.6240 0.0209 -0.0504 30 0 0 0
0.6340 0.0213 -0.0506 30 0 0 0
0.6340 0.0213 -0.0506 30 0 0 0
0.6340 0.0213 -0.0506 30 0 0 0
0.6340 0.0213 -0.0506 30 0 0 0
0.6340 0.0213 -0.0506 30 0 0 0
0.6340 0.0213 -0.0506 30 0 0 0
0.6300 0.0213 -0.0456 30 0 0 0
0.6300 0.0213 -0.0456 30 0 0 0
0.6300 0.0213 -0.0456 30 0 0 0
0.6300 0.0212 -0.0463 30 0 0 0
0.6400 0.0212 -0.0463 30 0 0 0
0.6400 0.0212 -0.0463 30 0 0 0
0.6400 0.0212 -0.0463 30 0 0 0
0.6400 0.0212 -0.0463 30 0 0 0
0.6340 0.0208 -0.0469 30 0 0 0
0.6340 0.0208 -0.0469 30 0 0 0
0.6340 0.0208 -0.0469 30 0 0 0
0.6340 0.0208 -0.0469 30 0 0 0
0.6340 0.0208 -0.0469 30 0 0 0
0.6460 0.0200 -0.0487 30 0 0 0
0.6460 0.0200 -0.0487 30 0 0 0
0.6460 0.0200 -0.0487 30 0 0 0
0.6460 0.0195 -0.0490 30 0 0 0
0.6460 0.0195 -0.0490 30 0 0 0
0.6460 0.0195 -0.0490 30 0 0 0
0.6460 0.0195 -0.0490 30 0 0 0
0.6500 0.0193 -0.0490 30 0 0 0
0.6500 0.0193 -0.0490 30 0 0 0
0.6500 0.0193 -0.0490 30 0 0 0
0.6500 0.0193 -0.0490 30 0 0 0
0.6500 0.0193 -0.0490 30 0 0 0
0.6500 0.0193 -0.0490 30 0 0 0
0.6300 0.0194 -0.0494 30 0 0 0
0.6300 0.0194 -0.0494 30 0 0 0
0.6300 0.0194 -0.0494 30 0 0 0
0.6500 0.0192 -0.0490 30 0 0 0
0.6500 0.0192 -0.0490 30 0 0 0
0.6500 0.0192 -0.0490 30 0 0 0
0.6500 0.0192 -0.0490 30 0 0 0
0.6520 0.0194 -0.0487 30 0 0 0
0.6520 0.0194 -0.0487 30 0 0 0
0.6520 0.0194 -0.0487 30 0 0 0
0.6520 0.0194 -0.0487 30 0 0 0
0.6520 0.0194 -0.0487 30 0 0 0
0.6520 0.0194 -0.0487 30 0 0 0
0.6580 0.0194 -0.0466 30 0 0 0
0.6580 0.0194 -0.0466 30 0 0 0
0.6580 0.0193 -0.0462 30 0 0 0
0.6580 0.0193 -0.0462 30 0 0 0
0.6580 0.0193 -0.0462 30 0 0 0
0.6580 0.0193 -0.0462 30 0 0 0
0.6580 0.0194 -0.0456 30 0 0 0
0.6560 0.0194 -0.0456 30 0 0 0
0.6560 0.0194 -0.0456 30 0 0 0
0.6560 0.0194 -0.0456 30 0 0 0
0.6560 0.0194 -0.0456 30 0 0 0
0.6560 0.0194 -0.0456 30 0 0 0
0.6600 0.0197 -0.0483 30 0 0 0
0.6600 0.0197 -0.0483 30 0 0 0
0.6600 0.0197 -0.0483 30 0 0 0
0.6640 0.0197 -0.0481 30 0 0 0
0.6640 0.0197 -0.0481 30 0 0 0
0.6640 0.0197 -0.0481 30 0 0 0
0.6640 0.0197 -0.0481 30 0 0 0
0.6640 0.0197 -0.0494 30 0 0 0
0.6280 0.0197 -0.0494 30 0 0 0
0.6280 0.0197 -0.0494 30 0 0 0
0.6280 0.0197 -0.0494 30 0 0 0
0.6280 0.0197 -0.0494 30 0 0 0
0.6280 0.0197 -0.0494 30 0 0 0
0.6280 0.0197 -0.0494 30 0 0 0
0.6360 0.0193 -0.0502 30 0 0 0
0.6360 0.0193 -0.0502 30 0 0 0
0.6340 0.0191 -0.0498 30 0 0 0
0.6340 0.0191 -0.0498 30 0 0 0
0.6340 0.0191 -0.0498 30 0 0 0
0.6340 0.0191 -0.0498 30 0 0 0
0.6320 0.0191 -0.0498 30 0 0 0
0.6320 0.0191 -0.0498 30 0 0 0
0.6320 0.0191 -0.0498 30 0 0 0
0.6320 0.0191 -0.0498 30 0 0 0
0.6320 0.0191 -0.0498 30 0 0 0
0.6380 0.0190 -0.0487 30 0 0 0
0.6380 0.0190 -0.0487 30 0 0 0
0.6380 0.0190 -0.0487 30 0 0 0
0.6300 0.0190 -0.0509 30 0 0 0
0.6300 0.0190 -0.0509 30 0 0 0
0.6300 0.0190 -0.0509 30 0 0 0
0.6300 0.0190 -0.0509 30 0 0 0
0.6300 0.0190 -0.0509 30 0 0 0
0.6260 0.0189 -0.0510 30 0 0 0
0.6260 0.0189 -0.0510 30 0 0 0
0.6260 0.0189 -0.0510 30 0 0 0
0.6260 0.0189 -0.0510 30 0 0 0
0.6260 0.0189 -0.0510 30 0 0 0
0.6260 0.0189 -0.0510 30 0 0 0
0.6320 0.0190 -0.0511 30 0 0 0
0.6320 0.0190 -0.0511 30 0 0 0
0.6320 0.0190 -0.0511 30 0 0 0
0.6320 0.0191 -0.0518 30 0 0 0
0.6320 0.0191 -0.0518 30 0 0 0
0.6320 0.0191 -0.0518 30 0 0 0
0.6320 0.0191 -0.0518 30 0 0 0
0.6320 0.0191 -0.0518 30 0 0 0
0.6320 0.0191 -0.0518 30 0 0 0
0.6320 0.0191 -0.0518 30 0 0 0
0.6320 0.0191 -0.0518 30 0 0 0
0.6320 0.0191 -0.0518 30 0 0 0
0.6320 0.0191 -0.0518 30 0 0 0
0.6320 0.0191 -0.0518 30 0 0 0
0.6400 0.0192 -0.0508 30 0 0 0
0.6400 0.0192 -0.0508 30 0 0 0
0.6400 0.0192 -0.0508 30 0 0 0
0.6500 0.0192 -0.0514 30 0 0 0
0.6360 0.0192 -0.0488 30 0 0 0
0.6360 0.0192 -0.0488 30 0 0 0
0.6360 0.0192 -0.0488 30 0 0 0
0.6560 0.0190 -0.0473 30 0 0 0
0.6560 0.0190 -0.0473 30 0 0 0
0.6560 0.0190 -0.0473 30 0 0 0
0.6560 0.0190 -0.0473 30 0 0 0
0.6560 0.0190 -0.0473 30 0 0 0
0.6500 0.0191 -0.0463 30 0 0 0
0.6500 0.0191 -0.0463 30 0 0 0
0.6500 0.0191 -0.0463 30 0 0 0
0.6240 0.0193 -0.0467 30 0 0 0
0.6240 0.0193 -0.0467 30 0 0 0
0.6240 0.0193 -0.0467 30 0 0 0
0.6240 0.0193 -0.0467 30 0 0 0
0.6240 0.0193 -0.0467 30 0 0 0
0.6240 0.0193 -0.0467 30 0 0 0
0.6460 0.0197 -0.0435 30 0 0 0
0.6460 0.0197 -0.0435 30 0 0 0
0.6460 0.0197 -0.0435 30 0 0 0
0.6460 0.0197 -0.0435 30 0 0 0
0.6540 0.0200 -0.0436 30 0 0 0
0.6540 0.0200 -0.0436 30 0 0 0
0.6540 0.0200 -0.0436 30 0 0 0
0.6540 0.0200 -0.0436 30 0 0 0
0.6540 0.0200 -0.0436 30 0 0 0
0.6540 0.0200 -0.0436 30 0 0 0
0.6540 0.0200 -0.0436 30 0 0 0
0.6540 0.0200 -0.0436 30 0 0 0
0.6540 0.0200 -0.0436 30 0 0 0
0.6540 0.0200 -0.0436 30 0 0 0
0.6440 0.0203 -0.0426 30 0 0 0
0.6440 0.0203 -0.0426 30 0 0 0
0.6460 0.0206 -0.0434 30 0 0 0
0.6460 0.0206 -0.0434 30 0 0 0
0.6320 0.0204 -0.0434 30 0 0 0
0.6300 0.0202 -0.0466 30 0 0 0
0.6300 0.0202 -0.0466 30 0 0 0
0.6300 0.0202 -0.0466 30 0 0 0
0.6300 0.0202 -0.0466 30 0 0 0
0.6420 0.0200 -0.0461 30 0 0 0
0.6420 0.0200 -0.0461 30 0 0 0
0.6420 0.0200 -0.0461 30 0 0 0
0.6420 0.0200 -0.0461 30 0 0 0
0.6420 0.0200 -0.0461 30 0 0 0
0.6520 0.0200 -0.0461 30 0 0 0
0.6520 0.0200 -0.0461 30 0 0 0
0.6520 0.0200 -0.0461 30 0 0 0
0.6520 0.0200 -0.0461 30 0 0 0
0.6500 0.0200 -0.0469 30 0 0 0
0.6500 0.0200 -0.0469 30 0 0 0
0.6500 0.0200 -0.0469 30 0 0 0
0.6500 0.0200 -0.0469 30 0 0 0
0.6500 0.0200 -0.0469 30 0 0 0
0.6440 0.0198 -0.0461 30 0 0 0
0.6440 0.0198 -0.0461 30 0 0 0
0.6440 0.0198 -0.0461 30 0 0 0
0.6440 0.0198 -0.0461 30 0 0 0
0.6440 0.0196 -0.0470 30 0 0 0
0.6440 0.0196 -0.0470 30 0 0 0
0.6440 0.0196 -0.0470 30 0 0 0
0.6480 0.0194 -0.0498 30 0 0 0
0.6480 0.0194 -0.0498 30 0 0 0
0.6480 0.0194 -0.0498 30 0 0 0
0.6480 0.0194 -0.0498 30 0 0 0
0.6480 0.0194 -0.0498 30 0 0 0
0.6400 0.0193 -0.0516 30 0 0 0
0.6400 0.0193 -0.0516 30 0 0 0
0.6400 0.0193 -0.0516 30 0 0 0
0.6400 0.0193 -0.0516 30 0 0 0
0.6400 0.0195 -0.0517 30 0 0 0
0.6400 0.0195 -0.0517 30 0 0 0
0.6400 0.0195 -0.0517 30 0 0 0
0.6420 0.0198 -0.0521 30 0 0 0
0.6420 0.0198 -0.0521 30 0 0 0
0.6420 0.0198 -0.0521 30 0 0 0
0.6420 0.0198 -0.0521 30 0 0 0
0.6420 0.0198 -0.0521 30 0 0 0
0.6420 0.0198 -0.0521 30 0 0 0
0.6420 0.0198 -0.0521 30 0 0 0
0.6600 0.0201 -0.0480 30 0 0 0
0.6600 0.0201 -0.0480 30 0 0 0
0.6600 0.0201 -0.0480 30 0 0 0
0.6600 0.0202 -0.0478 30 0 0 0
0.6600 0.0202 -0.0478 30 0 0 0
0.6600 0.0202 -0.0478 30 0 0 0
0.6600 0.0200 -0.0472 30 0 0 0
0.6720 0.0200 -0.0472 30 0 0 0
0.6720 0.0200 -0.0472 30 0 0 0
0.6720 0.0200 -0.0472 30 0 0 0
0.6720 0.0200 -0.0472 30 0 0 0
0.6720 0.0200 -0.0472 30 0 0 0
0.6380 0.0196 -0.0479 30 0 0 0
0.6380 0.0196 -0.0479 30 0 0 0
0.6380 0.0196 -0.0479 30 0 0 0
0.6380 0.0196 -0.0479 30 0 0 0
0.6460 0.0192 -0.0474 30 0 0 0
0.6460 0.0192 -0.0474 30 0 0 0
0.6380 0.0192 -0.0464 30 0 0 0
0.6380 0.0192 -0.0464 30 0 0 0
0.6380 0.0192 -0.0464 30 0 0 0
0.6380 0.0192 -0.0464 30 0 0 0
0.6380 0.0192 -0.0464 30 0 0 0
0.6380 0.0192 -0.0464 30 0 0 0
0.6380 0.0192 -0.0464 30 0 0 0
0.6300 0.0192 -0.0462 30 0 0 0
0.6300 0.0192 -0.0462 30 0 0 0
0.6300 0.0192 -0.0462 30 0 0 0
0.6300 0.0192 -0.0462 30 0 0 0
0.6280 0.0190 -0.0489 30 0 0 0
0.6280 0.0190 -0.0489 30 0 0 0
0.6280 0.0190 -0.0489 30 0 0 0
0.6420 0.0190 -0.0494 30 0 0 0
0.6420 0.0190 -0.0494 30 0 0 0
0.6420 0.0190 -0.0494 30 0 0 0
0.6420 0.0190 -0.0494 30 0 0 0
0.6420 0.0190 -0.0494 30 0 0 0
0.6420 0.0190 -0.0494 30 0 0 0
0.6420 0.0190 -0.0494 30 0 0 0
0.6420 0.0190 -0.0494 30 0 0 0
0.6420 0.0190 -0.0494 30 0 0 0
0.6420 0.0190 -0.0494 30 0 0 0
0.6420 0.0190 -0.0494 30 0 0 0
0.6560 0.0192 -0.0526 30 0 0 0
0.6560 0.0192 -0.0526 30 0 0 0
0.6560 0.0192 -0.0544 30 0 0 0
0.6420 0.0193 -0.0524 30 0 0 0
0.6420 0.0193 -0.0524 30 0 0 0
0.6420 0.0193 -0.0524 30 0 0 0
0.6480 0.0193 -0.0554 30 0 0 0
0.6480 0.0193 -0.0554 30 0 0 0
0.6480 0.0193 -0.0554 30 0 0 0
0.6480 0.0193 -0.0554 30 0 0 0
0.6480 0.0193 -0.0554 30 0 0 0
0.6500 0.0194 -0.0581 30 0 0 0
0.6500 0.0194 -0.0581 30 0 0 0
0.6500 0.0194 -0.0581 30 0 0 0
0.6140 0.0194 -0.0596 30 0 0 0
0.6140 0.0194 -0.0596 30 0 0 0
0.6140 0.0194 -0.0596 30 0 0 0
0.6140 0.0194 -0.0596 30 0 0 0
0.6140 0.0194 -0.0596 30 0 0 0
0.6140 0.0194 -0.0596 30 0 0 0
0.6140 0.0194 -0.0596 30 0 0 0
0.6140 0.0194 -0.0596 30 0 0 0
0.6140 0.0194 -0.0596 30 0 0 0
0.6140 0.0194 -0.0596 30 0 0 0
0.6140 0.0194 -0.0596 30 0 0 0
0.6140 0.0194 -0.0596 30 0 0 0
0.6140 0.0195 -0.0582 30 0 0 0
0.6360 0.0195 -0.0582 30 0 0 0
0.6520 0.0194 -0.0552 30 0 0 0
0.6520 0.0192 -0.0544 30 0 0 0
0.6520 0.0192 -0.0544 30 0 0 0
0.6520 0.0192 -0.0544 30 0 0 0
0.6520 0.0189 -0.0562 30 0 0 0
0.6380 0.0189 -0.0562 30 0 0 0
0.6380 0.0189 -0.0562 30 0 0 0
0.6380 0.0189 -0.0562 30 0 0 0
0.6380 0.0189 -0.0562 30 0 0 0
0.6040 0.0188 -0.0537 30 0 0 0
0.6040 0.0188 -0.0537 30 0 0 0
0.6040 0.0188 -0.0537 30 0 0 0
0.6240 0.0188 -0.0560 30 0 0 0
0.6240 0.0188 -0.0560 30 0 0 0
0.6240 0.0188 -0.0560 30 0 0 0
0.6240 0.0188 -0.0560 30 0 0 0
0.6240 0.0188 -0.0560 30 0 0 0
0.6240 0.0188 -0.0560 30 0 0 0
0.6220 0.0191 -0.0551 30 0 0 0
0.6220 0.0191 -0.0551 30 0 0 0
0.6220 0.0191 -0.0551 30 0 0 0
0.6220 0.0191 -0.0551 30 0 0 0
0.6420 0.0193 -0.0595 0 0 0 0
0.6380 0.0216 -0.0508 0 0 -30 0
0.6320 0.0216 -0.0480 0 0 -30 0
0.6400 0.0214 -0.0444 0 0 -30 0
0.6200 0.0214 -0.0434 0 0 -30 0
0.6200 0.0215 -0.0441 0 0 -30 0
0.6360 0.0215 -0.0441 0 0 -30 0
0.6480 0.0218 -0.0444 0 0 -30 0
0.6300 0.0223 -0.0432 0 0 -30 0
0.6300 0.0223 -0.0432 0 0 -30 0
0.6220 0.0222 -0.0451 0 0 -30 0
0.6220 0.0222 -0.0451 0 0 -30 0
0.6220 0.0222 -0.0451 0 0 0 0
0.6280 0.0220 -0.0445 0 0 -30 0
0.6200 0.0222 -0.0457 0 0 -30 0
0.6240 0.0222 -0.0441 0 0 -30 0
0.6240 0.0222 -0.0441 0 0 -30 0
0.6240 0.0222 -0.0441 0 0 -30 0
0.6200 0.0219 -0.0485 0 0 -30 0
0.6200 0.0219 -0.0485 0 0 -30 0
0.6200 0.0219 -0.0485 0 0 -30 0
0.6200 0.0219 -0.0485 0 0 -30 0
0.6200 0.0219 -0.0485 0 0 -30 0
0.6200 0.0219 -0.0485 0 0 0 0
0.6280 0.0212 -0.4550 0 0 -30 0
0.6140 0.0212 -0.4513 0 0 -30 0
0.6600 0.0213 -0.4511 0 0 -30 0
0.6660 0.0217 -0.4510 0 0 -30 0
0.6100 0.0221 -0.4554 0 0 -30 0
0.6340 0.0227 -0.4586 0 0 -30 0
0.6160 0.0236 -0.4615 0 0 -30 0
0.6160 0.0236 -0.4615 0 0 -30 0
0.6160 0.0236 -0.4615 0 0 -30 0
0.6120 0.0241 -0.4657 0 0 0 0
0.6380 0.0250 -0.4682 0 0 -30 0
0.6100 0.0253 -0.4654 0 0 -30 0
0.6280 0.0253 -0.4654 0 0 -30 0
0.5960 0.0253 -0.4663 0 0 -30 0
0.6240 0.0251 -0.4666 0 0 -30 0
0.6240 0.0251 -0.4666 0 0 0 0
0.6200 0.0261 -0.4746 0 0 -30 0
0.6200 0.0261 -0.4746 0 0 -30 0
0.6060 0.0265 -0.4747 0 0 -30 0
0.6260 0.0269 -0.4718 0 0 -30 0
0.6120 0.0271 -0.4660 0 0 -30 0
0.6020 0.0270 -0.4682 0 0 -30 0
0.6380 0.0269 -0.4686 0 0 -30 0
0.6380 0.0269 -0.4686 0 0 -30 0
0.6100 0.0269 -0.4673 0 0 -30 0
0.6100 0.0269 -0.4673 0 0 -30 0
0.6100 0.0269 -0.4673 0 0 0 0
0.6180 0.0282 -0.4693 0 0 30 0
0.6280 0.0282 -0.4664 0 0 30 0
0.6160 0.0286 -0.4706 0 0 30 0
0.6020 0.0289 -0.4710 0 0 30 0
0.6340 0.0301 -0.4719 0 0 30 0
0.6440 0.0303 -0.4731 0 0 30 0
0.6440 0.0303 -0.4731 0 0 30 0
0.6440 0.0303 -0.4731 0 0 0 0
0.6200 0.0303 -0.4667 0 0 30 0
0.6180 0.0303 -0.4667 0 0 30 0
0.6140 0.0302 -0.4649 0 0 30 0
0.6140 0.0300 -0.4601 0 0 30 0
0.6220 0.0302 -0.4592 0 0 30 0
0.6260 0.0302 -0.4592 0 0 0 0
0.6020 0.0306 -0.4677 0 0 30 0
0.6020 0.0306 -0.4677 0 0 30 0
0.6160 0.0302 -0.4714 0 0 30 0
0.6160 0.0302 -0.4714 0 0 30 0
0.6200 0.0297 -0.4716 0 0 30 0
0.6200 0.0297 -0.4716 0 0 30 0
0.6200 0.0297 -0.4716 0 0 30 0
0.6220 0.0291 -0.4729 0 0 0 0
0.6220 0.0287 -0.4711 0 0 30 0
0.6180 0.0282 -0.4759 0 0 30 0
0.6360 0.0282 -0.4759 0 0 30 0
0.6360 0.0278 -0.4777 0 0 30 0
0.6100 0.0274 -0.4819 0 0 30 0
0.6100 0.0274 -0.4819 0 0 30 0
0.6100 0.0272 -0.4793 0 0 0 0
0.6240 0.0268 -0.4776 0 0 30 0
0.6180 0.0266 -0.4794 0 0 30 0
0.6100 0.0262 -0.4792 0 0 30 0
0.6100 0.0260 -0.4812 0 0 30 0
0.6100 0.0260 -0.4812 0 0 30 0
0.6100 0.0260 -0.4812 0 0 30 0
0.6200 0.0256 -0.4796 0 0 30 0
0.6200 0.0256 -0.4796 0 0 0 0
0.6200 0.0253 -0.4778 0 0 30 0
0.5980 0.0253 -0.4778 0 0 30 0
0.6060 0.0249 -0.4776 0 0 30 0
0.6160 0.0246 -0.4770 0 0 30 0
0.5960 0.0241 -0.4750 0 0 0 0
0.6220 0.0231 -0.4751 0 0 30 0
0.5920 0.0227 -0.4760 0 0 30 0
0.5920 0.0226 -0.4741 0 0 30 0
0.6020 0.0226 -0.4741 0 0 30 0
0.6160 0.0226 -0.4757 0 0 0 0
0.6080 0.0212 -0.4759 0 0 30 0
0.6200 0.0212 -0.4759 0 0 30 0
0.6140 0.0204 -0.4763 0 0 30 0
0.6140 0.0201 -0.4760 0 0 30 0
0.6260 0.0201 -0.4760 0 0 30 0
0.6260 0.0201 -0.4760 0 0 0 0
0.6020 0.0203 -0.4767 0 0 30 0
0.6160 0.0203 -0.4780 0 0 30 0
0.6160 0.0203 -0.4780 0 0 30 0
0.6040 0.0202 -0.4773 0 0 30 0
0.6060 0.0198 -0.4786 0 0 30 0
0.6060 0.0198 -0.4786 0 0 30 0
0.5980 0.0193 -0.4823 0 0 30 0
0.5980 0.0193 -0.4823 0 0 30 0
0.5980 0.0193 -0.4823 0 0 30 0
0.5980 0.0193 -0.4823 0 0 0 0
0.5980 0.0189 -0.4820 0 0 30 0
0.6160 0.0189 -0.4820 0 0 30 0
0.6040 0.0181 -0.4827 0 0 30 0
0.6140 0.0179 -0.4833 0 0 30 0
0.6340 0.0177 -0.4819 0 0 30 0
0.6340 0.0177 -0.4819 0 0 30 0
0.6340 0.0177 -0.4819 0 0 30 0
0.6220 0.0175 -0.4800 0 0 30 0
0.6220 0.0175 -0.4800 0 0 30 0
0.6220 0.0175 -0.4800 0 0 30 0
0.6220 0.0175 -0.4800 0 0 30 0
0.6220 0.0175 -0.4800 0 0 30 0
0.6240 0.0171 -0.4783 0 0 0 0
0.6240 0.0169 -0.4802 0 0 30 0
0.6060 0.0169 -0.4802 0 0 30 0
0.6180 0.0165 -0.4783 0 0 30 0
0.6180 0.0165 -0.4783 0 0 30 0
0.6180 0.0165 -0.4783 0 0 30 0
0.6180 0.0165 -0.4783 0 0 30 0
0.6120 0.0162 -0.4758 0 0 30 0
0.6120 0.0162 -0.4758 0 0 30 0
0.6120 0.0162 -0.4758 0 0 30 0
0.6080 0.0158 -0.4808 0 0 30 0
0.6080 0.0158 -0.4808 0 0 30 0
0.6080 0.0158 -0.4808 0 0 30 0
0.6080 0.0158 -0.4808 0 0 30 0
0.6080 0.0158 -0.4808 0 0 0 0
0.6020 0.0155 -0.4821 0 0 30 0
0.6040 0.0153 -0.4807 0 0 30 0
0.6060 0.0150 -0.4755 0 0 30 0
0.6120 0.0141 -0.4732 0 0 30 0
0.6120 0.0141 -0.4732 0 0 30 0
0.6120 0.0141 -0.4732 0 0 30 0
0.6120 0.0141 -0.4732 0 0 0 0
0.5860 0.0109 -0.4654 0 0 30 0
0.5860 0.0106 -0.4675 0 0 30 0
0.6180 0.0106 -0.4675 0 0 30 0
0.6180 0.0106 -0.4702 0 0 30 0
0.6260 0.0106 -0.4702 0 0 30 0
0.6260 0.0106 -0.4702 0 0 30 0
0.6260 0.0106 -0.4702 0 0 0 0
0.5860 0.0097 -0.4829 0 0 30 0
0.5880 0.0090 -0.4826 0 0 30 0
0.5880 0.0090 -0.4826 0 0 30 0
0.6020 0.0079 -0.4867 0 0 30 0
0.6020 0.0079 -0.4867 0 0 30 0
0.6200 0.0070 -0.4813 0 0 30 0
0.5880 0.0067 -0.4776 0 0 30 0
0.5880 0.0067 -0.4778 0 0 30 0
0.5840 0.0067 -0.4778 0 0 0 0
0.5920 0.0067 -0.1440 0 30 0 0
0.5560 0.0062 -0.1575 0 30 0 0
0.5620 0.0063 -0.1611 0 30 0 0
0.5620 0.0063 -0.1611 0 30 0 0
0.5680 0.0063 -0.1570 0 30 0 0
0.5680 0.0063 -0.1570 0 30 0 0
0.5720 0.0060 -0.1526 0 30 0 0
0.5720 0.0060 -0.1526 0 30 0 0
0.5860 0.0050 -0.1428 0 30 0 0
0.5860 0.0046 -0.1407 0 30 0 0
0.5920 0.0046 -0.1401 0 30 0 0
0.5780 0.0046 -0.1401 0 30 0 0
0.5780 0.0046 -0.1401 0 30 0 0
0.5920 0.0050 -0.1385 0 30 0 0
0.5920 0.0050 -0.1385 0 30 0 0
0.5920 0.0050 -0.1385 0 30 0 0
0.5920 0.0050 -0.1385 0 30 0 0
0.5840 0.0055 -0.1377 0 30 0 0
0.5840 0.0055 -0.1377 0 30 0 0
0.5780 0.0060 -0.1375 0 30 0 0
0.5780 0.0060 -0.1375 0 30 0 0
0.5780 0.0060 -0.1375 0 30 0 0
0.5780 0.0060 -0.1375 0 30 0 0
0.5780 0.0060 -0.1375 0 30 0 0
0.5900 0.0065 -0.1383 0 30 0 0
0.5900 0.0065 -0.1383 0 30 0 0
0.5900 0.0065 -0.1383 0 30 0 0
0.5900 0.0065 -0.1383 0 30 0 0
0.5900 0.0065 -0.1383 0 30 0 0
0.5740 0.0068 -0.1383 0 30 0 0
0.5740 0.0068 -0.1383 0 30 0 0
0.5740 0.0068 -0.1383 0 30 0 0
0.5740 0.0068 -0.1383 0 30 0 0
0.5880 0.0075 -0.1396 0 30 0 0
0.5880 0.0075 -0.1396 0 30 0 0
0.5880 0.0075 -0.1396 0 30 0 0
0.5880 0.0075 -0.1396 0 30 0 0
0.5880 0.0075 -0.1396 0 30 0 0
0.5680 0.0082 -0.1383 0 30 0 0
0.5680 0.0082 -0.1383 0 30 0 0
0.5680 0.0082 -0.1383 0 30 0 0
0.5680 0.0082 -0.1383 0 30 0 0
0.5660 0.0086 -0.1379 0 30 0 0
0.5660 0.0086 -0.1379 0 30 0 0
0.5660 0.0086 -0.1379 0 30 0 0
0.5800 0.0088 -0.1384 0 30 0 0
0.5800 0.0088 -0.1384 0 30 0 0
0.5800 0.0088 -0.1384 0 30 0 0
0.5800 0.0088 -0.1384 0 30 0 0
0.5900 0.0086 -0.1373 0 30 0 0
0.5900 0.0086 -0.1373 0 30 0 0
0.5900 0.0086 -0.1373 0 30 0 0
0.5900 0.0086 -0.1373 0 30 0 0
0.5900 0.0086 -0.1373 0 30 0 0
0.5940 0.0085 -0.1373 0 30 0 0
0.5940 0.0085 -0.1373 0 30 0 0
0.5940 0.0085 -0.1373 0 30 0 0
0.6020 0.0080 -0.1363 0 30 0 0
0.6020 0.0080 -0.1363 0 30 0 0
0.6020 0.0080 -0.1363 0 30 0 0
0.6020 0.0080 -0.1363 0 30 0 0
0.6020 0.0080 -0.1363 0 30 0 0
0.5760 0.0075 -0.1399 0 30 0 0
0.5760 0.0075 -0.1399 0 30 0 0
0.5760 0.0075 -0.1399 0 30 0 0
0.5760 0.0075 -0.1399 0 30 0 0
0.5760 0.0075 -0.1399 0 30 0 0
0.5860 0.0068 -0.1398 0 30 0 0
0.5860 0.0068 -0.1398 0 30 0 0
0.5860 0.0068 -0.1398 0 30 0 0
0.5860 0.0068 -0.1398 0 30 0 0
0.5860 0.0063 -0.1401 0 30 0 0
0.5860 0.0063 -0.1401 0 30 0 0
0.5860 0.0063 -0.1401 0 30 0 0
0.5860 0.0063 -0.1401 0 30 0 0
0.5840 0.0061 -0.1392 0 30 0 0
0.5840 0.0061 -0.1392 0 30 0 0
0.5840 0.0061 -0.1392 0 30 0 0
0.5840 0.0061 -0.1392 0 30 0 0
0.6100 0.0063 -0.1410 0 30 0 0
0.6100 0.0063 -0.1410 0 30 0 0
0.6100 0.0063 -0.1410 0 30 0 0
0.5800 0.0067 -0.1402 0 30 0 0
0.5800 0.0067 -0.1402 0 30 0 0
0.5800 0.0067 -0.1402 0 30 0 0
0.5800 0.0067 -0.1402 0 30 0 0
0.5740 0.0073 -0.1397 0 30 0 0
0.5740 0.0073 -0.1397 0 30 0 0
0.5740 0.0073 -0.1397 0 30 0 0
0.5740 0.0073 -0.1397 0 30 0 0
0.5740 0.0073 -0.1397 0 30 0 0
0.5520 0.0077 -0.1374 0 30 0 0
0.5520 0.0077 -0.1374 0 30 0 0
0.5520 0.0077 -0.1374 0 30 0 0
0.5520 0.0077 -0.1374 0 30 0 0
0.5720 0.0081 -0.1378 0 30 0 0
0.5720 0.0081 -0.1378 0 30 0 0
0.5720 0.0081 -0.1378 0 30 0 0
0.5720 0.0081 -0.1378 0 30 0 0
0.5720 0.0081 -0.1378 0 30 0 0
0.5720 0.0081 -0.1378 0 30 0 0
0.5800 0.0081 -0.1383 0 30 0 0
0.5800 0.0081 -0.1383 0 30 0 0
0.5900 0.0077 -0.1353 0 30 0 0
0.5900 0.0077 -0.1353 0 30 0 0
0.5900 0.0077 -0.1353 0 30 0 0
0.6160 0.0076 -0.1393 0 30 0 0
0.6160 0.0076 -0.1393 0 30 0 0
0.6160 0.0076 -0.1393 0 30 0 0
0.6160 0.0076 -0.1393 0 30 0 0
0.5920 0.0076 -0.1409 0 30 0 0
0.5920 0.0076 -0.1409 0 30 0 0
0.5920 0.0076 -0.1409 0 30 0 0
0.5920 0.0076 -0.1409 0 30 0 0
0.5920 0.0076 -0.1409 0 30 0 0
0.5880 0.0080 -0.1407 0 30 0 0
0.5880 0.0080 -0.1407 0 30 0 0
0.5880 0.0080 -0.1407 0 30 0 0
0.5680 0.0083 -0.1403 0 30 0 0
0.5680 0.0083 -0.1403 0 30 0 0
0.5680 0.0083 -0.1403 0 30 0 0
0.5680 0.0083 -0.1403 0 30 0 0
0.5680 0.0083 -0.1403 0 30 0 0
0.5940 0.0085 -0.1396 0 30 0 0
0.5940 0.0085 -0.1396 0 30 0 0
0.5940 0.0085 -0.1396 0 30 0 0
0.5940 0.0085 -0.1396 0 30 0 0
0.5840 0.0086 -0.1399 0 30 0 0
0.5840 0.0086 -0.1399 0 30 0 0
0.5840 0.0086 -0.1399 0 30 0 0
0.5840 0.0086 -0.1399 0 30 0 0
0.5660 0.0086 -0.1415 0 30 0 0
0.5660 0.0086 -0.1415 0 30 0 0
0.5660 0.0086 -0.1415 0 30 0 0
0.5660 0.0086 -0.1415 0 30 0 0
0.5720 0.0088 -0.1423 0 30 0 0
0.5720 0.0088 -0.1423 0 30 0 0
0.5720 0.0088 -0.1423 0 30 0 0
0.5720 0.0088 -0.1423 0 30 0 0
0.5720 0.0088 -0.1423 0 30 0 0
0.5660 0.0090 -0.1448 0 30 0 0
0.5660 0.0090 -0.1448 0 30 0 0
0.5640 0.0093 -0.1504 0 30 0 0
0.5640 0.0093 -0.1504 0 30 0 0
0.5640 0.0093 -0.1504 0 30 0 0
0.5640 0.0093 -0.1504 0 30 0 0
0.5580 0.0098 -0.1495 0 30 0 0
0.5580 0.0098 -0.1495 0 30 0 0
0.5580 0.0098 -0.1495 0 30 0 0
0.5580 0.0098 -0.1495 0 30 0 0
0.5580 0.0101 -0.1483 0 30 0 0
0.5740 0.0101 -0.1483 0 30 0 0
0.5740 0.0101 -0.1483 0 30 0 0
0.5740 0.0101 -0.1483 0 30 0 0
0.5740 0.0101 -0.1483 0 30 0 0
0.5740 0.0101 -0.1483 0 30 0 0
0.5740 0.0101 -0.1483 0 30 0 0
0.5740 0.0101 -0.1483 0 30 0 0
0.5740 0.0101 -0.1483 0 30 0 0
0.5740 0.0101 -0.1483 0 30 0 0
0.5740 0.0101 -0.1483 0 30 0 0
0.5740 0.0101 -0.1483 0 30 0 0
0.5780 0.0098 -0.1483 0 30 0 0
0.5780 0.0098 -0.1483 0 30 0 0
0.5840 0.0093 -0.1463 0 30 0 0
0.5700 0.0089 -0.1482 0 30 0 0
0.5740 0.0086 -0.1467 0 30 0 0
0.5740 0.0086 -0.1467 0 30 0 0
0.5740 0.0086 -0.1467 0 30 0 0
0.5740 0.0086 -0.1467 0 30 0 0
0.5740 0.0086 -0.1467 0 30 0 0
0.5740 0.0086 -0.1467 0 30 0 0
0.5660 0.0084 -0.1452 0 30 0 0
0.5660 0.0084 -0.1452 0 30 0 0
0.5660 0.0084 -0.1452 0 30 0 0
0.5660 0.0084 -0.1452 0 30 0 0
0.5680 0.0082 -0.1420 0 30 0 0
0.5680 0.0082 -0.1420 0 30 0 0
0.5680 0.0082 -0.1420 0 30 0 0
0.5680 0.0082 -0.1420 0 30 0 0
0.5580 0.0077 -0.1390 0 30 0 0
0.5580 0.0077 -0.1390 0 30 0 0
0.5580 0.0077 -0.1390 0 30 0 0
0.5580 0.0077 -0.1390 0 30 0 0
0.5660 0.0071 -0.1409 0 30 0 0
0.5660 0.0071 -0.1409 0 30 0 0
0.5660 0.0071 -0.1409 0 30 0 0
0.5660 0.0071 -0.1409 0 30 0 0
0.5820 0.0065 -0.1406 0 30 0 0
0.5820 0.0065 -0.1406 0 30 0 0
0.5820 0.0065 -0.1406 0 30 0 0
0.5820 0.0065 -0.1406 0 30 0 0
0.5800 0.0058 -0.1385 0 30 0 0
0.5800 0.0058 -0.1385 0 30 0 0
0.5800 0.0058 -0.1385 0 30 0 0
0.5800 0.0058 -0.1385 0 30 0 0
0.5720 0.0055 -0.1392 0 30 0 0
0.5720 0.0055 -0.1392 0 30 0 0
0.5720 0.0055 -0.1392 0 30 0 0
0.5720 0.0055 -0.1392 0 30 0 0
0.5780 0.0056 -0.1409 0 30 0 0
0.5780 0.0056 -0.1409 0 30 0 0
0.5780 0.0056 -0.1409 0 30 0 0
0.5780 0.0056 -0.1409 0 30 0 0
0.5900 0.0060 -0.1431 0 30 0 0
0.5900 0.0060 -0.1431 0 30 0 0
0.5900 0.0060 -0.1431 0 30 0 0
0.5900 0.0060 -0.1431 0 30 0 0
0.5900 0.0060 -0.1431 0 30 0 0
0.5900 0.0060 -0.1433 0 30 0 0
0.5500 0.0060 -0.1433 0 30 0 0
0.5500 0.0060 -0.1433 0 30 0 0
0.5500 0.0060 -0.1433 0 30 0 0
0.5780 0.0057 -0.1449 0 30 0 0
0.5780 0.0057 -0.1449 0 30 0 0
0.5780 0.0057 -0.1449 0 30 0 0
0.5780 0.0057 -0.1449 0 30 0 0
0.5560 0.0046 -0.1487 0 30 0 0
0.5560 0.0046 -0.1487 0 30 0 0
0.5560 0.0046 -0.1487 0 30 0 0
0.5560 0.0046 -0.1487 0 30 0 0
0.5560 0.0046 -0.1487 0 30 0 0
0.5880 0.0036 -0.1485 0 30 0 0
0.5880 0.0036 -0.1485 0 30 0 0
0.5880 0.0036 -0.1485 0 30 0 0
0.5880 0.0036 -0.1485 0 0 0 0
0.6040 0.0028 -0.1493 0 30 0 0
0.5960 0.0028 -0.1523 0 30 0 0
0.5880 0.0028 -0.1523 0 30 0 0
0.5960 0.0026 -0.1546 0 30 0 0
0.6060 0.0018 -0.1526 0 30 0 0
0.6060 0.0019 -0.1563 0 30 0 0
0.6120 0.0019 -0.1563 0 30 0 0
0.5800 0.0026 -0.1539 0 30 0 0
0.6140 0.0031 -0.1496 0 30 0 0
0.6140 0.0031 -0.1496 0 30 0 0
0.6140 0.0031 -0.1496 0 30 0 0
0.6140 0.0031 -0.1496 0 30 0 0
0.5980 0.0036 -0.1531 0 30 0 0
0.5980 0.0036 -0.1531 0 0 0 0
0.6160 0.0018 -0.1558 0 30 0 0
0.6040 0.0018 -0.1558 0 30 0 0
0.6060 0.0006 -0.1550 0 30 0 0
0.6060 0.0008 -0.1518 0 30 0 0
0.6100 0.0012 -0.1521 0 30 0 0
0.6100 0.0009 -0.1528 0 30 0 0
0.6300 0.0023 -0.1443 0 30 0 0
0.6100 0.0022 -0.1495 0 30 0 0
0.6100 0.0022 -0.1495 0 30 0 0
0.6100 0.0022 -0.1495 0 30 0 0
0.6100 0.0022 -0.1495 0 30 0 0
0.6100 0.0022 -0.1495 0 30 0 0
0.5900 0.0018 -0.1476 0 30 0 0
0.5900 0.0018 -0.1476 0 30 0 0
0.5900 0.0018 -0.1476 0 30 0 0
0.6020 0.0016 -0.1507 0 30 0 0
0.6020 0.0016 -0.1507 0 30 0 0
0.6020 0.0016 -0.1507 0 30 0 0
0.6020 0.0016 -0.1507 0 30 0 0
0.6020 0.0016 -0.1507 0 30 0 0
0.5960 0.0016 -0.1480 0 0 0 0
0.6240 0.0019 -0.1493 0 30 0 0
0.6260 0.0021 -0.1590 0 30 0 0
0.6360 0.0026 -0.1621 0 30 0 0
0.6280 0.0035 -0.1579 0 30 0 0
0.6060 0.0039 -0.1581 0 30 0 0
0.6060 0.0039 -0.1581 0 30 0 0
0.6100 0.0039 -0.1537 0 30 0 0
0.6100 0.0039 -0.1537 0 30 0 0
0.6100 0.0039 -0.1537 0 30 0 0
0.6100 0.0039 -0.1537 0 30 0 0
0.6100 0.0039 -0.1537 0 30 0 0
0.6200 0.0037 -0.1520 0 30 0 0
0.6200 0.0037 -0.1520 0 0 0 0
0.6160 0.0074 -0.1384 0 30 0 0
0.6180 0.0070 -0.1409 0 30 0 0
0.6380 0.0061 -0.1360 0 30 0 0
0.6000 0.0054 -0.1389 0 30 0 0
0.6120 0.0050 -0.1382 0 30 0 0
0.6160 0.0053 -0.1359 0 30 0 0
0.6180 0.0058 -0.1367 0 30 0 0
0.6180 0.0058 -0.1367 0 30 0 0
0.6180 0.0058 -0.1367 0 30 0 0
0.6180 0.0058 -0.1367 0 30 0 0
0.6160 0.0067 -0.1358 0 30 0 0
0.6160 0.0067 -0.1358 0 30 0 0
0.6160 0.0067 -0.1358 0 30 0 0
0.6160 0.0067 -0.1358 0 30 0 0
0.6080 0.0073 -0.1357 0 0 0 0
0.6280 0.0085 -0.1354 0 30 0 0
0.6040 0.0082 -0.1339 0 30 0 0
0.6040 0.0082 -0.1339 0 30 0 0
0.6040 0.0074 -0.1345 0 30 0 0
0.5980 0.0068 -0.1333 0 30 0 0
0.5980 0.0068 -0.1333 0 30 0 0
0.6120 0.0065 -0.1346 0 30 0 0
0.6120 0.0065 -0.1346 0 30 0 0
0.6120 0.0065 -0.1346 0 30 0 0
0.6120 0.0065 -0.1346 0 30 0 0
0.6120 0.0065 -0.1346 0 30 0 0
0.6120 0.0065 -0.1346 0 30 0 0
0.6120 0.0065 -0.1373 0 30 0 0
0.6060 0.0065 -0.1373 0 30 0 0
0.6060 0.0065 -0.1373 0 30 0 0
0.6060 0.0065 -0.1373 0 30 0 0
0.6060 0.0065 -0.1373 0 30 0 0
0.6000 0.0070 -0.1376 0 30 0 0
0.6000 0.0070 -0.1376 0 30 0 0
0.6000 0.0070 -0.1376 0 30 0 0
0.6060 0.0081 -0.1386 0 30 0 0
0.6060 0.0081 -0.1386 0 30 0 0
0.6060 0.0081 -0.1386 0 0 0 0
0.6220 0.0105 -0.1363 0 30 0 0
0.6100 0.0097 -0.1344 0 30 0 0
0.6100 0.0097 -0.1344 0 30 0 0
0.6280 0.0086 -0.1324 0 30 0 0
0.6280 0.0086 -0.1324 0 30 0 0
0.6060 0.0074 -0.1321 0 30 0 0
0.6060 0.0074 -0.1321 0 30 0 0
0.6060 0.0074 -0.1321 0 30 0 0
0.6060 0.0074 -0.1321 0 30 0 0
0.6060 0.0074 -0.1321 0 30 0 0
0.6060 0.0074 -0.1321 0 30 0 0
0.6060 0.0065 -0.1308 0 30 0 0
0.6160 0.0065 -0.1308 0 30 0 0
0.6160 0.0065 -0.1308 0 30 0 0
0.6160 0.0065 -0.1308 0 30 0 0
0.6160 0.0065 -0.1308 0 30 0 0
0.6060 0.0064 -0.1292 0 30 0 0
0.6060 0.0067 -0.1296 0 30 0 0
0.6200 0.0067 -0.1296 0 30 0 0
0.6200 0.0067 -0.1296 0 30 0 0
0.6200 0.0067 -0.1296 0 30 0 0
0.6200 0.0067 -0.1296 0 30 0 0
0.6200 0.0067 -0.1296 0 30 0 0
0.6060 0.0073 -0.1286 0 30 0 0
0.6060 0.0073 -0.1286 0 30 0 0
0.6060 0.0073 -0.1286 0 30 0 0
0.6060 0.0073 -0.1286 0 30 0 0
0.6100 0.0076 -0.1309 0 30 0 0
0.6100 0.0076 -0.1309 0 30 0 0
0.6100 0.0076 -0.1309 0 30 0 0
0.6100 0.0076 -0.1317 0 30 0 0
0.5960 0.0076 -0.1317 0 30 0 0
0.5960 0.0076 -0.1317 0 30 0 0
0.5960 0.0076 -0.1317 0 30 0 0
0.5960 0.0076 -0.1317 0 30 0 0
0.5960 0.0076 -0.1317 0 30 0 0
0.5960 0.0076 -0.1317 0 30 0 0
0.6300 0.0077 -0.1342 0 30 0 0
0.6300 0.0077 -0.1342 0 30 0 0
0.6300 0.0077 -0.1342 0 30 0 0
0.6300 0.0077 -0.1342 0 30 0 0
0.6120 0.0078 -0.1326 0 30 0 0
0.6120 0.0078 -0.1326 0 30 0 0
0.6120 0.0078 -0.1326 0 30 0 0
0.6000 0.0079 -0.1332 0 30 0 0
0.6000 0.0079 -0.1332 0 30 0 0
0.6000 0.0079 -0.1332 0 30 0 0
0.6000 0.0079 -0.1332 0 30 0 0
0.6000 0.0079 -0.1332 0 30 0 0
0.6100 0.0077 -0.1324 0 30 0 0
0.6100 0.0077 -0.1324 0 30 0 0
0.6100 0.0077 -0.1324 0 30 0 0
0.6100 0.0077 -0.1324 0 30 0 0
0.5960 0.0077 -0.1334 0 30 0 0
0.5960 0.0077 -0.1334 0 30 0 0
0.5960 0.0077 -0.1334 0 30 0 0
0.6180 0.0077 -0.1341 0 30 0 0
0.6180 0.0077 -0.1341 0 30 0 0
0.6180 0.0077 -0.1341 0 30 0 0
0.6180 0.0077 -0.1341 0 30 0 0
0.6180 0.0077 -0.1341 0 30 0 0
0.6180 0.0079 -0.1321 0 30 0 0
0.6040 0.0079 -0.1321 0 30 0 0
0.6040 0.0079 -0.1321 0 0 0 0
0.6120 0.0077 -0.1323 0 30 0 0
0.6140 0.0081 -0.1329 0 30 0 0
0.5900 0.0080 -0.1340 0 30 0 0
0.6120 0.0079 -0.1334 0 30 0 0
0.6120 0.0079 -0.1334 0 30 0 0
0.6120 0.0079 -0.1334 0 30 0 0
0.6120 0.0079 -0.1334 0 30 0 0
0.6120 0.0079 -0.1334 0 30 0 0
0.6120 0.0079 -0.1334 0 30 0 0
0.6120 0.0079 -0.1334 0 30 0 0
0.6120 0.0079 -0.1334 0 30 0 0
0.6120 0.0079 -0.1334 0 30 0 0
0.6120 0.0079 -0.1334 0 30 0 0
0.6120 0.0079 -0.1334 0 30 0 0
0.6120 0.0079 -0.1334 0 30 0 0
0.5800 0.0082 -0.1341 0 30 0 0
0.5820 0.0087 -0.1391 0 30 0 0
0.5840 0.0089 -0.1379 0 30 0 0
0.5960 0.0089 -0.1466 0 0 0 0
0.5880 0.0087 -0.1479 0 30 0 0
0.6020 0.0086 -0.1561 0 30 0 0
0.5840 0.0087 -0.1582 0 30 0 0
0.5940 0.0089 -0.1614 0 30 0 0
0.5960 0.0090 -0.1603 0 30 0 0
0.5960 0.0090 -0.1603 0 30 0 0
0.5960 0.0090 -0.1603 0 30 0 0
0.5960 0.0090 -0.1603 0 30 0 0
0.5800 0.0088 -0.1609 0 30 0 0
0.5800 0.0088 -0.1609 0 30 0 0
0.5800 0.0088 -0.1609 0 30 0 0
0.5800 0.0085 -0.1610 0 30 0 0
0.6000 0.0085 -0.1610 0 30 0 0
0.6000 0.0085 -0.1610 0 30 0 0
0.6000 0.0085 -0.1610 0 30 0 0
0.6000 0.0085 -0.1610 0 30 0 0
0.5960 0.0083 -0.1605 0 30 0 0
0.5960 0.0083 -0.1605 0 30 0 0
0.5960 0.0083 -0.1605 0 30 0 0
0.5960 0.0083 -0.1605 0 30 0 0
0.5960 0.0083 -0.1605 0 30 0 0
0.5960 0.0083 -0.1605 0 30 0 0
0.5960 0.0083 -0.1605 0 0 0 0
0.5940 0.0084 -0.1600 0 30 0 0
0.6060 0.0090 -0.1573 0 30 0 0
0.5960 0.0096 -0.1583 0 30 0 0
0.5940 0.0102 -0.1567 0 30 0 0
0.5960 0.0104 -0.1554 0 30 0 0
0.5980 0.0104 -0.1536 0 30 0 0
0.5980 0.0104 -0.1536 0 30 0 0
0.5980 0.0104 -0.1536 0 30 0 0
0.5980 0.0104 -0.1536 0 30 0 0
0.5980 0.0104 -0.1536 0 30 0 0
0.5980 0.0104 -0.1536 0 30 0 0
0.5980 0.0104 -0.1536 0 30 0 0
0.5980 0.0104 -0.1536 0 30 0 0
0.5980 0.0104 -0.1536 0 30 0 0
0.5980 0.0104 -0.1536 0 30 0 0
0.5980 0.0104 -0.1536 0 30 0 0
0.5900 0.0100 -0.1553 0 30 0 0
0.5900 0.0100 -0.1553 0 30 0 0
0.6080 0.0099 -0.1553 0 30 0 0
0.6020 0.0100 -0.1555 0 30 0 0
0.6020 0.0100 -0.1555 0 30 0 0
0.6020 0.0104 -0.1574 0 30 0 0
0.6020 0.0104 -0.1574 0 30 0 0
0.6020 0.0104 -0.1574 0 30 0 0
0.5940 0.0109 -0.1606 0 30 0 0
0.5940 0.0109 -0.1606 0 30 0 0
0.5940 0.0109 -0.1606 0 30 0 0
0.5940 0.0109 -0.1606 0 30 0 0
0.5940 0.0109 -0.1606 0 30 0 0
0.6140 0.0112 -0.1591 0 30 0 0
0.6140 0.0112 -0.1591 0 30 0 0
0.6140 0.0112 -0.1591 0 30 0 0
0.6140 0.0112 -0.1591 0 0 0 0
0.6140 0.0096 -0.1552 0 30 0 0
0.6140 0.0096 -0.1552 0 30 0 0
0.5840 0.0092 -0.1571 0 30 0 0
0.6060 0.0086 -0.1536 0 30 0 0
0.6020 0.0082 -0.1523 0 30 0 0
0.6020 0.0082 -0.1523 0 30 0 0
0.6020 0.0082 -0.1523 0 30 0 0
0.6020 0.0082 -0.1523 0 30 0 0
0.6020 0.0082 -0.1523 0 30 0 0
0.6020 0.0082 -0.1523 0 30 0 0
0.6020 0.0082 -0.1523 0 30 0 0
0.6120 0.0079 -0.1490 0 30 0 0
0.6100 0.0074 -0.1466 0 30 0 0
0.6060 0.0073 -0.1447 0 30 0 0
0.6080 0.0073 -0.1496 0 30 0 0
0.6080 0.0074 -0.1509 0 30 0 0
0.6180 0.0074 -0.1509 0 30 0 0
0.6180 0.0074 -0.1509 0 30 0 0
0.6060 0.0077 -0.1565 0 30 0 0
0.6060 0.0077 -0.1565 0 30 0 0
0.6060 0.0077 -0.1565 0 30 0 0
0.6060 0.0077 -0.1565 0 30 0 0
0.6080 0.0082 -0.1609 0 30 0 0
0.6080 0.0082 -0.1609 0 30 0 0
0.6080 0.0082 -0.1609 0 30 0 0
0.6080 0.0082 -0.1609 0 30 0 0
0.5940 0.0090 -0.1600 0 30 0 0
0.5940 0.0090 -0.1600 0 30 0 0
0.5940 0.0090 -0.1600 0 30 0 0
0.5940 0.0090 -0.1600 0 30 0 0
0.5940 0.0090 -0.1600 0 30 0 0
0.5940 0.0093 -0.1595 0 30 0 0
0.5960 0.0093 -0.1595 0 30 0 0
0.5960 0.0093 -0.1595 0 30 0 0
0.5960 0.0093 -0.1595 0 30 0 0
0.5960 0.0093 -0.1595 0 30 0 0
0.6040 0.0094 -0.1630 0 30 0 0
0.6040 0.0094 -0.1630 0 30 0 0
0.6040 0.0094 -0.1614 0 30 0 0
0.6140 0.0094 -0.1614 0 30 0 0
0.6140 0.0094 -0.1614 0 30 0 0
0.6140 0.0094 -0.1614 0 30 0 0
0.6140 0.0094 -0.1614 0 30 0 0
0.5940 0.0094 -0.1622 0 30 0 0
0.5940 0.0094 -0.1622 0 30 0 0
0.5940 0.0094 -0.1622 0 30 0 0
0.5940 0.0094 -0.1622 0 30 0 0
0.5940 0.0094 -0.1622 0 30 0 0
0.5940 0.0094 -0.1622 0 30 0 0
0.6020 0.0095 -0.1622 0 30 0 0
0.6020 0.0095 -0.1622 0 30 0 0
0.6020 0.0096 -0.1635 0 30 0 0
0.6020 0.0096 -0.1635 0 30 0 0
0.6020 0.0096 -0.1635 0 30 0 0
0.6020 0.0096 -0.1635 0 30 0 0
0.6020 0.0096 -0.1635 0 30 0 0
0.6020 0.0096 -0.1635 0 30 0 0
0.6020 0.0096 -0.1635 0 30 0 0
0.6020 0.0096 -0.1635 0 30 0 0
0.6020 0.0096 -0.1635 0 30 0 0
0.6020 0.0096 -0.1635 0 0 0 0
0.6180 0.0061 -0.1516 0 30 0 0
0.6100 0.0059 -0.1515 0 30 0 0
0.6300 0.0058 -0.1551 0 30 0 0
0.6240 0.0056 -0.1560 0 30 0 0
0.6060 0.0056 -0.1541 0 30 0 0
0.6060 0.0056 -0.1541 0 30 0 0
0.6140 0.0058 -0.1521 0 30 0 0
0.6140 0.0058 -0.1521 0 30 0 0
0.6140 0.0058 -0.1521 0 30 0 0
0.6100 0.0063 -0.1501 0 30 0 0
0.6100 0.0063 -0.1501 0 30 0 0
0.6100 0.0063 -0.1501 0 30 0 0
0.6100 0.0063 -0.1501 0 30 0 0
0.6040 0.0069 -0.1479 0 30 0 0
0.6040 0.0069 -0.1479 0 30 0 0
0.6040 0.0069 -0.1479 0 30 0 0
0.6040 0.0069 -0.1479 0 30 0 0
0.6040 0.0069 -0.1479 0 30 0 0
0.6040 0.0069 -0.1479 0 30 0 0
0.6160 0.0074 -0.1465 0 30 0 0
0.6160 0.0074 -0.1465 0 30 0 0
0.6160 0.0078 -0.1467 0 30 0 0
0.6000 0.0078 -0.1467 0 30 0 0
0.6000 0.0078 -0.1467 0 30 0 0
0.6000 0.0078 -0.1467 0 30 0 0
0.6000 0.0078 -0.1467 0 30 0 0
0.6120 0.0084 -0.1455 0 30 0 0
0.6120 0.0084 -0.1455 0 30 0 0
0.6120 0.0084 -0.1455 0 30 0 0
0.6120 0.0084 -0.1455 0 30 0 0
0.6120 0.0084 -0.1455 0 30 0 0
0.6120 0.0084 -0.1455 0 30 0 0
0.5960 0.0093 -0.1459 0 30 0 0
0.5960 0.0093 -0.1459 0 30 0 0
0.5960 0.0093 -0.1459 0 30 0 0
0.6020 0.0095 -0.1461 0 30 0 0
0.6020 0.0095 -0.1461 0 30 0 0
0.6020 0.0095 -0.1461 0 30 0 0
0.6020 0.0095 -0.1461 0 30 0 0
0.6060 0.0095 -0.1447 0 30 0 0
0.6060 0.0095 -0.1447 0 30 0 0
0.6060 0.0095 -0.1447 0 30 0 0
0.6060 0.0095 -0.1447 0 30 0 0
0.6060 0.0095 -0.1447 0 30 0 0
0.5820 0.0091 -0.1431 0 30 0 0
0.5820 0.0091 -0.1431 0 30 0 0
0.5820 0.0091 -0.1431 0 30 0 0
0.6080 0.0089 -0.1433 0 30 0 0
0.6080 0.0089 -0.1433 0 30 0 0
0.6080 0.0089 -0.1433 0 30 0 0
0.6080 0.0089 -0.1433 0 30 0 0
0.6040 0.0086 -0.1441 0 30 0 0
0.6040 0.0086 -0.1441 0 30 0 0
0.6040 0.0086 -0.1441 0 30 0 0
0.6040 0.0086 -0.1441 0 30 0 0
0.6040 0.0086 -0.1441 0 30 0 0
0.6040 0.0086 -0.1441 0 0 0 0
0.6100 0.0075 -0.1479 0 30 0 0
0.6240 0.0075 -0.1479 0 30 0 0
0.6340 0.0077 -0.1487 0 30 0 0
0.6280 0.0078 -0.1466 0 30 0 0
0.5900 0.0078 -0.1462 0 30 0 0
0.6100 0.0079 -0.1440 0 30 0 0
0.6280 0.0082 -0.1434 0 30 0 0
0.6180 0.0083 -0.1434 0 30 0 0
0.6180 0.0083 -0.1434 0 30 0 0
0.6120 0.0084 -0.1425 0 30 0 0
0.6120 0.0084 -0.1425 0 30 0 0
0.6120 0.0084 -0.1425 0 30 0 0
0.6120 0.0084 -0.1425 0 30 0 0
0.6120 0.0084 -0.1425 0 30 0 0
0.6220 0.0081 -0.1421 0 30 0 0
0.6220 0.0081 -0.1421 0 30 0 0
0.6220 0.0081 -0.1421 0 30 0 0
0.6220 0.0081 -0.1421 0 30 0 0
0.6220 0.0081 -0.1421 0 30 0 0
0.6160 0.0080 -0.1420 0 30 0 0
0.6160 0.0080 -0.1420 0 0 0 0
0.6200 0.0081 -0.1435 0 30 0 0
0.6040 0.0082 -0.1475 0 30 0 0
0.6080 0.0084 -0.1492 0 30 0 0
0.6080 0.0084 -0.1492 0 30 0 0
0.5960 0.0086 -0.1491 0 30 0 0
0.5960 0.0086 -0.1491 0 30 0 0
0.5960 0.0086 -0.1491 0 30 0 0
0.5960 0.0086 -0.1491 0 30 0 0
0.5960 0.0086 -0.1491 0 30 0 0
0.5960 0.0086 -0.1491 0 30 0 0
0.6200 0.0088 -0.1469 0 30 0 0
0.6200 0.0088 -0.1469 0 30 0 0
0.6200 0.0088 -0.1469 0 30 0 0
0.6200 0.0088 -0.1469 0 30 0 0
0.6200 0.0088 -0.1469 0 30 0 0
0.6260 0.0088 -0.1487 0 30 0 0
0.6260 0.0088 -0.1487 0 30 0 0
0.6260 0.0088 -0.1487 0 30 0 0
0.6100 0.0088 -0.1531 0 30 0 0
0.6100 0.0088 -0.1531 0 30 0 0
0.6100 0.0088 -0.1531 0 30 0 0
0.6100 0.0088 -0.1531 0 30 0 0
0.6100 0.0088 -0.1531 0 30 0 0
0.6280 0.0090 -0.1490 0 30 0 0
0.6280 0.0090 -0.1490 0 30 0 0
0.6280 0.0090 -0.1490 0 30 0 0
0.6280 0.0090 -0.1490 0 30 0 0
0.6160 0.0093 -0.1476 0 30 0 0
0.6160 0.0093 -0.1476 0 30 0 0
0.6160 0.0093 -0.1476 0 30 0 0
0.6120 0.0094 -0.1438 0 30 0 0
0.6120 0.0094 -0.1438 0 30 0 0
0.6120 0.0094 -0.1438 0 30 0 0
0.6120 0.0094 -0.1438 0 30 0 0
0.6120 0.0094 -0.1438 0 30 0 0
0.6120 0.0096 -0.1461 0 30 0 0
0.6120 0.0096 -0.1461 0 0 0 0
0.6120 0.0095 -0.1444 0 30 0 0
0.6280 0.0097 -0.1408 0 30 0 0
0.6080 0.0097 -0.1434 0 30 0 0
0.5980 0.0098 -0.1437 0 30 0 0
0.6080 0.0097 -0.1413 0 30 0 0
0.6080 0.0097 -0.1413 0 30 0 0
0.6080 0.0091 -0.1431 0 30 0 0
0.6060 0.0091 -0.1431 0 30 0 0
0.6060 0.0091 -0.1431 0 30 0 0
0.6060 0.0091 -0.1431 0 30 0 0
0.6060 0.0091 -0.1431 0 30 0 0
0.5900 0.0083 -0.1466 0 30 0 0
0.5900 0.0083 -0.1466 0 30 0 0
0.6060 0.0076 -0.1426 0 30 0 0
0.6060 0.0076 -0.1426 0 30 0 0
0.6060 0.0076 -0.1426 0 30 0 0
0.6060 0.0076 -0.1426 0 30 0 0
0.6060 0.0076 -0.1426 0 30 0 0
0.6060 0.0076 -0.1426 0 30 0 0
0.6200 0.0073 -0.1404 0 30 0 0
0.6200 0.0073 -0.1404 0 30 0 0
0.6200 0.0073 -0.1404 0 30 0 0
0.6200 0.0073 -0.1404 0 30 0 0
0.6200 0.0073 -0.1404 0 30 0 0
0.6140 0.0075 -0.1439 0 30 0 0
0.6140 0.0075 -0.1439 0 30 0 0
0.6140 0.0081 -0.1422 0 30 0 0
0.6300 0.0081 -0.1422 0 30 0 0
0.6300 0.0081 -0.1422 0 30 0 0
0.6300 0.0081 -0.1422 0 30 0 0
0.6300 0.0081 -0.1422 0 30 0 0
0.6300 0.0081 -0.1422 0 30 0 0
0.6300 0.0081 -0.1422 0 30 0 0
0.6140 0.0093 -0.1436 0 30 0 0
0.6140 0.0093 -0.1436 0 30 0 0
0.6140 0.0093 -0.1436 0 30 0 0
0.6140 0.0093 -0.1436 0 30 0 0
0.6140 0.0093 -0.1436 0 30 0 0
0.6300 0.0101 -0.1449 0 30 0 0
0.6300 0.0105 -0.1459 0 30 0 0
0.6300 0.0105 -0.1459 0 30 0 0
0.6300 0.0105 -0.1459 0 30 0 0
0.6300 0.0105 -0.1459 0 30 0 0
0.6300 0.0105 -0.1459 0 30 0 0
0.6300 0.0105 -0.1459 0 30 0 0
0.6300 0.0105 -0.1459 0 30 0 0
0.6260 0.0109 -0.1435 0 30 0 0
0.6260 0.0109 -0.1435 0 30 0 0
0.6260 0.0109 -0.1435 0 30 0 0
0.6260 0.0109 -0.1435 0 30 0 0
0.6260 0.0109 -0.1435 0 30 0 0
0.6200 0.0110 -0.1449 0 30 0 0
0.6220 0.0108 -0.1447 0 30 0 0
0.6220 0.0108 -0.1447 0 30 0 0
0.6220 0.0108 -0.1447 0 30 0 0
0.6220 0.0108 -0.1447 0 30 0 0
0.6220 0.0108 -0.1447 0 30 0 0
0.6220 0.0108 -0.1447 0 30 0 0
0.6260 0.0105 -0.1444 0 30 0 0
0.6260 0.0105 -0.1444 0 30 0 0
0.6260 0.0105 -0.1444 0 30 0 0
0.6260 0.0105 -0.1444 0 30 0 0
0.6160 0.0104 -0.1448 0 30 0 0
0.6160 0.0104 -0.1448 0 30 0 0
0.6160 0.0104 -0.1448 0 30 0 0
0.6160 0.0104 -0.1448 0 30 0 0
0.6080 0.0104 -0.1472 0 30 0 0
0.6080 0.0104 -0.1472 0 30 0 0
0.6080 0.0104 -0.1472 0 30 0 0
0.6080 0.0104 -0.1472 0 30 0 0
0.6160 0.0104 -0.1459 0 30 0 0
0.6160 0.0104 -0.1459 0 30 0 0
0.6160 0.0104 -0.1459 0 30 0 0
0.6160 0.0104 -0.1459 0 30 0 0
0.6160 0.0104 -0.1459 0 30 0 0
0.6160 0.0104 -0.1459 0 30 0 0
0.6060 0.0103 -0.1456 0 30 0 0
0.6060 0.0103 -0.1456 0 30 0 0
0.6060 0.0103 -0.1456 0 30 0 0
0.6240 0.0102 -0.1438 0 30 0 0
0.6240 0.0102 -0.1438 0 30 0 0
0.6240 0.0102 -0.1438 0 30 0 0
0.6240 0.0102 -0.1438 0 30 0 0
0.6240 0.0102 -0.1438 0 30 0 0
0.5980 0.0103 -0.1421 0 30 0 0
0.5980 0.0103 -0.1421 0 30 0 0
0.5980 0.0103 -0.1421 0 30 0 0
0.5980 0.0103 -0.1421 0 30 0 0
0.5980 0.0103 -0.1421 0 30 0 0
0.5980 0.0103 -0.1421 0 30 0 0
0.5980 0.0103 -0.1421 0 30 0 0
0.5980 0.0103 -0.1421 0 30 0 0
0.5980 0.0103 -0.1421 0 30 0 0
0.5980 0.0103 -0.1421 0 30 0 0
0.6120 0.0105 -0.1400 0 30 0 0
0.6120 0.0105 -0.1400 0 30 0 0
0.6120 0.0105 -0.1400 0 0 0 0
0.6480 0.0113 -0.1365 0 30 0 0
0.6380 0.0115 -0.1352 0 30 0 0
0.6440 0.0116 -0.1339 0 30 0 0
0.6260 0.0106 -0.1328 0 30 0 0
0.6460 0.0094 -0.1339 0 30 0 0
0.6140 0.0075 -0.1334 0 30 0 0
0.6400 0.0058 -0.1355 0 30 0 0
0.6400 0.0058 -0.1355 0 30 0 0
0.6400 0.0058 -0.1355 0 30 0 0
0.6400 0.0058 -0.1355 0 30 0 0
0.6360 0.0046 -0.1357 0 30 0 0
0.6360 0.0046 -0.1357 0 30 0 0
0.6360 0.0046 -0.1357 0 30 0 0
0.6360 0.0046 -0.1357 0 30 0 0
0.6260 0.0042 -0.1344 0 30 0 0
0.6260 0.0042 -0.1344 0 30 0 0
0.6260 0.0042 -0.1344 0 30 0 0
0.6260 0.0042 -0.1344 0 30 0 0
0.6220 0.0044 -0.1342 0 30 0 0
0.6220 0.0044 -0.1342 0 30 0 0
0.6220 0.0044 -0.1342 0 30 0 0
0.6220 0.0044 -0.1342 0 30 0 0
0.6220 0.0044 -0.1342 0 30 0 0
0.6220 0.0044 -0.1342 0 0 0 0
0.6220 0.0023 -0.1297 0 30 0 0
0.6360 0.0032 -0.1291 0 30 0 0
0.6400 0.0049 -0.1294 0 30 0 0
0.6360 0.0050 -0.1304 0 30 0 0
0.6360 0.0044 -0.1279 0 30 0 0
0.6180 0.0044 -0.1279 0 30 0 0
0.6320 0.0045 -0.1279 0 30 0 0
0.6500 0.0046 -0.1258 0 30 0 0
0.6500 0.0046 -0.1258 0 30 0 0
0.6500 0.0046 -0.1258 0 30 0 0
0.6160 0.0048 -0.1255 0 30 0 0
0.6160 0.0048 -0.1255 0 30 0 0
0.6160 0.0048 -0.1255 0 30 0 0
0.6160 0.0048 -0.1255 0 30 0 0
0.6160 0.0048 -0.1255 0 30 0 0
0.6260 0.0051 -0.1251 0 30 0 0
0.6260 0.0051 -0.1251 0 30 0 0
0.6260 0.0051 -0.1251 0 30 0 0
0.6260 0.0051 -0.1251 0 30 0 0
0.6000 0.0055 -0.1256 0 30 0 0
0.6000 0.0055 -0.1256 0 0 0 0
0.6100 0.0079 -0.1175 0 30 0 0
0.6320 0.0071 -0.1182 0 30 0 0
0.6320 0.0071 -0.1182 0 30 0 0
0.6060 0.0064 -0.1183 0 30 0 0
0.6460 0.0063 -0.1197 0 30 0 0
0.6440 0.0063 -0.1196 0 30 0 0
0.6240 0.0067 -0.1202 0 30 0 0
0.6160 0.0069 -0.1208 0 30 0 0
0.6160 0.0069 -0.1208 0 30 0 0
0.6160 0.0069 -0.1208 0 30 0 0
0.6220 0.0068 -0.1212 0 30 0 0
0.6220 0.0068 -0.1212 0 30 0 0
0.6220 0.0068 -0.1212 0 30 0 0
0.6220 0.0068 -0.1212 0 30 0 0
0.6220 0.0068 -0.1212 0 30 0 0
0.6220 0.0065 -0.1218 0 0 0 0
