0.5540 0.0137 -0.1172 0 0 0 30
0.5480 0.0137 -0.1172 0 0 0 30
0.5440 0.0132 -0.1167 0 0 0 30
0.5500 0.0128 -0.1178 0 0 0 30
0.5280 0.0130 -0.1172 0 0 0 30
0.5200 0.0140 -0.1155 0 0 0 30
0.5200 0.0141 -0.1184 0 0 0 30
0.5080 0.0141 -0.1181 0 0 0 30
0.5080 0.0141 -0.1181 0 0 0 0
0.5200 0.0145 -0.1149 0 0 0 30
0.5180 0.0144 -0.1139 0 0 0 30
0.5520 0.0143 -0.1158 0 0 0 0
0.5440 0.0133 -0.1174 0 0 0 30
0.5500 0.0130 -0.1141 0 0 0 30
0.5280 0.0131 -0.1143 0 0 0 30
0.5280 0.0131 -0.1143 0 0 0 30
0.5200 0.0132 -0.1063 0 0 0 0
0.5260 0.0136 -0.1029 0 0 0 30
0.5560 0.0137 -0.0985 0 0 0 30
0.5460 0.0136 -0.0985 0 0 0 30
0.5460 0.0136 -0.0985 0 0 0 30
0.5340 0.0139 -0.0947 0 0 0 30
0.5340 0.0139 -0.0947 0 0 0 30
0.5340 0.0139 -0.0947 0 0 0 0
0.5340 0.0148 -0.0928 0 0 0 30
0.5420 0.0154 -0.0877 0 0 0 30
0.5320 0.0159 -0.0883 0 0 0 30
0.5320 0.0159 -0.0883 0 0 0 30
0.5320 0.0159 -0.0883 0 0 0 30
0.5320 0.0159 -0.0883 0 0 0 0
0.5240 0.0162 -0.0816 0 0 0 30
0.5480 0.0166 -0.0809 0 0 0 30
0.5400 0.0164 -0.0766 0 0 0 30
0.5680 0.0160 -0.0756 0 0 0 30
0.5680 0.0156 -0.0671 0 0 0 30
0.5420 0.0156 -0.0671 0 0 0 30
0.5420 0.0156 -0.0671 0 0 0 0
0.5580 0.0136 -0.0524 0 0 0 30
0.5660 0.0133 -0.0561 0 0 0 30
0.5580 0.0127 -0.0599 0 0 0 0
0.5520 0.0133 -0.0639 0 0 0 30
0.5640 0.0131 -0.0582 0 0 0 30
0.5680 0.0131 -0.0560 0 0 0 30
0.5720 0.0128 -0.0621 0 0 0 30
0.5720 0.0129 -0.0618 0 0 0 0
0.5500 0.0139 -0.0645 0 0 0 30
0.5660 0.0142 -0.0614 0 0 0 30
0.5780 0.0143 -0.0645 0 0 0 30
0.5800 0.0143 -0.0635 0 0 0 0
0.5580 0.0139 -0.0647 0 0 0 30
0.5720 0.0134 -0.0648 0 0 0 30
0.5600 0.0130 -0.0660 0 0 0 30
0.5600 0.0127 -0.0635 0 0 0 0
0.5540 0.0131 -0.0659 0 0 0 30
0.5640 0.0131 -0.0664 0 0 0 30
0.5480 0.0129 -0.0685 0 0 0 30
0.5340 0.0130 -0.0679 0 0 0 30
0.5620 0.0132 -0.0681 0 0 0 30
0.5700 0.0130 -0.0675 0 0 0 0
0.5360 0.0135 -0.0699 0 0 0 30
0.5540 0.0133 -0.0697 0 0 0 30
0.5540 0.0133 -0.0697 0 0 0 30
0.5460 0.0131 -0.0675 0 0 0 30
0.5460 0.0131 -0.0668 0 0 0 30
0.5460 0.0126 -0.0648 0 0 0 30
0.5460 0.0126 -0.0648 0 0 0 0
0.5540 0.0122 -0.0551 0 0 0 30
0.5540 0.0122 -0.0467 0 0 0 30
0.5660 0.0122 -0.0467 0 0 0 30
0.5660 0.0122 -0.0467 0 0 0 30
0.5660 0.0122 -0.0467 0 0 0 30
0.5660 0.0122 -0.0467 0 0 0 0
0.5540 0.0122 -0.0333 0 0 0 30
0.5380 0.0121 -0.0347 0 0 0 30
0.5520 0.0121 -0.0312 0 0 0 30
0.5740 0.0121 -0.0311 0 0 0 30
0.5460 0.0123 -0.0268 0 0 0 0
0.5220 0.0125 -0.0230 0 0 0 30
0.5540 0.0129 -0.0205 0 0 0 30
0.5580 0.0129 -0.0208 0 0 0 30
0.5600 0.0128 -0.0187 0 0 0 30
0.5600 0.0128 -0.0187 0 0 0 0
0.5220 0.0129 -0.0199 0 0 0 30
0.5480 0.0129 -0.0218 0 0 0 30
0.5420 0.0130 -0.0232 0 0 0 30
0.5360 0.0131 -0.0227 0 0 0 0
0.5680 0.0120 -0.0174 0 0 0 30
0.5660 0.0121 -0.0177 0 0 0 0
0.5460 0.0131 -0.0230 0 0 0 30
0.5540 0.0130 -0.0223 0 0 0 30
0.5540 0.0127 -0.0207 0 0 0 30
0.5580 0.0125 -0.0198 0 0 0 0
0.5500 0.0126 -0.0164 0 0 0 30
0.5700 0.0127 -0.0172 0 0 0 30
0.5600 0.0130 -0.0161 0 0 0 0
0.5600 0.0132 -0.0386 0 0 0 30
0.5460 0.0129 -0.0437 0 0 0 30
0.5640 0.0127 -0.0449 0 0 0 30
0.5580 0.0124 -0.0485 0 0 0 30
0.5580 0.0124 -0.0485 0 0 0 30
0.5520 0.0125 -0.0480 0 0 0 30
0.5460 0.0120 -0.0515 0 0 0 0
0.5420 0.0122 -0.0531 0 0 0 30
0.5460 0.0122 -0.0531 0 0 0 30
0.5440 0.0122 -0.0520 0 0 0 30
0.5400 0.0122 -0.0520 0 0 0 30
0.5480 0.0125 -0.0510 0 0 0 30
0.5500 0.0129 -0.0507 0 0 0 30
0.5500 0.0129 -0.0507 0 0 0 0
0.5720 0.0135 -0.0217 0 0 -30 0
0.5540 0.0135 -0.0217 0 0 -30 0
0.5540 0.0139 -0.0200 0 0 -30 0
0.5740 0.0144 -0.0224 0 0 -30 0
0.5700 0.0149 -0.0210 0 0 -30 0
0.5700 0.0151 -0.0245 0 0 -30 0
0.5700 0.0151 -0.0245 0 0 -30 0
0.5700 0.0151 -0.0245 0 0 -30 0
0.5700 0.0151 -0.0245 0 0 -30 0
0.5700 0.0150 -0.0244 0 0 -30 0
0.5500 0.0150 -0.0244 0 0 -30 0
0.5560 0.0150 -0.0250 0 0 -30 0
0.5660 0.0148 -0.0275 0 0 0 0
0.5580 0.0160 -0.0230 0 0 -30 0
0.5580 0.0160 -0.0230 0 0 -30 0
0.5760 0.0164 -0.0202 0 0 -30 0
0.5840 0.0167 -0.0136 0 0 -30 0
0.5640 0.0172 -0.0068 0 0 -30 0
0.5640 0.0174 -0.0042 0 0 -30 0
0.5660 0.0174 -0.0042 0 0 0 0
0.5580 0.0168 -0.0038 0 0 30 0
0.5500 0.0169 -0.0043 0 0 30 0
0.5700 0.0173 -0.0086 0 0 30 0
0.5520 0.0179 -0.0101 0 0 30 0
0.5700 0.0187 -0.0122 0 0 0 0
0.5660 0.0189 -0.0185 0 0 30 0
0.5440 0.0183 -0.0181 0 0 30 0
0.5620 0.0178 -0.0204 0 0 30 0
0.5560 0.0177 -0.0198 0 0 30 0
0.5560 0.0177 -0.0198 0 0 30 0
0.5560 0.0177 -0.0198 0 0 30 0
0.5560 0.0177 -0.0198 0 0 30 0
0.5560 0.0177 -0.0198 0 0 30 0
0.5560 0.0177 -0.0198 0 0 30 0
0.5560 0.0177 -0.0198 0 0 0 0
0.5720 0.0181 -0.0238 0 0 30 0
0.5660 0.0185 -0.0233 0 0 30 0
0.5660 0.0186 -0.0238 0 0 30 0
0.5660 0.0186 -0.0238 0 0 30 0
0.5660 0.0186 -0.0238 0 0 30 0
0.5460 0.0187 -0.0244 0 0 30 0
0.5460 0.0187 -0.0244 0 0 30 0
0.5460 0.0187 -0.0244 0 0 0 0
0.5300 0.0187 -0.0282 0 0 30 0
0.5340 0.0183 -0.0316 0 0 30 0
0.5440 0.0181 -0.0318 0 0 30 0
0.5420 0.0178 -0.0344 0 0 0 0
0.5600 0.0163 -0.0369 0 0 30 0
0.5740 0.0157 -0.0407 0 0 30 0
0.5340 0.0154 -0.0408 0 0 30 0
0.5560 0.0152 -0.0404 0 0 30 0
0.5560 0.0152 -0.0404 0 0 30 0
0.5560 0.0152 -0.0404 0 0 0 0
0.5600 0.0140 -0.0399 0 0 30 0
0.5480 0.0129 -0.0387 0 0 30 0
0.5520 0.0129 -0.0387 0 0 30 0
0.5480 0.0127 -0.0381 0 0 0 0
0.5160 0.0102 -0.0369 0 0 30 0
0.5360 0.0100 -0.0367 0 0 30 0
0.5460 0.0097 -0.0368 0 0 30 0
0.5580 0.0094 -0.0367 0 0 30 0
0.5580 0.0094 -0.0367 0 0 30 0
0.5520 0.0091 -0.0378 0 0 30 0
0.5520 0.0091 -0.0378 0 0 30 0
0.5520 0.0093 -0.0380 0 0 0 0
0.5460 0.0091 -0.3626 0 0 30 0
0.5620 0.0089 -0.3641 0 0 30 0
0.5620 0.0088 -0.3651 0 0 30 0
0.5460 0.0088 -0.3651 0 0 0 0
0.5180 0.0122 -0.0403 0 0 0 30
0.5340 0.0122 -0.0384 0 0 0 30
0.5400 0.0115 -0.0393 0 0 0 30
0.5360 0.0115 -0.0393 0 0 0 30
0.5360 0.0112 -0.0403 0 0 0 30
0.5340 0.0104 -0.0388 0 0 0 30
0.5380 0.0098 -0.0373 0 0 0 0
0.5260 0.0073 -0.0391 0 0 0 30
0.5440 0.0073 -0.0391 0 0 0 30
0.5460 0.0069 -0.0408 0 0 0 30
0.5440 0.0068 -0.0384 0 0 0 30
0.5360 0.0067 -0.0374 0 0 0 0
0.5460 0.0065 -0.0305 0 0 0 30
0.5560 0.0065 -0.0305 0 0 0 30
0.5480 0.0074 -0.0335 0 0 0 30
0.5500 0.0082 -0.0271 0 0 0 30
0.5360 0.0085 -0.0305 0 0 0 30
0.5360 0.0085 -0.0305 0 0 0 30
0.5360 0.0085 -0.0305 0 0 0 0
0.5180 0.0084 -0.0303 0 0 0 30
0.5300 0.0085 -0.0288 0 0 0 30
0.5300 0.0090 -0.0268 0 0 0 30
0.5400 0.0097 -0.0265 0 0 0 0
0.5240 0.0072 -0.0037 0 0 0 30
0.5580 0.0064 -0.0072 0 0 0 30
0.5480 0.0059 -0.0097 0 0 0 30
0.5460 0.0067 -0.0095 0 0 0 30
0.5460 0.0067 -0.0095 0 0 0 30
0.5300 0.0076 -0.0094 0 0 0 30
0.5720 0.0081 -0.0114 0 0 0 0
0.5660 0.0088 -0.0376 0 0 0 30
0.5420 0.0091 -0.0490 0 0 0 30
0.5420 0.0091 -0.0490 0 0 0 30
0.5420 0.0091 -0.0490 0 0 0 30
0.5420 0.0091 -0.0490 0 0 0 30
0.5420 0.0091 -0.0490 0 0 0 30
0.5420 0.0091 -0.0490 0 0 0 0
0.5540 0.0099 -0.0500 0 0 0 30
0.5560 0.0090 -0.0479 0 0 0 30
0.5400 0.0070 -0.0532 0 0 0 30
0.5440 0.0059 -0.0507 0 0 0 30
0.5440 0.0059 -0.0507 0 0 0 30
0.5200 0.0059 -0.0537 0 0 0 30
0.5200 0.0059 -0.0537 0 0 0 30
0.5200 0.0059 -0.0537 0 0 0 30
0.5200 0.0059 -0.0537 0 0 0 0
0.5480 0.0062 -0.0516 0 0 0 30
0.5360 0.0062 -0.0516 0 0 0 30
0.5540 0.0059 -0.0509 0 0 0 30
0.5260 0.0059 -0.0469 0 0 0 0
0.5280 0.0060 -0.0418 0 0 0 30
0.5220 0.0056 -0.0388 0 0 0 30
0.5220 0.0056 -0.0388 0 0 0 30
0.5220 0.0056 -0.0388 0 0 0 30
0.5220 0.0056 -0.0388 0 0 0 0
0.5220 0.0056 -0.0361 0 0 0 30
0.5260 0.0060 -0.0322 0 0 0 30
0.5480 0.0060 -0.0322 0 0 0 30
0.5380 0.0062 -0.0295 0 0 0 30
0.5380 0.0065 -0.0284 0 0 0 30
0.5380 0.0065 -0.0284 0 0 0 30
0.5380 0.0065 -0.0284 0 0 0 0
0.5380 0.0081 -0.0212 0 30 0 0
0.5520 0.0087 -0.0206 0 30 0 0
0.5340 0.0092 -0.0176 0 30 0 0
0.5340 0.0092 -0.0176 0 30 0 0
0.5380 0.0088 -0.0163 0 30 0 0
0.5660 0.0084 -0.0153 0 30 0 0
0.5480 0.0082 -0.0119 0 30 0 0
0.5580 0.0080 -0.0083 0 30 0 0
0.5620 0.0078 -0.0060 0 30 0 0
0.5620 0.0078 -0.0060 0 30 0 0
0.5620 0.0073 -0.0038 0 30 0 0
0.5720 0.0073 -0.0038 0 30 0 0
0.5720 0.0073 -0.0038 0 30 0 0
0.5720 0.0073 -0.0038 0 30 0 0
0.5720 0.0073 -0.0038 0 30 0 0
0.5720 0.0073 -0.0038 0 30 0 0
0.5560 0.0066 -0.0070 0 30 0 0
0.5560 0.0066 -0.0070 0 30 0 0
0.5560 0.0066 -0.0070 0 30 0 0
0.5560 0.0064 -0.0056 0 30 0 0
0.5540 0.0064 -0.0056 0 30 0 0
0.5540 0.0064 -0.0056 0 30 0 0
0.5540 0.0064 -0.0056 0 30 0 0
0.5620 0.0065 -0.0037 0 30 0 0
0.5620 0.0065 -0.0037 0 30 0 0
0.5620 0.0065 -0.0037 0 30 0 0
0.5620 0.0065 -0.0037 0 30 0 0
0.5620 0.0065 -0.0037 0 30 0 0
0.5620 0.0065 -0.0037 0 30 0 0
0.5500 0.0071 -0.0029 0 30 0 0
0.5500 0.0071 -0.0029 0 30 0 0
0.5500 0.0071 -0.0029 0 30 0 0
0.5400 0.0077 -0.0045 0 30 0 0
0.5400 0.0077 -0.0045 0 30 0 0
0.5400 0.0077 -0.0045 0 30 0 0
0.5400 0.0077 -0.0045 0 30 0 0
0.5340 0.0078 -0.0050 0 30 0 0
0.5340 0.0078 -0.0050 0 30 0 0
0.5340 0.0078 -0.0050 0 30 0 0
0.5340 0.0078 -0.0050 0 30 0 0
0.5340 0.0078 -0.0050 0 30 0 0
0.5340 0.0078 -0.0050 0 30 0 0
0.5480 0.0078 -0.0086 0 30 0 0
0.5480 0.0078 -0.0086 0 30 0 0
0.5480 0.0078 -0.0086 0 30 0 0
0.5580 0.0077 -0.0104 0 30 0 0
0.5580 0.0077 -0.0104 0 30 0 0
0.5580 0.0077 -0.0104 0 30 0 0
0.5580 0.0077 -0.0104 0 30 0 0
0.5580 0.0075 -0.0139 0 30 0 0
0.5680 0.0075 -0.0139 0 30 0 0
0.5680 0.0075 -0.0139 0 30 0 0
0.5680 0.0075 -0.0139 0 30 0 0
0.5680 0.0075 -0.0139 0 30 0 0
0.5680 0.0075 -0.0139 0 30 0 0
0.5500 0.0075 -0.0146 0 30 0 0
0.5500 0.0075 -0.0146 0 30 0 0
0.5500 0.0075 -0.0146 0 30 0 0
0.5660 0.0077 -0.0191 0 30 0 0
0.5660 0.0077 -0.0191 0 30 0 0
0.5660 0.0077 -0.0191 0 30 0 0
0.5660 0.0077 -0.0191 0 30 0 0
0.5540 0.0078 -0.0186 0 30 0 0
0.5540 0.0078 -0.0186 0 30 0 0
0.5540 0.0078 -0.0186 0 30 0 0
0.5540 0.0078 -0.0186 0 30 0 0
0.5540 0.0078 -0.0186 0 30 0 0
0.5500 0.0077 -0.0207 0 30 0 0
0.5500 0.0077 -0.0207 0 30 0 0
0.5500 0.0077 -0.0207 0 30 0 0
0.5340 0.0075 -0.0196 0 30 0 0
0.5340 0.0075 -0.0196 0 30 0 0
0.5340 0.0075 -0.0196 0 30 0 0
0.5340 0.0075 -0.0196 0 30 0 0
0.5500 0.0073 -0.0207 0 30 0 0
0.5500 0.0073 -0.0207 0 30 0 0
0.5500 0.0073 -0.0207 0 30 0 0
0.5500 0.0073 -0.0207 0 30 0 0
0.5500 0.0073 -0.0207 0 30 0 0
0.5500 0.0073 -0.0207 0 30 0 0
0.5500 0.0073 -0.0207 0 30 0 0
0.5500 0.0073 -0.0207 0 30 0 0
0.5500 0.0073 -0.0207 0 30 0 0
0.5500 0.0073 -0.0207 0 30 0 0
0.5500 0.0073 -0.0207 0 30 0 0
0.5500 0.0073 -0.0207 0 30 0 0
0.5500 0.0073 -0.0207 0 30 0 0
0.5460 0.0073 -0.0203 0 30 0 0
0.5320 0.0074 -0.0220 0 30 0 0
0.5400 0.0075 -0.0237 0 30 0 0
0.5400 0.0075 -0.0237 0 30 0 0
0.5400 0.0075 -0.0237 0 30 0 0
0.5280 0.0074 -0.0248 0 30 0 0
0.5280 0.0074 -0.0248 0 30 0 0
0.5280 0.0074 -0.0248 0 30 0 0
0.5280 0.0074 -0.0248 0 30 0 0
0.5440 0.0072 -0.0261 0 30 0 0
0.5440 0.0072 -0.0261 0 30 0 0
0.5440 0.0072 -0.0261 0 30 0 0
0.5440 0.0072 -0.0261 0 30 0 0
0.5340 0.0068 -0.0255 0 30 0 0
0.5340 0.0068 -0.0255 0 30 0 0
0.5340 0.0068 -0.0255 0 30 0 0
0.5340 0.0068 -0.0255 0 30 0 0
0.5340 0.0068 -0.0255 0 30 0 0
0.5340 0.0066 -0.0282 0 30 0 0
0.5360 0.0066 -0.0282 0 30 0 0
0.5360 0.0066 -0.0282 0 30 0 0
0.5360 0.0066 -0.0290 0 30 0 0
0.5440 0.0066 -0.0290 0 30 0 0
0.5440 0.0066 -0.0290 0 30 0 0
0.5440 0.0066 -0.0271 0 30 0 0
0.5480 0.0066 -0.0271 0 30 0 0
0.5480 0.0066 -0.0271 0 30 0 0
0.5480 0.0066 -0.0271 0 30 0 0
0.5480 0.0066 -0.0271 0 30 0 0
0.5480 0.0066 -0.0271 0 30 0 0
0.5440 0.0067 -0.0271 0 30 0 0
0.5440 0.0067 -0.0271 0 30 0 0
0.5440 0.0067 -0.0271 0 30 0 0
0.5440 0.0070 -0.0233 0 30 0 0
0.5440 0.0070 -0.0233 0 30 0 0
0.5440 0.0070 -0.0233 0 30 0 0
0.5440 0.0071 -0.0217 0 30 0 0
0.5440 0.0071 -0.0217 0 30 0 0
0.5440 0.0071 -0.0217 0 30 0 0
0.5440 0.0071 -0.0217 0 30 0 0
0.5440 0.0071 -0.0217 0 30 0 0
0.5440 0.0071 -0.0217 0 30 0 0
0.5480 0.0074 -0.0198 0 30 0 0
0.5480 0.0074 -0.0198 0 30 0 0
0.5480 0.0074 -0.0198 0 30 0 0
0.5460 0.0074 -0.0218 0 30 0 0
0.5460 0.0074 -0.0218 0 30 0 0
0.5460 0.0074 -0.0218 0 30 0 0
0.5460 0.0074 -0.0218 0 30 0 0
0.5460 0.0074 -0.0218 0 30 0 0
0.5460 0.0074 -0.0218 0 30 0 0
0.5620 0.0074 -0.0194 0 0 0 0
0.5440 0.0084 -0.0151 0 30 0 0
0.5380 0.0078 -0.0148 0 30 0 0
0.5540 0.0074 -0.0120 0 30 0 0
0.5420 0.0072 -0.0118 0 30 0 0
0.5560 0.0072 -0.0117 0 30 0 0
0.5640 0.0075 -0.0128 0 30 0 0
0.5300 0.0077 -0.0137 0 30 0 0
0.5300 0.0077 -0.0137 0 30 0 0
0.5560 0.0075 -0.0118 0 30 0 0
0.5560 0.0075 -0.0118 0 30 0 0
0.5560 0.0075 -0.0118 0 30 0 0
0.5560 0.0075 -0.0118 0 30 0 0
0.5660 0.0072 -0.0108 0 30 0 0
0.5660 0.0072 -0.0108 0 30 0 0
0.5580 0.0069 -0.0103 0 30 0 0
0.5580 0.0069 -0.0103 0 30 0 0
0.5580 0.0069 -0.0103 0 30 0 0
0.5580 0.0069 -0.0103 0 30 0 0
0.5580 0.0069 -0.0103 0 30 0 0
0.5600 0.0067 -0.0130 0 30 0 0
0.5600 0.0067 -0.0130 0 30 0 0
0.5600 0.0067 -0.0130 0 30 0 0
0.5600 0.0067 -0.0130 0 30 0 0
0.5600 0.0067 -0.0130 0 30 0 0
0.5560 0.0065 -0.0144 0 30 0 0
0.5560 0.0065 -0.0144 0 30 0 0
0.5560 0.0065 -0.0144 0 30 0 0
0.5520 0.0065 -0.0130 0 30 0 0
0.5520 0.0065 -0.0130 0 30 0 0
0.5520 0.0065 -0.0130 0 30 0 0
0.5520 0.0065 -0.0130 0 30 0 0
0.5520 0.0065 -0.0130 0 30 0 0
0.5520 0.0065 -0.0130 0 30 0 0
0.5480 0.0068 -0.0112 0 30 0 0
0.5480 0.0068 -0.0112 0 30 0 0
0.5480 0.0068 -0.0112 0 30 0 0
0.5480 0.0068 -0.0112 0 30 0 0
0.5600 0.0069 -0.0089 0 30 0 0
0.5600 0.0069 -0.0089 0 30 0 0
0.5600 0.0069 -0.0089 0 30 0 0
0.5560 0.0068 -0.0079 0 30 0 0
0.5560 0.0068 -0.0079 0 30 0 0
0.5560 0.0068 -0.0079 0 30 0 0
0.5560 0.0068 -0.0079 0 30 0 0
0.5580 0.0067 -0.0105 0 30 0 0
0.5580 0.0067 -0.0105 0 30 0 0
0.5580 0.0067 -0.0105 0 30 0 0
0.5580 0.0067 -0.0105 0 30 0 0
0.5580 0.0067 -0.0105 0 30 0 0
0.5700 0.0066 -0.0116 0 30 0 0
0.5700 0.0066 -0.0116 0 30 0 0
0.5700 0.0066 -0.0116 0 30 0 0
0.5560 0.0065 -0.0103 0 30 0 0
0.5560 0.0065 -0.0103 0 30 0 0
0.5560 0.0065 -0.0103 0 30 0 0
0.5560 0.0065 -0.0103 0 30 0 0
0.5560 0.0065 -0.0103 0 30 0 0
0.5560 0.0065 -0.0103 0 30 0 0
0.5680 0.0064 -0.0094 0 30 0 0
0.5680 0.0064 -0.0094 0 30 0 0
0.5680 0.0064 -0.0094 0 30 0 0
0.5680 0.0064 -0.0094 0 30 0 0
0.5740 0.0059 -0.0091 0 30 0 0
0.5740 0.0059 -0.0091 0 30 0 0
0.5740 0.0059 -0.0091 0 30 0 0
0.5740 0.0059 -0.0091 0 30 0 0
0.5420 0.0057 -0.0101 0 30 0 0
0.5420 0.0057 -0.0101 0 30 0 0
0.5420 0.0057 -0.0101 0 30 0 0
0.5420 0.0057 -0.0101 0 30 0 0
0.5400 0.0057 -0.0105 0 30 0 0
0.5400 0.0057 -0.0105 0 30 0 0
0.5400 0.0057 -0.0105 0 30 0 0
0.5400 0.0057 -0.0105 0 30 0 0
0.5600 0.0059 -0.0131 0 30 0 0
0.5600 0.0059 -0.0131 0 30 0 0
0.5600 0.0059 -0.0131 0 30 0 0
0.5600 0.0059 -0.0131 0 30 0 0
0.5600 0.0059 -0.0131 0 30 0 0
0.5600 0.0059 -0.0131 0 30 0 0
0.5600 0.0059 -0.0131 0 30 0 0
0.5600 0.0059 -0.0131 0 30 0 0
0.5600 0.0059 -0.0131 0 30 0 0
0.5600 0.0059 -0.0131 0 30 0 0
0.5600 0.0059 -0.0131 0 30 0 0
0.5620 0.0059 -0.0122 0 30 0 0
0.5620 0.0058 -0.0128 0 30 0 0
0.5380 0.0058 -0.0128 0 30 0 0
0.5520 0.0058 -0.0065 0 30 0 0
0.5640 0.0057 -0.0063 0 30 0 0
0.5640 0.0057 -0.0063 0 30 0 0
0.5640 0.0057 -0.0063 0 30 0 0
0.5640 0.0057 -0.0063 0 30 0 0
0.5640 0.0057 -0.0063 0 30 0 0
0.5640 0.0057 -0.0063 0 30 0 0
0.5540 0.0055 -0.0043 0 30 0 0
0.5540 0.0055 -0.0043 0 30 0 0
0.5540 0.0055 -0.0043 0 30 0 0
0.5540 0.0055 -0.0043 0 30 0 0
0.5540 0.0055 -0.0043 0 30 0 0
0.5680 0.0055 -0.0055 0 30 0 0
0.5680 0.0055 -0.0055 0 30 0 0
0.5680 0.0055 -0.0055 0 30 0 0
0.5520 0.0056 -0.0050 0 30 0 0
0.5520 0.0056 -0.0050 0 30 0 0
0.5520 0.0056 -0.0050 0 30 0 0
0.5520 0.0056 -0.0050 0 30 0 0
0.5520 0.0056 -0.0050 0 30 0 0
0.5520 0.0056 -0.0050 0 30 0 0
0.5660 0.0058 -0.0089 0 30 0 0
0.5660 0.0058 -0.0089 0 30 0 0
0.5660 0.0058 -0.0089 0 30 0 0
0.5660 0.0058 -0.0089 0 30 0 0
0.5540 0.0061 -0.0115 0 30 0 0
0.5540 0.0061 -0.0115 0 30 0 0
0.5540 0.0061 -0.0115 0 30 0 0
0.5500 0.0061 -0.0125 0 30 0 0
0.5500 0.0061 -0.0125 0 30 0 0
0.5500 0.0061 -0.0125 0 30 0 0
0.5500 0.0061 -0.0125 0 30 0 0
0.5420 0.0065 -0.0128 0 30 0 0
0.5420 0.0065 -0.0128 0 30 0 0
0.5420 0.0065 -0.0128 0 30 0 0
0.5420 0.0065 -0.0128 0 30 0 0
0.5420 0.0065 -0.0128 0 30 0 0
0.5560 0.0069 -0.0132 0 30 0 0
0.5560 0.0069 -0.0132 0 30 0 0
0.5420 0.0071 -0.0155 0 30 0 0
0.5420 0.0071 -0.0155 0 30 0 0
0.5420 0.0071 -0.0155 0 30 0 0
0.5420 0.0071 -0.0155 0 30 0 0
0.5420 0.0071 -0.0155 0 30 0 0
0.5420 0.0070 -0.0127 0 30 0 0
0.5400 0.0070 -0.0127 0 30 0 0
0.5400 0.0070 -0.0127 0 30 0 0
0.5400 0.0070 -0.0127 0 30 0 0
0.5400 0.0070 -0.0127 0 30 0 0
0.5560 0.0069 -0.0132 0 30 0 0
0.5560 0.0069 -0.0132 0 30 0 0
0.5560 0.0069 -0.0132 0 30 0 0
0.5640 0.0068 -0.0183 0 30 0 0
0.5640 0.0068 -0.0183 0 30 0 0
0.5640 0.0068 -0.0183 0 30 0 0
0.5640 0.0068 -0.0183 0 30 0 0
0.5500 0.0070 -0.0158 0 30 0 0
0.5500 0.0070 -0.0158 0 30 0 0
0.5500 0.0070 -0.0158 0 30 0 0
0.5500 0.0070 -0.0158 0 30 0 0
0.5500 0.0070 -0.0158 0 30 0 0
0.5360 0.0074 -0.0151 0 30 0 0
0.5360 0.0074 -0.0151 0 30 0 0
0.5440 0.0078 -0.0144 0 30 0 0
0.5440 0.0078 -0.0144 0 30 0 0
0.5440 0.0078 -0.0144 0 30 0 0
0.5440 0.0078 -0.0144 0 30 0 0
0.5440 0.0078 -0.0144 0 30 0 0
0.5500 0.0080 -0.0123 0 30 0 0
0.5500 0.0080 -0.0123 0 30 0 0
0.5500 0.0080 -0.0123 0 30 0 0
0.5500 0.0080 -0.0123 0 30 0 0
0.5580 0.0081 -0.0101 0 30 0 0
0.5580 0.0081 -0.0101 0 30 0 0
0.5580 0.0081 -0.0101 0 30 0 0
0.5580 0.0081 -0.0101 0 30 0 0
0.5520 0.0082 -0.0092 0 30 0 0
0.5520 0.0082 -0.0092 0 0 0 0
0.5740 0.0072 -0.3474 0 30 0 0
0.5620 0.0072 -0.3474 0 30 0 0
0.5500 0.0074 -0.3472 0 30 0 0
0.5760 0.0076 -0.3466 0 30 0 0
0.5580 0.0075 -0.3496 0 30 0 0
0.5700 0.0076 -0.3503 0 30 0 0
0.5720 0.0100 -0.3512 0 30 0 0
0.5580 0.0108 -0.3570 0 30 0 0
0.5580 0.0108 -0.3570 0 30 0 0
0.5580 0.0108 -0.3570 0 30 0 0
0.5500 0.0113 -0.3597 0 30 0 0
0.5500 0.0113 -0.3597 0 30 0 0
0.5500 0.0113 -0.3597 0 30 0 0
0.5500 0.0113 -0.3597 0 30 0 0
0.5420 0.0112 -0.3600 0 30 0 0
0.5420 0.0112 -0.3600 0 30 0 0
0.5420 0.0112 -0.3600 0 30 0 0
0.5420 0.0112 -0.3600 0 30 0 0
0.5660 0.0105 -0.3640 0 30 0 0
0.5660 0.0105 -0.3640 0 30 0 0
0.5660 0.0105 -0.3640 0 30 0 0
0.5660 0.0105 -0.3640 0 30 0 0
0.5680 0.0094 -0.0216 0 30 0 0
0.5680 0.0094 -0.0216 0 30 0 0
0.5680 0.0094 -0.0216 0 30 0 0
0.5680 0.0094 -0.0216 0 30 0 0
0.5680 0.0094 -0.0216 0 30 0 0
0.5560 0.0084 -0.0254 0 30 0 0
0.5560 0.0084 -0.0254 0 30 0 0
0.5560 0.0084 -0.0254 0 30 0 0
0.5560 0.0084 -0.0254 0 30 0 0
0.5560 0.0084 -0.0254 0 30 0 0
0.5420 0.0078 -0.0261 0 30 0 0
0.5420 0.0078 -0.0261 0 30 0 0
0.5420 0.0078 -0.0261 0 30 0 0
0.5420 0.0078 -0.0261 0 30 0 0
0.5540 0.0072 -0.0264 0 30 0 0
0.5540 0.0072 -0.0264 0 30 0 0
0.5540 0.0072 -0.0264 0 30 0 0
0.5540 0.0072 -0.0264 0 30 0 0
0.5560 0.0069 -0.0265 0 30 0 0
0.5560 0.0069 -0.0265 0 30 0 0
0.5560 0.0069 -0.0265 0 30 0 0
0.5560 0.0069 -0.0265 0 30 0 0
0.5560 0.0069 -0.0265 0 30 0 0
0.5480 0.0069 -0.0237 0 30 0 0
0.5480 0.0069 -0.0237 0 30 0 0
0.5480 0.0069 -0.0237 0 30 0 0
0.5420 0.0070 -0.0204 0 30 0 0
0.5420 0.0070 -0.0204 0 30 0 0
0.5420 0.0070 -0.0204 0 30 0 0
0.5420 0.0070 -0.0204 0 30 0 0
0.5780 0.0073 -0.0130 0 30 0 0
0.5780 0.0073 -0.0130 0 30 0 0
0.5780 0.0073 -0.0130 0 30 0 0
0.5780 0.0073 -0.0130 0 30 0 0
0.5780 0.0073 -0.0130 0 30 0 0
0.5780 0.0073 -0.0130 0 30 0 0
0.5640 0.0081 -0.0114 0 30 0 0
0.5640 0.0081 -0.0114 0 30 0 0
0.5640 0.0081 -0.0114 0 30 0 0
0.5780 0.0091 -0.0114 0 30 0 0
0.5780 0.0091 -0.0114 0 30 0 0
0.5780 0.0091 -0.0114 0 30 0 0
0.5780 0.0091 -0.0114 0 30 0 0
0.5780 0.0091 -0.0114 0 30 0 0
0.5780 0.0101 -0.0139 0 30 0 0
0.5740 0.0101 -0.0139 0 30 0 0
0.5740 0.0101 -0.0139 0 30 0 0
0.5740 0.0101 -0.0139 0 30 0 0
0.5840 0.0107 -0.0121 0 30 0 0
0.5840 0.0107 -0.0121 0 30 0 0
0.5840 0.0107 -0.0121 0 30 0 0
0.5840 0.0107 -0.0121 0 30 0 0
0.5520 0.0107 -0.0112 0 30 0 0
0.5520 0.0107 -0.0112 0 30 0 0
0.5520 0.0107 -0.0112 0 30 0 0
0.5520 0.0107 -0.0112 0 30 0 0
0.5560 0.0104 -0.0132 0 30 0 0
0.5560 0.0104 -0.0132 0 30 0 0
0.5560 0.0104 -0.0132 0 30 0 0
0.5560 0.0104 -0.0132 0 30 0 0
0.5560 0.0104 -0.0132 0 30 0 0
0.5760 0.0102 -0.0138 0 30 0 0
0.5760 0.0102 -0.0138 0 30 0 0
0.5760 0.0102 -0.0138 0 30 0 0
0.5760 0.0102 -0.0170 0 30 0 0
0.5600 0.0102 -0.0170 0 30 0 0
0.5600 0.0102 -0.0170 0 30 0 0
0.5600 0.0102 -0.0170 0 30 0 0
0.5600 0.0102 -0.0170 0 30 0 0
0.5760 0.0104 -0.0139 0 30 0 0
0.5760 0.0104 -0.0139 0 30 0 0
0.5760 0.0104 -0.0139 0 30 0 0
0.5760 0.0104 -0.0139 0 30 0 0
0.5680 0.0109 -0.0146 0 30 0 0
0.5680 0.0109 -0.0146 0 30 0 0
0.5680 0.0109 -0.0146 0 30 0 0
0.5680 0.0109 -0.0146 0 30 0 0
0.5680 0.0109 -0.0146 0 30 0 0
0.5640 0.0115 -0.0148 0 30 0 0
0.5640 0.0115 -0.0148 0 30 0 0
0.5640 0.0115 -0.0148 0 30 0 0
0.5640 0.0115 -0.0148 0 30 0 0
0.5640 0.0115 -0.0148 0 30 0 0
0.5640 0.0115 -0.0148 0 30 0 0
0.5640 0.0115 -0.0148 0 30 0 0
0.5920 0.0118 -0.0126 0 30 0 0
0.5740 0.0120 -0.0120 0 30 0 0
0.5740 0.0120 -0.0120 0 30 0 0
0.5740 0.0120 -0.0120 0 30 0 0
0.5680 0.0121 -0.0112 0 30 0 0
0.5680 0.0121 -0.0112 0 30 0 0
0.5680 0.0121 -0.0112 0 30 0 0
0.5680 0.0121 -0.0112 0 30 0 0
0.5580 0.0118 -0.0132 0 30 0 0
0.5580 0.0118 -0.0132 0 30 0 0
0.5580 0.0118 -0.0132 0 30 0 0
0.5580 0.0118 -0.0132 0 30 0 0
0.5580 0.0114 -0.0151 0 30 0 0
0.5640 0.0114 -0.0151 0 30 0 0
0.5640 0.0114 -0.0151 0 30 0 0
0.5640 0.0114 -0.0151 0 30 0 0
0.5460 0.0108 -0.0136 0 30 0 0
0.5460 0.0108 -0.0136 0 30 0 0
0.5460 0.0108 -0.0136 0 30 0 0
0.5460 0.0108 -0.0136 0 30 0 0
0.5540 0.0105 -0.0139 0 30 0 0
0.5540 0.0105 -0.0139 0 30 0 0
0.5540 0.0105 -0.0139 0 30 0 0
0.5540 0.0105 -0.0139 0 30 0 0
0.5540 0.0105 -0.0139 0 30 0 0
0.5540 0.0105 -0.0139 0 30 0 0
0.5660 0.0103 -0.0145 0 30 0 0
0.5660 0.0103 -0.0145 0 30 0 0
0.5660 0.0103 -0.0145 0 30 0 0
0.5620 0.0099 -0.0109 0 30 0 0
0.5620 0.0099 -0.0109 0 30 0 0
0.5620 0.0099 -0.0109 0 30 0 0
0.5620 0.0099 -0.0109 0 30 0 0
0.5700 0.0093 -0.0121 0 30 0 0
0.5700 0.0093 -0.0121 0 30 0 0
0.5700 0.0093 -0.0121 0 30 0 0
0.5700 0.0093 -0.0121 0 30 0 0
0.5700 0.0093 -0.0121 0 30 0 0
0.5500 0.0085 -0.0076 0 30 0 0
0.5500 0.0085 -0.0076 0 30 0 0
0.5420 0.0083 -0.0073 0 30 0 0
0.5420 0.0083 -0.0073 0 30 0 0
0.5420 0.0083 -0.0073 0 30 0 0
0.5420 0.0083 -0.0073 0 30 0 0
0.5420 0.0083 -0.0073 0 30 0 0
0.5420 0.0083 -0.0073 0 0 0 0
0.5500 0.0108 -0.0170 0 0 0 30
0.5700 0.0107 -0.0138 0 0 0 30
0.5600 0.0104 -0.0175 0 0 0 30
0.5700 0.0083 -0.0111 0 0 0 30
0.5700 0.0068 -0.0085 0 0 0 0
0.5560 0.0065 -0.0015 0 0 0 30
0.5660 0.0065 -0.0003 0 0 0 30
0.5540 0.0069 0.0023 0 0 0 30
0.5680 0.0074 0.0061 0 0 0 30
0.5580 0.0077 0.0112 0 0 0 0
0.5400 0.0080 0.0090 0 30 0 0
0.5500 0.0086 0.0098 0 30 0 0
0.5560 0.0086 0.0098 0 30 0 0
0.5680 0.0089 0.0116 0 30 0 0
0.5720 0.0088 0.0146 0 30 0 0
0.5700 0.0089 0.0130 0 30 0 0
0.5660 0.0089 0.0130 0 30 0 0
0.5660 0.0089 0.0130 0 30 0 0
0.5640 0.0093 0.0128 0 30 0 0
0.5640 0.0093 0.0128 0 30 0 0
0.5640 0.0093 0.0128 0 30 0 0
0.5640 0.0093 0.0128 0 30 0 0
0.5640 0.0093 0.0128 0 30 0 0
0.5660 0.0098 0.0072 0 30 0 0
0.5660 0.0098 0.0072 0 30 0 0
0.5660 0.0098 0.0072 0 30 0 0
0.5540 0.0101 0.0059 0 30 0 0
0.5540 0.0101 0.0059 0 30 0 0
0.5540 0.0101 0.0059 0 30 0 0
0.5620 0.0104 0.0093 0 30 0 0
0.5620 0.0104 0.0093 0 30 0 0
0.5620 0.0104 0.0093 0 30 0 0
0.5620 0.0104 0.0093 0 30 0 0
0.5620 0.0104 0.0093 0 30 0 0
0.5500 0.0102 0.0061 0 30 0 0
0.5500 0.0102 0.0061 0 30 0 0
0.5500 0.0102 0.0061 0 30 0 0
0.5700 0.0099 0.0043 0 30 0 0
0.5700 0.0099 0.0043 0 30 0 0
0.5700 0.0099 0.0043 0 30 0 0
0.5700 0.0099 0.0043 0 30 0 0
0.5560 0.0095 0.0078 0 30 0 0
0.5560 0.0095 0.0078 0 30 0 0
0.5560 0.0095 0.0078 0 30 0 0
0.5560 0.0095 0.0078 0 30 0 0
0.5560 0.0095 0.0078 0 30 0 0
0.5560 0.0095 0.0078 0 30 0 0
0.5560 0.0095 0.0078 0 30 0 0
0.5560 0.0095 0.0078 0 30 0 0
0.5560 0.0095 0.0078 0 30 0 0
0.5560 0.0095 0.0078 0 30 0 0
0.5560 0.0095 0.0078 0 30 0 0
0.5540 0.0093 0.0098 0 30 0 0
0.5540 0.0089 0.0127 0 30 0 0
0.5500 0.0089 0.0127 0 30 0 0
0.5560 0.0088 0.0138 0 30 0 0
0.5560 0.0088 0.0138 0 30 0 0
0.5560 0.0088 0.0138 0 30 0 0
0.5560 0.0088 0.0138 0 30 0 0
0.5600 0.0086 0.0159 0 30 0 0
0.5600 0.0086 0.0159 0 30 0 0
0.5600 0.0086 0.0159 0 30 0 0
0.5580 0.0086 0.0165 0 30 0 0
0.5580 0.0086 0.0165 0 30 0 0
0.5580 0.0086 0.0165 0 30 0 0
0.5580 0.0086 0.0165 0 30 0 0
0.5580 0.0086 0.0165 0 30 0 0
0.5580 0.0086 0.0165 0 30 0 0
0.5560 0.0090 0.0177 0 30 0 0
0.5560 0.0090 0.0177 0 30 0 0
0.5560 0.0090 0.0177 0 30 0 0
0.5560 0.0090 0.0177 0 30 0 0
0.5600 0.0095 0.0181 0 30 0 0
0.5600 0.0095 0.0181 0 30 0 0
0.5600 0.0095 0.0181 0 30 0 0
0.5600 0.0095 0.0181 0 30 0 0
0.5600 0.0095 0.0181 0 30 0 0
0.5600 0.0095 0.0181 0 30 0 0
0.5600 0.0095 0.0181 0 30 0 0
0.5600 0.0095 0.0181 0 30 0 0
0.5600 0.0095 0.0181 0 30 0 0
0.5600 0.0095 0.0181 0 30 0 0
0.5600 0.0095 0.0181 0 30 0 0
0.5600 0.0095 0.0181 0 30 0 0
0.5600 0.0101 0.0189 0 30 0 0
0.5660 0.0109 0.0196 0 30 0 0
0.5760 0.0116 0.0189 0 30 0 0
0.5760 0.0116 0.0189 0 30 0 0
0.5800 0.0118 0.0178 0 30 0 0
0.5800 0.0118 0.0178 0 30 0 0
0.5800 0.0118 0.0178 0 30 0 0
0.5800 0.0118 0.0178 0 30 0 0
0.5800 0.0118 0.0178 0 30 0 0
0.5680 0.0119 0.0131 0 30 0 0
0.5680 0.0119 0.0131 0 30 0 0
0.5680 0.0119 0.0131 0 30 0 0
0.5680 0.0119 0.0131 0 30 0 0
0.5680 0.0119 0.0131 0 30 0 0
0.5600 0.0117 0.0134 0 30 0 0
0.5600 0.0117 0.0134 0 30 0 0
0.5600 0.0117 0.0134 0 30 0 0
0.5500 0.0115 0.0110 0 30 0 0
0.5500 0.0115 0.0110 0 30 0 0
0.5500 0.0115 0.0110 0 30 0 0
0.5500 0.0115 0.0110 0 30 0 0
0.5500 0.0115 0.0110 0 30 0 0
0.5780 0.0114 0.0125 0 30 0 0
0.5780 0.0114 0.0125 0 30 0 0
0.5780 0.0114 0.0125 0 30 0 0
0.5740 0.0111 0.0092 0 30 0 0
0.5740 0.0111 0.0092 0 30 0 0
0.5740 0.0111 0.0092 0 30 0 0
0.5500 0.0105 0.0072 0 0 0 0
0.5760 0.0071 -0.0031 0 30 0 0
0.5780 0.0059 -0.0049 0 30 0 0
0.5540 0.0063 -0.0037 0 30 0 0
0.5800 0.0067 -0.0045 0 30 0 0
0.5960 0.0067 0.0019 0 30 0 0
0.5960 0.0067 0.0019 0 30 0 0
0.5960 0.0067 0.0019 0 30 0 0
0.5440 0.0064 0.0131 0 30 0 0
0.5440 0.0064 0.0131 0 30 0 0
0.5440 0.0064 0.0131 0 30 0 0
0.5440 0.0058 0.0137 0 30 0 0
0.5660 0.0058 0.0137 0 30 0 0
0.5660 0.0058 0.0137 0 30 0 0
0.5660 0.0058 0.0137 0 30 0 0
0.5660 0.0058 0.0137 0 30 0 0
0.5660 0.0052 0.0145 0 30 0 0
0.5680 0.0052 0.0145 0 30 0 0
0.5680 0.0052 0.0145 0 30 0 0
0.5680 0.0052 0.0145 0 30 0 0
0.5680 0.0052 0.0145 0 30 0 0
0.5680 0.0052 0.0145 0 30 0 0
0.5680 0.0052 0.0145 0 30 0 0
0.5680 0.0052 0.0145 0 30 0 0
0.5680 0.0052 0.0145 0 30 0 0
0.5840 0.0050 0.0126 0 30 0 0
0.5840 0.0050 0.0126 0 30 0 0
0.5840 0.0050 0.0126 0 30 0 0
0.5660 0.0055 0.0178 0 0 0 0
0.5540 0.0110 0.0350 -30 0 0 0
0.5780 0.0104 0.0334 -30 0 0 0
0.5680 0.0103 0.0325 -30 0 0 0
0.5740 0.0105 0.0305 -30 0 0 0
0.5880 0.0113 0.0194 -30 0 0 0
0.5880 0.0113 0.0194 -30 0 0 0
0.5660 0.0114 0.0182 -30 0 0 0
0.5660 0.0114 0.0182 -30 0 0 0
0.5660 0.0108 -0.3513 -30 0 0 0
0.5780 0.0108 -0.3513 -30 0 0 0
0.5780 0.0108 -0.3513 -30 0 0 0
0.5780 0.0108 -0.3513 -30 0 0 0
0.5780 0.0108 -0.3513 -30 0 0 0
0.5780 0.0108 -0.3513 -30 0 0 0
0.5780 0.0108 -0.3513 -30 0 0 0
0.5780 0.0108 -0.3513 -30 0 0 0
0.5740 0.0102 -0.3521 -30 0 0 0
0.5740 0.0102 -0.3521 -30 0 0 0
0.5740 0.0102 -0.3521 -30 0 0 0
0.5740 0.0102 -0.3521 -30 0 0 0
0.5540 0.0097 -0.3493 -30 0 0 0
0.5680 0.0094 -0.3457 -30 0 0 0
0.5680 0.0094 -0.3457 -30 0 0 0
0.5680 0.0094 -0.3457 -30 0 0 0
0.5680 0.0094 -0.3457 -30 0 0 0
0.5680 0.0094 -0.3457 -30 0 0 0
0.5740 0.0094 -0.3444 -30 0 0 0
0.5740 0.0094 -0.3444 -30 0 0 0
0.5740 0.0094 -0.3444 -30 0 0 0
0.5740 0.0094 -0.3444 -30 0 0 0
0.5740 0.0094 -0.3444 -30 0 0 0
0.5740 0.0094 -0.3444 -30 0 0 0
0.5520 0.0099 -0.3407 -30 0 0 0
0.5520 0.0099 -0.3407 -30 0 0 0
0.5520 0.0099 -0.3407 -30 0 0 0
0.5540 0.0103 -0.3430 -30 0 0 0
0.5540 0.0103 -0.3430 -30 0 0 0
0.5540 0.0103 -0.3430 -30 0 0 0
0.5540 0.0103 -0.3430 -30 0 0 0
0.5680 0.0104 -0.3421 -30 0 0 0
0.5680 0.0104 -0.3421 -30 0 0 0
0.5680 0.0104 -0.3421 -30 0 0 0
0.5680 0.0104 -0.3421 -30 0 0 0
0.5680 0.0104 -0.3421 -30 0 0 0
0.5780 0.0102 -0.3418 -30 0 0 0
0.5780 0.0102 -0.3418 -30 0 0 0
0.5780 0.0102 -0.3418 -30 0 0 0
0.5780 0.0102 -0.3418 -30 0 0 0
0.5640 0.0100 -0.3427 -30 0 0 0
0.5640 0.0100 -0.3427 -30 0 0 0
0.5640 0.0100 -0.3427 -30 0 0 0
0.5980 0.0101 -0.3446 -30 0 0 0
0.5980 0.0101 -0.3446 -30 0 0 0
0.5980 0.0101 -0.3446 -30 0 0 0
0.5980 0.0101 -0.3446 -30 0 0 0
0.5980 0.0101 -0.3446 -30 0 0 0
0.5640 0.0107 -0.3473 -30 0 0 0
0.5640 0.0107 -0.3473 -30 0 0 0
0.5640 0.0107 -0.3473 -30 0 0 0
0.5640 0.0112 -0.3492 -30 0 0 0
0.5540 0.0112 -0.3492 -30 0 0 0
0.5540 0.0112 -0.3492 -30 0 0 0
0.5540 0.0112 -0.3492 -30 0 0 0
0.5540 0.0117 -0.3494 -30 0 0 0
0.5680 0.0117 -0.3494 -30 0 0 0
0.5680 0.0117 -0.3494 -30 0 0 0
0.5680 0.0117 -0.3494 -30 0 0 0
0.5680 0.0117 -0.3494 -30 0 0 0
0.5680 0.0117 -0.3494 -30 0 0 0
0.5680 0.0121 -0.3524 -30 0 0 0
0.5760 0.0121 -0.3524 -30 0 0 0
0.5760 0.0121 -0.3524 -30 0 0 0
0.5760 0.0121 -0.3511 -30 0 0 0
0.5660 0.0121 -0.3511 -30 0 0 0
0.5660 0.0121 -0.3511 -30 0 0 0
0.5660 0.0121 -0.3511 -30 0 0 0
0.5660 0.0121 -0.3511 -30 0 0 0
0.5660 0.0121 -0.3511 -30 0 0 0
0.5660 0.0121 -0.3511 -30 0 0 0
0.5660 0.0121 -0.3511 -30 0 0 0
0.5660 0.0121 -0.3511 -30 0 0 0
0.5660 0.0121 -0.3511 -30 0 0 0
0.5660 0.0121 -0.3511 -30 0 0 0
0.5660 0.0121 -0.3511 -30 0 0 0
0.5660 0.0121 -0.3511 -30 0 0 0
0.5660 0.0121 -0.3511 -30 0 0 0
0.5520 0.0120 -0.3500 -30 0 0 0
0.5720 0.0116 -0.3526 -30 0 0 0
0.5820 0.0113 -0.3526 -30 0 0 0
0.5820 0.0111 -0.3534 -30 0 0 0
0.5600 0.0111 -0.3534 -30 0 0 0
0.5600 0.0111 -0.3534 -30 0 0 0
0.5600 0.0111 -0.3534 -30 0 0 0
0.5600 0.0111 -0.3534 -30 0 0 0
0.5600 0.0111 -0.3534 -30 0 0 0
0.5600 0.0111 -0.3534 -30 0 0 0
0.5800 0.0108 -0.3538 -30 0 0 0
0.5800 0.0108 -0.3538 -30 0 0 0
0.5800 0.0108 -0.3538 -30 0 0 0
0.5800 0.0108 -0.3538 -30 0 0 0
0.5820 0.0107 -0.3539 -30 0 0 0
0.5820 0.0107 -0.3539 -30 0 0 0
0.5820 0.0107 -0.3539 -30 0 0 0
0.5820 0.0104 -0.3480 -30 0 0 0
0.5760 0.0104 -0.3480 -30 0 0 0
0.5760 0.0104 -0.3480 -30 0 0 0
0.5760 0.0104 -0.3480 -30 0 0 0
0.5760 0.0104 -0.3480 -30 0 0 0
0.5600 0.0105 -0.3454 -30 0 0 0
0.5600 0.0105 -0.3454 -30 0 0 0
0.5600 0.0105 -0.3454 -30 0 0 0
0.5600 0.0107 -0.3451 -30 0 0 0
0.5600 0.0107 -0.3451 -30 0 0 0
0.5600 0.0107 -0.3451 -30 0 0 0
0.5600 0.0107 -0.3451 -30 0 0 0
0.5600 0.0107 -0.3451 -30 0 0 0
0.5600 0.0107 -0.3451 -30 0 0 0
0.5740 0.0108 -0.3444 -30 0 0 0
0.5740 0.0108 -0.3444 -30 0 0 0
0.5740 0.0108 -0.3444 -30 0 0 0
0.5740 0.0107 -0.3487 -30 0 0 0
0.5600 0.0107 -0.3487 -30 0 0 0
0.5600 0.0107 -0.3487 -30 0 0 0
0.5600 0.0107 -0.3487 -30 0 0 0
0.5720 0.0103 -0.3528 -30 0 0 0
0.5720 0.0103 -0.3528 -30 0 0 0
0.5720 0.0103 -0.3528 -30 0 0 0
0.5720 0.0103 -0.3528 -30 0 0 0
0.5720 0.0103 -0.3528 -30 0 0 0
0.5720 0.0103 -0.3528 -30 0 0 0
0.5520 0.0098 -0.3463 -30 0 0 0
0.5520 0.0098 -0.3463 -30 0 0 0
0.5520 0.0098 -0.3463 -30 0 0 0
0.5900 0.0094 -0.3450 -30 0 0 0
0.5900 0.0094 -0.3450 -30 0 0 0
0.5900 0.0094 -0.3450 -30 0 0 0
0.5900 0.0094 -0.3450 -30 0 0 0
0.5500 0.0091 -0.3469 -30 0 0 0
0.5500 0.0091 -0.3469 -30 0 0 0
0.5500 0.0091 -0.3469 -30 0 0 0
0.5500 0.0091 -0.3469 -30 0 0 0
0.5500 0.0091 -0.3469 -30 0 0 0
0.5540 0.0086 -0.3437 -30 0 0 0
0.5540 0.0086 -0.3437 -30 0 0 0
0.5540 0.0086 -0.3437 -30 0 0 0
0.5540 0.0086 -0.3437 -30 0 0 0
0.5580 0.0081 -0.3365 -30 0 0 0
0.5580 0.0081 -0.3365 -30 0 0 0
0.5580 0.0081 -0.3365 -30 0 0 0
0.5520 0.0077 -0.3369 -30 0 0 0
0.5520 0.0077 -0.3369 -30 0 0 0
0.5520 0.0077 -0.3369 -30 0 0 0
0.5520 0.0077 -0.3369 -30 0 0 0
0.5520 0.0077 -0.3369 -30 0 0 0
0.5660 0.0076 -0.3361 -30 0 0 0
0.5660 0.0076 -0.3361 -30 0 0 0
0.5660 0.0076 -0.3361 -30 0 0 0
0.5660 0.0076 -0.3361 -30 0 0 0
0.5460 0.0077 -0.3339 -30 0 0 0
0.5460 0.0077 -0.3339 -30 0 0 0
0.5460 0.0077 -0.3339 -30 0 0 0
0.5540 0.0079 -0.3328 -30 0 0 0
0.5540 0.0079 -0.3328 -30 0 0 0
0.5540 0.0079 -0.3328 -30 0 0 0
0.5540 0.0079 -0.3328 -30 0 0 0
0.5540 0.0079 -0.3328 -30 0 0 0
0.5540 0.0079 -0.3328 -30 0 0 0
0.5540 0.0079 -0.3328 -30 0 0 0
0.5680 0.0083 -0.3441 -30 0 0 0
0.5680 0.0083 -0.3441 -30 0 0 0
0.5680 0.0083 -0.3441 0 0 0 0
0.5520 0.0089 0.0469 0 -30 0 0
0.5740 0.0089 0.0469 0 -30 0 0
0.5740 0.0089 0.0469 0 -30 0 0
0.5740 0.0089 0.0469 0 -30 0 0
0.5740 0.0089 0.0469 0 -30 0 0
0.5740 0.0089 0.0469 0 -30 0 0
0.5500 0.0072 0.0478 0 -30 0 0
0.5820 0.0067 0.0501 0 -30 0 0
0.5820 0.0067 0.0501 0 -30 0 0
0.5800 0.0081 0.0519 0 -30 0 0
0.5680 0.0093 0.0528 0 -30 0 0
0.5680 0.0093 0.0528 0 -30 0 0
0.5680 0.0099 0.0508 0 -30 0 0
0.5680 0.0099 0.0508 0 -30 0 0
0.5380 0.0098 0.0507 0 -30 0 0
0.5600 0.0092 0.0490 0 -30 0 0
0.5600 0.0092 0.0490 0 -30 0 0
0.5640 0.0081 0.0518 0 -30 0 0
0.5640 0.0081 0.0518 0 -30 0 0
0.5640 0.0081 0.0518 0 -30 0 0
0.5640 0.0081 0.0518 0 -30 0 0
0.5480 0.0071 0.0499 0 -30 0 0
0.5480 0.0071 0.0499 0 -30 0 0
0.5480 0.0071 0.0499 0 -30 0 0
0.5820 0.0066 0.0489 0 -30 0 0
0.5820 0.0066 0.0489 0 -30 0 0
0.5820 0.0066 0.0489 0 -30 0 0
0.5820 0.0066 0.0489 0 -30 0 0
0.5820 0.0066 0.0489 0 -30 0 0
0.5820 0.0066 0.0489 0 -30 0 0
0.5340 0.0064 0.0500 0 -30 0 0
0.5340 0.0064 0.0500 0 -30 0 0
0.5340 0.0064 0.0500 0 -30 0 0
0.5340 0.0064 0.0500 0 -30 0 0
0.5340 0.0064 0.0500 0 -30 0 0
0.5660 0.0065 0.0527 0 -30 0 0
0.5660 0.0065 0.0527 0 -30 0 0
0.5660 0.0065 0.0527 0 -30 0 0
0.5680 0.0067 0.0556 0 -30 0 0
0.5680 0.0067 0.0556 0 -30 0 0
0.5680 0.0067 0.0556 0 -30 0 0
0.5680 0.0067 0.0556 0 -30 0 0
0.5680 0.0067 0.0556 0 -30 0 0
0.5680 0.0067 0.0546 0 -30 0 0
0.5640 0.0067 0.0546 0 -30 0 0
0.5640 0.0067 0.0546 0 -30 0 0
0.5640 0.0067 0.0546 0 -30 0 0
0.5640 0.0067 0.0546 0 -30 0 0
0.5380 0.0068 0.0584 0 -30 0 0
0.5380 0.0068 0.0584 0 -30 0 0
0.5380 0.0068 0.0584 0 -30 0 0
0.5380 0.0069 0.0560 0 -30 0 0
0.5340 0.0069 0.0560 0 -30 0 0
0.5340 0.0069 0.0560 0 -30 0 0
0.5340 0.0069 0.0560 0 -30 0 0
0.5340 0.0069 0.0560 0 -30 0 0
0.5340 0.0069 0.0538 0 -30 0 0
0.5500 0.0069 0.0538 0 -30 0 0
0.5500 0.0069 0.0538 0 -30 0 0
0.5500 0.0069 0.0538 0 -30 0 0
0.5500 0.0069 0.0538 0 -30 0 0
0.5500 0.0069 0.0538 0 -30 0 0
0.5380 0.0069 0.0537 0 -30 0 0
0.5380 0.0069 0.0537 0 -30 0 0
0.5440 0.0070 0.0552 0 -30 0 0
0.5440 0.0070 0.0552 0 -30 0 0
0.5440 0.0070 0.0552 0 -30 0 0
0.5440 0.0070 0.0552 0 -30 0 0
0.5440 0.0070 0.0552 0 -30 0 0
0.5440 0.0070 0.0552 0 -30 0 0
0.5500 0.0070 0.0514 0 -30 0 0
0.5500 0.0070 0.0514 0 -30 0 0
0.5500 0.0070 0.0514 0 -30 0 0
0.5500 0.0070 0.0514 0 -30 0 0
0.5620 0.0068 0.0521 0 -30 0 0
0.5620 0.0068 0.0521 0 -30 0 0
0.5620 0.0068 0.0521 0 -30 0 0
0.5620 0.0068 0.0521 0 -30 0 0
0.5460 0.0065 0.0500 0 -30 0 0
0.5460 0.0065 0.0500 0 -30 0 0
0.5460 0.0065 0.0500 0 -30 0 0
0.5460 0.0065 0.0500 0 -30 0 0
0.5460 0.0065 0.0500 0 -30 0 0
0.5460 0.0065 0.0500 0 -30 0 0
0.5460 0.0065 0.0500 0 -30 0 0
0.5460 0.0065 0.0500 0 -30 0 0
0.5460 0.0065 0.0500 0 -30 0 0
0.5460 0.0065 0.0500 0 -30 0 0
0.5460 0.0065 0.0500 0 -30 0 0
0.5460 0.0065 0.0500 0 -30 0 0
0.5420 0.0063 0.0473 0 -30 0 0
0.5420 0.0063 0.0473 0 -30 0 0
0.5300 0.0061 0.0483 0 -30 0 0
0.5840 0.0061 0.0522 0 -30 0 0
0.5840 0.0061 0.0522 0 -30 0 0
0.5480 0.0061 0.0501 0 -30 0 0
0.5480 0.0061 0.0501 0 -30 0 0
0.5480 0.0061 0.0501 0 -30 0 0
0.5480 0.0061 0.0501 0 -30 0 0
0.5480 0.0061 0.0501 0 -30 0 0
0.5480 0.0061 0.0502 0 -30 0 0
0.5680 0.0061 0.0502 0 -30 0 0
0.5680 0.0061 0.0502 0 -30 0 0
0.5680 0.0061 0.0502 0 -30 0 0
0.5680 0.0061 0.0502 0 -30 0 0
0.5500 0.0060 0.0461 0 -30 0 0
0.5500 0.0060 0.0461 0 -30 0 0
0.5500 0.0060 0.0461 0 -30 0 0
0.5500 0.0056 0.0440 0 -30 0 0
0.5560 0.0056 0.0440 0 -30 0 0
0.5560 0.0056 0.0440 0 -30 0 0
0.5560 0.0056 0.0440 0 -30 0 0
0.5560 0.0056 0.0440 0 0 0 0
0.5620 0.0089 0.0328 0 -30 0 0
0.5620 0.0089 0.0328 0 -30 0 0
0.5420 0.0115 0.0470 0 -30 0 0
0.5400 0.0141 0.0539 0 -30 0 0
0.5660 0.0145 0.0556 0 -30 0 0
0.5660 0.0145 0.0556 0 -30 0 0
0.5700 0.0148 0.0604 0 -30 0 0
0.5560 0.0152 0.0647 0 -30 0 0
0.5380 0.0156 0.0642 0 -30 0 0
0.5380 0.0156 0.0642 0 -30 0 0
0.5380 0.0156 0.0642 0 -30 0 0
0.5380 0.0156 0.0642 0 -30 0 0
0.5380 0.0156 0.0642 0 -30 0 0
0.5380 0.0156 0.0642 0 -30 0 0
0.5380 0.0156 0.0642 0 -30 0 0
0.5380 0.0156 0.0642 0 -30 0 0
0.5380 0.0156 0.0642 0 -30 0 0
0.5380 0.0156 0.0642 0 -30 0 0
0.5380 0.0156 0.0642 0 -30 0 0
0.5380 0.0156 0.0642 0 -30 0 0
0.5380 0.0156 0.0642 0 -30 0 0
0.5600 0.0160 0.0689 0 -30 0 0
0.5600 0.0160 0.0689 0 -30 0 0
0.5680 0.0161 0.0669 0 -30 0 0
0.5560 0.0159 0.0677 0 -30 0 0
0.5560 0.0153 0.0656 0 -30 0 0
0.5560 0.0153 0.0656 0 -30 0 0
0.5560 0.0153 0.0656 0 -30 0 0
0.5560 0.0153 0.0656 0 -30 0 0
0.5680 0.0146 0.0673 0 -30 0 0
0.5680 0.0146 0.0673 0 -30 0 0
0.5680 0.0146 0.0673 0 -30 0 0
0.5680 0.0146 0.0673 0 -30 0 0
0.5680 0.0146 0.0673 0 -30 0 0
0.5460 0.0136 0.0664 0 -30 0 0
0.5460 0.0136 0.0664 0 -30 0 0
0.5460 0.0136 0.0664 0 -30 0 0
0.5460 0.0136 0.0664 0 -30 0 0
0.5660 0.0129 0.0642 0 -30 0 0
0.5660 0.0129 0.0642 0 -30 0 0
0.5660 0.0129 0.0642 0 -30 0 0
0.5620 0.0125 0.0621 0 -30 0 0
0.5620 0.0125 0.0621 0 -30 0 0
0.5620 0.0125 0.0621 0 -30 0 0
0.5620 0.0125 0.0621 0 -30 0 0
0.5620 0.0125 0.0621 0 -30 0 0
0.5620 0.0121 0.0620 0 -30 0 0
0.5520 0.0121 0.0620 0 -30 0 0
0.5520 0.0121 0.0620 0 -30 0 0
0.5520 0.0121 0.0620 0 -30 0 0
0.5660 0.0115 0.0679 0 -30 0 0
0.5660 0.0115 0.0679 0 -30 0 0
0.5660 0.0115 0.0679 0 -30 0 0
0.5620 0.0109 -0.4895 0 -30 0 0
0.5620 0.0109 -0.4895 0 -30 0 0
0.5620 0.0109 -0.4895 0 -30 0 0
0.5620 0.0109 -0.4895 0 -30 0 0
0.5620 0.0109 -0.4895 0 -30 0 0
0.5540 0.0102 -0.4863 0 -30 0 0
0.5540 0.0102 -0.4863 0 -30 0 0
0.5540 0.0102 -0.4863 0 -30 0 0
0.5540 0.0102 -0.4863 0 -30 0 0
0.5540 0.0102 -0.4863 0 -30 0 0
0.5320 0.0097 -0.4873 0 -30 0 0
0.5320 0.0097 -0.4873 0 -30 0 0
0.5320 0.0097 -0.4873 0 -30 0 0
0.5320 0.0097 -0.4873 0 -30 0 0
0.5400 0.0094 -0.4879 0 -30 0 0
0.5400 0.0094 -0.4879 0 -30 0 0
0.5400 0.0094 -0.4879 0 -30 0 0
0.5400 0.0094 -0.4879 0 -30 0 0
0.5280 0.0091 -0.4903 0 -30 0 0
0.5280 0.0091 -0.4903 0 -30 0 0
0.5280 0.0091 -0.4903 0 -30 0 0
0.5280 0.0091 -0.4903 0 -30 0 0
0.5280 0.0091 -0.4903 0 -30 0 0
0.5400 0.0091 -0.4836 0 0 0 0
0.5520 0.0115 0.0574 0 -30 0 0
0.5520 0.0115 0.0560 0 -30 0 0
0.5520 0.0115 0.0560 0 -30 0 0
0.5520 0.0116 0.0544 0 -30 0 0
0.5880 0.0117 0.0484 0 -30 0 0
0.5660 0.0123 0.0471 0 -30 0 0
0.5800 0.0130 0.0483 0 -30 0 0
0.5600 0.0129 0.0524 0 -30 0 0
0.5600 0.0129 0.0524 0 -30 0 0
0.5600 0.0126 0.0518 0 -30 0 0
0.5360 0.0126 0.0518 0 -30 0 0
0.5360 0.0126 0.0518 0 -30 0 0
0.5360 0.0126 0.0518 0 -30 0 0
0.5360 0.0123 0.0581 0 -30 0 0
0.5720 0.0123 0.0581 0 -30 0 0
0.5720 0.0123 0.0581 0 -30 0 0
0.5720 0.0123 0.0581 0 -30 0 0
0.5720 0.0123 0.0581 0 -30 0 0
0.5660 0.0122 0.0569 0 -30 0 0
0.5660 0.0122 0.0569 0 -30 0 0
0.5660 0.0122 0.0569 0 -30 0 0
0.5800 0.0120 0.0506 0 -30 0 0
0.5800 0.0120 0.0506 0 -30 0 0
0.5800 0.0120 0.0506 0 -30 0 0
0.5800 0.0120 0.0506 0 -30 0 0
0.5560 0.0119 0.0512 0 -30 0 0
0.5560 0.0119 0.0512 0 -30 0 0
0.5560 0.0119 0.0512 0 -30 0 0
0.5560 0.0119 0.0512 0 -30 0 0
0.5560 0.0119 0.0512 0 -30 0 0
0.5560 0.0119 0.0512 0 -30 0 0
0.5720 0.0117 0.0495 0 -30 0 0
0.5720 0.0117 0.0495 0 -30 0 0
0.5720 0.0117 0.0495 0 -30 0 0
0.5720 0.0116 0.0479 0 -30 0 0
0.5700 0.0116 0.0479 0 -30 0 0
0.5700 0.0116 0.0479 0 -30 0 0
0.5700 0.0116 0.0479 0 -30 0 0
0.5700 0.0116 0.0479 0 -30 0 0
0.5540 0.0112 0.0473 0 0 0 0
0.5740 0.0052 -0.0420 0 0 0 30
0.5540 0.0055 -0.0415 0 0 0 30
0.5620 0.0056 -0.0350 0 0 0 30
0.5520 0.0064 -0.0378 0 0 0 30
0.5700 0.0070 -0.0323 0 0 0 30
0.5640 0.0069 -0.0346 0 0 0 30
0.5620 0.0068 -0.0329 0 0 0 30
0.5620 0.0068 -0.0329 0 0 0 30
0.5460 0.0068 -0.0333 0 0 0 0
