0.6522 0.0036 -0.0480 0 30 0 0
0.5652 0.0036 -0.0480 0 30 0 0
0.5652 0.0036 -0.0536 0 30 0 0
0.5435 0.0036 -0.0536 0 30 0 0
0.6087 0.0048 -0.0554 0 30 0 0
0.6087 0.0048 -0.0554 0 30 0 0
0.7174 0.0074 -0.0525 0 30 0 0
0.7174 0.0074 -0.0525 0 30 0 0
0.7174 0.0087 -0.0508 0 30 0 0
0.5870 0.0087 -0.0508 0 30 0 0
0.5870 0.0087 -0.0508 0 30 0 0
0.6087 0.0085 -0.0519 0 30 0 0
0.6087 0.0085 -0.0519 0 30 0 0
0.6087 0.0085 -0.0519 0 30 0 0
0.6087 0.0085 -0.0519 0 30 0 0
0.5652 0.0081 -0.0520 0 30 0 0
0.5870 0.0073 -0.0439 0 30 0 0
0.5870 0.0073 -0.0439 0 30 0 0
0.5870 0.0073 -0.0439 0 30 0 0
0.5870 0.0073 -0.0439 0 30 0 0
0.5870 0.0073 -0.0439 0 30 0 0
0.5870 0.0073 -0.0439 0 30 0 0
0.5870 0.0073 -0.0439 0 30 0 0
0.5870 0.0073 -0.0439 0 30 0 0
0.5870 0.0062 -0.0434 0 30 0 0
0.5870 0.0062 -0.0434 0 30 0 0
0.5870 0.0062 -0.0434 0 30 0 0
0.5870 0.0062 -0.0434 0 30 0 0
0.5870 0.0062 -0.0434 0 30 0 0
0.5870 0.0062 -0.0434 0 30 0 0
0.6304 0.0059 -0.0386 0 30 0 0
0.6304 0.0059 -0.0386 0 30 0 0
0.6304 0.0059 -0.0386 0 30 0 0
0.6304 0.0059 -0.0386 0 30 0 0
0.6304 0.0059 -0.0386 0 30 0 0
0.6304 0.0059 -0.0386 0 30 0 0
0.5870 0.0061 -0.0374 0 30 0 0
0.5870 0.0061 -0.0374 0 30 0 0
0.5870 0.0061 -0.0374 0 30 0 0
0.5870 0.0061 -0.0374 0 30 0 0
0.5870 0.0061 -0.0374 0 30 0 0
0.5870 0.0061 -0.0374 0 30 0 0
0.5870 0.0061 -0.0374 0 30 0 0
0.5870 0.0061 -0.0374 0 30 0 0
0.5870 0.0061 -0.0374 0 30 0 0
0.5435 0.0066 -0.0382 0 30 0 0
0.5435 0.0066 -0.0382 0 30 0 0
0.5435 0.0066 -0.0382 0 30 0 0
0.5435 0.0066 -0.0382 0 30 0 0
0.5435 0.0066 -0.0382 0 30 0 0
0.5435 0.0066 -0.0382 0 30 0 0
0.6087 0.0066 -0.0384 0 30 0 0
0.6087 0.0066 -0.0384 0 30 0 0
0.6087 0.0066 -0.0384 0 30 0 0
0.6087 0.0066 -0.0384 0 30 0 0
0.6087 0.0066 -0.0384 0 30 0 0
0.6087 0.0066 -0.0384 0 30 0 0
0.5870 0.0064 -0.0369 0 30 0 0
0.5870 0.0064 -0.0369 0 30 0 0
0.5870 0.0064 -0.0369 0 30 0 0
0.5870 0.0064 -0.0369 0 30 0 0
0.5870 0.0064 -0.0369 0 30 0 0
0.5870 0.0064 -0.0369 0 30 0 0
0.5870 0.0064 -0.0369 0 30 0 0
0.6304 0.0063 -0.0532 0 30 0 0
0.6304 0.0063 -0.0532 0 30 0 0
0.6304 0.0063 -0.0532 0 30 0 0
0.6304 0.0063 -0.0532 0 30 0 0
0.6304 0.0063 -0.0532 0 30 0 0
0.6304 0.0063 -0.0532 0 30 0 0
0.6304 0.0063 -0.0532 0 30 0 0
0.6304 0.0063 -0.0532 0 30 0 0
0.6087 0.0064 -0.0534 0 30 0 0
0.6087 0.0064 -0.0534 0 30 0 0
0.6087 0.0064 -0.0534 0 30 0 0
0.6087 0.0064 -0.0534 0 30 0 0
0.6087 0.0064 -0.0534 0 30 0 0
0.6087 0.0064 -0.0534 0 30 0 0
0.6087 0.0064 -0.0534 0 30 0 0
0.6087 0.0065 -0.0635 0 30 0 0
0.6087 0.0065 -0.0635 0 30 0 0
0.6087 0.0065 -0.0635 0 30 0 0
0.6087 0.0065 -0.0635 0 30 0 0
0.6087 0.0065 -0.0635 0 30 0 0
0.6087 0.0065 -0.0635 0 30 0 0
0.6087 0.0065 -0.0635 0 30 0 0
0.6739 0.0063 -0.0641 0 30 0 0
0.6739 0.0063 -0.0641 0 30 0 0
0.6739 0.0063 -0.0641 0 0 0 0
0.6522 0.0083 -0.0924 0 30 0 0
0.6522 0.0083 -0.0924 0 30 0 0
0.6522 0.0080 -0.0926 0 30 0 0
0.6304 0.0080 -0.0926 0 30 0 0
0.6304 0.0070 -0.0886 0 30 0 0
0.6087 0.0070 -0.0886 0 30 0 0
0.6087 0.0058 -0.0942 0 30 0 0
0.6087 0.0058 -0.0942 0 30 0 0
0.6087 0.0063 -0.0943 0 30 0 0
0.5870 0.0063 -0.0943 0 30 0 0
0.6304 0.0063 -0.0934 0 30 0 0
0.6304 0.0063 -0.0934 0 30 0 0
0.6304 0.0063 -0.0934 0 30 0 0
0.5870 0.0066 -0.0938 0 30 0 0
0.5870 0.0071 -0.0965 0 30 0 0
0.5435 0.0071 -0.0965 0 30 0 0
0.5435 0.0071 -0.0965 0 30 0 0
0.5435 0.0076 -0.0958 0 30 0 0
0.6087 0.0076 -0.0958 0 30 0 0
0.6087 0.0076 -0.0958 0 30 0 0
0.6087 0.0076 -0.0958 0 30 0 0
0.6087 0.0076 -0.0958 0 30 0 0
0.6087 0.0076 -0.0958 0 30 0 0
0.6087 0.0076 -0.0958 0 30 0 0
0.6087 0.0076 -0.0958 0 30 0 0
0.6087 0.0076 -0.0958 0 30 0 0
0.5870 0.0084 -0.0940 0 30 0 0
0.5870 0.0084 -0.0940 0 30 0 0
0.5870 0.0084 -0.0940 0 30 0 0
0.5870 0.0084 -0.0940 0 30 0 0
0.5870 0.0084 -0.0940 0 30 0 0
0.6304 0.0090 -0.0935 0 30 0 0
0.6304 0.0090 -0.0935 0 30 0 0
0.6304 0.0090 -0.0935 0 30 0 0
0.6304 0.0090 -0.0935 0 30 0 0
0.6304 0.0090 -0.0935 0 30 0 0
0.6304 0.0090 -0.0935 0 30 0 0
0.6304 0.0096 -0.0837 0 30 0 0
0.6957 0.0096 -0.0837 0 30 0 0
0.6957 0.0096 -0.0837 0 30 0 0
0.6957 0.0096 -0.0837 0 30 0 0
0.6957 0.0096 -0.0837 0 30 0 0
0.6957 0.0096 -0.0837 0 30 0 0
0.6957 0.0096 -0.0837 0 30 0 0
0.6957 0.0096 -0.0837 0 30 0 0
0.6087 0.0104 -0.0821 0 30 0 0
0.6087 0.0104 -0.0821 0 30 0 0
0.6087 0.0104 -0.0821 0 30 0 0
0.6087 0.0104 -0.0821 0 30 0 0
0.6087 0.0104 -0.0821 0 30 0 0
0.6087 0.0107 -0.0880 0 30 0 0
0.5652 0.0107 -0.0880 0 30 0 0
0.5652 0.0107 -0.0880 0 30 0 0
0.5652 0.0107 -0.0880 0 30 0 0
0.5652 0.0107 -0.0880 0 30 0 0
0.5652 0.0107 -0.0880 0 30 0 0
0.5652 0.0108 -0.0864 0 30 0 0
0.5652 0.0108 -0.0864 0 30 0 0
0.5652 0.0108 -0.0864 0 30 0 0
0.5652 0.0108 -0.0864 0 30 0 0
0.5652 0.0108 -0.0864 0 30 0 0
0.5652 0.0108 -0.0864 0 30 0 0
0.5652 0.0108 -0.0864 0 30 0 0
0.5652 0.0108 -0.0864 0 30 0 0
0.5652 0.0108 -0.0864 0 30 0 0
0.6739 0.0106 -0.0860 0 30 0 0
0.6739 0.0106 -0.0860 0 30 0 0
0.6739 0.0106 -0.0860 0 30 0 0
0.6739 0.0106 -0.0860 0 30 0 0
0.6739 0.0106 -0.0860 0 30 0 0
0.6739 0.0106 -0.0860 0 30 0 0
0.6087 0.0103 -0.0844 0 30 0 0
0.6087 0.0103 -0.0844 0 30 0 0
0.6087 0.0103 -0.0844 0 30 0 0
0.6087 0.0103 -0.0844 0 30 0 0
0.6087 0.0103 -0.0844 0 30 0 0
0.6087 0.0103 -0.0844 0 30 0 0
0.6087 0.0100 -0.0865 0 30 0 0
0.6087 0.0100 -0.0865 0 30 0 0
0.6087 0.0100 -0.0865 0 30 0 0
0.6087 0.0100 -0.0865 0 30 0 0
0.6087 0.0100 -0.0865 0 30 0 0
0.6087 0.0100 -0.0865 0 30 0 0
0.6087 0.0100 -0.0865 0 30 0 0
0.6087 0.0100 -0.0865 0 30 0 0
0.6304 0.0097 -0.0915 0 30 0 0
0.6304 0.0097 -0.0915 0 30 0 0
0.6304 0.0097 -0.0915 0 30 0 0
0.6304 0.0097 -0.0915 0 30 0 0
0.6304 0.0097 -0.0915 0 30 0 0
0.6087 0.0098 -0.0905 0 30 0 0
0.6087 0.0098 -0.0905 0 30 0 0
0.6087 0.0098 -0.0905 0 30 0 0
0.6087 0.0098 -0.0905 0 30 0 0
0.6087 0.0098 -0.0905 0 30 0 0
0.6087 0.0100 -0.0904 0 30 0 0
0.6304 0.0100 -0.0904 0 30 0 0
0.6304 0.0100 -0.0904 0 30 0 0
0.6304 0.0100 -0.0904 0 30 0 0
0.6304 0.0100 -0.0904 0 30 0 0
0.6304 0.0100 -0.0904 0 30 0 0
0.6304 0.0100 -0.0904 0 30 0 0
0.6304 0.0100 -0.0904 0 30 0 0
0.6304 0.0100 -0.0904 0 30 0 0
0.6304 0.0105 -0.0891 0 30 0 0
0.6304 0.0105 -0.0891 0 30 0 0
0.6304 0.0105 -0.0891 0 30 0 0
0.6304 0.0105 -0.0891 0 30 0 0
0.6304 0.0105 -0.0891 0 30 0 0
0.6304 0.0105 -0.0891 0 30 0 0
0.5217 0.0110 -0.0889 0 30 0 0
0.5217 0.0110 -0.0889 0 30 0 0
0.5217 0.0110 -0.0889 30 30 0 0
0.5217 0.0110 -0.0889 30 30 0 0
0.5217 0.0110 -0.0889 30 30 0 0
0.5217 0.0110 -0.0889 30 30 0 0
0.5217 0.0115 -0.0874 30 30 0 0
0.5870 0.0115 -0.0874 30 30 0 0
0.5870 0.0115 -0.0874 30 30 0 0
0.5870 0.0115 -0.0874 30 30 0 0
0.5870 0.0115 -0.0874 30 30 0 0
0.5870 0.0115 -0.0874 30 30 0 0
0.5870 0.0115 -0.0874 30 30 0 0
0.5870 0.0115 -0.0874 30 30 0 0
0.5870 0.0115 -0.0874 30 30 0 0
0.6522 0.0118 -0.0888 30 30 0 0
0.6522 0.0118 -0.0888 30 30 0 0
0.6522 0.0118 -0.0888 30 30 0 0
0.6522 0.0118 -0.0888 30 30 0 0
0.6522 0.0116 -0.0880 30 30 0 0
0.6739 0.0116 -0.0880 30 30 0 0
0.6739 0.0116 -0.0880 30 30 0 0
0.6739 0.0116 -0.0880 30 30 0 0
0.6739 0.0116 -0.0880 30 30 0 0
0.6739 0.0116 -0.0880 30 30 0 0
0.6304 0.0114 -0.0902 30 30 0 0
0.6304 0.0114 -0.0902 30 30 0 0
0.6304 0.0114 -0.0902 30 30 0 0
0.6304 0.0114 -0.0902 30 30 0 0
0.6304 0.0114 -0.0902 30 30 0 0
0.6304 0.0114 -0.0902 30 30 0 0
0.6304 0.0114 -0.0902 30 30 0 0
0.6304 0.0114 -0.0902 30 30 0 0
0.6522 0.0113 -0.0882 30 30 0 0
0.6522 0.0113 -0.0882 30 30 0 0
0.6522 0.0113 -0.0882 30 30 0 0
0.6522 0.0113 -0.0882 30 30 0 0
0.6522 0.0113 -0.0882 30 30 0 0
0.6087 0.0112 -0.0859 30 30 0 0
0.6087 0.0112 -0.0859 30 30 0 0
0.6087 0.0112 -0.0859 30 30 0 0
0.6087 0.0112 -0.0859 30 30 0 0
0.6087 0.0112 -0.0859 30 30 0 0
0.6087 0.0112 -0.0859 30 30 0 0
0.6739 0.0109 -0.0851 30 30 0 0
0.6739 0.0109 -0.0851 30 30 0 0
0.6739 0.0109 -0.0851 30 30 0 0
0.6739 0.0109 -0.0851 30 30 0 0
0.6739 0.0109 -0.0851 30 30 0 0
0.6739 0.0109 -0.0851 30 30 0 0
0.6739 0.0109 -0.0851 30 30 0 0
0.6739 0.0109 -0.0851 30 30 0 0
0.6739 0.0109 -0.0851 30 30 0 0
0.6739 0.0100 -0.0852 30 30 0 0
0.6304 0.0100 -0.0852 30 30 0 0
0.6304 0.0100 -0.0852 30 30 0 0
0.6304 0.0100 -0.0852 30 30 0 0
0.6304 0.0100 -0.0852 30 30 0 0
0.6304 0.0100 -0.0852 30 30 0 0
0.6739 0.0092 -0.0844 30 30 0 0
0.6739 0.0092 -0.0844 30 30 0 0
0.6739 0.0092 -0.0844 30 30 0 0
0.6739 0.0092 -0.0844 30 30 0 0
0.6739 0.0092 -0.0844 30 30 0 0
0.6739 0.0092 -0.0844 30 30 0 0
0.6739 0.0092 -0.0844 30 30 0 0
0.6739 0.0092 -0.0844 30 30 0 0
0.6739 0.0092 -0.0844 30 30 0 0
0.6739 0.0092 -0.0844 30 30 0 0
0.6739 0.0092 -0.0844 30 30 0 0
0.6739 0.0092 -0.0844 30 30 0 0
0.6739 0.0092 -0.0844 30 30 0 0
0.6739 0.0092 -0.0844 30 30 0 0
0.6739 0.0092 -0.0844 30 30 0 0
0.6739 0.0092 -0.0844 30 30 0 0
0.6739 0.0092 -0.0844 30 30 0 0
0.6739 0.0085 -0.0848 30 30 0 0
0.6739 0.0085 -0.0848 30 30 0 0
0.6739 0.0085 -0.0848 30 30 0 0
0.6739 0.0082 -0.0870 30 30 0 0
0.6522 0.0082 -0.0870 30 30 0 0
0.6304 0.0083 -0.0864 30 30 0 0
0.6304 0.0083 -0.0864 30 30 0 0
0.6304 0.0083 -0.0864 30 30 0 0
0.6304 0.0088 -0.0880 30 30 0 0
0.6304 0.0088 -0.0880 30 30 0 0
0.6304 0.0088 -0.0880 30 30 0 0
0.6304 0.0088 -0.0880 30 30 0 0
0.6304 0.0088 -0.0880 30 30 0 0
0.6304 0.0088 -0.0880 30 30 0 0
0.6304 0.0088 -0.0880 30 30 0 0
0.6304 0.0088 -0.0880 30 30 0 0
0.6087 0.0096 -0.0861 30 30 0 0
0.6087 0.0096 -0.0861 30 30 0 0
0.6087 0.0096 -0.0861 30 30 0 0
0.6087 0.0096 -0.0861 30 30 0 0
0.6087 0.0096 -0.0861 30 30 0 0
0.6087 0.0096 -0.0861 30 30 0 0
0.6087 0.0096 -0.0861 30 30 0 0
0.6087 0.0102 -0.0833 30 30 0 0
0.6087 0.0102 -0.0833 30 30 0 0
0.6087 0.0102 -0.0833 30 30 0 0
0.6087 0.0102 -0.0833 30 30 0 0
0.6087 0.0102 -0.0833 30 30 0 0
0.6087 0.0102 -0.0833 30 30 0 0
0.6087 0.0103 -0.0822 30 30 0 0
0.6087 0.0103 -0.0822 30 30 0 0
0.6087 0.0103 -0.0822 30 30 0 0
0.6087 0.0103 -0.0822 30 30 0 0
0.6087 0.0103 -0.0822 30 30 0 0
0.6087 0.0103 -0.0822 30 30 0 0
0.6087 0.0103 -0.0822 30 30 0 0
0.6087 0.0103 -0.0822 30 30 0 0
0.6087 0.0103 -0.0822 30 30 0 0
0.5870 0.0100 -0.0788 30 30 0 0
0.5870 0.0100 -0.0788 30 30 0 0
0.5870 0.0100 -0.0788 30 30 0 0
0.5870 0.0100 -0.0788 30 30 0 0
0.5870 0.0100 -0.0788 30 30 0 0
0.5870 0.0095 -0.0774 30 30 0 0
0.5870 0.0095 -0.0774 30 30 0 0
0.5870 0.0095 -0.0774 0 30 0 0
0.5870 0.0095 -0.0774 0 30 0 0
0.5870 0.0091 -0.0773 0 30 0 0
0.5870 0.0091 -0.0773 0 30 0 0
0.5870 0.0091 -0.0773 0 30 0 0
0.5870 0.0091 -0.0773 0 30 0 0
0.5870 0.0091 -0.0773 0 30 0 0
0.5870 0.0091 -0.0773 0 30 0 0
0.5870 0.0091 -0.0773 0 30 0 0
0.5870 0.0091 -0.0773 0 30 0 0
0.5870 0.0091 -0.0773 0 30 0 0
0.5870 0.0091 -0.0773 0 30 0 0
0.5870 0.0088 -0.0753 0 30 0 0
0.6522 0.0088 -0.0753 0 30 0 0
0.6522 0.0088 -0.0753 0 30 0 0
0.6522 0.0088 -0.0753 0 30 0 0
0.6304 0.0089 -0.0740 0 30 0 0
0.6304 0.0089 -0.0740 0 30 0 0
0.6304 0.0089 -0.0740 0 30 0 0
0.6304 0.0089 -0.0740 0 30 0 0
0.6304 0.0089 -0.0740 0 30 0 0
0.6304 0.0089 -0.0740 0 30 0 0
0.6304 0.0091 -0.0725 0 30 0 0
0.6522 0.0091 -0.0725 0 30 0 0
0.6522 0.0091 -0.0725 0 30 0 0
0.6522 0.0091 -0.0725 0 30 0 0
0.6522 0.0091 -0.0725 0 30 0 0
0.6522 0.0091 -0.0725 0 30 0 0
0.6522 0.0091 -0.0725 0 30 0 0
0.6522 0.0091 -0.0725 0 30 0 0
0.6522 0.0090 -0.0701 0 30 0 0
0.6522 0.0090 -0.0701 0 30 0 0
0.6522 0.0090 -0.0701 0 30 0 0
0.6522 0.0090 -0.0701 0 30 0 0
0.6522 0.0090 -0.0701 0 30 0 0
0.6522 0.0090 -0.0701 0 30 0 0
0.6087 0.0085 -0.0700 0 30 0 0
0.6087 0.0085 -0.0700 0 30 0 0
0.6087 0.0085 -0.0700 0 30 0 0
0.6087 0.0085 -0.0700 0 30 0 0
0.6087 0.0085 -0.0700 0 30 0 0
0.6087 0.0085 -0.0700 0 30 0 0
0.6522 0.0081 -0.0701 0 30 0 0
0.6522 0.0081 -0.0701 0 30 0 0
0.6522 0.0081 -0.0701 0 30 0 0
0.6522 0.0081 -0.0701 0 30 0 0
0.6522 0.0081 -0.0701 0 30 0 0
0.6522 0.0081 -0.0701 0 30 0 0
0.6522 0.0081 -0.0701 0 30 0 0
0.6522 0.0081 -0.0701 0 30 0 0
0.5870 0.0076 -0.0694 0 30 0 0
0.5870 0.0076 -0.0694 0 30 0 0
0.5870 0.0076 -0.0694 0 30 0 0
0.5870 0.0076 -0.0694 0 30 0 0
0.5870 0.0076 -0.0694 0 30 0 0
0.5870 0.0076 -0.0694 0 30 0 0
0.6522 0.0076 -0.0694 0 30 0 0
0.6522 0.0076 -0.0694 0 30 0 0
0.6522 0.0076 -0.0694 0 30 0 0
0.6522 0.0076 -0.0694 0 30 0 0
0.6522 0.0076 -0.0694 0 30 0 0
0.6522 0.0076 -0.0694 0 30 0 0
0.5870 0.0076 -0.0689 0 30 0 0
0.5870 0.0076 -0.0689 0 30 0 0
0.5870 0.0076 -0.0689 0 30 0 0
0.5870 0.0076 -0.0689 0 30 0 0
0.5870 0.0076 -0.0689 0 30 0 0
0.5870 0.0076 -0.0689 0 30 0 0
0.5870 0.0076 -0.0689 0 30 0 0
0.5870 0.0076 -0.0689 0 30 0 0
0.5870 0.0076 -0.0689 0 30 0 0
0.6304 0.0072 -0.0675 0 30 0 0
0.6304 0.0072 -0.0675 0 30 0 0
0.6304 0.0072 -0.0675 0 30 0 0
0.6304 0.0072 -0.0675 0 30 0 0
0.6522 0.0066 -0.0682 0 30 0 0
0.6522 0.0066 -0.0682 0 30 0 0
0.6522 0.0066 -0.0682 0 30 0 0
0.6522 0.0066 -0.0682 0 30 0 0
0.6522 0.0066 -0.0682 0 30 0 0
0.6522 0.0066 -0.0682 0 30 0 0
0.6522 0.0066 -0.0682 0 30 0 0
0.6522 0.0066 -0.0682 0 30 0 0
0.6087 0.0055 -0.0675 0 30 0 0
0.6087 0.0055 -0.0675 0 30 0 0
0.6087 0.0055 -0.0675 0 30 0 0
0.6087 0.0055 -0.0675 0 30 0 0
0.6087 0.0055 -0.0675 0 30 0 0
0.6087 0.0055 -0.0675 0 30 0 0
0.6087 0.0046 -0.0669 0 30 0 0
0.6087 0.0046 -0.0669 0 30 0 0
0.6087 0.0046 -0.0669 0 30 0 0
0.6087 0.0046 -0.0669 0 30 0 0
0.6087 0.0046 -0.0669 0 30 0 0
0.6087 0.0046 -0.0669 0 30 0 0
0.5870 0.0038 -0.0652 0 30 0 0
0.5870 0.0038 -0.0652 0 30 0 0
0.5870 0.0038 -0.0652 0 30 0 0
0.5870 0.0038 -0.0652 0 30 0 0
0.5870 0.0038 -0.0652 0 30 0 0
0.5870 0.0038 -0.0652 0 30 0 0
0.5870 0.0038 -0.0652 0 30 0 0
0.5870 0.0038 -0.0652 0 30 0 0
0.5870 0.0038 -0.0652 0 30 0 0
0.6304 0.0031 -0.0662 0 30 0 0
0.6304 0.0031 -0.0662 0 30 0 0
0.6304 0.0031 -0.0662 0 30 0 0
0.6304 0.0031 -0.0662 0 30 0 0
0.6304 0.0031 -0.0662 0 30 0 0
0.6304 0.0031 -0.0662 0 30 0 0
0.6304 0.0027 -0.0682 0 30 0 0
0.5870 0.0027 -0.0682 0 30 0 0
0.5870 0.0027 -0.0682 0 30 0 0
0.5870 0.0027 -0.0682 0 30 0 0
0.5870 0.0027 -0.0682 0 30 0 0
0.5870 0.0027 -0.0682 0 30 0 0
0.5870 0.0027 -0.0676 0 30 0 0
0.5652 0.0027 -0.0676 0 30 0 0
0.5652 0.0027 -0.0676 0 30 0 0
0.5652 0.0027 -0.0676 0 30 0 0
0.5652 0.0027 -0.0676 0 30 0 0
0.5652 0.0027 -0.0676 0 30 0 0
0.5652 0.0027 -0.0676 0 30 0 0
0.5652 0.0029 -0.0677 0 30 0 0
0.5652 0.0029 -0.0677 0 30 0 0
0.5652 0.0029 -0.0677 0 30 0 0
0.5652 0.0029 -0.0677 0 30 0 0
0.5652 0.0029 -0.0677 0 30 0 0
0.5652 0.0029 -0.0677 0 30 0 0
0.5652 0.0029 -0.0677 0 30 0 0
0.5652 0.0032 -0.0686 0 30 0 0
0.6087 0.0032 -0.0686 0 30 0 0
0.6087 0.0032 -0.0686 0 30 0 0
0.6087 0.0032 -0.0686 0 30 0 0
0.6087 0.0032 -0.0686 0 30 0 0
0.6087 0.0032 -0.0686 0 30 0 0
0.5435 0.0036 -0.0700 0 30 0 0
0.5435 0.0036 -0.0700 0 30 0 0
0.5435 0.0036 -0.0700 0 30 0 0
0.5435 0.0036 -0.0700 0 30 0 0
0.5435 0.0036 -0.0700 0 30 0 0
0.5435 0.0036 -0.0700 0 30 0 0
0.5435 0.0036 -0.0700 0 30 0 0
0.5435 0.0044 -0.0722 0 30 0 0
0.5870 0.0044 -0.0722 0 30 0 0
0.5870 0.0044 -0.0722 0 30 0 0
0.5870 0.0044 -0.0722 0 30 0 0
0.5870 0.0044 -0.0722 0 30 0 0
0.5870 0.0044 -0.0722 0 30 0 0
0.5870 0.0044 -0.0722 0 30 0 0
0.5870 0.0044 -0.0722 0 30 0 0
0.5435 0.0052 -0.0706 0 30 0 0
0.5435 0.0052 -0.0706 0 30 0 0
0.5435 0.0052 -0.0706 0 30 0 0
0.5435 0.0052 -0.0706 0 30 0 0
0.6087 0.0059 -0.0707 0 30 0 0
0.6087 0.0059 -0.0707 0 30 0 0
0.6087 0.0059 -0.0707 0 30 0 0
0.6087 0.0059 -0.0707 0 30 0 0
0.6087 0.0059 -0.0707 0 30 0 0
0.6087 0.0059 -0.0707 0 30 0 0
0.6087 0.0059 -0.0707 0 30 0 0
0.6087 0.0059 -0.0707 0 30 0 0
0.6087 0.0059 -0.0707 0 30 0 0
0.6087 0.0063 -0.0688 0 30 0 0
0.5435 0.0063 -0.0688 0 30 0 0
0.5435 0.0063 -0.0688 0 30 0 0
0.5435 0.0063 -0.0688 0 30 0 0
0.5435 0.0063 -0.0688 0 30 0 0
0.5435 0.0063 -0.0688 0 30 0 0
0.5435 0.0063 -0.0688 0 30 0 0
0.5870 0.0061 -0.0676 0 30 0 0
0.5870 0.0061 -0.0676 0 30 0 0
0.5870 0.0061 -0.0676 0 30 0 0
0.5870 0.0061 -0.0676 0 30 0 0
0.5870 0.0061 -0.0676 0 30 0 0
0.6087 0.0059 -0.0664 0 30 0 0
0.6087 0.0059 -0.0664 0 30 0 0
0.6087 0.0059 -0.0664 0 30 0 0
0.6087 0.0059 -0.0664 0 30 0 0
0.6087 0.0059 -0.0664 0 30 0 0
0.6087 0.0059 -0.0664 0 30 0 0
0.6087 0.0059 -0.0664 0 30 0 0
0.6087 0.0059 -0.0664 0 30 0 0
0.6087 0.0059 -0.0664 0 30 0 0
0.6304 0.0058 -0.0668 0 30 0 0
0.6304 0.0058 -0.0668 0 30 0 0
0.6304 0.0058 -0.0668 0 30 0 0
0.6304 0.0058 -0.0668 0 30 0 0
0.6304 0.0058 -0.0668 0 30 0 0
0.6304 0.0058 -0.0668 0 30 0 0
0.6304 0.0059 -0.0623 0 30 0 0
0.5435 0.0059 -0.0623 0 30 0 0
0.5435 0.0059 -0.0623 0 30 0 0
0.5435 0.0059 -0.0623 0 30 0 0
0.5435 0.0059 -0.0623 0 30 0 0
0.6087 0.0065 -0.0612 0 30 0 0
0.6087 0.0065 -0.0612 0 30 0 0
0.6087 0.0065 -0.0612 0 30 0 0
0.6087 0.0065 -0.0612 0 30 0 0
0.6087 0.0065 -0.0612 0 30 0 0
0.6087 0.0065 -0.0612 0 30 0 0
0.6087 0.0065 -0.0612 0 30 0 0
0.6087 0.0065 -0.0612 0 30 0 0
0.6304 0.0073 -0.0614 0 30 0 0
0.6304 0.0073 -0.0614 0 30 0 0
0.6304 0.0073 -0.0614 0 30 0 0
0.6304 0.0073 -0.0614 0 30 0 0
0.6304 0.0073 -0.0614 0 30 0 0
0.6304 0.0073 -0.0614 0 30 0 0
0.6087 0.0077 -0.0603 0 30 0 0
0.6087 0.0077 -0.0603 0 30 0 0
0.6087 0.0077 -0.0603 0 30 0 0
0.5870 0.0078 -0.0599 0 30 0 0
0.5870 0.0078 -0.0599 0 30 0 0
0.5870 0.0078 -0.0599 0 30 0 0
0.5870 0.0078 -0.0599 0 30 0 0
0.5870 0.0078 -0.0599 0 30 0 0
0.5870 0.0078 -0.0599 0 30 0 0
0.5870 0.0078 -0.0599 0 30 0 0
0.5870 0.0078 -0.0599 0 30 0 0
0.5870 0.0078 -0.0599 0 30 0 0
0.5870 0.0078 -0.0599 0 30 0 0
0.6522 0.0075 -0.0577 0 30 0 0
0.6522 0.0075 -0.0577 0 30 0 0
0.6522 0.0075 -0.0577 0 30 0 0
0.6522 0.0075 -0.0577 0 30 0 0
0.6522 0.0075 -0.0577 0 30 0 0
0.6522 0.0075 -0.0577 0 30 0 0
0.5870 0.0069 -0.0593 0 30 0 0
0.5870 0.0069 -0.0593 0 30 0 0
0.5870 0.0069 -0.0593 0 30 0 0
0.5870 0.0069 -0.0593 0 30 0 0
0.5870 0.0069 -0.0593 0 30 0 0
0.5870 0.0069 -0.0593 0 30 0 0
0.6304 0.0062 -0.0593 0 30 0 0
0.6304 0.0062 -0.0593 0 30 0 0
0.6304 0.0062 -0.0593 0 30 0 0
0.6304 0.0062 -0.0593 0 30 0 0
0.6304 0.0062 -0.0593 0 30 0 0
0.6304 0.0062 -0.0593 0 30 0 0
0.6304 0.0062 -0.0593 0 30 0 0
0.5652 0.0056 -0.0638 0 30 0 0
0.5652 0.0056 -0.0638 0 30 0 0
0.5652 0.0056 -0.0638 0 30 0 0
0.5652 0.0056 -0.0638 0 30 0 0
0.5652 0.0056 -0.0638 0 30 0 0
0.5652 0.0056 -0.0638 0 30 0 0
0.5652 0.0056 -0.0638 0 30 0 0
0.5652 0.0055 -0.0651 0 30 0 0
0.5652 0.0055 -0.0651 0 30 0 0
0.5652 0.0055 -0.0651 0 30 0 0
0.5652 0.0055 -0.0651 0 30 0 0
0.5652 0.0055 -0.0651 0 30 0 0
0.5870 0.0057 -0.0646 0 30 0 0
0.5870 0.0057 -0.0646 0 30 0 0
0.5870 0.0057 -0.0646 0 30 0 0
0.5870 0.0057 -0.0646 0 30 0 0
0.5870 0.0057 -0.0646 0 30 0 0
0.5870 0.0057 -0.0646 0 30 0 0
0.5870 0.0057 -0.0646 0 30 0 0
0.5217 0.0064 -0.0650 0 30 0 0
0.5217 0.0064 -0.0650 0 30 0 0
0.5217 0.0064 -0.0650 0 30 0 0
0.5217 0.0064 -0.0650 0 30 0 0
0.5217 0.0064 -0.0650 0 30 0 0
0.5217 0.0064 -0.0650 0 30 0 0
0.5217 0.0064 -0.0650 0 30 0 0
0.5217 0.0064 -0.0650 0 30 0 0
0.6304 0.0068 -0.0664 0 30 0 0
0.6304 0.0068 -0.0664 0 30 0 0
0.6304 0.0068 -0.0664 0 30 0 0
0.6304 0.0068 -0.0664 0 30 0 0
0.6304 0.0071 -0.0651 0 30 0 0
0.5870 0.0071 -0.0651 0 30 0 0
0.5870 0.0071 -0.0651 0 30 0 0
0.5870 0.0071 -0.0651 0 30 0 0
0.5870 0.0071 -0.0651 0 30 0 0
0.5870 0.0071 -0.0651 0 30 0 0
0.5870 0.0071 -0.0651 0 30 0 0
0.5870 0.0071 -0.0651 0 30 0 0
0.5870 0.0071 -0.0651 0 30 0 0
0.5870 0.0071 -0.0651 0 30 0 0
0.6087 0.0072 -0.0631 30 30 0 0
0.6087 0.0072 -0.0631 30 30 0 0
0.6087 0.0072 -0.0631 30 30 0 0
0.6087 0.0072 -0.0631 30 30 0 0
0.6087 0.0072 -0.0631 30 30 0 0
0.6087 0.0072 -0.0631 30 30 0 0
0.5217 0.0073 -0.0657 30 30 0 0
0.5217 0.0073 -0.0657 30 30 0 0
0.5217 0.0073 -0.0657 30 30 0 0
0.5217 0.0073 -0.0657 30 30 0 0
0.5217 0.0073 -0.0657 30 30 0 0
0.5217 0.0073 -0.0657 30 30 0 0
0.5217 0.0073 -0.0657 30 30 0 0
0.5217 0.0073 -0.0657 30 30 0 0
0.5217 0.0073 -0.0657 30 30 0 0
0.5217 0.0073 -0.0657 30 30 0 0
0.5217 0.0073 -0.0657 30 30 0 0
0.5217 0.0073 -0.0657 30 30 0 0
0.5870 0.0075 -0.0669 30 30 0 0
0.5870 0.0075 -0.0669 30 30 0 0
0.5870 0.0075 -0.0669 30 30 0 0
0.5870 0.0075 -0.0669 30 30 0 0
0.5870 0.0075 -0.0669 30 30 0 0
0.5870 0.0075 -0.0669 30 30 0 0
0.5435 0.0080 -0.0721 30 30 0 0
0.5870 0.0083 -0.0713 30 30 0 0
0.5870 0.0083 -0.0713 30 30 0 0
0.5870 0.0083 -0.0713 30 30 0 0
0.5870 0.0083 -0.0713 30 30 0 0
0.5870 0.0087 -0.0730 30 30 0 0
0.5870 0.0087 -0.0730 30 30 0 0
0.5870 0.0087 -0.0730 30 30 0 0
0.5870 0.0087 -0.0730 30 30 0 0
0.5870 0.0087 -0.0730 30 30 0 0
0.5870 0.0087 -0.0730 30 30 0 0
0.5870 0.0087 -0.0730 30 30 0 0
0.5870 0.0087 -0.0730 30 30 0 0
0.5652 0.0095 -0.0727 30 30 0 0
0.5652 0.0095 -0.0727 30 30 0 0
0.5652 0.0095 -0.0727 30 30 0 0
0.5652 0.0095 -0.0727 30 30 0 0
0.5652 0.0095 -0.0727 30 30 0 0
0.5652 0.0095 -0.0727 30 30 0 0
0.5652 0.0095 -0.0727 30 30 0 0
0.5217 0.0100 -0.0728 30 30 0 0
0.5217 0.0100 -0.0728 30 30 0 0
0.5217 0.0100 -0.0728 30 30 0 0
0.5217 0.0100 -0.0728 30 30 0 0
0.5217 0.0100 -0.0728 30 30 0 0
0.5217 0.0100 -0.0728 30 30 0 0
0.5870 0.0103 -0.0738 30 30 0 0
0.5870 0.0103 -0.0738 30 30 0 0
0.5870 0.0103 -0.0738 30 30 0 0
0.5870 0.0103 -0.0738 30 30 0 0
0.5870 0.0103 -0.0738 30 30 0 0
0.5870 0.0103 -0.0738 30 30 0 0
0.5870 0.0103 -0.0738 30 30 0 0
0.5870 0.0103 -0.0738 30 30 0 0
0.5870 0.0101 -0.0724 30 30 0 0
0.6087 0.0101 -0.0724 30 30 0 0
0.6087 0.0101 -0.0724 30 30 0 0
0.6087 0.0101 -0.0724 30 30 0 0
0.6087 0.0101 -0.0724 30 30 0 0
0.6087 0.0101 -0.0724 30 30 0 0
0.6087 0.0101 -0.0724 30 30 0 0
0.6087 0.0101 -0.0724 30 30 0 0
0.5870 0.0100 -0.0718 30 30 0 0
0.5870 0.0100 -0.0718 30 30 0 0
0.5870 0.0100 -0.0718 30 30 0 0
0.4783 0.0099 -0.0721 30 30 0 0
0.4783 0.0099 -0.0721 30 30 0 0
0.4783 0.0099 -0.0721 30 30 0 0
0.4783 0.0099 -0.0721 30 30 0 0
0.4783 0.0099 -0.0721 30 30 0 0
0.4783 0.0099 -0.0721 30 30 0 0
0.4783 0.0099 -0.0721 30 30 0 0
0.4783 0.0099 -0.0721 30 30 0 0
0.4783 0.0095 -0.0721 30 30 0 0
0.5435 0.0095 -0.0721 30 30 0 0
0.5435 0.0095 -0.0721 30 30 0 0
0.5435 0.0095 -0.0721 30 30 0 0
0.5435 0.0095 -0.0721 30 30 0 0
0.5435 0.0095 -0.0721 30 30 0 0
0.5435 0.0095 -0.0721 30 30 0 0
0.5435 0.0090 -0.0719 30 30 0 0
0.5435 0.0090 -0.0719 30 30 0 0
0.5435 0.0090 -0.0719 30 30 0 0
0.5435 0.0090 -0.0719 30 30 0 0
0.5435 0.0090 -0.0719 30 30 0 0
0.5435 0.0083 -0.0683 30 30 0 0
0.5435 0.0083 -0.0683 30 30 0 0
0.5435 0.0083 -0.0683 30 30 0 0
0.5435 0.0083 -0.0683 30 30 0 0
0.5435 0.0083 -0.0683 30 30 0 0
0.5435 0.0083 -0.0683 30 30 0 0
0.5435 0.0083 -0.0683 30 30 0 0
0.5435 0.0083 -0.0683 30 30 0 0
0.5435 0.0083 -0.0683 30 30 0 0
0.5435 0.0083 -0.0683 30 30 0 0
0.5435 0.0083 -0.0683 30 30 0 0
0.5435 0.0083 -0.0683 30 30 0 0
0.5435 0.0083 -0.0683 30 30 0 0
0.5435 0.0083 -0.0683 30 30 0 0
0.5435 0.0083 -0.0683 30 30 0 0
0.5435 0.0083 -0.0683 30 30 0 0
0.5435 0.0083 -0.0683 30 30 0 0
0.5435 0.0083 -0.0683 30 30 0 0
0.5435 0.0083 -0.0683 30 30 0 0
0.5435 0.0083 -0.0683 30 30 0 0
0.5435 0.0083 -0.0683 30 30 0 0
0.5435 0.0075 -0.0656 30 30 0 0
0.5435 0.0075 -0.0656 30 30 0 0
0.5435 0.0075 -0.0656 30 30 0 0
0.6522 0.0073 -0.0673 30 30 0 0
0.6522 0.0079 -0.0689 30 30 0 0
0.6739 0.0079 -0.0689 30 30 0 0
0.6739 0.0079 -0.0689 0 30 0 0
0.6739 0.0079 -0.0689 0 30 0 0
0.6739 0.0085 -0.0708 0 30 0 0
0.6087 0.0085 -0.0708 0 30 0 0
0.6087 0.0085 -0.0708 0 30 0 0
0.6087 0.0085 -0.0708 0 30 0 0
0.6087 0.0085 -0.0708 0 30 0 0
0.6087 0.0085 -0.0708 0 30 0 0
0.6087 0.0092 -0.0721 0 30 0 0
0.6087 0.0092 -0.0721 0 30 0 0
0.6087 0.0092 -0.0721 0 30 0 0
0.6087 0.0092 -0.0721 0 30 0 0
0.6087 0.0092 -0.0721 0 30 0 0
0.6087 0.0092 -0.0721 0 30 0 0
0.6087 0.0092 -0.0721 0 30 0 0
0.6087 0.0092 -0.0721 0 30 0 0
0.6087 0.0098 -0.0717 0 30 0 0
0.6087 0.0098 -0.0717 0 30 0 0
0.6087 0.0098 -0.0717 0 30 0 0
0.6087 0.0098 -0.0717 0 30 0 0
0.6087 0.0098 -0.0717 0 30 0 0
0.6087 0.0098 -0.0717 0 30 0 0
0.6087 0.0100 -0.0713 0 30 0 0
0.6087 0.0100 -0.0713 0 30 0 0
0.6087 0.0100 -0.0713 0 30 0 0
0.6087 0.0100 -0.0713 0 30 0 0
0.6087 0.0100 -0.0713 0 30 0 0
0.6087 0.0100 -0.0713 0 30 0 0
0.6087 0.0100 -0.0713 0 30 0 0
0.6087 0.0100 -0.0713 0 30 0 0
0.6087 0.0100 -0.0713 0 30 0 0
0.6087 0.0100 -0.0713 0 30 0 0
0.6087 0.0100 -0.0713 0 30 0 0
0.6087 0.0100 -0.0713 0 30 0 0
0.6087 0.0100 -0.0713 0 30 0 0
0.6087 0.0100 -0.0713 0 30 0 0
0.6087 0.0100 -0.0713 0 30 0 0
0.6087 0.0100 -0.0713 0 30 0 0
0.6087 0.0100 -0.0713 0 30 0 0
0.6087 0.0100 -0.0713 0 30 0 0
0.6087 0.0100 -0.0713 0 30 0 0
0.6087 0.0100 -0.0713 0 30 0 0
0.6087 0.0100 -0.0713 0 30 0 0
0.5435 0.0099 -0.0700 0 30 0 0
0.5435 0.0093 0.4726 0 30 0 0
0.5870 0.0093 0.4726 0 30 0 0
0.5217 0.0090 0.4748 0 30 0 0
0.5217 0.0090 0.4748 0 30 0 0
0.5652 0.0087 0.4756 0 30 0 0
0.5652 0.0087 0.4756 0 30 0 0
0.5652 0.0087 0.4756 0 30 0 0
0.5652 0.0087 0.4756 0 30 0 0
0.5652 0.0087 0.4756 0 30 0 0
0.5652 0.0087 0.4756 0 30 0 0
0.5652 0.0087 0.4756 0 30 0 0
0.5652 0.0087 0.4756 0 30 0 0
0.5652 0.0087 0.4756 0 30 0 0
0.6739 0.0084 0.4772 0 30 0 0
0.6739 0.0084 0.4772 0 30 0 0
0.6739 0.0084 0.4772 0 30 0 0
0.6739 0.0084 0.4772 0 30 0 0
0.6739 0.0084 0.4772 0 30 0 0
0.6739 0.0084 0.4772 0 30 0 0
0.6522 0.0079 0.4834 30 30 0 0
0.6522 0.0079 0.4834 30 30 0 0
0.6522 0.0079 0.4834 30 30 0 0
0.6522 0.0079 0.4834 30 30 0 0
0.6522 0.0079 0.4834 30 30 0 0
0.6522 0.0079 0.4834 30 30 0 0
0.6522 0.0074 0.4861 30 30 0 0
0.5652 0.0074 0.4861 30 30 0 0
0.5652 0.0074 0.4861 30 30 0 0
0.5652 0.0074 0.4861 30 30 0 0
0.5652 0.0074 0.4861 30 30 0 0
0.5652 0.0074 0.4861 30 30 0 0
0.5652 0.0074 0.4861 30 30 0 0
0.5652 0.0074 0.4861 30 30 0 0
0.6304 0.0070 0.4833 30 30 0 0
0.6304 0.0070 0.4833 30 30 0 0
0.6304 0.0070 0.4833 30 30 0 0
0.6304 0.0070 0.4833 30 30 0 0
0.6304 0.0070 0.4833 30 30 0 0
0.6304 0.0070 0.4802 30 30 0 0
0.6304 0.0070 0.4802 30 30 0 0
0.6304 0.0070 0.4802 30 30 0 0
0.6304 0.0070 0.4802 30 30 0 0
0.6304 0.0070 0.4802 30 30 0 0
0.6304 0.0070 0.4802 30 30 0 0
0.6304 0.0070 0.4802 30 30 0 0
0.6304 0.0070 0.4802 30 30 0 0
0.6304 0.0070 0.4802 30 30 0 0
0.5217 0.0069 0.4822 30 30 0 0
0.5217 0.0069 0.4822 30 30 0 0
0.5217 0.0069 0.4822 30 30 0 0
0.5217 0.0069 0.4822 30 30 0 0
0.5217 0.0069 0.4822 30 30 0 0
0.5217 0.0069 0.4821 30 30 0 0
0.5217 0.0069 0.4821 30 30 0 0
0.5217 0.0069 0.4821 30 30 0 0
0.5217 0.0069 0.4821 30 30 0 0
0.5217 0.0069 0.4821 30 30 0 0
0.5217 0.0069 0.4821 30 30 0 0
0.5217 0.0069 0.4821 30 30 0 0
0.5217 0.0069 0.4821 30 30 0 0
0.6087 0.0071 0.4803 30 30 0 0
0.6087 0.0071 0.4803 30 30 0 0
0.6087 0.0071 0.4803 30 30 0 0
0.6087 0.0071 0.4803 30 30 0 0
0.6087 0.0071 0.4803 30 30 0 0
0.6087 0.0071 0.4803 30 30 0 0
0.6087 0.0071 0.4803 30 30 0 0
0.6087 0.0071 0.4790 30 30 0 0
0.6087 0.0071 0.4790 30 30 0 0
0.6087 0.0071 0.4790 30 30 0 0
0.6087 0.0071 0.4790 30 30 0 0
0.6087 0.0071 0.4790 30 30 0 0
0.6087 0.0071 0.4790 30 30 0 0
0.6087 0.0071 0.4790 30 30 0 0
0.5652 0.0070 0.4806 0 30 0 0
0.5652 0.0070 0.4806 0 30 0 0
0.5652 0.0070 0.4806 0 30 0 0
0.5652 0.0070 0.4806 0 30 0 0
0.5652 0.0070 0.4806 0 30 0 0
0.5652 0.0070 0.4806 0 30 0 0
0.5652 0.0070 0.4806 0 30 0 0
0.5652 0.0070 0.4806 0 30 0 0
0.5652 0.0070 0.4806 0 30 0 0
0.5652 0.0070 0.4806 0 30 0 0
0.5652 0.0070 0.4806 0 30 0 0
0.5652 0.0070 0.4806 0 30 0 0
0.5652 0.0070 0.4806 0 30 0 0
0.5652 0.0070 0.4806 0 30 0 0
0.5652 0.0070 0.4806 0 30 0 0
0.5652 0.0070 0.4806 0 30 0 0
0.5652 0.0070 0.4806 0 30 0 0
0.5652 0.0070 0.4806 0 30 0 0
0.5870 0.0069 0.4827 0 30 0 0
0.5870 0.0069 0.4827 0 30 0 0
0.5870 0.0069 0.4827 0 30 0 0
0.5870 0.0070 0.4852 0 30 0 0
0.5870 0.0075 0.4861 0 30 0 0
0.5870 0.0075 0.4861 0 30 0 0
0.5870 0.0075 0.4861 0 30 0 0
0.5870 0.0075 0.4861 0 30 0 0
0.5870 0.0075 0.4861 0 30 0 0
0.5652 0.0079 0.4868 0 30 0 0
0.5652 0.0079 0.4868 0 30 0 0
0.5652 0.0079 0.4868 0 30 0 0
0.5652 0.0079 0.4868 0 30 0 0
0.5652 0.0079 0.4868 0 30 0 0
0.5652 0.0079 0.4868 0 30 0 0
0.5652 0.0079 0.4868 0 30 0 0
0.5652 0.0079 0.4868 0 30 0 0
0.5652 0.0079 0.4868 0 30 0 0
0.5652 0.0079 0.4868 0 30 0 0
0.5652 0.0079 0.4868 0 30 0 0
0.5652 0.0079 0.4868 0 30 0 0
0.5652 0.0079 0.4868 0 30 0 0
0.5652 0.0079 0.4868 0 30 0 0
0.6304 0.0080 0.4868 0 30 0 0
0.6304 0.0080 0.4868 0 30 0 0
0.6304 0.0080 0.4868 0 30 0 0
0.5652 0.0078 0.4868 0 30 0 0
0.5652 0.0073 0.4848 0 30 0 0
0.6087 0.0073 0.4848 0 30 0 0
0.6087 0.0073 0.4848 0 30 0 0
0.6087 0.0073 0.4848 30 30 0 0
0.6087 0.0073 0.4848 30 30 0 0
0.6087 0.0073 0.4848 30 30 0 0
0.5870 0.0070 0.4838 30 30 0 0
0.5870 0.0070 0.4838 30 30 0 0
0.5870 0.0070 0.4838 30 30 0 0
0.5870 0.0070 0.4838 30 30 0 0
0.5870 0.0070 0.4838 30 30 0 0
0.5870 0.0070 0.4838 30 30 0 0
0.5870 0.0070 0.4838 30 30 0 0
0.5870 0.0070 0.4838 30 30 0 0
0.6087 0.0073 0.4753 30 30 0 0
0.6087 0.0073 0.4753 30 30 0 0
0.6087 0.0073 0.4753 30 30 0 0
0.6087 0.0073 0.4753 30 30 0 0
0.6087 0.0073 0.4753 30 30 0 0
0.6087 0.0073 0.4753 30 30 0 0
0.6087 0.0073 0.4753 30 30 0 0
0.6087 0.0073 0.4753 30 30 0 0
0.6739 0.0079 0.4773 30 30 0 0
0.6739 0.0079 0.4773 30 30 0 0
0.6739 0.0079 0.4773 30 30 0 0
0.6739 0.0079 0.4773 30 30 0 0
0.6739 0.0079 0.4773 30 30 0 0
0.6739 0.0079 0.4773 30 30 0 0
0.6739 0.0079 0.4773 30 30 0 0
0.6087 0.0082 0.4781 30 30 0 0
0.6087 0.0082 0.4781 30 30 0 0
0.6087 0.0082 0.4781 30 30 0 0
0.6087 0.0082 0.4781 30 30 0 0
0.6087 0.0082 0.4781 30 30 0 0
0.6087 0.0082 0.4781 30 30 0 0
0.6087 0.0087 0.4771 30 30 0 0
0.6304 0.0087 0.4771 30 30 0 0
0.6304 0.0087 0.4771 30 30 0 0
0.6304 0.0087 0.4771 30 30 0 0
0.6304 0.0087 0.4771 30 30 0 0
0.6304 0.0087 0.4771 30 30 0 0
0.6304 0.0090 0.4778 30 30 0 0
0.6087 0.0090 0.4778 30 30 0 0
0.6087 0.0090 0.4778 30 30 0 0
0.6087 0.0090 0.4778 30 30 0 0
0.6087 0.0090 0.4778 30 30 0 0
0.5435 0.0091 0.4772 30 30 0 0
0.5435 0.0091 0.4772 30 30 0 0
0.5435 0.0091 0.4772 30 30 0 0
0.5435 0.0091 0.4772 30 30 0 0
0.5435 0.0091 0.4772 30 30 0 0
0.5435 0.0091 0.4772 30 30 0 0
0.5435 0.0093 0.4735 30 30 0 0
0.5217 0.0093 0.4735 30 30 0 0
0.5217 0.0093 0.4735 30 30 0 0
0.5217 0.0093 0.4735 30 30 0 0
0.5217 0.0093 0.4735 30 30 0 0
0.5217 0.0093 0.4735 30 30 0 0
0.5217 0.0093 0.4735 30 30 0 0
0.5217 0.0093 0.4744 30 30 0 0
0.6087 0.0093 0.4744 30 30 0 0
0.6087 0.0093 0.4744 30 30 0 0
0.6087 0.0093 0.4744 30 30 0 0
0.6087 0.0093 0.4744 30 30 0 0
0.6087 0.0093 0.4744 30 30 0 0
0.6087 0.0093 0.4744 30 30 0 0
0.6304 0.0094 0.4717 30 30 0 0
0.6304 0.0094 0.4717 30 30 0 0
0.6304 0.0094 0.4717 30 30 0 0
0.6304 0.0094 0.4717 30 30 0 0
0.6304 0.0094 0.4717 30 30 0 0
0.6304 0.0094 0.4717 30 30 0 0
0.6304 0.0094 0.4717 30 30 0 0
0.6304 0.0094 0.4717 30 30 0 0
0.5870 0.0096 0.4706 30 30 0 0
0.5870 0.0096 0.4706 30 30 0 0
0.5870 0.0096 0.4706 30 30 0 0
0.5870 0.0096 0.4706 30 30 0 0
0.5870 0.0096 0.4706 30 30 0 0
0.5870 0.0096 0.4706 30 30 0 0
0.5870 0.0096 0.4706 30 30 0 0
0.5870 0.0097 0.4717 30 30 0 0
0.6087 0.0097 0.4717 30 30 0 0
0.6087 0.0097 0.4717 30 30 0 0
0.6087 0.0097 0.4717 30 30 0 0
0.6087 0.0097 0.4717 30 30 0 0
0.6087 0.0097 0.4717 30 30 0 0
0.6087 0.0097 0.4717 30 30 0 0
0.6304 0.0099 0.4734 30 30 0 0
0.6304 0.0099 0.4734 30 30 0 0
0.6304 0.0099 0.4734 30 30 0 0
0.6304 0.0099 0.4734 30 30 0 0
0.6304 0.0099 0.4734 30 30 0 0
0.6304 0.0099 0.4734 30 30 0 0
0.5870 0.0103 0.4762 30 30 0 0
0.5870 0.0103 0.4762 30 30 0 0
0.5870 0.0103 0.4762 0 30 0 0
0.5870 0.0103 0.4762 0 30 0 0
0.5870 0.0103 0.4762 0 30 0 0
0.5870 0.0103 0.4762 0 30 0 0
0.5870 0.0103 0.4762 0 30 0 0
0.6087 0.0105 0.4741 0 30 0 0
0.6087 0.0105 0.4741 0 30 0 0
0.6087 0.0105 0.4741 0 30 0 0
0.6087 0.0105 0.4741 0 30 0 0
0.6087 0.0105 0.4741 0 30 0 0
0.6087 0.0105 0.4741 0 30 0 0
0.6087 0.0105 0.4741 0 30 0 0
0.5652 0.0104 0.4699 0 30 0 0
0.5652 0.0104 0.4699 0 30 0 0
0.5652 0.0104 0.4699 0 30 0 0
0.5652 0.0104 0.4699 0 30 0 0
0.5652 0.0104 0.4699 0 30 0 0
0.5652 0.0104 0.4699 0 30 0 0
0.5652 0.0104 0.4699 0 30 0 0
0.6739 0.0100 0.4707 0 30 0 0
0.6739 0.0100 0.4707 0 30 0 0
0.6739 0.0100 0.4707 0 30 0 0
0.6739 0.0100 0.4707 0 30 0 0
0.6739 0.0100 0.4707 0 30 0 0
0.6739 0.0100 0.4707 0 30 0 0
0.6522 0.0098 0.4740 0 30 0 0
0.6522 0.0098 0.4740 0 30 0 0
0.6522 0.0098 0.4740 0 30 0 0
0.6522 0.0098 0.4740 0 30 0 0
0.6522 0.0098 0.4740 0 30 0 0
0.6304 0.0094 0.4766 0 30 0 0
0.6304 0.0094 0.4766 0 30 0 0
0.6304 0.0094 0.4766 0 30 0 0
0.6304 0.0094 0.4766 0 30 0 0
0.6304 0.0094 0.4766 0 30 0 0
0.6304 0.0094 0.4766 0 30 0 0
0.6304 0.0087 0.4742 0 30 0 0
0.6304 0.0087 0.4742 0 30 0 0
0.6304 0.0087 0.4742 0 30 0 0
0.6304 0.0087 0.4742 0 30 0 0
0.6304 0.0087 0.4742 0 30 0 0
0.6304 0.0087 0.4742 0 30 0 0
0.6304 0.0083 0.4731 0 30 0 0
0.5870 0.0083 0.4731 0 30 0 0
0.5870 0.0083 0.4731 0 30 0 0
0.5870 0.0083 0.4731 0 30 0 0
0.5870 0.0083 0.4731 0 30 0 0
0.5870 0.0083 0.4731 0 30 0 0
0.5870 0.0083 0.4731 0 30 0 0
0.6957 0.0083 0.4734 0 30 0 0
0.6957 0.0083 0.4734 0 30 0 0
0.6957 0.0083 0.4734 0 30 0 0
0.6957 0.0083 0.4734 0 30 0 0
0.6957 0.0083 0.4734 0 30 0 0
0.6957 0.0083 0.4734 0 30 0 0
0.6957 0.0083 0.4734 0 30 0 0
0.7391 0.0084 0.4710 30 30 0 0
0.7391 0.0084 0.4710 30 30 0 0
0.7391 0.0084 0.4710 30 30 0 0
0.7391 0.0084 0.4710 30 30 0 0
0.7391 0.0084 0.4710 30 30 0 0
0.7391 0.0084 0.4710 30 30 0 0
0.7391 0.0084 0.4712 30 30 0 0
0.6739 0.0084 0.4712 30 30 0 0
0.6739 0.0084 0.4712 30 30 0 0
0.6739 0.0084 0.4712 30 30 0 0
0.6739 0.0084 0.4712 30 30 0 0
0.6739 0.0084 0.4712 30 30 0 0
0.6739 0.0084 0.4712 30 30 0 0
0.6739 0.0084 0.4712 30 0 0 0
0.6739 0.0084 0.4712 30 0 0 0
0.6739 0.0083 0.4745 30 0 0 0
0.6739 0.0083 0.4745 30 0 0 0
0.6739 0.0083 0.4745 30 0 0 0
0.6739 0.0083 0.4745 30 0 0 0
0.6739 0.0083 0.4745 30 0 0 0
0.6522 0.0082 0.4768 30 0 0 0
0.6522 0.0082 0.4768 30 0 0 0
0.6522 0.0082 0.4768 30 0 0 0
0.6522 0.0082 0.4768 30 0 0 0
0.6522 0.0082 0.4768 30 0 0 0
0.6522 0.0082 0.4768 30 0 0 0
0.6522 0.0082 0.4768 30 0 0 0
0.5652 0.0081 0.4805 30 0 0 0
0.5652 0.0081 0.4805 30 0 0 0
0.5652 0.0081 0.4805 30 0 0 0
0.5652 0.0081 0.4805 30 0 0 0
0.5652 0.0081 0.4805 30 0 0 0
0.5652 0.0081 0.4805 30 0 0 0
0.5652 0.0081 0.4805 30 0 0 0
0.5652 0.0081 0.4805 30 0 0 0
0.5652 0.0081 0.4805 30 0 0 0
0.6304 0.0083 0.4789 30 0 0 0
0.6304 0.0083 0.4789 30 0 0 0
0.6304 0.0083 0.4789 30 0 0 0
0.6304 0.0083 0.4789 30 0 0 0
0.6304 0.0083 0.4789 30 0 0 0
0.6304 0.0083 0.4789 30 0 0 0
0.6304 0.0083 0.4789 30 0 0 0
0.6087 0.0088 0.4770 30 0 0 0
0.6087 0.0088 0.4770 30 0 0 0
0.6087 0.0088 0.4770 30 0 0 0
0.6087 0.0088 0.4770 30 0 0 0
0.6087 0.0088 0.4770 30 0 0 0
0.6087 0.0092 0.4787 30 0 0 0
0.6087 0.0092 0.4787 30 0 0 0
0.6087 0.0092 0.4787 30 0 0 0
0.6087 0.0092 0.4787 30 0 0 0
0.6087 0.0092 0.4787 30 0 0 0
0.6087 0.0092 0.4787 30 0 0 0
0.6087 0.0092 0.4787 30 0 0 0
0.6087 0.0092 0.4787 30 0 0 0
0.6087 0.0092 0.4787 30 0 0 0
0.6087 0.0092 0.4787 30 0 0 0
0.6087 0.0095 -0.0369 30 0 0 0
0.5217 0.0095 -0.0369 30 0 0 0
0.5217 0.0095 -0.0369 30 0 0 0
0.5217 0.0095 -0.0369 30 0 0 0
0.5435 0.0095 -0.0377 30 0 0 0
0.5435 0.0095 -0.0377 30 0 0 0
0.5435 0.0095 -0.0377 30 0 0 0
0.5435 0.0095 -0.0377 30 0 0 0
0.5435 0.0095 -0.0377 30 0 0 0
0.5435 0.0095 -0.0377 30 0 0 0
0.5435 0.0095 -0.0377 30 0 0 0
0.6087 0.0097 -0.0349 30 0 0 0
0.6087 0.0097 -0.0349 30 0 0 0
0.6087 0.0097 -0.0349 30 0 0 0
0.6087 0.0097 -0.0349 30 0 0 0
0.6087 0.0097 -0.0349 30 0 0 0
0.6087 0.0097 -0.0349 30 0 0 0
0.6087 0.0097 -0.0349 30 0 0 0
0.6087 0.0097 -0.0349 30 0 0 0
0.5435 0.0101 -0.0340 30 0 0 0
0.5435 0.0101 -0.0340 30 0 0 0
0.5435 0.0101 -0.0340 30 0 0 0
0.5435 0.0101 -0.0340 30 0 0 0
0.5435 0.0101 -0.0340 30 0 0 0
0.5870 0.0103 -0.0267 30 0 0 0
0.5870 0.0103 -0.0267 30 0 0 0
0.5870 0.0103 -0.0267 30 0 0 0
0.5870 0.0103 -0.0267 30 0 0 0
0.5870 0.0103 -0.0267 30 0 0 0
0.5870 0.0103 -0.0267 30 0 0 0
0.5870 0.0103 -0.0267 30 0 0 0
0.6522 0.0102 -0.0263 30 0 0 0
0.6522 0.0102 -0.0263 30 0 0 0
0.6522 0.0102 -0.0263 30 0 0 0
0.6522 0.0102 -0.0263 30 0 0 0
0.6522 0.0102 -0.0263 30 0 0 0
0.6522 0.0102 -0.0263 30 0 0 0
0.6522 0.0102 -0.0263 30 0 0 0
0.6522 0.0102 -0.0263 30 0 0 0
0.6087 0.0097 -0.0201 30 0 0 0
0.6087 0.0097 -0.0201 30 0 0 0
0.6087 0.0097 -0.0201 30 0 0 0
0.6087 0.0097 -0.0201 30 0 0 0
0.6087 0.0097 -0.0201 30 0 0 0
0.6087 0.0097 -0.0201 30 0 0 0
0.6087 0.0097 -0.0201 30 0 0 0
0.7174 0.0090 -0.0197 30 0 0 0
0.7174 0.0090 -0.0197 30 0 0 0
0.7174 0.0090 -0.0197 30 0 0 0
0.7174 0.0090 -0.0197 30 0 0 0
0.7174 0.0090 -0.0197 30 0 0 0
0.7174 0.0090 -0.0197 30 0 0 0
0.7174 0.0090 -0.0197 30 0 0 0
0.6087 0.0084 -0.0159 0 0 0 0
0.6087 0.0057 -0.0164 0 -30 0 0
0.6087 0.0057 -0.0164 0 -30 0 0
0.6087 0.0043 -0.0171 0 -30 0 0
0.5435 0.0043 -0.0171 0 -30 0 0
0.5435 0.0063 -0.0201 0 -30 0 0
0.5652 0.0063 -0.0201 0 -30 0 0
0.5652 0.0083 -0.0214 0 -30 0 0
0.6087 0.0083 -0.0214 0 -30 0 0
0.6087 0.0089 -0.0240 0 -30 0 0
0.6304 0.0089 -0.0240 0 -30 0 0
0.5870 0.0075 -0.0248 0 -30 0 0
0.5870 0.0075 -0.0248 0 -30 0 0
0.5870 0.0075 -0.0248 0 -30 0 0
0.5870 0.0075 -0.0248 0 -30 0 0
0.6957 0.0073 -0.0252 0 -30 0 0
0.6957 0.0073 -0.0252 0 -30 0 0
0.6957 0.0073 -0.0252 0 -30 0 0
0.6957 0.0073 -0.0252 0 -30 0 0
0.6957 0.0073 -0.0252 0 -30 0 0
0.6304 0.0075 -0.0251 0 -30 0 0
0.6304 0.0075 -0.0251 0 -30 0 0
0.6304 0.0075 -0.0251 0 -30 0 0
0.6304 0.0075 -0.0251 0 -30 0 0
0.6304 0.0077 -0.0264 0 -30 0 0
0.5870 0.0077 -0.0264 0 -30 0 0
0.5870 0.0077 -0.0264 0 -30 0 0
0.5870 0.0077 -0.0264 0 -30 0 0
0.5870 0.0077 -0.0264 0 -30 0 0
0.5870 0.0077 -0.0264 0 -30 0 0
0.5870 0.0077 -0.0264 0 -30 0 0
0.5870 0.0077 -0.0264 0 -30 0 0
0.5870 0.0077 -0.0264 0 -30 0 0
0.5870 0.0069 -0.0293 0 -30 0 0
0.5870 0.0069 -0.0293 0 -30 0 0
0.5870 0.0069 -0.0293 0 -30 0 0
0.5870 0.0069 -0.0293 0 -30 0 0
0.5870 0.0069 -0.0293 0 -30 0 0
0.5870 0.0069 -0.0293 0 -30 0 0
0.5435 0.0061 -0.0308 0 -30 0 0
0.5435 0.0061 -0.0308 0 -30 0 0
0.5435 0.0061 -0.0308 0 -30 0 0
0.5435 0.0061 -0.0308 0 -30 0 0
0.5435 0.0061 -0.0308 30 -30 0 0
0.5435 0.0061 -0.0308 30 -30 0 0
0.5435 0.0061 -0.0308 30 -30 0 0
0.5217 0.0053 -0.0290 30 -30 0 0
0.5217 0.0053 -0.0290 30 -30 0 0
0.5217 0.0053 -0.0290 30 -30 0 0
0.5217 0.0053 -0.0290 30 -30 0 0
0.5217 0.0053 -0.0290 30 -30 0 0
0.5217 0.0053 -0.0290 30 -30 0 0
0.5217 0.0053 -0.0290 30 0 0 0
0.5217 0.0053 -0.0290 30 0 0 0
0.4783 0.0044 -0.0292 30 0 0 0
0.4783 0.0044 -0.0292 30 0 0 0
0.4783 0.0044 -0.0292 30 0 0 0
0.4783 0.0044 -0.0292 30 0 0 0
0.4783 0.0044 -0.0292 30 0 0 0
0.4783 0.0044 -0.0292 30 0 0 0
0.4783 0.0044 -0.0292 30 0 0 0
0.4783 0.0039 -0.0280 30 0 0 0
0.4783 0.0039 -0.0280 30 0 0 0
0.4783 0.0039 -0.0280 30 0 0 0
0.4783 0.0039 -0.0280 30 0 0 0
0.4783 0.0039 -0.0280 30 0 0 0
0.4783 0.0039 -0.0280 30 0 0 0
0.4783 0.0039 -0.0280 30 0 0 0
0.4783 0.0039 -0.0280 30 0 0 0
0.4783 0.0039 -0.0280 30 0 0 0
0.4783 0.0039 -0.0280 30 0 0 0
0.4783 0.0039 -0.0280 30 0 0 0
0.4783 0.0039 -0.0280 30 0 0 0
0.4783 0.0039 -0.0280 30 0 0 0
0.4783 0.0039 -0.0280 30 0 0 0
0.4783 0.0039 -0.0280 30 0 0 0
0.4783 0.0036 -0.0277 30 0 0 0
0.4783 0.0036 -0.0277 30 0 0 0
0.4783 0.0036 -0.0277 30 0 0 0
0.4783 0.0036 -0.0277 30 0 0 0
0.4783 0.0036 -0.0277 30 0 0 0
0.4783 0.0036 -0.0277 30 0 0 0
0.4783 0.0036 -0.0277 0 0 0 0
0.5870 0.0011 -0.0257 0 -30 0 0
0.5870 0.0011 -0.0253 0 -30 0 0
0.5217 0.0011 -0.0253 0 -30 0 0
0.5217 0.0017 -0.0237 0 -30 0 0
0.5217 0.0017 -0.0237 0 -30 0 0
0.5217 0.0026 -0.0227 0 -30 0 0
0.5870 0.0026 -0.0227 0 -30 0 0
0.5870 0.0056 -0.0240 0 -30 0 0
0.5435 0.0056 -0.0240 0 -30 0 0
0.5435 0.0067 -0.0246 0 -30 0 0
0.5435 0.0067 -0.0246 0 -30 0 0
0.5435 0.0067 -0.0246 0 -30 0 0
0.5217 0.0077 -0.0221 0 -30 0 0
0.5217 0.0077 -0.0221 0 -30 0 0
0.5217 0.0077 -0.0221 0 -30 0 0
0.5217 0.0077 -0.0221 0 -30 0 0
0.5217 0.0077 -0.0221 0 -30 0 0
0.5217 0.0077 -0.0221 0 -30 0 0
0.5217 0.0077 -0.0221 0 -30 0 0
0.5000 0.0084 -0.0223 0 -30 0 0
0.5000 0.0084 -0.0223 0 -30 0 0
0.5000 0.0084 -0.0223 0 -30 0 0
0.5000 0.0084 -0.0223 0 -30 0 0
0.5000 0.0084 -0.0223 0 -30 0 0
0.6522 0.0088 -0.0210 0 -30 0 0
0.6522 0.0088 -0.0210 0 -30 0 0
0.6522 0.0088 -0.0210 0 -30 0 0
0.6522 0.0088 -0.0210 0 -30 0 0
0.6522 0.0088 -0.0210 0 -30 0 0
0.6522 0.0088 -0.0210 0 -30 0 0
0.6522 0.0088 -0.0210 0 -30 0 0
0.6522 0.0088 -0.0210 0 -30 0 0
0.4565 0.0084 -0.0201 0 -30 0 0
0.4565 0.0084 -0.0201 0 -30 0 0
0.4565 0.0084 -0.0201 0 -30 0 0
0.4565 0.0084 -0.0201 0 -30 0 0
0.4565 0.0084 -0.0201 0 -30 0 0
0.4565 0.0084 -0.0201 0 -30 0 0
0.4565 0.0084 -0.0201 0 -30 0 0
0.4565 0.0076 -0.0195 0 -30 0 0
0.4565 0.0076 -0.0195 0 -30 0 0
0.4565 0.0076 -0.0195 0 -30 0 0
0.4565 0.0076 -0.0195 0 -30 0 0
0.4565 0.0076 -0.0195 0 -30 0 0
0.4565 0.0076 -0.0195 0 -30 0 0
0.5000 0.0065 -0.0197 0 -30 0 0
0.5000 0.0065 -0.0197 0 -30 0 0
0.5000 0.0065 -0.0197 0 -30 0 0
0.5000 0.0065 -0.0197 0 0 0 0
0.5435 0.0079 -0.0184 0 -30 0 0
0.5870 0.0095 -0.0195 0 -30 0 0
0.5217 0.0095 -0.0195 0 -30 0 0
0.5870 0.0119 -0.0233 0 -30 0 0
0.5870 0.0135 -0.0270 0 -30 0 0
0.5652 0.0135 -0.0270 0 -30 0 0
0.4565 0.0162 -0.0279 0 -30 0 0
0.4565 0.0162 -0.0279 0 -30 0 0
0.4565 0.0166 -0.0299 0 -30 0 0
0.5000 0.0166 -0.0299 0 -30 0 0
0.5000 0.0163 -0.0306 0 -30 0 0
0.6522 0.0163 -0.0306 0 -30 0 0
0.6522 0.0163 -0.0306 0 -30 0 0
0.6522 0.0163 -0.0306 0 -30 0 0
0.5435 0.0152 -0.0321 0 -30 0 0
0.5435 0.0152 -0.0321 0 -30 0 0
0.5435 0.0152 -0.0321 0 -30 0 0
0.5435 0.0152 -0.0321 0 -30 0 0
0.5435 0.0152 -0.0321 0 -30 0 0
0.5435 0.0152 -0.0321 0 -30 0 0
0.5435 0.0152 -0.0321 0 -30 0 0
0.5435 0.0152 -0.0321 0 -30 0 0
0.5435 0.0152 -0.0321 0 -30 0 0
0.5435 0.0152 -0.0321 0 -30 0 0
0.5435 0.0152 -0.0321 0 -30 0 0
0.5435 0.0152 -0.0321 0 -30 0 0
0.5435 0.0152 -0.0321 0 -30 0 0
0.5435 0.0152 -0.0321 0 -30 0 0
0.5435 0.0152 -0.0321 0 -30 0 0
0.5435 0.0152 -0.0321 0 -30 0 0
0.5435 0.0148 -0.0289 0 0 0 0
0.5000 0.0089 -0.0297 30 0 0 0
0.5870 0.0083 -0.0328 30 0 0 0
0.5870 0.0083 -0.0328 30 0 0 0
0.5435 0.0084 -0.0315 30 0 0 0
0.5435 0.0084 -0.0315 30 0 0 0
0.5435 0.0084 -0.0315 30 0 0 0
0.5217 0.0087 -0.0297 30 0 0 0
0.5435 0.0085 -0.0313 30 0 0 0
0.5435 0.0079 -0.0306 30 0 0 0
0.5870 0.0079 -0.0306 30 0 0 0
0.5870 0.0073 -0.0285 30 0 0 0
0.5870 0.0073 -0.0285 30 0 0 0
0.5870 0.0073 -0.0285 30 0 0 0
0.5870 0.0073 -0.0285 30 0 0 0
0.5435 0.0066 -0.0273 30 0 0 0
0.5435 0.0066 -0.0273 30 0 0 0
0.5435 0.0066 -0.0273 30 0 0 0
0.5435 0.0066 -0.0273 30 0 0 0
0.5435 0.0066 -0.0273 30 0 0 0
0.5435 0.0066 -0.0273 30 0 0 0
0.5435 0.0066 -0.0273 30 0 0 0
0.5435 0.0066 -0.0273 30 0 0 0
0.5870 0.0056 -0.0257 30 0 0 0
0.5870 0.0056 -0.0257 30 0 0 0
0.5870 0.0056 -0.0257 30 0 0 0
0.5870 0.0056 -0.0257 30 0 0 0
0.5870 0.0056 -0.0257 30 0 0 0
0.5870 0.0056 -0.0257 30 0 0 0
0.5870 0.0049 -0.0258 30 0 0 0
0.5652 0.0049 -0.0258 30 0 0 0
0.5652 0.0049 -0.0258 30 0 0 0
0.5652 0.0049 -0.0258 30 0 0 0
0.5652 0.0049 -0.0258 30 0 0 0
0.5652 0.0049 -0.0258 0 0 0 0
0.4348 0.0104 -0.0795 30 0 0 0
0.4348 0.0103 -0.0787 30 0 0 0
0.4783 0.0098 -0.0795 30 0 0 0
0.4783 0.0098 -0.0795 30 0 0 0
0.4348 0.0094 -0.0801 30 0 0 0
0.3913 0.0095 -0.0817 30 0 0 0
0.3913 0.0097 -0.0817 30 0 0 0
0.5000 0.0097 -0.0817 30 0 0 0
0.5000 0.0097 -0.0802 30 0 0 0
0.4130 0.0097 -0.0802 30 0 0 0
0.4130 0.0097 -0.0802 30 0 0 0
0.4130 0.0097 -0.0802 30 0 0 0
0.4130 0.0097 -0.0802 30 0 0 0
0.4130 0.0097 -0.0802 30 0 0 0
0.4565 0.0091 -0.0819 30 0 0 0
0.4565 0.0091 -0.0819 30 0 0 0
0.4565 0.0091 -0.0819 30 0 0 0
0.4565 0.0091 -0.0819 30 0 0 0
0.4565 0.0091 -0.0819 30 0 0 0
0.4565 0.0091 -0.0819 30 0 0 0
0.4565 0.0091 -0.0819 30 0 0 0
0.4565 0.0091 -0.0819 30 0 0 0
0.4565 0.0091 -0.0819 30 0 0 0
0.4565 0.0091 -0.0819 30 0 0 0
0.4565 0.0091 -0.0819 30 0 0 0
0.4565 0.0091 -0.0819 30 0 0 0
0.4565 0.0091 -0.0819 30 0 0 0
0.4565 0.0091 -0.0819 30 0 0 0
0.4565 0.0091 -0.0819 30 0 0 0
0.4565 0.0091 -0.0819 30 0 0 0
0.4565 0.0091 -0.0819 30 0 0 0
0.4565 0.0091 -0.0819 30 0 0 0
0.4565 0.0091 -0.0819 30 0 0 0
0.4565 0.0091 -0.0819 30 0 0 0
0.4565 0.0087 -0.0847 30 0 0 0
0.5217 0.0087 -0.0847 30 0 0 0
0.5217 0.0082 -0.0891 30 0 0 0
0.4783 0.0082 -0.0891 30 0 0 0
0.4783 0.0074 -0.0908 30 0 0 0
0.4783 0.0074 -0.0908 30 0 0 0
0.4783 0.0069 -0.0887 30 0 0 0
0.4783 0.0069 -0.0887 30 0 0 0
0.4783 0.0069 -0.0887 30 0 0 0
0.4783 0.0069 -0.0887 30 0 0 0
0.4783 0.0069 -0.0887 30 0 0 0
0.4783 0.0069 -0.0887 30 0 0 0
0.4783 0.0065 -0.0877 30 0 0 0
0.4783 0.0065 -0.0877 30 0 0 0
0.4783 0.0065 -0.0877 30 0 0 0
0.4783 0.0065 -0.0877 30 0 0 0
0.4783 0.0065 -0.0877 30 0 0 0
0.4783 0.0065 -0.0877 30 0 0 0
0.4783 0.0065 -0.0877 30 0 0 0
0.4783 0.0065 -0.0877 30 0 0 0
0.4783 0.0062 -0.0838 30 0 0 0
0.4783 0.0062 -0.0838 30 0 0 0
0.4783 0.0062 -0.0838 30 0 0 0
0.4783 0.0062 -0.0838 30 0 0 0
0.4783 0.0062 -0.0838 30 0 0 0
0.4783 0.0062 -0.0838 30 0 0 0
0.4348 0.0061 -0.0844 30 0 0 0
0.4348 0.0061 -0.0844 30 0 0 0
0.4348 0.0061 -0.0844 30 0 0 0
0.4348 0.0061 -0.0844 30 0 0 0
0.4348 0.0061 -0.0844 30 0 0 0
0.4348 0.0061 -0.0844 30 0 0 0
0.4348 0.0061 -0.0844 30 0 0 0
0.4783 0.0063 -0.0842 30 0 0 0
0.4783 0.0063 -0.0842 30 0 0 0
0.4783 0.0063 -0.0842 30 0 0 0
0.4783 0.0063 -0.0842 30 0 0 0
0.4783 0.0063 -0.0842 30 0 0 0
0.4783 0.0063 -0.0842 30 0 0 0
0.4783 0.0063 -0.0842 30 0 0 0
0.4783 0.0063 -0.0842 30 0 0 0
0.4565 0.0065 -0.0837 30 0 0 0
0.4565 0.0065 -0.0837 30 0 0 0
0.4565 0.0065 -0.0837 30 0 0 0
0.4565 0.0065 -0.0837 30 0 0 0
0.4565 0.0065 -0.0837 30 0 0 0
0.4565 0.0065 -0.0837 30 0 0 0
0.4565 0.0065 -0.0837 30 0 0 0
0.4130 0.0068 -0.0850 30 0 0 0
0.4130 0.0068 -0.0850 30 0 0 0
0.4130 0.0068 -0.0850 30 0 0 0
0.4130 0.0068 -0.0850 30 0 0 0
0.4130 0.0068 -0.0850 30 0 0 0
0.4130 0.0068 -0.0850 30 0 0 0
0.5000 0.0071 -0.0875 30 0 0 0
0.5000 0.0071 -0.0875 30 0 0 0
0.5000 0.0071 -0.0875 30 0 0 0
0.5000 0.0071 -0.0875 30 0 0 0
0.5000 0.0071 -0.0875 30 0 0 0
0.5000 0.0071 -0.0875 30 0 0 0
0.5000 0.0071 -0.0875 30 0 0 0
0.5000 0.0073 -0.0903 30 0 0 0
0.4783 0.0073 -0.0903 30 0 0 0
0.4783 0.0073 -0.0903 30 0 0 0
0.4783 0.0073 -0.0903 30 0 0 0
0.4783 0.0073 -0.0903 30 0 0 0
0.4783 0.0073 -0.0903 30 0 0 0
0.4783 0.0073 -0.0903 30 0 0 0
0.5000 0.0077 0.3496 30 0 0 0
0.5000 0.0077 0.3496 30 0 0 0
0.5000 0.0077 0.3496 30 0 0 0
0.5000 0.0077 0.3496 30 0 0 0
0.5000 0.0077 0.3496 30 0 0 0
0.5000 0.0077 0.3496 30 0 0 0
0.5000 0.0077 0.3496 30 0 0 0
0.5000 0.0081 0.3491 30 0 0 0
0.4130 0.0081 0.3491 30 0 0 0
0.4130 0.0081 0.3491 30 0 0 0
0.4130 0.0081 0.3491 30 0 0 0
0.4130 0.0081 0.3491 30 0 0 0
0.4130 0.0081 0.3491 30 0 0 0
0.4130 0.0081 0.3491 30 0 0 0
0.4130 0.0083 0.3494 30 0 0 0
0.4783 0.0083 0.3494 30 0 0 0
0.4783 0.0083 0.3494 30 0 0 0
0.4783 0.0083 0.3494 30 0 0 0
0.4783 0.0083 0.3494 30 0 0 0
0.4783 0.0083 0.3494 30 0 0 0
0.4783 0.0083 0.3494 30 0 0 0
0.5217 0.0084 0.3544 30 0 0 0
0.5217 0.0084 0.3544 30 0 0 0
0.5217 0.0084 0.3544 30 0 0 0
0.5217 0.0084 0.3544 30 0 0 0
0.5217 0.0084 0.3544 30 0 0 0
0.5217 0.0084 0.3535 30 0 0 0
0.5435 0.0084 0.3535 30 0 0 0
0.5435 0.0084 0.3535 30 0 0 0
0.5435 0.0084 0.3535 30 0 0 0
0.5435 0.0084 0.3535 30 0 0 0
0.5435 0.0084 0.3535 30 0 0 0
0.5435 0.0084 0.3535 30 0 0 0
0.5435 0.0084 0.3535 30 0 0 0
0.5435 0.0083 0.3548 30 0 0 0
0.4783 0.0083 0.3548 30 0 0 0
0.4783 0.0083 0.3548 30 0 0 0
0.4783 0.0083 0.3548 30 0 0 0
0.4783 0.0083 0.3548 30 0 0 0
0.4783 0.0083 0.3548 30 0 0 0
0.4783 0.0083 0.3548 30 0 0 0
0.5652 0.0085 0.3564 30 0 0 0
0.5652 0.0085 0.3564 30 0 0 0
0.5652 0.0085 0.3564 30 0 0 0
0.5652 0.0085 0.3564 30 0 0 0
0.5652 0.0085 0.3564 30 0 0 0
0.5652 0.0085 0.3564 30 0 0 0
0.5652 0.0085 0.3564 30 0 0 0
0.4783 0.0089 0.3567 30 0 0 0
0.4783 0.0089 0.3567 30 0 0 0
0.4783 0.0089 0.3567 30 0 0 0
0.4783 0.0089 0.3567 30 0 0 0
0.4783 0.0089 0.3567 30 0 0 0
0.4783 0.0089 0.3567 30 0 0 0
0.4783 0.0089 0.3567 30 0 0 0
0.4783 0.0089 0.3567 30 0 0 0
0.5217 0.0091 0.3602 30 0 0 0
0.5217 0.0091 0.3602 30 0 0 0
0.5217 0.0091 0.3602 30 0 0 0
0.5217 0.0091 0.3602 30 0 0 0
0.5217 0.0091 0.3602 30 0 0 0
0.5217 0.0091 0.3602 30 0 0 0
0.5217 0.0094 0.3589 30 0 0 0
0.4565 0.0094 0.3589 30 0 0 0
0.4565 0.0094 0.3589 30 0 0 0
0.4565 0.0094 0.3589 30 0 0 0
0.4565 0.0094 0.3589 30 0 0 0
0.4565 0.0094 0.3589 30 0 0 0
0.4565 0.0094 0.3589 30 0 0 0
0.4565 0.0094 0.3589 30 0 0 0
0.4565 0.0094 0.3589 30 0 0 0
0.4565 0.0094 0.3589 30 0 0 0
0.4565 0.0094 0.3589 30 0 0 0
0.4565 0.0094 0.3589 30 0 0 0
0.4565 0.0094 0.3589 30 0 0 0
0.4565 0.0094 0.3589 30 0 0 0
0.4565 0.0094 0.3589 30 0 0 0
0.4565 0.0094 0.3589 30 0 0 0
0.4565 0.0094 0.3589 30 0 0 0
0.4565 0.0094 0.3589 30 0 0 0
0.4565 0.0094 0.3589 30 0 0 0
0.4565 0.0094 0.3589 30 0 0 0
0.5000 0.0096 0.3565 30 0 0 0
0.5000 0.0095 0.3586 30 0 0 0
0.5000 0.0095 0.3586 30 0 0 0
0.4565 0.0093 0.3583 30 0 0 0
0.4565 0.0093 0.3583 30 0 0 0
0.4565 0.0093 0.3583 30 0 0 0
0.4565 0.0093 0.3583 30 0 0 0
0.4565 0.0093 0.3583 30 0 0 0
0.4565 0.0093 0.3583 30 0 0 0
0.4565 0.0088 0.3573 30 0 0 0
0.4565 0.0088 0.3573 30 0 0 0
0.4565 0.0088 0.3573 30 0 0 0
0.4565 0.0088 0.3573 30 0 0 0
0.4565 0.0088 0.3573 30 0 0 0
0.4565 0.0087 0.3567 30 0 0 0
0.4783 0.0087 0.3567 30 0 0 0
0.4783 0.0087 0.3567 30 0 0 0
0.4783 0.0087 0.3567 30 0 0 0
0.4783 0.0087 0.3567 30 0 0 0
0.4783 0.0087 0.3567 30 0 0 0
0.4783 0.0087 0.3567 30 0 0 0
0.4783 0.0087 0.3567 30 0 0 0
0.5000 0.0086 0.3574 30 0 0 0
0.5000 0.0086 0.3574 30 0 0 0
0.5000 0.0086 0.3574 30 0 0 0
0.5000 0.0086 0.3574 30 0 0 0
0.5000 0.0086 0.3574 30 0 0 0
0.5000 0.0086 0.3574 30 0 0 0
0.5000 0.0086 0.3574 30 0 0 0
0.5000 0.0084 0.3600 30 0 0 0
0.5000 0.0084 0.3600 30 0 0 0
0.5000 0.0084 0.3600 30 0 0 0
0.5000 0.0084 0.3600 30 0 0 0
0.5000 0.0084 0.3600 30 0 0 0
0.5000 0.0084 0.3600 30 0 0 0
0.4130 0.0083 0.3611 30 0 0 0
0.4130 0.0083 0.3611 30 0 0 0
0.4130 0.0083 0.3611 30 0 0 0
0.4130 0.0083 0.3611 30 0 0 0
0.4130 0.0083 0.3611 30 0 0 0
0.5435 0.0081 0.3594 30 0 0 0
0.5435 0.0081 0.3594 30 0 0 0
0.5435 0.0081 0.3594 30 0 0 0
0.5435 0.0081 0.3594 30 0 0 0
0.5435 0.0081 0.3594 30 0 0 0
0.5435 0.0081 0.3594 30 0 0 0
0.5435 0.0081 0.3594 30 0 0 0
0.5435 0.0081 0.3594 30 0 0 0
0.5000 0.0079 0.3605 30 0 0 0
0.5000 0.0079 0.3605 30 0 0 0
0.5000 0.0079 0.3605 30 0 0 0
0.5000 0.0079 0.3605 30 0 0 0
0.5000 0.0079 0.3605 30 0 0 0
0.5000 0.0079 0.3605 30 0 0 0
0.5000 0.0079 0.3622 30 0 0 0
0.5000 0.0079 0.3622 30 0 0 0
0.5000 0.0079 0.3622 30 0 0 0
0.5000 0.0079 0.3622 30 0 0 0
0.5000 0.0079 0.3622 30 0 0 0
0.5000 0.0079 0.3622 30 0 0 0
0.5000 0.0078 0.3621 30 0 0 0
0.5000 0.0078 0.3621 30 0 0 0
0.5000 0.0078 0.3621 30 0 0 0
0.5000 0.0078 0.3621 30 0 0 0
0.5000 0.0078 0.3621 30 0 0 0
0.5000 0.0078 0.3621 30 0 0 0
0.5000 0.0078 0.3621 30 0 0 0
0.5000 0.0078 0.3621 30 0 0 0
0.5000 0.0078 0.3621 30 0 0 0
0.5000 0.0078 0.3621 30 0 0 0
0.5217 0.0076 0.3599 30 0 0 0
0.5217 0.0076 0.3599 30 0 0 0
0.5217 0.0076 0.3599 30 0 0 0
0.5217 0.0076 0.3599 30 0 0 0
0.5217 0.0072 0.3590 30 0 0 0
0.5000 0.0072 0.3590 30 0 0 0
0.5000 0.0072 0.3590 30 0 0 0
0.5000 0.0072 0.3590 30 0 0 0
0.5000 0.0072 0.3590 30 0 0 0
0.5000 0.0072 0.3590 30 0 0 0
0.5000 0.0072 0.3590 30 0 0 0
0.5000 0.0072 0.3590 30 0 0 0
0.4565 0.0069 0.3570 30 0 0 0
0.4565 0.0069 0.3570 30 0 0 0
0.4565 0.0069 0.3570 30 0 0 0
0.4565 0.0069 0.3570 30 0 0 0
0.4565 0.0069 0.3570 30 0 0 0
0.4565 0.0069 0.3570 30 0 0 0
0.4565 0.0069 0.3570 30 0 0 0
0.5652 0.0067 0.3592 30 0 0 0
0.5652 0.0067 0.3592 0 0 0 0
0.4565 0.0082 0.3578 30 0 0 0
0.4565 0.0082 0.3578 30 0 0 0
0.4783 0.0082 0.3578 30 0 0 0
0.4783 0.0083 0.3593 30 0 0 0
0.5217 0.0083 0.3593 30 0 0 0
0.5217 0.0095 0.3617 30 0 0 0
0.4565 0.0095 0.3617 30 0 0 0
0.5217 0.0106 0.3642 30 0 0 0
0.5217 0.0106 0.3642 30 0 0 0
0.5435 0.0112 0.3650 30 0 0 0
0.5000 0.0110 0.3625 30 0 0 0
0.5000 0.0110 0.3625 30 0 0 0
0.5000 0.0110 0.3625 30 0 0 0
0.4783 0.0107 0.3620 30 0 0 0
0.4783 0.0107 0.3620 30 0 0 0
0.4783 0.0107 0.3620 30 0 0 0
0.4783 0.0107 0.3620 30 0 0 0
0.4783 0.0107 0.3620 30 0 0 0
0.4783 0.0107 0.3620 30 0 0 0
0.5000 0.0104 0.3603 30 0 0 0
0.5000 0.0104 0.3603 30 0 0 0
0.5000 0.0104 0.3603 30 0 0 0
0.5000 0.0104 0.3603 30 0 0 0
0.5000 0.0104 0.3603 30 0 0 0
0.5000 0.0104 0.3603 30 0 0 0
0.5000 0.0104 0.3603 30 0 0 0
0.5000 0.0104 0.3603 30 0 0 0
0.5000 0.0104 0.3603 30 0 0 0
0.5000 0.0100 0.3634 30 0 0 0
0.5000 0.0100 0.3634 30 0 0 0
0.5000 0.0100 0.3634 30 0 0 0
0.5000 0.0100 0.3634 30 0 0 0
0.5000 0.0100 0.3634 30 0 0 0
0.5000 0.0093 0.3622 30 0 0 0
0.5000 0.0093 0.3622 30 0 0 0
0.5000 0.0093 0.3622 30 0 0 0
0.5000 0.0093 0.3622 30 0 0 0
0.5000 0.0093 0.3622 30 0 0 0
0.5000 0.0093 0.3622 30 0 0 0
0.5000 0.0093 0.3622 30 0 0 0
0.5000 0.0088 0.3640 30 0 0 0
0.5000 0.0088 0.3640 30 0 0 0
0.5000 0.0088 0.3640 30 0 0 0
0.5000 0.0088 0.3640 30 0 0 0
0.5000 0.0088 0.3640 30 0 0 0
0.5000 0.0088 0.3640 30 0 0 0
0.5000 0.0088 0.3640 30 0 0 0
0.5000 0.0088 0.3640 30 0 0 0
0.5000 0.0088 0.3640 30 0 0 0
0.5000 0.0082 0.3670 30 0 0 0
0.5652 0.0082 0.3670 30 0 0 0
0.5652 0.0082 0.3670 30 0 0 0
0.5652 0.0082 0.3670 30 0 0 0
0.5652 0.0082 0.3670 30 0 0 0
0.5652 0.0082 0.3670 30 0 0 0
0.5652 0.0084 0.3661 30 0 0 0
0.5652 0.0084 0.3661 30 0 0 0
0.5652 0.0084 0.3661 30 0 0 0
0.5652 0.0084 0.3661 30 0 0 0
0.5652 0.0084 0.3661 30 0 0 0
0.5652 0.0084 0.3661 30 0 0 0
0.6304 0.0090 0.3684 30 0 0 0
0.6304 0.0090 0.3684 30 0 0 0
0.6304 0.0090 0.3684 30 0 0 0
0.6304 0.0090 0.3684 30 0 0 0
0.6304 0.0090 0.3684 30 0 0 0
0.6304 0.0090 0.3684 30 0 0 0
0.6304 0.0090 0.3684 30 0 0 0
0.6304 0.0090 0.3684 30 0 0 0
0.6304 0.0090 0.3684 30 0 0 0
0.6304 0.0090 0.3684 30 0 0 0
0.5217 0.0097 0.3644 30 0 0 0
0.5217 0.0097 0.3644 30 0 0 0
0.5217 0.0097 0.3644 30 0 0 0
0.5217 0.0097 0.3644 30 0 0 0
0.5217 0.0097 0.3644 30 0 0 0
0.5435 0.0101 0.3648 30 0 0 0
0.5435 0.0101 0.3648 30 0 0 0
0.5435 0.0101 0.3648 30 0 0 0
0.5435 0.0101 0.3648 30 0 0 0
0.5435 0.0101 0.3648 30 0 0 0
0.5435 0.0101 0.3648 30 0 0 0
0.5435 0.0101 0.3648 30 0 0 0
0.5652 0.0104 0.3627 30 0 0 0
0.5652 0.0104 0.3627 30 0 0 0
0.5652 0.0104 0.3627 30 0 0 0
0.5652 0.0104 0.3627 30 0 0 0
0.5652 0.0104 0.3627 30 0 0 0
0.5652 0.0104 0.3627 30 0 0 0
0.5652 0.0104 0.3627 30 0 0 0
0.5652 0.0104 0.3627 30 0 0 0
0.5652 0.0114 0.3649 30 0 0 0
0.5652 0.0114 0.3649 30 0 0 0
0.5652 0.0114 0.3649 30 0 0 0
0.5652 0.0114 0.3649 30 0 0 0
0.5652 0.0114 0.3649 30 0 0 0
0.5652 0.0114 0.3649 30 0 0 0
0.5652 0.0124 0.3665 30 0 0 0
0.5652 0.0124 0.3665 30 0 0 0
0.5652 0.0124 0.3665 30 0 0 0
0.5652 0.0124 0.3665 30 0 0 0
0.5652 0.0124 0.3665 30 0 0 0
0.5652 0.0134 0.3634 30 0 0 0
0.5000 0.0134 0.3634 30 0 0 0
0.5000 0.0134 0.3634 30 0 0 0
0.5000 0.0134 0.3634 30 0 0 0
0.5000 0.0134 0.3634 30 0 0 0
0.5000 0.0134 0.3634 30 0 0 0
0.5000 0.0134 0.3634 30 0 0 0
0.5000 0.0134 0.3634 30 0 0 0
0.5000 0.0134 0.3634 30 0 0 0
0.5435 0.0141 0.3660 30 0 0 0
0.5435 0.0141 0.3660 30 0 0 0
0.5435 0.0141 0.3660 30 0 0 0
0.5435 0.0141 0.3660 30 0 0 0
0.5435 0.0141 0.3660 30 0 0 0
0.5435 0.0141 0.3660 30 0 0 0
0.5652 0.0147 0.3613 30 0 0 0
0.5652 0.0147 0.3613 30 0 0 0
0.5652 0.0147 0.3613 30 0 0 0
0.5652 0.0147 0.3613 30 0 0 0
0.5652 0.0147 0.3613 30 0 0 0
0.5652 0.0147 0.3613 30 0 0 0
0.5652 0.0150 0.3592 30 0 0 0
0.5652 0.0150 0.3592 30 0 0 0
0.5652 0.0150 0.3592 30 0 0 0
0.5652 0.0150 0.3592 30 0 0 0
0.5652 0.0150 0.3592 30 0 0 0
0.5652 0.0150 0.3592 30 0 0 0
0.5652 0.0150 0.3592 30 0 0 0
0.5652 0.0150 0.3592 30 0 0 0
0.5652 0.0150 0.3592 30 0 0 0
0.5217 0.0150 0.3594 30 0 0 0
0.5217 0.0150 0.3594 30 0 0 0
0.5217 0.0150 0.3594 30 0 0 0
0.5217 0.0150 0.3594 30 0 0 0
0.5217 0.0150 0.3594 30 0 0 0
0.5217 0.0150 0.3594 30 0 0 0
0.5435 0.0151 0.3634 30 0 0 0
0.5435 0.0151 0.3634 30 0 0 0
0.5435 0.0151 0.3634 30 0 0 0
0.5435 0.0151 0.3634 30 0 0 0
0.5435 0.0151 0.3634 30 0 0 0
0.5435 0.0151 0.3657 30 0 0 0
0.5870 0.0151 0.3657 30 0 0 0
0.5870 0.0151 0.3657 30 0 0 0
0.5870 0.0151 0.3657 30 0 0 0
0.5870 0.0151 0.3657 30 0 0 0
0.5870 0.0151 0.3657 30 0 0 0
0.5870 0.0151 0.3657 30 0 0 0
0.5870 0.0151 0.3657 30 0 0 0
0.5870 0.0151 0.3657 30 0 0 0
0.6087 0.0146 0.3696 30 0 0 0
0.6087 0.0146 0.3696 30 0 0 0
0.6087 0.0146 0.3696 30 0 0 0
0.6087 0.0146 0.3696 30 0 0 0
0.6087 0.0146 0.3696 30 0 0 0
0.5870 0.0141 0.3677 30 0 0 0
0.5870 0.0141 0.3677 30 0 0 0
0.5870 0.0141 0.3677 30 0 0 0
0.5870 0.0141 0.3677 30 0 0 0
0.5870 0.0141 0.3677 30 0 0 0
0.5870 0.0141 0.3677 30 0 0 0
0.5870 0.0141 0.3677 30 0 0 0
0.5652 0.0135 0.3699 30 0 0 0
0.5652 0.0135 0.3699 30 0 0 0
0.5652 0.0135 0.3699 30 0 0 0
0.5652 0.0135 0.3699 30 0 0 0
0.5652 0.0135 0.3699 30 0 0 0
0.5652 0.0135 0.3699 30 0 0 0
0.5652 0.0135 0.3699 30 0 0 0
0.5652 0.0135 0.3699 30 0 0 0
0.5652 0.0135 0.3699 30 0 0 0
0.4783 0.0135 0.3696 30 0 0 0
0.4783 0.0135 0.3696 30 0 0 0
0.4783 0.0135 0.3696 30 0 0 0
0.4783 0.0135 0.3696 30 0 0 0
0.4783 0.0135 0.3696 30 0 0 0
0.4783 0.0136 0.3706 30 0 0 0
0.5652 0.0136 0.3706 30 0 0 0
0.5652 0.0136 0.3706 30 0 0 0
0.5652 0.0136 0.3706 30 0 0 0
0.5652 0.0136 0.3706 30 0 0 0
0.5652 0.0136 0.3706 30 0 0 0
0.5435 0.0139 0.3715 30 0 0 0
0.5435 0.0139 0.3715 30 0 0 0
0.5435 0.0139 0.3715 30 0 0 0
0.5435 0.0139 0.3715 30 0 0 0
0.5435 0.0139 0.3715 30 0 0 0
0.5435 0.0139 0.3715 30 0 0 0
0.5435 0.0139 0.3715 30 0 0 0
0.5217 0.0142 0.3715 30 0 0 0
0.5217 0.0142 0.3715 30 0 0 0
0.5217 0.0142 0.3715 30 0 0 0
0.5217 0.0142 0.3715 30 0 0 0
0.5217 0.0142 0.3715 30 0 0 0
0.5217 0.0142 0.3705 30 0 0 0
0.5652 0.0142 0.3705 30 0 0 0
0.5652 0.0142 0.3705 30 0 0 0
0.5652 0.0142 0.3705 30 0 0 0
0.5652 0.0142 0.3705 30 0 0 0
0.5652 0.0142 0.3705 30 0 0 0
0.5652 0.0142 0.3705 30 0 0 0
0.5652 0.0142 0.3705 30 0 0 0
0.5652 0.0142 0.3705 30 0 0 0
0.5870 0.0140 0.3720 30 0 0 0
0.5870 0.0140 0.3720 30 0 0 0
0.5870 0.0140 0.3720 30 0 0 0
0.5870 0.0140 0.3720 30 0 0 0
0.5870 0.0140 0.3720 30 0 0 0
0.5870 0.0140 0.3720 30 0 0 0
0.5870 0.0140 0.3720 30 0 0 0
0.5870 0.0135 0.3704 30 0 0 0
0.5870 0.0135 0.3704 30 0 0 0
0.5870 0.0135 0.3704 30 0 0 0
0.5870 0.0135 0.3704 30 0 0 0
0.5870 0.0135 0.3704 30 0 0 0
0.5870 0.0135 0.3704 30 0 0 0
0.5217 0.0127 0.3671 30 0 0 0
0.5217 0.0127 0.3671 30 0 0 0
0.5217 0.0127 0.3671 30 0 0 0
0.5217 0.0127 0.3671 30 0 0 0
0.5217 0.0127 0.3671 30 0 0 0
0.5217 0.0127 0.3671 30 0 0 0
0.5217 0.0127 0.3671 30 0 0 0
0.5217 0.0114 0.3677 30 0 0 0
0.5435 0.0114 0.3677 30 0 0 0
0.5435 0.0114 0.3677 30 0 0 0
0.5435 0.0114 0.3677 30 0 0 0
0.5435 0.0114 0.3677 30 0 0 0
0.5435 0.0114 0.3677 30 0 0 0
0.5217 0.0108 0.3690 30 0 0 0
0.5217 0.0108 0.3690 30 0 0 0
0.5217 0.0108 0.3690 30 0 0 0
0.5217 0.0108 0.3690 30 0 0 0
0.5217 0.0108 0.3690 30 0 0 0
0.5217 0.0108 0.3690 30 0 0 0
0.5000 0.0098 0.3678 30 0 0 0
0.5000 0.0098 0.3678 30 0 0 0
0.5000 0.0098 0.3678 30 0 0 0
0.5000 0.0098 0.3678 30 0 0 0
0.5000 0.0098 0.3678 30 0 0 0
0.5000 0.0098 0.3678 30 0 0 0
0.5000 0.0098 0.3678 30 0 0 0
0.5000 0.0086 0.3676 30 0 0 0
0.5652 0.0086 0.3676 30 0 0 0
0.5652 0.0086 0.3676 30 0 0 0
0.5652 0.0086 0.3676 30 0 0 0
0.5652 0.0086 0.3676 30 0 0 0
0.5652 0.0086 0.3676 30 0 0 0
0.5652 0.0086 0.3676 30 0 0 0
0.5652 0.0079 0.3726 30 0 0 0
0.5652 0.0079 0.3726 30 0 0 0
0.5652 0.0079 0.3726 30 0 0 0
0.5652 0.0079 0.3726 30 0 0 0
0.5652 0.0079 0.3726 30 0 0 0
0.5652 0.0079 0.3726 30 0 0 0
0.5217 0.0076 -0.0898 30 0 0 0
0.5217 0.0076 -0.0898 30 0 0 0
0.5217 0.0076 -0.0898 30 0 0 0
0.5217 0.0076 -0.0898 30 0 0 0
0.5217 0.0076 -0.0898 30 0 0 0
0.5217 0.0076 -0.0898 30 0 0 0
0.5217 0.0076 -0.0898 30 0 0 0
0.5217 0.0074 -0.0898 30 0 0 0
0.5435 0.0074 -0.0898 30 0 0 0
0.5435 0.0074 -0.0898 30 0 0 0
0.5435 0.0074 -0.0898 30 0 0 0
0.5435 0.0074 -0.0898 30 0 0 0
0.5435 0.0074 -0.0898 30 0 0 0
0.5435 0.0074 -0.0898 30 0 0 0
0.5652 0.0074 -0.0895 30 0 0 0
0.5652 0.0074 -0.0895 30 0 0 0
0.5652 0.0074 -0.0895 30 0 0 0
0.5652 0.0074 -0.0895 30 0 0 0
0.5652 0.0074 -0.0895 30 0 0 0
0.5652 0.0074 -0.0895 30 0 0 0
0.5652 0.0075 -0.0890 30 0 0 0
0.5652 0.0075 -0.0890 30 0 0 0
0.5652 0.0075 -0.0890 30 0 0 0
0.5652 0.0075 -0.0890 30 0 0 0
0.5652 0.0075 -0.0890 30 0 0 0
0.5652 0.0075 -0.0890 30 0 0 0
0.5652 0.0075 -0.0890 30 0 0 0
0.5652 0.0075 -0.0890 30 0 0 0
0.4783 0.0080 -0.0841 0 0 0 0
0.5435 0.0031 -0.0941 0 30 0 0
0.6087 0.0031 -0.0941 0 30 0 0
0.6087 0.0028 0.3081 0 30 0 0
0.5652 0.0028 0.3081 0 30 0 0
0.5435 0.0027 0.3110 0 30 0 0
0.6087 0.0030 0.3091 0 30 0 0
0.6087 0.0030 0.3091 0 30 0 0
0.6304 0.0039 0.3074 0 30 0 0
0.6304 0.0045 0.3048 0 30 0 0
0.5870 0.0045 0.3048 0 30 0 0
0.5870 0.0045 0.3048 0 30 0 0
0.5870 0.0045 0.3048 0 30 0 0
0.5870 0.0045 0.3048 0 30 0 0
0.5435 0.0050 0.3079 0 30 0 0
0.5435 0.0050 0.3079 0 30 0 0
0.5435 0.0050 0.3079 0 30 0 0
0.5435 0.0050 0.3079 0 30 0 0
0.5435 0.0050 0.3079 0 30 0 0
0.5435 0.0050 0.3079 0 30 0 0
0.5435 0.0050 0.3079 0 30 0 0
0.5435 0.0050 0.3079 0 30 0 0
0.5000 0.0047 0.3119 0 30 0 0
0.5000 0.0047 0.3119 0 30 0 0
0.5000 0.0047 0.3119 0 30 0 0
0.5000 0.0047 0.3119 0 30 0 0
0.5000 0.0047 0.3119 0 30 0 0
0.5000 0.0047 0.3119 0 30 0 0
0.5000 0.0047 0.3119 0 30 0 0
0.5870 0.0040 0.3079 0 30 0 0
0.5870 0.0040 0.3079 0 30 0 0
0.5870 0.0040 0.3079 0 30 0 0
0.5870 0.0040 0.3079 0 30 0 0
0.5870 0.0040 0.3079 0 30 0 0
0.5870 0.0039 0.3091 0 30 0 0
0.6304 0.0039 0.3091 0 30 0 0
0.6304 0.0039 0.3091 0 30 0 0
0.6304 0.0039 0.3091 0 30 0 0
0.6304 0.0039 0.3091 0 30 0 0
0.6304 0.0039 0.3091 0 30 0 0
0.6304 0.0039 0.3091 0 30 0 0
0.6304 0.0039 0.3091 0 30 0 0
0.6304 0.0039 0.3091 0 30 0 0
0.5870 0.0048 0.3090 0 30 0 0
0.5870 0.0048 0.3090 0 30 0 0
0.5870 0.0048 0.3090 0 30 0 0
0.5870 0.0048 0.3090 0 0 0 0
0.5435 0.0075 0.3073 0 30 0 0
0.5652 0.0075 0.3073 0 30 0 0
0.5870 0.0063 0.3030 0 30 0 0
0.5217 0.0050 0.3030 0 30 0 0
0.5217 0.0050 0.3030 0 30 0 0
0.5217 0.0039 0.3053 0 30 0 0
0.5435 0.0039 0.3053 0 30 0 0
0.5435 0.0039 0.3053 0 30 0 0
0.5435 0.0039 0.3053 0 30 0 0
0.5435 0.0039 0.3053 0 30 0 0
0.5435 0.0039 0.3053 0 30 0 0
0.5435 0.0039 0.3053 0 30 0 0
0.5435 0.0039 0.3053 0 30 0 0
0.5435 0.0036 0.3075 0 30 0 0
0.5435 0.0036 0.3075 0 30 0 0
0.5435 0.0036 0.3075 0 30 0 0
0.5435 0.0036 0.3075 0 30 0 0
0.5435 0.0036 0.3075 0 30 0 0
0.5435 0.0036 0.3075 0 30 0 0
0.5435 0.0036 0.3075 0 30 0 0
0.5435 0.0036 0.3075 0 30 0 0
0.5435 0.0036 0.3075 0 30 0 0
0.5435 0.0036 0.3075 0 30 0 0
0.5435 0.0036 0.3075 0 30 0 0
0.5435 0.0036 0.3075 0 30 0 0
0.5435 0.0036 0.3075 0 30 0 0
0.5435 0.0036 0.3075 0 30 0 0
0.5435 0.0036 0.3075 0 30 0 0
0.5435 0.0036 0.3075 0 30 0 0
0.5217 0.0041 0.3070 0 30 0 0
0.5217 0.0041 0.3070 0 30 0 0
0.5217 0.0041 0.3070 0 30 0 0
0.5217 0.0041 0.3070 0 30 0 0
0.5652 0.0049 0.3037 0 30 0 0
0.5652 0.0059 0.2984 0 30 0 0
0.5870 0.0059 0.2984 0 30 0 0
0.5870 0.0059 0.2984 0 0 0 0
0.5217 0.0104 0.3079 0 0 0 30
0.5870 0.0105 0.3095 0 0 0 30
0.5870 0.0108 -0.0986 0 0 0 30
0.5000 0.0108 -0.0986 0 0 0 30
0.5435 0.0123 -0.1038 0 0 0 30
0.5435 0.0123 -0.1038 0 0 0 30
0.5435 0.0140 -0.1058 0 0 0 30
0.5435 0.0140 -0.1058 0 0 0 30
0.5435 0.0140 -0.1058 0 0 0 30
0.5435 0.0147 -0.1055 0 0 0 30
0.4783 0.0147 -0.1055 0 0 0 30
0.4783 0.0147 -0.1055 0 0 0 30
0.4783 0.0147 -0.1055 0 0 0 30
0.4783 0.0147 -0.1055 0 0 0 30
0.4783 0.0147 -0.1055 0 0 0 30
0.4783 0.0147 -0.1055 0 0 0 30
0.4783 0.0147 -0.1055 0 0 0 30
0.4783 0.0147 -0.1055 0 0 0 30
0.4783 0.0147 -0.1055 0 0 0 30
0.5217 0.0145 -0.1082 0 0 0 30
0.5217 0.0145 -0.1082 0 0 0 30
0.5217 0.0145 -0.1082 0 0 0 0
0.4565 0.0119 -0.1103 0 0 0 30
0.4348 0.0119 -0.1103 0 0 0 30
0.4348 0.0113 -0.1058 0 0 0 30
0.5870 0.0113 -0.1058 0 0 0 30
0.5652 0.0112 -0.1096 0 0 0 30
0.5652 0.0112 -0.1096 0 0 0 30
0.5435 0.0111 -0.1046 0 0 0 30
0.5435 0.0111 -0.1046 0 0 0 30
0.5435 0.0111 -0.1005 0 0 0 30
0.5870 0.0111 -0.1005 0 0 0 30
0.5870 0.0111 -0.1005 0 0 0 30
0.5870 0.0111 -0.1005 0 0 0 30
0.5870 0.0111 -0.1005 0 0 0 30
0.5870 0.0111 -0.1005 0 0 0 30
0.5870 0.0111 -0.1005 0 0 0 30
0.5870 0.0111 -0.1005 0 0 0 30
0.5870 0.0103 -0.0988 0 0 0 0
0.5000 0.0092 -0.1007 0 0 0 30
0.5652 0.0092 -0.1007 0 0 0 30
0.5652 0.0088 -0.0966 0 0 0 30
0.5217 0.0088 -0.0966 0 0 0 30
0.5435 0.0099 -0.0957 0 0 0 30
0.5435 0.0112 -0.0941 0 0 0 30
0.5435 0.0112 -0.0941 0 0 0 30
0.5435 0.0112 -0.0941 0 0 0 30
0.5435 0.0112 -0.0941 0 0 0 30
0.5435 0.0130 -0.1038 0 0 0 30
0.5217 0.0130 -0.1038 0 0 0 30
0.5217 0.0130 -0.1038 0 0 0 30
0.5217 0.0130 -0.1038 0 0 0 30
0.5217 0.0130 -0.1038 0 0 0 0
0.4783 0.0142 -0.1157 0 0 0 30
0.5870 0.0142 -0.1157 0 0 0 30
0.5870 0.0138 -0.1148 0 0 0 30
0.5652 0.0138 -0.1148 0 0 0 30
0.5870 0.0137 -0.1160 0 0 0 30
0.5435 0.0128 -0.1173 0 0 0 30
0.5435 0.0128 -0.1173 0 0 0 30
0.5435 0.0128 -0.1173 0 0 0 30
0.5435 0.0128 -0.1173 0 0 0 30
0.5435 0.0128 -0.1173 0 0 0 30
0.5435 0.0128 -0.1173 0 0 0 30
0.5435 0.0117 -0.1153 0 0 0 30
0.4783 0.0117 -0.1153 0 0 0 0
0.5870 0.0122 -0.1146 0 0 0 30
0.5652 0.0122 -0.1146 0 0 0 30
0.5652 0.0139 -0.1128 0 0 0 30
0.5870 0.0139 -0.1128 0 0 0 30
0.5870 0.0139 -0.1128 0 0 0 30
0.5870 0.0150 -0.1108 0 0 0 30
0.5000 0.0150 -0.1108 0 0 0 30
0.5000 0.0150 -0.1108 0 0 0 30
0.5000 0.0150 -0.1108 0 0 0 30
0.5000 0.0150 -0.1108 0 0 0 30
0.5000 0.0150 -0.1108 0 0 0 30
0.5000 0.0158 -0.1090 0 0 0 30
0.5000 0.0158 -0.1090 0 0 0 30
0.5000 0.0158 -0.1090 0 0 0 30
0.5000 0.0158 -0.1090 0 0 0 0
0.5217 0.0147 -0.1018 0 0 0 30
0.5217 0.0147 -0.1018 0 0 0 30
0.5217 0.0140 -0.0976 0 0 0 30
0.5000 0.0140 -0.0976 0 0 0 30
0.5435 0.0132 -0.0959 0 0 0 30
0.5435 0.0132 -0.0959 0 0 0 30
0.5652 0.0122 -0.0935 0 0 0 30
0.5652 0.0122 -0.0935 0 0 0 30
0.5652 0.0122 -0.0935 0 0 0 30
0.5652 0.0122 -0.0935 0 0 0 30
0.5000 0.0125 -0.0915 0 0 0 30
0.5000 0.0125 -0.0915 0 0 0 30
0.5000 0.0125 -0.0915 0 0 0 30
0.5000 0.0125 -0.0915 0 0 0 30
0.5000 0.0125 -0.0915 0 0 0 30
0.5000 0.0125 -0.0915 0 0 0 0
0.6087 0.0120 -0.0930 0 0 0 30
0.5435 0.0120 -0.0930 0 0 0 30
0.5652 0.0118 -0.0943 0 0 0 30
0.5217 0.0113 -0.0949 0 0 0 30
0.5217 0.0113 -0.0949 0 0 0 30
0.5217 0.0107 -0.0997 0 0 0 30
0.4783 0.0107 -0.0997 0 0 0 30
0.5435 0.0103 -0.1054 0 0 0 30
0.5217 0.0104 -0.1047 0 0 0 30
0.5217 0.0104 -0.1047 0 0 0 30
0.5217 0.0104 -0.1047 0 0 0 30
0.5217 0.0107 -0.1018 0 0 0 0
0.4565 0.0091 -0.0833 0 0 0 30
0.5217 0.0103 -0.0776 0 0 0 30
0.5217 0.0106 -0.0769 0 0 0 30
0.5000 0.0106 -0.0769 0 0 0 30
0.5000 0.0103 -0.0720 0 0 0 30
0.4783 0.0103 -0.0720 0 0 0 30
0.4783 0.0111 -0.0715 0 0 0 30
0.5652 0.0111 -0.0715 0 0 0 30
0.5652 0.0111 -0.0715 0 0 0 30
0.5435 0.0114 -0.0709 0 0 0 30
0.5435 0.0114 -0.0709 0 0 0 30
0.5435 0.0114 -0.0709 0 0 0 30
0.5435 0.0114 -0.0709 0 0 0 30
0.5435 0.0114 -0.0709 0 0 0 0
0.5652 0.0088 -0.0620 0 0 0 30
0.5870 0.0088 -0.0620 0 0 0 30
0.5870 0.0088 -0.0620 0 0 0 30
0.5435 0.0092 -0.0598 0 0 0 30
0.5435 0.0092 -0.0598 0 0 0 30
0.5435 0.0092 -0.0583 0 0 0 30
0.5652 0.0092 -0.0583 0 0 0 30
0.5652 0.0094 -0.0568 0 0 0 30
0.5652 0.0094 -0.0568 0 0 0 30
0.5435 0.0096 -0.0495 0 0 0 30
0.5435 0.0096 -0.0495 0 0 0 30
0.5435 0.0099 -0.0516 0 0 0 30
0.5652 0.0099 -0.0516 0 0 0 30
0.5000 0.0101 -0.0513 0 0 0 30
0.5000 0.0101 -0.0513 0 0 0 0
0.5217 0.0070 -0.0509 0 0 0 30
0.5652 0.0070 -0.0509 0 0 0 30
0.5652 0.0059 -0.0510 0 0 0 30
0.5652 0.0059 -0.0510 0 0 0 30
0.5652 0.0046 -0.0487 0 0 0 30
0.5435 0.0046 -0.0487 0 0 0 30
0.6087 0.0035 -0.0472 0 0 0 30
0.6087 0.0031 -0.0461 0 0 0 30
0.5652 0.0031 -0.0461 0 0 0 30
0.5652 0.0039 -0.0431 0 0 0 30
0.5652 0.0039 -0.0431 0 0 0 30
0.5652 0.0045 -0.0435 0 0 0 0
0.5000 0.0031 0.3612 0 0 0 30
0.6087 0.0031 0.3612 0 0 0 30
0.4783 0.0027 0.3612 0 0 0 30
0.5870 0.0038 0.3605 0 0 0 30
0.5870 0.0038 0.3605 0 0 0 30
0.5870 0.0042 0.3563 0 0 0 30
0.5435 0.0042 0.3563 0 0 0 0
0.5000 0.0030 0.3536 0 0 0 30
0.5000 0.0030 0.3536 0 0 0 30
0.5870 0.0025 0.3540 0 0 0 30
0.5870 0.0026 0.3535 0 0 0 30
0.5217 0.0026 0.3535 0 0 0 0
