0.4348 0.0152 -0.6580 0 0 0 30
0.3696 0.0152 -0.6580 0 0 0 30
0.3696 0.0137 -0.6558 0 0 0 30
0.4565 0.0137 -0.6558 0 0 0 30
0.4565 0.0133 -0.6564 0 0 0 30
0.5217 0.0133 -0.6564 0 0 0 30
0.5217 0.0133 -0.6564 0 0 0 30
0.3913 0.0132 -0.6558 0 0 0 30
0.3913 0.0131 -0.6582 0 0 0 30
0.4348 0.0131 -0.6582 0 0 0 30
0.4348 0.0131 -0.6582 0 0 0 30
0.4348 0.0131 -0.6582 0 0 0 30
0.4565 0.0131 -0.6722 0 0 0 30
0.4565 0.0131 -0.6722 0 0 0 30
0.4565 0.0131 -0.6722 0 0 0 0
0.3913 0.0139 -0.6593 0 0 0 30
0.3913 0.0139 -0.6593 0 0 0 30
0.3696 0.0139 -0.6593 0 0 0 30
0.3696 0.0139 -0.6593 0 0 0 30
0.4130 0.0139 -0.6597 0 0 0 30
0.4130 0.0139 -0.6597 0 0 0 0
0.4348 0.0142 -0.6597 0 0 0 30
0.4348 0.0143 -0.6611 0 0 0 30
0.3913 0.0143 -0.6611 0 0 0 30
0.4130 0.0143 -0.6616 0 0 0 0
0.4565 0.0136 -0.6553 0 0 0 30
0.4783 0.0132 -0.6548 0 0 0 30
0.4783 0.0132 -0.6548 0 0 0 30
0.4130 0.0132 -0.6556 0 0 0 30
0.4565 0.0134 -0.6520 0 0 0 30
0.4565 0.0134 -0.6520 0 0 0 30
0.4565 0.0134 -0.6507 0 0 0 30
0.4565 0.0134 -0.6507 0 0 0 30
0.3913 0.0133 -0.6478 0 0 0 0
0.4783 0.0125 -0.6420 0 0 0 30
0.3696 0.0125 -0.6420 0 0 0 30
0.3696 0.0125 -0.6400 0 0 0 0
0.3696 0.0129 -0.6376 0 0 0 30
0.4783 0.0134 -0.6398 0 0 0 30
0.4783 0.0134 -0.6398 0 0 0 30
0.4565 0.0140 -0.6447 0 0 0 30
0.4565 0.0145 -0.6416 0 0 0 30
0.3913 0.0145 -0.6416 0 0 0 30
0.3913 0.0145 -0.6416 0 0 0 30
0.3913 0.0145 -0.6416 0 0 0 30
0.4565 0.0152 -0.6395 0 0 0 30
0.4565 0.0152 -0.6395 0 0 0 0
0.3913 0.0165 -0.6359 0 0 0 30
0.3913 0.0165 -0.6359 0 0 0 30
0.4130 0.0159 -0.6345 0 0 0 30
0.4130 0.0160 -0.6369 0 0 0 30
0.4565 0.0160 -0.6369 0 0 0 30
0.4565 0.0167 -0.6343 0 0 0 30
0.4348 0.0167 -0.6343 0 0 0 30
0.3913 0.0173 -0.6312 0 0 0 30
0.3913 0.0173 -0.6312 0 0 0 30
0.3913 0.0173 -0.6312 0 0 0 0
0.4348 0.0172 -0.6289 0 0 0 30
0.3696 0.0172 -0.6289 0 0 0 30
0.3696 0.0172 -0.6289 0 0 0 30
0.3696 0.0172 -0.6289 0 0 0 30
0.3696 0.0175 -0.6276 0 0 0 30
0.3696 0.0175 -0.6276 0 0 0 30
0.3696 0.0175 -0.6301 0 0 0 30
0.4348 0.0175 -0.6301 0 0 0 30
0.4348 0.0175 -0.6301 0 0 0 30
0.3913 0.0171 -0.6291 0 0 0 30
0.3913 0.0171 -0.6291 0 0 0 0
0.4130 0.0168 -0.6302 0 0 0 30
0.4130 0.0168 -0.6302 0 0 0 30
0.3696 0.0165 -0.6304 0 0 0 30
0.3696 0.0165 -0.6304 0 0 0 30
0.5000 0.0164 -0.6347 0 0 0 30
0.5000 0.0164 -0.6347 0 0 0 30
0.5000 0.0166 -0.6324 0 0 0 30
0.4130 0.0166 -0.6324 0 0 0 30
0.4130 0.0166 -0.6324 0 0 0 30
0.4565 0.0167 -0.6308 0 0 0 30
0.4565 0.0158 -0.6381 0 0 0 30
0.4348 0.0158 -0.6381 0 0 0 30
0.4348 0.0158 -0.6381 0 0 0 30
0.4348 0.0158 -0.6381 0 0 0 30
0.4348 0.0158 -0.6381 0 0 0 30
0.4565 0.0156 -0.6356 0 0 0 30
0.4565 0.0156 -0.6356 0 0 0 0
0.4565 0.0163 -0.6368 0 0 0 30
0.4130 0.0164 -0.6332 0 0 0 30
0.4130 0.0164 -0.6332 0 0 0 30
0.3913 0.0163 -0.6334 0 0 0 30
0.3913 0.0163 -0.6334 0 0 0 30
0.3913 0.0162 -0.6345 0 0 0 30
0.3696 0.0162 -0.6345 0 0 0 30
0.3913 0.0165 -0.6320 0 0 0 30
0.3913 0.0164 -0.6283 0 0 0 30
0.4565 0.0164 -0.6283 0 0 0 30
0.4565 0.0164 -0.6283 0 0 0 0
0.3913 0.0151 -0.6326 0 0 0 30
0.3696 0.0151 -0.6326 0 0 0 30
0.3913 0.0152 -0.6131 0 0 0 30
0.3913 0.0152 -0.6131 0 0 0 30
0.3913 0.0152 -0.6131 0 0 0 30
0.3478 0.0154 -0.6210 0 0 0 30
0.3478 0.0154 -0.6210 0 0 0 30
0.3478 0.0154 -0.6210 0 0 0 30
0.3478 0.0153 -0.6221 0 0 0 30
0.3478 0.0153 -0.6221 0 0 0 30
0.3478 0.0153 -0.6221 0 0 0 30
0.3478 0.0153 -0.6221 0 0 0 30
0.3478 0.0153 -0.6221 0 0 0 30
0.3478 0.0153 -0.6221 0 0 0 0
0.3478 0.0150 -0.6263 0 0 0 30
0.3913 0.0150 -0.6263 0 0 0 30
0.4348 0.0148 -0.6562 0 0 0 30
0.4348 0.0146 -0.6618 0 0 0 30
0.4565 0.0146 -0.6618 0 0 0 30
0.4565 0.0153 -0.6586 0 0 0 30
0.4130 0.0153 -0.6586 0 0 0 30
0.4130 0.0153 -0.6586 0 0 0 30
0.4130 0.0157 -0.6542 0 0 0 30
0.4130 0.0157 -0.6542 0 0 0 30
0.4130 0.0157 -0.6542 0 0 0 30
0.5217 0.0156 -0.6524 0 0 0 30
0.5217 0.0156 -0.6524 0 0 0 30
0.5217 0.0156 -0.6524 0 0 0 0
0.4783 0.0169 -0.6314 0 0 0 30
0.4783 0.0164 -0.6291 0 0 0 30
0.4783 0.0157 -0.6248 0 0 0 30
0.4783 0.0157 -0.6248 0 0 0 30
0.4565 0.0152 -0.6161 0 0 0 30
0.4565 0.0153 -0.6156 0 0 0 30
0.5652 0.0153 -0.6156 0 0 0 30
0.5652 0.0153 -0.6156 0 0 0 30
0.4565 0.0156 -0.6144 0 0 0 30
0.4565 0.0156 -0.6144 0 0 0 30
0.4565 0.0158 -0.6142 0 0 0 30
0.4565 0.0158 -0.6142 0 0 0 30
0.4348 0.0160 -0.6144 0 0 0 30
0.4348 0.0160 -0.6144 0 0 0 0
0.4348 0.0159 -0.6139 0 0 0 30
0.5000 0.0159 -0.6139 0 0 0 30
0.5000 0.0159 -0.6139 0 0 0 30
0.5217 0.0161 -0.6135 0 0 0 30
0.5217 0.0166 -0.6135 0 0 0 30
0.4565 0.0166 -0.6135 0 0 0 30
0.4565 0.0172 -0.6117 0 0 0 30
0.4565 0.0174 -0.6030 0 0 0 30
0.3913 0.0174 -0.6030 0 0 0 0
0.4348 0.0146 -0.5622 30 0 0 0
0.4348 0.0146 -0.5622 30 0 0 0
0.4565 0.0155 -0.5676 30 0 0 0
0.4565 0.0156 -0.5676 30 0 0 0
0.4130 0.0156 -0.5676 30 0 0 0
0.4130 0.0156 -0.5676 30 0 0 0
0.4130 0.0156 -0.5676 30 0 0 0
0.4130 0.0148 -0.5685 30 0 0 0
0.4130 0.0145 -0.5692 30 0 0 0
0.3913 0.0145 -0.5692 30 0 0 0
0.3913 0.0144 -0.5689 30 0 0 0
0.3913 0.0144 -0.5689 30 0 0 0
0.3696 0.0145 -0.5698 30 0 0 0
0.3696 0.0145 -0.5698 30 0 0 0
0.3696 0.0145 -0.5698 30 0 0 0
0.3696 0.0145 -0.5698 30 0 0 0
0.3696 0.0145 -0.5698 30 0 0 0
0.4130 0.0148 -0.5702 30 0 0 0
0.4130 0.0148 -0.5702 30 0 0 0
0.4130 0.0148 -0.5702 30 0 0 0
0.4130 0.0148 -0.5702 30 0 0 0
0.4130 0.0148 -0.5702 30 0 0 0
0.4130 0.0148 -0.5702 30 0 0 0
0.4130 0.0148 -0.5702 30 0 0 0
0.3696 0.0149 -0.5705 30 0 0 0
0.3696 0.0149 -0.5705 30 0 0 0
0.3696 0.0149 -0.5705 30 0 0 0
0.3696 0.0149 -0.5705 30 0 0 0
0.3696 0.0149 -0.5705 30 0 0 0
0.3696 0.0149 -0.5705 30 0 0 0
0.3696 0.0149 -0.5705 30 0 0 0
0.3696 0.0149 -0.5705 30 0 0 0
0.4130 0.0149 -0.5720 30 0 0 0
0.4130 0.0149 -0.5720 30 0 0 0
0.4130 0.0149 -0.5720 30 0 0 0
0.4130 0.0149 -0.5720 30 0 0 0
0.4130 0.0149 -0.5720 30 0 0 0
0.4130 0.0149 -0.5720 30 0 0 0
0.4348 0.0150 -0.5732 30 0 0 0
0.4348 0.0150 -0.5732 30 0 0 0
0.4348 0.0150 -0.5732 30 0 0 0
0.4348 0.0150 -0.5732 30 0 0 0
0.4348 0.0150 -0.5732 30 0 0 0
0.4348 0.0150 -0.5732 30 0 0 0
0.4348 0.0150 -0.5732 30 0 0 0
0.4348 0.0150 -0.5732 30 0 0 0
0.4348 0.0150 -0.5732 30 0 0 0
0.4348 0.0150 -0.5732 30 0 0 0
0.4348 0.0150 -0.5732 30 0 0 0
0.4348 0.0150 -0.5732 30 0 0 0
0.4348 0.0153 -0.5736 30 0 0 0
0.4348 0.0153 -0.5736 30 0 0 0
0.4348 0.0153 -0.5736 30 0 0 0
0.4348 0.0153 -0.5736 30 0 0 0
0.4348 0.0153 -0.5736 30 0 0 0
0.4348 0.0153 -0.5736 30 0 0 0
0.4348 0.0153 -0.5736 30 0 0 0
0.4348 0.0153 -0.5736 30 0 0 0
0.4348 0.0153 -0.5736 30 0 0 0
0.5000 0.0155 -0.5727 30 0 0 0
0.5000 0.0155 -0.5727 30 0 0 0
0.4565 0.0157 -0.5715 30 0 0 0
0.4130 0.0158 -0.5714 30 0 0 0
0.4130 0.0158 -0.5714 30 0 0 0
0.4130 0.0158 -0.5714 30 0 0 0
0.4130 0.0158 -0.5714 30 0 0 0
0.4130 0.0158 -0.5714 30 0 0 0
0.4130 0.0158 -0.5714 30 0 0 0
0.4130 0.0158 -0.5714 30 0 0 0
0.4130 0.0158 -0.5714 30 0 0 0
0.4565 0.0158 -0.5694 30 0 0 0
0.4565 0.0158 -0.5694 30 0 0 0
0.4565 0.0158 -0.5694 30 0 0 0
0.4565 0.0158 -0.5694 30 0 0 0
0.4565 0.0158 -0.5694 30 0 0 0
0.4565 0.0156 -0.5692 30 0 0 0
0.4348 0.0156 -0.5692 30 0 0 0
0.4348 0.0156 -0.5692 30 0 0 0
0.4348 0.0156 -0.5692 30 0 0 0
0.4348 0.0156 -0.5692 30 0 0 0
0.4348 0.0156 -0.5692 30 0 0 0
0.4348 0.0156 -0.5692 30 0 0 0
0.4348 0.0156 -0.5692 30 0 0 0
0.4348 0.0154 -0.5679 30 0 0 0
0.4348 0.0154 -0.5679 30 0 0 0
0.4348 0.0154 -0.5679 30 0 0 0
0.4348 0.0154 -0.5679 30 0 0 0
0.4348 0.0154 -0.5679 30 0 0 0
0.4348 0.0154 -0.5679 30 0 0 0
0.4348 0.0154 -0.5679 30 0 0 0
0.4130 0.0155 -0.5695 30 0 0 0
0.4130 0.0155 -0.5695 30 0 0 0
0.4130 0.0155 -0.5695 30 0 0 0
0.4130 0.0155 -0.5695 30 0 0 0
0.4130 0.0155 -0.5695 30 0 0 0
0.4130 0.0155 -0.5695 30 0 0 0
0.4130 0.0155 -0.5695 30 0 0 0
0.4130 0.0155 -0.5695 30 0 0 0
0.4130 0.0155 -0.5695 30 0 0 0
0.4783 0.0156 -0.5719 30 0 0 0
0.4783 0.0156 -0.5719 30 0 0 0
0.4783 0.0156 -0.5719 30 0 0 0
0.4783 0.0156 -0.5719 30 0 0 0
0.4783 0.0156 -0.5719 30 0 0 0
0.4783 0.0156 -0.5719 30 0 0 0
0.4783 0.0156 -0.5719 30 0 0 0
0.4783 0.0156 -0.5719 30 0 0 0
0.4783 0.0156 -0.5719 30 0 0 0
0.4783 0.0158 -0.5709 30 0 0 0
0.4783 0.0158 -0.5709 30 0 0 0
0.4783 0.0158 -0.5709 30 0 0 0
0.3261 0.0161 -0.5743 30 0 0 0
0.3261 0.0161 -0.5743 30 0 0 0
0.3261 0.0161 -0.5743 30 0 0 0
0.3261 0.0161 -0.5743 30 0 0 0
0.4130 0.0160 -0.5742 30 0 0 0
0.4130 0.0160 -0.5742 30 0 0 0
0.4130 0.0160 -0.5742 30 0 0 0
0.4130 0.0160 -0.5742 30 0 0 0
0.4130 0.0160 -0.5742 30 0 0 0
0.4130 0.0160 -0.5742 30 0 0 0
0.4348 0.0160 -0.5712 30 0 0 0
0.4348 0.0160 -0.5712 30 0 0 0
0.4348 0.0160 -0.5712 30 0 0 0
0.4348 0.0160 -0.5712 30 0 0 0
0.4348 0.0160 -0.5712 30 0 0 0
0.4348 0.0160 -0.5712 30 0 0 0
0.4348 0.0160 -0.5712 30 0 0 0
0.4348 0.0160 -0.5712 30 0 0 0
0.4348 0.0160 -0.5712 30 0 0 0
0.4348 0.0160 -0.5712 30 0 0 0
0.4348 0.0159 -0.5732 30 0 0 0
0.4348 0.0159 -0.5732 30 0 0 0
0.4348 0.0159 -0.5732 30 0 0 0
0.4348 0.0159 -0.5732 30 0 0 0
0.4348 0.0159 -0.5732 30 0 0 0
0.4130 0.0158 -0.5713 30 0 0 0
0.4130 0.0158 -0.5713 30 0 0 0
0.4130 0.0158 -0.5713 30 0 0 0
0.4130 0.0158 -0.5713 30 0 0 0
0.4130 0.0158 -0.5713 30 0 0 0
0.4130 0.0158 -0.5713 30 0 0 0
0.4783 0.0158 -0.5708 30 0 0 0
0.4783 0.0158 -0.5708 30 0 0 0
0.4783 0.0158 -0.5708 30 0 0 0
0.4783 0.0158 -0.5708 30 0 0 0
0.4783 0.0158 -0.5708 30 0 0 0
0.4783 0.0158 -0.5708 30 0 0 0
0.4783 0.0158 -0.5708 30 0 0 0
0.4783 0.0158 -0.5708 30 0 0 0
0.4783 0.0158 -0.5708 30 0 0 0
0.4783 0.0158 -0.5708 30 0 0 0
0.4130 0.0161 -0.5685 30 0 0 0
0.4130 0.0161 -0.5685 30 0 0 0
0.4130 0.0161 -0.5685 30 0 0 0
0.4130 0.0161 -0.5685 30 0 0 0
0.4130 0.0161 -0.5685 30 0 0 0
0.5000 0.0166 -0.5692 30 0 0 0
0.5000 0.0166 -0.5692 30 0 0 0
0.5000 0.0166 -0.5692 30 0 0 0
0.5000 0.0166 -0.5692 30 0 0 0
0.5000 0.0166 -0.5692 30 0 0 0
0.5000 0.0166 -0.5692 30 0 0 0
0.5000 0.0166 -0.5692 30 0 0 0
0.4130 0.0169 -0.5695 30 0 0 0
0.4130 0.0169 -0.5695 30 0 0 0
0.4130 0.0169 -0.5695 30 0 0 0
0.4130 0.0169 -0.5695 30 0 0 0
0.4130 0.0169 -0.5695 30 0 0 0
0.4130 0.0169 -0.5695 30 0 0 0
0.4130 0.0169 -0.5695 30 0 0 0
0.4130 0.0169 -0.5695 30 0 0 0
0.4348 0.0175 -0.5689 30 0 0 0
0.4348 0.0175 -0.5689 30 0 0 0
0.4348 0.0175 -0.5689 30 0 0 0
0.4348 0.0177 -0.5693 30 0 0 0
0.4348 0.0177 -0.5693 30 0 0 0
0.4348 0.0177 -0.5693 30 0 0 0
0.4348 0.0177 -0.5693 30 0 0 0
0.4348 0.0177 -0.5693 30 0 0 0
0.4348 0.0177 -0.5693 30 0 0 0
0.4348 0.0177 -0.5693 30 0 0 0
0.4348 0.0177 -0.5693 30 0 0 0
0.4565 0.0182 -0.5708 30 0 0 0
0.4565 0.0182 -0.5708 30 0 0 0
0.4565 0.0182 -0.5708 30 0 0 0
0.4565 0.0182 -0.5708 30 0 0 0
0.4565 0.0182 -0.5708 30 0 0 0
0.4565 0.0182 -0.5708 30 0 0 0
0.4565 0.0182 -0.5708 30 0 0 0
0.3913 0.0184 -0.5710 30 0 0 0
0.3913 0.0184 -0.5710 30 0 0 0
0.3913 0.0184 -0.5710 30 0 0 0
0.3913 0.0184 -0.5710 30 0 0 0
0.3913 0.0186 -0.5719 30 0 0 0
0.4783 0.0186 -0.5719 30 0 0 0
0.4783 0.0186 -0.5719 30 0 0 0
0.4783 0.0186 -0.5719 30 0 0 0
0.4783 0.0186 -0.5719 30 0 0 0
0.4783 0.0186 -0.5719 30 0 0 0
0.4783 0.0186 -0.5719 30 0 0 0
0.4783 0.0186 -0.5719 30 0 0 0
0.4783 0.0186 -0.5719 30 0 0 0
0.4565 0.0185 -0.5714 30 0 0 0
0.4565 0.0185 -0.5714 30 0 0 0
0.4565 0.0185 -0.5714 30 0 0 0
0.4565 0.0185 -0.5714 30 0 0 0
0.4565 0.0185 -0.5714 30 0 0 0
0.4565 0.0185 -0.5714 30 0 0 0
0.4565 0.0185 -0.5714 30 0 0 0
0.4565 0.0185 -0.5714 30 0 0 0
0.4783 0.0182 -0.5722 30 0 0 0
0.4783 0.0182 -0.5722 30 0 0 0
0.4783 0.0182 -0.5722 30 0 0 0
0.4783 0.0182 -0.5722 30 0 0 0
0.4783 0.0182 -0.5722 30 0 0 0
0.4783 0.0182 -0.5722 30 0 0 0
0.4130 0.0178 -0.5731 30 0 0 0
0.4130 0.0178 -0.5731 30 0 0 0
0.4130 0.0178 -0.5731 30 0 0 0
0.4130 0.0178 -0.5731 30 0 0 0
0.4130 0.0178 -0.5731 30 0 0 0
0.4130 0.0178 -0.5731 30 0 0 0
0.4130 0.0178 -0.5731 30 0 0 0
0.4130 0.0178 -0.5731 30 0 0 0
0.4565 0.0170 -0.5735 30 0 0 0
0.4565 0.0170 -0.5735 30 0 0 0
0.4565 0.0170 -0.5735 30 0 0 0
0.4565 0.0170 -0.5735 30 0 0 0
0.4565 0.0170 -0.5735 30 0 0 0
0.4565 0.0170 -0.5735 30 0 0 0
0.4565 0.0163 -0.5746 30 0 0 0
0.4130 0.0163 -0.5746 30 0 0 0
0.4130 0.0163 -0.5746 30 0 0 0
0.4130 0.0163 -0.5746 30 0 0 0
0.4130 0.0163 -0.5746 30 0 0 0
0.4130 0.0158 -0.5746 30 0 0 0
0.4130 0.0158 -0.5746 30 0 0 0
0.4130 0.0158 -0.5746 30 0 0 0
0.4130 0.0158 -0.5746 30 0 0 0
0.4130 0.0158 -0.5746 30 0 0 0
0.4130 0.0158 -0.5746 30 0 0 0
0.4130 0.0158 -0.5746 30 0 0 0
0.4130 0.0158 -0.5746 30 0 0 0
0.4130 0.0158 -0.5746 30 0 0 0
0.3696 0.0152 -0.5739 30 0 0 0
0.3696 0.0152 -0.5739 30 0 0 0
0.3696 0.0152 -0.5739 30 0 0 0
0.3696 0.0152 -0.5739 30 0 0 0
0.3696 0.0152 -0.5739 30 0 0 0
0.3696 0.0152 -0.5739 30 0 0 0
0.3696 0.0149 -0.5737 30 0 0 0
0.4130 0.0149 -0.5737 30 0 0 0
0.4130 0.0149 -0.5737 30 0 0 0
0.4130 0.0149 -0.5737 30 0 0 0
0.4130 0.0149 -0.5737 30 0 0 0
0.4130 0.0149 -0.5737 30 0 0 0
0.4565 0.0149 -0.5742 30 0 0 0
0.4565 0.0149 -0.5742 30 0 0 0
0.4565 0.0149 -0.5742 30 0 0 0
0.4565 0.0149 -0.5742 30 0 0 0
0.4565 0.0149 -0.5742 30 0 0 0
0.4565 0.0149 -0.5742 30 0 0 0
0.4565 0.0149 -0.5742 30 0 0 0
0.4565 0.0149 -0.5742 30 0 0 0
0.3913 0.0149 -0.5751 30 0 0 0
0.3913 0.0149 -0.5751 30 0 0 0
0.3913 0.0149 -0.5751 30 0 0 0
0.3913 0.0149 -0.5751 30 0 0 0
0.3913 0.0149 -0.5751 30 0 0 0
0.3913 0.0149 -0.5751 30 0 0 0
0.3913 0.0149 -0.5751 30 0 0 0
0.3913 0.0150 -0.5739 30 0 0 0
0.4130 0.0150 -0.5739 30 0 0 0
0.4130 0.0150 -0.5739 30 0 0 0
0.4130 0.0150 -0.5739 30 0 0 0
0.4130 0.0150 -0.5739 30 0 0 0
0.4130 0.0151 -0.5744 30 0 0 0
0.5000 0.0151 -0.5744 30 0 0 0
0.5000 0.0151 -0.5744 30 0 0 0
0.5000 0.0151 -0.5744 30 0 0 0
0.5000 0.0151 -0.5744 30 0 0 0
0.5000 0.0151 -0.5744 30 0 0 0
0.5000 0.0151 -0.5744 30 0 0 0
0.5000 0.0151 -0.5744 30 0 0 0
0.5000 0.0150 -0.5746 30 0 0 0
0.3478 0.0150 -0.5746 30 0 0 0
0.3478 0.0150 -0.5746 30 0 0 0
0.3478 0.0150 -0.5746 30 0 0 0
0.3478 0.0150 -0.5746 30 0 0 0
0.3478 0.0150 -0.5746 30 0 0 0
0.3478 0.0150 -0.5746 30 0 0 0
0.3696 0.0151 -0.5752 30 0 0 0
0.3696 0.0151 -0.5752 30 0 0 0
0.3696 0.0151 -0.5752 30 0 0 0
0.3696 0.0151 -0.5752 30 0 0 0
0.3696 0.0151 -0.5752 30 0 0 0
0.3696 0.0151 -0.5752 30 0 0 0
0.3478 0.0156 -0.5748 30 0 0 0
0.3478 0.0156 -0.5748 30 0 0 0
0.3478 0.0156 -0.5748 30 0 0 0
0.3478 0.0156 -0.5748 30 0 0 0
0.3478 0.0156 -0.5748 30 0 0 0
0.3478 0.0156 -0.5748 30 0 0 0
0.3478 0.0156 -0.5748 30 0 0 0
0.3478 0.0156 -0.5748 30 0 0 0
0.3478 0.0156 -0.5748 30 0 0 0
0.3478 0.0156 -0.5748 30 0 0 0
0.3478 0.0156 -0.5748 30 0 0 0
0.3478 0.0160 -0.5743 30 0 0 0
0.3913 0.0160 -0.5743 30 0 0 0
0.3913 0.0160 -0.5743 30 0 0 0
0.3913 0.0160 -0.5743 30 0 0 0
0.3913 0.0160 -0.5743 30 0 0 0
0.4130 0.0163 0.0370 30 0 0 0
0.4130 0.0163 0.0370 30 0 0 0
0.4130 0.0163 0.0370 30 0 0 0
0.4130 0.0163 0.0370 30 0 0 0
0.4130 0.0163 0.0370 30 0 0 0
0.4130 0.0166 0.0375 30 0 0 0
0.3913 0.0166 0.0375 30 0 0 0
0.3913 0.0166 0.0375 30 0 0 0
0.3913 0.0166 0.0375 30 0 0 0
0.3913 0.0166 0.0375 30 0 0 0
0.3913 0.0166 0.0375 30 0 0 0
0.3913 0.0166 0.0375 30 0 0 0
0.3913 0.0166 0.0375 30 0 0 0
0.3913 0.0171 0.0386 30 0 0 0
0.3913 0.0171 0.0386 30 0 0 0
0.3913 0.0171 0.0386 30 0 0 0
0.3913 0.0171 0.0386 30 0 0 0
0.3913 0.0171 0.0386 30 0 0 0
0.3913 0.0171 0.0386 30 0 0 0
0.3913 0.0171 0.0386 30 0 0 0
0.3478 0.0174 0.0392 30 0 0 0
0.3478 0.0174 0.0392 30 0 0 0
0.3478 0.0174 0.0392 30 0 0 0
0.3478 0.0174 0.0392 30 0 0 0
0.3478 0.0174 0.0392 30 0 0 0
0.3478 0.0174 0.0392 30 0 0 0
0.4348 0.0178 0.0386 30 0 0 0
0.4348 0.0178 0.0386 30 0 0 0
0.4348 0.0178 0.0386 30 0 0 0
0.4348 0.0178 0.0386 30 0 0 0
0.4348 0.0178 0.0386 30 0 0 0
0.4348 0.0178 0.0386 30 0 0 0
0.4348 0.0178 0.0386 30 0 0 0
0.4348 0.0178 0.0386 30 0 0 0
0.4348 0.0179 0.0391 30 0 0 0
0.4348 0.0179 0.0391 30 0 0 0
0.4348 0.0179 0.0391 30 0 0 0
0.4348 0.0179 0.0391 30 0 0 0
0.4348 0.0179 0.0391 30 0 0 0
0.4348 0.0179 0.0391 30 0 0 0
0.4348 0.0179 0.0391 30 0 0 0
0.4348 0.0179 0.0391 30 0 0 0
0.4348 0.0179 0.0391 30 0 0 0
0.4348 0.0179 0.0391 30 0 0 0
0.4348 0.0179 0.0391 30 0 0 0
0.4348 0.0179 0.0391 30 0 0 0
0.4348 0.0179 0.0391 30 0 0 0
0.4130 0.0179 0.0434 30 0 0 0
0.4130 0.0179 0.0434 30 0 0 0
0.4130 0.0179 0.0434 30 0 0 0
0.4130 0.0179 0.0434 30 0 0 0
0.4130 0.0179 0.0434 30 0 0 0
0.4130 0.0179 0.0434 30 0 0 0
0.4130 0.0179 0.0412 30 0 0 0
0.4130 0.0179 0.0412 30 0 0 0
0.4130 0.0177 0.0496 30 0 0 0
0.3478 0.0177 0.0496 30 0 0 0
0.3478 0.0177 0.0496 30 0 0 0
0.3478 0.0177 0.0496 30 0 0 0
0.3478 0.0177 0.0496 30 0 0 0
0.3478 0.0175 0.0703 30 0 0 0
0.4348 0.0175 0.0703 30 0 0 0
0.4348 0.0175 0.0703 30 0 0 0
0.4348 0.0175 0.0703 30 0 0 0
0.4348 0.0175 0.0703 30 0 0 0
0.4348 0.0172 0.0712 30 0 0 0
0.3696 0.0172 0.0712 30 0 0 0
0.3696 0.0172 0.0712 30 0 0 0
0.3696 0.0172 0.0712 30 0 0 0
0.3696 0.0172 0.0712 30 0 0 0
0.3696 0.0172 0.0712 30 0 0 0
0.3696 0.0172 0.0712 30 0 0 0
0.3696 0.0172 0.0712 30 0 0 0
0.3696 0.0172 0.0712 30 0 0 0
0.3696 0.0172 0.0712 30 0 0 0
0.3913 0.0168 0.0774 30 0 0 0
0.3913 0.0168 0.0774 30 0 0 0
0.3913 0.0168 0.0774 30 0 0 0
0.3913 0.0168 0.0774 30 0 0 0
0.3913 0.0168 0.0774 30 0 0 0
0.3913 0.0168 0.0774 30 0 0 0
0.3913 0.0168 0.0774 30 0 0 0
0.3913 0.0164 0.0769 30 0 0 0
0.3478 0.0164 0.0769 30 0 0 0
0.3478 0.0164 0.0769 30 0 0 0
0.3478 0.0164 0.0769 30 0 0 0
0.3478 0.0164 0.0769 30 0 0 0
0.3478 0.0164 0.0769 30 0 0 0
0.3478 0.0164 0.0769 30 0 0 0
0.3478 0.0164 0.0769 30 0 0 0
0.3478 0.0164 0.0769 30 0 0 0
0.3478 0.0164 0.0769 30 0 0 0
0.3478 0.0164 0.0769 30 0 0 0
0.3478 0.0164 0.0769 30 0 0 0
0.3478 0.0164 0.0769 30 0 0 0
0.3478 0.0164 0.0769 30 0 0 0
0.3478 0.0164 0.0769 30 0 0 0
0.3478 0.0164 0.0769 30 0 0 0
0.3478 0.0164 0.0769 30 0 0 0
0.3478 0.0164 0.0769 30 0 0 0
0.3478 0.0164 0.0769 30 0 0 0
0.4348 0.0161 0.0723 30 0 0 0
0.4348 0.0161 0.0723 30 0 0 0
0.4348 0.0155 0.0713 30 0 0 0
0.4130 0.0155 0.0713 30 0 0 0
0.4130 0.0150 0.0653 30 0 0 0
0.4130 0.0150 0.0653 30 0 0 0
0.4565 0.0146 0.0628 30 0 0 0
0.4565 0.0146 0.0628 30 0 0 0
0.4565 0.0146 0.0628 30 0 0 0
0.4565 0.0146 0.0628 30 0 0 0
0.4565 0.0146 0.0628 30 0 0 0
0.4565 0.0146 0.0628 30 0 0 0
0.4565 0.0146 0.0628 30 0 0 0
0.4565 0.0146 0.0628 30 0 0 0
0.4565 0.0146 0.0628 30 0 0 0
0.4565 0.0146 0.0628 30 0 0 0
0.4565 0.0146 0.0628 30 0 0 0
0.4565 0.0146 0.0628 30 0 0 0
0.4565 0.0146 0.0628 30 0 0 0
0.4565 0.0146 0.0628 30 0 0 0
0.4565 0.0146 0.0628 30 0 0 0
0.4565 0.0146 0.0628 30 0 0 0
0.4565 0.0146 0.0628 30 0 0 0
0.4565 0.0146 0.0628 30 0 0 0
0.4565 0.0146 0.0628 30 0 0 0
0.4565 0.0146 0.0628 30 0 0 0
0.3913 0.0144 0.0600 30 0 0 0
0.3913 0.0144 0.0600 30 0 0 0
0.3913 0.0144 0.0600 30 0 0 0
0.3913 0.0146 0.0579 30 0 0 0
0.3696 0.0146 0.0579 30 0 0 0
0.3696 0.0146 0.0579 30 0 0 0
0.4130 0.0150 0.0560 30 0 0 0
0.4130 0.0150 0.0560 30 0 0 0
0.3913 0.0155 0.0537 30 0 0 0
0.3913 0.0155 0.0537 30 0 0 0
0.3913 0.0155 0.0537 30 0 0 0
0.3913 0.0155 0.0537 30 0 0 0
0.3913 0.0155 0.0537 30 0 0 0
0.3913 0.0155 0.0537 30 0 0 0
0.3913 0.0155 0.0537 30 0 0 0
0.3913 0.0155 0.0519 30 0 0 0
0.3913 0.0155 0.0519 30 0 0 0
0.3913 0.0155 0.0519 30 0 0 0
0.3913 0.0155 0.0519 30 0 0 0
0.3913 0.0155 0.0519 30 0 0 0
0.3913 0.0155 0.0519 30 0 0 0
0.3696 0.0154 0.0516 30 0 0 0
0.3696 0.0154 0.0516 30 0 0 0
0.3696 0.0154 0.0516 30 0 0 0
0.3696 0.0154 0.0516 30 0 0 0
0.3696 0.0154 0.0516 30 0 0 0
0.3696 0.0154 0.0516 30 0 0 0
0.3696 0.0154 0.0516 30 0 0 0
0.3696 0.0154 0.0516 30 0 0 0
0.3696 0.0154 0.0516 30 0 0 0
0.4565 0.0150 0.0529 30 0 0 0
0.4565 0.0150 0.0529 30 0 0 0
0.4565 0.0150 0.0529 30 0 0 0
0.4565 0.0150 0.0529 30 0 0 0
0.4565 0.0150 0.0529 30 0 0 0
0.4565 0.0150 0.0529 30 0 0 0
0.4565 0.0147 0.0529 30 0 0 0
0.4348 0.0147 0.0529 30 0 0 0
0.4348 0.0147 0.0529 30 0 0 0
0.4348 0.0147 0.0529 30 0 0 0
0.4348 0.0147 0.0529 30 0 0 0
0.3913 0.0144 0.0526 30 0 0 0
0.3913 0.0144 0.0526 30 0 0 0
0.3913 0.0144 0.0526 30 0 0 0
0.3913 0.0144 0.0526 30 0 0 0
0.3913 0.0144 0.0526 30 0 0 0
0.3913 0.0144 0.0526 30 0 0 0
0.3913 0.0144 0.0526 30 0 0 0
0.3913 0.0144 0.0526 30 0 0 0
0.3913 0.0144 0.0526 30 0 0 0
0.3913 0.0147 0.0550 30 0 0 0
0.3913 0.0147 0.0550 30 0 0 0
0.3913 0.0147 0.0550 30 0 0 0
0.3913 0.0147 0.0550 30 0 0 0
0.3913 0.0147 0.0550 30 0 0 0
0.3913 0.0147 0.0550 30 0 0 0
0.3696 0.0151 0.0566 30 0 0 0
0.3696 0.0151 0.0566 30 0 0 0
0.3696 0.0151 0.0566 30 0 0 0
0.3696 0.0151 0.0566 30 0 0 0
0.3696 0.0151 0.0566 30 0 0 0
0.4348 0.0159 0.0582 30 0 0 0
0.4348 0.0159 0.0582 30 0 0 0
0.4348 0.0159 0.0582 30 0 0 0
0.4348 0.0159 0.0582 30 0 0 0
0.4348 0.0159 0.0582 30 0 0 0
0.4348 0.0159 0.0582 30 0 0 0
0.4348 0.0159 0.0582 30 0 0 0
0.4348 0.0159 0.0582 30 0 0 0
0.4348 0.0159 0.0582 30 0 0 0
0.4348 0.0159 0.0582 30 0 0 0
0.4130 0.0165 0.0555 30 0 0 0
0.4130 0.0165 0.0555 30 0 0 0
0.4130 0.0165 0.0555 30 0 0 0
0.4130 0.0165 0.0555 30 0 0 0
0.4130 0.0165 0.0555 30 0 0 0
0.4130 0.0165 0.0555 30 0 0 0
0.4130 0.0165 0.0555 30 0 0 0
0.3696 0.0165 0.0586 30 0 0 0
0.3696 0.0165 0.0586 30 0 0 0
0.3696 0.0165 0.0586 30 0 0 0
0.3696 0.0165 0.0586 30 0 0 0
0.3696 0.0165 0.0586 30 0 0 0
0.3696 0.0165 0.0586 30 0 0 0
0.3696 0.0165 0.0586 30 0 0 0
0.3913 0.0165 0.0566 30 0 0 0
0.3913 0.0165 0.0566 30 0 0 0
0.3913 0.0165 0.0566 30 0 0 0
0.3913 0.0165 0.0566 30 0 0 0
0.3913 0.0165 0.0566 30 0 0 0
0.3913 0.0165 0.0566 30 0 0 0
0.3913 0.0165 0.0566 30 0 0 0
0.3913 0.0165 0.0566 30 0 0 0
0.3913 0.0165 0.0566 30 0 0 0
0.3913 0.0165 0.0566 30 0 0 0
0.3913 0.0165 0.0566 30 0 0 0
0.3913 0.0165 0.0566 30 0 0 0
0.3913 0.0165 0.0566 30 0 0 0
0.3913 0.0165 0.0566 30 0 0 0
0.3913 0.0165 0.0566 30 0 0 0
0.3913 0.0165 0.0566 30 0 0 0
0.3913 0.0165 0.0566 30 0 0 0
0.3913 0.0165 0.0566 30 0 0 0
0.3913 0.0165 0.0566 30 0 0 0
0.3913 0.0165 0.0575 30 0 0 0
0.3913 0.0165 0.0575 30 0 0 0
0.3913 0.0165 0.0575 30 0 0 0
0.4565 0.0165 0.0561 30 0 0 0
0.4565 0.0165 0.0519 30 0 0 0
0.4565 0.0165 0.0519 30 0 0 0
0.4565 0.0165 0.0519 30 0 0 0
0.4565 0.0165 0.0519 30 0 0 0
0.4565 0.0166 0.0528 30 0 0 0
0.4565 0.0166 0.0528 30 0 0 0
0.4565 0.0166 0.0528 30 0 0 0
0.4565 0.0166 0.0528 30 0 0 0
0.4565 0.0166 0.0528 30 0 0 0
0.4565 0.0166 0.0528 30 0 0 0
0.4565 0.0172 0.0545 30 0 0 0
0.5435 0.0172 0.0545 30 0 0 0
0.5435 0.0172 0.0545 30 0 0 0
0.5435 0.0172 0.0545 30 0 0 0
0.5435 0.0172 0.0545 30 0 0 0
0.5435 0.0172 0.0545 30 0 0 0
0.5435 0.0172 0.0545 30 0 0 0
0.5435 0.0172 0.0545 30 0 0 0
0.3913 0.0180 0.0517 30 0 0 0
0.3913 0.0180 0.0517 30 0 0 0
0.3913 0.0180 0.0517 30 0 0 0
0.3913 0.0180 0.0517 30 0 0 0
0.3913 0.0180 0.0517 30 0 0 0
0.3913 0.0180 0.0517 30 0 0 0
0.4130 0.0186 0.0522 30 0 0 0
0.4130 0.0186 0.0522 30 0 0 0
0.4130 0.0186 0.0522 30 0 0 0
0.4130 0.0186 0.0522 30 0 0 0
0.4130 0.0186 0.0522 30 0 0 0
0.4130 0.0186 0.0522 30 0 0 0
0.4130 0.0186 0.0522 30 0 0 0
0.4130 0.0190 0.0526 30 0 0 0
0.4130 0.0190 0.0526 30 0 0 0
0.4130 0.0190 0.0526 30 0 0 0
0.4130 0.0190 0.0526 30 0 0 0
0.4130 0.0190 0.0526 30 0 0 0
0.4130 0.0190 0.0526 30 0 0 0
0.4130 0.0190 0.0526 30 0 0 0
0.3913 0.0190 0.0548 30 0 0 0
0.3913 0.0190 0.0548 30 0 0 0
0.3913 0.0190 0.0548 30 0 0 0
0.3913 0.0190 0.0548 30 0 0 0
0.3913 0.0186 0.0553 30 0 0 0
0.4565 0.0186 0.0553 30 0 0 0
0.4565 0.0186 0.0553 30 0 0 0
0.4565 0.0186 0.0553 30 0 0 0
0.4565 0.0186 0.0553 30 0 0 0
0.4565 0.0186 0.0553 30 0 0 0
0.4565 0.0186 0.0553 30 0 0 0
0.4565 0.0186 0.0553 30 0 0 0
0.4130 0.0182 0.0548 30 0 0 0
0.4130 0.0182 0.0548 30 0 0 0
0.4130 0.0182 0.0548 30 0 0 0
0.4130 0.0182 0.0548 30 0 0 0
0.4130 0.0182 0.0548 30 0 0 0
0.4130 0.0182 0.0548 30 0 0 0
0.4130 0.0182 0.0548 30 0 0 0
0.4565 0.0179 0.0544 30 0 0 0
0.4565 0.0179 0.0544 30 0 0 0
0.4565 0.0179 0.0544 30 0 0 0
0.4565 0.0179 0.0544 30 0 0 0
0.4565 0.0179 0.0544 30 0 0 0
0.4565 0.0179 0.0544 30 0 0 0
0.3913 0.0176 0.0554 30 0 0 0
0.3913 0.0176 0.0554 30 0 0 0
0.3913 0.0176 0.0554 30 0 0 0
0.3913 0.0176 0.0554 30 0 0 0
0.3913 0.0176 0.0554 30 0 0 0
0.3913 0.0176 0.0554 30 0 0 0
0.3913 0.0176 0.0554 30 0 0 0
0.4565 0.0176 0.0544 30 0 0 0
0.4565 0.0176 0.0544 30 0 0 0
0.4565 0.0176 0.0544 30 0 0 0
0.4565 0.0176 0.0544 30 0 0 0
0.4565 0.0176 0.0544 30 0 0 0
0.4565 0.0176 0.0544 30 0 0 0
0.4565 0.0176 0.0544 30 0 0 0
0.4565 0.0176 0.0544 30 0 0 0
0.4565 0.0176 0.0544 30 0 0 0
0.4565 0.0176 0.0544 30 0 0 0
0.4565 0.0176 0.0544 30 0 0 0
0.4565 0.0176 0.0544 30 0 0 0
0.4565 0.0176 0.0544 30 0 0 0
0.4565 0.0176 0.0544 30 0 0 0
0.4565 0.0176 0.0544 30 0 0 0
0.4565 0.0176 0.0544 30 0 0 0
0.3913 0.0178 0.0534 30 0 0 0
0.3913 0.0178 0.0534 30 0 0 0
0.3913 0.0178 0.0534 30 0 0 0
0.3696 0.0180 0.0538 30 0 0 0
0.3696 0.0180 0.0538 30 0 0 0
0.3478 0.0177 0.0502 30 0 0 0
0.3478 0.0177 0.0502 30 0 0 0
0.3478 0.0177 0.0502 30 0 0 0
0.3478 0.0177 0.0502 30 0 0 0
0.3913 0.0171 0.0484 30 0 0 0
0.3913 0.0171 0.0484 30 0 0 0
0.3913 0.0171 0.0484 30 0 0 0
0.3913 0.0171 0.0484 30 0 0 0
0.3913 0.0171 0.0484 30 0 0 0
0.3913 0.0171 0.0484 30 0 0 0
0.3913 0.0165 0.0483 30 0 0 0
0.3913 0.0165 0.0483 30 0 0 0
0.3913 0.0165 0.0483 30 0 0 0
0.3913 0.0165 0.0483 30 0 0 0
0.3913 0.0165 0.0483 30 0 0 0
0.3913 0.0165 0.0483 30 0 0 0
0.3913 0.0161 0.0480 30 0 0 0
0.3913 0.0161 0.0480 30 0 0 0
0.3913 0.0161 0.0480 30 0 0 0
0.3913 0.0161 0.0480 30 0 0 0
0.3913 0.0161 0.0480 30 0 0 0
0.3913 0.0161 0.0480 30 0 0 0
0.3913 0.0161 0.0480 30 0 0 0
0.3913 0.0157 0.0469 30 0 0 0
0.4565 0.0157 0.0469 30 0 0 0
0.4565 0.0157 0.0469 30 0 0 0
0.4565 0.0157 0.0469 30 0 0 0
0.4565 0.0157 0.0469 30 0 0 0
0.4565 0.0157 0.0469 30 0 0 0
0.4565 0.0157 0.0469 30 0 0 0
0.4565 0.0157 0.0469 30 0 0 0
0.3913 0.0156 0.0461 30 0 0 0
0.3913 0.0156 0.0461 30 0 0 0
0.3913 0.0156 0.0461 30 0 0 0
0.3913 0.0156 0.0461 30 0 0 0
0.3913 0.0156 0.0461 30 0 0 0
0.3913 0.0156 0.0461 30 0 0 0
0.3696 0.0154 0.0446 30 0 0 0
0.3696 0.0154 0.0446 30 0 0 0
0.3696 0.0154 0.0446 30 0 0 0
0.3696 0.0154 0.0446 30 0 0 0
0.3696 0.0154 0.0446 30 0 0 0
0.3696 0.0154 0.0446 30 0 0 0
0.3913 0.0157 0.0455 30 0 0 0
0.3913 0.0157 0.0455 30 0 0 0
0.3913 0.0157 0.0455 30 0 0 0
0.3913 0.0157 0.0455 30 0 0 0
0.3913 0.0157 0.0455 30 0 0 0
0.3913 0.0157 0.0455 30 0 0 0
0.3913 0.0157 0.0455 30 0 0 0
0.4130 0.0160 0.0421 30 0 0 0
0.4130 0.0160 0.0421 30 0 0 0
0.4130 0.0160 0.0421 30 0 0 0
0.4130 0.0160 0.0421 30 0 0 0
0.4130 0.0160 0.0421 30 0 0 0
0.4130 0.0160 0.0421 30 0 0 0
0.4130 0.0160 0.0421 30 0 0 0
0.4130 0.0166 0.0430 30 0 0 0
0.4130 0.0166 0.0430 30 0 0 0
0.4130 0.0166 0.0430 30 0 0 0
0.4130 0.0166 0.0430 30 0 0 0
0.4130 0.0166 0.0430 30 0 0 0
0.4130 0.0166 0.0430 30 0 0 0
0.4130 0.0166 0.0430 30 0 0 0
0.4130 0.0166 0.0430 30 0 0 0
0.4130 0.0171 0.0394 30 0 0 0
0.4130 0.0171 0.0394 30 0 0 0
0.4130 0.0171 0.0394 30 0 0 0
0.4130 0.0171 0.0394 30 0 0 0
0.4130 0.0171 0.0394 30 0 0 0
0.4130 0.0171 0.0394 30 0 0 0
0.4565 0.0175 0.0378 30 0 0 0
0.4565 0.0175 0.0378 30 0 0 0
0.4565 0.0175 0.0378 30 0 0 0
0.4565 0.0175 0.0378 30 0 0 0
0.4565 0.0175 0.0378 30 0 0 0
0.4565 0.0175 0.0378 30 0 0 0
0.4565 0.0175 0.0378 30 0 0 0
0.4348 0.0176 0.0376 30 0 0 0
0.4348 0.0176 0.0376 30 0 0 0
0.4348 0.0176 0.0376 30 0 0 0
0.4348 0.0176 0.0376 30 0 0 0
0.4348 0.0176 0.0376 30 0 0 0
0.4348 0.0176 0.0376 30 0 0 0
0.4348 0.0176 0.0376 30 0 0 0
0.4348 0.0176 0.0376 30 0 0 0
0.3696 0.0178 0.0364 30 0 0 0
0.3696 0.0178 0.0364 30 0 0 0
0.3696 0.0178 0.0364 30 0 0 0
0.3696 0.0178 0.0364 30 0 0 0
0.3696 0.0178 0.0364 30 0 0 0
0.4348 0.0178 0.0341 30 0 0 0
0.4348 0.0178 0.0341 30 0 0 0
0.4348 0.0178 0.0341 30 0 0 0
0.4348 0.0178 0.0341 30 0 0 0
0.4348 0.0178 0.0341 30 0 0 0
0.4348 0.0178 0.0341 30 0 0 0
0.4348 0.0178 0.0341 30 0 0 0
0.4348 0.0178 0.0341 30 0 0 0
0.4130 0.0177 0.0332 30 0 0 0
0.4130 0.0177 0.0332 30 0 0 0
0.4130 0.0177 0.0332 30 0 0 0
0.4130 0.0177 0.0332 30 0 0 0
0.4130 0.0177 0.0332 30 0 0 0
0.4130 0.0177 0.0332 30 0 0 0
0.3478 0.0172 0.0384 30 0 0 0
0.3478 0.0172 0.0384 30 0 0 0
0.3478 0.0172 0.0384 30 0 0 0
0.3478 0.0172 0.0384 30 0 0 0
0.3478 0.0172 0.0384 30 0 0 0
0.3478 0.0172 0.0384 30 0 0 0
0.3478 0.0172 0.0384 30 0 0 0
0.5000 0.0169 0.0410 30 0 0 0
0.5000 0.0169 0.0410 30 0 0 0
0.5000 0.0169 0.0410 30 0 0 0
0.5000 0.0169 0.0410 30 0 0 0
0.5000 0.0169 0.0410 30 0 0 0
0.5000 0.0169 0.0410 30 0 0 0
0.5000 0.0166 0.0395 30 0 0 0
0.3696 0.0166 0.0395 30 0 0 0
0.3696 0.0166 0.0395 30 0 0 0
0.3696 0.0166 0.0395 30 0 0 0
0.3696 0.0166 0.0395 30 0 0 0
0.3696 0.0166 0.0395 30 0 0 0
0.3696 0.0166 0.0395 30 0 0 0
0.4348 0.0165 0.0407 30 0 0 0
0.4348 0.0165 0.0407 30 0 0 0
0.4348 0.0165 0.0407 30 0 0 0
0.4348 0.0165 0.0407 30 0 0 0
0.4348 0.0165 0.0407 30 0 0 0
0.4348 0.0165 0.0407 30 0 0 0
0.4348 0.0165 0.0407 30 0 0 0
0.4348 0.0165 0.0403 30 0 0 0
0.4348 0.0165 0.0403 30 0 0 0
0.4348 0.0165 0.0403 30 0 0 0
0.4348 0.0165 0.0403 30 0 0 0
0.4348 0.0165 0.0403 30 0 0 0
0.4348 0.0165 0.0403 30 0 0 0
0.4348 0.0165 0.0403 30 0 0 0
0.4130 0.0166 0.0411 30 0 0 0
0.4130 0.0166 0.0411 30 0 0 0
0.4130 0.0166 0.0411 30 0 0 0
0.4130 0.0166 0.0411 30 0 0 0
0.4130 0.0166 0.0411 30 0 0 0
0.4130 0.0166 0.0411 30 0 0 0
0.4130 0.0166 0.0411 30 0 0 0
0.4565 0.0170 0.0464 30 0 0 0
0.4565 0.0170 0.0464 30 0 0 0
0.4565 0.0170 0.0464 30 0 0 0
0.4565 0.0170 0.0464 30 0 0 0
0.4565 0.0170 0.0464 30 0 0 0
0.4565 0.0170 0.0464 30 0 0 0
0.4565 0.0176 0.0516 30 0 0 0
0.4565 0.0176 0.0516 30 0 0 0
0.4565 0.0176 0.0516 30 0 0 0
0.4565 0.0176 0.0516 30 0 0 0
0.4565 0.0176 0.0516 30 0 0 0
0.4565 0.0176 0.0516 30 0 0 0
0.4565 0.0176 0.0516 30 0 0 0
0.4783 0.0181 0.0510 30 0 0 0
0.4783 0.0181 0.0510 30 0 0 0
0.4783 0.0181 0.0510 30 0 0 0
0.4783 0.0181 0.0510 30 0 0 0
0.4783 0.0181 0.0510 30 0 0 0
0.4783 0.0181 0.0510 30 0 0 0
0.4783 0.0181 0.0510 30 0 0 0
0.4783 0.0181 0.0510 30 0 0 0
0.4565 0.0182 0.0558 30 0 0 0
0.4565 0.0182 0.0558 30 0 0 0
0.4565 0.0182 0.0558 30 0 0 0
0.4565 0.0182 0.0558 30 0 0 0
0.4565 0.0182 0.0558 30 0 0 0
0.4565 0.0182 0.0558 30 0 0 0
0.4348 0.0182 0.0547 30 0 0 0
0.4348 0.0182 0.0547 30 0 0 0
0.4348 0.0182 0.0547 30 0 0 0
0.4348 0.0182 0.0547 30 0 0 0
0.4348 0.0182 0.0547 30 0 0 0
0.4348 0.0182 0.0547 30 0 0 0
0.4348 0.0182 0.0547 30 0 0 0
0.4348 0.0182 0.0547 30 0 0 0
0.4348 0.0182 0.0547 30 0 0 0
0.4348 0.0182 0.0547 30 0 0 0
0.4348 0.0182 0.0547 30 0 0 0
0.4348 0.0182 0.0547 30 0 0 0
0.4348 0.0182 0.0547 30 0 0 0
0.4348 0.0182 0.0547 30 0 0 0
0.4348 0.0182 0.0547 30 0 0 0
0.4348 0.0182 0.0547 30 0 0 0
0.4348 0.0182 0.0547 30 0 0 0
0.4348 0.0182 0.0547 30 0 0 0
0.5217 0.0181 0.0577 30 0 0 0
0.5217 0.0181 0.0577 30 0 0 0
0.4130 0.0183 0.0576 30 0 0 0
0.4130 0.0183 0.0566 30 0 0 0
0.4348 0.0183 0.0566 30 0 0 0
0.4348 0.0183 0.0566 30 0 0 0
0.4348 0.0183 0.0566 30 0 0 0
0.4348 0.0183 0.0566 30 0 0 0
0.4348 0.0183 0.0566 30 0 0 0
0.4348 0.0183 0.0566 30 0 0 0
0.4565 0.0178 0.0546 30 0 0 0
0.4565 0.0178 0.0546 30 0 0 0
0.4565 0.0178 0.0546 30 0 0 0
0.4565 0.0178 0.0546 30 0 0 0
0.4565 0.0175 0.0538 30 0 0 0
0.5435 0.0175 0.0538 30 0 0 0
0.5435 0.0175 0.0538 30 0 0 0
0.5435 0.0175 0.0538 30 0 0 0
0.5435 0.0175 0.0538 30 0 0 0
0.5435 0.0175 0.0538 30 0 0 0
0.5435 0.0172 0.0536 30 0 0 0
0.4783 0.0172 0.0536 30 0 0 0
0.4783 0.0172 0.0536 30 0 0 0
0.4783 0.0172 0.0536 30 0 0 0
0.4783 0.0172 0.0536 30 0 0 0
0.4783 0.0172 0.0536 30 0 0 0
0.4783 0.0172 0.0536 30 0 0 0
0.4783 0.0172 0.0536 30 0 0 0
0.4783 0.0172 0.0536 30 0 0 0
0.4783 0.0172 0.0536 30 0 0 0
0.4783 0.0171 0.0555 30 0 0 0
0.4565 0.0171 0.0555 30 0 0 0
0.4565 0.0171 0.0555 30 0 0 0
0.4565 0.0171 0.0555 30 0 0 0
0.4565 0.0171 0.0555 30 0 0 0
0.4565 0.0171 0.0555 30 0 0 0
0.4565 0.0172 0.0539 30 0 0 0
0.4565 0.0172 0.0539 30 0 0 0
0.4565 0.0172 0.0539 30 0 0 0
0.4565 0.0172 0.0539 30 0 0 0
0.4565 0.0172 0.0539 30 0 0 0
0.4565 0.0172 0.0539 30 0 0 0
0.4565 0.0172 0.0539 30 0 0 0
0.4565 0.0172 0.0539 30 0 0 0
0.4565 0.0172 0.0539 30 0 0 0
0.4565 0.0172 0.0539 30 0 0 0
0.4565 0.0172 0.0539 30 0 0 0
0.4565 0.0172 0.0539 30 0 0 0
0.4565 0.0172 0.0539 30 0 0 0
0.4565 0.0172 0.0539 30 0 0 0
0.4565 0.0172 0.0539 30 0 0 0
0.4565 0.0172 0.0539 30 0 0 0
0.4565 0.0172 0.0539 30 0 0 0
0.4348 0.0173 0.0523 30 0 0 0
0.4348 0.0173 0.0523 30 0 0 0
0.4348 0.0173 0.0523 30 0 0 0
0.4348 0.0173 0.0523 30 0 0 0
0.4348 0.0173 0.0523 30 0 0 0
0.4348 0.0173 0.0523 30 0 0 0
0.5000 0.0173 0.0501 30 0 0 0
0.5000 0.0170 0.0504 30 0 0 0
0.5000 0.0170 0.0504 30 0 0 0
0.5000 0.0170 0.0504 30 0 0 0
0.4348 0.0168 0.0477 30 0 0 0
0.4348 0.0168 0.0477 30 0 0 0
0.4348 0.0168 0.0477 30 0 0 0
0.4348 0.0168 0.0477 30 0 0 0
0.4348 0.0168 0.0477 30 0 0 0
0.4348 0.0168 0.0477 30 0 0 0
0.4348 0.0168 0.0477 30 0 0 0
0.5000 0.0167 0.0487 30 0 0 0
0.5000 0.0167 0.0487 30 0 0 0
0.5000 0.0167 0.0487 30 0 0 0
0.5000 0.0167 0.0487 30 0 0 0
0.5000 0.0167 0.0487 30 0 0 0
0.5000 0.0168 0.0450 30 0 0 0
0.5000 0.0168 0.0450 30 0 0 0
0.5000 0.0168 0.0450 30 0 0 0
0.5000 0.0168 0.0450 30 0 0 0
0.5000 0.0168 0.0450 30 0 0 0
0.5000 0.0168 0.0450 30 0 0 0
0.5000 0.0168 0.0450 30 0 0 0
0.5870 0.0166 0.0426 30 0 0 0
0.5870 0.0166 0.0426 30 0 0 0
0.5870 0.0166 0.0426 30 0 0 0
0.5870 0.0166 0.0426 30 0 0 0
0.5870 0.0166 0.0426 30 0 0 0
0.5870 0.0166 0.0426 30 0 0 0
0.5870 0.0166 0.0426 30 0 0 0
0.5870 0.0166 0.0426 30 0 0 0
0.5870 0.0166 0.0426 30 0 0 0
0.5870 0.0166 0.0426 30 0 0 0
0.5870 0.0166 0.0426 30 0 0 0
0.5870 0.0166 0.0426 30 0 0 0
0.5870 0.0166 0.0426 30 0 0 0
0.5870 0.0166 0.0426 30 0 0 0
0.5870 0.0166 0.0426 30 0 0 0
0.5870 0.0166 0.0426 30 0 0 0
0.5870 0.0166 0.0426 30 0 0 0
0.5870 0.0166 0.0426 30 0 0 0
0.5217 0.0162 0.0395 30 0 0 0
0.5217 0.0162 0.0395 30 0 0 0
0.4565 0.0160 0.0409 30 0 0 0
0.4565 0.0155 0.0409 30 0 0 0
0.4565 0.0155 0.0409 30 0 0 0
0.4565 0.0155 0.0409 30 0 0 0
0.4565 0.0155 0.0409 30 0 0 0
0.4565 0.0155 0.0409 30 0 0 0
0.4565 0.0155 0.0409 30 0 0 0
0.4565 0.0153 0.0437 30 0 0 0
0.4565 0.0153 0.0437 30 0 0 0
0.4565 0.0153 0.0437 30 0 0 0
0.4565 0.0153 0.0437 30 0 0 0
0.4565 0.0153 0.0437 30 0 0 0
0.4565 0.0153 0.0437 30 0 0 0
0.4348 0.0153 0.0439 30 0 0 0
0.4348 0.0153 0.0439 30 0 0 0
0.4348 0.0153 0.0439 30 0 0 0
0.4348 0.0153 0.0439 30 0 0 0
0.4348 0.0153 0.0439 30 0 0 0
0.4348 0.0153 0.0439 30 0 0 0
0.4565 0.0154 0.0474 30 0 0 0
0.4565 0.0154 0.0474 30 0 0 0
0.4565 0.0154 0.0474 30 0 0 0
0.4565 0.0154 0.0474 30 0 0 0
0.4565 0.0154 0.0474 30 0 0 0
0.4565 0.0154 0.0474 30 0 0 0
0.4565 0.0154 0.0474 30 0 0 0
0.4565 0.0154 0.0474 30 0 0 0
0.4565 0.0154 0.0474 30 0 0 0
0.5217 0.0154 0.0473 30 0 0 0
0.5217 0.0154 0.0473 30 0 0 0
0.5217 0.0154 0.0473 30 0 0 0
0.5217 0.0154 0.0473 30 0 0 0
0.5217 0.0154 0.0473 30 0 0 0
0.5217 0.0154 0.0473 30 0 0 0
0.5217 0.0154 0.0473 30 0 0 0
0.5217 0.0154 0.0473 30 0 0 0
0.5217 0.0154 0.0473 30 0 0 0
0.5217 0.0154 0.0473 30 0 0 0
0.5217 0.0154 0.0473 30 0 0 0
0.5217 0.0154 0.0473 30 0 0 0
0.5217 0.0154 0.0473 30 0 0 0
0.5217 0.0154 0.0473 30 0 0 0
0.5217 0.0154 0.0473 30 0 0 0
0.5217 0.0154 0.0473 30 0 0 0
0.5217 0.0154 0.0473 30 0 0 0
0.5217 0.0154 0.0473 30 0 0 0
0.5217 0.0154 0.0473 30 0 0 0
0.5217 0.0153 0.0480 30 0 0 0
0.4565 0.0151 0.0473 30 0 0 0
0.5000 0.0151 0.0473 30 0 0 0
0.4783 0.0145 0.0493 30 0 0 0
0.4783 0.0145 0.0493 30 0 0 0
0.4783 0.0145 0.0493 30 0 0 0
0.4783 0.0145 0.0493 30 0 0 0
0.4783 0.0139 0.0491 30 0 0 0
0.4783 0.0139 0.0491 30 0 0 0
0.4783 0.0139 0.0491 30 0 0 0
0.4783 0.0139 0.0491 30 0 0 0
0.4783 0.0139 0.0491 30 0 0 0
0.4783 0.0139 0.0491 30 0 0 0
0.4783 0.0139 0.0491 30 0 0 0
0.4783 0.0139 0.0491 30 0 0 0
0.4783 0.0139 0.0491 30 0 0 0
0.4783 0.0139 0.0491 30 0 0 0
0.4783 0.0139 0.0491 30 0 0 0
0.4783 0.0139 0.0491 30 0 0 0
0.4783 0.0139 0.0491 30 0 0 0
0.4783 0.0139 0.0491 30 0 0 0
0.4783 0.0139 0.0491 30 0 0 0
0.5217 0.0135 0.0471 30 0 0 0
0.5217 0.0135 0.0471 30 0 0 0
0.5217 0.0135 0.0471 30 0 0 0
0.5217 0.0135 0.0471 30 0 0 0
0.4565 0.0137 0.0470 30 0 0 0
0.4565 0.0137 0.0470 30 0 0 0
0.4783 0.0148 0.0470 30 0 0 0
0.4783 0.0148 0.0470 30 0 0 0
0.4783 0.0148 0.0470 30 0 0 0
0.4783 0.0148 0.0470 30 0 0 0
0.4783 0.0160 0.0476 30 0 0 0
0.4565 0.0160 0.0476 30 0 0 0
0.4565 0.0160 0.0476 30 0 0 0
0.4565 0.0160 0.0476 30 0 0 0
0.4565 0.0160 0.0476 30 0 0 0
0.4565 0.0160 0.0476 30 0 0 0
0.4565 0.0160 0.0476 30 0 0 0
0.4565 0.0160 0.0476 30 0 0 0
0.4565 0.0160 0.0476 30 0 0 0
0.5000 0.0179 0.0448 30 0 0 0
0.5000 0.0179 0.0448 30 0 0 0
0.5000 0.0179 0.0448 30 0 0 0
0.5000 0.0179 0.0448 30 0 0 0
0.5000 0.0179 0.0448 30 0 0 0
0.5000 0.0179 0.0448 30 0 0 0
0.5000 0.0196 0.0450 30 0 0 0
0.4565 0.0196 0.0450 30 0 0 0
0.4565 0.0196 0.0450 30 0 0 0
0.4565 0.0196 0.0450 30 0 0 0
0.4565 0.0196 0.0450 30 0 0 0
0.4565 0.0196 0.0450 30 0 0 0
0.4565 0.0202 0.0446 30 0 0 0
0.4783 0.0202 0.0446 30 0 0 0
0.4783 0.0202 0.0446 30 0 0 0
0.4783 0.0202 0.0446 30 0 0 0
0.4783 0.0202 0.0446 30 0 0 0
0.4783 0.0202 0.0446 30 0 0 0
0.4783 0.0202 0.0446 30 0 0 0
0.4783 0.0202 0.0446 30 0 0 0
0.4783 0.0202 0.0446 30 0 0 0
0.4783 0.0202 0.0446 30 0 0 0
0.5217 0.0200 0.0436 30 0 0 0
0.5217 0.0200 0.0436 30 0 0 0
0.5217 0.0200 0.0436 30 0 0 0
0.5217 0.0200 0.0436 30 0 0 0
0.5217 0.0200 0.0436 30 0 0 0
0.5217 0.0200 0.0436 30 0 0 0
0.5217 0.0200 0.0436 30 0 0 0
0.5217 0.0191 0.0425 30 0 0 0
0.4783 0.0191 0.0425 30 0 0 0
0.4783 0.0191 0.0425 30 0 0 0
0.4783 0.0191 0.0425 30 0 0 0
0.4783 0.0191 0.0425 30 0 0 0
0.4783 0.0184 0.0427 30 0 0 0
0.4783 0.0184 0.0427 30 0 0 0
0.4783 0.0184 0.0427 30 0 0 0
0.4783 0.0184 0.0427 30 0 0 0
0.4783 0.0184 0.0427 30 0 0 0
0.4783 0.0184 0.0427 30 0 0 0
0.4783 0.0184 0.0427 30 0 0 0
0.5000 0.0181 0.0413 30 0 0 0
0.5000 0.0181 0.0413 30 0 0 0
0.5000 0.0181 0.0413 30 0 0 0
0.5000 0.0181 0.0413 30 0 0 0
0.5000 0.0181 0.0413 30 0 0 0
0.5000 0.0181 0.0413 30 0 0 0
0.5000 0.0185 0.0412 30 0 0 0
0.5435 0.0185 0.0412 30 0 0 0
0.5435 0.0185 0.0412 30 0 0 0
0.5435 0.0185 0.0412 30 0 0 0
0.5435 0.0185 0.0412 30 0 0 0
0.5435 0.0185 0.0412 30 0 0 0
0.5435 0.0193 0.0416 30 0 0 0
0.4565 0.0193 0.0416 30 0 0 0
0.4565 0.0193 0.0416 30 0 0 0
0.4565 0.0193 0.0416 30 0 0 0
0.4565 0.0193 0.0416 30 0 0 0
0.4565 0.0193 0.0416 30 0 0 0
0.4565 0.0193 0.0416 30 0 0 0
0.4565 0.0193 0.0420 30 0 0 0
0.4783 0.0193 0.0420 30 0 0 0
0.4783 0.0193 0.0420 30 0 0 0
0.4783 0.0193 0.0420 30 0 0 0
0.4565 0.0188 0.0413 30 0 0 0
0.4565 0.0188 0.0413 30 0 0 0
0.4565 0.0188 0.0413 30 0 0 0
0.4565 0.0188 0.0413 30 0 0 0
0.4565 0.0188 0.0413 30 0 0 0
0.4565 0.0188 0.0413 30 0 0 0
0.5000 0.0186 0.0414 30 0 0 0
0.5000 0.0186 0.0414 30 0 0 0
0.5000 0.0186 0.0414 30 0 0 0
0.5000 0.0186 0.0414 30 0 0 0
0.5000 0.0186 0.0414 30 0 0 0
0.5000 0.0186 0.0414 30 0 0 0
0.5000 0.0186 0.0414 30 0 0 0
0.5000 0.0186 0.0414 30 0 0 0
0.5000 0.0186 0.0414 30 0 0 0
0.6087 0.0186 0.0394 30 0 0 0
0.6087 0.0186 0.0394 30 0 0 0
0.6087 0.0186 0.0394 30 0 0 0
0.6087 0.0186 0.0394 30 0 0 0
0.6087 0.0186 0.0394 30 0 0 0
0.6087 0.0189 0.0390 30 0 0 0
0.5000 0.0189 0.0390 30 0 0 0
0.5000 0.0189 0.0390 30 0 0 0
0.5000 0.0189 0.0390 30 0 0 0
0.5000 0.0189 0.0390 30 0 0 0
0.5000 0.0189 0.0390 30 0 0 0
0.5000 0.0189 0.0390 30 0 0 0
0.5000 0.0185 0.0387 30 0 0 0
0.5000 0.0185 0.0387 30 0 0 0
0.5000 0.0185 0.0387 30 0 0 0
0.5000 0.0185 0.0387 30 0 0 0
0.5000 0.0185 0.0387 30 0 0 0
0.5000 0.0185 0.0387 30 0 0 0
0.5000 0.0185 0.0387 30 0 0 0
0.5000 0.0185 0.0387 30 0 0 0
0.5000 0.0185 0.0387 30 0 0 0
0.5000 0.0185 0.0387 30 0 0 0
0.5000 0.0172 0.0378 30 0 0 0
0.5000 0.0172 0.0378 30 0 0 0
0.4783 0.0172 0.0378 30 0 0 0
0.4783 0.0172 0.0378 30 0 0 0
0.4783 0.0172 0.0378 30 0 0 0
0.4783 0.0172 0.0378 30 0 0 0
0.4783 0.0172 0.0378 30 0 0 0
0.4783 0.0172 0.0378 30 0 0 0
0.4783 0.0172 0.0378 30 0 0 0
0.4783 0.0172 0.0378 30 0 0 0
0.4783 0.0172 0.0378 30 0 0 0
0.4783 0.0172 0.0378 30 0 0 0
0.4783 0.0172 0.0378 30 0 0 0
0.4783 0.0172 0.0378 30 0 0 0
0.4783 0.0172 0.0378 30 0 0 0
0.4783 0.0172 0.0378 30 0 0 0
0.5217 0.0165 0.0373 30 0 0 0
0.5217 0.0165 0.0373 30 0 0 0
0.5217 0.0162 0.0371 30 0 0 0
0.5000 0.0162 0.0371 30 0 0 0
0.5000 0.0161 0.0368 30 0 0 0
0.5000 0.0161 0.0368 30 0 0 0
0.5000 0.0161 0.0368 30 0 0 0
0.5000 0.0161 0.0368 30 0 0 0
0.5000 0.0160 0.0383 30 0 0 0
0.5000 0.0160 0.0383 30 0 0 0
0.5000 0.0160 0.0383 30 0 0 0
0.5000 0.0160 0.0383 30 0 0 0
0.5000 0.0160 0.0383 30 0 0 0
0.5000 0.0160 0.0383 30 0 0 0
0.5000 0.0160 0.0383 30 0 0 0
0.5000 0.0160 0.0383 30 0 0 0
0.5000 0.0160 0.0383 30 0 0 0
0.5000 0.0163 0.0378 30 0 0 0
0.5000 0.0163 0.0378 30 0 0 0
0.5000 0.0163 0.0378 30 0 0 0
0.5000 0.0163 0.0378 30 0 0 0
0.5000 0.0163 0.0378 30 0 0 0
0.5000 0.0163 0.0378 30 0 0 0
0.5000 0.0163 0.0378 30 0 0 0
0.4783 0.0167 0.0367 30 0 0 0
0.4783 0.0167 0.0367 30 0 0 0
0.4783 0.0167 0.0367 30 0 0 0
0.4783 0.0167 0.0367 30 0 0 0
0.4783 0.0167 0.0367 30 0 0 0
0.4783 0.0167 0.0367 0 0 0 0
0.5000 0.0191 0.0444 30 0 0 0
0.5217 0.0191 0.0444 30 0 0 0
0.5217 0.0191 0.0444 30 0 0 0
0.5217 0.0187 0.0476 30 0 0 0
0.5652 0.0187 0.0476 30 0 0 0
0.5652 0.0188 0.0476 30 0 0 0
0.5217 0.0188 0.0476 30 0 0 0
0.5000 0.0187 0.0505 30 0 0 0
0.5000 0.0183 0.0516 30 0 0 0
0.5435 0.0183 0.0516 30 0 0 0
0.4348 0.0177 0.0534 30 0 0 0
0.4348 0.0177 0.0534 30 0 0 0
0.4348 0.0177 0.0534 30 0 0 0
0.4348 0.0177 0.0534 30 0 0 0
0.4565 0.0166 0.0552 30 0 0 0
0.4565 0.0166 0.0552 30 0 0 0
0.4565 0.0166 0.0552 30 0 0 0
0.4565 0.0166 0.0552 30 0 0 0
0.4565 0.0166 0.0552 30 0 0 0
0.4565 0.0166 0.0552 30 0 0 0
0.4565 0.0166 0.0552 30 0 0 0
0.4783 0.0159 0.0546 30 0 0 0
0.4783 0.0159 0.0546 30 0 0 0
0.4783 0.0159 0.0546 30 0 0 0
0.4783 0.0159 0.0546 30 0 0 0
0.4783 0.0159 0.0546 30 0 0 0
0.5000 0.0154 0.0549 30 0 0 0
0.5000 0.0154 0.0549 30 0 0 0
0.5000 0.0154 0.0549 30 0 0 0
0.5000 0.0154 0.0549 30 0 0 0
0.5000 0.0154 0.0549 30 0 0 0
0.5000 0.0154 0.0549 30 0 0 0
0.5000 0.0154 0.0549 30 0 0 0
0.5000 0.0154 0.0549 30 0 0 0
0.5000 0.0154 0.0549 30 0 0 0
0.5435 0.0149 0.0584 30 0 0 0
0.5435 0.0149 0.0584 30 0 0 0
0.5435 0.0149 0.0584 30 0 0 0
0.5435 0.0149 0.0584 30 0 0 0
0.5435 0.0149 0.0584 30 0 0 0
0.5435 0.0149 0.0584 30 0 0 0
0.5435 0.0149 0.0584 30 0 0 0
0.5435 0.0149 0.0584 30 0 0 0
0.5435 0.0149 0.0584 30 0 0 0
0.5435 0.0149 0.0584 30 0 0 0
0.5435 0.0149 0.0584 0 0 0 0
0.4565 0.0148 0.0605 30 0 0 0
0.5217 0.0148 0.0605 30 0 0 0
0.5217 0.0151 0.0598 30 0 0 0
0.5000 0.0151 0.0598 30 0 0 0
0.5000 0.0151 0.0598 30 0 0 0
0.5000 0.0158 0.0589 30 0 0 0
0.4783 0.0158 0.0589 30 0 0 0
0.5870 0.0162 0.0592 30 0 0 0
0.5000 0.0171 0.0599 30 0 0 0
0.5000 0.0171 0.0599 30 0 0 0
0.5000 0.0175 0.0594 30 0 0 0
0.5000 0.0175 0.0594 30 0 0 0
0.5435 0.0180 0.0592 30 0 0 0
0.5435 0.0180 0.0592 30 0 0 0
0.5435 0.0180 0.0592 30 0 0 0
0.5435 0.0180 0.0592 30 0 0 0
0.5435 0.0180 0.0592 30 0 0 0
0.5435 0.0180 0.0592 30 0 0 0
0.4783 0.0188 0.0604 30 0 0 0
0.4783 0.0188 0.0604 30 0 0 0
0.4783 0.0188 0.0604 30 0 0 0
0.4783 0.0188 0.0604 30 0 0 0
0.4783 0.0188 0.0604 30 0 0 0
0.4783 0.0188 0.0604 30 0 0 0
0.4783 0.0194 0.0601 30 0 0 0
0.5000 0.0194 0.0601 30 0 0 0
0.5000 0.0194 0.0601 30 0 0 0
0.5000 0.0194 0.0601 30 0 0 0
0.5000 0.0194 0.0601 30 0 0 0
0.5000 0.0195 0.0612 30 0 0 0
0.5000 0.0195 0.0612 30 0 0 0
0.5000 0.0195 0.0612 30 0 0 0
0.5000 0.0195 0.0612 0 0 0 0
0.4783 0.0179 0.0610 30 0 0 0
0.4783 0.0172 0.0611 30 0 0 0
0.4783 0.0172 0.0611 30 0 0 0
0.4783 0.0167 0.0607 30 0 0 0
0.5652 0.0167 0.0607 30 0 0 0
0.5652 0.0167 0.0607 30 0 0 0
0.5000 0.0167 0.0586 30 0 0 0
0.5000 0.0167 0.0586 30 0 0 0
0.5000 0.0167 0.0586 30 0 0 0
0.5000 0.0167 0.0586 30 0 0 0
0.5000 0.0167 0.0586 30 0 0 0
0.5000 0.0167 0.0586 30 0 0 0
0.5000 0.0170 0.0581 30 0 0 0
0.5000 0.0170 0.0581 30 0 0 0
0.5000 0.0170 0.0581 30 0 0 0
0.5000 0.0170 0.0581 30 0 0 0
0.5000 0.0170 0.0581 30 0 0 0
0.5000 0.0170 0.0581 30 0 0 0
0.5000 0.0179 0.0601 30 0 0 0
0.5652 0.0179 0.0601 30 0 0 0
0.5652 0.0179 0.0601 30 0 0 0
0.5652 0.0179 0.0601 30 0 0 0
0.5652 0.0179 0.0601 30 0 0 0
0.5652 0.0179 0.0601 30 0 0 0
0.5652 0.0179 0.0601 30 0 0 0
0.5652 0.0183 0.0594 0 0 0 0
0.4565 0.0182 0.0607 30 0 0 0
0.4565 0.0177 0.0596 30 0 0 0
0.5000 0.0177 0.0596 30 0 0 0
0.5217 0.0177 0.0584 30 0 0 0
0.5217 0.0180 0.0596 30 0 0 0
0.4565 0.0180 0.0596 30 0 0 0
0.4565 0.0180 0.0596 30 0 0 0
0.4565 0.0180 0.0596 30 0 0 0
0.4783 0.0183 0.0643 30 0 0 0
0.4783 0.0183 0.0643 30 0 0 0
0.4783 0.0183 0.0643 30 0 0 0
0.4783 0.0183 0.0643 30 0 0 0
0.4783 0.0183 0.0643 30 0 0 0
0.4783 0.0183 0.0643 30 0 0 0
0.4783 0.0183 0.0643 30 0 0 0
0.4783 0.0184 0.0644 30 0 0 0
0.4783 0.0184 0.0644 30 0 0 0
0.4783 0.0184 0.0644 30 0 0 0
0.4783 0.0184 0.0644 30 0 0 0
0.4783 0.0184 0.0644 30 0 0 0
0.4783 0.0184 0.0644 30 0 0 0
0.4565 0.0183 0.0615 30 0 0 0
0.4565 0.0183 0.0615 30 0 0 0
0.4565 0.0183 0.0615 30 0 0 0
0.4565 0.0183 0.0615 30 0 0 0
0.4565 0.0183 0.0615 30 0 0 0
0.4565 0.0183 0.0615 0 0 0 0
0.4130 0.0156 0.0553 30 0 0 0
0.4783 0.0156 0.0553 30 0 0 0
0.4783 0.0154 0.0565 30 0 0 0
0.5217 0.0154 0.0565 30 0 0 0
0.4783 0.0150 0.0635 30 0 0 0
0.4783 0.0150 0.0604 30 0 0 0
0.5000 0.0150 0.0604 30 0 0 0
0.5000 0.0150 0.0604 30 0 0 0
0.5652 0.0155 0.0588 30 0 0 0
0.5435 0.0162 0.0604 30 0 0 0
0.5435 0.0168 0.0606 30 0 0 0
0.5000 0.0168 0.0606 30 0 0 0
0.5000 0.0168 0.0606 30 0 0 0
0.5000 0.0168 0.0606 30 0 0 0
0.5000 0.0168 0.0589 30 0 0 0
0.6522 0.0168 0.0589 30 0 0 0
0.6522 0.0168 0.0589 30 0 0 0
0.6522 0.0168 0.0589 30 0 0 0
0.6522 0.0168 0.0589 30 0 0 0
0.6522 0.0168 0.0589 30 0 0 0
0.6522 0.0168 0.0589 30 0 0 0
0.6522 0.0168 0.0589 30 0 0 0
0.6522 0.0164 0.0578 30 0 0 0
0.5217 0.0164 0.0578 30 0 0 0
0.5217 0.0164 0.0578 30 0 0 0
0.5217 0.0164 0.0578 30 0 0 0
0.5217 0.0164 0.0578 30 0 0 0
0.5217 0.0164 0.0578 30 0 0 0
0.5217 0.0164 0.0578 30 0 0 0
0.5217 0.0163 0.0571 30 0 0 0
0.5000 0.0163 0.0571 30 0 0 0
0.5000 0.0163 0.0571 30 0 0 0
0.5000 0.0163 0.0571 30 0 0 0
0.5000 0.0163 0.0571 30 0 0 0
0.5000 0.0163 0.0571 30 0 0 0
0.4783 0.0165 0.0566 30 0 0 0
0.4783 0.0165 0.0566 30 0 0 0
0.4783 0.0165 0.0566 30 0 0 0
0.4783 0.0165 0.0566 30 0 0 0
0.4783 0.0165 0.0566 30 0 0 0
0.4783 0.0165 0.0566 30 0 0 0
0.4783 0.0170 0.0552 30 0 0 0
0.4348 0.0170 0.0552 30 0 0 0
0.4348 0.0170 0.0552 30 0 0 0
0.4348 0.0170 0.0552 30 0 0 0
0.4348 0.0170 0.0552 30 0 0 0
0.4348 0.0170 0.0552 30 0 0 0
0.4348 0.0170 0.0552 30 0 0 0
0.4348 0.0170 0.0552 30 0 0 0
0.4783 0.0174 0.0520 30 0 0 0
0.4783 0.0174 0.0520 30 0 0 0
0.4783 0.0174 0.0520 30 0 0 0
0.4783 0.0174 0.0520 30 0 0 0
0.4783 0.0174 0.0520 30 0 0 0
0.4783 0.0174 0.0520 30 0 0 0
0.4783 0.0174 0.0520 30 0 0 0
0.5217 0.0179 0.0529 30 0 0 0
0.5217 0.0179 0.0529 30 0 0 0
0.5217 0.0179 0.0529 30 0 0 0
0.5217 0.0179 0.0529 30 0 0 0
0.5217 0.0179 0.0529 30 0 0 0
0.5217 0.0179 0.0529 30 0 0 0
0.5217 0.0179 0.0529 30 0 0 0
0.4565 0.0182 0.0535 30 0 0 0
0.4565 0.0182 0.0535 30 0 0 0
0.4565 0.0182 0.0535 30 0 0 0
0.4565 0.0182 0.0535 30 0 0 0
0.4565 0.0182 0.0535 30 0 0 0
0.4565 0.0182 0.0535 30 0 0 0
0.4565 0.0191 0.0543 30 0 0 0
0.4783 0.0191 0.0543 30 0 0 0
0.4783 0.0191 0.0543 30 0 0 0
0.4783 0.0191 0.0543 30 0 0 0
0.4783 0.0191 0.0543 30 0 0 0
0.4783 0.0191 0.0543 30 0 0 0
0.4783 0.0191 0.0543 30 0 0 0
0.5000 0.0196 0.0544 30 0 0 0
0.5000 0.0196 0.0544 30 0 0 0
0.5000 0.0196 0.0544 30 0 0 0
0.5000 0.0196 0.0544 30 0 0 0
0.5000 0.0196 0.0544 30 0 0 0
0.5000 0.0198 0.0530 30 0 0 0
0.4783 0.0198 0.0530 30 0 0 0
0.4783 0.0198 0.0530 30 0 0 0
0.4783 0.0198 0.0530 30 0 0 0
0.4783 0.0198 0.0530 30 0 0 0
0.4783 0.0198 0.0530 30 0 0 0
0.4783 0.0198 0.0530 30 0 0 0
0.4783 0.0198 0.0530 30 0 0 0
0.4783 0.0198 0.0530 30 0 0 0
0.4783 0.0198 0.0530 30 0 0 0
0.4783 0.0196 0.0538 30 0 0 0
0.4783 0.0196 0.0538 30 0 0 0
0.4783 0.0196 0.0538 30 0 0 0
0.4783 0.0196 0.0538 30 0 0 0
0.4783 0.0196 0.0538 30 0 0 0
0.5217 0.0193 0.0560 30 0 0 0
0.5217 0.0193 0.0560 30 0 0 0
0.5217 0.0193 0.0560 30 0 0 0
0.5217 0.0193 0.0560 30 0 0 0
0.5217 0.0193 0.0560 30 0 0 0
0.5217 0.0193 0.0560 30 0 0 0
0.5217 0.0193 0.0560 30 0 0 0
0.5217 0.0193 0.0560 30 0 0 0
0.4565 0.0192 0.0560 30 0 0 0
0.4565 0.0192 0.0560 30 0 0 0
0.4565 0.0192 0.0560 30 0 0 0
0.4565 0.0192 0.0560 30 0 0 0
0.4565 0.0192 0.0560 30 0 0 0
0.4565 0.0192 0.0560 30 0 0 0
0.4565 0.0192 0.0560 30 0 0 0
0.4565 0.0189 0.0569 30 0 0 0
0.5000 0.0189 0.0569 30 0 0 0
0.5000 0.0189 0.0569 30 0 0 0
0.5000 0.0189 0.0569 30 0 0 0
0.5000 0.0189 0.0569 30 0 0 0
0.5000 0.0189 0.0569 30 0 0 0
0.5000 0.0189 0.0569 30 0 0 0
0.4348 0.0189 0.0538 30 0 0 0
0.4348 0.0189 0.0538 30 0 0 0
0.4348 0.0189 0.0538 30 0 0 0
0.4348 0.0189 0.0538 30 0 0 0
0.4348 0.0189 0.0538 30 0 0 0
0.4348 0.0189 0.0538 30 0 0 0
0.5652 0.0187 0.0540 30 0 0 0
0.5652 0.0187 0.0540 30 0 0 0
0.5652 0.0187 0.0540 30 0 0 0
0.5652 0.0187 0.0540 30 0 0 0
0.5652 0.0187 0.0540 30 0 0 0
0.5652 0.0187 0.0540 30 0 0 0
0.5435 0.0186 0.0545 30 0 0 0
0.5435 0.0186 0.0545 30 0 0 0
0.5435 0.0186 0.0545 30 0 0 0
0.5435 0.0186 0.0545 30 0 0 0
0.5435 0.0186 0.0545 30 0 0 0
0.5435 0.0186 0.0545 30 0 0 0
0.5435 0.0186 0.0545 30 0 0 0
0.5652 0.0183 0.0526 30 0 0 0
0.5652 0.0183 0.0526 30 0 0 0
0.5652 0.0183 0.0526 30 0 0 0
0.5652 0.0183 0.0526 30 0 0 0
0.5652 0.0183 0.0526 30 0 0 0
0.5652 0.0183 0.0526 30 0 0 0
0.5652 0.0183 0.0526 30 0 0 0
0.5652 0.0183 0.0526 30 0 0 0
0.5652 0.0183 0.0526 30 0 0 0
0.5435 0.0172 0.0518 30 0 0 0
0.5435 0.0172 0.0518 30 0 0 0
0.5435 0.0172 0.0518 30 0 0 0
0.5435 0.0172 0.0518 30 0 0 0
0.5435 0.0172 0.0518 30 0 0 0
0.5435 0.0172 0.0518 0 0 0 0
0.5652 0.0128 0.0600 0 0 0 -30
0.5435 0.0131 0.0593 0 0 0 -30
0.5435 0.0131 0.0593 0 0 0 -30
0.4348 0.0132 0.0606 0 0 0 -30
0.4348 0.0133 0.0584 0 0 0 -30
0.4783 0.0133 0.0584 0 0 0 -30
0.4783 0.0134 0.0612 0 0 0 -30
0.4783 0.0134 0.0612 0 0 0 -30
0.5000 0.0138 0.0608 0 0 0 -30
0.5217 0.0143 0.0630 0 0 0 -30
0.5217 0.0143 0.0630 0 0 0 -30
0.5217 0.0149 0.0670 0 0 0 -30
0.5870 0.0149 0.0670 0 0 0 -30
0.5870 0.0149 0.0670 0 0 0 0
0.5870 0.0154 0.0670 0 0 0 -30
0.5435 0.0163 0.0718 0 0 0 -30
0.5000 0.0163 0.0718 0 0 0 -30
0.5000 0.0170 0.0709 0 0 0 -30
0.5000 0.0170 0.0709 0 0 0 -30
0.5217 0.0174 0.0670 0 0 0 -30
0.5217 0.0174 0.0670 0 0 0 -30
0.5652 0.0180 0.0650 0 0 0 -30
0.5652 0.0180 0.0650 0 0 0 -30
0.5217 0.0183 0.0629 0 0 0 -30
0.5217 0.0183 0.0629 0 0 0 0
0.5435 0.0183 0.0618 0 0 0 -30
0.5435 0.0180 0.0599 0 0 0 -30
0.5435 0.0180 0.0599 0 0 0 -30
0.5435 0.0173 0.0575 0 0 0 -30
0.4130 0.0173 0.0575 0 0 0 -30
0.4130 0.0173 0.0575 0 0 0 -30
0.5000 0.0168 0.0553 0 0 0 -30
0.5000 0.0168 0.0553 0 0 0 -30
0.5000 0.0168 0.0553 0 0 0 -30
0.5000 0.0168 0.0553 0 0 0 -30
0.5000 0.0168 0.0553 0 0 0 -30
0.5000 0.0168 0.0553 0 0 0 -30
0.5000 0.0168 0.0553 0 0 0 -30
0.5000 0.0174 0.0543 0 0 0 -30
0.5217 0.0174 0.0543 0 0 0 -30
0.5217 0.0174 0.0543 0 0 0 -30
0.5217 0.0174 0.0543 0 0 0 0
0.5000 0.0188 0.0431 0 0 0 -30
0.5000 0.0188 0.0431 0 0 0 -30
0.5000 0.0193 0.0383 0 0 0 -30
0.4783 0.0193 0.0383 0 0 0 -30
0.4783 0.0203 0.0346 0 0 0 -30
0.5000 0.0207 0.0326 0 0 0 -30
0.5000 0.0202 0.0309 0 0 0 -30
0.5217 0.0202 0.0309 0 0 0 -30
0.5217 0.0202 0.0309 0 0 0 -30
0.4130 0.0192 0.0296 0 0 0 -30
0.4130 0.0192 0.0296 0 0 0 -30
0.4130 0.0192 0.0296 0 0 0 -30
0.4130 0.0192 0.0296 0 0 0 -30
0.4130 0.0192 0.0296 0 0 0 -30
0.5435 0.0187 0.0286 0 0 0 0
0.4783 0.0179 0.0285 0 0 0 -30
0.4565 0.0168 0.0278 0 0 0 -30
0.4565 0.0162 0.0260 0 0 0 -30
0.4565 0.0162 0.0260 0 0 0 -30
0.4565 0.0159 0.0246 0 0 0 -30
0.5435 0.0164 0.0215 0 0 0 -30
0.5000 0.0164 0.0215 0 0 0 -30
0.5217 0.0165 0.0223 0 0 0 -30
0.5217 0.0165 0.0223 0 0 0 -30
0.5217 0.0165 0.0223 0 0 0 -30
0.5217 0.0165 0.0223 0 0 0 -30
0.5217 0.0165 0.0223 0 0 0 0
0.5435 0.0151 0.0135 0 0 0 -30
0.5435 0.0152 0.0131 0 0 0 -30
0.4783 0.0152 0.0131 0 0 0 -30
0.4783 0.0152 0.0127 0 0 0 -30
0.4565 0.0164 0.0122 0 0 0 -30
0.5435 0.0164 0.0122 0 0 0 -30
0.5652 0.0172 0.0108 0 0 0 -30
0.5652 0.0172 0.0108 0 0 0 -30
0.5652 0.0172 0.0108 0 0 0 -30
0.5652 0.0172 0.0108 0 0 0 -30
0.5652 0.0172 0.0108 0 0 0 -30
0.5652 0.0172 0.0108 0 0 0 -30
0.5652 0.0172 0.0108 0 0 0 -30
0.5652 0.0172 0.0108 0 0 0 0
0.4783 0.0174 0.0145 0 0 0 -30
0.4783 0.0176 0.0160 0 0 0 -30
0.4783 0.0176 0.0160 0 0 0 -30
0.5652 0.0174 0.0152 0 0 0 -30
0.5870 0.0170 0.0133 0 0 0 -30
0.5870 0.0166 0.0117 0 0 0 -30
0.5000 0.0166 0.0117 0 0 0 -30
0.5000 0.0171 0.0106 0 0 0 -30
0.5435 0.0171 0.0106 0 0 0 -30
0.5435 0.0176 0.0117 0 0 0 -30
0.4783 0.0176 0.0117 0 0 0 -30
0.5870 0.0179 0.0111 0 0 0 -30
0.5870 0.0179 0.0111 0 0 0 -30
0.5870 0.0179 0.0111 0 0 0 -30
0.5870 0.0179 0.0111 0 0 0 0
0.5652 0.0130 -0.0055 0 0 0 -30
0.5000 0.0130 -0.0055 0 0 0 -30
0.4130 0.0127 -0.0069 0 0 0 -30
0.4130 0.0127 -0.0012 0 0 0 -30
0.5000 0.0127 -0.0012 0 0 0 -30
0.4783 0.0131 -0.0014 0 0 0 -30
0.5435 0.0132 0.0031 0 0 0 0
0.4130 0.0131 -0.0615 0 0 -30 0
0.5217 0.0131 -0.0615 0 0 -30 0
0.5217 0.0131 -0.0615 0 0 -30 0
0.5217 0.0133 -0.0592 0 0 -30 0
0.5000 0.0133 -0.0592 0 0 -30 0
0.5000 0.0133 -0.0592 0 0 -30 0
0.5000 0.0133 -0.0592 0 0 -30 0
0.5000 0.0130 -0.0520 0 0 -30 0
0.5435 0.0130 -0.0520 0 0 -30 0
0.5435 0.0126 -0.0578 0 0 -30 0
0.5217 0.0126 -0.0578 0 0 -30 0
0.5217 0.0126 -0.0578 0 0 -30 0
0.5652 0.0128 -0.0591 0 0 -30 0
0.5652 0.0128 -0.0591 0 0 -30 0
0.5652 0.0134 -0.0587 0 0 -30 0
0.5217 0.0134 -0.0587 0 0 -30 0
0.5000 0.0145 -0.0560 0 0 -30 0
0.5000 0.0145 -0.0560 0 0 -30 0
0.5000 0.0154 -0.0536 0 0 -30 0
0.5000 0.0154 -0.0536 0 0 -30 0
0.5000 0.0154 -0.0536 0 0 0 0
0.5435 0.0176 -0.0542 0 0 -30 0
0.5000 0.0182 -0.0610 0 0 -30 0
0.5435 0.0185 -0.0651 0 0 -30 0
0.5435 0.0185 -0.0651 0 0 -30 0
0.5217 0.0184 -0.0708 0 0 -30 0
0.5217 0.0184 -0.0708 0 0 -30 0
0.5217 0.0184 -0.0708 0 0 -30 0
0.5870 0.0183 -0.0687 0 0 -30 0
0.5870 0.0183 -0.0687 0 0 -30 0
0.4565 0.0181 -0.0760 0 0 0 0
0.5652 0.0186 -0.0924 0 0 30 0
0.5652 0.0186 -0.0924 0 0 30 0
0.4565 0.0176 -0.0908 0 0 30 0
0.4565 0.0176 -0.0954 0 0 30 0
0.5217 0.0176 -0.0954 0 0 30 0
0.5217 0.0177 -0.0975 0 0 30 0
0.5435 0.0177 -0.0975 0 0 30 0
0.5435 0.0177 -0.0975 0 0 30 0
0.5435 0.0180 -0.0960 0 0 30 0
0.5217 0.0180 -0.0960 0 0 30 0
0.5217 0.0180 -0.0960 0 0 30 0
0.5217 0.0180 -0.0960 0 0 30 0
0.5435 0.0184 -0.1017 0 0 30 0
0.5435 0.0184 -0.1017 0 0 30 0
0.5435 0.0184 -0.1017 0 0 30 0
0.5435 0.0184 -0.1119 0 0 30 0
0.5000 0.0184 -0.1119 0 0 30 0
0.5000 0.0184 -0.1119 0 0 0 0
0.5435 0.0181 -0.1158 0 0 30 0
0.5435 0.0181 -0.1158 0 0 30 0
0.5217 0.0181 -0.1222 0 0 30 0
0.5217 0.0181 -0.1222 0 0 30 0
0.5217 0.0181 -0.1222 0 0 30 0
0.4565 0.0179 -0.1238 0 0 30 0
0.4565 0.0179 -0.1238 0 0 30 0
0.4348 0.0177 -0.1267 0 0 30 0
0.4348 0.0177 -0.1267 0 0 30 0
0.4783 0.0177 -0.1266 0 0 30 0
0.4783 0.0177 -0.1266 0 0 30 0
0.4783 0.0174 -0.1317 0 0 30 0
0.4783 0.0174 -0.1317 0 0 0 0
0.5000 0.0173 -0.1303 0 0 30 0
0.5217 0.0173 -0.1308 0 0 30 0
0.5217 0.0173 -0.1308 0 0 30 0
0.5217 0.0175 -0.1290 0 0 30 0
0.5870 0.0175 -0.1290 0 0 30 0
0.5870 0.0172 -0.1169 0 0 30 0
0.4783 0.0172 -0.1169 0 0 30 0
0.4783 0.0172 -0.1169 0 0 30 0
0.4783 0.0172 -0.1169 0 0 30 0
0.4783 0.0172 -0.1169 0 0 0 0
0.6087 0.0153 -0.1196 0 0 30 0
0.5435 0.0153 -0.1196 0 0 30 0
0.5435 0.0153 -0.1196 0 0 30 0
0.5435 0.0153 -0.1196 0 0 30 0
0.5435 0.0153 -0.1196 0 0 30 0
0.5435 0.0153 -0.1196 0 0 30 0
0.5435 0.0153 -0.1196 0 0 30 0
0.5435 0.0150 -0.1223 0 0 30 0
0.4783 0.0150 -0.1223 0 0 30 0
0.4783 0.0148 -0.1195 0 0 30 0
0.4565 0.0148 -0.1195 0 0 0 0
0.5217 0.0140 -0.1224 0 0 30 0
0.5217 0.0139 -0.1240 0 0 30 0
0.5000 0.0139 -0.1240 0 0 30 0
0.5435 0.0138 -0.1218 0 0 30 0
0.5435 0.0138 -0.1218 0 0 30 0
0.5435 0.0138 -0.1218 0 0 30 0
0.5000 0.0134 -0.1220 0 0 30 0
0.5000 0.0134 -0.1220 0 0 30 0
0.4348 0.0128 -0.1208 0 0 0 0
0.5870 0.0112 -0.1262 0 0 30 0
0.4783 0.0112 -0.1262 0 0 30 0
0.4783 0.0112 -0.1262 0 0 30 0
0.4783 0.0109 -0.1264 0 0 30 0
0.5435 0.0109 -0.1264 0 0 30 0
0.5435 0.0109 -0.1264 0 0 30 0
0.5435 0.0109 -0.1264 0 0 30 0
0.5435 0.0109 -0.1264 0 0 30 0
0.5435 0.0109 -0.1264 0 0 30 0
0.5435 0.0109 -0.1264 0 0 30 0
0.5435 0.0109 -0.1319 0 0 0 0
0.5217 0.0079 -0.1181 0 0 30 0
0.5217 0.0079 -0.1181 0 0 30 0
0.5217 0.0092 -0.1161 0 0 30 0
0.4783 0.0092 -0.1161 0 0 30 0
0.4783 0.0092 -0.1161 0 0 30 0
0.4783 0.0101 -0.1153 0 0 30 0
0.4783 0.0101 -0.1153 0 0 30 0
0.4783 0.0101 -0.1153 0 0 30 0
0.5000 0.0106 -0.1045 0 0 30 0
0.5000 0.0106 -0.1045 0 0 30 0
0.4565 0.0103 -0.1027 0 0 0 0
0.4783 0.0061 -0.0844 30 0 0 0
0.5000 0.0052 -0.0893 30 0 0 0
0.5000 0.0052 -0.0893 30 0 0 0
0.5217 0.0041 -0.0975 30 0 0 0
0.5217 0.0041 -0.0975 30 0 0 0
0.5435 0.0034 -0.1067 30 0 0 0
0.5435 0.0024 -0.1056 30 0 0 0
0.5435 0.0024 -0.1056 30 0 0 0
0.5435 0.0024 -0.1056 30 0 0 0
0.5435 0.0024 -0.1088 30 0 0 0
0.4348 0.0024 -0.1088 30 0 0 0
0.4348 0.0024 -0.1088 30 0 0 0
0.4348 0.0024 -0.1088 30 0 0 0
0.4348 0.0024 -0.1088 30 0 0 0
0.4348 0.0024 -0.1088 30 0 0 0
0.4348 0.0024 -0.1088 30 0 0 0
0.4348 0.0024 -0.1088 30 0 0 0
0.4348 0.0024 -0.1088 30 0 0 0
0.4348 0.0024 -0.1088 30 0 0 0
0.4348 0.0026 -0.1146 30 0 0 0
0.5217 0.0026 -0.1146 30 0 0 0
0.5217 0.0026 -0.1146 30 0 0 0
0.5217 0.0026 -0.1146 30 0 0 0
0.5217 0.0026 -0.1146 30 0 0 0
0.5217 0.0025 -0.1195 30 0 0 0
0.5217 0.0025 -0.1195 30 0 0 0
0.5217 0.0025 -0.1195 30 0 0 0
0.5217 0.0025 -0.1195 30 0 0 0
0.4565 0.0026 -0.1204 30 0 0 0
0.4565 0.0026 -0.1204 30 0 0 0
0.4565 0.0026 -0.1204 30 0 0 0
0.4565 0.0026 -0.1204 30 0 0 0
0.4565 0.0026 -0.1204 30 0 0 0
0.5000 0.0028 -0.1233 30 0 0 0
0.5000 0.0028 -0.1233 30 0 0 0
0.5000 0.0028 -0.1233 30 0 0 0
0.5000 0.0028 -0.1233 30 0 0 0
0.5000 0.0028 -0.1233 30 0 0 0
0.5000 0.0030 -0.1214 30 0 0 0
0.4783 0.0030 -0.1214 30 0 0 0
0.4783 0.0030 -0.1214 30 0 0 0
0.4783 0.0030 -0.1214 30 0 0 0
0.4783 0.0030 -0.1214 30 0 0 0
0.4783 0.0030 -0.1214 30 0 0 0
0.4783 0.0030 -0.1214 30 0 0 0
0.4348 0.0029 -0.1211 30 0 0 0
0.4348 0.0029 -0.1211 30 0 0 0
0.4348 0.0029 -0.1211 30 0 0 0
0.4348 0.0029 -0.1211 30 0 0 0
0.4348 0.0029 -0.1211 30 0 0 0
0.4348 0.0029 -0.1211 30 0 0 0
0.4348 0.0029 -0.1211 30 0 0 0
0.4348 0.0029 -0.1211 30 0 0 0
0.4348 0.0029 -0.1211 30 0 0 0
0.4783 0.0026 -0.1197 30 0 0 0
0.4783 0.0026 -0.1197 30 0 0 0
0.4783 0.0026 -0.1197 30 0 0 0
0.4783 0.0026 -0.1197 30 0 0 0
0.4783 0.0026 -0.1197 30 0 0 0
0.4783 0.0026 -0.1197 30 0 0 0
0.4783 0.0026 -0.1197 30 0 0 0
0.4783 0.0026 -0.1197 30 0 0 0
0.4783 0.0026 -0.1197 30 0 0 0
0.4783 0.0026 -0.1197 30 0 0 0
0.4783 0.0026 -0.1197 30 0 0 0
0.4783 0.0026 -0.1197 30 0 0 0
0.4783 0.0028 -0.1183 30 0 0 0
0.4565 0.0028 -0.1183 30 0 0 0
0.4565 0.0028 -0.1183 30 0 0 0
0.4565 0.0028 -0.1183 30 0 0 0
0.4565 0.0028 -0.1183 30 0 0 0
0.4565 0.0032 -0.1175 30 0 0 0
0.4130 0.0032 -0.1175 30 0 0 0
0.4130 0.0049 -0.1178 30 0 0 0
0.4783 0.0049 -0.1178 30 0 0 0
0.4783 0.0049 -0.1178 30 0 0 0
0.4783 0.0049 -0.1178 30 0 0 0
0.4783 0.0049 -0.1178 30 0 0 0
0.4783 0.0065 -0.1175 30 0 0 0
0.4783 0.0065 -0.1175 30 0 0 0
0.4783 0.0065 -0.1175 30 0 0 0
0.4783 0.0065 -0.1175 30 0 0 0
0.4783 0.0065 -0.1175 30 0 0 0
0.4783 0.0065 -0.1175 30 0 0 0
0.4783 0.0065 -0.1175 30 0 0 0
0.4783 0.0065 -0.1175 30 0 0 0
0.4783 0.0065 -0.1175 30 0 0 0
0.4783 0.0065 -0.1175 30 0 0 0
0.4783 0.0065 -0.1175 30 0 0 0
0.4783 0.0065 -0.1175 30 0 0 0
0.4783 0.0065 -0.1175 30 0 0 0
0.4783 0.0065 -0.1175 30 0 0 0
0.4783 0.0065 -0.1175 30 0 0 0
0.4783 0.0065 -0.1175 30 0 0 0
0.4783 0.0065 -0.1175 30 0 0 0
0.4783 0.0065 -0.1175 30 0 0 0
0.4783 0.0065 -0.1175 30 0 0 0
0.4783 0.0065 -0.1175 30 0 0 0
0.4783 0.0065 -0.1175 30 0 0 0
0.5217 0.0072 -0.1180 30 0 0 0
0.5217 0.0072 -0.1180 30 0 0 0
0.6087 0.0069 -0.1159 30 0 0 0
0.6087 0.0060 -0.1156 30 0 0 0
0.5870 0.0060 -0.1156 30 0 0 0
0.5870 0.0060 -0.1156 30 0 0 0
0.5870 0.0048 -0.1134 30 0 0 0
0.4565 0.0048 -0.1134 30 0 0 0
0.4565 0.0048 -0.1134 30 0 0 0
0.4565 0.0048 -0.1134 30 0 0 0
0.4565 0.0048 -0.1134 30 0 0 0
0.4565 0.0048 -0.1134 30 0 0 0
0.4565 0.0048 -0.1134 0 0 0 0
0.5870 0.0035 -0.1106 30 0 0 0
0.5870 0.0035 -0.1106 30 0 0 0
0.5652 0.0044 -0.1106 30 0 0 0
0.5652 0.0054 -0.1089 30 0 0 0
0.5652 0.0054 -0.1089 30 0 0 0
0.5652 0.0054 -0.1089 30 0 0 0
0.5870 0.0054 -0.1089 30 0 0 0
0.5217 0.0055 -0.1120 30 0 0 0
0.5217 0.0055 -0.1120 30 0 0 0
0.6087 0.0050 -0.1144 30 0 0 0
0.6087 0.0043 -0.1122 30 0 0 0
0.5000 0.0043 -0.1122 30 0 0 0
0.5000 0.0034 -0.1186 30 0 0 0
0.5217 0.0034 -0.1186 30 0 0 0
0.5217 0.0034 -0.1186 30 0 0 0
0.5217 0.0034 -0.1186 30 0 0 0
0.5217 0.0030 -0.1183 30 0 0 0
0.5435 0.0030 -0.1183 30 0 0 0
0.5435 0.0030 -0.1183 30 0 0 0
0.5435 0.0030 -0.1183 30 0 0 0
0.5435 0.0030 -0.1183 30 0 0 0
0.5435 0.0030 -0.1183 30 0 0 0
0.5435 0.0030 -0.1183 30 0 0 0
0.5435 0.0030 -0.1183 30 0 0 0
0.5435 0.0030 -0.1183 30 0 0 0
0.5435 0.0030 -0.1183 30 0 0 0
0.5435 0.0030 -0.1183 30 0 0 0
0.5435 0.0030 -0.1183 30 0 0 0
0.5435 0.0030 -0.1183 30 0 0 0
0.5435 0.0030 -0.1183 30 0 0 0
0.5435 0.0030 -0.1183 30 0 0 0
0.5435 0.0030 -0.1183 30 0 0 0
0.5435 0.0030 -0.1183 30 0 0 0
0.5435 0.0028 0.2314 30 0 0 0
0.5000 0.0028 0.2314 30 0 0 0
0.5000 0.0028 0.2314 30 0 0 0
0.5000 0.0028 0.2314 30 0 0 0
0.5000 0.0028 0.2314 30 0 0 0
0.5000 0.0023 0.2302 30 0 0 0
0.5000 0.0023 0.2302 30 0 0 0
0.5000 0.0014 0.2311 30 0 0 0
0.5000 0.0014 0.2311 30 0 0 0
0.5000 0.0014 0.2311 30 0 0 0
0.5000 0.0011 0.2334 30 0 0 0
0.4783 0.0011 0.2334 30 0 0 0
0.4783 0.0011 0.2334 30 0 0 0
0.4783 0.0011 0.2334 30 0 0 0
0.4783 0.0011 0.2334 30 0 0 0
0.4783 0.0011 0.2334 30 0 0 0
0.4783 0.0011 0.2334 0 0 0 0
0.4783 0.0032 0.2335 30 0 0 0
0.4783 0.0032 0.2335 30 0 0 0
0.4783 0.0038 0.2350 30 0 0 0
0.5652 0.0038 0.2350 30 0 0 0
0.5435 0.0034 0.2365 30 0 0 0
0.5217 0.0032 0.2366 30 0 0 0
0.5217 0.0033 0.2354 30 0 0 0
0.5000 0.0033 0.2354 30 0 0 0
0.5000 0.0033 0.2354 30 0 0 0
0.5000 0.0033 0.2354 30 0 0 0
0.5000 0.0033 0.2354 30 0 0 0
0.5000 0.0033 0.2354 30 0 0 0
0.5435 0.0046 0.2358 30 0 0 0
0.5435 0.0046 0.2358 30 0 0 0
0.5435 0.0046 0.2358 30 0 0 0
0.5435 0.0046 0.2358 30 0 0 0
0.5435 0.0053 0.2335 30 0 0 0
0.4348 0.0053 0.2335 30 0 0 0
0.4348 0.0053 0.2335 30 0 0 0
0.4348 0.0053 0.2335 30 0 0 0
0.4348 0.0053 0.2335 30 0 0 0
0.4348 0.0053 0.2335 30 0 0 0
0.4348 0.0053 0.2335 30 0 0 0
0.4565 0.0054 0.2303 30 0 0 0
0.4565 0.0054 0.2303 30 0 0 0
0.4565 0.0054 0.2303 30 0 0 0
0.4565 0.0054 0.2303 30 0 0 0
0.4565 0.0054 0.2303 30 0 0 0
0.4565 0.0054 0.2303 30 0 0 0
0.4565 0.0054 0.2303 30 0 0 0
0.4565 0.0054 0.2303 30 0 0 0
0.4565 0.0054 0.2303 30 0 0 0
0.4565 0.0054 0.2303 0 0 0 0
0.5217 0.0046 -0.1464 0 0 0 30
0.5217 0.0045 -0.1502 0 0 0 30
0.5435 0.0038 -0.1478 0 0 0 30
0.4565 0.0038 -0.1478 0 0 0 30
0.4348 0.0034 -0.1498 0 0 0 30
0.4348 0.0036 -0.1488 0 0 0 30
0.5435 0.0036 -0.1488 0 0 0 30
0.5435 0.0036 -0.1488 0 0 0 30
0.5435 0.0036 -0.1488 0 0 0 30
0.4348 0.0043 -0.1471 0 0 0 30
0.4348 0.0043 -0.1471 0 0 0 30
0.4348 0.0043 -0.1471 0 0 0 30
0.4348 0.0043 -0.1471 0 0 0 30
0.4565 0.0047 -0.1444 0 0 0 30
0.4565 0.0047 -0.1444 0 0 0 0
0.5000 0.0048 -0.1413 0 0 0 30
0.5217 0.0044 -0.1422 0 0 0 30
0.4565 0.0044 -0.1422 0 0 0 30
0.4565 0.0041 -0.1415 0 0 0 30
0.4783 0.0041 -0.1415 0 0 0 30
0.4783 0.0035 -0.1363 0 0 0 30
0.3913 0.0035 -0.1363 0 0 0 30
0.5435 0.0033 -0.1345 0 0 0 30
0.5435 0.0033 -0.1345 0 0 0 30
0.5000 0.0032 -0.1330 0 0 0 30
0.5000 0.0032 -0.1330 0 0 0 30
0.5000 0.0032 -0.1330 0 0 0 30
0.5000 0.0032 -0.1330 0 0 0 0
0.5217 0.0080 -0.1095 0 0 0 30
0.4783 0.0084 -0.1093 0 0 0 30
0.4783 0.0087 -0.1091 0 0 0 30
0.5435 0.0087 -0.1091 0 0 0 30
0.4783 0.0084 -0.1100 0 0 0 30
0.4783 0.0084 -0.1100 0 0 0 30
0.4783 0.0084 -0.1093 0 0 0 30
0.4783 0.0084 -0.1093 0 0 0 30
0.4783 0.0088 -0.1097 0 0 0 0
0.5435 0.0091 -0.1087 0 0 0 30
0.5217 0.0091 -0.1087 0 0 0 30
0.4783 0.0091 -0.1071 0 0 0 30
0.4783 0.0089 -0.1056 0 0 0 30
0.4348 0.0089 -0.1056 0 0 0 0
0.5435 0.0068 -0.1029 0 0 0 30
0.5435 0.0067 -0.1021 0 0 0 30
0.5000 0.0067 -0.1021 0 0 0 30
0.5000 0.0067 -0.1017 0 0 0 30
0.5217 0.0067 -0.1017 0 0 0 30
0.5000 0.0054 -0.1021 0 0 0 30
0.5000 0.0055 -0.1017 0 0 0 30
0.5000 0.0057 -0.0986 0 0 0 0
0.5217 0.0069 -0.0944 0 0 0 30
0.4783 0.0073 -0.0924 0 0 0 30
0.4783 0.0084 -0.0920 0 0 0 30
0.4783 0.0093 -0.0917 0 0 0 30
0.5652 0.0093 -0.0917 0 0 0 30
0.5000 0.0094 -0.0896 0 0 0 30
0.4783 0.0070 -0.0893 0 0 0 30
0.4783 0.0070 -0.0893 0 0 0 30
0.4783 0.0070 -0.0893 0 0 0 30
0.4783 0.0070 -0.0893 0 0 0 30
0.4783 0.0070 -0.0893 0 0 0 0
0.5870 0.0041 0.2534 0 0 0 30
0.5217 0.0041 0.2534 0 0 0 30
0.5217 0.0041 0.2534 0 0 0 30
0.5217 0.0052 0.2539 0 0 0 30
0.5000 0.0052 0.2539 0 0 0 30
0.5000 0.0052 0.2539 0 0 0 30
0.5000 0.0060 0.2539 0 0 0 30
0.4783 0.0060 0.2539 0 0 0 30
0.5435 0.0062 0.2560 0 0 0 30
0.5435 0.0062 0.2560 0 0 0 30
0.5435 0.0090 0.2596 0 0 0 30
0.5435 0.0090 0.2596 0 0 0 30
0.5435 0.0090 0.2596 0 0 0 30
0.5435 0.0090 0.2596 0 0 0 0
0.4783 0.0095 0.2606 0 0 0 30
0.5435 0.0086 0.2608 0 0 0 30
0.5435 0.0086 0.2608 0 0 0 30
0.5435 0.0086 0.2608 0 0 0 30
0.5435 0.0078 0.2615 0 0 0 30
0.5217 0.0078 0.2615 0 0 0 30
0.5217 0.0078 0.2615 0 0 0 30
0.5217 0.0076 0.2622 0 0 0 30
0.5217 0.0076 0.2622 0 0 0 30
0.5435 0.0083 0.2642 0 0 0 30
0.5435 0.0083 0.2642 0 0 0 30
0.5217 0.0092 0.2654 0 0 0 30
0.5217 0.0092 0.2654 0 0 0 0
0.4783 0.0118 0.2652 0 0 0 30
0.5217 0.0123 0.2661 0 0 0 30
0.5217 0.0123 0.2661 0 0 0 30
0.5217 0.0123 0.2661 0 0 0 30
0.5217 0.0117 0.2693 0 0 0 30
0.5000 0.0117 0.2693 0 0 0 30
0.5000 0.0117 0.2693 0 0 0 0
0.5217 0.0135 -0.0639 0 0 0 30
0.5435 0.0135 -0.0639 0 0 0 30
0.5435 0.0135 -0.0639 0 0 0 30
0.5435 0.0142 -0.0628 0 0 0 30
0.4783 0.0173 -0.0653 0 0 0 30
0.5435 0.0173 -0.0653 0 0 0 30
0.5435 0.0175 -0.0655 0 0 0 30
0.5652 0.0175 -0.0655 0 0 0 30
0.5000 0.0163 -0.0662 0 0 0 30
0.5000 0.0163 -0.0662 0 0 0 30
0.4783 0.0155 -0.0674 0 0 0 0
0.5000 0.0058 0.1587 0 0 0 30
0.5000 0.0058 0.1587 0 0 0 30
0.5000 0.0064 0.1590 0 0 0 30
0.5000 0.0064 0.1590 0 0 0 30
0.5000 0.0069 0.1592 0 0 0 30
0.5217 0.0069 0.1592 0 0 0 30
0.5000 0.0080 0.1638 0 0 0 30
0.5000 0.0080 0.1638 0 0 0 30
0.5000 0.0086 0.1638 0 0 0 30
0.5000 0.0086 0.1638 0 0 0 30
0.5217 0.0110 0.1667 0 0 0 30
0.5217 0.0110 0.1667 0 0 0 30
0.5217 0.0110 0.1667 0 0 0 0
0.4783 0.0113 0.1683 0 0 0 30
0.4783 0.0116 0.1715 0 0 0 30
0.5217 0.0116 0.1715 0 0 0 30
0.5217 0.0116 0.1715 0 0 0 30
0.5217 0.0116 0.1715 0 0 0 30
0.5217 0.0116 0.1715 0 0 0 30
0.5217 0.0116 0.1715 0 0 0 30
0.5217 0.0116 0.1715 0 0 0 30
0.5217 0.0116 0.1715 0 0 0 30
0.5217 0.0121 0.1731 0 0 0 0
0.5000 0.0127 0.1760 0 0 0 30
0.5000 0.0118 0.1753 0 0 0 30
0.5217 0.0118 0.1753 0 0 0 30
0.5217 0.0118 0.1753 0 0 0 30
0.5217 0.0108 0.1773 0 0 0 30
0.5217 0.0110 0.1780 0 0 0 30
0.5435 0.0110 0.1780 0 0 0 30
0.5435 0.0114 0.1787 0 0 0 30
0.4783 0.0114 0.1787 0 0 0 30
0.4783 0.0114 0.1787 0 0 0 30
0.5000 0.0122 0.1784 0 0 0 0
0.4783 0.0170 0.1834 0 0 0 30
0.5000 0.0159 0.1834 0 0 0 30
0.5435 0.0142 0.1845 0 0 0 30
0.5435 0.0142 0.1845 0 0 0 30
0.5435 0.0124 0.1854 0 0 0 30
0.5000 0.0124 0.1854 0 0 0 30
0.5000 0.0113 0.1849 0 0 0 30
0.4565 0.0113 0.1849 0 0 0 30
0.4565 0.0108 0.1838 0 0 0 30
0.5652 0.0108 0.1838 0 0 0 30
0.4348 0.0109 0.1835 0 0 0 30
0.4348 0.0109 0.1835 0 0 0 0
0.4565 0.0153 0.0050 0 0 0 30
0.4565 0.0147 0.0047 0 0 0 30
0.5000 0.0147 0.0047 0 0 0 30
0.5000 0.0147 0.0047 0 0 0 30
0.4783 0.0128 0.0027 0 0 0 30
0.4783 0.0118 -0.0003 0 0 0 30
0.4783 0.0118 -0.0003 0 0 0 30
0.4783 0.0116 -0.0023 0 0 0 30
0.5000 0.0116 -0.0023 0 0 0 30
0.5000 0.0143 -0.0052 0 0 0 30
0.5000 0.0143 -0.0052 0 0 0 30
0.5000 0.0143 -0.0052 0 0 0 30
0.5000 0.0143 -0.0052 0 0 0 30
0.5000 0.0143 -0.0052 0 0 0 30
0.5435 0.0145 -0.0058 0 0 0 30
0.5435 0.0145 -0.0058 0 0 0 30
0.5217 0.0131 -0.0090 0 0 0 30
0.5217 0.0131 -0.0090 0 0 0 0
0.4783 0.0117 -0.0121 0 0 0 30
0.5000 0.0117 -0.0121 0 0 0 30
0.5000 0.0117 -0.0121 0 0 0 30
0.5000 0.0126 -0.0128 0 0 0 30
0.5000 0.0126 -0.0128 0 0 0 30
0.5000 0.0126 -0.0128 0 0 0 30
0.5000 0.0134 -0.0114 0 0 0 30
0.5217 0.0134 -0.0114 0 0 0 30
0.5217 0.0142 -0.0091 0 0 0 30
0.5217 0.0142 -0.0091 0 0 0 30
0.5217 0.0142 -0.0091 0 0 0 0
0.5870 0.0109 0.3078 -30 0 0 0
0.5217 0.0136 0.3050 -30 0 0 0
0.5652 0.0147 0.3053 -30 0 0 0
0.5652 0.0147 0.3053 -30 0 0 0
0.4783 0.0151 0.3058 -30 0 0 0
0.4783 0.0151 0.3058 -30 0 0 0
0.4783 0.0147 0.3073 -30 0 0 0
0.6087 0.0147 0.3073 -30 0 0 0
0.5435 0.0140 0.3074 -30 0 0 0
0.5435 0.0140 0.3074 -30 0 0 0
0.5435 0.0140 0.3074 -30 0 0 0
0.5435 0.0136 0.3061 -30 0 0 0
0.5652 0.0136 0.3061 -30 0 0 0
0.5652 0.0136 0.3061 -30 0 0 0
0.5652 0.0136 0.3061 -30 0 0 0
0.5652 0.0136 0.3061 -30 0 0 0
0.5652 0.0136 0.3061 -30 0 0 0
0.5652 0.0141 0.3059 -30 0 0 0
0.5652 0.0141 0.3059 -30 0 0 0
0.5652 0.0141 0.3059 -30 0 0 0
0.5652 0.0141 0.3059 -30 0 0 0
0.5652 0.0141 0.3059 -30 0 0 0
0.5652 0.0141 0.3059 -30 0 0 0
0.5435 0.0148 0.3068 -30 0 0 0
0.5435 0.0148 0.3068 -30 0 0 0
0.5435 0.0148 0.3068 -30 0 0 0
0.5435 0.0148 0.3068 -30 0 0 0
0.5435 0.0148 0.3068 -30 0 0 0
0.5435 0.0148 0.3068 -30 0 0 0
0.5435 0.0148 0.3068 -30 0 0 0
0.5435 0.0151 0.3059 -30 0 0 0
0.5435 0.0151 0.3059 -30 0 0 0
0.5435 0.0151 0.3059 -30 0 0 0
0.5435 0.0151 0.3059 -30 0 0 0
0.5435 0.0151 0.3059 -30 0 0 0
0.5435 0.0151 0.3059 -30 0 0 0
0.5435 0.0151 0.3059 -30 0 0 0
0.4783 0.0151 0.3055 -30 0 0 0
0.4783 0.0151 0.3055 -30 0 0 0
0.4783 0.0151 0.3055 -30 0 0 0
0.4783 0.0151 0.3055 -30 0 0 0
0.4783 0.0151 0.3055 -30 0 0 0
0.4783 0.0151 0.3055 -30 0 0 0
0.4783 0.0147 0.3062 -30 0 0 0
0.5217 0.0147 0.3062 -30 0 0 0
0.5217 0.0147 0.3062 -30 0 0 0
0.5217 0.0147 0.3062 -30 0 0 0
0.5217 0.0147 0.3062 -30 0 0 0
0.5217 0.0147 0.3062 -30 0 0 0
0.5217 0.0147 0.3062 -30 0 0 0
0.5217 0.0147 0.3062 -30 0 0 0
0.5217 0.0147 0.3062 -30 0 0 0
0.5435 0.0141 0.3078 -30 0 0 0
0.5435 0.0141 0.3078 -30 0 0 0
0.5435 0.0141 0.3078 -30 0 0 0
0.5435 0.0141 0.3078 -30 0 0 0
0.5435 0.0141 0.3078 -30 0 0 0
0.5435 0.0141 0.3078 -30 0 0 0
0.4783 0.0138 0.3078 -30 0 0 0
0.4783 0.0138 0.3078 -30 0 0 0
0.4783 0.0138 0.3078 -30 0 0 0
0.4783 0.0138 0.3078 -30 0 0 0
0.4783 0.0138 0.3078 -30 0 0 0
0.4783 0.0138 0.3078 -30 0 0 0
0.4783 0.0136 0.3072 -30 0 0 0
0.5652 0.0136 0.3072 -30 0 0 0
0.5652 0.0136 0.3072 -30 0 0 0
0.5652 0.0136 0.3072 -30 0 0 0
0.5652 0.0136 0.3072 -30 0 0 0
0.5652 0.0136 0.3072 -30 0 0 0
0.5652 0.0136 0.3072 -30 0 0 0
0.5652 0.0133 0.3058 -30 0 0 0
0.5652 0.0133 0.3058 -30 0 0 0
0.5652 0.0133 0.3058 -30 0 0 0
0.5652 0.0133 0.3058 -30 0 0 0
0.5652 0.0133 0.3058 -30 0 0 0
0.5652 0.0133 0.3058 -30 0 0 0
0.5435 0.0128 0.3064 -30 0 0 0
0.5435 0.0128 0.3064 -30 0 0 0
0.5435 0.0128 0.3064 -30 0 0 0
0.5435 0.0128 0.3064 -30 0 0 0
0.5435 0.0128 0.3064 -30 0 0 0
0.5435 0.0128 0.3064 -30 0 0 0
0.5435 0.0128 0.3064 -30 0 0 0
0.5652 0.0123 0.3086 -30 0 0 0
0.5652 0.0123 0.3086 -30 0 0 0
0.5652 0.0123 0.3086 -30 0 0 0
0.5652 0.0123 0.3086 -30 0 0 0
0.5652 0.0123 0.3086 -30 0 0 0
0.5652 0.0123 0.3086 -30 0 0 0
0.5652 0.0119 0.3079 -30 0 0 0
0.5435 0.0119 0.3079 -30 0 0 0
0.5435 0.0119 0.3079 -30 0 0 0
0.5435 0.0119 0.3079 -30 0 0 0
0.5435 0.0119 0.3079 -30 0 0 0
0.5435 0.0119 0.3079 -30 0 0 0
0.5435 0.0119 0.3079 -30 0 0 0
0.5435 0.0119 0.3079 -30 0 0 0
0.5870 0.0115 0.3086 -30 0 0 0
0.5870 0.0115 0.3086 -30 0 0 0
0.5870 0.0115 0.3086 -30 0 0 0
0.5870 0.0115 0.3086 -30 0 0 0
0.5870 0.0115 0.3086 -30 0 0 0
0.5870 0.0111 0.3090 -30 0 0 0
0.5870 0.0111 0.3090 -30 0 0 0
0.5870 0.0111 0.3090 -30 0 0 0
0.5870 0.0111 0.3090 -30 0 0 0
0.5870 0.0111 0.3090 -30 0 0 0
0.5870 0.0111 0.3090 -30 0 0 0
0.5870 0.0111 0.3090 -30 0 0 0
0.5870 0.0107 0.3097 -30 0 0 0
0.5870 0.0107 0.3097 -30 0 0 0
0.5870 0.0107 0.3097 -30 0 0 0
0.5870 0.0107 0.3097 -30 0 0 0
0.5870 0.0107 0.3097 -30 0 0 0
0.5870 0.0107 0.3097 -30 0 0 0
0.5870 0.0110 0.3100 -30 0 0 0
0.5000 0.0110 0.3100 -30 0 0 0
0.5000 0.0110 0.3100 -30 0 0 0
0.5000 0.0110 0.3100 -30 0 0 0
0.5000 0.0110 0.3100 -30 0 0 0
0.5000 0.0110 0.3100 -30 0 0 0
0.5000 0.0110 0.3100 -30 0 0 0
0.5000 0.0115 0.3103 -30 0 0 0
0.5000 0.0115 0.3103 -30 0 0 0
0.5000 0.0115 0.3103 -30 0 0 0
0.5000 0.0115 0.3103 -30 0 0 0
0.5000 0.0115 0.3103 -30 0 0 0
0.5000 0.0115 0.3103 -30 0 0 0
0.5000 0.0115 0.3103 -30 0 0 0
0.5435 0.0122 0.3101 -30 0 0 0
0.5435 0.0122 0.3101 -30 0 0 0
0.5435 0.0122 0.3101 -30 0 0 0
0.5435 0.0122 0.3101 -30 0 0 0
0.5435 0.0122 0.3101 -30 0 0 0
0.5435 0.0122 0.3101 -30 0 0 0
0.5435 0.0127 0.3113 -30 0 0 0
0.5217 0.0127 0.3113 -30 0 0 0
0.5217 0.0127 0.3113 -30 0 0 0
0.5217 0.0127 0.3113 -30 0 0 0
0.5217 0.0127 0.3113 -30 0 0 0
0.5217 0.0127 0.3113 -30 0 0 0
0.5217 0.0127 0.3113 -30 0 0 0
0.5435 0.0131 0.3119 -30 0 0 0
0.5435 0.0131 0.3119 -30 0 0 0
0.5435 0.0131 0.3119 -30 0 0 0
0.5435 0.0131 0.3119 -30 0 0 0
0.5435 0.0131 0.3119 -30 0 0 0
0.5435 0.0131 0.3119 -30 0 0 0
0.5435 0.0131 0.3119 -30 0 0 0
0.5435 0.0131 0.3119 -30 0 0 0
0.5435 0.0131 0.3119 -30 0 0 0
0.5435 0.0131 0.3119 -30 0 0 0
0.5435 0.0131 0.3119 -30 0 0 0
0.5435 0.0131 0.3119 -30 0 0 0
0.5435 0.0137 0.3108 -30 0 0 0
0.4565 0.0137 0.3108 -30 0 0 0
0.4565 0.0137 0.3108 -30 0 0 0
0.4565 0.0137 0.3108 -30 0 0 0
0.4565 0.0137 0.3108 -30 0 0 0
0.4565 0.0137 0.3108 -30 0 0 0
0.4565 0.0137 0.3108 -30 0 0 0
0.5000 0.0141 0.3105 -30 0 0 0
0.5000 0.0141 0.3105 -30 0 0 0
0.5000 0.0141 0.3105 -30 0 0 0
0.5000 0.0142 0.3084 -30 0 0 0
0.4565 0.0142 0.3084 -30 0 0 0
0.4565 0.0142 0.3084 -30 0 0 0
0.4565 0.0142 0.3084 -30 0 0 0
0.4783 0.0144 -0.0148 -30 0 0 0
0.4783 0.0144 -0.0148 -30 0 0 0
0.4783 0.0144 -0.0148 -30 0 0 0
0.4783 0.0144 -0.0148 -30 0 0 0
0.4783 0.0144 -0.0148 -30 0 0 0
0.4783 0.0144 -0.0148 -30 0 0 0
0.4783 0.0144 -0.0148 -30 0 0 0
0.4348 0.0147 -0.0167 -30 0 0 0
0.4348 0.0147 -0.0167 -30 0 0 0
0.4348 0.0147 -0.0167 -30 0 0 0
0.4348 0.0147 -0.0167 -30 0 0 0
0.4348 0.0147 -0.0167 -30 0 0 0
0.4348 0.0147 -0.0167 -30 0 0 0
0.4348 0.0147 -0.0167 -30 0 0 0
0.5217 0.0155 -0.0171 -30 0 0 0
0.5217 0.0155 -0.0171 -30 0 0 0
0.5217 0.0155 -0.0171 -30 0 0 0
0.5217 0.0155 -0.0171 -30 0 0 0
0.5217 0.0155 -0.0171 -30 0 0 0
0.5217 0.0155 -0.0171 -30 0 0 0
0.5217 0.0155 -0.0171 -30 0 0 0
0.5217 0.0166 -0.0176 -30 0 0 0
0.5217 0.0166 -0.0176 -30 0 0 0
0.5217 0.0166 -0.0176 -30 0 0 0
0.5217 0.0166 -0.0176 -30 0 0 0
0.5217 0.0166 -0.0176 -30 0 0 0
0.5217 0.0166 -0.0176 -30 0 0 0
0.5217 0.0166 -0.0176 -30 0 0 0
0.5217 0.0166 -0.0176 -30 0 0 0
0.5217 0.0166 -0.0176 -30 0 0 0
0.5217 0.0166 -0.0176 -30 0 0 0
0.5217 0.0166 -0.0176 -30 0 0 0
0.5000 0.0177 -0.0168 -30 0 0 0
0.5000 0.0177 -0.0168 -30 0 0 0
0.5000 0.0177 -0.0168 -30 0 0 0
0.5000 0.0177 -0.0168 -30 0 0 0
0.5000 0.0177 -0.0168 -30 0 0 0
0.5000 0.0177 -0.0168 -30 0 0 0
0.4130 0.0188 -0.0165 -30 0 0 0
0.4130 0.0188 -0.0165 -30 0 0 0
0.4130 0.0188 -0.0165 -30 0 0 0
0.5435 0.0196 -0.0147 -30 0 0 0
0.5435 0.0196 -0.0147 -30 0 0 0
0.5435 0.0196 -0.0147 -30 0 0 0
0.5435 0.0196 -0.0147 -30 0 0 0
0.5435 0.0196 -0.0147 -30 0 0 0
0.5435 0.0196 -0.0147 -30 0 0 0
0.5435 0.0196 -0.0147 -30 0 0 0
0.5000 0.0197 -0.0150 -30 0 0 0
0.5000 0.0197 -0.0150 -30 0 0 0
0.5000 0.0197 -0.0150 -30 0 0 0
0.5000 0.0197 -0.0150 -30 0 0 0
0.5000 0.0197 -0.0150 -30 0 0 0
0.5000 0.0197 -0.0150 -30 0 0 0
0.5000 0.0193 -0.0139 -30 0 0 0
0.5217 0.0193 -0.0139 -30 0 0 0
0.5217 0.0193 -0.0139 -30 0 0 0
0.5217 0.0193 -0.0139 -30 0 0 0
0.5217 0.0193 -0.0139 -30 0 0 0
0.5217 0.0193 -0.0139 -30 0 0 0
0.5217 0.0193 -0.0139 -30 0 0 0
0.5217 0.0193 -0.0139 -30 0 0 0
0.5217 0.0185 -0.0140 -30 0 0 0
0.5217 0.0185 -0.0140 -30 0 0 0
0.5217 0.0185 -0.0140 -30 0 0 0
0.5217 0.0185 -0.0140 -30 0 0 0
0.5217 0.0185 -0.0140 -30 0 0 0
0.5217 0.0185 -0.0140 -30 0 0 0
0.5217 0.0185 -0.0140 -30 0 0 0
0.5217 0.0185 -0.0140 -30 0 0 0
0.5217 0.0185 -0.0140 -30 0 0 0
0.5217 0.0185 -0.0140 -30 0 0 0
0.5217 0.0185 -0.0140 -30 0 0 0
0.5000 0.0177 -0.0128 -30 0 0 0
0.5000 0.0177 -0.0128 -30 0 0 0
0.5000 0.0177 -0.0128 -30 0 0 0
0.5000 0.0177 -0.0128 -30 0 0 0
0.5000 0.0177 -0.0128 -30 0 0 0
0.5000 0.0177 -0.0128 -30 0 0 0
0.5000 0.0177 -0.0128 -30 0 0 0
0.5000 0.0170 -0.0129 -30 0 0 0
0.5217 0.0165 -0.0086 -30 0 0 0
0.5217 0.0165 -0.0086 -30 0 0 0
0.5217 0.0165 -0.0086 -30 0 0 0
0.5217 0.0165 -0.0086 -30 0 0 0
0.5217 0.0165 -0.0086 -30 0 0 0
0.5217 0.0165 -0.0086 -30 0 0 0
0.5435 0.0161 0.3255 -30 0 0 0
0.5435 0.0161 0.3255 -30 0 0 0
0.5435 0.0161 0.3255 -30 0 0 0
0.5435 0.0161 0.3255 -30 0 0 0
0.5435 0.0161 0.3255 -30 0 0 0
0.5435 0.0161 0.3255 -30 0 0 0
0.5435 0.0158 0.3254 -30 0 0 0
0.5435 0.0158 0.3254 -30 0 0 0
0.5435 0.0158 0.3254 -30 0 0 0
0.5435 0.0158 0.3254 -30 0 0 0
0.5435 0.0158 0.3254 -30 0 0 0
0.5435 0.0158 0.3254 -30 0 0 0
0.5435 0.0158 0.3254 -30 0 0 0
0.5652 0.0155 0.3245 -30 0 0 0
0.5652 0.0155 0.3245 -30 0 0 0
0.5652 0.0155 0.3245 -30 0 0 0
0.5652 0.0155 0.3245 -30 0 0 0
0.5652 0.0155 0.3245 -30 0 0 0
0.5652 0.0155 0.3245 -30 0 0 0
0.5000 0.0156 0.3275 -30 0 0 0
0.5000 0.0156 0.3275 -30 0 0 0
0.5000 0.0156 0.3275 -30 0 0 0
0.5000 0.0156 0.3275 -30 0 0 0
0.5000 0.0156 0.3275 -30 0 0 0
0.5000 0.0156 0.3275 -30 0 0 0
0.5000 0.0156 0.3275 -30 0 0 0
0.5000 0.0156 0.3275 -30 0 0 0
0.5435 0.0159 0.3248 -30 0 0 0
0.5435 0.0159 0.3248 -30 0 0 0
0.5435 0.0159 0.3248 -30 0 0 0
0.5435 0.0159 0.3248 -30 0 0 0
0.5435 0.0159 0.3248 -30 0 0 0
0.5435 0.0159 0.3248 -30 0 0 0
0.5000 0.0163 0.3266 -30 0 0 0
0.5000 0.0163 0.3266 -30 0 0 0
0.5000 0.0163 0.3266 -30 0 0 0
0.5000 0.0163 0.3266 -30 0 0 0
0.5000 0.0163 0.3266 -30 0 0 0
0.5000 0.0163 0.3266 -30 0 0 0
0.5000 0.0166 0.3267 -30 0 0 0
0.5217 0.0166 0.3267 -30 0 0 0
0.5217 0.0166 0.3267 -30 0 0 0
0.5217 0.0166 0.3267 -30 0 0 0
0.5217 0.0166 0.3267 -30 0 0 0
0.5217 0.0166 0.3267 -30 0 0 0
0.5217 0.0166 0.3267 -30 0 0 0
0.5217 0.0166 0.3267 -30 0 0 0
0.5217 0.0166 0.3267 -30 0 0 0
0.4565 0.0168 0.3272 -30 0 0 0
0.4565 0.0168 0.3272 -30 0 0 0
0.4565 0.0168 0.3272 -30 0 0 0
0.4565 0.0168 0.3272 -30 0 0 0
0.4783 0.0169 0.3263 -30 0 0 0
0.4783 0.0169 0.3263 -30 0 0 0
0.4783 0.0169 0.3263 -30 0 0 0
0.4783 0.0169 0.3263 -30 0 0 0
0.4783 0.0169 0.3263 -30 0 0 0
0.4783 0.0169 0.3263 -30 0 0 0
0.4783 0.0169 0.3263 -30 0 0 0
0.4565 0.0171 0.3270 -30 0 0 0
0.4565 0.0171 0.3270 -30 0 0 0
0.4565 0.0171 0.3270 -30 0 0 0
0.4565 0.0171 0.3270 -30 0 0 0
0.4565 0.0171 0.3270 -30 0 0 0
0.4565 0.0171 0.3270 -30 0 0 0
0.4565 0.0171 0.3270 -30 0 0 0
0.5217 0.0180 0.3250 -30 0 0 0
0.5217 0.0180 0.3250 -30 0 0 0
0.5217 0.0180 0.3250 -30 0 0 0
0.5217 0.0180 0.3250 -30 0 0 0
0.5217 0.0180 0.3250 -30 0 0 0
0.5217 0.0185 0.3263 -30 0 0 0
0.5435 0.0185 0.3263 -30 0 0 0
0.5435 0.0185 0.3263 -30 0 0 0
0.5435 0.0185 0.3263 -30 0 0 0
0.5435 0.0185 0.3263 -30 0 0 0
0.5435 0.0185 0.3263 -30 0 0 0
0.5435 0.0185 0.3263 -30 0 0 0
0.5870 0.0187 0.3239 -30 0 0 0
0.5870 0.0187 0.3239 -30 0 0 0
0.5870 0.0187 0.3239 -30 0 0 0
0.5870 0.0187 0.3239 -30 0 0 0
0.5870 0.0187 0.3239 -30 0 0 0
0.5870 0.0187 0.3239 -30 0 0 0
0.5870 0.0187 0.3239 -30 0 0 0
0.5870 0.0187 0.3239 -30 0 0 0
0.5870 0.0186 0.3221 -30 0 0 0
0.4565 0.0186 0.3221 -30 0 0 0
0.4565 0.0186 0.3221 -30 0 0 0
0.4565 0.0186 0.3221 -30 0 0 0
0.4565 0.0186 0.3221 -30 0 0 0
0.4565 0.0186 0.3216 -30 0 0 0
0.5000 0.0186 0.3216 -30 0 0 0
0.5000 0.0186 0.3216 -30 0 0 0
0.5000 0.0186 0.3216 -30 0 0 0
0.5000 0.0186 0.3216 -30 0 0 0
0.5000 0.0186 0.3216 -30 0 0 0
0.5000 0.0186 0.3216 -30 0 0 0
0.4348 0.0188 0.3181 -30 0 0 0
0.4348 0.0188 0.3181 -30 0 0 0
0.4348 0.0188 0.3181 -30 0 0 0
0.4348 0.0188 0.3181 -30 0 0 0
0.4348 0.0188 0.3181 -30 0 0 0
0.4348 0.0188 0.3181 -30 0 0 0
0.4348 0.0188 0.3181 -30 0 0 0
0.4348 0.0188 0.3181 -30 0 0 0
0.4348 0.0188 0.3181 -30 0 0 0
0.4783 0.0187 0.3169 -30 0 0 0
0.4783 0.0187 0.3169 -30 0 0 0
0.4783 0.0187 0.3169 -30 0 0 0
0.4783 0.0187 0.3169 -30 0 0 0
0.4783 0.0187 0.3169 -30 0 0 0
0.4783 0.0187 0.3169 -30 0 0 0
0.4130 0.0182 0.3159 -30 0 0 0
0.4130 0.0182 0.3159 -30 0 0 0
0.4130 0.0182 0.3159 -30 0 0 0
0.4130 0.0182 0.3159 -30 0 0 0
0.4130 0.0182 0.3159 -30 0 0 0
0.4130 0.0182 0.3159 -30 0 0 0
0.4130 0.0176 0.3165 -30 0 0 0
0.4130 0.0176 0.3165 -30 0 0 0
0.4130 0.0176 0.3165 -30 0 0 0
0.4130 0.0176 0.3165 -30 0 0 0
0.4130 0.0176 0.3165 -30 0 0 0
0.4130 0.0176 0.3165 -30 0 0 0
0.4130 0.0176 0.3165 -30 0 0 0
0.4130 0.0176 0.3165 -30 0 0 0
0.4130 0.0176 0.3165 -30 0 0 0
0.4130 0.0176 0.3165 -30 0 0 0
0.4130 0.0176 0.3165 -30 0 0 0
0.4130 0.0176 0.3165 -30 0 0 0
0.4130 0.0176 0.3165 -30 0 0 0
0.4130 0.0176 0.3165 -30 0 0 0
0.4130 0.0176 0.3165 -30 0 0 0
0.4130 0.0176 0.3165 -30 0 0 0
0.4783 0.0169 0.3160 -30 0 0 0
0.4783 0.0169 0.3160 -30 0 0 0
0.4783 0.0169 0.3160 -30 0 0 0
0.4783 0.0169 0.3160 -30 0 0 0
0.4783 0.0169 0.3160 -30 0 0 0
0.3913 0.0168 0.3152 -30 0 0 0
0.4130 0.0170 0.3163 -30 0 0 0
0.4130 0.0170 0.3163 -30 0 0 0
0.4130 0.0170 0.3163 -30 0 0 0
0.4130 0.0170 0.3163 -30 0 0 0
0.4130 0.0170 0.3163 -30 0 0 0
0.4130 0.0170 0.3163 -30 0 0 0
0.4348 0.0178 0.3155 -30 0 0 0
0.4348 0.0178 0.3155 -30 0 0 0
0.4348 0.0178 0.3155 -30 0 0 0
0.4348 0.0178 0.3155 -30 0 0 0
0.4348 0.0178 0.3155 -30 0 0 0
0.4348 0.0178 0.3155 -30 0 0 0
0.5217 0.0188 0.3170 -30 0 0 0
0.5217 0.0188 0.3170 -30 0 0 0
0.5217 0.0188 0.3170 -30 0 0 0
0.5217 0.0188 0.3170 -30 0 0 0
0.5217 0.0188 0.3170 -30 0 0 0
0.5217 0.0188 0.3170 -30 0 0 0
0.5217 0.0188 0.3170 -30 0 0 0
0.5652 0.0200 0.3192 -30 0 0 0
0.5652 0.0200 0.3192 -30 0 0 0
0.5652 0.0200 0.3192 -30 0 0 0
0.5652 0.0200 0.3192 -30 0 0 0
0.5652 0.0200 0.3192 -30 0 0 0
0.5652 0.0200 0.3192 -30 0 0 0
0.5652 0.0200 0.3192 -30 0 0 0
0.5652 0.0200 0.3192 -30 0 0 0
0.5217 0.0210 0.3202 -30 0 0 0
0.5217 0.0210 0.3202 -30 0 0 0
0.5217 0.0210 0.3202 -30 0 0 0
0.5217 0.0210 0.3202 -30 0 0 0
0.5217 0.0210 0.3202 -30 0 0 0
0.5217 0.0210 0.3202 -30 0 0 0
0.5217 0.0210 0.3202 -30 0 0 0
0.5217 0.0210 0.3202 -30 0 0 0
0.5217 0.0210 0.3202 -30 0 0 0
0.5217 0.0210 0.3202 -30 0 0 0
0.5217 0.0210 0.3202 -30 0 0 0
0.5217 0.0210 0.3202 -30 0 0 0
0.5217 0.0210 0.3202 -30 0 0 0
0.5217 0.0210 0.3202 -30 0 0 0
0.5217 0.0210 0.3202 -30 0 0 0
0.5000 0.0213 0.3217 -30 0 0 0
0.5000 0.0213 0.3217 -30 0 0 0
0.5000 0.0213 0.3217 -30 0 0 0
0.5000 0.0213 0.3202 -30 0 0 0
0.4130 0.0213 0.3202 -30 0 0 0
0.4130 0.0211 0.3248 -30 0 0 0
0.4783 0.0211 0.3248 -30 0 0 0
0.4783 0.0211 0.3248 -30 0 0 0
0.4783 0.0211 0.3248 -30 0 0 0
0.4783 0.0211 0.3248 -30 0 0 0
0.5217 0.0209 0.3217 -30 0 0 0
0.5217 0.0209 0.3217 -30 0 0 0
0.5217 0.0209 0.3217 -30 0 0 0
0.5217 0.0209 0.3217 -30 0 0 0
0.5217 0.0209 0.3217 -30 0 0 0
0.5217 0.0209 0.3217 -30 0 0 0
0.5217 0.0209 0.3217 -30 0 0 0
0.5217 0.0209 0.3217 -30 0 0 0
0.5000 0.0209 -0.0301 -30 0 0 0
0.5000 0.0209 -0.0301 -30 0 0 0
0.5000 0.0209 -0.0301 -30 0 0 0
0.5000 0.0209 -0.0301 -30 0 0 0
0.5000 0.0209 -0.0301 -30 0 0 0
0.5000 0.0209 -0.0301 -30 0 0 0
0.5000 0.0209 -0.0301 -30 0 0 0
0.5000 0.0209 -0.0301 -30 0 0 0
0.5870 0.0207 -0.0297 -30 0 0 0
0.5870 0.0207 -0.0297 -30 0 0 0
0.5870 0.0207 -0.0297 -30 0 0 0
0.5870 0.0207 -0.0297 -30 0 0 0
0.5870 0.0207 -0.0297 -30 0 0 0
0.5870 0.0207 -0.0297 -30 0 0 0
0.5435 0.0202 -0.0266 -30 0 0 0
0.5435 0.0202 -0.0266 -30 0 0 0
0.5435 0.0202 -0.0266 -30 0 0 0
0.5435 0.0202 -0.0266 -30 0 0 0
0.5435 0.0202 -0.0266 -30 0 0 0
0.5435 0.0202 -0.0266 -30 0 0 0
0.5435 0.0202 -0.0266 -30 0 0 0
0.5435 0.0202 -0.0266 -30 0 0 0
0.5435 0.0202 -0.0266 -30 0 0 0
0.5435 0.0202 -0.0266 -30 0 0 0
0.5435 0.0202 -0.0266 -30 0 0 0
0.5435 0.0202 -0.0266 -30 0 0 0
0.5435 0.0202 -0.0266 -30 0 0 0
0.5435 0.0202 -0.0266 -30 0 0 0
0.5435 0.0202 -0.0266 -30 0 0 0
0.5435 0.0202 -0.0266 -30 0 0 0
0.5435 0.0202 -0.0266 -30 0 0 0
0.5435 0.0202 -0.0266 -30 0 0 0
0.5435 0.0202 -0.0266 -30 0 0 0
0.5435 0.0202 -0.0266 -30 0 0 0
0.5435 0.0202 -0.0266 -30 0 0 0
0.5000 0.0192 -0.0232 -30 0 0 0
0.5000 0.0192 -0.0232 -30 0 0 0
0.5000 0.0180 -0.0201 -30 0 0 0
0.5435 0.0180 -0.0201 -30 0 0 0
0.5217 0.0169 -0.0224 -30 0 0 0
0.5217 0.0169 -0.0224 -30 0 0 0
0.5217 0.0155 -0.0227 -30 0 0 0
0.5000 0.0155 -0.0227 -30 0 0 0
0.5000 0.0155 -0.0227 -30 0 0 0
0.5000 0.0155 -0.0227 -30 0 0 0
0.5000 0.0155 -0.0227 -30 0 0 0
0.5000 0.0155 -0.0227 -30 0 0 0
0.5000 0.0155 -0.0227 -30 0 0 0
0.5000 0.0155 -0.0227 -30 0 0 0
0.5000 0.0139 -0.0232 -30 0 0 0
0.5217 0.0139 -0.0232 -30 0 0 0
0.5217 0.0139 -0.0232 -30 0 0 0
0.5217 0.0139 -0.0232 -30 0 0 0
0.5217 0.0139 -0.0232 -30 0 0 0
0.5217 0.0139 -0.0232 -30 0 0 0
0.5217 0.0135 -0.0248 -30 0 0 0
0.4783 0.0135 -0.0248 -30 0 0 0
0.4783 0.0135 -0.0248 -30 0 0 0
0.4783 0.0135 -0.0248 -30 0 0 0
0.4783 0.0135 -0.0248 -30 0 0 0
0.4783 0.0135 -0.0248 -30 0 0 0
0.4783 0.0135 -0.0248 -30 0 0 0
0.5870 0.0134 -0.0286 -30 0 0 0
0.5870 0.0134 -0.0286 -30 0 0 0
0.5870 0.0134 -0.0286 -30 0 0 0
0.5870 0.0134 -0.0286 -30 0 0 0
0.5870 0.0134 -0.0286 -30 0 0 0
0.5870 0.0134 -0.0286 -30 0 0 0
0.5870 0.0134 -0.0286 -30 0 0 0
0.5870 0.0134 -0.0286 -30 0 0 0
0.5870 0.0134 -0.0286 -30 0 0 0
0.5870 0.0136 -0.0324 -30 0 0 0
0.5435 0.0136 -0.0324 -30 0 0 0
0.5435 0.0136 -0.0324 -30 0 0 0
0.5435 0.0136 -0.0324 -30 0 0 0
0.5435 0.0136 -0.0324 -30 0 0 0
0.5435 0.0136 -0.0324 -30 0 0 0
0.5217 0.0139 -0.0347 -30 0 0 0
0.5217 0.0139 -0.0347 -30 0 0 0
0.5217 0.0139 -0.0347 -30 0 0 0
0.5217 0.0139 -0.0347 -30 0 0 0
0.5217 0.0139 -0.0347 -30 0 0 0
0.5217 0.0139 -0.0347 -30 0 0 0
0.5000 0.0140 -0.0332 -30 0 0 0
0.5000 0.0140 -0.0332 -30 0 0 0
0.5000 0.0140 -0.0332 -30 0 0 0
0.5000 0.0140 -0.0332 -30 0 0 0
0.5000 0.0140 -0.0332 0 0 0 0
0.4783 0.0150 -0.0356 -30 0 0 0
0.4783 0.0156 -0.0349 -30 0 0 0
0.5435 0.0156 -0.0349 -30 0 0 0
0.4348 0.0165 -0.0316 -30 0 0 0
0.4783 0.0168 -0.0334 -30 0 0 0
0.4783 0.0168 -0.0334 -30 0 0 0
0.4565 0.0160 -0.0345 -30 0 0 0
0.4783 0.0133 -0.0323 -30 0 0 0
0.4783 0.0112 -0.0334 -30 0 0 0
0.4348 0.0112 -0.0334 -30 0 0 0
0.4348 0.0112 -0.0334 -30 0 0 0
0.4783 0.0099 -0.0327 -30 0 0 0
0.4783 0.0099 -0.0327 -30 0 0 0
0.4783 0.0099 -0.0327 -30 0 0 0
0.4783 0.0099 -0.0327 -30 0 0 0
0.4783 0.0099 -0.0327 -30 0 0 0
0.4783 0.0099 -0.0327 -30 0 0 0
0.4783 0.0099 -0.0327 -30 0 0 0
0.4783 0.0099 -0.0327 -30 0 0 0
0.4348 0.0095 -0.0328 -30 0 0 0
0.4348 0.0095 -0.0328 -30 0 0 0
0.4348 0.0095 -0.0328 -30 0 0 0
0.4348 0.0095 -0.0328 -30 0 0 0
0.4348 0.0095 -0.0328 -30 0 0 0
0.4348 0.0095 -0.0328 -30 0 0 0
0.5000 0.0094 -0.0328 -30 0 0 0
0.5000 0.0094 -0.0328 -30 0 0 0
0.5000 0.0094 -0.0328 -30 0 0 0
0.5000 0.0094 -0.0328 -30 0 0 0
0.5000 0.0094 -0.0328 -30 0 0 0
0.5000 0.0094 -0.0328 0 0 0 0
0.5217 0.0145 -0.0227 0 0 0 30
0.5217 0.0145 -0.0227 0 0 0 30
0.5217 0.0144 -0.0242 0 0 0 30
0.4783 0.0144 -0.0242 0 0 0 30
0.4783 0.0147 -0.0302 0 0 0 30
0.4783 0.0147 -0.0302 0 0 0 30
0.4783 0.0147 -0.0302 0 0 0 30
0.5217 0.0122 -0.0337 0 0 0 30
0.5217 0.0107 -0.0301 0 0 0 30
0.5000 0.0107 -0.0301 0 0 0 30
0.5000 0.0107 -0.0301 0 0 0 30
0.4565 0.0110 -0.0277 0 0 0 30
0.4565 0.0110 -0.0277 0 0 0 0
0.4783 0.0115 -0.0251 0 0 0 30
0.4565 0.0114 -0.0230 0 0 0 30
0.4565 0.0114 -0.0230 0 0 0 30
0.4565 0.0117 -0.0236 0 0 0 30
0.4130 0.0117 -0.0236 0 0 0 30
0.4130 0.0117 -0.0236 0 0 0 30
0.4783 0.0120 -0.0209 0 0 0 30
0.4783 0.0120 -0.0209 0 0 0 30
0.4783 0.0120 -0.0209 0 0 0 30
0.4565 0.0120 -0.0192 0 0 0 30
0.4565 0.0120 -0.0192 0 0 0 0
0.5217 0.0115 -0.0189 0 0 0 30
0.4348 0.0113 -0.0195 0 0 0 30
0.4348 0.0110 -0.0183 0 0 0 30
0.4348 0.0110 -0.0183 0 0 0 30
0.4348 0.0113 -0.0162 0 0 0 30
0.5000 0.0113 -0.0162 0 0 0 30
0.4783 0.0123 -0.0232 0 0 0 30
0.4783 0.0123 -0.0232 0 0 0 30
0.4783 0.0123 -0.0232 0 0 0 30
0.4783 0.0123 -0.0232 0 0 0 30
0.4783 0.0128 -0.0236 0 0 0 0
0.4348 0.0117 -0.0242 0 0 0 30
0.4565 0.0129 -0.0235 0 0 0 30
0.4565 0.0133 -0.0231 0 0 0 30
0.5652 0.0133 -0.0231 0 0 0 30
0.5652 0.0133 -0.0215 0 0 0 30
0.4130 0.0133 -0.0215 0 0 0 30
0.4565 0.0133 -0.0202 0 0 0 30
0.4565 0.0133 -0.0202 0 0 0 30
0.4565 0.0133 -0.0202 0 0 0 30
0.4348 0.0131 -0.0196 0 0 0 30
0.4348 0.0130 -0.0193 0 0 0 0
0.4783 0.0139 -0.0180 0 0 0 30
0.4783 0.0155 -0.0168 0 0 0 30
0.5217 0.0155 -0.0168 0 0 0 30
0.5217 0.0166 -0.0150 0 0 0 30
0.5217 0.0166 -0.0150 0 0 0 30
0.5217 0.0166 -0.0150 0 0 0 30
0.5000 0.0169 -0.0140 0 0 0 30
0.5000 0.0170 -0.0126 0 0 0 0
0.4783 0.0121 -0.0164 0 0 0 30
0.5870 0.0121 -0.0164 0 0 0 0
0.5000 0.0108 -0.0010 0 0 0 30
0.5652 0.0120 0.0045 0 0 0 30
0.5652 0.0120 0.0045 0 0 0 30
0.5652 0.0120 0.0045 0 0 0 30
0.5652 0.0122 0.0041 0 0 0 30
0.5435 0.0101 0.0086 0 0 0 30
0.5435 0.0101 0.0086 0 0 0 30
0.5435 0.0088 0.0093 0 0 0 30
0.5435 0.0070 0.0124 0 0 0 30
0.4783 0.0070 0.0124 0 0 0 30
0.4783 0.0070 0.0124 0 0 0 30
0.4783 0.0074 0.0107 0 0 0 0
0.5435 0.0081 0.0103 0 0 0 30
0.5435 0.0081 0.0103 0 0 0 30
0.5435 0.0085 0.0105 0 0 0 30
0.5435 0.0088 0.0121 0 0 0 30
0.5000 0.0088 0.0121 0 0 0 30
0.5000 0.0088 0.0121 0 0 0 30
0.5000 0.0088 0.0121 0 0 0 30
0.5000 0.0085 0.0115 0 0 0 30
0.5000 0.0085 0.0115 0 0 0 30
0.5000 0.0085 0.0115 0 0 0 30
0.5000 0.0085 0.0115 0 0 0 30
0.5000 0.0085 0.0115 0 0 0 30
0.5000 0.0085 0.0115 0 0 0 0
