0.5652 0.0114 -0.0163 0 0 0 30
0.5652 0.0114 -0.0163 0 0 0 30
0.5652 0.0127 -0.0210 0 0 0 30
0.5652 0.0127 -0.0210 0 0 0 30
0.5652 0.0133 -0.0210 0 0 0 30
0.5870 0.0133 -0.0210 0 0 0 30
0.5870 0.0133 -0.0210 0 0 0 30
0.5217 0.0139 -0.0197 0 0 0 30
0.4565 0.0149 -0.0180 0 0 0 30
0.4565 0.0149 -0.0180 0 0 0 30
0.4565 0.0149 -0.0180 0 0 0 30
0.4565 0.0149 -0.0180 0 0 0 30
0.4565 0.0149 -0.0180 0 0 0 30
0.5217 0.0150 -0.0182 0 0 0 30
0.5217 0.0150 -0.0182 0 0 0 30
0.5217 0.0150 -0.0182 0 0 0 0
0.5435 0.0140 -0.0159 0 0 0 30
0.5435 0.0128 -0.0129 0 0 0 30
0.5435 0.0124 -0.0097 0 0 0 30
0.5870 0.0124 -0.0097 0 0 0 30
0.5870 0.0124 -0.0097 0 0 0 30
0.5435 0.0123 -0.0058 0 0 0 30
0.5435 0.0123 -0.0058 0 0 0 30
0.5652 0.0122 -0.0024 0 0 0 30
0.5652 0.0122 -0.0024 0 0 0 30
0.5870 0.0119 -0.0001 0 0 0 30
0.5870 0.0119 -0.0001 0 0 0 0
0.5435 0.0114 0.0113 0 0 0 30
0.6087 0.0118 0.0107 0 0 0 30
0.6087 0.0118 0.0107 0 0 0 30
0.5435 0.0121 0.0097 0 0 0 30
0.5435 0.0121 0.0097 0 0 0 30
0.6304 0.0119 0.0123 0 0 0 30
0.6304 0.0119 0.0123 0 0 0 30
0.5652 0.0115 0.0149 0 0 0 30
0.5652 0.0115 0.0149 0 0 0 30
0.5652 0.0122 0.0090 0 0 0 0
0.5217 0.0152 0.0029 0 0 0 30
0.5217 0.0163 -0.0046 0 0 0 30
0.5217 0.0176 -0.0034 0 0 0 30
0.6087 0.0176 -0.0034 0 0 0 30
0.5652 0.0183 -0.0051 0 0 0 30
0.5870 0.0186 0.0002 0 0 0 30
0.5870 0.0186 0.0002 0 0 0 30
0.5870 0.0186 0.0002 0 0 0 0
0.5870 0.0191 0.0129 0 0 0 -30
0.5870 0.0191 0.0129 0 0 0 -30
0.6087 0.0192 0.0108 0 0 0 -30
0.6087 0.0192 0.0108 0 0 0 -30
0.5652 0.0193 0.0102 0 0 0 -30
0.6087 0.0190 0.0131 0 0 0 -30
0.6087 0.0190 0.0131 0 0 0 0
0.5435 0.0159 0.0131 0 0 0 -30
0.5652 0.0156 0.0141 0 0 0 -30
0.5652 0.0155 0.0145 0 0 0 -30
0.6304 0.0155 0.0145 0 0 0 -30
0.5870 0.0154 0.0159 0 0 0 -30
0.5870 0.0154 0.0159 0 0 0 -30
0.6087 0.0158 0.0160 0 0 0 -30
0.6087 0.0165 0.0204 0 0 0 -30
0.6304 0.0165 0.0204 0 0 0 0
0.6522 0.0137 0.0272 0 0 0 0
0.6087 0.0153 0.0261 0 0 0 -30
0.6087 0.0153 0.0261 0 0 0 -30
0.6087 0.0140 0.0249 0 0 0 -30
0.6522 0.0140 0.0249 0 0 0 -30
0.6522 0.0118 0.0284 0 0 0 -30
0.5652 0.0118 0.0284 0 0 0 -30
0.5652 0.0114 0.0326 0 0 0 -30
0.5217 0.0114 0.0326 0 0 0 -30
0.5217 0.0113 0.0329 0 0 0 -30
0.5652 0.0113 0.0329 0 0 0 -30
0.5652 0.0113 0.0329 0 0 0 -30
0.5652 0.0113 0.0329 0 0 0 -30
0.5652 0.0117 0.0385 0 0 0 0
0.5870 0.0129 0.0236 0 0 0 -30
0.6522 0.0129 0.0236 0 0 0 -30
0.6522 0.0129 0.0236 0 0 0 -30
0.6522 0.0128 0.0205 0 0 0 -30
0.5870 0.0128 0.0205 0 0 0 -30
0.5870 0.0128 0.0205 0 0 0 0
0.5652 0.0149 0.0160 0 0 0 -30
0.6304 0.0151 0.0148 0 0 0 -30
0.5870 0.0151 0.0148 0 0 0 -30
0.5870 0.0156 0.0117 0 0 0 -30
0.5652 0.0156 0.0117 0 0 0 -30
0.5652 0.0166 0.0075 0 0 0 -30
0.6087 0.0166 0.0075 0 0 0 -30
0.6087 0.0173 0.0064 0 0 0 -30
0.5435 0.0173 0.0064 0 0 0 0
0.5652 0.0125 0.0048 0 30 0 0
0.5217 0.0125 0.0048 0 30 0 0
0.5217 0.0117 0.0017 0 30 0 0
0.5435 0.0112 0.0008 0 30 0 0
0.5435 0.0112 0.0008 0 30 0 0
0.5435 0.0121 -0.0005 0 30 0 0
0.5217 0.0121 -0.0005 0 30 0 0
0.5217 0.0121 -0.0005 0 30 0 0
0.5217 0.0121 -0.0005 0 30 0 0
0.5217 0.0121 -0.0005 0 30 0 0
0.5217 0.0121 -0.0005 0 30 0 0
0.5217 0.0121 -0.0005 0 30 0 0
0.5217 0.0121 -0.0005 0 30 0 0
0.5217 0.0121 -0.0005 0 30 0 0
0.5435 0.0129 -0.0014 0 30 0 0
0.5435 0.0129 -0.0014 0 30 0 0
0.5435 0.0129 -0.0014 0 30 0 0
0.5652 0.0127 -0.0016 0 30 0 0
0.5435 0.0120 -0.0014 0 30 0 0
0.5435 0.0120 -0.0014 0 30 0 0
0.5435 0.0120 -0.0014 0 30 0 0
0.5435 0.0120 -0.0014 0 30 0 0
0.7174 0.0114 -0.0030 0 30 0 0
