0.3913 0.0051 0.1551 0 0 0 -30
0.4783 0.0068 0.1551 0 0 0 -30
0.3696 0.0068 0.1551 0 0 0 -30
0.3696 0.0078 0.1547 0 0 0 -30
0.3261 0.0078 0.1547 0 0 0 -30
0.3261 0.0078 0.1547 0 0 0 -30
0.3261 0.0072 0.1548 0 0 0 -30
0.3478 0.0072 0.1548 0 0 0 -30
0.3913 0.0065 0.1555 0 0 0 -30
0.3913 0.0065 0.1555 0 0 0 -30
0.3913 0.0065 0.1555 0 0 0 -30
0.3696 0.0069 0.1562 0 0 0 -30
0.3696 0.0069 0.1562 0 0 0 -30
0.3478 0.0073 0.1561 0 0 0 -30
0.3478 0.0073 0.1561 0 0 0 -30
0.3478 0.0073 0.1561 0 0 0 -30
0.3478 0.0073 0.1561 0 0 0 -30
0.3478 0.0073 0.1561 0 0 0 -30
0.3478 0.0076 0.1562 0 0 0 -30
0.3696 0.0076 0.1562 0 0 0 -30
0.3696 0.0076 0.1562 0 0 0 -30
0.3696 0.0076 0.1562 0 0 0 -30
0.3696 0.0076 0.1562 0 0 0 -30
0.3696 0.0076 0.1562 0 0 0 -30
0.3696 0.0076 0.1562 0 0 0 -30
0.3696 0.0076 0.1562 0 0 0 -30
0.3696 0.0076 0.1562 0 0 0 -30
0.4348 0.0078 0.1553 0 0 0 -30
0.4348 0.0078 0.1553 0 0 0 -30
0.4348 0.0078 0.1553 0 0 0 -30
0.4348 0.0078 0.1553 0 0 0 -30
0.4348 0.0078 0.1553 0 0 0 -30
0.4348 0.0078 0.1553 0 0 0 -30
0.3696 0.0079 0.1539 0 0 0 -30
0.3696 0.0079 0.1539 0 0 0 -30
0.3696 0.0079 0.1539 0 0 0 -30
0.3696 0.0079 0.1539 0 0 0 -30
0.3696 0.0079 0.1539 0 0 0 -30
0.3696 0.0079 0.1539 0 0 0 -30
0.3696 0.0079 0.1539 0 0 0 -30
0.3696 0.0079 0.1539 0 0 0 -30
0.3696 0.0080 0.1519 0 0 0 -30
0.3913 0.0080 0.1519 0 0 0 -30
0.3913 0.0080 0.1519 0 0 0 -30
0.3913 0.0080 0.1519 0 0 0 -30
0.3913 0.0080 0.1519 0 0 0 -30
0.3913 0.0080 0.1519 0 0 0 -30
0.3913 0.0080 0.1519 0 0 0 -30
0.3478 0.0074 0.1494 0 0 0 -30
0.3478 0.0074 0.1494 0 0 0 -30
0.3478 0.0074 0.1494 0 0 0 -30
0.3478 0.0074 0.1494 0 0 0 -30
0.3478 0.0074 0.1494 0 0 0 -30
0.3043 0.0074 0.1475 0 0 0 -30
0.3043 0.0074 0.1475 0 0 0 -30
0.3043 0.0074 0.1475 0 0 0 -30
0.3043 0.0074 0.1475 0 0 0 -30
0.3043 0.0074 0.1475 0 0 0 -30
0.3043 0.0074 0.1475 0 0 0 -30
0.3478 0.0077 0.1449 0 0 0 -30
0.3478 0.0077 0.1449 0 0 0 -30
0.3478 0.0077 0.1449 0 0 0 -30
0.3478 0.0077 0.1449 0 0 0 -30
0.3478 0.0077 0.1449 0 0 0 -30
0.3478 0.0077 0.1449 0 0 0 -30
0.3478 0.0077 0.1449 0 0 0 -30
0.3478 0.0083 0.1434 0 0 0 -30
0.3478 0.0083 0.1434 0 0 0 -30
0.3478 0.0083 0.1434 0 0 0 -30
0.3478 0.0083 0.1434 0 0 0 -30
0.3478 0.0083 0.1434 0 0 0 -30
0.3478 0.0083 0.1434 0 0 0 -30
0.3478 0.0083 0.1434 0 0 0 -30
0.3913 0.0088 0.1404 0 0 0 -30
0.3913 0.0088 0.1404 0 0 0 -30
0.3913 0.0088 0.1404 0 0 0 -30
0.3913 0.0088 0.1404 0 0 0 -30
0.3913 0.0088 0.1404 0 0 0 -30
0.3913 0.0088 0.1404 0 0 0 -30
0.3913 0.0088 0.1404 0 0 0 -30
0.3913 0.0088 0.1404 0 0 0 -30
0.3696 0.0089 0.1371 0 0 0 -30
0.3696 0.0089 0.1371 0 0 0 -30
0.3696 0.0089 0.1371 0 0 0 -30
0.3696 0.0089 0.1371 0 0 0 -30
0.3696 0.0089 0.1371 0 0 0 -30
0.3696 0.0089 0.1371 0 0 0 -30
0.3696 0.0089 0.1371 0 0 0 -30
0.3696 0.0089 0.1371 0 0 0 -30
0.3696 0.0090 0.1330 0 0 0 -30
0.3696 0.0090 0.1330 0 0 0 -30
0.3696 0.0090 0.1330 0 0 0 -30
0.3696 0.0090 0.1330 0 0 0 -30
0.3696 0.0090 0.1330 0 0 0 -30
0.3696 0.0088 0.1307 0 0 0 -30
0.3913 0.0088 0.1307 0 0 0 -30
0.3913 0.0088 0.1307 0 0 0 -30
0.3913 0.0088 0.1307 0 0 0 -30
0.3913 0.0088 0.1307 0 0 0 -30
0.3913 0.0088 0.1307 0 0 0 -30
0.3913 0.0088 0.1307 0 0 0 -30
0.3913 0.0089 0.1300 0 0 0 -30
0.3913 0.0089 0.1300 0 0 0 -30
0.3913 0.0089 0.1300 0 0 0 -30
0.3913 0.0089 0.1300 0 0 0 -30
0.3913 0.0089 0.1300 0 0 0 -30
0.3913 0.0089 0.1300 0 0 0 -30
0.3913 0.0089 0.1300 0 0 0 -30
0.3913 0.0089 0.1300 0 0 0 -30
0.4565 0.0093 0.1272 0 0 0 -30
0.4565 0.0093 0.1272 0 0 0 -30
0.4565 0.0093 0.1272 0 0 0 -30
0.4565 0.0093 0.1272 0 0 0 -30
0.4565 0.0100 0.1252 0 0 0 -30
0.4565 0.0100 0.1252 0 0 0 -30
0.4565 0.0100 0.1252 0 0 0 -30
0.4565 0.0100 0.1252 0 0 0 -30
0.4565 0.0100 0.1252 0 0 0 -30
0.4565 0.0100 0.1252 0 0 0 -30
0.4565 0.0100 0.1252 0 0 0 -30
0.4565 0.0100 0.1252 0 0 0 -30
0.4348 0.0107 0.1229 0 0 0 -30
0.4348 0.0107 0.1229 0 0 0 -30
0.4348 0.0107 0.1229 0 0 0 -30
0.4348 0.0107 0.1229 0 0 0 -30
0.4348 0.0107 0.1229 0 0 0 -30
0.4348 0.0107 0.1229 0 0 0 -30
0.4348 0.0107 0.1229 0 0 0 -30
0.5217 0.0112 0.1190 0 0 0 -30
0.5217 0.0112 0.1190 0 0 0 -30
0.5217 0.0112 0.1190 0 0 0 -30
0.5217 0.0112 0.1190 0 0 0 -30
0.5217 0.0112 0.1190 0 0 0 -30
0.5217 0.0112 0.1190 0 0 0 -30
0.5217 0.0112 0.1190 0 0 0 -30
0.5217 0.0112 0.1190 0 0 0 -30
0.5217 0.0112 0.1190 0 0 0 -30
0.5217 0.0112 0.1190 0 0 0 -30
0.5217 0.0112 0.1190 0 0 0 -30
0.5217 0.0112 0.1190 0 0 0 -30
0.5217 0.0112 0.1190 0 0 0 -30
0.5217 0.0112 0.1190 0 0 0 -30
0.5217 0.0113 0.1184 0 0 0 -30
0.4783 0.0113 0.1184 0 0 0 -30
0.4783 0.0113 0.1184 0 0 0 -30
0.4783 0.0113 0.1184 0 0 0 -30
0.4783 0.0113 0.1184 0 0 0 -30
0.4783 0.0113 0.1184 0 0 0 -30
0.4783 0.0113 0.1184 0 0 0 -30
0.4783 0.0106 0.1126 0 0 0 -30
0.5217 0.0106 0.1126 0 0 0 -30
0.5217 0.0099 0.1111 0 0 0 -30
0.5217 0.0099 0.1111 0 0 0 -30
0.5217 0.0099 0.1111 0 0 0 -30
0.5217 0.0099 0.1111 0 0 0 -30
0.5217 0.0095 0.1114 0 0 0 -30
0.4348 0.0095 0.1114 0 0 0 -30
0.4348 0.0095 0.1114 0 0 0 -30
0.4348 0.0095 0.1114 0 0 0 -30
0.4348 0.0095 0.1114 0 0 0 -30
0.4348 0.0095 0.1114 0 0 0 -30
0.4348 0.0095 0.1114 0 0 0 -30
0.4348 0.0095 0.1114 0 0 0 -30
0.4348 0.0095 0.1114 0 0 0 -30
0.4565 0.0088 0.1024 0 0 0 -30
0.4565 0.0088 0.1024 0 0 0 -30
0.4565 0.0088 0.1024 0 0 0 -30
0.4565 0.0088 0.1024 0 0 0 -30
0.4565 0.0088 0.1024 0 0 0 -30
0.4565 0.0088 0.1024 0 0 0 -30
0.4783 0.0084 0.1001 0 0 0 -30
0.4783 0.0084 0.1001 0 0 0 -30
0.4783 0.0084 0.1001 0 0 0 -30
0.4783 0.0084 0.1001 0 0 0 -30
0.4783 0.0084 0.1001 0 0 0 -30
0.4783 0.0084 0.1001 0 0 0 -30
0.4783 0.0084 0.1001 0 0 0 -30
0.4783 0.0078 0.0955 0 0 0 -30
0.4783 0.0078 0.0955 0 0 0 -30
0.4783 0.0078 0.0955 0 0 0 -30
0.4783 0.0078 0.0955 0 0 0 -30
0.4783 0.0078 0.0955 0 0 0 -30
0.4783 0.0078 0.0955 0 0 0 -30
0.4783 0.0078 0.0955 0 0 0 -30
0.4783 0.0071 0.0905 0 0 0 -30
0.4348 0.0071 0.0905 0 0 0 -30
0.4348 0.0071 0.0905 0 0 0 -30
0.4348 0.0071 0.0905 0 0 0 -30
0.4348 0.0071 0.0905 0 0 0 -30
0.5435 0.0068 0.0867 0 0 0 -30
0.5435 0.0068 0.0867 0 0 0 -30
0.5435 0.0068 0.0867 0 0 0 -30
0.5435 0.0068 0.0867 0 0 0 -30
0.5435 0.0068 0.0867 0 0 0 -30
0.5435 0.0068 0.0867 0 0 0 -30
0.4783 0.0067 0.0833 0 0 0 -30
0.4783 0.0067 0.0833 0 0 0 -30
0.4783 0.0067 0.0833 0 0 0 -30
0.4783 0.0067 0.0833 0 0 0 -30
0.4783 0.0067 0.0833 0 0 0 -30
0.4783 0.0067 0.0833 0 0 0 -30
0.4783 0.0067 0.0833 0 0 0 -30
0.4783 0.0067 0.0833 0 0 0 -30
0.4783 0.0067 0.0833 0 0 0 -30
0.4783 0.0067 0.0833 0 0 0 -30
0.5870 0.0071 0.0768 0 0 0 -30
0.5870 0.0071 0.0768 0 0 0 -30
0.5870 0.0071 0.0768 0 0 0 -30
0.5870 0.0071 0.0768 0 0 0 -30
0.5870 0.0071 0.0768 0 0 0 -30
0.5870 0.0071 0.0768 0 0 0 -30
0.5870 0.0071 0.0768 0 0 0 -30
0.5217 0.0077 0.0736 0 0 0 -30
0.5217 0.0077 0.0736 0 0 0 -30
0.5217 0.0077 0.0736 0 0 0 -30
0.5217 0.0077 0.0736 0 0 0 -30
0.5217 0.0077 0.0736 0 0 0 -30
0.5217 0.0081 0.0710 0 0 0 -30
0.5217 0.0081 0.0710 0 0 0 -30
0.5217 0.0081 0.0710 0 0 0 -30
0.5217 0.0081 0.0710 0 0 0 -30
0.5217 0.0081 0.0710 0 0 0 -30
0.5217 0.0081 0.0710 0 0 0 -30
0.5217 0.0081 0.0710 0 0 0 -30
0.5217 0.0081 0.0710 0 0 0 -30
0.5217 0.0081 0.0710 0 0 0 -30
0.5217 0.0090 0.0675 0 0 0 -30
0.5217 0.0090 0.0675 0 0 0 -30
0.5217 0.0090 0.0675 0 0 0 -30
0.5217 0.0090 0.0675 0 0 0 -30
0.5217 0.0090 0.0675 0 0 0 -30
0.5217 0.0090 0.0675 0 0 0 -30
0.5217 0.0090 0.0675 0 0 0 -30
0.5217 0.0090 0.0675 0 0 0 -30
0.5217 0.0090 0.0675 0 0 0 -30
0.5217 0.0090 0.0675 0 0 0 -30
0.5217 0.0090 0.0675 0 0 0 -30
0.5217 0.0093 0.0625 0 0 0 -30
0.5217 0.0093 0.0625 0 0 0 -30
0.5217 0.0093 0.0625 0 0 0 -30
0.5217 0.0093 0.0625 0 0 0 -30
0.5217 0.0093 0.0625 0 0 0 -30
0.5217 0.0093 0.0625 0 0 0 -30
0.5217 0.0093 0.0625 0 0 0 -30
0.5217 0.0093 0.0625 0 0 0 -30
0.5217 0.0091 0.0606 0 0 0 -30
0.5000 0.0091 0.0606 0 0 0 -30
0.4348 0.0081 0.0546 0 0 0 -30
0.4348 0.0081 0.0546 0 0 0 -30
0.4348 0.0081 0.0546 0 0 0 -30
0.4348 0.0081 0.0546 0 0 0 -30
0.5000 0.0074 0.0526 0 0 0 -30
0.5000 0.0074 0.0526 0 0 0 -30
0.5000 0.0074 0.0526 0 0 0 -30
0.5000 0.0074 0.0526 0 0 0 -30
0.5000 0.0074 0.0526 0 0 0 -30
0.5000 0.0074 0.0526 0 0 0 -30
0.5000 0.0074 0.0526 0 0 0 -30
0.5435 0.0068 0.0486 0 0 0 -30
0.5435 0.0068 0.0486 0 0 0 -30
0.5435 0.0068 0.0486 0 0 0 -30
0.5435 0.0068 0.0486 0 0 0 -30
0.5435 0.0068 0.0486 0 0 0 -30
0.5435 0.0068 0.0486 0 0 0 -30
0.5435 0.0068 0.0486 0 0 0 -30
0.5435 0.0068 0.0486 0 0 0 -30
0.5435 0.0065 0.0455 0 0 0 -30
0.5435 0.0065 0.0455 0 0 0 -30
0.5435 0.0065 0.0455 0 0 0 -30
0.5435 0.0065 0.0455 0 0 0 -30
0.5435 0.0065 0.0455 0 0 0 -30
0.5435 0.0065 0.0455 0 0 0 -30
0.5217 0.0067 0.0441 0 0 0 -30
0.5217 0.0067 0.0441 0 0 0 -30
0.5217 0.0067 0.0441 0 0 0 -30
0.5217 0.0067 0.0441 0 0 0 -30
0.5217 0.0067 0.0441 0 0 0 -30
0.5217 0.0067 0.0441 0 0 0 -30
0.5217 0.0067 0.0441 0 0 0 -30
0.5217 0.0067 0.0441 0 0 0 -30
0.4783 0.0069 0.0415 0 0 0 -30
0.4783 0.0069 0.0415 0 0 0 -30
0.4783 0.0069 0.0415 0 0 0 -30
0.4783 0.0069 0.0415 0 0 0 -30
0.4783 0.0069 0.0415 0 0 0 -30
0.4783 0.0069 0.0415 0 0 0 -30
0.4783 0.0069 0.0415 0 0 0 -30
0.4783 0.0069 0.0415 0 0 0 -30
0.4783 0.0071 0.0389 0 0 0 -30
0.5652 0.0071 0.0389 0 0 0 -30
0.5652 0.0071 0.0389 0 0 0 -30
0.5652 0.0071 0.0389 0 0 0 -30
0.5652 0.0071 0.0389 0 0 0 -30
0.5652 0.0068 0.0408 0 0 0 -30
0.5217 0.0068 0.0408 0 0 0 -30
0.5217 0.0068 0.0408 0 0 0 -30
0.5217 0.0068 0.0408 0 0 0 -30
0.5217 0.0068 0.0408 0 0 0 -30
0.5217 0.0068 0.0408 0 0 0 -30
0.4783 0.0064 0.0382 0 0 0 -30
0.4783 0.0064 0.0382 0 0 0 -30
0.4783 0.0064 0.0382 0 0 0 -30
0.4783 0.0064 0.0382 0 0 0 -30
0.4783 0.0064 0.0382 0 0 0 -30
0.4783 0.0064 0.0382 0 0 0 -30
0.4783 0.0064 0.0382 0 0 0 -30
0.4783 0.0064 0.0382 0 0 0 -30
0.4783 0.0064 0.0382 0 0 0 -30
0.5217 0.0054 0.0430 0 0 0 -30
0.5217 0.0054 0.0430 0 0 0 -30
0.5217 0.0054 0.0430 0 0 0 -30
0.5217 0.0054 0.0430 0 0 0 -30
0.5217 0.0054 0.0430 0 0 0 -30
0.5217 0.0050 0.0403 0 0 0 -30
0.5435 0.0050 0.0403 0 0 0 -30
0.5435 0.0050 0.0403 0 0 0 -30
0.5435 0.0050 0.0403 0 0 0 -30
0.5435 0.0050 0.0403 0 0 0 -30
0.5435 0.0050 0.0403 0 0 0 0
0.5870 0.0041 0.0099 0 0 0 -30
0.5652 0.0041 0.0099 0 0 0 -30
0.5652 0.0044 0.0097 0 0 0 -30
0.6304 0.0044 0.0097 0 0 0 -30
0.5000 0.0058 0.0083 0 0 0 -30
0.5000 0.0058 0.0083 0 0 0 -30
0.5000 0.0064 0.0088 0 0 0 -30
0.5217 0.0064 0.0088 0 0 0 -30
0.5000 0.0073 0.0088 0 0 0 -30
0.5000 0.0073 0.0088 0 0 0 -30
0.5435 0.0081 0.0085 0 0 0 -30
0.5435 0.0081 0.0085 0 0 0 -30
0.5435 0.0081 0.0085 0 0 0 -30
0.4783 0.0091 0.0086 0 0 0 0
0.5217 0.0096 0.0094 0 0 0 -30
0.5217 0.0101 0.0081 0 0 0 -30
0.5217 0.0100 0.0062 0 0 0 -30
0.5217 0.0100 0.0062 0 0 0 -30
0.5217 0.0097 0.0052 0 0 0 -30
0.5217 0.0097 0.0052 0 0 0 -30
0.5217 0.0097 0.0052 0 0 0 -30
0.5217 0.0094 0.0032 0 0 0 -30
0.5435 0.0094 0.0032 0 0 0 0
0.6087 0.0087 0.0004 0 0 0 -30
0.5217 0.0087 0.0004 0 0 0 -30
0.5435 0.0081 -0.0177 0 0 0 -30
0.5435 0.0081 -0.0177 0 0 0 -30
0.5870 0.0073 -0.0179 0 0 0 -30
0.5870 0.0073 -0.0179 0 0 0 -30
0.5870 0.0073 -0.0179 0 0 0 -30
0.5870 0.0073 -0.0179 0 0 0 -30
0.5870 0.0073 -0.0179 0 0 0 -30
0.5870 0.0073 -0.0179 0 0 0 -30
0.5870 0.0073 -0.0179 0 0 0 -30
0.5870 0.0073 -0.0179 0 0 0 -30
0.5870 0.0073 -0.0179 0 0 0 -30
0.5870 0.0073 -0.0179 0 0 0 -30
0.5870 0.0073 -0.0179 0 0 0 0
0.5870 0.0067 -0.0215 0 0 0 -30
0.5870 0.0067 -0.0215 0 0 0 -30
0.5217 0.0065 -0.0219 0 0 0 -30
0.5217 0.0064 -0.0249 0 0 0 -30
0.5652 0.0057 -0.0282 0 0 0 -30
0.5652 0.0057 -0.0282 0 0 0 -30
0.5435 0.0047 -0.0305 0 0 0 -30
0.4565 0.0043 -0.0309 0 0 0 -30
0.4565 0.0043 -0.0309 0 0 0 0
0.4783 0.0058 -0.0362 0 0 0 30
0.4783 0.0058 -0.0362 0 0 0 30
0.5435 0.0053 -0.0363 0 0 0 30
0.5435 0.0053 -0.0363 0 0 0 30
0.6087 0.0046 -0.0403 0 0 0 30
0.6087 0.0046 -0.0403 0 0 0 30
0.5217 0.0042 -0.0405 0 0 0 30
0.5217 0.0042 -0.0405 0 0 0 30
0.5000 0.0040 -0.0422 0 0 0 30
0.5000 0.0037 -0.0413 0 0 0 30
0.5217 0.0037 -0.0413 0 0 0 30
0.5217 0.0036 -0.0409 0 0 0 0
0.5217 0.0037 -0.0368 0 0 0 30
0.5435 0.0042 -0.0352 0 0 0 30
0.5435 0.0046 -0.0328 0 0 0 30
0.5217 0.0046 -0.0328 0 0 0 30
0.5217 0.0046 -0.0328 0 0 0 30
0.5217 0.0046 -0.0328 0 0 0 30
0.5217 0.0046 -0.0328 0 0 0 30
0.5217 0.0046 -0.0333 0 0 0 30
0.5217 0.0046 -0.0333 0 0 0 30
0.5217 0.0046 -0.0333 0 0 0 30
0.5217 0.0046 -0.0333 0 0 0 30
0.5217 0.0046 -0.0333 0 0 0 0
0.5000 0.0050 -0.0322 0 0 0 30
0.5652 0.0057 -0.0304 0 0 0 30
0.5217 0.0064 -0.0255 0 0 0 30
0.5217 0.0064 -0.0255 0 0 0 30
0.5217 0.0067 -0.0233 0 0 0 30
0.5217 0.0067 -0.0233 0 0 0 30
0.5217 0.0067 -0.0233 0 0 0 30
0.5217 0.0067 -0.0233 0 0 0 0
0.5435 0.0043 -0.0262 0 0 0 30
0.5435 0.0043 -0.0262 0 0 0 30
0.5870 0.0039 -0.0306 0 0 0 30
0.5870 0.0039 -0.0306 0 0 0 30
0.5435 0.0042 -0.0336 0 0 0 30
0.5435 0.0042 -0.0336 0 0 0 30
0.5217 0.0048 -0.0330 0 0 0 30
0.5217 0.0048 -0.0330 0 0 0 0
0.5000 0.0054 -0.0358 0 0 0 30
0.5435 0.0054 -0.0358 0 0 0 30
0.5435 0.0052 -0.0380 0 0 0 30
0.5000 0.0052 -0.0380 0 0 0 30
0.5435 0.0050 -0.0383 0 0 0 30
0.5435 0.0050 -0.0383 0 0 0 30
0.5870 0.0051 -0.0473 0 0 0 30
0.5870 0.0051 -0.0473 0 0 0 30
0.5435 0.0052 -0.0512 0 0 0 0
0.5435 0.0049 -0.0322 0 0 0 30
0.5652 0.0051 -0.0306 0 0 0 30
0.5652 0.0060 -0.0297 0 0 0 30
0.5217 0.0060 -0.0297 0 0 0 30
0.5217 0.0060 -0.0297 0 0 0 30
0.5217 0.0069 -0.0312 0 0 0 30
0.5217 0.0069 -0.0312 0 0 0 30
0.5000 0.0079 -0.0276 0 0 0 30
0.5000 0.0079 -0.0276 0 0 0 30
0.4783 0.0089 -0.0263 0 0 0 0
0.5217 0.0082 -0.0274 0 0 0 30
0.5000 0.0082 -0.0274 0 0 0 30
0.5000 0.0082 -0.0303 0 0 0 0
0.5435 0.0055 -0.0200 0 0 0 30
0.5217 0.0040 -0.0212 0 0 0 30
0.5217 0.0040 -0.0212 0 0 0 30
0.6304 0.0037 -0.0194 0 0 0 30
0.4783 0.0037 -0.0175 0 0 0 30
0.4783 0.0037 -0.0175 0 0 0 30
0.6087 0.0053 -0.0135 0 0 0 30
0.6087 0.0053 -0.0135 0 0 0 30
0.5652 0.0064 -0.0114 0 0 0 30
0.5652 0.0064 -0.0114 0 0 0 0
0.5652 0.0126 0.0027 0 0 0 30
0.5652 0.0126 0.0027 0 0 0 30
0.5652 0.0126 0.0027 0 0 0 30
0.5435 0.0125 0.0044 0 0 0 30
0.5435 0.0125 0.0044 0 0 0 30
0.5435 0.0117 0.0031 0 0 0 30
0.5652 0.0117 0.0031 0 0 0 30
0.5217 0.0091 0.0024 0 0 0 0
0.5435 0.0093 0.0231 30 0 0 0
0.5217 0.0093 0.0231 30 0 0 0
0.5217 0.0096 0.0243 30 0 0 0
0.4565 0.0096 0.0243 30 0 0 0
0.4565 0.0096 0.0243 30 0 0 0
0.5435 0.0112 0.0204 30 0 0 0
0.5435 0.0112 0.0204 30 0 0 0
0.5000 0.0123 0.0228 30 0 0 0
0.5000 0.0123 0.0228 30 0 0 0
0.5000 0.0121 0.0214 30 0 0 0
0.5217 0.0121 0.0214 30 0 0 0
0.5217 0.0119 0.0195 30 0 0 0
0.5217 0.0119 0.0195 30 0 0 0
0.5217 0.0119 0.0195 30 0 0 0
0.5217 0.0119 0.0195 30 0 0 0
0.5435 0.0117 0.0203 30 0 0 0
0.5435 0.0117 0.0203 30 0 0 0
0.5435 0.0117 0.0203 30 0 0 0
0.5435 0.0117 0.0203 30 0 0 0
0.5435 0.0117 0.0203 30 0 0 0
0.5435 0.0117 0.0203 30 0 0 0
0.5435 0.0117 0.0203 30 0 0 0
0.5217 0.0116 0.0195 30 0 0 0
0.5217 0.0116 0.0195 30 0 0 0
0.5217 0.0116 0.0195 30 0 0 0
0.5217 0.0116 0.0195 30 0 0 0
0.5217 0.0116 0.0195 30 0 0 0
0.5217 0.0116 0.0195 30 0 0 0
0.5000 0.0116 0.0184 30 0 0 0
0.5000 0.0116 0.0184 30 0 0 0
0.5000 0.0116 0.0184 30 0 0 0
0.5000 0.0116 0.0184 30 0 0 0
0.5000 0.0116 0.0184 30 0 0 0
0.5000 0.0116 0.0184 30 0 0 0
0.5000 0.0116 0.0184 30 0 0 0
0.4348 0.0115 0.0215 30 0 0 0
0.4348 0.0115 0.0215 30 0 0 0
0.4348 0.0115 0.0215 30 0 0 0
0.4348 0.0115 0.0215 30 0 0 0
0.4348 0.0115 0.0215 30 0 0 0
0.4348 0.0115 0.0215 30 0 0 0
0.4348 0.0115 0.0215 30 0 0 0
0.4348 0.0115 0.0215 30 0 0 0
0.4348 0.0115 0.0215 30 0 0 0
0.4783 0.0116 0.0244 30 0 0 0
0.4783 0.0116 0.0244 30 0 0 0
0.4783 0.0116 0.0244 30 0 0 0
0.4783 0.0116 0.0244 30 0 0 0
0.4783 0.0116 0.0244 30 0 0 0
0.4783 0.0116 0.0244 30 0 0 0
0.4783 0.0116 0.0244 30 0 0 0
0.5000 0.0116 0.0265 30 0 0 0
0.5000 0.0116 0.0265 30 0 0 0
0.5000 0.0116 0.0265 30 0 0 0
0.5000 0.0116 0.0265 30 0 0 0
0.5000 0.0116 0.0265 30 0 0 0
0.5000 0.0116 0.0265 30 0 0 0
0.5000 0.0116 0.0265 30 0 0 0
0.5652 0.0117 0.0275 30 0 0 0
0.5652 0.0117 0.0275 30 0 0 0
0.5652 0.0117 0.0275 30 0 0 0
0.5652 0.0117 0.0275 30 0 0 0
0.5652 0.0117 0.0275 30 0 0 0
0.5652 0.0117 0.0275 30 0 0 0
0.5652 0.0117 0.0275 30 0 0 0
0.5652 0.0117 0.0275 30 0 0 0
0.5652 0.0116 0.0279 30 0 0 0
0.5652 0.0116 0.0279 30 0 0 0
0.5652 0.0116 0.0279 30 0 0 0
0.5652 0.0116 0.0279 30 0 0 0
0.5435 0.0113 0.0290 30 0 0 0
0.5435 0.0113 0.0290 30 0 0 0
0.5435 0.0113 0.0290 30 0 0 0
0.5435 0.0113 0.0290 30 0 0 0
0.5435 0.0113 0.0290 30 0 0 0
0.5435 0.0113 0.0290 30 0 0 0
0.5435 0.0113 0.0274 30 0 0 0
0.6304 0.0113 0.0274 30 0 0 0
0.6304 0.0113 0.0274 30 0 0 0
0.6304 0.0113 0.0274 30 0 0 0
0.6304 0.0113 0.0274 30 0 0 0
0.6304 0.0113 0.0274 30 0 0 0
0.6304 0.0113 0.0274 30 0 0 0
0.5435 0.0115 0.0235 30 0 0 0
0.5435 0.0115 0.0235 30 0 0 0
0.5435 0.0115 0.0235 30 0 0 0
0.5435 0.0115 0.0235 30 0 0 0
0.5435 0.0115 0.0235 30 0 0 0
0.5435 0.0115 0.0235 30 0 0 0
0.5435 0.0115 0.0235 30 0 0 0
0.5435 0.0115 0.0235 30 0 0 0
0.5435 0.0120 0.0178 30 0 0 0
0.5435 0.0120 0.0178 30 0 0 0
0.5435 0.0120 0.0178 30 0 0 0
0.5435 0.0120 0.0178 30 0 0 0
0.5435 0.0120 0.0178 30 0 0 0
0.5435 0.0120 0.0178 30 0 0 0
0.5870 0.0123 0.0168 30 0 0 0
0.5870 0.0123 0.0168 30 0 0 0
0.5870 0.0123 0.0168 30 0 0 0
0.5870 0.0123 0.0168 30 0 0 0
0.5870 0.0123 0.0168 30 0 0 0
0.5870 0.0123 0.0168 30 0 0 0
0.5870 0.0123 0.0168 30 0 0 0
0.5870 0.0123 0.0168 30 0 0 0
0.5217 0.0125 0.0182 30 0 0 0
0.5217 0.0125 0.0182 30 0 0 0
0.5217 0.0125 0.0182 30 0 0 0
0.5217 0.0125 0.0182 30 0 0 0
0.5217 0.0125 0.0182 30 0 0 0
0.5217 0.0125 0.0182 30 0 0 0
0.5217 0.0125 0.0182 30 0 0 0
0.5652 0.0127 0.0187 30 0 0 0
0.5652 0.0127 0.0187 30 0 0 0
0.5652 0.0127 0.0187 30 0 0 0
0.5652 0.0127 0.0187 30 0 0 0
0.5652 0.0127 0.0187 30 0 0 0
0.5652 0.0128 0.0188 30 0 0 0
0.5000 0.0128 0.0188 30 0 0 0
0.5000 0.0128 0.0188 30 0 0 0
0.5000 0.0128 0.0188 30 0 0 0
0.5000 0.0128 0.0188 30 0 0 0
0.5000 0.0128 0.0188 30 0 0 0
0.5000 0.0128 0.0188 30 0 0 0
0.5000 0.0128 0.0188 30 0 0 0
0.5000 0.0130 0.0244 30 0 0 0
0.5652 0.0130 0.0244 30 0 0 0
0.5652 0.0130 0.0244 30 0 0 0
0.5652 0.0130 0.0244 30 0 0 0
0.5652 0.0130 0.0244 30 0 0 0
0.5652 0.0130 0.0244 30 0 0 0
0.5652 0.0131 0.0255 30 0 0 0
0.4783 0.0131 0.0255 30 0 0 0
0.4783 0.0131 0.0255 30 0 0 0
0.4783 0.0131 0.0255 30 0 0 0
0.4783 0.0131 0.0255 30 0 0 0
0.4783 0.0131 0.0255 30 0 0 0
0.4783 0.0131 0.0255 30 0 0 0
0.5000 0.0135 0.0248 30 0 0 0
0.5000 0.0135 0.0248 30 0 0 0
0.5000 0.0135 0.0248 30 0 0 0
0.5000 0.0135 0.0248 30 0 0 0
0.5000 0.0135 0.0248 30 0 0 0
0.5000 0.0135 0.0248 30 0 0 0
0.5000 0.0135 0.0248 30 0 0 0
0.5000 0.0135 0.0248 30 0 0 0
0.5000 0.0135 0.0248 30 0 0 0
0.5000 0.0135 0.0248 30 0 0 0
0.5000 0.0135 0.0248 30 0 0 0
0.5000 0.0135 0.0248 30 0 0 0
0.5000 0.0135 0.0248 30 0 0 0
0.5000 0.0135 0.0248 30 0 0 0
0.5000 0.0135 0.0248 30 0 0 0
0.5000 0.0135 0.0248 30 0 0 0
0.5000 0.0135 0.0248 30 0 0 0
0.5000 0.0135 0.0248 30 0 0 0
0.5000 0.0135 0.0248 30 0 0 0
0.5000 0.0135 0.0248 30 0 0 0
0.5435 0.0144 0.0297 30 0 0 0
0.5435 0.0144 0.0297 30 0 0 0
0.6087 0.0152 0.0316 30 0 0 0
0.6087 0.0152 0.0316 30 0 0 0
0.4783 0.0159 0.0304 30 0 0 0
0.4783 0.0159 0.0304 30 0 0 0
0.4783 0.0159 0.0304 30 0 0 0
0.4783 0.0161 0.0322 30 0 0 0
0.5217 0.0161 0.0322 30 0 0 0
0.5217 0.0161 0.0322 30 0 0 0
0.5217 0.0161 0.0322 30 0 0 0
0.5217 0.0161 0.0322 30 0 0 0
0.5217 0.0161 0.0322 30 0 0 0
0.5217 0.0161 0.0322 30 0 0 0
0.5217 0.0164 0.0327 30 0 0 0
0.5217 0.0164 0.0327 30 0 0 0
0.5217 0.0164 0.0327 30 0 0 0
0.5217 0.0164 0.0327 30 0 0 0
0.5217 0.0164 0.0327 30 0 0 0
0.5217 0.0164 0.0327 30 0 0 0
0.5217 0.0164 0.0327 30 0 0 0
0.5217 0.0164 0.0327 30 0 0 0
0.5217 0.0164 0.0327 30 0 0 0
0.5000 0.0172 0.0309 30 0 0 0
0.5000 0.0172 0.0309 30 0 0 0
0.5000 0.0172 0.0309 30 0 0 0
0.5000 0.0172 0.0309 30 0 0 0
0.5000 0.0172 0.0309 30 0 0 0
0.5000 0.0172 0.0309 30 0 0 0
0.5217 0.0179 0.0349 30 0 0 0
0.5217 0.0179 0.0349 30 0 0 0
0.5217 0.0179 0.0349 30 0 0 0
0.5217 0.0179 0.0349 30 0 0 0
0.5217 0.0179 0.0349 30 0 0 0
0.5217 0.0179 0.0349 30 0 0 0
0.5217 0.0182 0.0363 30 0 0 0
0.5217 0.0182 0.0363 30 0 0 0
0.5217 0.0182 0.0363 30 0 0 0
0.5217 0.0182 0.0363 30 0 0 0
0.5217 0.0182 0.0363 30 0 0 0
0.5217 0.0182 0.0363 30 0 0 0
0.5217 0.0182 0.0363 30 0 0 0
0.4783 0.0180 0.0355 30 0 0 0
0.4783 0.0180 0.0355 30 0 0 0
0.4783 0.0180 0.0355 30 0 0 0
0.4783 0.0180 0.0355 30 0 0 0
0.4783 0.0180 0.0355 30 0 0 0
0.4783 0.0180 0.0355 30 0 0 0
0.4783 0.0180 0.0355 30 0 0 0
0.5217 0.0172 0.0351 30 0 0 0
0.5217 0.0172 0.0351 30 0 0 0
0.5217 0.0172 0.0351 30 0 0 0
0.5217 0.0172 0.0351 30 0 0 0
0.5217 0.0172 0.0351 30 0 0 0
0.5217 0.0172 0.0351 30 0 0 0
0.5000 0.0166 0.0345 30 0 0 0
0.5000 0.0166 0.0345 30 0 0 0
0.5000 0.0166 0.0345 30 0 0 0
0.5000 0.0166 0.0345 30 0 0 0
0.5000 0.0166 0.0345 30 0 0 0
0.5000 0.0166 0.0345 30 0 0 0
0.5000 0.0166 0.0345 30 0 0 0
0.5000 0.0166 0.0345 30 0 0 0
0.5000 0.0166 0.0345 30 0 0 0
0.5000 0.0159 0.0309 30 0 0 0
0.4783 0.0159 0.0309 30 0 0 0
0.4783 0.0159 0.0309 30 0 0 0
0.4783 0.0159 0.0309 30 0 0 0
0.4783 0.0159 0.0309 30 0 0 0
0.4783 0.0159 0.0309 30 0 0 0
0.4783 0.0159 0.0309 30 0 0 0
0.5000 0.0155 0.0294 30 0 0 0
0.5000 0.0155 0.0294 30 0 0 0
0.5000 0.0155 0.0294 30 0 0 0
0.5000 0.0155 0.0294 30 0 0 0
0.5000 0.0155 0.0294 30 0 0 0
0.5000 0.0155 0.0294 30 0 0 0
0.5000 0.0155 0.0293 30 0 0 0
0.5435 0.0155 0.0293 30 0 0 0
0.5435 0.0155 0.0293 30 0 0 0
0.5435 0.0155 0.0293 30 0 0 0
0.5435 0.0155 0.0293 30 0 0 0
0.5435 0.0155 0.0293 30 0 0 0
0.5435 0.0155 0.0293 30 0 0 0
0.5435 0.0155 0.0293 30 0 0 0
0.5435 0.0155 0.0293 30 0 0 0
0.5652 0.0155 0.5830 30 0 0 0
0.5652 0.0155 0.5830 30 0 0 0
0.5652 0.0155 0.5830 30 0 0 0
0.5652 0.0155 0.5830 30 0 0 0
0.5652 0.0155 0.5830 30 0 0 0
0.5652 0.0155 0.5830 30 0 0 0
0.5435 0.0158 0.5831 30 0 0 0
0.5435 0.0158 0.5831 30 0 0 0
0.5435 0.0158 0.5831 30 0 0 0
0.5435 0.0158 0.5831 30 0 0 0
0.5435 0.0158 0.5831 30 0 0 0
0.5435 0.0158 0.5831 30 0 0 0
0.5435 0.0161 0.5833 30 0 0 0
0.5217 0.0161 0.5833 30 0 0 0
0.5217 0.0161 0.5833 30 0 0 0
0.5217 0.0161 0.5833 30 0 0 0
0.5217 0.0161 0.5833 30 0 0 0
0.5217 0.0161 0.5833 30 0 0 0
0.5217 0.0161 0.5833 30 0 0 0
0.5217 0.0161 0.5833 30 0 0 0
0.5652 0.0163 0.5854 30 0 0 0
0.5652 0.0163 0.5854 30 0 0 0
0.5652 0.0163 0.5854 30 0 0 0
0.5652 0.0163 0.5854 30 0 0 0
0.5652 0.0163 0.5854 30 0 0 0
0.5652 0.0163 0.5854 30 0 0 0
0.5870 0.0162 0.5867 30 0 0 0
0.5870 0.0162 0.5867 30 0 0 0
0.5870 0.0162 0.5867 30 0 0 0
0.5870 0.0162 0.5867 30 0 0 0
0.5870 0.0162 0.5867 30 0 0 0
0.5870 0.0162 0.5867 30 0 0 0
0.5870 0.0162 0.5867 30 0 0 0
0.5435 0.0159 0.5870 30 0 0 0
0.5435 0.0159 0.5870 30 0 0 0
0.5435 0.0159 0.5870 30 0 0 0
0.5435 0.0159 0.5870 30 0 0 0
0.5435 0.0159 0.5870 30 0 0 0
0.5435 0.0159 0.5870 30 0 0 0
0.5435 0.0159 0.5870 30 0 0 0
0.5435 0.0159 0.5870 30 0 0 0
0.5435 0.0159 0.5870 30 0 0 0
0.5435 0.0148 0.5873 30 0 0 0
0.5435 0.0148 0.5873 30 0 0 0
0.5435 0.0148 0.5873 30 0 0 0
0.5435 0.0148 0.5873 30 0 0 0
0.5435 0.0148 0.5873 30 0 0 0
0.5435 0.0142 0.5901 30 0 0 0
0.5435 0.0142 0.5901 30 0 0 0
0.5435 0.0142 0.5901 30 0 0 0
0.5435 0.0142 0.5901 30 0 0 0
0.5435 0.0142 0.5901 30 0 0 0
0.5435 0.0142 0.5901 30 0 0 0
0.5435 0.0138 0.5903 30 0 0 0
0.5652 0.0138 0.5903 30 0 0 0
0.5652 0.0138 0.5903 30 0 0 0
0.5652 0.0138 0.5903 30 0 0 0
0.5652 0.0138 0.5903 30 0 0 0
0.5652 0.0138 0.5903 30 0 0 0
0.5652 0.0138 0.5903 30 0 0 0
0.5652 0.0138 0.5903 30 0 0 0
0.5652 0.0137 0.5875 30 0 0 0
0.5870 0.0137 0.5875 30 0 0 0
0.5870 0.0137 0.5875 30 0 0 0
0.5870 0.0137 0.5875 30 0 0 0
0.5870 0.0137 0.5875 30 0 0 0
0.5870 0.0137 0.5875 30 0 0 0
0.5870 0.0138 0.5877 30 0 0 0
0.5870 0.0138 0.5877 30 0 0 0
0.5870 0.0138 0.5877 30 0 0 0
0.5870 0.0138 0.5877 30 0 0 0
0.5870 0.0138 0.5877 30 0 0 0
0.5870 0.0138 0.5877 30 0 0 0
0.5870 0.0138 0.5877 30 0 0 0
0.5870 0.0142 0.5841 30 0 0 0
0.6087 0.0142 0.5841 30 0 0 0
0.6087 0.0142 0.5841 30 0 0 0
0.6087 0.0142 0.5841 30 0 0 0
0.6087 0.0142 0.5841 30 0 0 0
0.6087 0.0142 0.5841 30 0 0 0
0.6087 0.0142 0.5841 30 0 0 0
0.6087 0.0142 0.5841 30 0 0 0
0.6087 0.0150 0.5805 30 0 0 0
0.6087 0.0150 0.5805 30 0 0 0
0.6087 0.0150 0.5805 30 0 0 0
0.6087 0.0150 0.5805 30 0 0 0
0.6087 0.0150 0.5805 30 0 0 0
0.6087 0.0150 0.5805 30 0 0 0
0.6087 0.0156 0.5804 30 0 0 0
0.5000 0.0156 0.5804 30 0 0 0
0.5000 0.0156 0.5804 30 0 0 0
0.5000 0.0156 0.5804 30 0 0 0
0.5000 0.0156 0.5804 30 0 0 0
0.5000 0.0156 0.5804 30 0 0 0
0.5000 0.0162 0.5798 30 0 0 0
0.5870 0.0162 0.5798 30 0 0 0
0.5870 0.0162 0.5798 30 0 0 0
0.5870 0.0162 0.5798 30 0 0 0
0.5870 0.0162 0.5798 30 0 0 0
0.5870 0.0162 0.5798 30 0 0 0
0.5870 0.0162 0.5798 30 0 0 0
0.5870 0.0162 0.5798 30 0 0 0
0.5870 0.0162 0.5798 30 0 0 0
0.5870 0.0163 0.5763 30 0 0 0
0.5217 0.0163 0.5763 30 0 0 0
0.5217 0.0163 0.5763 30 0 0 0
0.5217 0.0163 0.5763 30 0 0 0
0.5217 0.0163 0.5763 30 0 0 0
0.5217 0.0163 0.5763 30 0 0 0
0.5217 0.0163 0.5763 30 0 0 0
0.6087 0.0159 0.5773 30 0 0 0
0.6087 0.0159 0.5773 30 0 0 0
0.6087 0.0159 0.5773 30 0 0 0
0.6087 0.0159 0.5773 30 0 0 0
0.6304 0.0155 0.5738 30 0 0 0
0.6304 0.0155 0.5738 30 0 0 0
0.6304 0.0155 0.5738 30 0 0 0
0.6304 0.0155 0.5738 30 0 0 0
0.6304 0.0155 0.5738 30 0 0 0
0.6304 0.0155 0.5738 30 0 0 0
0.6304 0.0155 0.5738 30 0 0 0
0.6304 0.0155 0.5738 30 0 0 0
0.6304 0.0155 0.5738 30 0 0 0
0.6304 0.0148 0.5733 30 0 0 0
0.5000 0.0148 0.5733 30 0 0 0
0.5000 0.0148 0.5733 30 0 0 0
0.5000 0.0148 0.5733 30 0 0 0
0.5000 0.0148 0.5733 30 0 0 0
0.5000 0.0148 0.5733 30 0 0 0
0.5435 0.0144 0.5724 30 0 0 0
0.5435 0.0144 0.5724 30 0 0 0
0.5435 0.0144 0.5724 30 0 0 0
0.5435 0.0144 0.5724 30 0 0 0
0.5435 0.0144 0.5724 30 0 0 0
0.5435 0.0142 0.5686 30 0 0 0
0.5435 0.0142 0.5686 30 0 0 0
0.5435 0.0142 0.5686 30 0 0 0
0.5435 0.0142 0.5686 30 0 0 0
0.5435 0.0142 0.5686 30 0 0 0
0.5435 0.0142 0.5686 30 0 0 0
0.5435 0.0142 0.5686 30 0 0 0
0.5435 0.0142 0.5686 30 0 0 0
0.5435 0.0142 0.5686 30 0 0 0
0.5435 0.0142 0.5686 30 0 0 0
0.5435 0.0142 0.5686 30 0 0 0
0.5435 0.0142 0.5686 30 0 0 0
0.5435 0.0142 0.5686 30 0 0 0
0.5435 0.0142 0.5686 30 0 0 0
0.5435 0.0142 0.5686 30 0 0 0
0.5435 0.0142 0.5686 30 0 0 0
0.5435 0.0142 0.5686 30 0 0 0
0.5435 0.0142 0.5686 30 0 0 0
0.5435 0.0142 0.5686 30 0 0 0
0.5435 0.0142 0.5686 30 0 0 0
0.5435 0.0142 0.5686 30 0 0 0
0.5435 0.0142 0.5686 30 0 0 0
0.5435 0.0138 0.5713 30 0 0 0
0.4783 0.0138 0.5713 30 0 0 0
0.5435 0.0140 0.5735 30 0 0 0
0.5435 0.0140 0.5735 30 0 0 0
0.5652 0.0141 0.0215 30 0 0 0
0.5652 0.0141 0.0215 30 0 0 0
0.5652 0.0141 0.0215 30 0 0 0
0.5652 0.0141 0.0215 30 0 0 0
0.5435 0.0143 0.0175 30 0 0 0
0.5435 0.0143 0.0175 30 0 0 0
0.5435 0.0143 0.0175 30 0 0 0
0.5435 0.0143 0.0175 30 0 0 0
0.5435 0.0143 0.0175 30 0 0 0
0.5435 0.0143 0.0175 30 0 0 0
0.5870 0.0143 0.0171 30 0 0 0
0.5870 0.0143 0.0171 30 0 0 0
0.5870 0.0143 0.0171 30 0 0 0
0.5870 0.0143 0.0171 30 0 0 0
0.5870 0.0143 0.0171 30 0 0 0
0.5870 0.0143 0.0171 30 0 0 0
0.5870 0.0143 0.0171 30 0 0 0
0.5652 0.0142 0.0122 30 0 0 0
0.5652 0.0142 0.0122 30 0 0 0
0.5652 0.0142 0.0122 30 0 0 0
0.5652 0.0142 0.0122 30 0 0 0
0.5652 0.0142 0.0122 30 0 0 0
0.5652 0.0142 0.0122 30 0 0 0
0.5652 0.0142 0.0122 30 0 0 0
0.5870 0.0138 0.0115 30 0 0 0
0.5870 0.0138 0.0115 30 0 0 0
0.5870 0.0138 0.0115 30 0 0 0
0.5870 0.0138 0.0115 30 0 0 0
0.5870 0.0138 0.0115 30 0 0 0
0.5870 0.0138 0.0115 30 0 0 0
0.4783 0.0136 0.0066 30 0 0 0
0.4783 0.0136 0.0066 30 0 0 0
0.4783 0.0136 0.0066 30 0 0 0
0.4783 0.0136 0.0066 30 0 0 0
0.4783 0.0136 0.0066 30 0 0 0
0.4783 0.0136 0.0066 30 0 0 0
0.4783 0.0136 0.0066 30 0 0 0
0.5217 0.0132 0.0088 30 0 0 0
0.5217 0.0132 0.0088 30 0 0 0
0.5217 0.0132 0.0088 30 0 0 0
0.5217 0.0132 0.0088 30 0 0 0
0.5217 0.0132 0.0088 30 0 0 0
0.5217 0.0132 0.0088 30 0 0 0
0.5217 0.0132 0.0088 30 0 0 0
0.5217 0.0132 0.0088 30 0 0 0
0.5652 0.0127 0.0085 30 0 0 0
0.5652 0.0127 0.0085 30 0 0 0
0.5652 0.0127 0.0085 30 0 0 0
0.5652 0.0127 0.0085 30 0 0 0
0.5652 0.0127 0.0085 30 0 0 0
0.5652 0.0121 0.0090 30 0 0 0
0.5435 0.0121 0.0090 30 0 0 0
0.5435 0.0121 0.0090 30 0 0 0
0.5435 0.0121 0.0090 30 0 0 0
0.5435 0.0121 0.0090 30 0 0 0
0.5435 0.0121 0.0090 30 0 0 0
0.5217 0.0118 0.0091 30 0 0 0
0.5217 0.0118 0.0091 30 0 0 0
0.5217 0.0118 0.0091 30 0 0 0
0.5217 0.0118 0.0091 30 0 0 0
0.5217 0.0118 0.0091 30 0 0 0
0.5217 0.0118 0.0091 30 0 0 0
0.5217 0.0118 0.0091 30 0 0 0
0.5217 0.0118 0.0091 30 0 0 0
0.5217 0.0118 0.0091 30 0 0 0
0.5217 0.0117 0.0126 30 0 0 0
0.5217 0.0117 0.0126 30 0 0 0
0.5217 0.0117 0.0126 30 0 0 0
0.5217 0.0117 0.0126 30 0 0 0
0.5217 0.0117 0.0126 30 0 0 0
0.5217 0.0117 0.0126 30 0 0 0
0.5217 0.0120 0.0125 30 0 0 0
0.5870 0.0120 0.0125 30 0 0 0
0.5870 0.0120 0.0125 30 0 0 0
0.5870 0.0120 0.0125 30 0 0 0
0.5870 0.0120 0.0125 30 0 0 0
0.5870 0.0120 0.0125 30 0 0 0
0.5870 0.0124 0.0137 30 0 0 0
0.5435 0.0124 0.0137 30 0 0 0
0.5435 0.0124 0.0137 30 0 0 0
0.5435 0.0124 0.0137 30 0 0 0
0.5435 0.0124 0.0137 30 0 0 0
0.5435 0.0124 0.0137 30 0 0 0
0.5435 0.0124 0.0137 30 0 0 0
0.5435 0.0124 0.0137 30 0 0 0
0.5435 0.0124 0.0137 30 0 0 0
0.5435 0.0124 0.0137 30 0 0 0
0.5435 0.0124 0.0137 30 0 0 0
0.5435 0.0124 0.0137 30 0 0 0
0.5435 0.0124 0.0137 30 0 0 0
0.5435 0.0124 0.0137 30 0 0 0
0.6304 0.0132 0.0144 30 0 0 0
0.6304 0.0132 0.0144 30 0 0 0
0.6304 0.0132 0.0144 30 0 0 0
0.6304 0.0132 0.0144 30 0 0 0
0.6304 0.0132 0.0144 30 0 0 0
0.6304 0.0132 0.0144 30 0 0 0
0.6304 0.0132 0.0144 30 0 0 0
0.6304 0.0132 0.0144 30 0 0 0
0.6304 0.0132 0.0144 30 0 0 0
0.5000 0.0134 0.0135 30 0 0 0
0.5000 0.0134 0.0135 30 0 0 0
0.5000 0.0135 0.0113 30 0 0 0
0.5217 0.0135 0.0113 30 0 0 0
0.5217 0.0135 0.0113 30 0 0 0
0.5217 0.0135 0.0113 30 0 0 0
0.5652 0.0132 0.0136 30 0 0 0
0.5652 0.0132 0.0136 30 0 0 0
0.5652 0.0132 0.0136 30 0 0 0
0.5652 0.0132 0.0136 30 0 0 0
0.5652 0.0132 0.0136 30 0 0 0
0.5652 0.0132 0.0136 30 0 0 0
0.5652 0.0131 0.0153 30 0 0 0
0.5652 0.0131 0.0153 30 0 0 0
0.5652 0.0131 0.0153 30 0 0 0
0.5652 0.0131 0.0153 30 0 0 0
0.5652 0.0131 0.0153 30 0 0 0
0.5652 0.0131 0.0153 30 0 0 0
0.5435 0.0130 0.0132 30 0 0 0
0.5435 0.0130 0.0132 30 0 0 0
0.5435 0.0130 0.0132 30 0 0 0
0.5435 0.0130 0.0132 30 0 0 0
0.5435 0.0130 0.0132 30 0 0 0
0.5435 0.0130 0.0132 30 0 0 0
0.5435 0.0130 0.0132 30 0 0 0
0.5435 0.0130 0.0132 30 0 0 0
0.5435 0.0130 0.0132 30 0 0 0
0.5435 0.0126 0.0148 30 0 0 0
0.5435 0.0126 0.0148 30 0 0 0
0.5435 0.0126 0.0148 30 0 0 0
0.5435 0.0126 0.0148 30 0 0 0
0.5435 0.0126 0.0148 30 0 0 0
0.5435 0.0126 0.0148 30 0 0 0
0.5435 0.0126 0.0140 30 0 0 0
0.6087 0.0126 0.0140 30 0 0 0
0.6087 0.0126 0.0140 30 0 0 0
0.6087 0.0126 0.0140 30 0 0 0
0.6087 0.0126 0.0140 30 0 0 0
0.6087 0.0126 0.0140 30 0 0 0
0.6087 0.0126 0.0140 0 0 0 0
0.5217 0.0143 0.0155 0 -30 0 0
0.6087 0.0144 0.0193 0 -30 0 0
0.6087 0.0137 0.0210 0 -30 0 0
0.5652 0.0137 0.0210 0 -30 0 0
0.5435 0.0122 0.0246 0 -30 0 0
0.5435 0.0122 0.0246 0 -30 0 0
0.5435 0.0099 0.0261 0 -30 0 0
0.5435 0.0099 0.0261 0 -30 0 0
0.5870 0.0095 0.0264 0 -30 0 0
0.5870 0.0095 0.0264 0 -30 0 0
0.4783 0.0103 0.0240 0 -30 0 0
0.4783 0.0103 0.0240 0 -30 0 0
0.4783 0.0103 0.0240 0 -30 0 0
0.4783 0.0103 0.0240 0 -30 0 0
0.4783 0.0103 0.0240 0 -30 0 0
0.4783 0.0103 0.0240 0 -30 0 0
0.4783 0.0103 0.0240 0 -30 0 0
0.4783 0.0103 0.0240 0 -30 0 0
0.4783 0.0117 0.0243 0 -30 0 0
0.4783 0.0117 0.0243 0 -30 0 0
0.4783 0.0117 0.0243 0 -30 0 0
0.4783 0.0117 0.0243 0 -30 0 0
0.4783 0.0117 0.0243 0 -30 0 0
0.4783 0.0117 0.0243 0 -30 0 0
0.4783 0.0117 0.0243 0 -30 0 0
0.5435 0.0126 0.0226 0 -30 0 0
0.5435 0.0126 0.0226 0 -30 0 0
0.5435 0.0126 0.0226 0 -30 0 0
0.5435 0.0126 0.0226 0 -30 0 0
0.5435 0.0126 0.0226 0 -30 0 0
0.5435 0.0126 0.0226 0 -30 0 0
0.5435 0.0126 0.0232 0 -30 0 0
0.5652 0.0126 0.0232 0 -30 0 0
0.5652 0.0126 0.0232 0 -30 0 0
0.5652 0.0126 0.0232 0 -30 0 0
0.5652 0.0126 0.0232 0 -30 0 0
0.5652 0.0126 0.0232 0 -30 0 0
0.5652 0.0126 0.0232 0 -30 0 0
0.5652 0.0126 0.0232 0 -30 0 0
0.5652 0.0114 0.0271 0 -30 0 0
0.5000 0.0114 0.0271 0 -30 0 0
0.5000 0.0114 0.0271 0 -30 0 0
0.5000 0.0114 0.0271 0 -30 0 0
0.5000 0.0114 0.0271 0 -30 0 0
0.5000 0.0114 0.0271 0 -30 0 0
0.5000 0.0114 0.0271 0 -30 0 0
0.5435 0.0105 0.0273 0 -30 0 0
0.5435 0.0105 0.0273 0 -30 0 0
0.5435 0.0105 0.0273 0 -30 0 0
0.5435 0.0105 0.0273 0 -30 0 0
0.5435 0.0105 0.0273 0 -30 0 0
0.5435 0.0099 0.0292 0 -30 0 0
0.5435 0.0099 0.0292 0 -30 0 0
0.5435 0.0099 0.0292 0 -30 0 0
0.5435 0.0099 0.0292 0 -30 0 0
0.5435 0.0099 0.0292 0 -30 0 0
0.5435 0.0099 0.0292 0 -30 0 0
0.5435 0.0099 0.0292 0 -30 0 0
0.5435 0.0099 0.0292 0 -30 0 0
0.5435 0.0099 0.0292 0 -30 0 0
0.4783 0.0094 0.0290 0 -30 0 0
0.4783 0.0094 0.0290 0 -30 0 0
0.4783 0.0094 0.0290 0 -30 0 0
0.4783 0.0094 0.0290 0 -30 0 0
0.4783 0.0094 0.0290 0 -30 0 0
0.4783 0.0094 0.0290 0 -30 0 0
0.4783 0.0094 0.0290 0 -30 0 0
0.4783 0.0094 0.0290 0 -30 0 0
0.5217 0.0092 0.0291 0 -30 0 0
0.5217 0.0092 0.0291 0 -30 0 0
0.5217 0.0092 0.0291 0 -30 0 0
0.5217 0.0092 0.0291 0 -30 0 0
0.5217 0.0092 0.0291 0 -30 0 0
0.5435 0.0092 0.0295 0 -30 0 0
0.5435 0.0092 0.0295 0 -30 0 0
0.5435 0.0092 0.0295 0 -30 0 0
0.5435 0.0092 0.0295 0 -30 0 0
0.5435 0.0092 0.0295 0 -30 0 0
0.5435 0.0092 0.0295 0 -30 0 0
0.5435 0.0092 0.0295 0 -30 0 0
0.5435 0.0092 0.0295 0 -30 0 0
0.5435 0.0090 0.0324 0 -30 0 0
0.5435 0.0090 0.0324 0 -30 0 0
0.5435 0.0090 0.0324 0 -30 0 0
0.5435 0.0090 0.0324 0 -30 0 0
0.5435 0.0090 0.0324 0 -30 0 0
0.5435 0.0090 0.0324 0 -30 0 0
0.5217 0.0090 0.0326 0 -30 0 0
0.5217 0.0090 0.0326 0 -30 0 0
0.5217 0.0090 0.0326 0 -30 0 0
0.5217 0.0090 0.0326 0 -30 0 0
0.5217 0.0090 0.0326 0 -30 0 0
0.5217 0.0090 0.0313 0 -30 0 0
0.5652 0.0090 0.0313 0 -30 0 0
0.5652 0.0090 0.0313 0 -30 0 0
0.5652 0.0090 0.0313 0 -30 0 0
0.5652 0.0090 0.0313 0 -30 0 0
0.5652 0.0090 0.0313 0 -30 0 0
0.5652 0.0090 0.0313 0 -30 0 0
0.5652 0.0090 0.0313 0 -30 0 0
0.5652 0.0088 0.0304 0 -30 0 0
0.5217 0.0088 0.0304 0 -30 0 0
0.5217 0.0088 0.0304 0 -30 0 0
0.5217 0.0088 0.0304 0 -30 0 0
0.5217 0.0088 0.0304 0 -30 0 0
0.5217 0.0088 0.0304 0 -30 0 0
0.5217 0.0088 0.0304 0 -30 0 0
0.5217 0.0088 0.0304 0 -30 0 0
0.5217 0.0088 0.0304 0 -30 0 0
0.5652 0.0084 0.0304 0 -30 0 0
0.5652 0.0084 0.0304 0 -30 0 0
0.5652 0.0084 0.0304 0 -30 0 0
0.5652 0.0084 0.0304 0 -30 0 0
0.5652 0.0080 0.0312 0 -30 0 0
0.5652 0.0080 0.0312 0 -30 0 0
0.5652 0.0080 0.0312 0 -30 0 0
0.5652 0.0080 0.0312 0 -30 0 0
0.5652 0.0080 0.0312 0 -30 0 0
0.5652 0.0080 0.0312 0 -30 0 0
0.5652 0.0080 0.0312 0 -30 0 0
0.5652 0.0080 0.0312 0 -30 0 0
0.5652 0.0080 0.0312 0 -30 0 0
0.4783 0.0070 0.0313 0 -30 0 0
0.4783 0.0070 0.0313 0 -30 0 0
0.4783 0.0070 0.0313 0 -30 0 0
0.4783 0.0070 0.0313 0 -30 0 0
0.4783 0.0070 0.0313 0 -30 0 0
0.4783 0.0070 0.0313 0 -30 0 0
0.4783 0.0070 0.0313 0 -30 0 0
0.4783 0.0064 0.0335 0 -30 0 0
0.5217 0.0064 0.0335 0 -30 0 0
0.5217 0.0064 0.0335 0 -30 0 0
0.5217 0.0064 0.0335 0 -30 0 0
0.5217 0.0064 0.0335 0 -30 0 0
0.5217 0.0064 0.0335 0 -30 0 0
0.5217 0.0064 0.0335 0 -30 0 0
0.5217 0.0064 0.0335 0 -30 0 0
0.5217 0.0064 0.0335 0 -30 0 0
0.5217 0.0064 0.0335 0 -30 0 0
0.5217 0.0064 0.0335 0 -30 0 0
0.5217 0.0064 0.0335 0 -30 0 0
0.5217 0.0064 0.0335 0 0 0 0
0.5000 0.0057 0.0322 30 0 0 0
0.5217 0.0057 0.0322 30 0 0 0
0.5217 0.0060 0.0325 30 0 0 0
0.5870 0.0060 0.0325 30 0 0 0
0.5652 0.0066 0.0324 30 0 0 0
0.5435 0.0075 0.0325 30 0 0 0
0.5435 0.0075 0.0325 30 0 0 0
0.5217 0.0086 0.0330 30 0 0 0
0.5217 0.0101 0.0326 30 0 0 0
0.5217 0.0101 0.0326 30 0 0 0
0.5217 0.0101 0.0326 30 0 0 0
0.5217 0.0101 0.0326 30 0 0 0
0.5217 0.0101 0.0326 30 0 0 0
0.5217 0.0101 0.0326 30 0 0 0
0.5217 0.0101 0.0326 30 0 0 0
0.5217 0.0101 0.0326 30 0 0 0
0.4565 0.0122 0.0322 30 0 0 0
0.4565 0.0122 0.0322 30 0 0 0
0.4565 0.0122 0.0322 30 0 0 0
0.4565 0.0122 0.0322 30 0 0 0
0.4565 0.0122 0.0322 30 0 0 0
0.4565 0.0122 0.0322 30 0 0 0
0.4565 0.0122 0.0322 30 0 0 0
0.4565 0.0135 0.0317 30 0 0 0
0.5217 0.0135 0.0317 30 0 0 0
0.5217 0.0135 0.0317 30 0 0 0
0.5217 0.0135 0.0317 30 0 0 0
0.5217 0.0135 0.0317 30 0 0 0
0.5217 0.0135 0.0317 30 0 0 0
0.5000 0.0140 0.0311 30 0 0 0
0.5000 0.0140 0.0311 30 0 0 0
0.5000 0.0140 0.0311 30 0 0 0
0.5000 0.0140 0.0311 30 0 0 0
0.5000 0.0140 0.0311 30 0 0 0
0.5000 0.0140 0.0311 30 0 0 0
0.5000 0.0140 0.0311 30 0 0 0
0.5000 0.0140 0.0311 30 0 0 0
0.5435 0.0134 0.0308 30 0 0 0
0.5435 0.0134 0.0308 30 0 0 0
0.5435 0.0134 0.0308 30 0 0 0
0.5435 0.0134 0.0308 30 0 0 0
0.5435 0.0134 0.0308 30 0 0 0
0.5435 0.0134 0.0308 30 0 0 0
0.5435 0.0134 0.0308 30 0 0 0
0.5000 0.0126 0.0302 30 0 0 0
0.5000 0.0126 0.0302 30 0 0 0
0.5000 0.0126 0.0302 30 0 0 0
0.5000 0.0126 0.0302 30 0 0 0
0.5000 0.0126 0.0302 30 0 0 0
0.4565 0.0120 0.0299 30 0 0 0
0.4565 0.0120 0.0299 30 0 0 0
0.4565 0.0120 0.0299 30 0 0 0
0.4565 0.0120 0.0299 30 0 0 0
0.4565 0.0120 0.0299 30 0 0 0
0.4565 0.0120 0.0299 30 0 0 0
0.4565 0.0120 0.0299 30 0 0 0
0.4565 0.0120 0.0299 30 0 0 0
0.5000 0.0116 0.0301 30 0 0 0
0.5000 0.0116 0.0301 30 0 0 0
0.5000 0.0116 0.0301 30 0 0 0
0.5000 0.0116 0.0301 30 0 0 0
0.5000 0.0116 0.0301 30 0 0 0
0.5000 0.0116 0.0301 30 0 0 0
0.5000 0.0115 0.0298 30 0 0 0
0.4783 0.0115 0.0298 30 0 0 0
0.4783 0.0115 0.0298 30 0 0 0
0.4783 0.0115 0.0298 30 0 0 0
0.4783 0.0115 0.0298 30 0 0 0
0.4783 0.0115 0.0298 30 0 0 0
0.5435 0.0112 0.0299 30 0 0 0
0.5435 0.0112 0.0299 30 0 0 0
0.5435 0.0112 0.0299 30 0 0 0
0.5435 0.0112 0.0299 30 0 0 0
0.5435 0.0112 0.0299 30 0 0 0
0.5435 0.0112 0.0299 30 0 0 0
0.5435 0.0112 0.0299 30 0 0 0
0.5435 0.0112 0.0299 30 0 0 0
0.5435 0.0112 0.0299 30 0 0 0
0.5435 0.0109 0.0301 30 0 0 0
0.5435 0.0109 0.0301 30 0 0 0
0.5435 0.0109 0.0301 30 0 0 0
0.5435 0.0109 0.0301 30 0 0 0
0.5435 0.0109 0.0301 30 0 0 0
0.5435 0.0109 0.0301 30 0 0 0
0.4565 0.0110 0.0295 30 0 0 0
0.4565 0.0110 0.0295 30 0 0 0
0.4565 0.0110 0.0295 30 0 0 0
0.4565 0.0110 0.0295 30 0 0 0
0.4565 0.0110 0.0295 30 0 0 0
0.5652 0.0116 0.0291 30 0 0 0
0.5652 0.0116 0.0291 30 0 0 0
0.5652 0.0116 0.0291 30 0 0 0
0.5652 0.0116 0.0291 30 0 0 0
0.5652 0.0116 0.0291 30 0 0 0
0.5652 0.0116 0.0291 30 0 0 0
0.5652 0.0116 0.0291 30 0 0 0
0.5652 0.0116 0.0291 30 0 0 0
0.5870 0.0127 0.0291 30 0 0 0
0.5870 0.0127 0.0291 30 0 0 0
0.5870 0.0127 0.0291 30 0 0 0
0.5870 0.0127 0.0291 30 0 0 0
0.5870 0.0127 0.0291 30 0 0 0
0.5870 0.0127 0.0291 30 0 0 0
0.5870 0.0139 0.0283 30 0 0 0
0.5217 0.0139 0.0283 30 0 0 0
0.5217 0.0139 0.0283 30 0 0 0
0.5217 0.0139 0.0283 30 0 0 0
0.5217 0.0139 0.0283 30 0 0 0
0.5217 0.0139 0.0283 30 0 0 0
0.5217 0.0149 0.0286 30 0 0 0
0.5435 0.0149 0.0286 30 0 0 0
0.5435 0.0149 0.0286 30 0 0 0
0.5435 0.0149 0.0286 30 0 0 0
0.5435 0.0149 0.0286 30 0 0 0
0.5435 0.0149 0.0286 30 0 0 0
0.5435 0.0149 0.0286 30 0 0 0
0.5435 0.0149 0.0286 30 0 0 0
0.5652 0.0156 0.0299 30 0 0 0
0.5652 0.0156 0.0299 30 0 0 0
0.5652 0.0156 0.0299 30 0 0 0
0.5652 0.0156 0.0299 30 0 0 0
0.5652 0.0156 0.0299 30 0 0 0
0.5652 0.0156 0.0299 30 0 0 0
0.5652 0.0156 0.0299 30 0 0 0
0.5652 0.0157 0.0291 30 0 0 0
0.5652 0.0157 0.0291 30 0 0 0
0.5652 0.0157 0.0291 30 0 0 0
0.5652 0.0157 0.0291 30 0 0 0
0.5652 0.0157 0.0291 30 0 0 0
0.5652 0.0157 0.0291 30 0 0 0
0.5652 0.0157 0.0291 30 0 0 0
0.5652 0.0157 0.0288 30 0 0 0
0.4783 0.0157 0.0288 30 0 0 0
0.4783 0.0157 0.0288 30 0 0 0
0.4783 0.0157 0.0288 30 0 0 0
0.4783 0.0157 0.0288 30 0 0 0
0.4783 0.0157 0.0288 30 0 0 0
0.4783 0.0157 0.0288 30 0 0 0
0.5870 0.0159 0.0287 30 0 0 0
0.5870 0.0159 0.0287 30 0 0 0
0.5870 0.0159 0.0287 30 0 0 0
0.5870 0.0159 0.0287 30 0 0 0
0.5870 0.0159 0.0287 30 0 0 0
0.5870 0.0159 0.0287 30 0 0 0
0.5870 0.0159 0.0287 30 0 0 0
0.5217 0.0161 0.0285 30 0 0 0
0.5217 0.0161 0.0285 30 0 0 0
0.5217 0.0161 0.0285 30 0 0 0
0.5217 0.0161 0.0285 30 0 0 0
0.5217 0.0161 0.0285 30 0 0 0
0.5217 0.0161 0.0285 30 0 0 0
0.5217 0.0161 0.0285 30 0 0 0
0.5217 0.0163 0.0290 30 0 0 0
0.5217 0.0163 0.0290 30 0 0 0
0.5217 0.0163 0.0290 30 0 0 0
0.5217 0.0163 0.0290 30 0 0 0
0.5217 0.0163 0.0290 30 0 0 0
0.5000 0.0164 0.0294 30 0 0 0
0.5000 0.0164 0.0294 30 0 0 0
0.5000 0.0164 0.0294 30 0 0 0
0.5000 0.0164 0.0294 30 0 0 0
0.5000 0.0164 0.0294 30 0 0 0
0.5000 0.0164 0.0294 30 0 0 0
0.5000 0.0164 0.0294 30 0 0 0
0.5435 0.0164 0.0291 30 0 0 0
0.5435 0.0164 0.0291 30 0 0 0
0.5435 0.0164 0.0291 30 0 0 0
0.5435 0.0164 0.0291 30 0 0 0
0.5435 0.0164 0.0291 30 0 0 0
0.5435 0.0164 0.0291 30 0 0 0
0.5435 0.0164 0.0291 30 0 0 0
0.5217 0.0162 0.0306 30 0 0 0
0.5217 0.0162 0.0306 30 0 0 0
0.5217 0.0162 0.0306 30 0 0 0
0.5217 0.0162 0.0306 30 0 0 0
0.5217 0.0162 0.0306 30 0 0 0
0.5217 0.0162 0.0306 30 0 0 0
0.5217 0.0162 0.0306 30 0 0 0
0.5652 0.0159 0.0319 30 0 0 0
0.5652 0.0159 0.0319 30 0 0 0
0.5652 0.0159 0.0319 30 0 0 0
0.5652 0.0159 0.0319 30 0 0 0
0.5652 0.0159 0.0319 30 0 0 0
0.5652 0.0159 0.0319 30 0 0 0
0.5652 0.0159 0.0319 30 0 0 0
0.5652 0.0156 0.0314 30 0 0 0
0.5652 0.0156 0.0314 30 0 0 0
0.5652 0.0156 0.0314 30 0 0 0
0.5652 0.0156 0.0314 30 0 0 0
0.5652 0.0156 0.0314 30 0 0 0
0.5652 0.0156 0.0314 30 0 0 0
0.5652 0.0156 0.0314 30 0 0 0
0.5652 0.0156 0.0314 30 0 0 0
0.5652 0.0156 0.0314 30 0 0 0
0.5435 0.0154 0.0316 30 0 0 0
0.5435 0.0154 0.0316 30 0 0 0
0.5435 0.0154 0.0316 30 0 0 0
0.5435 0.0154 0.0316 30 0 0 0
0.5435 0.0154 0.0316 30 0 0 0
0.5435 0.0155 0.0306 30 0 0 0
0.5435 0.0155 0.0306 30 0 0 0
0.5435 0.0155 0.0306 30 0 0 0
0.5435 0.0155 0.0306 30 0 0 0
0.5435 0.0155 0.0306 30 0 0 0
0.5435 0.0155 0.0306 30 0 0 0
0.6087 0.0156 0.0292 30 0 0 0
0.6087 0.0156 0.0292 30 0 0 0
0.6087 0.0156 0.0292 30 0 0 0
0.6087 0.0156 0.0292 30 0 0 0
0.6087 0.0156 0.0292 30 0 0 0
0.6087 0.0156 0.0292 30 0 0 0
0.6087 0.0156 0.0292 30 0 0 0
0.6087 0.0159 0.0306 30 0 0 0
0.5435 0.0159 0.0306 30 0 0 0
0.5435 0.0159 0.0306 30 0 0 0
0.5435 0.0159 0.0306 30 0 0 0
0.5435 0.0159 0.0306 30 0 0 0
0.5435 0.0159 0.0306 30 0 0 0
0.5435 0.0160 0.0305 30 0 0 0
0.6087 0.0160 0.0305 30 0 0 0
0.6087 0.0160 0.0305 30 0 0 0
0.6087 0.0160 0.0305 30 0 0 0
0.6087 0.0160 0.0305 30 0 0 0
0.6087 0.0160 0.0305 30 0 0 0
0.6087 0.0160 0.0305 30 0 0 0
0.6087 0.0160 0.0296 30 0 0 0
0.6087 0.0160 0.0296 30 0 0 0
0.6087 0.0160 0.0296 30 0 0 0
0.6087 0.0160 0.0296 30 0 0 0
0.6087 0.0160 0.0296 30 0 0 0
0.6087 0.0160 0.0296 30 0 0 0
0.6087 0.0160 0.0296 30 0 0 0
0.6087 0.0160 0.0290 30 0 0 0
0.6087 0.0160 0.0290 30 0 0 0
0.6087 0.0160 0.0290 30 0 0 0
0.6087 0.0160 0.0290 30 0 0 0
0.6087 0.0160 0.0290 30 0 0 0
0.6087 0.0160 0.0290 30 0 0 0
0.5870 0.0159 0.0262 30 0 0 0
0.5870 0.0159 0.0262 30 0 0 0
0.5870 0.0159 0.0262 30 0 0 0
0.5870 0.0159 0.0262 30 0 0 0
0.5870 0.0159 0.0262 30 0 0 0
0.5870 0.0159 0.0262 30 0 0 0
0.5870 0.0159 0.0262 30 0 0 0
0.5652 0.0158 0.0257 30 0 0 0
0.5652 0.0158 0.0257 30 0 0 0
0.5652 0.0158 0.0257 30 0 0 0
0.5652 0.0158 0.0257 30 0 0 0
0.5652 0.0158 0.0257 30 0 0 0
0.5652 0.0158 0.0257 30 0 0 0
0.5652 0.0158 0.0257 30 0 0 0
0.5652 0.0158 0.0257 30 0 0 0
0.5435 0.0158 0.0268 30 0 0 0
0.5435 0.0158 0.0268 30 0 0 0
0.5435 0.0158 0.0268 30 0 0 0
0.5435 0.0158 0.0268 30 0 0 0
0.5435 0.0158 0.0268 30 0 0 0
0.5435 0.0158 0.0268 30 0 0 0
0.6522 0.0157 0.0269 30 0 0 0
0.6522 0.0157 0.0269 30 0 0 0
0.6522 0.0157 0.0269 30 0 0 0
0.6522 0.0157 0.0269 30 0 0 0
0.6522 0.0157 0.0269 30 0 0 0
0.6522 0.0157 0.0269 30 0 0 0
0.6522 0.0157 0.0269 30 0 0 0
0.5870 0.0154 0.0289 30 0 0 0
0.5870 0.0154 0.0289 30 0 0 0
0.5870 0.0154 0.0289 30 0 0 0
0.5870 0.0154 0.0289 30 0 0 0
0.5870 0.0154 0.0289 30 0 0 0
0.5870 0.0154 0.0289 30 0 0 0
0.5870 0.0154 0.0289 30 0 0 0
0.5870 0.0154 0.0289 30 0 0 0
0.5870 0.0152 0.0292 30 0 0 0
0.6087 0.0152 0.0292 30 0 0 0
0.6087 0.0152 0.0292 30 0 0 0
0.6087 0.0152 0.0292 30 0 0 0
0.6087 0.0152 0.0292 30 0 0 0
0.6087 0.0152 0.0292 30 0 0 0
0.6087 0.0152 0.0292 30 0 0 0
0.6087 0.0152 0.0292 30 0 0 0
0.6087 0.0152 0.0292 30 0 0 0
0.6087 0.0152 0.0292 30 0 0 0
0.6087 0.0152 0.0292 30 0 0 0
0.6087 0.0152 0.0292 30 0 0 0
0.6087 0.0152 0.0292 30 0 0 0
0.6087 0.0153 0.0309 30 0 0 0
0.6087 0.0153 0.0309 30 0 0 0
0.6087 0.0153 0.0309 30 0 0 0
0.6087 0.0153 0.0309 30 0 0 0
0.6087 0.0153 0.0309 30 0 0 0
0.6087 0.0155 0.0284 30 0 0 0
0.6087 0.0155 0.0284 30 0 0 0
0.6087 0.0155 0.0284 30 0 0 0
0.5652 0.0154 0.0232 30 0 0 0
0.5652 0.0154 0.0232 30 0 0 0
0.5652 0.0154 0.0232 30 0 0 0
0.5652 0.0154 0.0232 30 0 0 0
0.5652 0.0149 0.0235 30 0 0 0
0.5652 0.0149 0.0235 30 0 0 0
0.5652 0.0149 0.0235 30 0 0 0
0.5652 0.0149 0.0235 30 0 0 0
0.5652 0.0149 0.0235 30 0 0 0
0.5652 0.0149 0.0235 30 0 0 0
0.5652 0.0149 0.0235 30 0 0 0
0.5652 0.0149 0.0235 30 0 0 0
0.5652 0.0149 0.0235 30 0 0 0
0.5652 0.0149 0.0235 30 0 0 0
0.5652 0.0149 0.0235 30 0 0 0
0.5652 0.0149 0.0235 30 0 0 0
0.5652 0.0149 0.0235 30 0 0 0
0.5652 0.0149 0.0235 30 0 0 0
0.5652 0.0149 0.0235 30 0 0 0
0.5652 0.0149 0.0235 30 0 0 0
0.5652 0.0143 0.0270 30 0 0 0
0.5652 0.0143 0.0270 30 0 0 0
0.5652 0.0143 0.0270 30 0 0 0
0.5652 0.0143 0.0270 30 0 0 0
0.5652 0.0143 0.0270 30 0 0 0
0.5870 0.0132 0.0293 30 0 0 0
0.5870 0.0128 0.0309 30 0 0 0
0.5870 0.0128 0.0309 30 0 0 0
0.5870 0.0128 0.0309 30 0 0 0
0.5870 0.0128 0.0309 30 0 0 0
0.5870 0.0128 0.0309 30 0 0 0
0.5870 0.0128 0.0309 30 0 0 0
0.5870 0.0126 0.0345 30 0 0 0
0.5870 0.0126 0.0345 30 0 0 0
0.5870 0.0126 0.0345 30 0 0 0
0.5870 0.0126 0.0345 30 0 0 0
0.5870 0.0126 0.0345 30 0 0 0
0.5870 0.0126 0.0345 30 0 0 0
0.5870 0.0126 0.0345 30 0 0 0
0.5870 0.0126 0.0345 30 0 0 0
0.5217 0.0130 0.0373 30 0 0 0
0.5217 0.0130 0.0373 30 0 0 0
0.5217 0.0130 0.0373 30 0 0 0
0.5217 0.0130 0.0373 30 0 0 0
0.5217 0.0130 0.0373 30 0 0 0
0.5435 0.0135 0.0388 30 0 0 0
0.5435 0.0135 0.0388 30 0 0 0
0.5435 0.0135 0.0388 30 0 0 0
0.5435 0.0135 0.0388 30 0 0 0
0.5435 0.0135 0.0388 30 0 0 0
0.5435 0.0135 0.0388 30 0 0 0
0.5435 0.0135 0.0388 30 0 0 0
0.5435 0.0135 0.0388 30 0 0 0
0.5652 0.0142 0.0398 30 0 0 0
0.5652 0.0142 0.0398 30 0 0 0
0.5652 0.0142 0.0398 30 0 0 0
0.5652 0.0142 0.0398 30 0 0 0
0.5652 0.0142 0.0398 30 0 0 0
0.5652 0.0142 0.0398 30 0 0 0
0.5652 0.0142 0.0398 30 0 0 0
0.5870 0.0149 0.0428 30 0 0 0
0.5870 0.0149 0.0428 30 0 0 0
0.5870 0.0149 0.0428 30 0 0 0
0.5870 0.0149 0.0428 30 0 0 0
0.5435 0.0153 0.0407 30 0 0 0
0.5435 0.0153 0.0407 30 0 0 0
0.5435 0.0153 0.0407 0 0 0 0
0.5435 0.0154 0.0404 30 0 0 0
0.5870 0.0154 0.0404 30 0 0 0
0.5870 0.0150 0.0397 30 0 0 0
0.5000 0.0151 0.0389 30 0 0 0
0.5000 0.0155 0.0377 30 0 0 0
0.5870 0.0155 0.0377 30 0 0 0
0.6087 0.0161 0.0362 30 0 0 0
0.6087 0.0172 0.0353 30 0 0 0
0.6304 0.0172 0.0353 30 0 0 0
0.6304 0.0172 0.0353 30 0 0 0
0.6304 0.0172 0.0353 30 0 0 0
0.6087 0.0178 0.0348 30 0 0 0
0.6087 0.0178 0.0348 30 0 0 0
0.6087 0.0178 0.0348 30 0 0 0
0.6087 0.0178 0.0348 30 0 0 0
0.6087 0.0178 0.0348 30 0 0 0
0.6087 0.0178 0.0348 30 0 0 0
0.6087 0.0182 0.0356 30 0 0 0
0.6087 0.0182 0.0356 0 0 0 0
0.5435 0.0178 0.0375 30 0 0 0
0.5435 0.0178 0.0375 30 0 0 0
0.5652 0.0182 0.0397 30 0 0 0
0.5652 0.0185 0.0400 30 0 0 0
0.6739 0.0185 0.0400 30 0 0 0
0.6087 0.0185 0.0366 30 0 0 0
0.6087 0.0183 0.0361 30 0 0 0
0.6739 0.0183 0.0361 30 0 0 0
0.5652 0.0181 0.0381 30 0 0 0
0.5652 0.0181 0.0381 30 0 0 0
0.5652 0.0181 0.0381 30 0 0 0
0.5652 0.0181 0.0381 30 0 0 0
0.5652 0.0181 0.0381 30 0 0 0
0.5652 0.0181 0.0381 30 0 0 0
0.5652 0.0175 0.0392 30 0 0 0
0.6304 0.0175 0.0392 30 0 0 0
0.6304 0.0175 0.0392 30 0 0 0
0.6304 0.0175 0.0392 30 0 0 0
0.6304 0.0175 0.0392 30 0 0 0
0.6304 0.0175 0.0392 30 0 0 0
0.6304 0.0171 0.0376 30 0 0 0
0.6304 0.0171 0.0376 30 0 0 0
0.6304 0.0171 0.0376 0 0 0 0
0.5870 0.0164 0.0350 0 -30 0 0
0.5870 0.0162 0.0401 0 -30 0 0
0.5652 0.0162 0.0401 0 -30 0 0
0.5435 0.0159 0.0406 0 -30 0 0
0.5435 0.0158 0.0462 0 -30 0 0
0.4783 0.0158 0.0462 0 -30 0 0
0.4783 0.0158 0.0462 0 -30 0 0
0.4783 0.0159 0.0450 0 -30 0 0
0.4783 0.0159 0.0450 0 -30 0 0
0.4783 0.0159 0.0450 0 -30 0 0
0.4783 0.0159 0.0450 0 -30 0 0
0.4783 0.0159 0.0450 0 -30 0 0
0.4783 0.0159 0.0450 0 -30 0 0
0.4783 0.0159 0.0450 0 -30 0 0
0.4783 0.0159 0.0485 0 -30 0 0
0.4783 0.0159 0.0485 0 -30 0 0
0.4783 0.0159 0.0485 0 -30 0 0
0.4783 0.0159 0.0485 0 -30 0 0
0.4783 0.0159 0.0485 0 -30 0 0
0.4783 0.0159 0.0485 0 -30 0 0
0.4783 0.0159 0.0485 0 -30 0 0
0.4783 0.0159 0.0485 0 -30 0 0
0.4783 0.0159 0.0485 0 -30 0 0
0.5217 0.0161 0.0485 0 -30 0 0
0.5217 0.0161 0.0485 0 -30 0 0
0.5217 0.0161 0.0485 0 -30 0 0
0.5217 0.0161 0.0485 0 -30 0 0
0.5217 0.0161 0.0485 0 -30 0 0
0.5217 0.0161 0.0485 0 -30 0 0
0.5870 0.0162 0.0539 0 -30 0 0
0.5870 0.0162 0.0539 0 -30 0 0
0.5870 0.0162 0.0539 0 -30 0 0
0.5870 0.0162 0.0539 0 -30 0 0
0.5870 0.0162 0.0539 0 -30 0 0
0.5870 0.0161 0.0525 0 -30 0 0
0.5435 0.0161 0.0525 0 -30 0 0
0.5435 0.0161 0.0525 0 -30 0 0
0.5435 0.0161 0.0525 0 -30 0 0
0.5435 0.0161 0.0525 0 -30 0 0
0.5435 0.0161 0.0525 0 -30 0 0
0.5435 0.0161 0.0525 0 -30 0 0
0.5435 0.0161 0.0525 0 -30 0 0
0.5435 0.0161 0.0525 0 -30 0 0
0.5435 0.0161 0.0525 0 -30 0 0
0.4783 0.0155 0.0534 0 -30 0 0
0.4783 0.0155 0.0534 0 -30 0 0
0.4783 0.0155 0.0534 0 -30 0 0
0.4783 0.0155 0.0534 0 -30 0 0
0.4783 0.0155 0.0534 0 -30 0 0
0.4783 0.0155 0.0534 0 -30 0 0
0.4783 0.0155 0.0534 0 -30 0 0
0.4783 0.0155 0.0534 0 -30 0 0
0.4783 0.0155 0.0534 0 -30 0 0
0.4783 0.0155 0.0534 0 -30 0 0
0.4783 0.0155 0.0534 0 -30 0 0
0.4783 0.0155 0.0534 0 -30 0 0
0.4783 0.0155 0.0534 0 -30 0 0
0.4783 0.0155 0.0534 0 -30 0 0
0.4783 0.0155 0.0534 0 -30 0 0
0.4783 0.0155 0.0534 0 -30 0 0
0.4783 0.0155 0.0534 0 -30 0 0
0.4783 0.0155 0.0534 0 -30 0 0
0.4783 0.0155 0.0534 0 -30 0 0
0.5000 0.0149 0.0521 0 -30 0 0
0.5000 0.0149 0.0521 0 -30 0 0
0.4783 0.0141 0.0534 0 -30 0 0
0.4783 0.0138 0.0541 0 -30 0 0
0.4130 0.0138 0.0541 0 -30 0 0
0.4130 0.0138 0.0541 0 -30 0 0
0.4130 0.0138 0.0541 0 -30 0 0
0.5435 0.0136 0.0543 0 -30 0 0
0.5435 0.0136 0.0543 0 -30 0 0
0.5435 0.0136 0.0543 0 -30 0 0
0.5435 0.0136 0.0543 0 -30 0 0
0.5435 0.0136 0.0543 0 -30 0 0
0.5435 0.0138 0.0550 0 -30 0 0
0.5652 0.0138 0.0550 0 -30 0 0
0.5652 0.0138 0.0550 0 -30 0 0
0.5652 0.0138 0.0550 0 -30 0 0
0.5652 0.0138 0.0550 0 -30 0 0
0.5652 0.0138 0.0550 0 -30 0 0
0.5652 0.0138 0.0550 0 -30 0 0
0.5652 0.0138 0.0550 0 -30 0 0
0.5652 0.0135 0.0550 0 -30 0 0
0.4348 0.0135 0.0550 0 -30 0 0
0.4348 0.0135 0.0550 0 -30 0 0
0.4348 0.0135 0.0550 0 -30 0 0
0.4348 0.0135 0.0550 0 -30 0 0
0.4348 0.0135 0.0550 0 -30 0 0
0.4348 0.0135 0.0550 0 -30 0 0
0.4348 0.0130 0.0597 0 -30 0 0
0.4783 0.0130 0.0597 0 -30 0 0
0.4783 0.0130 0.0597 0 -30 0 0
0.4783 0.0130 0.0597 0 -30 0 0
0.4783 0.0130 0.0597 0 -30 0 0
0.4783 0.0130 0.0597 0 -30 0 0
0.5000 0.0126 0.0599 0 -30 0 0
0.5000 0.0126 0.0599 0 -30 0 0
0.5000 0.0126 0.0599 0 -30 0 0
0.5000 0.0126 0.0599 0 -30 0 0
0.5000 0.0126 0.0599 0 -30 0 0
0.5000 0.0126 0.0599 0 -30 0 0
0.5000 0.0126 0.0599 0 -30 0 0
0.5000 0.0126 0.0599 0 -30 0 0
0.5000 0.0126 0.0599 0 -30 0 0
0.5000 0.0119 0.0612 0 -30 0 0
0.5000 0.0119 0.0612 0 -30 0 0
0.5000 0.0119 0.0612 0 -30 0 0
0.5000 0.0119 0.0612 0 -30 0 0
0.5000 0.0119 0.0612 0 -30 0 0
0.5217 0.0116 0.0602 0 -30 0 0
0.5217 0.0116 0.0602 0 -30 0 0
0.5217 0.0116 0.0602 0 -30 0 0
0.5217 0.0116 0.0602 0 -30 0 0
0.5217 0.0116 0.0602 0 -30 0 0
0.5217 0.0116 0.0602 0 -30 0 0
0.4565 0.0114 0.0620 0 -30 0 0
0.4565 0.0114 0.0620 0 -30 0 0
0.4565 0.0114 0.0620 0 -30 0 0
0.4565 0.0114 0.0620 0 -30 0 0
0.4565 0.0114 0.0620 0 -30 0 0
0.4565 0.0114 0.0620 0 -30 0 0
0.4565 0.0114 0.0620 0 -30 0 0
0.4565 0.0118 0.0648 0 -30 0 0
0.4565 0.0118 0.0648 0 -30 0 0
0.4565 0.0118 0.0648 0 -30 0 0
0.4565 0.0118 0.0648 0 -30 0 0
0.4565 0.0118 0.0648 0 -30 0 0
0.4565 0.0118 0.0648 0 -30 0 0
0.5000 0.0123 0.0636 0 -30 0 0
0.5000 0.0123 0.0636 0 -30 0 0
0.5000 0.0123 0.0636 0 -30 0 0
0.5000 0.0123 0.0636 0 -30 0 0
0.5000 0.0129 0.0622 0 -30 0 0
0.5000 0.0129 0.0622 0 -30 0 0
0.5000 0.0129 0.0622 0 -30 0 0
0.5000 0.0129 0.0622 0 -30 0 0
0.5000 0.0129 0.0622 0 -30 0 0
0.5000 0.0129 0.0622 0 -30 0 0
0.5000 0.0129 0.0622 0 -30 0 0
0.5000 0.0129 0.0622 0 -30 0 0
0.5000 0.0129 0.0622 0 -30 0 0
0.5000 0.0129 0.0622 0 -30 0 0
0.5217 0.0139 0.0600 0 -30 0 0
0.5217 0.0139 0.0600 0 -30 0 0
0.5217 0.0139 0.0600 0 -30 0 0
0.5217 0.0139 0.0600 0 -30 0 0
0.5217 0.0139 0.0600 0 -30 0 0
0.5217 0.0139 0.0600 0 -30 0 0
0.4783 0.0137 0.0594 0 -30 0 0
0.4783 0.0137 0.0594 0 -30 0 0
0.4783 0.0137 0.0594 0 -30 0 0
0.4783 0.0137 0.0594 0 -30 0 0
0.4783 0.0137 0.0594 0 -30 0 0
0.4783 0.0137 0.0594 0 -30 0 0
0.4783 0.0137 0.0594 0 -30 0 0
0.4783 0.0131 0.0593 0 -30 0 0
0.5435 0.0131 0.0593 0 -30 0 0
0.5435 0.0131 0.0593 0 -30 0 0
0.5435 0.0131 0.0593 0 -30 0 0
0.5435 0.0131 0.0593 0 -30 0 0
0.5435 0.0131 0.0593 0 0 0 0
0.5870 0.0119 0.0560 30 0 0 0
0.5870 0.0109 0.0552 30 0 0 0
0.6087 0.0103 0.0539 30 0 0 0
0.6087 0.0103 0.0539 30 0 0 0
0.6087 0.0103 0.0539 30 0 0 0
0.6087 0.0103 0.0539 30 0 0 0
0.5870 0.0103 0.0537 30 0 0 0
0.5870 0.0103 0.0537 30 0 0 0
0.5870 0.0103 0.0537 30 0 0 0
0.5870 0.0103 0.0537 30 0 0 0
0.5870 0.0103 0.0537 30 0 0 0
0.5870 0.0103 0.0537 30 0 0 0
0.5870 0.0103 0.0537 30 0 0 0
0.5652 0.0117 0.0532 30 0 0 0
0.5652 0.0117 0.0532 30 0 0 0
0.5652 0.0117 0.0532 30 0 0 0
0.5652 0.0117 0.0532 30 0 0 0
0.5652 0.0117 0.0532 30 0 0 0
0.5652 0.0134 0.0522 30 0 0 0
0.4565 0.0134 0.0522 30 0 0 0
0.4565 0.0134 0.0522 30 0 0 0
0.4565 0.0134 0.0522 30 0 0 0
0.4565 0.0134 0.0522 30 0 0 0
0.4565 0.0134 0.0522 30 0 0 0
0.4565 0.0134 0.0522 30 0 0 0
0.4565 0.0134 0.0522 30 0 0 0
0.4565 0.0134 0.0522 30 0 0 0
0.5000 0.0163 0.0541 30 0 0 0
0.5000 0.0163 0.0541 30 0 0 0
0.5000 0.0163 0.0541 30 0 0 0
0.5000 0.0163 0.0541 30 0 0 0
0.5000 0.0163 0.0541 30 0 0 0
0.5000 0.0163 0.0541 30 0 0 0
0.5870 0.0175 0.0550 30 0 0 0
0.5870 0.0175 0.0550 30 0 0 0
0.5870 0.0175 0.0550 30 0 0 0
0.5870 0.0175 0.0550 30 0 0 0
0.5870 0.0175 0.0550 30 0 0 0
0.5870 0.0182 0.0550 30 0 0 0
0.5435 0.0182 0.0550 30 0 0 0
0.5435 0.0182 0.0550 30 0 0 0
0.5435 0.0182 0.0550 30 0 0 0
0.5435 0.0182 0.0550 30 0 0 0
0.5435 0.0182 0.0550 30 0 0 0
0.5435 0.0182 0.0550 30 0 0 0
0.5435 0.0182 0.0550 0 0 0 0
0.5435 0.0060 0.0628 30 0 0 0
0.5435 0.0060 0.0628 30 0 0 0
0.5435 0.0061 0.0660 30 0 0 0
0.5217 0.0061 0.0660 30 0 0 0
0.5217 0.0055 0.0674 30 0 0 0
0.5217 0.0050 0.0664 30 0 0 0
0.5217 0.0050 0.0664 30 0 0 0
0.4783 0.0052 0.0659 30 0 0 0
0.4783 0.0052 0.0659 30 0 0 0
0.4783 0.0052 0.0659 30 0 0 0
0.4783 0.0052 0.0659 30 0 0 0
0.4783 0.0052 0.0659 30 0 0 0
0.4783 0.0052 0.0659 30 0 0 0
0.4783 0.0052 0.0659 30 0 0 0
0.4783 0.0052 0.0659 30 0 0 0
0.4783 0.0052 0.0659 30 0 0 0
0.4783 0.0052 0.0659 30 0 0 0
0.4783 0.0063 0.0569 30 0 0 0
0.5652 0.0063 0.0569 30 0 0 0
0.5652 0.0063 0.0569 30 0 0 0
0.5652 0.0063 0.0569 30 0 0 0
0.5000 0.0065 0.0553 30 0 0 0
0.5000 0.0067 0.0551 30 0 0 0
0.5652 0.0067 0.0551 30 0 0 0
0.5652 0.0067 0.0551 30 0 0 0
0.5652 0.0067 0.0551 30 0 0 0
0.5652 0.0067 0.0551 30 0 0 0
0.5652 0.0071 0.0533 30 0 0 0
0.5000 0.0071 0.0533 30 0 0 0
0.5000 0.0071 0.0533 30 0 0 0
0.5000 0.0071 0.0533 30 0 0 0
0.5000 0.0071 0.0533 30 0 0 0
0.5000 0.0071 0.0533 30 0 0 0
0.4783 0.0077 0.0524 30 0 0 0
0.4783 0.0077 0.0524 30 0 0 0
0.4783 0.0077 0.0524 30 0 0 0
0.4783 0.0077 0.0524 30 0 0 0
0.4783 0.0077 0.0524 30 0 0 0
0.4783 0.0077 0.0524 30 0 0 0
0.4783 0.0077 0.0524 30 0 0 0
0.4783 0.0077 0.0524 30 0 0 0
0.5000 0.0087 0.0513 30 0 0 0
0.5000 0.0087 0.0513 30 0 0 0
0.5000 0.0087 0.0513 30 0 0 0
0.5000 0.0087 0.0513 30 0 0 0
0.5000 0.0087 0.0513 30 0 0 0
0.5000 0.0087 0.0513 30 0 0 0
0.5000 0.0087 0.0513 30 0 0 0
0.6087 0.0094 0.0517 30 0 0 0
0.6087 0.0094 0.0517 30 0 0 0
0.6087 0.0094 0.0517 30 0 0 0
0.6087 0.0094 0.0517 30 0 0 0
0.6087 0.0099 0.0519 30 0 0 0
0.6087 0.0099 0.0519 30 0 0 0
0.6087 0.0099 0.0519 30 0 0 0
0.6087 0.0099 0.0519 30 0 0 0
0.6087 0.0099 0.0519 30 0 0 0
0.6087 0.0099 0.0519 30 0 0 0
0.6087 0.0099 0.0519 30 0 0 0
0.6087 0.0099 0.0519 30 0 0 0
0.6087 0.0099 0.0519 30 0 0 0
0.6087 0.0108 0.0516 30 0 0 0
0.5435 0.0108 0.0516 30 0 0 0
0.5435 0.0108 0.0516 30 0 0 0
0.5435 0.0108 0.0516 30 0 0 0
0.5435 0.0108 0.0516 30 0 0 0
0.5435 0.0108 0.0516 30 0 0 0
0.5435 0.0114 0.0503 30 0 0 0
0.5435 0.0114 0.0503 30 0 0 0
0.5435 0.0114 0.0503 30 0 0 0
0.5435 0.0114 0.0503 30 0 0 0
0.5435 0.0114 0.0503 30 0 0 0
0.5435 0.0114 0.0503 30 0 0 0
0.5217 0.0115 0.0468 30 0 0 0
0.5217 0.0115 0.0468 30 0 0 0
0.5217 0.0115 0.0468 30 0 0 0
0.5217 0.0115 0.0468 30 0 0 0
0.5217 0.0115 0.0468 30 0 0 0
0.5217 0.0115 0.0468 30 0 0 0
0.5217 0.0115 0.0468 30 0 0 0
0.5217 0.0115 0.0468 30 0 0 0
0.5217 0.0115 0.0468 30 0 0 0
0.5217 0.0111 0.0460 30 0 0 0
0.4783 0.0111 0.0460 30 0 0 0
0.4783 0.0111 0.0460 30 0 0 0
0.4783 0.0111 0.0460 30 0 0 0
0.4783 0.0111 0.0460 30 0 0 0
0.4783 0.0111 0.0460 30 0 0 0
0.4783 0.0111 0.0460 30 0 0 0
0.5000 0.0107 0.0412 30 0 0 0
0.5000 0.0107 0.0412 30 0 0 0
0.5000 0.0107 0.0412 30 0 0 0
0.5000 0.0107 0.0412 30 0 0 0
0.5435 0.0102 0.0407 30 0 0 0
0.5435 0.0102 0.0407 30 0 0 0
0.5435 0.0102 0.0407 30 0 0 0
0.5435 0.0102 0.0407 30 0 0 0
0.5435 0.0102 0.0407 30 0 0 0
0.5435 0.0102 0.0407 30 0 0 0
0.5435 0.0102 0.0407 30 0 0 0
0.5435 0.0102 0.0407 30 0 0 0
0.5217 0.0098 0.0399 30 0 0 0
0.5217 0.0098 0.0399 30 0 0 0
0.5217 0.0098 0.0399 30 0 0 0
0.5217 0.0098 0.0399 30 0 0 0
0.5217 0.0098 0.0399 30 0 0 0
0.5217 0.0098 0.0399 30 0 0 0
0.5217 0.0098 0.0389 30 0 0 0
0.5435 0.0098 0.0389 30 0 0 0
0.5435 0.0098 0.0389 30 0 0 0
0.5435 0.0098 0.0389 30 0 0 0
0.5435 0.0098 0.0389 30 0 0 0
0.5435 0.0098 0.0389 30 0 0 0
0.5435 0.0098 0.0389 30 0 0 0
0.5435 0.0098 0.0389 30 0 0 0
0.5435 0.0098 0.0389 30 0 0 0
0.5435 0.0098 0.0389 30 0 0 0
0.5435 0.0098 0.0389 30 0 0 0
0.5435 0.0098 0.0389 30 0 0 0
0.5435 0.0098 0.0389 30 0 0 0
0.5435 0.0098 0.0389 30 0 0 0
0.5435 0.0098 0.0389 30 0 0 0
0.5435 0.0098 0.0389 30 0 0 0
0.5435 0.0098 0.0389 30 0 0 0
0.5435 0.0098 0.0389 30 0 0 0
0.5435 0.0098 0.0389 30 0 0 0
0.5435 0.0098 0.0389 30 0 0 0
0.5435 0.0098 0.0389 30 0 0 0
0.5435 0.0098 0.0389 30 0 0 0
0.5435 0.0098 0.0389 30 0 0 0
0.5000 0.0104 0.0390 30 0 0 0
0.5000 0.0104 0.0390 30 0 0 0
0.4783 0.0109 0.0389 30 0 0 0
0.4783 0.0108 0.0376 30 0 0 0
0.4565 0.0108 0.0376 30 0 0 0
0.5870 0.0104 0.0372 30 0 0 0
0.5870 0.0104 0.0372 30 0 0 0
0.5870 0.0104 0.0372 30 0 0 0
0.5870 0.0104 0.0372 30 0 0 0
0.5870 0.0104 0.0372 30 0 0 0
0.5870 0.0104 0.0372 30 0 0 0
0.5870 0.0104 0.0372 30 0 0 0
0.5870 0.0104 0.0372 30 0 0 0
0.5870 0.0104 0.0372 30 0 0 0
0.5435 0.0097 0.0359 30 0 0 0
0.5435 0.0097 0.0359 30 0 0 0
0.5435 0.0097 0.0359 30 0 0 0
0.5435 0.0097 0.0359 30 0 0 0
0.5435 0.0097 0.0359 30 0 0 0
0.5435 0.0097 0.0359 30 0 0 0
0.5435 0.0097 0.0359 30 0 0 0
0.5652 0.0090 0.0357 30 0 0 0
0.5652 0.0090 0.0357 30 0 0 0
0.5652 0.0090 0.0357 30 0 0 0
0.5652 0.0090 0.0357 30 0 0 0
0.5652 0.0090 0.0357 30 0 0 0
0.5652 0.0090 0.0357 30 0 0 0
0.5217 0.0087 0.0359 30 0 0 0
0.5217 0.0087 0.0359 30 0 0 0
0.5217 0.0087 0.0359 30 0 0 0
0.5217 0.0087 0.0359 30 0 0 0
0.5217 0.0087 0.0359 30 0 0 0
0.5217 0.0087 0.0359 30 0 0 0
0.5217 0.0087 0.0359 30 0 0 0
0.5217 0.0087 0.0359 30 0 0 0
0.5217 0.0087 0.0359 30 0 0 0
0.5217 0.0087 0.0359 30 0 0 0
0.5217 0.0087 0.0359 30 0 0 0
0.5217 0.0087 0.0359 30 0 0 0
0.5217 0.0087 0.0359 30 0 0 0
0.5217 0.0087 0.0359 30 0 0 0
0.5217 0.0087 0.0359 30 0 0 0
0.5217 0.0087 0.0359 30 0 0 0
0.5217 0.0087 0.0359 30 0 0 0
0.5217 0.0087 0.0359 30 0 0 0
0.5217 0.0087 0.0359 30 0 0 0
0.5217 0.0087 0.0359 30 0 0 0
0.5217 0.0087 0.0359 30 0 0 0
0.5652 0.0084 0.0366 30 0 0 0
0.5652 0.0084 0.0366 30 0 0 0
0.5652 0.0085 0.0358 30 0 0 0
0.5652 0.0088 0.0370 30 0 0 0
0.5652 0.0088 0.0370 30 0 0 0
0.5652 0.0088 0.0370 30 0 0 0
0.5652 0.0088 0.0370 30 0 0 0
0.5652 0.0088 0.0370 30 0 0 0
0.5000 0.0091 0.0366 30 0 0 0
0.5000 0.0091 0.0366 30 0 0 0
0.5000 0.0091 0.0366 30 0 0 0
0.5000 0.0091 0.0366 30 0 0 0
0.5000 0.0091 0.0366 30 0 0 0
0.5000 0.0091 0.0366 30 0 0 0
0.5000 0.0091 0.0366 30 0 0 0
0.5652 0.0089 0.0355 30 0 0 0
0.5652 0.0089 0.0355 30 0 0 0
0.5652 0.0089 0.0355 30 0 0 0
0.5652 0.0089 0.0355 30 0 0 0
0.5652 0.0089 0.0355 30 0 0 0
0.5652 0.0089 0.0355 30 0 0 0
0.5435 0.0086 0.0343 30 0 0 0
0.5435 0.0086 0.0343 30 0 0 0
0.5435 0.0086 0.0343 30 0 0 0
0.5435 0.0086 0.0343 30 0 0 0
0.5435 0.0086 0.0343 30 0 0 0
0.5435 0.0086 0.0343 30 0 0 0
0.5435 0.0086 0.0343 30 0 0 0
0.5435 0.0084 0.0325 30 0 0 0
0.5870 0.0084 0.0325 30 0 0 0
0.5870 0.0084 0.0325 30 0 0 0
0.5870 0.0084 0.0325 30 0 0 0
0.5870 0.0084 0.0325 30 0 0 0
0.5870 0.0084 0.0325 30 0 0 0
0.5870 0.0084 0.0325 30 0 0 0
0.5870 0.0084 0.0325 30 0 0 0
0.5652 0.0085 0.0313 30 0 0 0
0.5652 0.0085 0.0313 30 0 0 0
0.5652 0.0085 0.0313 30 0 0 0
0.5652 0.0085 0.0313 30 0 0 0
0.5652 0.0085 0.0313 30 0 0 0
0.5652 0.0085 0.0313 30 0 0 0
0.5652 0.0085 0.0313 30 0 0 0
0.5652 0.0085 0.0313 30 0 0 0
0.5652 0.0085 0.0313 30 0 0 0
0.5652 0.0085 0.0313 30 0 0 0
0.5652 0.0085 0.0313 30 0 0 0
0.5652 0.0085 0.0313 30 0 0 0
0.5652 0.0085 0.0313 30 0 0 0
0.5652 0.0085 0.0313 30 0 0 0
0.5652 0.0085 0.0313 30 0 0 0
0.5652 0.0085 0.0313 30 0 0 0
0.5652 0.0085 0.0313 30 0 0 0
0.5652 0.0085 0.0313 30 0 0 0
0.5870 0.0092 0.0304 30 0 0 0
0.5870 0.0092 0.0304 30 0 0 0
0.5870 0.0092 0.0304 30 0 0 0
0.5435 0.0099 0.0292 30 0 0 0
0.5435 0.0104 0.0295 30 0 0 0
0.5435 0.0104 0.0295 30 0 0 0
0.5435 0.0104 0.0295 30 0 0 0
0.5435 0.0104 0.0295 30 0 0 0
0.5435 0.0104 0.0295 30 0 0 0
0.5435 0.0104 0.0295 30 0 0 0
0.5435 0.0106 0.0326 30 0 0 0
0.5435 0.0106 0.0326 30 0 0 0
0.5435 0.0106 0.0326 30 0 0 0
0.5435 0.0106 0.0326 30 0 0 0
0.5435 0.0106 0.0326 30 0 0 0
0.5435 0.0106 0.0326 30 0 0 0
0.6304 0.0106 0.0301 30 0 0 0
0.6304 0.0106 0.0301 30 0 0 0
0.6304 0.0106 0.0301 30 0 0 0
0.6304 0.0106 0.0301 30 0 0 0
0.6304 0.0106 0.0301 30 0 0 0
0.6304 0.0106 0.0301 30 0 0 0
0.6304 0.0106 0.0301 30 0 0 0
0.6087 0.0106 0.0305 30 0 0 0
0.6087 0.0106 0.0305 30 0 0 0
0.6087 0.0106 0.0305 30 0 0 0
0.6087 0.0106 0.0305 30 0 0 0
0.6087 0.0106 0.0305 30 0 0 0
0.6087 0.0106 0.0305 30 0 0 0
0.6087 0.0106 0.0305 30 0 0 0
0.6087 0.0106 0.0305 30 0 0 0
0.5217 0.0104 0.0315 30 0 0 0
0.5217 0.0104 0.0315 30 0 0 0
0.5217 0.0104 0.0315 30 0 0 0
0.5217 0.0104 0.0315 30 0 0 0
0.5217 0.0104 0.0315 30 0 0 0
0.5217 0.0104 0.0315 30 0 0 0
0.5217 0.0104 0.0315 30 0 0 0
0.5217 0.0105 0.0297 30 0 0 0
0.6087 0.0105 0.0297 30 0 0 0
0.6087 0.0105 0.0297 30 0 0 0
0.6087 0.0105 0.0297 30 0 0 0
0.6087 0.0105 0.0297 30 0 0 0
0.6087 0.0105 0.0297 30 0 0 0
0.6087 0.0105 0.0297 30 0 0 0
0.5870 0.0108 0.0291 30 0 0 0
0.5870 0.0108 0.0291 30 0 0 0
0.5870 0.0108 0.0291 30 0 0 0
0.5870 0.0108 0.0291 30 0 0 0
0.5870 0.0108 0.0291 30 0 0 0
0.5870 0.0108 0.0291 30 0 0 0
0.5870 0.0108 0.0291 30 0 0 0
0.5870 0.0113 0.0295 30 0 0 0
0.5652 0.0113 0.0295 30 0 0 0
0.5652 0.0113 0.0295 30 0 0 0
0.5652 0.0113 0.0295 30 0 0 0
0.5652 0.0113 0.0295 30 0 0 0
0.5652 0.0113 0.0295 30 0 0 0
0.5652 0.0113 0.0295 30 0 0 0
0.5652 0.0115 0.0290 30 0 0 0
0.5652 0.0115 0.0290 30 0 0 0
0.5652 0.0115 0.0290 30 0 0 0
0.5652 0.0115 0.0290 30 0 0 0
0.5652 0.0115 0.0290 30 0 0 0
0.5652 0.0115 0.0290 30 0 0 0
0.6087 0.0116 0.0296 30 0 0 0
0.6087 0.0116 0.0296 30 0 0 0
0.6087 0.0116 0.0296 30 0 0 0
0.6087 0.0116 0.0296 30 0 0 0
0.6087 0.0116 0.0296 30 0 0 0
0.6087 0.0116 0.0296 30 0 0 0
0.6087 0.0116 0.0296 0 0 0 0
0.6522 0.0099 0.0350 0 0 0 -30
0.5000 0.0097 0.0350 0 0 0 -30
0.5000 0.0097 0.0350 0 0 0 -30
0.5217 0.0092 0.0330 0 0 0 -30
0.5217 0.0090 0.0347 0 0 0 -30
0.5217 0.0090 0.0347 0 0 0 -30
0.5217 0.0102 0.0345 0 0 0 -30
0.5435 0.0109 0.0343 0 0 0 -30
0.5435 0.0109 0.0343 0 0 0 -30
0.5435 0.0109 0.0343 0 0 0 -30
0.5435 0.0109 0.0343 0 0 0 -30
0.5435 0.0109 0.0343 0 0 0 -30
0.5435 0.0109 0.0343 0 0 0 -30
0.5435 0.0115 0.0353 0 0 0 0
0.5870 0.0118 0.0413 0 0 0 -30
0.5870 0.0118 0.0413 0 0 0 -30
0.5652 0.0122 0.0402 0 0 0 -30
0.5652 0.0122 0.0402 0 0 0 -30
0.5435 0.0128 0.0374 0 0 0 -30
0.5435 0.0128 0.0374 0 0 0 -30
0.5870 0.0137 0.0410 0 0 0 -30
0.5870 0.0137 0.0410 0 0 0 -30
0.5870 0.0144 0.0338 0 0 0 -30
0.5000 0.0144 0.0338 0 0 0 -30
0.5000 0.0144 0.0338 0 0 0 -30
0.5652 0.0143 0.0293 0 0 0 -30
0.5652 0.0143 0.0293 0 0 0 -30
0.5652 0.0143 0.0293 0 0 0 0
0.5435 0.0131 0.0221 0 0 0 -30
0.5435 0.0127 0.0153 0 0 0 -30
0.5652 0.0127 0.0153 0 0 0 -30
0.5652 0.0124 0.0126 0 0 0 -30
0.5652 0.0124 0.0126 0 0 0 -30
0.5217 0.0128 0.0096 0 0 0 -30
0.5435 0.0135 0.0081 0 0 0 -30
0.5435 0.0135 0.0081 0 0 0 -30
0.5435 0.0135 0.0081 0 0 0 -30
0.5652 0.0140 0.0053 0 0 0 -30
0.5652 0.0140 0.0053 0 0 0 0
0.5652 0.0142 0.0041 0 0 0 -30
0.5652 0.0142 0.0041 0 0 0 -30
0.5652 0.0149 0.0022 0 0 0 -30
0.5652 0.0149 0.0022 0 0 0 -30
0.5435 0.0156 -0.0025 0 0 0 -30
0.5435 0.0156 -0.0025 0 0 0 -30
0.6304 0.0153 -0.0029 0 0 0 -30
0.6304 0.0145 -0.0013 0 0 0 -30
0.5652 0.0145 -0.0013 0 0 0 -30
0.5870 0.0134 0.0011 0 0 0 -30
0.5870 0.0134 0.0011 0 0 0 -30
0.5870 0.0134 0.0011 0 0 0 -30
0.5870 0.0134 0.0011 0 0 0 0
0.5435 0.0113 -0.0012 30 0 0 0
0.5435 0.0112 0.0009 30 0 0 0
0.4565 0.0112 0.0009 30 0 0 0
0.5217 0.0103 0.0024 30 0 0 0
0.5217 0.0090 0.0040 30 0 0 0
0.6304 0.0090 0.0040 30 0 0 0
0.6522 0.0092 0.0057 30 0 0 0
0.6522 0.0092 0.0057 30 0 0 0
0.5652 0.0095 0.0077 30 0 0 0
0.5652 0.0095 0.0077 30 0 0 0
0.5652 0.0095 0.0077 30 0 0 0
0.5652 0.0095 0.0077 30 0 0 0
0.5652 0.0095 0.0077 30 0 0 0
0.5652 0.0095 0.0077 30 0 0 0
0.5652 0.0095 0.0077 30 0 0 0
0.5652 0.0095 0.0077 30 0 0 0
0.5652 0.0095 0.0077 30 0 0 0
0.5435 0.0100 0.0081 30 0 0 0
0.5435 0.0100 0.0081 30 0 0 0
0.5435 0.0100 0.0081 30 0 0 0
0.5435 0.0100 0.0081 30 0 0 0
0.5435 0.0100 0.0081 30 0 0 0
0.5435 0.0100 0.0081 30 0 0 0
0.5435 0.0100 0.0081 30 0 0 0
0.5435 0.0100 0.0081 30 0 0 0
0.5435 0.0100 0.0081 30 0 0 0
0.5435 0.0100 0.0081 30 0 0 0
0.5435 0.0100 0.0081 30 0 0 0
0.5435 0.0100 0.0081 30 0 0 0
0.5435 0.0100 0.0081 30 0 0 0
0.5435 0.0100 0.0081 30 0 0 0
0.5435 0.0100 0.0081 30 0 0 0
0.5435 0.0100 0.0081 30 0 0 0
0.5435 0.0104 0.0077 30 0 0 0
0.5435 0.0104 0.0077 30 0 0 0
0.5435 0.0104 0.0077 30 0 0 0
0.5435 0.0104 0.0077 30 0 0 0
0.5435 0.0104 0.0077 30 0 0 0
0.5435 0.0104 0.0077 30 0 0 0
0.5435 0.0104 0.0077 30 0 0 0
0.5652 0.0108 0.0060 30 0 0 0
0.5652 0.0117 0.0040 30 0 0 0
0.4565 0.0117 0.0040 30 0 0 0
0.4565 0.0117 0.0040 30 0 0 0
0.5652 0.0125 0.0050 30 0 0 0
0.5652 0.0125 0.0050 30 0 0 0
0.5652 0.0125 0.0050 30 0 0 0
0.5652 0.0125 0.0050 30 0 0 0
0.5652 0.0125 0.0050 30 0 0 0
0.5652 0.0125 0.0050 30 0 0 0
0.5652 0.0132 0.0055 30 0 0 0
0.5652 0.0132 0.0055 30 0 0 0
0.5652 0.0132 0.0055 30 0 0 0
0.5652 0.0132 0.0055 30 0 0 0
0.5652 0.0132 0.0055 30 0 0 0
0.5652 0.0132 0.0055 30 0 0 0
0.5652 0.0132 0.0055 30 0 0 0
0.5652 0.0132 0.0055 30 0 0 0
0.5652 0.0132 0.0055 30 0 0 0
0.5217 0.0137 0.0017 30 0 0 0
0.5217 0.0137 0.0017 30 0 0 0
0.5217 0.0137 0.0017 30 0 0 0
0.5217 0.0137 0.0017 30 0 0 0
0.5217 0.0137 0.0017 30 0 0 0
0.5217 0.0137 0.0017 30 0 0 0
0.5217 0.0134 -0.0024 30 0 0 0
0.4783 0.0134 -0.0024 30 0 0 0
0.4783 0.0134 -0.0024 30 0 0 0
0.4783 0.0134 -0.0024 30 0 0 0
0.4783 0.0134 -0.0024 30 0 0 0
0.4783 0.0134 -0.0024 30 0 0 0
0.4783 0.0134 -0.0024 30 0 0 0
0.5435 0.0128 -0.0019 30 0 0 0
0.5435 0.0128 -0.0019 30 0 0 0
0.5435 0.0128 -0.0019 30 0 0 0
0.5435 0.0128 -0.0019 30 0 0 0
0.5435 0.0128 -0.0019 30 0 0 0
0.5435 0.0128 -0.0019 30 0 0 0
0.5435 0.0128 -0.0019 30 0 0 0
0.5435 0.0128 -0.0019 30 0 0 0
0.5435 0.0128 -0.0019 30 0 0 0
0.5217 0.0125 -0.0024 30 0 0 0
0.5217 0.0125 -0.0024 30 0 0 0
0.5217 0.0125 -0.0024 30 0 0 0
0.5217 0.0125 -0.0024 30 0 0 0
0.5217 0.0125 -0.0024 30 0 0 0
0.5217 0.0125 -0.0024 30 0 0 0
0.5217 0.0125 -0.0024 30 0 0 0
0.5217 0.0120 -0.0020 30 0 0 0
0.5435 0.0120 -0.0020 30 0 0 0
0.5435 0.0120 -0.0020 30 0 0 0
0.5435 0.0120 -0.0020 30 0 0 0
0.5435 0.0120 -0.0020 30 0 0 0
0.5435 0.0120 -0.0020 30 0 0 0
0.5652 0.0115 -0.0051 30 0 0 0
0.5652 0.0115 -0.0051 30 0 0 0
0.5652 0.0115 -0.0051 30 0 0 0
0.5652 0.0115 -0.0051 30 0 0 0
0.5652 0.0115 -0.0051 30 0 0 0
0.5652 0.0115 -0.0051 30 0 0 0
0.5652 0.0115 -0.0051 30 0 0 0
0.5652 0.0115 -0.0051 30 0 0 0
0.5652 0.0108 -0.0043 30 0 0 0
0.5435 0.0108 -0.0043 30 0 0 0
0.5435 0.0108 -0.0043 30 0 0 0
0.5435 0.0108 -0.0043 30 0 0 0
0.5435 0.0108 -0.0043 30 0 0 0
0.5435 0.0103 -0.0075 30 0 0 0
0.4783 0.0103 -0.0075 30 0 0 0
0.4783 0.0103 -0.0075 30 0 0 0
0.4783 0.0103 -0.0075 30 0 0 0
0.4783 0.0103 -0.0075 30 0 0 0
0.4783 0.0103 -0.0075 30 0 0 0
0.4783 0.0099 -0.0060 30 0 0 0
0.4565 0.0099 -0.0060 30 0 0 0
0.4565 0.0099 -0.0060 30 0 0 0
0.4565 0.0099 -0.0060 30 0 0 0
0.4565 0.0099 -0.0060 30 0 0 0
0.4565 0.0099 -0.0060 30 0 0 0
0.4565 0.0099 -0.0060 30 0 0 0
0.4565 0.0099 -0.0060 30 0 0 0
0.4565 0.0099 -0.0060 30 0 0 0
0.4565 0.0099 -0.0060 30 0 0 0
0.5652 0.0098 -0.0053 30 0 0 0
0.5652 0.0098 -0.0053 30 0 0 0
0.5652 0.0098 -0.0053 30 0 0 0
0.5652 0.0098 -0.0053 30 0 0 0
0.5652 0.0098 -0.0053 30 0 0 0
0.5435 0.0096 -0.0052 30 0 0 0
0.5435 0.0096 -0.0052 30 0 0 0
0.5435 0.0096 -0.0052 30 0 0 0
0.5435 0.0096 -0.0052 30 0 0 0
0.5435 0.0096 -0.0052 30 0 0 0
0.5652 0.0090 -0.0046 30 0 0 0
0.5652 0.0090 -0.0046 30 0 0 0
0.5652 0.0090 -0.0046 30 0 0 0
0.5652 0.0090 -0.0046 30 0 0 0
0.5652 0.0090 -0.0046 30 0 0 0
0.5652 0.0090 -0.0046 30 0 0 0
0.5652 0.0090 -0.0046 30 0 0 0
0.5652 0.0090 -0.0046 30 0 0 0
0.5652 0.0090 -0.0046 30 0 0 0
0.5652 0.0090 -0.0046 30 0 0 0
0.5217 0.0081 -0.0047 30 0 0 0
0.5217 0.0081 -0.0047 30 0 0 0
0.5217 0.0081 -0.0047 30 0 0 0
0.5217 0.0081 -0.0047 30 0 0 0
0.5217 0.0081 -0.0047 30 0 0 0
0.5217 0.0081 -0.0047 30 0 0 0
0.6087 0.0076 -0.0035 30 0 0 0
0.6087 0.0076 -0.0035 30 0 0 0
0.6087 0.0076 -0.0035 30 0 0 0
0.6087 0.0076 -0.0035 30 0 0 0
0.6087 0.0076 -0.0035 30 0 0 0
0.6087 0.0076 -0.0035 30 0 0 0
0.6087 0.0076 -0.0035 30 0 0 0
0.6739 0.0074 -0.0022 30 0 0 0
0.6739 0.0074 -0.0022 30 0 0 0
0.6739 0.0074 -0.0022 30 0 0 0
0.6739 0.0074 -0.0022 30 0 0 0
0.6739 0.0074 -0.0022 30 0 0 0
0.6739 0.0074 -0.0022 30 0 0 0
0.6739 0.0074 -0.0022 30 0 0 0
0.6739 0.0074 -0.0022 30 0 0 0
0.5435 0.0074 -0.0022 30 0 0 0
0.5435 0.0074 -0.0022 30 0 0 0
0.5435 0.0074 -0.0022 30 0 0 0
0.5435 0.0074 -0.0022 30 0 0 0
0.5435 0.0074 -0.0022 30 0 0 0
0.5435 0.0074 -0.0022 30 0 0 0
0.5435 0.0075 -0.0013 30 0 0 0
0.6304 0.0075 -0.0013 30 0 0 0
0.6304 0.0075 -0.0013 30 0 0 0
0.6304 0.0075 -0.0013 30 0 0 0
0.6304 0.0075 -0.0013 30 0 0 0
0.6304 0.0075 -0.0013 30 0 0 0
0.6087 0.0075 -0.0011 30 0 0 0
0.6087 0.0075 -0.0011 30 0 0 0
0.6087 0.0075 -0.0011 30 0 0 0
0.6087 0.0075 -0.0011 30 0 0 0
0.6087 0.0075 -0.0011 30 0 0 0
0.6087 0.0075 -0.0011 30 0 0 0
0.6087 0.0075 -0.0011 30 0 0 0
0.6087 0.0075 -0.0011 30 0 0 0
0.6087 0.0074 -0.0003 30 0 0 0
0.6087 0.0074 -0.0003 30 0 0 0
0.6087 0.0074 -0.0003 30 0 0 0
0.6087 0.0074 -0.0003 30 0 0 0
0.6087 0.0074 -0.0003 30 0 0 0
0.6087 0.0074 -0.0003 30 0 0 0
0.6087 0.0074 -0.0003 30 0 0 0
0.6087 0.0073 0.0011 30 0 0 0
0.5870 0.0073 0.0011 30 0 0 0
0.5870 0.0073 0.0011 30 0 0 0
0.5870 0.0073 0.0011 30 0 0 0
0.5870 0.0073 0.0011 30 0 0 0
0.5870 0.0073 0.0011 30 0 0 0
0.5217 0.0076 0.0010 30 0 0 0
0.5217 0.0076 0.0010 30 0 0 0
0.5217 0.0076 0.0010 30 0 0 0
0.5217 0.0076 0.0010 30 0 0 0
0.5217 0.0076 0.0010 30 0 0 0
0.5217 0.0076 0.0010 30 0 0 0
0.5217 0.0076 0.0010 30 0 0 0
0.5217 0.0076 0.0010 30 0 0 0
0.5217 0.0076 0.0010 30 0 0 0
0.5435 0.0084 0.0017 30 0 0 0
0.5435 0.0084 0.0017 30 0 0 0
0.5435 0.0084 0.0017 30 0 0 0
0.5435 0.0084 0.0017 30 0 0 0
0.5435 0.0084 0.0017 30 0 0 0
0.5435 0.0084 0.0017 30 0 0 0
0.5435 0.0089 0.0018 30 0 0 0
0.5217 0.0089 0.0018 30 0 0 0
0.5217 0.0089 0.0018 30 0 0 0
0.5217 0.0089 0.0018 30 0 0 0
0.5217 0.0089 0.0018 30 0 0 0
0.5217 0.0089 0.0018 30 0 0 0
0.5217 0.0092 0.0023 30 0 0 0
0.5217 0.0092 0.0023 30 0 0 0
0.5217 0.0092 0.0023 30 0 0 0
0.5217 0.0092 0.0023 30 0 0 0
0.5217 0.0092 0.0023 30 0 0 0
0.5217 0.0092 0.0023 30 0 0 0
0.5217 0.0092 0.0023 30 0 0 0
0.5217 0.0092 0.0023 30 0 0 0
0.5217 0.0092 0.0023 30 0 0 0
0.5217 0.0095 0.0032 30 0 0 0
0.5000 0.0095 0.0032 30 0 0 0
0.5000 0.0095 0.0032 30 0 0 0
0.5000 0.0095 0.0032 30 0 0 0
0.5000 0.0095 0.0032 30 0 0 0
0.5652 0.0098 0.0027 30 0 0 0
0.5652 0.0098 0.0027 30 0 0 0
0.5652 0.0098 0.0027 30 0 0 0
0.5652 0.0098 0.0027 30 0 0 0
0.5652 0.0098 0.0027 30 0 0 0
0.5652 0.0098 0.0027 30 0 0 0
0.5652 0.0098 0.0027 30 0 0 0
0.5000 0.0102 0.0008 30 0 0 0
0.5000 0.0102 0.0008 30 0 0 0
0.5000 0.0102 0.0008 30 0 0 0
0.5000 0.0102 0.0008 30 0 0 0
0.5000 0.0102 0.0008 30 0 0 0
0.5000 0.0102 0.0008 30 0 0 0
0.5000 0.0102 0.0008 30 0 0 0
0.5000 0.0107 0.0009 30 0 0 0
0.5435 0.0107 0.0009 30 0 0 0
0.5435 0.0107 0.0009 30 0 0 0
0.5435 0.0107 0.0009 30 0 0 0
0.5435 0.0107 0.0009 30 0 0 0
0.5435 0.0107 0.0009 30 0 0 0
0.5435 0.0113 0.0019 30 0 0 0
0.6087 0.0113 0.0019 30 0 0 0
0.6087 0.0113 0.0019 30 0 0 0
0.6087 0.0113 0.0019 30 0 0 0
0.6087 0.0113 0.0019 30 0 0 0
0.6087 0.0113 0.0019 30 0 0 0
0.6087 0.0113 0.0019 30 0 0 0
0.6087 0.0113 0.0019 30 0 0 0
0.6087 0.0113 0.0019 30 0 0 0
0.6087 0.0120 0.0011 0 0 0 0
0.5870 0.0131 0.0038 30 0 0 0
0.5870 0.0139 0.0023 30 0 0 0
0.5435 0.0143 0.0033 30 0 0 0
0.5870 0.0143 0.0033 30 0 0 0
0.5870 0.0138 0.0042 30 0 0 0
0.6304 0.0138 0.0042 30 0 0 0
0.5870 0.0133 0.0046 30 0 0 0
0.5870 0.0121 0.0037 30 0 0 0
0.5870 0.0121 0.0037 30 0 0 0
0.5435 0.0120 0.0043 30 0 0 0
0.5435 0.0120 0.0043 30 0 0 0
0.5435 0.0120 0.0043 30 0 0 0
0.5435 0.0120 0.0043 30 0 0 0
0.5435 0.0120 0.0043 30 0 0 0
0.5435 0.0120 0.0043 30 0 0 0
0.5435 0.0120 0.0043 30 0 0 0
0.6087 0.0127 0.0040 30 0 0 0
0.6087 0.0127 0.0040 30 0 0 0
0.6087 0.0127 0.0040 30 0 0 0
0.6087 0.0127 0.0040 30 0 0 0
0.6087 0.0127 0.0040 30 0 0 0
0.6087 0.0127 0.0040 30 0 0 0
0.6087 0.0135 0.0045 30 0 0 0
0.6087 0.0135 0.0045 30 0 0 0
0.6087 0.0135 0.0045 30 0 0 0
0.6087 0.0135 0.0045 30 0 0 0
0.6087 0.0135 0.0045 30 0 0 0
0.6087 0.0135 0.0045 30 0 0 0
0.5217 0.0141 0.0042 30 0 0 0
0.5217 0.0141 0.0042 30 0 0 0
0.5217 0.0141 0.0042 30 0 0 0
0.5217 0.0141 0.0042 30 0 0 0
0.5217 0.0141 0.0042 30 0 0 0
0.5217 0.0141 0.0042 30 0 0 0
0.5217 0.0141 0.0042 30 0 0 0
0.5217 0.0141 0.0042 0 0 0 0
0.5652 0.0109 0.0055 -30 0 0 0
0.5652 0.0109 0.0055 -30 0 0 0
0.5652 0.0125 -0.0053 -30 0 0 0
0.5652 0.0125 -0.0053 -30 0 0 0
0.5000 0.0128 -0.0070 -30 0 0 0
0.5000 0.0128 -0.0070 -30 0 0 0
0.5000 0.0127 -0.0048 -30 0 0 0
0.6087 0.0127 -0.0048 -30 0 0 0
0.6087 0.0125 -0.0059 -30 0 0 0
0.6957 0.0125 -0.0059 -30 0 0 0
0.6087 0.0118 -0.0080 -30 0 0 0
0.5870 0.0113 -0.0095 -30 0 0 0
0.5870 0.0113 -0.0095 -30 0 0 0
0.5870 0.0113 -0.0095 -30 0 0 0
0.5870 0.0113 -0.0095 -30 0 0 0
0.5870 0.0113 -0.0095 -30 0 0 0
0.5870 0.0113 -0.0095 -30 0 0 0
0.5870 0.0108 -0.0115 -30 0 0 0
0.5870 0.0108 -0.0115 -30 0 0 0
0.5870 0.0108 -0.0115 -30 0 0 0
0.5870 0.0108 -0.0115 -30 0 0 0
0.5870 0.0108 -0.0115 -30 0 0 0
0.5870 0.0108 -0.0115 -30 0 0 0
0.5870 0.0108 -0.0115 -30 0 0 0
0.5870 0.0108 -0.0115 -30 0 0 0
0.6522 0.0103 -0.0107 -30 0 0 0
0.6522 0.0103 -0.0107 -30 0 0 0
0.6522 0.0103 -0.0107 -30 0 0 0
0.6522 0.0103 -0.0107 -30 0 0 0
0.6522 0.0103 -0.0107 -30 0 0 0
0.6522 0.0103 -0.0107 0 0 0 0
0.6522 0.0089 -0.0112 -30 0 0 0
0.6304 0.0089 -0.0112 -30 0 0 0
0.6304 0.0089 -0.0112 -30 0 0 0
0.6522 0.0086 -0.0107 -30 0 0 0
0.6522 0.0086 -0.0107 -30 0 0 0
0.6522 0.0086 -0.0107 -30 0 0 0
0.6522 0.0086 -0.0107 -30 0 0 0
0.6522 0.0086 -0.0107 -30 0 0 0
0.6522 0.0086 -0.0107 -30 0 0 0
0.6522 0.0086 -0.0107 -30 0 0 0
0.6522 0.0087 -0.0091 -30 0 0 0
0.5435 0.0087 -0.0091 -30 0 0 0
0.5652 0.0094 -0.0091 -30 0 0 0
0.5652 0.0094 -0.0091 -30 0 0 0
0.5652 0.0094 -0.0091 -30 0 0 0
0.5652 0.0094 -0.0091 -30 0 0 0
0.5652 0.0106 -0.0151 -30 0 0 0
0.5652 0.0106 -0.0151 -30 0 0 0
0.5652 0.0106 -0.0151 -30 0 0 0
0.5652 0.0106 -0.0151 -30 0 0 0
0.5652 0.0106 -0.0151 -30 0 0 0
0.5652 0.0106 -0.0151 -30 0 0 0
0.5652 0.0106 -0.0151 -30 0 0 0
0.5652 0.0106 -0.0151 -30 0 0 0
0.5652 0.0106 -0.0151 -30 0 0 0
0.5652 0.0106 -0.0151 -30 0 0 0
0.5870 0.0110 -0.0124 -30 0 0 0
0.5870 0.0110 -0.0124 -30 0 0 0
0.5870 0.0110 -0.0124 -30 0 0 0
0.5870 0.0110 -0.0124 -30 0 0 0
0.6522 0.0113 -0.0102 -30 0 0 0
0.6522 0.0113 -0.0102 -30 0 0 0
0.6522 0.0113 -0.0102 -30 0 0 0
0.6522 0.0113 -0.0102 0 0 0 0
0.5652 0.0033 0.0068 0 0 0 30
0.6087 0.0043 0.0026 0 0 0 30
0.6087 0.0047 0.0014 0 0 0 30
0.6087 0.0047 0.0014 0 0 0 30
0.6087 0.0047 0.0014 0 0 0 30
0.6087 0.0043 0.0083 0 0 0 30
0.6087 0.0043 0.0083 0 0 0 30
0.6087 0.0043 0.0083 0 0 0 30
0.6087 0.0036 0.0106 0 0 0 30
0.6304 0.0036 0.0106 0 0 0 30
0.5870 0.0029 0.0101 0 0 0 30
0.5870 0.0029 0.0101 0 0 0 30
0.5870 0.0029 0.0101 0 0 0 30
0.5870 0.0029 0.0101 0 0 0 0
