0.6522 0.0106 0.0231 0 0 0 -30
0.6522 0.0115 0.0218 0 0 0 -30
0.5870 0.0115 0.0218 0 0 0 -30
0.5870 0.0112 0.0273 0 0 0 -30
0.5870 0.0112 0.0273 0 0 0 -30
0.6522 0.0099 0.0277 0 0 0 -30
0.6522 0.0099 0.0277 0 0 0 -30
0.6522 0.0107 0.0293 0 0 0 0
0.4783 0.0110 0.0116 0 0 0 -30
0.4783 0.0110 0.0116 0 0 0 -30
0.4565 0.0117 0.0030 0 0 0 -30
0.4565 0.0113 0.0054 0 0 0 -30
0.5000 0.0113 0.0054 0 0 0 -30
0.5000 0.0113 0.0054 0 0 0 -30
0.5652 0.0107 0.0073 0 0 0 -30
0.5652 0.0107 0.0073 0 0 0 -30
0.5435 0.0103 0.0096 0 0 0 -30
0.5652 0.0099 0.0063 0 0 0 0
0.5435 0.0092 0.0092 0 0 0 -30
0.5652 0.0092 0.0092 0 0 0 -30
0.5652 0.0096 0.0012 0 0 0 0
0.5217 0.0141 -0.1072 0 30 0 0
0.4783 0.0142 -0.1025 0 30 0 0
0.5652 0.0142 -0.1025 0 30 0 0
0.5217 0.0142 -0.1030 0 30 0 0
0.5217 0.0141 -0.1025 0 30 0 0
0.5435 0.0141 -0.1025 0 30 0 0
0.5435 0.0141 -0.1025 0 30 0 0
0.5652 0.0142 -0.1025 0 30 0 0
0.5652 0.0142 -0.1025 0 30 0 0
0.5435 0.0143 -0.1047 0 30 0 0
0.5435 0.0143 -0.1047 0 30 0 0
0.5435 0.0143 -0.1047 0 30 0 0
0.5435 0.0143 -0.1047 0 30 0 0
0.5435 0.0142 -0.1046 0 30 0 0
0.5435 0.0142 -0.1046 0 30 0 0
0.5435 0.0142 -0.1046 0 30 0 0
0.5435 0.0142 -0.1046 0 30 0 0
0.5435 0.0142 -0.1046 0 30 0 0
0.5435 0.0142 -0.1046 0 30 0 0
0.5435 0.0142 -0.1046 0 30 0 0
0.5435 0.0142 -0.1046 0 30 0 0
0.5435 0.0137 -0.1039 0 30 0 0
0.5870 0.0137 -0.1039 0 30 0 0
0.5870 0.0137 -0.1039 0 30 0 0
0.5870 0.0137 -0.1039 0 30 0 0
0.5870 0.0137 -0.1039 0 30 0 0
0.5870 0.0137 -0.1039 0 30 0 0
0.5870 0.0137 -0.1039 0 30 0 0
0.5870 0.0137 -0.1039 0 30 0 0
0.5435 0.0135 -0.1040 0 30 0 0
0.5435 0.0135 -0.1040 0 30 0 0
0.5435 0.0135 -0.1040 0 30 0 0
0.5870 0.0140 -0.1038 0 30 0 0
0.5870 0.0140 -0.1038 0 30 0 0
0.5870 0.0140 -0.1038 0 30 0 0
0.5870 0.0140 -0.1038 0 30 0 0
0.5870 0.0140 -0.1038 0 30 0 0
0.5870 0.0140 -0.1038 0 30 0 0
0.5870 0.0140 -0.1038 0 30 0 0
0.5870 0.0140 -0.1038 0 30 0 0
0.5870 0.0150 -0.1039 0 30 0 0
0.5435 0.0150 -0.1039 0 30 0 0
0.5435 0.0150 -0.1039 0 30 0 0
0.5435 0.0150 -0.1039 0 30 0 0
0.5435 0.0150 -0.1039 0 30 0 0
0.5435 0.0159 -0.1041 0 30 0 0
0.5217 0.0159 -0.1041 0 30 0 0
0.5217 0.0159 -0.1041 0 30 0 0
0.5217 0.0159 -0.1041 0 30 0 0
0.5217 0.0159 -0.1041 0 30 0 0
0.5217 0.0159 -0.1041 0 30 0 0
0.5217 0.0159 -0.1041 0 30 0 0
0.5217 0.0165 -0.1037 0 30 0 0
0.5435 0.0165 -0.1037 0 30 0 0
0.5435 0.0165 -0.1037 0 30 0 0
0.5435 0.0165 -0.1037 0 30 0 0
0.5435 0.0165 -0.1037 0 30 0 0
0.5435 0.0165 -0.1037 0 30 0 0
0.5435 0.0165 -0.1037 0 30 0 0
0.5435 0.0165 -0.1037 0 30 0 0
0.5217 0.0168 -0.1033 0 30 0 0
0.5217 0.0168 -0.1033 0 30 0 0
0.5217 0.0168 -0.1033 0 30 0 0
0.5217 0.0168 -0.1033 0 30 0 0
0.5217 0.0168 -0.1033 0 30 0 0
0.5217 0.0168 -0.1033 0 30 0 0
0.5217 0.0168 -0.1033 0 30 0 0
0.5870 0.0170 -0.1031 0 30 0 0
0.5870 0.0170 -0.1031 0 30 0 0
0.5870 0.0170 -0.1031 0 30 0 0
0.5870 0.0170 -0.1031 0 30 0 0
0.5870 0.0170 -0.1031 0 30 0 0
0.5870 0.0172 -0.1033 0 30 0 0
0.5435 0.0172 -0.1033 0 30 0 0
0.5435 0.0172 -0.1033 0 30 0 0
0.5435 0.0172 -0.1033 0 30 0 0
0.5435 0.0172 -0.1033 0 30 0 0
0.5435 0.0172 -0.1033 0 30 0 0
0.5435 0.0172 -0.1033 0 30 0 0
0.5435 0.0172 -0.1033 0 30 0 0
0.5435 0.0172 -0.1033 0 30 0 0
0.5435 0.0173 -0.1028 0 30 0 0
0.5435 0.0173 -0.1028 0 30 0 0
0.5435 0.0173 -0.1028 0 30 0 0
0.5435 0.0173 -0.1028 0 30 0 0
0.5435 0.0173 -0.1028 0 30 0 0
0.5435 0.0173 -0.1028 0 30 0 0
0.5000 0.0173 -0.1032 0 30 0 0
0.5000 0.0173 -0.1032 0 30 0 0
0.5000 0.0173 -0.1032 0 30 0 0
0.5000 0.0173 -0.1032 0 30 0 0
0.5000 0.0173 -0.1032 0 30 0 0
0.5000 0.0173 -0.1030 0 30 0 0
0.5435 0.0173 -0.1030 0 30 0 0
0.5435 0.0173 -0.1030 0 30 0 0
0.5435 0.0173 -0.1030 0 30 0 0
0.5435 0.0173 -0.1030 0 30 0 0
0.5435 0.0173 -0.1030 0 30 0 0
0.5435 0.0173 -0.1030 0 30 0 0
0.5435 0.0173 -0.1030 0 30 0 0
0.5435 0.0176 -0.1036 0 30 0 0
0.6087 0.0176 -0.1036 0 30 0 0
0.6087 0.0176 -0.1036 0 30 0 0
0.6087 0.0176 -0.1036 0 30 0 0
0.6087 0.0176 -0.1036 0 30 0 0
0.6087 0.0176 -0.1036 0 30 0 0
0.6087 0.0176 -0.1036 0 30 0 0
0.6087 0.0176 -0.1036 0 30 0 0
0.5652 0.0179 -0.1036 0 30 0 0
0.5652 0.0179 -0.1036 0 30 0 0
0.5652 0.0179 -0.1036 0 30 0 0
0.5652 0.0179 -0.1036 0 30 0 0
0.5652 0.0179 -0.1036 0 30 0 0
0.5652 0.0179 -0.1036 0 30 0 0
0.5652 0.0179 -0.1036 0 30 0 0
0.5652 0.0185 -0.1035 0 30 0 0
0.5870 0.0185 -0.1035 0 30 0 0
0.5870 0.0185 -0.1035 0 30 0 0
0.5870 0.0185 -0.1035 0 30 0 0
0.5870 0.0185 -0.1035 0 30 0 0
0.5870 0.0185 -0.1035 0 30 0 0
0.5870 0.0185 -0.1035 0 30 0 0
0.5435 0.0187 -0.1039 0 30 0 0
0.5435 0.0187 -0.1039 0 30 0 0
0.5435 0.0187 -0.1039 0 30 0 0
0.5435 0.0187 -0.1039 0 30 0 0
0.5435 0.0187 -0.1039 0 30 0 0
0.5435 0.0187 -0.1039 0 30 0 0
0.5435 0.0187 -0.1039 0 30 0 0
0.5435 0.0187 -0.1039 0 30 0 0
0.5435 0.0187 -0.1039 0 30 0 0
0.5435 0.0187 -0.1039 0 30 0 0
0.5435 0.0187 -0.1039 0 30 0 0
0.5435 0.0187 -0.1039 0 30 0 0
0.5652 0.0185 -0.1056 0 30 0 0
0.5652 0.0185 -0.1056 0 30 0 0
0.5652 0.0185 -0.1056 0 30 0 0
0.5652 0.0185 -0.1056 0 30 0 0
0.5435 0.0180 -0.1043 0 30 0 0
0.5435 0.0177 -0.1034 0 30 0 0
0.5217 0.0177 -0.1034 0 30 0 0
0.5217 0.0177 -0.1034 0 30 0 0
0.5217 0.0177 -0.1034 0 30 0 0
0.5217 0.0177 -0.1034 0 30 0 0
0.5217 0.0177 -0.1034 0 30 0 0
0.5652 0.0175 -0.1027 0 30 0 0
0.5652 0.0175 -0.1027 0 30 0 0
0.5652 0.0175 -0.1027 0 30 0 0
0.5652 0.0175 -0.1027 0 30 0 0
0.5652 0.0175 -0.1027 0 30 0 0
0.5652 0.0175 -0.1027 0 30 0 0
0.5652 0.0175 -0.1027 0 30 0 0
0.5652 0.0175 -0.1027 0 30 0 0
0.5652 0.0173 -0.1025 0 30 0 0
0.4565 0.0173 -0.1025 0 30 0 0
0.4565 0.0173 -0.1025 0 30 0 0
0.4565 0.0173 -0.1025 0 30 0 0
0.4565 0.0173 -0.1025 0 30 0 0
0.4565 0.0173 -0.1025 0 30 0 0
0.4565 0.0172 -0.1034 0 30 0 0
0.6087 0.0172 -0.1034 0 30 0 0
0.6087 0.0172 -0.1034 0 30 0 0
0.6087 0.0172 -0.1034 0 30 0 0
0.6087 0.0172 -0.1034 0 30 0 0
0.6087 0.0172 -0.1034 0 30 0 0
0.6087 0.0170 -0.1033 0 30 0 0
0.6304 0.0170 -0.1033 0 30 0 0
0.6304 0.0170 -0.1033 0 30 0 0
0.6304 0.0170 -0.1033 0 30 0 0
0.6304 0.0170 -0.1033 0 30 0 0
0.6304 0.0170 -0.1033 0 30 0 0
0.6304 0.0170 -0.1033 0 30 0 0
0.6304 0.0170 -0.1033 0 30 0 0
0.6304 0.0170 -0.1033 0 30 0 0
0.5870 0.0171 -0.1039 0 30 0 0
0.5870 0.0171 -0.1039 0 30 0 0
0.5870 0.0171 -0.1039 0 30 0 0
0.5870 0.0171 -0.1039 0 30 0 0
0.5870 0.0171 -0.1039 0 30 0 0
0.5870 0.0171 -0.1039 0 30 0 0
0.5870 0.0171 -0.1015 0 30 0 0
0.5000 0.0171 -0.1015 0 30 0 0
0.5000 0.0171 -0.1015 0 30 0 0
0.5000 0.0171 -0.1015 0 30 0 0
0.5000 0.0171 -0.1015 0 30 0 0
0.5000 0.0171 -0.1015 0 30 0 0
0.5435 0.0169 -0.1004 0 30 0 0
0.5435 0.0169 -0.1004 0 30 0 0
0.5435 0.0169 -0.1004 0 30 0 0
0.5435 0.0169 -0.1004 0 30 0 0
0.5435 0.0169 -0.1004 0 30 0 0
0.5435 0.0169 -0.1004 0 30 0 0
0.5435 0.0169 -0.1004 0 30 0 0
0.5435 0.0169 -0.1004 0 30 0 0
0.6304 0.0167 -0.0973 0 30 0 0
0.6304 0.0167 -0.0973 0 30 0 0
0.6304 0.0167 -0.0973 0 30 0 0
0.6304 0.0167 -0.0973 0 30 0 0
0.6304 0.0167 -0.0973 0 30 0 0
0.6304 0.0167 -0.0973 0 30 0 0
0.5435 0.0167 -0.0980 0 30 0 0
0.5435 0.0167 -0.0980 0 30 0 0
0.5435 0.0167 -0.0980 0 30 0 0
0.5435 0.0167 -0.0980 0 30 0 0
0.5435 0.0167 -0.0980 0 30 0 0
0.5435 0.0167 -0.0980 0 30 0 0
0.5435 0.0167 -0.0980 0 30 0 0
0.5217 0.0169 -0.0962 0 30 0 0
0.5217 0.0169 -0.0962 0 30 0 0
0.5217 0.0169 -0.0962 0 30 0 0
0.5217 0.0169 -0.0962 0 30 0 0
0.5217 0.0169 -0.0962 0 30 0 0
0.5217 0.0171 -0.0949 0 30 0 0
0.5000 0.0171 -0.0949 0 30 0 0
0.5000 0.0171 -0.0949 0 30 0 0
0.5000 0.0171 -0.0949 0 30 0 0
0.5000 0.0171 -0.0949 0 30 0 0
0.5000 0.0171 -0.0949 0 30 0 0
0.5000 0.0171 -0.0949 0 30 0 0
0.5000 0.0171 -0.0949 0 30 0 0
0.5000 0.0171 -0.0949 0 30 0 0
0.5000 0.0171 -0.0949 0 30 0 0
0.5000 0.0171 -0.0949 0 30 0 0
0.5000 0.0171 -0.0949 0 30 0 0
0.5000 0.0171 -0.0949 0 30 0 0
0.5000 0.0171 -0.0949 0 30 0 0
0.5000 0.0171 -0.0949 0 30 0 0
0.5000 0.0171 -0.0949 0 30 0 0
0.5000 0.0171 -0.0949 0 30 0 0
0.5000 0.0171 -0.0949 0 30 0 0
0.5000 0.0171 -0.0949 0 30 0 0
0.5000 0.0171 -0.0949 0 30 0 0
0.5000 0.0171 -0.0949 0 30 0 0
0.6087 0.0172 -0.0946 0 30 0 0
0.6087 0.0172 -0.0946 0 30 0 0
0.5652 0.0174 -0.0950 0 30 0 0
0.5652 0.0174 -0.0950 0 30 0 0
0.6087 0.0174 -0.0951 0 30 0 0
0.6087 0.0174 -0.0951 0 30 0 0
0.6087 0.0174 -0.0951 0 30 0 0
0.6087 0.0174 -0.0951 0 30 0 0
0.6087 0.0173 -0.0948 0 30 0 0
0.6087 0.0173 -0.0948 0 30 0 0
0.6087 0.0173 -0.0948 0 30 0 0
0.6087 0.0173 -0.0948 0 30 0 0
0.6087 0.0173 -0.0948 0 30 0 0
0.6087 0.0173 -0.0948 0 30 0 0
0.6087 0.0173 -0.0948 0 30 0 0
0.6522 0.0173 -0.0930 0 30 0 0
0.6522 0.0173 -0.0930 0 30 0 0
0.6522 0.0173 -0.0930 0 30 0 0
0.6522 0.0173 -0.0930 0 30 0 0
0.6522 0.0173 -0.0930 0 30 0 0
0.6522 0.0173 -0.0930 0 30 0 0
0.6522 0.0173 -0.0930 0 30 0 0
0.6522 0.0173 -0.0930 0 30 0 0
0.4783 0.0170 -0.0904 0 30 0 0
0.4783 0.0170 -0.0904 0 30 0 0
0.4783 0.0170 -0.0904 0 30 0 0
0.4783 0.0170 -0.0904 0 30 0 0
0.4783 0.0170 -0.0904 0 30 0 0
0.4783 0.0170 -0.0904 0 30 0 0
0.5435 0.0168 -0.0917 0 30 0 0
0.5435 0.0168 -0.0917 0 30 0 0
0.5435 0.0168 -0.0917 0 30 0 0
0.5435 0.0168 -0.0917 0 30 0 0
0.5435 0.0168 -0.0917 0 30 0 0
0.5435 0.0168 -0.0917 0 30 0 0
0.5435 0.0168 -0.0917 0 30 0 0
0.5435 0.0168 -0.0917 0 30 0 0
0.5435 0.0168 -0.0917 0 30 0 0
0.5435 0.0168 -0.0917 0 0 0 0
0.4783 0.0168 -0.0917 30 0 0 0
0.5870 0.0171 -0.0908 30 0 0 0
0.5652 0.0175 -0.0908 30 0 0 0
0.5652 0.0181 -0.0899 30 0 0 0
0.5000 0.0181 -0.0899 30 0 0 0
0.5000 0.0181 -0.0899 30 0 0 0
0.5000 0.0181 -0.0899 30 0 0 0
0.5000 0.0189 -0.0868 30 0 0 0
0.5000 0.0189 -0.0868 30 0 0 0
0.5000 0.0189 -0.0868 30 0 0 0
0.5000 0.0189 -0.0868 30 0 0 0
0.5000 0.0189 -0.0868 30 0 0 0
0.5000 0.0189 -0.0868 30 0 0 0
0.5000 0.0189 -0.0868 30 0 0 0
0.5435 0.0195 -0.0869 30 0 0 0
0.5435 0.0195 -0.0869 30 0 0 0
0.5435 0.0195 -0.0869 30 0 0 0
0.5435 0.0195 -0.0869 30 0 0 0
0.5435 0.0195 -0.0869 30 0 0 0
0.5435 0.0195 -0.0869 30 0 0 0
0.6304 0.0189 -0.0838 30 0 0 0
0.6304 0.0189 -0.0838 30 0 0 0
0.6304 0.0189 -0.0838 30 0 0 0
0.6304 0.0189 -0.0838 30 0 0 0
0.6304 0.0189 -0.0838 30 0 0 0
0.6304 0.0189 -0.0838 30 0 0 0
0.6304 0.0189 -0.0838 30 0 0 0
0.6304 0.0189 -0.0838 30 0 0 0
0.6304 0.0189 -0.0838 30 0 0 0
0.6304 0.0189 -0.0838 30 0 0 0
0.6304 0.0189 -0.0838 30 0 0 0
0.6304 0.0189 -0.0838 30 0 0 0
0.6304 0.0189 -0.0838 30 0 0 0
0.6304 0.0189 -0.0838 30 0 0 0
0.6304 0.0189 -0.0838 30 0 0 0
0.6304 0.0189 -0.0838 30 0 0 0
0.6304 0.0189 -0.0838 30 0 0 0
0.6304 0.0189 -0.0838 30 0 0 0
0.6304 0.0189 -0.0838 30 0 0 0
0.6304 0.0189 -0.0838 30 0 0 0
0.6087 0.0168 -0.0855 30 0 0 0
0.6087 0.0168 -0.0855 30 0 0 0
0.6087 0.0168 -0.0855 30 0 0 0
0.6087 0.0168 -0.0855 30 0 0 0
0.6957 0.0158 -0.0860 30 0 0 0
0.6957 0.0158 -0.0860 30 0 0 0
0.5652 0.0151 -0.0868 30 0 0 0
0.5652 0.0150 -0.0869 30 0 0 0
0.5652 0.0150 -0.0869 30 0 0 0
0.5652 0.0150 -0.0869 30 0 0 0
0.5652 0.0150 -0.0869 30 0 0 0
0.5652 0.0150 -0.0869 30 0 0 0
0.5652 0.0150 -0.0869 30 0 0 0
0.5652 0.0150 -0.0869 30 0 0 0
0.5652 0.0152 -0.0894 30 0 0 0
0.5435 0.0152 -0.0894 30 0 0 0
0.5435 0.0152 -0.0894 30 0 0 0
0.5435 0.0152 -0.0894 30 0 0 0
0.5435 0.0152 -0.0894 30 0 0 0
0.5435 0.0152 -0.0894 30 0 0 0
0.5435 0.0155 -0.0901 30 0 0 0
0.5217 0.0155 -0.0901 30 0 0 0
0.5217 0.0155 -0.0901 30 0 0 0
0.5217 0.0155 -0.0901 30 0 0 0
0.5217 0.0155 -0.0901 30 0 0 0
0.5217 0.0155 -0.0901 30 0 0 0
0.5217 0.0155 -0.0901 30 0 0 0
0.5217 0.0155 -0.0901 30 0 0 0
0.5217 0.0159 -0.0909 30 0 0 0
0.5870 0.0159 -0.0909 30 0 0 0
0.5870 0.0159 -0.0909 30 0 0 0
0.5870 0.0159 -0.0909 30 0 0 0
0.5870 0.0159 -0.0909 30 0 0 0
0.5870 0.0159 -0.0909 30 0 0 0
0.5870 0.0159 -0.0909 30 0 0 0
0.5652 0.0159 -0.0924 30 0 0 0
0.5652 0.0159 -0.0924 30 0 0 0
0.5652 0.0159 -0.0924 30 0 0 0
0.5652 0.0159 -0.0924 30 0 0 0
0.5652 0.0159 -0.0924 30 0 0 0
0.5652 0.0159 -0.0924 30 0 0 0
0.5652 0.0159 -0.0924 30 0 0 0
0.5652 0.0159 -0.0924 30 0 0 0
0.5652 0.0159 -0.0924 30 0 0 0
0.5652 0.0159 -0.0924 30 0 0 0
0.5652 0.0159 -0.0924 30 0 0 0
0.5652 0.0159 -0.0924 30 0 0 0
0.5652 0.0159 -0.0924 30 0 0 0
0.5652 0.0159 -0.0924 30 0 0 0
0.5652 0.0159 -0.0924 30 0 0 0
0.5435 0.0157 -0.0930 30 0 0 0
0.5435 0.0157 -0.0930 30 0 0 0
0.5435 0.0157 -0.0930 30 0 0 0
0.5435 0.0157 -0.0930 30 0 0 0
0.5435 0.0157 -0.0930 30 0 0 0
0.5435 0.0156 -0.0935 30 0 0 0
0.5870 0.0156 -0.0935 30 0 0 0
0.5652 0.0155 -0.0929 30 0 0 0
0.5652 0.0155 -0.0929 30 0 0 0
0.5652 0.0155 -0.0929 30 0 0 0
0.5652 0.0155 -0.0929 30 0 0 0
0.5435 0.0155 -0.0917 30 0 0 0
0.5435 0.0155 -0.0917 30 0 0 0
0.5435 0.0155 -0.0917 30 0 0 0
0.5435 0.0155 -0.0917 30 0 0 0
0.5435 0.0155 -0.0917 30 0 0 0
0.5435 0.0155 -0.0917 30 0 0 0
0.5435 0.0155 -0.0917 30 0 0 0
0.6522 0.0155 -0.0906 30 0 0 0
0.6522 0.0155 -0.0906 30 0 0 0
0.6522 0.0155 -0.0906 30 0 0 0
0.6522 0.0155 -0.0906 30 0 0 0
0.6522 0.0155 -0.0906 30 0 0 0
0.6522 0.0155 -0.0906 30 0 0 0
0.6522 0.0155 -0.0906 30 0 0 0
0.5652 0.0153 -0.0892 30 0 0 0
0.5652 0.0153 -0.0892 30 0 0 0
0.5652 0.0153 -0.0892 30 0 0 0
0.5652 0.0153 -0.0892 30 0 0 0
0.5652 0.0153 -0.0892 30 0 0 0
0.5652 0.0153 -0.0892 30 0 0 0
0.5652 0.0153 -0.0892 30 0 0 0
0.5652 0.0153 -0.0892 30 0 0 0
0.5652 0.0153 -0.0892 30 0 0 0
0.5652 0.0153 -0.0892 30 0 0 0
0.5652 0.0153 -0.0892 30 0 0 0
0.5652 0.0153 -0.0892 30 0 0 0
0.5652 0.0153 -0.0892 30 0 0 0
0.5652 0.0153 -0.0892 30 0 0 0
0.5652 0.0153 -0.0892 30 0 0 0
0.5652 0.0153 -0.0892 30 0 0 0
0.5652 0.0153 -0.0892 30 0 0 0
0.5652 0.0153 -0.0892 30 0 0 0
0.5652 0.0153 -0.0892 30 0 0 0
0.5652 0.0153 -0.0892 30 0 0 0
0.5652 0.0153 -0.0892 30 0 0 0
0.5652 0.0153 -0.0892 30 0 0 0
0.5652 0.0153 -0.0892 30 0 0 0
0.5652 0.0153 -0.0892 30 0 0 0
0.5652 0.0151 -0.0902 30 0 0 0
0.5652 0.0151 -0.0902 30 0 0 0
0.5435 0.0145 -0.0909 30 0 0 0
0.5435 0.0141 -0.0905 30 0 0 0
0.5435 0.0141 -0.0905 30 0 0 0
0.5435 0.0141 -0.0905 30 0 0 0
0.5435 0.0139 -0.0892 30 0 0 0
0.5435 0.0139 -0.0892 30 0 0 0
0.5435 0.0139 -0.0892 30 0 0 0
0.5435 0.0139 -0.0892 30 0 0 0
0.5435 0.0139 -0.0892 30 0 0 0
0.5435 0.0139 -0.0892 30 0 0 0
0.5652 0.0135 -0.0872 30 0 0 0
0.5652 0.0135 -0.0872 30 0 0 0
0.5652 0.0135 -0.0872 30 0 0 0
0.5652 0.0135 -0.0872 30 0 0 0
0.5652 0.0135 -0.0872 30 0 0 0
0.5652 0.0135 -0.0872 30 0 0 0
0.5652 0.0135 -0.0872 30 0 0 0
0.6087 0.0131 -0.0870 30 0 0 0
0.6087 0.0131 -0.0870 30 0 0 0
0.6087 0.0131 -0.0870 30 0 0 0
0.6087 0.0131 -0.0870 30 0 0 0
0.6087 0.0131 -0.0870 30 0 0 0
0.6087 0.0131 -0.0870 30 0 0 0
0.6087 0.0131 -0.0870 30 0 0 0
0.6087 0.0131 -0.0870 30 0 0 0
0.6087 0.0128 -0.0888 30 0 0 0
0.6304 0.0128 -0.0888 30 0 0 0
0.6304 0.0128 -0.0888 30 0 0 0
0.6304 0.0128 -0.0888 30 0 0 0
0.6304 0.0128 -0.0888 30 0 0 0
0.6304 0.0128 -0.0888 30 0 0 0
0.6304 0.0128 -0.0888 30 0 0 0
0.6304 0.0128 -0.0888 30 0 0 0
0.6304 0.0128 -0.0888 30 0 0 0
0.6304 0.0128 -0.0888 30 0 0 0
0.6304 0.0128 -0.0888 30 0 0 0
0.6304 0.0128 -0.0888 30 0 0 0
0.6304 0.0128 -0.0888 30 0 0 0
0.6304 0.0128 -0.0888 30 0 0 0
0.6522 0.0127 -0.0881 30 0 0 0
0.6522 0.0127 -0.0881 30 0 0 0
0.6522 0.0127 -0.0881 30 0 0 0
0.6522 0.0127 -0.0881 30 0 0 0
0.6522 0.0127 -0.0881 30 0 0 0
0.5435 0.0127 -0.0884 30 0 0 0
0.5870 0.0123 -0.0889 30 0 0 0
0.5870 0.0123 -0.0889 30 0 0 0
0.5870 0.0123 -0.0889 30 0 0 0
0.5870 0.0123 -0.0889 30 0 0 0
0.5870 0.0123 -0.0889 30 0 0 0
0.5870 0.0123 -0.0889 30 0 0 0
0.5870 0.0123 -0.0889 30 0 0 0
0.5870 0.0115 -0.0907 30 0 0 0
0.5870 0.0115 -0.0907 30 0 0 0
0.5870 0.0115 -0.0907 30 0 0 0
0.5870 0.0115 -0.0907 30 0 0 0
0.5870 0.0115 -0.0907 30 0 0 0
0.5870 0.0115 -0.0907 30 0 0 0
0.6304 0.0111 -0.0913 30 0 0 0
0.6304 0.0111 -0.0913 30 0 0 0
0.6304 0.0111 -0.0913 30 0 0 0
0.6304 0.0111 -0.0913 30 0 0 0
0.6304 0.0111 -0.0913 30 0 0 0
0.6304 0.0111 -0.0913 30 0 0 0
0.6304 0.0111 -0.0913 30 0 0 0
0.6304 0.0111 -0.0913 30 0 0 0
0.6304 0.0111 -0.0913 30 0 0 0
0.5870 0.0111 -0.0915 30 0 0 0
0.5870 0.0111 -0.0915 30 0 0 0
0.5870 0.0111 -0.0915 30 0 0 0
0.5870 0.0111 -0.0915 30 0 0 0
0.5870 0.0111 -0.0915 30 0 0 0
0.5870 0.0112 -0.0891 30 0 0 0
0.5870 0.0112 -0.0891 30 0 0 0
0.5870 0.0112 -0.0891 30 0 0 0
0.5870 0.0112 -0.0891 30 0 0 0
0.5870 0.0112 -0.0891 30 0 0 0
0.5870 0.0112 -0.0891 30 0 0 0
0.6957 0.0113 -0.0857 30 0 0 0
0.6957 0.0113 -0.0857 30 0 0 0
0.6957 0.0113 -0.0857 30 0 0 0
0.6957 0.0113 -0.0857 30 0 0 0
0.6957 0.0113 -0.0857 30 0 0 0
0.6957 0.0113 -0.0857 30 0 0 0
0.6957 0.0113 -0.0857 30 0 0 0
0.6957 0.0113 -0.0857 30 0 0 0
0.6957 0.0113 -0.0857 30 0 0 0
0.6957 0.0110 -0.0861 30 0 0 0
0.6304 0.0110 -0.0861 30 0 0 0
0.6304 0.0110 -0.0861 30 0 0 0
0.6304 0.0110 -0.0861 30 0 0 0
0.6304 0.0110 -0.0861 30 0 0 0
0.6304 0.0110 -0.0861 30 0 0 0
0.5000 0.0110 -0.0852 30 0 0 0
0.5000 0.0110 -0.0852 30 0 0 0
0.5000 0.0110 -0.0852 30 0 0 0
0.5000 0.0110 -0.0852 30 0 0 0
0.5000 0.0110 -0.0852 30 0 0 0
0.5000 0.0110 -0.0852 30 0 0 0
0.5652 0.0106 -0.0842 30 0 0 0
0.5652 0.0106 -0.0842 30 0 0 0
0.5652 0.0106 -0.0842 30 0 0 0
0.5652 0.0106 -0.0842 30 0 0 0
0.5652 0.0106 -0.0842 30 0 0 0
0.5652 0.0106 -0.0842 30 0 0 0
0.5652 0.0106 -0.0842 30 0 0 0
0.5652 0.0106 -0.0842 30 0 0 0
0.4348 0.0103 -0.0853 30 0 0 0
0.4348 0.0103 -0.0853 30 0 0 0
0.4348 0.0103 -0.0853 30 0 0 0
0.4348 0.0103 -0.0853 30 0 0 0
0.4348 0.0103 -0.0853 30 0 0 0
0.4348 0.0103 -0.0853 30 0 0 0
0.4348 0.0103 -0.0853 30 0 0 0
0.5652 0.0105 -0.0875 30 0 0 0
0.5652 0.0105 -0.0875 30 0 0 0
0.5652 0.0105 -0.0875 30 0 0 0
0.5652 0.0105 -0.0875 30 0 0 0
0.5652 0.0105 -0.0875 30 0 0 0
0.5652 0.0105 -0.0875 30 0 0 0
0.5652 0.0105 -0.0875 30 0 0 0
0.5652 0.0113 -0.0880 30 0 0 0
0.6304 0.0113 -0.0880 30 0 0 0
0.6304 0.0113 -0.0880 30 0 0 0
0.6304 0.0113 -0.0880 30 0 0 0
0.6304 0.0113 -0.0880 30 0 0 0
0.6304 0.0113 -0.0880 30 0 0 0
0.6304 0.0113 -0.0880 30 0 0 0
0.6304 0.0113 -0.0880 30 0 0 0
0.5000 0.0118 -0.0867 30 0 0 0
0.5000 0.0118 -0.0867 30 0 0 0
0.5000 0.0118 -0.0867 30 0 0 0
0.5000 0.0118 -0.0867 30 0 0 0
0.5000 0.0118 -0.0867 30 0 0 0
0.5000 0.0121 -0.0862 30 0 0 0
0.5652 0.0121 -0.0862 30 0 0 0
0.5652 0.0121 -0.0862 30 0 0 0
0.5652 0.0121 -0.0862 30 0 0 0
0.5652 0.0121 -0.0862 30 0 0 0
0.5652 0.0121 -0.0862 30 0 0 0
0.5652 0.0121 -0.0862 30 0 0 0
0.5870 0.0121 -0.0884 30 0 0 0
0.5870 0.0121 -0.0884 30 0 0 0
0.5870 0.0121 -0.0884 30 0 0 0
0.5870 0.0121 -0.0884 30 0 0 0
0.5870 0.0121 -0.0884 30 0 0 0
0.5870 0.0121 -0.0884 30 0 0 0
0.5870 0.0121 -0.0884 30 0 0 0
0.5870 0.0121 -0.0884 30 0 0 0
0.5217 0.0121 -0.0926 30 0 0 0
0.5217 0.0121 -0.0926 30 0 0 0
0.5217 0.0121 -0.0926 30 0 0 0
0.5217 0.0121 -0.0926 30 0 0 0
0.5217 0.0121 -0.0926 30 0 0 0
0.5217 0.0121 -0.0926 30 0 0 0
0.5000 0.0124 -0.0926 30 0 0 0
0.5000 0.0124 -0.0926 30 0 0 0
0.5000 0.0124 -0.0926 30 0 0 0
0.5000 0.0124 -0.0926 30 0 0 0
0.5000 0.0124 -0.0926 30 0 0 0
0.5000 0.0124 -0.0926 30 0 0 0
0.5217 0.0129 -0.0895 30 0 0 0
0.5217 0.0129 -0.0895 30 0 0 0
0.5217 0.0129 -0.0895 30 0 0 0
0.5217 0.0129 -0.0895 30 0 0 0
0.5217 0.0129 -0.0895 30 0 0 0
0.5217 0.0129 -0.0895 30 0 0 0
0.5217 0.0129 -0.0895 30 0 0 0
0.5217 0.0129 -0.0895 30 0 0 0
0.5217 0.0129 -0.0895 30 0 0 0
0.5870 0.0137 -0.0885 30 0 0 0
0.5870 0.0137 -0.0885 30 0 0 0
0.5870 0.0137 -0.0885 30 0 0 0
0.5870 0.0137 -0.0885 30 0 0 0
0.5870 0.0137 -0.0885 30 0 0 0
0.5870 0.0137 -0.0885 30 0 0 0
0.6304 0.0140 -0.0873 30 0 0 0
0.6304 0.0140 -0.0873 30 0 0 0
0.6304 0.0140 -0.0873 30 0 0 0
0.6304 0.0140 -0.0873 30 0 0 0
0.6304 0.0140 -0.0873 30 0 0 0
0.6304 0.0140 -0.0873 30 0 0 0
0.6304 0.0144 -0.0886 30 0 0 0
0.6522 0.0144 -0.0886 30 0 0 0
0.6522 0.0144 -0.0886 30 0 0 0
0.6522 0.0144 -0.0886 30 0 0 0
0.6522 0.0144 -0.0886 30 0 0 0
0.6522 0.0144 -0.0886 30 0 0 0
0.6522 0.0144 -0.0886 30 0 0 0
0.6522 0.0144 -0.0886 30 0 0 0
0.6522 0.0144 -0.0886 30 0 0 0
0.6087 0.0150 -0.0879 30 0 0 0
0.6087 0.0150 -0.0879 30 0 0 0
0.6087 0.0150 -0.0879 30 0 0 0
0.6087 0.0150 -0.0879 30 0 0 0
0.6087 0.0150 -0.0879 30 0 0 0
0.6957 0.0156 -0.0921 30 0 0 0
0.6957 0.0156 -0.0921 30 0 0 0
0.6957 0.0156 -0.0921 30 0 0 0
0.6957 0.0156 -0.0921 30 0 0 0
0.6957 0.0156 -0.0921 30 0 0 0
0.6957 0.0156 -0.0921 30 0 0 0
0.5217 0.0158 -0.0911 30 0 0 0
0.5217 0.0158 -0.0911 30 0 0 0
0.5217 0.0158 -0.0911 30 0 0 0
0.5217 0.0158 -0.0911 30 0 0 0
0.5217 0.0158 -0.0911 30 0 0 0
0.5217 0.0158 -0.0911 30 0 0 0
0.5217 0.0158 -0.0911 30 0 0 0
0.5217 0.0158 -0.0911 30 0 0 0
0.5217 0.0158 -0.0911 30 0 0 0
0.5217 0.0156 -0.0958 30 0 0 0
0.5217 0.0156 -0.0958 30 0 0 0
0.5217 0.0156 -0.0958 30 0 0 0
0.5217 0.0156 -0.0958 30 0 0 0
0.5217 0.0156 -0.0958 30 0 0 0
0.5435 0.0155 -0.0940 30 0 0 0
0.5435 0.0155 -0.0940 30 0 0 0
0.5435 0.0155 -0.0940 30 0 0 0
0.5435 0.0155 -0.0940 30 0 0 0
0.5435 0.0155 -0.0940 30 0 0 0
0.5435 0.0155 -0.0940 30 0 0 0
0.5435 0.0155 -0.0940 30 0 0 0
0.5217 0.0155 -0.0951 30 0 0 0
0.5217 0.0155 -0.0951 30 0 0 0
0.5217 0.0155 -0.0951 30 0 0 0
0.5217 0.0155 -0.0951 30 0 0 0
0.5217 0.0155 -0.0951 30 0 0 0
0.5217 0.0155 -0.0951 30 0 0 0
0.5217 0.0155 -0.0951 30 0 0 0
0.5217 0.0155 -0.0951 30 0 0 0
0.5217 0.0155 -0.0951 30 0 0 0
0.6087 0.0159 -0.0943 30 0 0 0
0.6087 0.0159 -0.0943 30 0 0 0
0.6087 0.0159 -0.0943 30 0 0 0
0.6087 0.0159 -0.0943 30 0 0 0
0.6087 0.0160 -0.0934 30 0 0 0
0.5870 0.0160 -0.0934 30 0 0 0
0.5870 0.0160 -0.0934 30 0 0 0
0.5870 0.0160 -0.0934 30 0 0 0
0.5870 0.0160 -0.0934 30 0 0 0
0.5870 0.0160 -0.0934 30 0 0 0
0.5870 0.0157 -0.0930 30 0 0 0
0.5652 0.0157 -0.0930 30 0 0 0
0.5652 0.0157 -0.0930 30 0 0 0
0.5652 0.0157 -0.0930 30 0 0 0
0.5652 0.0157 -0.0930 30 0 0 0
0.5652 0.0157 -0.0930 30 0 0 0
0.5652 0.0157 -0.0930 30 0 0 0
0.5652 0.0157 -0.0930 30 0 0 0
0.5652 0.0157 -0.0930 30 0 0 0
0.5652 0.0157 -0.0930 30 0 0 0
0.5652 0.0147 -0.0896 30 0 0 0
0.5652 0.0147 -0.0896 30 0 0 0
0.5652 0.0147 -0.0896 30 0 0 0
0.5652 0.0147 -0.0896 30 0 0 0
0.5652 0.0147 -0.0896 30 0 0 0
0.5652 0.0147 -0.0896 30 0 0 0
0.5652 0.0140 -0.0901 30 0 0 0
0.6087 0.0140 -0.0901 30 0 0 0
0.6087 0.0140 -0.0901 30 0 0 0
0.6087 0.0140 -0.0901 30 0 0 0
0.6087 0.0140 -0.0901 30 0 0 0
0.6087 0.0140 -0.0901 30 0 0 0
0.6087 0.0136 -0.0892 30 0 0 0
0.6522 0.0136 -0.0892 30 0 0 0
0.6522 0.0136 -0.0892 30 0 0 0
0.6522 0.0136 -0.0892 30 0 0 0
0.6522 0.0136 -0.0892 30 0 0 0
0.6522 0.0136 -0.0892 30 0 0 0
0.6522 0.0136 -0.0892 30 0 0 0
0.6522 0.0136 -0.0892 30 0 0 0
0.5000 0.0137 -0.0912 30 0 0 0
0.5000 0.0137 -0.0912 30 0 0 0
0.5000 0.0137 -0.0912 30 0 0 0
0.5000 0.0137 -0.0912 30 0 0 0
0.5000 0.0137 -0.0912 30 0 0 0
0.6087 0.0141 -0.0910 30 0 0 0
0.6087 0.0141 -0.0910 30 0 0 0
0.6087 0.0141 -0.0910 30 0 0 0
0.6087 0.0141 -0.0910 30 0 0 0
0.6087 0.0141 -0.0910 30 0 0 0
0.6087 0.0141 -0.0910 30 0 0 0
0.6087 0.0141 -0.0910 30 0 0 0
0.6304 0.0145 -0.0919 30 0 0 0
0.6304 0.0145 -0.0919 30 0 0 0
0.6304 0.0145 -0.0919 30 0 0 0
0.6304 0.0145 -0.0919 30 0 0 0
0.6304 0.0145 -0.0919 30 0 0 0
0.6304 0.0145 -0.0919 30 0 0 0
0.6304 0.0145 -0.0919 30 0 0 0
0.6304 0.0145 -0.0919 30 0 0 0
0.6304 0.0145 -0.0919 30 0 0 0
0.6522 0.0154 -0.0916 30 0 0 0
0.6522 0.0154 -0.0916 30 0 0 0
0.6522 0.0154 -0.0916 30 0 0 0
0.6522 0.0154 -0.0916 30 0 0 0
0.6522 0.0154 -0.0916 30 0 0 0
0.6522 0.0154 -0.0916 30 0 0 0
0.5652 0.0160 -0.0889 30 0 0 0
0.5652 0.0160 -0.0889 30 0 0 0
0.5652 0.0160 -0.0889 30 0 0 0
0.5652 0.0160 -0.0889 30 0 0 0
0.5652 0.0160 -0.0889 30 0 0 0
0.5652 0.0160 -0.0889 30 0 0 0
0.5652 0.0160 -0.0889 30 0 0 0
0.5435 0.0162 -0.0900 30 0 0 0
0.5435 0.0162 -0.0900 30 0 0 0
0.5435 0.0162 -0.0900 30 0 0 0
0.5435 0.0162 -0.0900 30 0 0 0
0.5435 0.0162 -0.0900 30 0 0 0
0.5435 0.0162 -0.0900 30 0 0 0
0.5435 0.0162 -0.0900 30 0 0 0
0.5435 0.0162 -0.0900 30 0 0 0
0.5435 0.0162 -0.0900 30 0 0 0
0.6522 0.0164 -0.0875 30 0 0 0
0.6522 0.0164 -0.0875 30 0 0 0
0.6522 0.0164 -0.0875 30 0 0 0
0.6522 0.0164 -0.0875 30 0 0 0
0.6522 0.0164 -0.0875 30 0 0 0
0.6522 0.0163 -0.0874 30 0 0 0
0.6087 0.0163 -0.0874 30 0 0 0
0.6087 0.0163 -0.0874 30 0 0 0
0.6087 0.0163 -0.0874 30 0 0 0
0.6087 0.0163 -0.0874 30 0 0 0
0.6087 0.0163 -0.0874 30 0 0 0
0.6087 0.0163 -0.0874 30 0 0 0
0.6522 0.0164 -0.0879 30 0 0 0
0.6522 0.0164 -0.0879 30 0 0 0
0.6522 0.0164 -0.0879 30 0 0 0
0.6522 0.0164 -0.0879 30 0 0 0
0.6522 0.0164 -0.0879 30 0 0 0
0.6522 0.0164 -0.0879 30 0 0 0
0.6522 0.0164 -0.0879 30 0 0 0
0.6522 0.0164 -0.0879 30 0 0 0
0.5217 0.0168 -0.0882 30 0 0 0
0.5217 0.0168 -0.0882 30 0 0 0
0.5217 0.0168 -0.0882 30 0 0 0
0.5217 0.0168 -0.0882 30 0 0 0
0.5217 0.0171 -0.0859 30 0 0 0
0.5652 0.0171 -0.0859 30 0 0 0
0.5652 0.0171 -0.0859 30 0 0 0
0.5652 0.0171 -0.0859 30 0 0 0
0.5652 0.0171 -0.0859 30 0 0 0
0.5652 0.0171 -0.0859 30 0 0 0
0.5652 0.0171 -0.0859 30 0 0 0
0.5652 0.0171 -0.0859 30 0 0 0
0.5652 0.0171 -0.0859 30 0 0 0
0.5652 0.0173 -0.0859 30 0 0 0
0.5870 0.0173 -0.0859 30 0 0 0
0.5870 0.0173 -0.0859 30 0 0 0
0.5870 0.0173 -0.0859 30 0 0 0
0.5870 0.0173 -0.0859 30 0 0 0
0.5870 0.0173 -0.0859 30 0 0 0
0.5870 0.0173 -0.0859 30 0 0 0
0.5652 0.0171 -0.0856 30 0 0 0
0.5652 0.0171 -0.0856 30 0 0 0
0.5652 0.0171 -0.0856 30 0 0 0
0.5652 0.0171 -0.0856 30 0 0 0
0.5652 0.0171 -0.0856 30 0 0 0
0.5652 0.0171 -0.0856 30 0 0 0
0.5435 0.0166 -0.0872 30 0 0 0
0.5435 0.0166 -0.0872 30 0 0 0
0.5435 0.0166 -0.0872 30 0 0 0
0.5435 0.0166 -0.0872 30 0 0 0
0.5435 0.0166 -0.0872 30 0 0 0
0.5435 0.0166 -0.0872 30 0 0 0
0.5435 0.0166 -0.0872 30 0 0 0
0.5435 0.0166 -0.0872 30 0 0 0
0.5435 0.0162 -0.0874 30 0 0 0
0.5435 0.0162 -0.0874 30 0 0 0
0.5435 0.0162 -0.0874 30 0 0 0
0.5435 0.0162 -0.0874 30 0 0 0
0.5435 0.0162 -0.0874 30 0 0 0
0.5435 0.0162 -0.0874 30 0 0 0
0.5435 0.0162 -0.0874 30 0 0 0
0.5652 0.0160 -0.0828 30 0 0 0
0.5652 0.0160 -0.0828 30 0 0 0
0.5652 0.0160 -0.0828 30 0 0 0
0.5652 0.0160 -0.0828 30 0 0 0
0.5652 0.0160 -0.0828 30 0 0 0
0.5870 0.0160 -0.0828 30 0 0 0
0.5870 0.0160 -0.0828 30 0 0 0
0.5870 0.0160 -0.0828 30 0 0 0
0.5870 0.0160 -0.0828 30 0 0 0
0.5870 0.0160 -0.0828 30 0 0 0
0.5870 0.0160 -0.0828 30 0 0 0
0.5870 0.0160 -0.0828 30 0 0 0
0.5870 0.0160 -0.0828 30 0 0 0
0.6087 0.0163 -0.0752 30 0 0 0
0.6087 0.0163 -0.0752 30 0 0 0
0.6087 0.0163 -0.0752 30 0 0 0
0.6087 0.0163 -0.0752 30 0 0 0
0.6087 0.0163 -0.0752 30 0 0 0
0.6087 0.0163 -0.0752 30 0 0 0
0.6087 0.0163 -0.0752 30 0 0 0
0.5870 0.0164 -0.0766 30 0 0 0
0.5870 0.0164 -0.0766 30 0 0 0
0.5870 0.0164 -0.0766 30 0 0 0
0.5870 0.0164 -0.0766 30 0 0 0
0.5870 0.0165 -0.0796 30 0 0 0
0.5000 0.0165 -0.0796 30 0 0 0
0.5000 0.0165 -0.0796 30 0 0 0
0.5000 0.0165 -0.0796 30 0 0 0
0.5000 0.0165 -0.0796 30 0 0 0
0.5000 0.0165 -0.0796 30 0 0 0
0.5000 0.0165 -0.0796 30 0 0 0
0.5000 0.0165 -0.0796 30 0 0 0
0.5435 0.0163 -0.0808 30 0 0 0
0.5435 0.0163 -0.0808 30 0 0 0
0.5435 0.0163 -0.0808 30 0 0 0
0.5435 0.0163 -0.0808 30 0 0 0
0.5435 0.0163 -0.0808 30 0 0 0
0.5435 0.0163 -0.0808 30 0 0 0
0.5435 0.0163 -0.0808 30 0 0 0
0.5435 0.0163 -0.0808 30 0 0 0
0.6087 0.0162 -0.0842 30 0 0 0
0.6087 0.0162 -0.0842 30 0 0 0
0.6087 0.0162 -0.0842 30 0 0 0
0.6087 0.0162 -0.0842 30 0 0 0
0.6087 0.0162 -0.0842 0 0 0 0
0.5435 0.0166 -0.0883 0 30 0 0
0.5652 0.0171 -0.0887 0 30 0 0
0.5652 0.0175 -0.0883 0 30 0 0
0.6739 0.0175 -0.0883 0 30 0 0
0.6957 0.0179 -0.0878 0 30 0 0
0.6957 0.0187 -0.0877 0 30 0 0
0.6522 0.0187 -0.0877 0 30 0 0
0.6087 0.0203 -0.0879 0 30 0 0
0.6087 0.0203 -0.0879 0 30 0 0
0.6087 0.0203 -0.0879 0 30 0 0
0.6739 0.0210 -0.0866 0 30 0 0
0.6739 0.0210 -0.0866 0 30 0 0
0.6739 0.0210 -0.0866 0 30 0 0
0.6739 0.0210 -0.0866 0 30 0 0
0.6739 0.0210 -0.0866 0 30 0 0
0.6739 0.0213 -0.0866 0 30 0 0
0.6739 0.0213 -0.0866 0 30 0 0
0.6739 0.0213 -0.0866 0 30 0 0
0.6739 0.0213 -0.0866 0 30 0 0
0.6739 0.0213 -0.0866 0 30 0 0
0.6739 0.0213 -0.0866 0 30 0 0
0.6739 0.0213 -0.0866 0 30 0 0
0.6739 0.0213 -0.0866 0 30 0 0
0.6957 0.0209 -0.0859 0 30 0 0
0.6957 0.0209 -0.0859 0 30 0 0
0.6957 0.0209 -0.0859 0 30 0 0
0.6957 0.0209 -0.0859 0 30 0 0
0.6957 0.0209 -0.0859 0 30 0 0
0.6957 0.0209 -0.0859 0 30 0 0
0.6957 0.0209 -0.0859 0 30 0 0
0.6957 0.0209 -0.0859 0 30 0 0
0.6957 0.0209 -0.0859 0 30 0 0
0.6957 0.0209 -0.0859 0 30 0 0
0.6957 0.0209 -0.0859 0 30 0 0
0.6957 0.0209 -0.0859 0 30 0 0
0.6957 0.0209 -0.0859 0 30 0 0
0.6957 0.0209 -0.0859 0 30 0 0
0.6957 0.0209 -0.0859 0 30 0 0
0.6957 0.0209 -0.0859 0 30 0 0
0.6957 0.0209 -0.0859 0 30 0 0
0.6957 0.0209 -0.0859 0 30 0 0
0.6957 0.0201 -0.0869 0 30 0 0
0.6957 0.0201 -0.0869 0 30 0 0
0.6957 0.0195 -0.0868 0 30 0 0
0.6739 0.0195 -0.0868 0 30 0 0
0.6739 0.0193 -0.0867 0 30 0 0
0.6522 0.0193 -0.0867 0 30 0 0
0.6522 0.0193 -0.0867 0 30 0 0
0.6522 0.0193 -0.0867 0 30 0 0
0.6739 0.0194 -0.0888 0 30 0 0
0.6739 0.0194 -0.0888 0 30 0 0
0.6739 0.0194 -0.0888 0 30 0 0
0.6739 0.0194 -0.0888 0 30 0 0
0.6739 0.0194 -0.0888 0 30 0 0
0.6739 0.0194 -0.0888 0 30 0 0
0.6739 0.0197 -0.0891 0 30 0 0
0.7174 0.0197 -0.0891 0 30 0 0
0.7174 0.0197 -0.0891 0 30 0 0
0.7174 0.0197 -0.0891 0 30 0 0
0.7174 0.0197 -0.0891 0 30 0 0
0.7174 0.0197 -0.0891 0 30 0 0
0.7174 0.0197 -0.0891 0 30 0 0
0.7174 0.0197 -0.0891 0 30 0 0
0.6957 0.0200 -0.0903 0 30 0 0
0.6957 0.0200 -0.0903 0 30 0 0
0.6957 0.0200 -0.0903 0 30 0 0
0.6957 0.0200 -0.0903 0 30 0 0
0.6957 0.0200 -0.0903 0 30 0 0
0.6957 0.0200 -0.0903 0 30 0 0
0.6957 0.0200 -0.0903 0 30 0 0
0.6522 0.0197 -0.0901 0 30 0 0
0.6522 0.0197 -0.0901 0 30 0 0
0.6522 0.0197 -0.0901 0 30 0 0
0.6522 0.0197 -0.0901 0 30 0 0
0.6522 0.0197 -0.0901 0 30 0 0
0.6522 0.0192 -0.0901 0 30 0 0
0.6739 0.0192 -0.0901 0 30 0 0
0.6739 0.0192 -0.0901 0 30 0 0
0.6739 0.0192 -0.0901 0 30 0 0
0.6739 0.0192 -0.0901 0 30 0 0
0.6739 0.0192 -0.0901 0 30 0 0
0.6739 0.0192 -0.0901 0 30 0 0
0.6739 0.0192 -0.0901 0 30 0 0
0.6739 0.0187 -0.0899 0 30 0 0
0.6739 0.0187 -0.0899 0 30 0 0
0.6739 0.0187 -0.0899 0 30 0 0
0.6739 0.0187 -0.0899 0 30 0 0
0.6739 0.0187 -0.0899 0 30 0 0
0.6739 0.0187 -0.0899 0 30 0 0
0.6739 0.0187 -0.0899 0 30 0 0
0.6739 0.0187 -0.0899 0 30 0 0
0.6304 0.0185 -0.0902 0 30 0 0
0.6304 0.0185 -0.0902 0 30 0 0
0.6304 0.0185 -0.0902 0 30 0 0
0.6304 0.0185 -0.0902 0 30 0 0
0.6304 0.0185 -0.0902 0 30 0 0
0.6739 0.0184 -0.0900 0 30 0 0
0.6739 0.0184 -0.0900 0 30 0 0
0.6739 0.0184 -0.0900 0 30 0 0
0.6739 0.0184 -0.0900 0 30 0 0
0.6739 0.0184 -0.0900 0 30 0 0
0.6739 0.0184 -0.0900 0 30 0 0
0.6739 0.0184 -0.0900 0 30 0 0
0.6739 0.0184 -0.0900 0 30 0 0
0.6522 0.0178 -0.0915 0 30 0 0
0.6522 0.0178 -0.0915 0 30 0 0
0.6522 0.0178 -0.0915 0 30 0 0
0.6522 0.0178 -0.0915 0 30 0 0
0.6522 0.0178 -0.0915 0 30 0 0
0.6522 0.0172 -0.0924 0 30 0 0
0.6522 0.0172 -0.0924 0 30 0 0
0.6522 0.0172 -0.0924 0 30 0 0
0.6522 0.0172 -0.0924 0 30 0 0
0.6522 0.0172 -0.0924 0 30 0 0
0.6522 0.0172 -0.0924 0 30 0 0
0.6304 0.0168 -0.0924 0 30 0 0
0.6304 0.0168 -0.0924 0 30 0 0
0.6304 0.0168 -0.0924 0 30 0 0
0.6304 0.0168 -0.0924 0 30 0 0
0.6304 0.0168 -0.0924 0 30 0 0
0.6304 0.0168 -0.0924 0 30 0 0
0.6304 0.0168 -0.0924 0 30 0 0
0.6304 0.0168 -0.0924 0 30 0 0
0.6087 0.0166 -0.0949 0 30 0 0
0.6087 0.0166 -0.0949 0 30 0 0
0.6087 0.0166 -0.0949 0 30 0 0
0.6087 0.0166 -0.0949 0 30 0 0
0.6087 0.0166 -0.0949 0 30 0 0
0.6087 0.0166 -0.0949 0 30 0 0
0.6087 0.0166 -0.0949 0 30 0 0
0.6087 0.0166 -0.0949 0 30 0 0
0.6739 0.0167 -0.0947 0 30 0 0
0.6739 0.0167 -0.0947 0 30 0 0
0.6739 0.0167 -0.0947 0 30 0 0
0.6739 0.0167 -0.0947 0 30 0 0
0.5870 0.0170 -0.0956 0 30 0 0
0.5870 0.0170 -0.0956 0 30 0 0
0.5870 0.0170 -0.0956 0 30 0 0
0.5870 0.0170 -0.0956 0 30 0 0
0.5870 0.0170 -0.0956 0 30 0 0
0.5870 0.0170 -0.0956 0 30 0 0
0.5870 0.0170 -0.0956 0 0 0 0
0.5435 0.0176 -0.0922 0 0 0 30
0.5217 0.0176 -0.0922 0 0 0 30
0.5435 0.0179 -0.0921 0 0 0 30
0.5870 0.0197 -0.0918 0 0 0 30
0.5000 0.0197 -0.0918 0 0 0 30
0.5000 0.0197 -0.0918 0 0 0 30
0.5217 0.0201 -0.0917 0 0 0 30
0.5217 0.0192 -0.0915 0 0 0 30
0.5652 0.0179 -0.0913 0 0 0 30
0.5000 0.0179 -0.0913 0 0 0 30
0.5000 0.0179 -0.0913 0 0 0 30
0.5000 0.0179 -0.0913 0 0 0 30
0.5000 0.0179 -0.0913 0 0 0 30
0.5000 0.0179 -0.0913 0 0 0 30
0.5000 0.0179 -0.0913 0 0 0 30
0.4565 0.0163 -0.0912 0 0 0 30
0.4565 0.0163 -0.0912 0 0 0 0
0.5435 0.0150 -0.0919 0 0 0 30
0.4783 0.0144 -0.0911 0 0 0 30
0.4783 0.0141 -0.0898 0 0 0 30
0.5870 0.0141 -0.0898 0 0 0 30
0.5000 0.0143 -0.0877 0 0 0 30
0.5000 0.0151 -0.0856 0 0 0 30
0.5652 0.0151 -0.0856 0 0 0 30
0.5652 0.0151 -0.0856 0 0 0 30
0.5652 0.0160 -0.0852 0 0 0 30
0.5435 0.0160 -0.0852 0 0 0 30
0.5435 0.0160 -0.0852 0 0 0 30
0.5435 0.0160 -0.0852 0 0 0 0
0.5217 0.0187 -0.0850 0 0 0 30
0.5652 0.0189 -0.0832 0 0 0 30
0.5435 0.0188 -0.0806 0 0 0 30
0.5435 0.0187 -0.0786 0 0 0 30
0.4783 0.0187 -0.0786 0 0 0 30
0.6087 0.0188 -0.0773 0 0 0 30
0.6087 0.0188 -0.0773 0 0 0 30
0.6087 0.0188 -0.0773 0 0 0 30
0.6087 0.0188 -0.0773 0 0 0 30
0.6087 0.0188 -0.0773 0 0 0 30
0.6087 0.0188 -0.0773 0 0 0 30
0.6087 0.0188 -0.0773 0 0 0 30
0.6087 0.0188 -0.0773 0 0 0 30
0.6087 0.0188 -0.0773 0 0 0 0
0.5870 0.0226 -0.0747 0 0 0 30
0.5652 0.0226 -0.0747 0 0 0 30
0.5652 0.0226 -0.0747 0 0 0 30
0.5652 0.0226 -0.0728 0 0 0 30
0.5652 0.0219 -0.0716 0 0 0 30
0.5652 0.0219 -0.0716 0 0 0 30
0.6087 0.0201 -0.0738 0 0 0 30
0.6087 0.0186 -0.0727 0 0 0 30
0.5435 0.0183 -0.0744 0 0 0 30
0.5435 0.0183 -0.0744 0 0 0 30
0.5435 0.0183 -0.0744 0 0 0 0
0.5652 0.0214 -0.0736 0 0 0 30
0.5870 0.0214 -0.0736 0 0 0 30
0.6087 0.0207 -0.0745 0 0 0 30
0.6087 0.0201 -0.0745 0 0 0 30
0.5217 0.0201 -0.0745 0 0 0 30
0.5217 0.0201 -0.0745 0 0 0 30
0.5217 0.0201 -0.0745 0 0 0 30
0.5217 0.0201 -0.0745 0 0 0 30
0.5217 0.0201 -0.0745 0 0 0 30
0.5435 0.0195 -0.0744 0 0 0 30
0.5435 0.0195 -0.0744 0 0 0 0
0.5870 0.0190 -0.0743 0 0 0 30
0.5870 0.0190 -0.0733 0 0 0 30
0.5652 0.0189 -0.0702 0 0 0 30
0.5000 0.0189 -0.0702 0 0 0 30
0.4783 0.0190 -0.0692 0 0 0 30
0.4783 0.0190 -0.0692 0 0 0 30
0.4783 0.0190 -0.0692 0 0 0 30
0.4565 0.0189 -0.0686 0 0 0 30
0.4565 0.0189 -0.0686 0 0 0 30
0.4565 0.0189 -0.0686 0 0 0 30
0.4565 0.0189 -0.0686 0 0 0 30
0.4565 0.0189 -0.0686 0 0 0 30
0.4565 0.0189 -0.0686 0 0 0 30
0.4565 0.0189 -0.0686 0 0 0 30
0.4565 0.0189 -0.0686 0 0 0 0
0.5217 0.0174 -0.0657 0 0 0 30
0.5435 0.0174 -0.0657 0 0 0 30
0.4783 0.0171 -0.0635 0 0 0 30
0.5652 0.0166 -0.0617 0 0 0 30
0.5652 0.0166 -0.0617 0 0 0 30
0.5652 0.0166 -0.0617 0 0 0 30
0.5652 0.0166 -0.0617 0 0 0 30
0.5435 0.0160 -0.0579 0 0 0 30
0.5435 0.0160 -0.0579 0 0 0 30
0.5435 0.0160 -0.0579 0 0 0 30
0.5435 0.0160 -0.0579 0 0 0 30
0.5435 0.0160 -0.0579 0 0 0 30
0.5435 0.0160 -0.0579 0 0 0 30
0.5435 0.0160 -0.0579 0 0 0 0
0.5217 0.0133 -0.0527 0 0 0 30
0.5000 0.0133 -0.0527 0 0 0 30
0.5217 0.0135 -0.0524 0 0 0 30
0.5217 0.0135 -0.0524 0 0 0 30
0.5652 0.0141 -0.0463 0 0 0 30
0.5652 0.0141 -0.0463 0 0 0 30
0.5652 0.0141 -0.0463 0 0 0 30
0.5652 0.0141 -0.0463 0 0 0 30
0.5652 0.0142 -0.0428 0 0 0 30
0.5217 0.0142 -0.0428 0 0 0 30
0.5217 0.0142 -0.0428 0 0 0 30
0.5217 0.0142 -0.0428 0 0 0 30
0.5217 0.0142 -0.0428 0 0 0 30
0.5217 0.0142 -0.0428 0 0 0 30
0.5652 0.0138 -0.0413 0 0 0 0
0.5652 0.0138 -0.0413 0 0 0 30
0.5652 0.0133 -0.0404 0 0 0 30
0.5652 0.0133 -0.0404 0 0 0 30
0.5652 0.0128 -0.0398 0 0 0 30
0.5870 0.0128 -0.0398 0 0 0 30
0.5870 0.0123 -0.0386 0 0 0 30
0.6304 0.0120 -0.0363 0 0 0 30
0.6304 0.0112 -0.0351 0 0 0 30
0.5652 0.0112 -0.0351 0 0 0 0
0.5870 0.0104 -0.0312 0 0 0 30
0.5870 0.0105 -0.0279 0 0 0 30
0.6087 0.0105 -0.0279 0 0 0 30
0.6087 0.0106 -0.0245 0 0 0 30
0.5652 0.0106 -0.0245 0 0 0 30
0.5652 0.0105 -0.0243 0 0 0 30
0.6522 0.0105 -0.0243 0 0 0 30
0.6739 0.0103 -0.0227 0 0 0 30
0.6739 0.0103 -0.0227 0 0 0 30
0.6739 0.0103 -0.0227 0 0 0 30
0.6739 0.0103 -0.0227 0 0 0 30
0.6739 0.0103 -0.0227 0 0 0 30
0.6739 0.0103 -0.0227 0 0 0 30
0.6739 0.0103 -0.0227 0 0 0 30
0.6739 0.0103 -0.0227 0 0 0 30
0.6739 0.0103 -0.0227 0 0 0 0
0.6304 0.0114 -0.0204 0 0 0 30
0.6304 0.0109 -0.0187 0 0 0 30
0.5652 0.0106 -0.0169 0 0 0 30
0.6087 0.0102 -0.0147 0 0 0 30
0.6739 0.0102 -0.0147 0 0 0 30
0.5435 0.0104 -0.0150 0 0 0 30
0.5435 0.0104 -0.0150 0 0 0 30
0.5435 0.0111 -0.0143 0 0 0 30
0.6087 0.0111 -0.0143 0 0 0 30
0.6087 0.0111 -0.0143 0 0 0 30
0.6087 0.0111 -0.0143 0 0 0 30
0.6087 0.0111 -0.0143 0 0 0 0
0.6304 0.0152 -0.0113 0 0 0 30
0.5652 0.0152 -0.0113 0 0 0 30
0.5652 0.0153 -0.0073 0 0 0 30
0.7174 0.0153 -0.0073 0 0 0 30
0.6739 0.0145 -0.0068 0 0 0 30
0.6739 0.0132 -0.0072 0 0 0 30
0.6522 0.0132 -0.0072 0 0 0 30
0.6522 0.0132 -0.0072 0 0 0 30
0.6522 0.0120 -0.0050 0 0 0 0
0.5217 0.0079 0.0278 0 0 -30 0
0.5000 0.0079 0.0278 0 0 -30 0
0.5000 0.0072 0.0290 0 0 -30 0
0.5435 0.0077 0.0286 0 0 -30 0
0.5435 0.0077 0.0286 0 0 -30 0
0.5435 0.0075 0.0442 0 0 -30 0
0.4565 0.0075 0.0442 0 0 -30 0
0.4565 0.0066 0.0529 0 0 -30 0
0.5435 0.0066 0.0529 0 0 -30 0
0.5435 0.0066 0.0529 0 0 -30 0
0.5435 0.0064 0.0478 0 0 0 0
0.5217 0.0149 0.3088 0 0 0 -30
0.5217 0.0129 0.3073 0 0 0 -30
0.5652 0.0129 0.3073 0 0 0 -30
0.5652 0.0129 0.3073 0 0 0 0
0.5652 0.0139 0.0468 0 0 0 -30
0.5217 0.0139 0.0478 0 0 0 -30
0.5217 0.0137 0.0507 0 0 0 -30
0.6087 0.0137 0.0507 0 0 0 -30
0.5870 0.0131 0.0551 0 0 0 -30
0.5870 0.0133 0.0605 0 0 0 -30
0.6087 0.0133 0.0605 0 0 0 -30
0.5217 0.0143 0.0597 0 0 0 -30
0.5217 0.0141 0.0565 0 0 0 -30
0.5435 0.0141 0.0565 0 0 0 -30
0.5435 0.0141 0.0565 0 0 0 -30
0.5435 0.0141 0.0565 0 0 0 0
0.5217 0.0133 0.0535 0 0 0 -30
0.5217 0.0133 0.0549 0 0 0 -30
0.6087 0.0133 0.0549 0 0 0 -30
0.4783 0.0132 0.0584 0 0 0 -30
0.4783 0.0132 0.0584 0 0 0 -30
0.4783 0.0132 0.0584 0 0 0 -30
0.4783 0.0127 0.0576 0 0 0 -30
0.4783 0.0127 0.0576 0 0 0 -30
0.5217 0.0125 0.0543 0 0 0 -30
0.5217 0.0126 0.0546 0 0 0 0
0.6522 0.0102 0.0463 0 0 0 -30
0.6522 0.0105 0.0448 0 0 0 -30
0.6304 0.0105 0.0448 0 0 0 0
0.6739 0.0092 0.0479 0 0 0 -30
0.7391 0.0106 0.0482 0 0 0 -30
0.7391 0.0106 0.0482 0 0 0 -30
0.7391 0.0115 0.0385 0 0 0 -30
0.6739 0.0115 0.0385 0 0 0 -30
0.6087 0.0116 0.0364 0 0 0 -30
0.6087 0.0116 0.0364 0 0 0 -30
0.6087 0.0100 0.3634 0 0 0 -30
0.6739 0.0100 0.3634 0 0 0 -30
0.6739 0.0090 0.3632 0 0 0 -30
0.7174 0.0082 0.3596 0 0 0 -30
0.7174 0.0082 0.3596 0 0 0 -30
0.7174 0.0082 0.3596 0 0 0 -30
0.7174 0.0082 0.3596 0 0 0 0
0.5652 0.0081 0.3600 0 0 0 -30
0.5652 0.0081 0.3600 0 0 0 -30
0.6304 0.0081 0.3547 0 0 0 -30
0.6304 0.0081 0.3547 0 0 0 -30
0.6304 0.0086 0.3535 0 0 0 -30
0.6304 0.0089 0.3516 0 0 0 -30
0.6087 0.0089 0.3516 0 0 0 -30
0.6087 0.0088 0.3519 0 0 0 -30
0.6087 0.0085 0.3539 0 0 0 0
0.5652 0.0098 -0.0232 0 0 0 30
0.5652 0.0113 -0.0231 0 0 0 30
0.5000 0.0113 -0.0231 0 0 0 30
0.5000 0.0124 -0.0231 0 0 0 30
0.5000 0.0124 -0.0231 0 0 0 30
0.5000 0.0124 -0.0231 0 0 0 30
0.5870 0.0104 -0.0229 0 0 0 30
0.5870 0.0104 -0.0229 0 0 0 30
0.5870 0.0093 -0.0242 0 0 0 30
0.5435 0.0093 -0.0242 0 0 0 30
0.5435 0.0084 -0.0239 0 0 0 30
0.5435 0.0084 -0.0239 0 0 0 30
0.5217 0.0084 -0.0239 0 0 0 30
0.6087 0.0080 -0.0256 0 0 0 0
0.5217 0.0088 -0.0286 0 0 0 30
0.6087 0.0091 -0.0283 0 0 0 30
0.6087 0.0090 -0.0291 0 0 0 30
0.4565 0.0090 -0.0291 0 0 0 30
0.4565 0.0079 -0.0278 0 0 0 30
0.5652 0.0079 -0.0278 0 0 0 30
0.5435 0.0074 -0.0262 0 0 0 30
0.5435 0.0074 -0.0274 0 0 0 30
0.5652 0.0074 -0.0274 0 0 0 30
0.5652 0.0079 -0.0265 0 0 0 30
0.5652 0.0079 -0.0265 0 0 0 0
0.4783 0.0111 -0.0198 0 0 0 30
0.5870 0.0108 -0.0206 0 0 0 30
0.5870 0.0108 -0.0206 0 0 0 30
0.5870 0.0103 -0.0195 0 0 0 30
0.5870 0.0103 -0.0195 0 0 0 30
0.5870 0.0096 -0.0274 0 0 0 30
0.5217 0.0096 -0.0274 0 0 0 30
0.5652 0.0093 -0.0252 0 0 0 30
0.5652 0.0093 -0.0252 0 0 0 30
0.5652 0.0090 -0.0206 0 0 0 30
0.5652 0.0090 -0.0206 0 0 0 30
0.5652 0.0091 -0.0196 0 0 0 30
0.5652 0.0091 -0.0196 0 0 0 0
0.5435 0.0102 0.3001 0 0 0 30
0.5435 0.0103 0.3019 0 0 0 30
0.5435 0.0110 0.3014 0 0 0 30
0.5435 0.0117 0.3004 0 0 0 30
0.5652 0.0117 0.3004 0 0 0 30
0.5652 0.0117 0.3004 0 0 0 30
0.5652 0.0120 0.2991 0 0 0 30
0.5435 0.0120 0.2991 0 0 0 30
0.6087 0.0117 0.2959 0 0 0 30
0.6087 0.0117 0.2959 0 0 0 0
