0.5620 -0.0008 0.0214 -10 0 0 0
0.5680 -0.0002 0.0250 -10 0 0 0
0.5820 -0.0007 0.0257 -10 0 0 0
0.5820 -0.0007 0.0257 -10 0 0 0
0.5640 -0.0005 0.0257 -10 0 0 0
0.5760 -0.0007 0.0260 -10 0 0 0
0.5640 -0.0009 0.0253 -10 0 0 0
0.5660 -0.0009 0.0263 -10 0 0 0
0.5560 -0.0005 0.0262 -10 0 0 0
0.5640 -0.0005 0.0235 -10 0 0 0
0.5580 -0.0006 0.0244 -10 0 0 0
0.5540 -0.0006 0.0517 -10 0 0 0
0.5540 -0.0006 0.0517 -10 0 0 0
0.5720 -0.0002 0.0809 -10 0 0 0
0.5520 -0.0003 0.0799 -10 0 0 0
0.5680 -0.0005 0.0767 -10 0 0 0
0.5680 -0.0005 0.0767 -10 0 0 0
0.5660 -0.0005 0.0763 -10 0 0 0
0.5680 -0.0007 0.0778 -10 0 0 0
0.5660 -0.0010 0.0759 -10 0 0 0
0.5540 -0.0012 0.1000 -10 0 0 0
0.5760 -0.0005 0.0964 -10 0 0 0
0.5760 -0.0005 0.0964 -10 0 0 0
0.5620 0.0004 0.0912 -10 0 0 0
0.5680 0.0006 0.0919 -10 0 0 0
0.5680 0.0008 0.0911 -10 0 0 0
0.5560 0.0004 0.0856 -10 0 0 0
0.5680 -0.0006 0.0854 -10 0 0 0
0.5680 -0.0006 0.0854 -10 0 0 0
0.5740 -0.0010 0.1007 -10 0 0 0
0.5700 0.0001 0.1010 -10 0 0 0
0.5680 0.0006 0.0862 -10 0 0 0
0.5780 0.0007 0.0861 -10 0 0 0
0.5560 0.0009 0.0784 -10 0 0 0
0.5560 0.0009 0.0784 -10 0 0 0
0.5840 0.0009 0.0676 -10 0 0 0
0.5780 0.0005 0.0658 -10 0 0 0
0.5720 0.0002 0.0605 -10 0 0 0
0.5560 -0.0001 0.0624 -10 0 0 0
0.5580 -0.0003 0.0583 -10 0 0 0
0.5580 -0.0003 0.0583 -10 0 0 0
0.5620 0.0001 0.0570 -10 0 0 0
0.5560 0.0002 0.0566 -10 0 0 0
0.5620 0.0007 0.0556 -10 0 0 0
0.5780 0.0009 0.0561 -10 0 0 0
0.5780 0.0009 0.0561 -10 0 0 0
0.5620 0.0008 0.0561 -10 0 0 0
0.5480 0.0001 0.0591 -10 0 0 0
0.5480 0.0001 0.0591 -10 0 0 0
0.5660 -0.0002 0.0586 -10 0 0 0
0.5560 0.0002 0.0600 -10 0 0 0
0.5580 0.0008 0.0587 -10 0 0 0
0.5580 0.0008 0.0587 -10 0 0 0
0.5680 0.0001 0.0600 0 0 0 0
0.5480 -0.0005 0.0528 0 0 0 -10
0.5640 0.0004 0.0520 0 0 0 -10
0.5640 0.0012 0.0586 0 0 0 0
0.5600 0.0014 0.0592 0 0 0 -10
0.5440 0.0016 0.0578 0 0 0 -10
0.5580 0.0016 0.0557 0 0 0 0
0.5460 0.0031 0.0481 0 0 0 -10
0.5380 0.0015 0.0429 0 0 0 -10
0.5400 0.0018 0.0441 0 0 0 0
0.5320 0.0000 0.0439 0 0 0 -10
0.5400 0.0008 0.0392 0 0 0 0
0.5560 -0.0001 0.0282 0 0 0 -10
0.5460 0.0004 0.2086 0 0 0 0
0.5540 0.0010 0.0319 0 0 0 -10
0.5500 0.0016 0.0333 0 0 0 0
0.5420 -0.0007 0.0272 0 0 0 -10
0.5620 -0.0003 0.0221 0 0 0 0
0.5560 0.0016 0.0116 0 0 0 -10
0.5600 0.0002 0.0073 0 0 0 0
0.5500 0.0006 0.0159 -10 0 0 0
0.5680 0.0011 0.0138 -10 0 0 0
0.5460 0.0008 0.0217 -10 0 0 0
0.5440 0.0007 0.0248 -10 0 0 0
0.5440 0.0011 0.0258 -10 0 0 0
0.5420 0.0013 0.0265 -10 0 0 0
0.5440 0.0009 0.0271 -10 0 0 0
0.5420 0.0006 0.0222 -10 0 0 0
0.5420 0.0006 0.0222 -10 0 0 0
0.5380 0.0003 0.0236 -10 0 0 0
0.5640 0.0001 0.0271 -10 0 0 0
0.5740 0.0003 0.0303 -10 0 0 0
0.5680 0.0007 0.0345 -10 0 0 0
0.5680 0.0002 0.0312 -10 0 0 0
0.5560 0.0002 0.0312 -10 0 0 0
0.5580 0.0002 0.0374 -10 0 0 0
0.5500 0.0006 0.0447 -10 0 0 0
0.5760 0.0003 0.0432 -10 0 0 0
0.5480 -0.0002 0.0469 -10 0 0 0
0.5480 -0.0002 0.0469 -10 0 0 0
0.5480 -0.0003 0.0506 -10 0 0 0
0.5560 0.0000 0.0509 -10 0 0 0
0.5600 0.0001 0.0553 -10 0 0 0
0.5520 -0.0000 0.0525 -10 0 0 0
0.5500 0.0001 0.0545 -10 0 0 0
0.5500 0.0001 0.0545 -10 0 0 0
0.5760 0.0002 0.0527 -10 0 0 0
0.5580 0.0002 0.0507 -10 0 0 0
0.5340 -0.0004 0.0480 -10 0 0 0
0.5560 -0.0002 0.0462 -10 0 0 0
0.5500 -0.0000 0.0443 -10 0 0 0
0.5460 -0.0001 0.0421 -10 0 0 0
0.5500 -0.0001 0.0419 -10 0 0 0
0.5500 -0.0001 0.0419 -10 0 0 0
0.5400 -0.0001 0.0408 -10 0 0 0
0.5520 -0.0001 0.0400 -10 0 0 0
0.5340 -0.0003 0.0351 -10 0 0 0
0.5440 -0.0004 0.0345 -10 0 0 0
0.5460 -0.0003 0.0327 -10 0 0 0
0.5460 -0.0003 0.0327 -10 0 0 0
0.5640 -0.0004 0.0294 -10 0 0 0
0.5640 -0.0007 0.0271 -10 0 0 0
0.5640 -0.0007 0.0271 -10 0 0 0
0.5420 -0.0012 0.0256 -10 0 0 0
0.5420 -0.0012 0.0256 -10 0 0 0
0.5400 -0.0011 0.0245 -10 0 0 0
0.5540 -0.0006 0.0234 -10 0 0 0
0.5340 -0.0002 0.0228 -10 0 0 0
0.5420 0.0001 0.1912 -10 0 0 0
0.5500 0.0002 0.1889 -10 0 0 0
0.5480 0.0001 0.1888 -10 0 0 0
0.5480 -0.0001 0.1875 -10 0 0 0
0.5480 -0.0004 0.1834 -10 0 0 0
0.5640 -0.0001 0.1835 -10 0 0 0
0.5640 -0.0001 0.1835 -10 0 0 0
0.5560 0.0002 0.1843 -10 0 0 0
0.5460 0.0006 0.1843 -10 0 0 0
0.5620 0.0008 0.1856 -10 0 0 0
0.5380 -0.0003 0.1837 -10 0 0 0
0.5600 -0.0005 0.1833 -10 0 0 0
0.5600 -0.0005 0.1833 -10 0 0 0
0.5580 -0.0007 0.1900 -10 0 0 0
0.5440 -0.0005 0.1919 -10 0 0 0
0.5680 -0.0005 0.1697 -10 0 0 0
0.5680 -0.0005 0.1697 -10 0 0 0
0.5360 -0.0005 0.1495 -10 0 0 0
0.5620 -0.0010 0.1330 -10 0 0 0
0.5620 -0.0010 0.1330 -10 0 0 0
0.5740 -0.0013 0.1321 -10 0 0 0
0.5540 -0.0011 0.1328 -10 0 0 0
0.5160 -0.0009 0.1325 -10 0 0 0
0.5160 -0.0009 0.1325 -10 0 0 0
0.5280 0.0008 0.1294 -10 0 0 0
0.5280 0.0008 0.1294 -10 0 0 0
0.5300 0.0006 0.1300 -10 0 0 0
0.5300 0.0006 0.1300 -10 0 0 0
0.5280 0.0001 0.1281 -10 0 0 0
0.5220 0.0002 0.1240 -10 0 0 0
0.5220 0.0002 0.1240 -10 0 0 0
0.5580 0.0006 0.1201 -10 0 0 0
0.5580 0.0006 0.1201 -10 0 0 0
0.5460 0.0006 0.1173 -10 0 0 0
0.5460 0.0007 0.0973 -10 0 0 0
0.5460 0.0007 0.0973 -10 0 0 0
0.5520 0.0003 0.0952 -10 0 0 0
0.5340 -0.0007 0.0864 -10 0 0 0
0.5520 -0.0007 0.0820 -10 0 0 0
0.5520 -0.0004 0.0839 -10 0 0 0
0.5440 -0.0004 0.0839 -10 0 0 0
0.5640 -0.0000 0.0832 -10 0 0 0
0.5380 -0.0000 0.0830 -10 0 0 0
0.5160 -0.0000 0.0799 -10 0 0 0
0.5560 0.0005 0.0740 -10 0 0 0
0.5500 0.0009 0.0705 -10 0 0 0
0.5500 0.0009 0.0705 -10 0 0 0
0.5540 0.0008 0.0636 -10 0 0 0
0.5380 0.0009 0.0605 -10 0 0 0
0.5640 0.0009 0.0605 -10 0 0 0
0.5340 0.0009 0.0601 -10 0 0 0
0.5520 0.0009 0.0573 -10 0 0 0
0.5520 0.0009 0.0573 -10 0 0 0
0.5520 0.0008 0.0572 -10 0 0 0
0.5360 0.0004 0.0531 -10 0 0 0
0.5300 0.0004 0.0531 -10 0 0 0
0.5480 0.0003 0.0503 -10 0 0 0
0.5480 0.0004 0.0484 -10 0 0 0
0.5480 0.0006 0.0459 -10 0 0 0
0.5480 0.0006 0.0459 -10 0 0 0
0.5320 0.0011 0.0434 -10 0 0 0
0.5640 0.0013 0.0408 -10 0 0 0
0.5600 0.0012 0.0361 -10 0 0 0
0.5600 0.0012 0.0361 -10 0 0 0
0.5420 0.0003 0.0323 -10 0 0 0
0.5560 0.0003 0.0323 -10 0 0 0
0.5560 0.0004 0.0308 -10 0 0 0
0.5600 0.0008 0.0282 -10 0 0 0
0.5600 0.0009 0.0277 -10 0 0 0
0.5580 0.0009 0.0277 -10 0 0 0
0.5520 0.0007 0.0253 -10 0 0 0
0.5640 0.0007 0.0253 -10 0 0 0
0.5720 0.0007 0.0236 -10 0 0 0
0.5720 0.0009 0.0229 -10 0 0 0
0.5540 0.0012 0.0219 -10 0 0 0
0.5540 0.0012 0.0219 -10 0 0 0
0.5680 0.0007 0.0190 -10 0 0 0
0.5560 0.0003 0.0178 -10 0 0 0
0.5560 0.0003 0.0178 -10 0 0 0
0.5760 0.0003 0.0158 -10 0 0 0
0.5980 0.0004 0.0147 -10 0 0 0
0.5720 0.0007 0.0148 -10 0 0 0
0.5660 0.0011 0.0134 -10 0 0 0
0.5780 0.0011 0.0123 -10 0 0 0
0.5740 0.0009 0.0114 -10 0 0 0
0.5740 0.0009 0.0114 -10 0 0 0
0.5680 0.0008 0.0092 -10 0 0 0
0.5700 0.0007 0.0077 -10 0 0 0
0.5720 0.0002 0.0058 -10 0 0 0
0.5720 0.0002 0.0058 -10 0 0 0
0.5700 0.0003 0.0047 -10 0 0 0
0.5940 0.0007 0.0050 -10 0 0 0
0.5740 0.0011 0.0042 -10 0 0 0
0.5540 0.0012 0.0033 -10 0 0 0
0.5780 0.0014 0.0032 -10 0 0 0
0.5820 0.0010 0.0037 -10 0 0 0
0.5820 0.0010 0.0037 -10 0 0 0
0.5700 0.0004 0.0016 -10 0 0 0
0.5740 0.0008 0.0001 -10 0 0 0
0.5780 0.0009 -0.0018 -10 0 0 0
0.5780 0.0009 -0.0018 -10 0 0 0
0.5800 0.0013 -0.0026 -10 0 0 0
0.5860 0.0017 -0.0042 -10 0 0 0
0.5680 0.0019 -0.0047 -10 0 0 0
0.5900 0.0016 -0.0048 -10 0 0 0
0.5740 0.0016 -0.0047 -10 0 0 0
0.5420 0.0016 -0.0060 -10 0 0 0
0.5420 0.0016 -0.0060 -10 0 0 0
0.5660 0.0015 -0.0064 -10 0 0 0
0.5680 0.0013 -0.0064 -10 0 0 0
0.5680 0.0013 -0.0064 -10 0 0 0
0.5660 0.0011 -0.0066 -10 0 0 0
0.5620 0.0013 -0.0057 -10 0 0 0
0.5860 0.0007 -0.0057 -10 0 0 0
0.5860 0.0007 -0.0057 -10 0 0 0
0.5640 0.0004 -0.0054 -10 0 0 0
0.5700 -0.0003 -0.0037 -10 0 0 0
0.5600 -0.0015 -0.0043 -10 0 0 0
0.5700 -0.0006 -0.0045 -10 0 0 0
0.5620 -0.0000 -0.0049 -10 0 0 0
0.5620 -0.0000 -0.0049 -10 0 0 0
0.5680 0.0007 -0.0046 -10 0 0 0
0.5720 0.0004 -0.0062 -10 0 0 0
0.5600 -0.0002 -0.0063 -10 0 0 0
0.5760 -0.0009 -0.0077 -10 0 0 0
0.5760 -0.0014 -0.0091 -10 0 0 0
0.5740 -0.0014 -0.0091 -10 0 0 0
0.5780 -0.0010 -0.0091 -10 0 0 0
0.5780 -0.0007 -0.0089 -10 0 0 0
0.5800 -0.0004 -0.0091 -10 0 0 0
0.5900 -0.0005 -0.0098 -10 0 0 0
0.5900 -0.0005 -0.0099 -10 0 0 0
0.5640 -0.0005 -0.0099 -10 0 0 0
0.5700 -0.0008 -0.0082 -10 0 0 0
0.5840 -0.0008 -0.0083 -10 0 0 0
0.5760 -0.0008 -0.0069 -10 0 0 0
0.5760 -0.0008 -0.0069 -10 0 0 0
0.5760 0.0000 -0.0070 -10 0 0 0
0.5640 0.0001 -0.0076 -10 0 0 0
0.5960 0.0001 -0.0085 -10 0 0 0
0.5960 0.0001 -0.0085 -10 0 0 0
0.5720 0.0002 -0.0087 -10 0 0 0
0.5760 0.0002 -0.0084 -10 0 0 0
0.5740 0.0004 -0.0105 -10 0 0 0
0.5620 0.0004 -0.0107 -10 0 0 0
0.5620 0.0004 -0.0107 -10 0 0 0
0.5720 0.0002 -0.0111 -10 0 0 0
0.5720 0.0002 -0.0114 -10 0 0 0
0.5920 0.0002 -0.0122 -10 0 0 0
0.5780 0.0006 -0.0121 -10 0 0 0
0.5840 0.0007 -0.0116 -10 0 0 0
0.5640 0.0010 -0.0116 -10 0 0 0
0.5640 0.0010 -0.0116 -10 0 0 0
0.5680 0.0013 -0.0108 -10 0 0 0
0.5780 0.0014 -0.0105 -10 0 0 0
0.5840 0.0014 -0.0085 -10 0 0 0
0.5620 0.0011 -0.0087 -10 0 0 0
0.5620 0.0011 -0.0087 -10 0 0 0
0.5900 0.0007 -0.0074 -10 0 0 0
0.5760 0.0004 -0.0074 -10 0 0 0
0.5920 0.0007 -0.0076 -10 0 0 0
0.5780 0.0007 -0.0076 -10 0 0 0
0.5680 0.0013 -0.0083 -10 0 0 0
0.5680 0.0011 -0.0082 -10 0 0 0
0.5660 0.0011 -0.0082 -10 0 0 0
0.5700 0.0013 -0.0083 -10 0 0 0
0.5800 0.0011 -0.0087 -10 0 0 0
0.5680 0.0004 -0.0085 -10 0 0 0
0.5680 0.0004 -0.0085 -10 0 0 0
0.5700 0.0000 -0.0079 -10 0 0 0
0.5820 0.0002 -0.0083 -10 0 0 0
0.5760 0.0005 -0.0081 -10 0 0 0
0.5720 0.0004 -0.0086 -10 0 0 0
0.5720 0.0004 -0.0086 -10 0 0 0
0.5620 -0.0000 -0.0081 -10 0 0 0
0.5820 -0.0005 -0.0081 -10 0 0 0
0.5740 -0.0007 -0.0084 -10 0 0 0
0.5680 -0.0008 -0.0060 -10 0 0 0
0.5640 -0.0007 -0.0078 -10 0 0 0
0.5900 -0.0007 -0.0073 -10 0 0 0
0.5900 -0.0007 -0.0073 -10 0 0 0
0.5920 -0.0007 -0.0060 -10 0 0 0
0.5860 -0.0005 -0.0060 -10 0 0 0
0.5940 -0.0005 -0.0065 -10 0 0 0
0.5940 -0.0005 -0.0058 -10 0 0 0
0.5840 -0.0003 -0.0033 -10 0 0 0
0.5660 -0.0000 -0.0038 -10 0 0 0
0.5660 -0.0000 -0.0038 -10 0 0 0
0.5800 0.0003 -0.0015 -10 0 0 0
0.5780 0.0004 -0.0017 -10 0 0 0
0.5820 0.0002 -0.0009 -10 0 0 0
0.5880 -0.0003 -0.0009 -10 0 0 0
0.6020 -0.0007 -0.0017 -10 0 0 0
0.6020 -0.0007 -0.0017 -10 0 0 0
0.5840 -0.0006 -0.0027 -10 0 0 0
0.6000 -0.0003 -0.0037 -10 0 0 0
0.5800 -0.0002 -0.0042 -10 0 0 0
0.5860 -0.0001 -0.0057 -10 0 0 0
0.5820 -0.0001 -0.0076 -10 0 0 0
0.5980 -0.0003 -0.0070 -10 0 0 0
0.5700 -0.0003 -0.0064 -10 0 0 0
0.5760 -0.0004 -0.0066 -10 0 0 0
0.5760 -0.0006 -0.0075 -10 0 0 0
0.5760 -0.0006 -0.0075 -10 0 0 0
0.5580 -0.0005 -0.0086 -10 0 0 0
0.6000 -0.0000 -0.0093 -10 0 0 0
0.5860 0.0004 -0.0094 -10 0 0 0
0.5680 0.0009 -0.0124 -10 0 0 0
0.5680 0.0009 -0.0124 -10 0 0 0
0.5640 0.0003 -0.0139 -10 0 0 0
0.5960 -0.0005 -0.0127 -10 0 0 0
0.5900 -0.0001 -0.0125 -10 0 0 0
0.5980 0.0001 -0.0127 -10 0 0 0
0.6140 0.0003 -0.0119 -10 0 0 0
0.6140 0.0003 -0.0119 -10 0 0 0
0.6000 0.0003 -0.0108 -10 0 0 0
0.5960 -0.0001 -0.0102 -10 0 0 0
0.6060 -0.0005 -0.0094 -10 0 0 0
0.5980 -0.0007 -0.0101 0 0 0 0
0.5860 -0.0005 -0.0028 -10 0 0 0
0.6240 -0.0012 -0.0054 -10 0 0 0
0.6280 -0.0003 -0.0113 -10 0 0 0
0.6280 -0.0003 -0.0113 -10 0 0 0
0.6240 -0.0003 -0.0104 -10 0 0 0
0.6200 -0.0006 -0.0106 -10 0 0 0
0.6080 -0.0009 -0.0114 -10 0 0 0
0.6380 -0.0003 -0.0101 -10 0 0 0
0.6380 -0.0003 -0.0101 -10 0 0 0
0.6200 0.0000 -0.0078 0 0 0 0
0.6120 -0.0017 -0.0051 -10 0 0 0
0.6160 -0.0014 -0.0034 -10 0 0 0
0.6020 -0.0010 -0.0018 -10 0 0 0
0.6220 -0.0005 -0.0024 -10 0 0 0
0.6200 -0.0004 -0.0020 -10 0 0 0
0.6140 -0.0006 -0.0021 -10 0 0 0
0.6200 -0.0010 -0.0004 0 0 0 0
0.6380 -0.0017 0.0030 -10 0 0 0
0.6360 -0.0010 0.0038 -10 0 0 0
0.6500 -0.0013 0.0050 -10 0 0 0
0.6500 -0.0013 0.0050 -10 0 0 0
0.6280 -0.0011 0.0064 0 0 0 0
0.6400 -0.0007 0.0093 -10 0 0 0
0.6280 -0.0006 0.0106 -10 0 0 0
0.6060 -0.0007 0.0101 -10 0 0 0
0.6060 -0.0003 0.0102 0 0 0 0
0.6340 -0.0016 0.0106 -10 0 0 0
0.6200 -0.0015 0.0142 -10 0 0 0
0.6220 -0.0016 0.0121 -10 0 0 0
0.6140 -0.0015 0.0132 -10 0 0 0
0.6440 -0.0014 0.0103 -10 0 0 0
0.6240 -0.0010 0.0094 0 0 0 0
0.6200 -0.0005 0.0151 -10 0 0 0
0.6180 0.0002 0.0180 -10 0 0 0
0.6280 0.0005 0.0188 -10 0 0 0
0.6180 0.0006 0.0188 -10 0 0 0
0.6240 0.0009 0.0187 -10 0 0 0
0.6060 0.0007 0.0193 -10 0 0 0
0.6060 0.0007 0.0193 0 0 0 0
0.6260 -0.0004 0.0173 -10 0 0 0
0.6280 0.0007 0.0175 -10 0 0 0
0.6340 0.0006 0.0166 -10 0 0 0
0.6380 0.0002 0.0151 -10 0 0 0
0.6260 -0.0002 0.0177 -10 0 0 0
0.6260 -0.0002 0.0177 -10 0 0 0
0.6060 -0.0008 0.0169 0 0 0 0
0.6180 -0.0008 0.0158 -10 0 0 0
0.6260 -0.0009 0.0170 -10 0 0 0
0.6300 -0.0010 0.0190 -10 0 0 0
0.6100 -0.0009 0.0195 -10 0 0 0
0.6100 -0.0009 0.0195 -10 0 0 0
0.6280 -0.0005 0.0196 0 0 0 0
0.6280 -0.0009 0.0218 0 0 0 -10
0.6280 -0.0007 0.0221 0 0 0 -10
0.6100 -0.0004 0.0200 0 0 0 -10
0.6220 -0.0008 0.0205 0 0 0 0
0.6100 0.0006 0.0166 0 0 0 -10
0.6280 0.0008 0.0198 0 0 0 -10
0.6580 0.0009 0.0186 0 0 0 0
0.6180 -0.0000 0.0135 -10 0 0 0
0.5760 0.0002 0.0195 -10 0 0 0
0.6120 -0.0001 0.0195 -10 0 0 0
0.6000 -0.0000 0.0193 -10 0 0 0
0.5940 -0.0005 0.0184 -10 0 0 0
0.6000 -0.0007 0.0190 -10 0 0 0
0.6140 -0.0004 0.0191 0 0 0 0
0.6100 -0.0003 0.0187 -10 0 0 0
0.5980 0.0007 0.0199 -10 0 0 0
0.6020 0.0008 0.0207 -10 0 0 0
0.6000 0.0008 0.0207 -10 0 0 0
0.6100 0.0013 0.0208 -10 0 0 0
0.6160 0.0012 0.0197 -10 0 0 0
0.6120 0.0009 0.0201 -10 0 0 0
0.6220 0.0006 0.0203 -10 0 0 0
0.6100 0.0007 0.0200 -10 0 0 0
0.6100 0.0007 0.0200 -10 0 0 0
0.6060 0.0008 0.0206 -10 0 0 0
0.6180 0.0009 0.0210 0 0 0 0
0.6020 0.0011 0.0212 0 0 0 -10
0.6240 0.0009 0.0187 0 0 0 -10
0.6040 0.0011 0.0182 0 0 0 -10
0.6180 0.0011 0.0182 0 0 0 0
0.6080 -0.0006 0.0129 0 0 0 -10
0.6160 -0.0008 0.0099 0 0 0 -10
0.6280 -0.0005 0.0067 0 0 0 0
0.6040 -0.0005 -0.0005 -10 0 0 0
0.6100 -0.0009 0.0042 -10 0 0 0
0.6120 0.0004 0.0157 -10 0 0 0
0.6120 0.0004 0.0157 -10 0 0 0
0.6100 0.0001 0.0238 -10 0 0 0
0.6040 0.0006 0.0228 -10 0 0 0
0.6080 0.0001 0.0224 -10 0 0 0
0.6080 0.0001 0.0224 -10 0 0 0
0.6180 -0.0003 0.0203 -10 0 0 0
0.6160 -0.0002 0.0195 -10 0 0 0
0.6240 -0.0005 0.0202 -10 0 0 0
0.6060 -0.0003 0.0193 -10 0 0 0
0.5940 0.0001 0.0191 -10 0 0 0
0.5940 0.0001 0.0191 -10 0 0 0
0.6040 0.0002 0.0179 -10 0 0 0
0.5900 0.0001 0.0153 -10 0 0 0
0.6060 -0.0000 0.0136 -10 0 0 0
0.6240 -0.0001 0.0128 -10 0 0 0
0.6240 -0.0001 0.0128 -10 0 0 0
0.6220 -0.0004 0.0121 -10 0 0 0
0.6160 -0.0003 0.0112 -10 0 0 0
0.6060 -0.0003 0.0112 -10 0 0 0
0.6120 0.0000 0.0117 -10 0 0 0
0.6040 0.0002 0.0109 -10 0 0 0
0.6040 0.0002 0.0112 -10 0 0 0
0.6100 0.0002 0.0112 -10 0 0 0
0.6080 0.0000 0.0109 0 0 0 0
0.6360 -0.0010 0.0082 -10 0 0 0
0.6200 -0.0001 0.0066 -10 0 0 0
0.6060 -0.0005 0.0044 -10 0 0 0
0.6160 -0.0002 0.0039 -10 0 0 0
0.6000 0.0003 0.0013 -10 0 0 0
0.6280 0.0006 0.0006 -10 0 0 0
0.6220 0.0011 -0.0007 -10 0 0 0
0.6140 0.0009 -0.0012 -10 0 0 0
0.6140 0.0009 -0.0012 -10 0 0 0
0.6000 0.0006 -0.0011 -10 0 0 0
0.6120 0.0007 0.0015 -10 0 0 0
0.6280 0.0010 0.0034 -10 0 0 0
0.6280 0.0013 0.0034 -10 0 0 0
0.6080 0.0013 0.0034 -10 0 0 0
0.6000 0.0011 0.0040 -10 0 0 0
0.6140 0.0008 0.0039 -10 0 0 0
0.6160 0.0007 0.0025 -10 0 0 0
0.6100 0.0007 0.0028 -10 0 0 0
0.6100 0.0007 0.0028 -10 0 0 0
0.6240 0.0013 0.0057 -10 0 0 0
0.6340 0.0010 0.0055 -10 0 0 0
0.6380 0.0006 0.0065 0 0 0 0
0.6500 0.0008 0.0021 -10 0 0 0
0.6500 -0.0003 0.0047 -10 0 0 0
0.6260 -0.0001 0.0002 -10 0 0 0
0.6160 -0.0007 -0.0023 -10 0 0 0
0.6240 -0.0009 -0.0010 -10 0 0 0
0.6360 -0.0010 -0.0003 -10 0 0 0
0.6360 -0.0010 -0.0003 -10 0 0 0
0.6240 -0.0006 0.0032 -10 0 0 0
0.6240 -0.0002 0.0035 -10 0 0 0
0.6320 -0.0002 0.0035 -10 0 0 0
0.6200 -0.0003 0.0077 -10 0 0 0
0.6140 -0.0007 0.0086 0 0 0 0
0.6280 -0.0007 0.0296 0 -10 0 0
0.6140 -0.0010 0.0387 0 -10 0 0
0.6320 -0.0010 0.0464 0 -10 0 0
0.6260 -0.0005 0.0471 0 -10 0 0
0.6260 -0.0004 0.0499 0 -10 0 0
0.6020 -0.0005 0.0490 0 -10 0 0
0.6240 -0.0007 0.0529 0 -10 0 0
0.6240 -0.0008 0.0522 0 -10 0 0
0.6020 -0.0012 0.0538 0 -10 0 0
0.6020 -0.0012 0.0538 0 -10 0 0
0.6000 -0.0013 0.0533 0 -10 0 0
0.6200 -0.0016 0.0537 0 -10 0 0
0.6120 -0.0018 0.0533 0 -10 0 0
0.6020 -0.0014 0.0548 0 -10 0 0
0.6020 -0.0014 0.0548 0 -10 0 0
0.6060 -0.0016 0.0551 0 -10 0 0
0.6060 -0.0016 0.0551 0 -10 0 0
0.5980 -0.0020 0.0585 0 -10 0 0
0.6080 -0.0020 0.0590 0 -10 0 0
0.6080 -0.0016 0.0623 0 -10 0 0
0.6080 -0.0016 0.0623 0 -10 0 0
0.5900 -0.0008 0.0617 0 -10 0 0
0.5940 -0.0008 0.0639 0 -10 0 0
0.5980 -0.0012 0.0633 0 -10 0 0
0.6080 -0.0018 0.0643 0 -10 0 0
0.6080 -0.0018 0.0643 0 -10 0 0
0.6100 -0.0016 0.0666 0 -10 0 0
0.6100 -0.0016 0.0666 0 -10 0 0
0.5940 -0.0017 0.0668 0 -10 0 0
0.6000 -0.0011 0.0654 0 -10 0 0
0.6000 -0.0011 0.0654 0 0 0 0
0.6100 -0.0019 0.0723 0 -10 0 0
0.6160 -0.0009 0.0759 0 -10 0 0
0.6080 -0.0010 0.0758 0 -10 0 0
0.6080 -0.0010 0.0758 0 -10 0 0
0.6140 -0.0013 0.0770 0 -10 0 0
0.5980 -0.0010 0.0767 0 -10 0 0
0.6160 -0.0007 0.0811 0 -10 0 0
0.6060 -0.0001 0.0867 0 -10 0 0
0.6060 -0.0001 0.0867 0 -10 0 0
0.5880 -0.0003 0.0854 0 0 0 0
0.6160 -0.0004 0.0824 0 0 0 -10
0.5980 -0.0007 0.0779 0 0 0 -10
0.6160 -0.0009 0.0740 0 0 0 0
0.6360 -0.0016 0.0681 0 0 0 -10
0.6120 -0.0001 0.0648 0 0 0 -10
0.6400 -0.0008 0.0629 0 0 0 0
0.6280 -0.0008 0.0587 0 0 0 -10
0.6300 0.0001 0.0628 0 0 0 0
0.6220 -0.0007 0.0619 0 0 0 -10
0.6500 0.0002 0.0614 0 0 0 -10
0.6180 0.0003 0.0586 0 0 0 0
0.6300 0.0011 0.0594 0 0 0 -10
0.6660 0.0007 0.0575 0 0 0 -10
0.6480 0.0006 0.0578 0 0 0 0
0.6480 0.0004 0.0565 0 0 0 -10
0.6540 0.0004 0.0566 0 0 0 0
0.6540 -0.0003 0.0533 0 0 0 -10
0.6840 -0.0004 0.0506 0 0 0 -10
0.6460 0.0001 0.0506 0 0 0 0
0.6600 0.0001 0.0432 0 0 0 -10
0.6740 0.0004 0.0392 0 0 0 0
0.6700 -0.0003 0.0354 0 0 0 -10
0.6700 0.0008 0.0338 0 0 0 -10
0.6660 0.0003 0.0290 0 0 0 0
0.6780 0.0002 0.0245 0 0 0 -10
0.6780 0.0007 0.0300 0 0 0 -10
0.6560 0.0011 0.0327 0 0 0 0
0.6520 0.0011 0.0327 0 0 0 -10
0.6640 0.0010 0.0297 0 0 0 -10
0.6440 0.0012 0.0303 0 0 0 0
0.6620 0.0001 0.0265 0 0 0 -10
0.6540 0.0010 0.0231 0 0 0 -10
0.6740 0.0005 0.0228 0 0 0 0
0.6880 0.0004 0.0228 0 0 0 -10
0.6980 -0.0007 0.0163 0 0 0 -10
