0.5680 -0.0012 0.0348 -10 0 0 0
0.5800 -0.0021 0.0355 -10 0 0 0
0.5920 -0.0017 0.0372 -10 0 0 0
0.5800 -0.0012 0.0384 -10 0 0 0
0.5860 -0.0011 0.0400 -10 0 0 0
0.5820 -0.0007 0.0371 -10 0 0 0
0.5680 -0.0010 0.0383 -10 0 0 0
0.5680 -0.0010 0.0383 -10 0 0 0
0.5960 -0.0011 0.0379 -10 0 0 0
0.5720 -0.0011 0.0362 -10 0 0 0
0.5860 -0.0012 0.0366 -10 0 0 0
0.5860 -0.0012 0.0366 -10 0 0 0
0.5840 -0.0013 0.0399 -10 0 0 0
0.5840 -0.0013 0.0399 -10 0 0 0
0.5800 -0.0013 0.0399 -10 0 0 0
0.5860 -0.0010 0.0401 -10 0 0 0
0.5800 -0.0010 0.0409 -10 0 0 0
0.5620 -0.0011 0.0405 -10 0 0 0
0.5620 -0.0011 0.0405 -10 0 0 0
0.5720 -0.0003 0.0408 -10 0 0 0
0.5900 -0.0000 0.0391 -10 0 0 0
0.5620 0.0004 0.0416 -10 0 0 0
0.5700 -0.0003 0.0403 -10 0 0 0
0.5700 -0.0005 0.0404 -10 0 0 0
0.5700 -0.0005 0.0404 -10 0 0 0
0.5720 -0.0010 0.0422 0 0 0 0
0.5720 -0.0005 0.0439 -10 0 0 0
0.5740 -0.0007 0.0426 -10 0 0 0
0.5800 -0.0002 0.0459 -10 0 0 0
0.5800 0.0006 0.0453 -10 0 0 0
0.5620 0.0005 0.0450 -10 0 0 0
0.5620 0.0005 0.0450 -10 0 0 0
0.5760 0.0002 0.0441 -10 0 0 0
0.5760 0.0002 0.0441 -10 0 0 0
0.5760 -0.0000 0.0424 -10 0 0 0
0.5600 0.0002 0.0415 -10 0 0 0
0.5600 0.0002 0.0415 -10 0 0 0
0.5640 0.0003 0.0408 -10 0 0 0
0.5660 0.0003 0.0403 -10 0 0 0
0.5460 0.0007 0.0395 -10 0 0 0
0.5820 0.0014 0.0396 -10 0 0 0
0.5580 0.0015 0.0404 -10 0 0 0
0.5560 0.0013 0.0393 -10 0 0 0
0.5560 0.0013 0.0393 -10 0 0 0
0.5720 0.0005 0.0390 -10 0 0 0
0.5820 0.0002 0.0379 -10 0 0 0
0.5660 -0.0003 0.0370 -10 0 0 0
0.5660 -0.0003 0.0370 -10 0 0 0
0.5860 0.0003 0.0372 -10 0 0 0
0.5860 0.0003 0.0372 -10 0 0 0
0.5580 0.0007 0.0374 -10 0 0 0
0.5580 0.0007 0.0374 0 0 0 0
0.5480 -0.0002 0.0367 -10 0 0 0
0.5640 0.0008 0.0370 -10 0 0 0
0.5520 0.0009 0.0390 -10 0 0 0
0.5520 0.0009 0.0390 -10 0 0 0
0.5460 0.0005 0.0388 -10 0 0 0
0.5920 0.0005 0.0388 -10 0 0 0
0.5720 0.0006 0.0383 -10 0 0 0
0.5540 0.0009 0.0398 -10 0 0 0
0.5780 0.0008 0.0394 -10 0 0 0
0.5640 0.0008 0.0406 -10 0 0 0
0.5640 0.0008 0.0406 -10 0 0 0
0.5700 0.0003 0.0426 -10 0 0 0
0.5600 0.0001 0.0420 -10 0 0 0
0.5680 0.0001 0.0414 -10 0 0 0
0.5660 0.0004 0.0417 -10 0 0 0
0.5660 0.0004 0.0417 -10 0 0 0
0.5720 0.0005 0.0411 -10 0 0 0
0.5560 0.0008 0.0407 -10 0 0 0
0.5820 0.0013 0.0401 -10 0 0 0
0.5820 0.0013 0.0401 0 0 0 0
0.5820 0.0004 0.0352 -10 0 0 0
0.5960 0.0013 0.0363 -10 0 0 0
0.5880 0.0015 0.0351 -10 0 0 0
0.5880 0.0015 0.0351 -10 0 0 0
0.5820 0.0011 0.0349 -10 0 0 0
0.5900 0.0004 0.0333 -10 0 0 0
0.5980 -0.0001 0.0325 -10 0 0 0
0.6020 -0.0000 0.0325 -10 0 0 0
0.5880 0.0011 0.0325 -10 0 0 0
0.5880 0.0011 0.0325 -10 0 0 0
0.5920 0.0011 0.0321 -10 0 0 0
0.5780 0.0008 0.0348 -10 0 0 0
0.5620 0.0006 0.0340 -10 0 0 0
0.5680 0.0004 0.0338 -10 0 0 0
0.5680 0.0004 0.0338 0 0 0 0
0.5820 0.0004 0.0346 -10 0 0 0
0.5720 -0.0000 0.0332 -10 0 0 0
0.5960 -0.0000 0.0331 -10 0 0 0
0.5700 -0.0000 0.0327 -10 0 0 0
0.5700 -0.0000 0.0327 -10 0 0 0
0.5840 0.0001 0.0329 -10 0 0 0
0.5920 0.0004 0.0333 -10 0 0 0
0.5880 0.0005 0.0329 -10 0 0 0
0.5920 0.0004 0.0334 -10 0 0 0
0.5800 0.0001 0.0338 -10 0 0 0
0.6000 0.0009 0.0332 -10 0 0 0
0.6000 0.0009 0.0332 -10 0 0 0
0.5880 0.0009 0.0327 -10 0 0 0
0.5860 0.0007 0.0339 -10 0 0 0
0.5960 0.0006 0.0344 -10 0 0 0
0.5800 0.0004 0.0339 -10 0 0 0
0.5800 0.0002 0.0341 -10 0 0 0
0.5800 0.0000 0.0346 -10 0 0 0
0.5780 0.0000 0.0346 -10 0 0 0
0.5920 -0.0004 0.0340 0 0 0 0
0.5780 -0.0012 0.0299 -10 0 0 0
0.6000 -0.0018 0.0302 -10 0 0 0
0.5860 -0.0018 0.0300 -10 0 0 0
0.5860 -0.0018 0.0300 -10 0 0 0
0.6060 -0.0015 0.0282 -10 0 0 0
0.6060 -0.0015 0.0282 -10 0 0 0
0.5720 -0.0006 0.0257 -10 0 0 0
0.5720 -0.0006 0.0257 -10 0 0 0
0.5880 -0.0003 0.0266 -10 0 0 0
0.5880 -0.0003 0.0266 -10 0 0 0
0.6000 0.0006 0.0213 -10 0 0 0
0.5720 0.0009 0.0186 -10 0 0 0
0.6000 0.0006 0.0139 -10 0 0 0
0.6200 0.0006 0.0143 -10 0 0 0
0.5880 0.0006 0.0086 -10 0 0 0
0.5880 0.0006 0.0086 -10 0 0 0
0.6060 0.0011 0.0079 -10 0 0 0
0.6060 0.0011 0.0079 -10 0 0 0
0.5820 0.0012 0.0076 -10 0 0 0
0.5820 0.0012 0.0076 -10 0 0 0
0.5840 0.0008 0.0024 0 0 0 0
0.5980 0.0015 -0.0006 -10 0 0 0
0.5840 0.0007 -0.0059 -10 0 0 0
0.5840 0.0007 -0.0059 -10 0 0 0
0.5900 0.0011 -0.0067 -10 0 0 0
0.5840 0.0015 -0.0069 -10 0 0 0
0.5900 0.0016 -0.0076 -10 0 0 0
0.5900 0.0016 -0.0076 -10 0 0 0
0.5820 0.0014 -0.0067 -10 0 0 0
0.5900 0.0013 -0.0062 -10 0 0 0
0.5900 0.0013 -0.0062 -10 0 0 0
0.5760 0.0006 -0.0059 -10 0 0 0
0.5860 0.0002 -0.0055 -10 0 0 0
0.5940 0.0000 -0.0071 -10 0 0 0
0.5940 0.0000 -0.0071 -10 0 0 0
0.5940 0.0002 -0.0036 -10 0 0 0
0.5820 0.0002 -0.0025 -10 0 0 0
0.5860 -0.0002 -0.0002 -10 0 0 0
0.5980 -0.0010 0.0003 -10 0 0 0
0.5880 -0.0016 0.0012 -10 0 0 0
0.5940 -0.0018 0.0020 -10 0 0 0
0.5940 -0.0018 0.0020 -10 0 0 0
0.5860 -0.0012 0.0013 -10 0 0 0
0.5980 -0.0005 0.0021 0 0 0 0
0.5940 -0.0004 0.0036 -10 0 0 0
0.6040 -0.0015 0.0061 -10 0 0 0
0.5880 -0.0006 0.0080 -10 0 0 0
0.5780 -0.0009 0.0088 -10 0 0 0
0.6000 -0.0012 0.0096 -10 0 0 0
0.6000 -0.0012 0.0096 -10 0 0 0
0.5920 -0.0012 0.0112 -10 0 0 0
0.5920 -0.0012 0.0112 -10 0 0 0
0.6040 -0.0014 0.0123 -10 0 0 0
0.5900 -0.0017 0.0132 -10 0 0 0
0.5900 -0.0012 0.0136 -10 0 0 0
0.6040 -0.0012 0.0136 -10 0 0 0
0.6000 -0.0007 0.0123 -10 0 0 0
0.6060 -0.0007 0.0123 -10 0 0 0
0.6020 -0.0007 0.0126 -10 0 0 0
0.6020 -0.0007 0.0162 -10 0 0 0
0.5900 -0.0008 0.0164 -10 0 0 0
0.5900 -0.0008 0.0164 -10 0 0 0
0.6120 -0.0010 0.0199 -10 0 0 0
0.6040 -0.0010 0.0145 -10 0 0 0
0.5900 -0.0008 0.0139 -10 0 0 0
0.6040 -0.0003 0.0129 -10 0 0 0
0.6080 0.0002 0.0215 -10 0 0 0
0.6000 0.0002 0.0215 -10 0 0 0
0.5860 -0.0002 0.0215 -10 0 0 0
0.5740 -0.0003 0.0181 -10 0 0 0
0.5800 -0.0000 0.0182 0 0 0 0
0.6080 0.0003 0.0140 -10 0 0 0
0.5880 -0.0004 0.0141 -10 0 0 0
0.5580 -0.0012 0.0121 -10 0 0 0
0.5680 -0.0012 0.0119 -10 0 0 0
0.5680 -0.0012 0.0119 -10 0 0 0
0.5920 -0.0007 0.0095 -10 0 0 0
0.5980 -0.0003 0.0092 -10 0 0 0
0.5860 -0.0001 0.0087 -10 0 0 0
0.5860 -0.0001 0.0087 -10 0 0 0
0.5960 0.0000 0.0087 -10 0 0 0
0.5860 0.0002 0.0070 -10 0 0 0
0.5980 -0.0000 0.0076 -10 0 0 0
0.5860 -0.0003 0.0070 -10 0 0 0
0.5860 -0.0003 0.0070 -10 0 0 0
0.5820 0.0003 0.0093 -10 0 0 0
0.5820 0.0003 0.0093 -10 0 0 0
0.5800 0.0012 0.0095 -10 0 0 0
0.5900 0.0017 0.0101 -10 0 0 0
0.5980 0.0018 0.0108 0 0 0 0
0.5940 0.0006 0.0084 -10 0 0 0
0.6100 0.0001 0.0046 -10 0 0 0
0.6000 0.0004 0.0056 -10 0 0 0
0.6120 0.0011 0.0057 -10 0 0 0
0.6040 0.0014 0.0062 -10 0 0 0
0.5680 0.0017 0.0097 -10 0 0 0
0.5680 0.0017 0.0097 -10 0 0 0
0.6060 0.0020 0.0103 -10 0 0 0
0.6060 0.0021 0.0161 -10 0 0 0
0.6060 0.0020 0.0175 -10 0 0 0
0.6060 0.0012 0.0184 -10 0 0 0
0.6140 0.0005 0.0171 -10 0 0 0
0.6140 0.0005 0.0171 -10 0 0 0
0.6200 0.0000 0.0179 -10 0 0 0
0.6080 -0.0001 0.0186 -10 0 0 0
0.6120 0.0003 0.0190 -10 0 0 0
0.6040 0.0013 0.0181 -10 0 0 0
0.6040 0.0013 0.0181 -10 0 0 0
0.5880 0.0019 0.0176 -10 0 0 0
0.6160 0.0018 0.0180 -10 0 0 0
0.6000 0.0015 0.0179 0 0 0 0
0.5900 -0.0001 0.0181 -10 0 0 0
0.6160 0.0004 0.0183 -10 0 0 0
0.6000 0.0004 0.0195 -10 0 0 0
0.6200 -0.0001 0.0198 -10 0 0 0
0.6200 -0.0001 0.0198 -10 0 0 0
0.5980 -0.0001 0.0191 -10 0 0 0
0.6180 0.0002 0.0163 -10 0 0 0
0.6140 -0.0000 0.0163 -10 0 0 0
0.6140 -0.0001 0.0175 -10 0 0 0
0.6060 -0.0001 0.0175 -10 0 0 0
0.6160 0.0002 0.0179 -10 0 0 0
0.6280 0.0003 0.0183 -10 0 0 0
0.6160 0.0005 0.0182 -10 0 0 0
0.6160 0.0005 0.0182 -10 0 0 0
0.6220 0.0000 0.0192 -10 0 0 0
0.6040 0.0000 0.0192 -10 0 0 0
0.6020 -0.0008 0.0207 -10 0 0 0
0.5920 -0.0009 0.0211 -10 0 0 0
0.6060 -0.0005 0.0219 -10 0 0 0
0.5920 0.0003 0.0222 -10 0 0 0
0.5920 0.0003 0.0222 -10 0 0 0
0.6060 0.0011 0.0228 -10 0 0 0
0.6100 0.0006 0.0230 -10 0 0 0
0.6100 0.0004 0.0229 -10 0 0 0
0.5760 -0.0004 0.0233 -10 0 0 0
0.5760 -0.0004 0.0233 -10 0 0 0
0.5920 -0.0011 0.0236 -10 0 0 0
0.5880 -0.0012 0.0240 -10 0 0 0
0.5960 -0.0007 0.0240 -10 0 0 0
0.5980 0.0000 0.0243 -10 0 0 0
0.5920 0.0012 0.0244 -10 0 0 0
0.5920 0.0012 0.0244 -10 0 0 0
0.6060 0.0021 0.0209 -10 0 0 0
0.5860 0.0022 0.0210 -10 0 0 0
0.6140 0.0019 0.0212 -10 0 0 0
0.6040 0.0013 0.0210 -10 0 0 0
0.6020 0.0011 0.0217 -10 0 0 0
0.6140 0.0006 0.0220 -10 0 0 0
0.6140 0.0004 0.0230 -10 0 0 0
0.6180 0.0009 0.0230 -10 0 0 0
0.6180 0.0009 0.0230 -10 0 0 0
0.6040 0.0015 0.0237 -10 0 0 0
0.6040 0.0017 0.0243 -10 0 0 0
0.6220 0.0011 0.0257 -10 0 0 0
0.6220 0.0011 0.0257 -10 0 0 0
0.6120 0.0011 0.0257 -10 0 0 0
0.6120 0.0011 0.0257 -10 0 0 0
0.6320 0.0016 0.0260 -10 0 0 0
0.6460 0.0017 0.0259 -10 0 0 0
0.6380 0.0019 0.0253 -10 0 0 0
0.6380 0.0019 0.0253 -10 0 0 0
0.6340 0.0018 0.0250 0 0 0 0
0.6840 0.0012 0.0254 0 0 0 -10
0.6480 -0.0005 0.0258 0 0 0 -10
0.6660 0.0001 0.0257 0 0 0 0
0.6620 0.0002 0.0263 0 0 0 -10
0.6700 0.0007 0.0219 0 0 0 -10
0.6660 0.0013 0.0200 0 0 0 -10
0.6800 0.0018 0.0228 0 0 0 0
0.6880 0.0011 0.0149 0 0 0 -10
0.6840 0.0011 0.0099 0 0 0 0
0.6960 0.0010 0.0034 0 0 0 -10
0.6720 0.0007 0.0023 0 0 0 0
0.6680 0.0011 0.0029 0 0 0 -10
0.6600 0.0011 0.0052 0 0 0 -10
0.6920 -0.0001 0.0056 0 0 0 0
0.6940 0.0014 0.0102 -10 0 0 0
0.7000 0.0008 0.0113 -10 0 0 0
