0.3840 -0.2970 -0.0145 0 0 -10 0
0.4020 -0.2976 -0.0182 0 0 -10 0
0.4140 -0.2970 -0.0166 0 0 -10 0
0.4060 -0.2968 -0.0172 0 0 -10 0
0.4060 -0.2968 -0.0172 0 0 -10 0
0.3880 -0.2971 -0.0186 0 0 -10 0
0.3980 -0.2976 -0.0178 0 0 -10 0
0.3920 -0.2980 -0.0189 0 0 -10 0
0.3900 -0.2978 -0.0197 0 0 -10 0
0.4040 -0.2981 -0.0212 0 0 -10 0
0.3920 -0.2976 -0.0235 0 0 -10 0
0.3920 -0.2971 -0.0271 0 0 -10 0
0.4160 -0.2968 -0.0265 0 0 -10 0
0.4160 -0.2968 -0.0265 0 0 -10 0
0.3960 -0.2962 -0.0265 0 0 -10 0
0.3860 -0.2961 -0.0264 0 0 -10 0
0.3960 -0.2965 -0.0250 0 0 -10 0
0.4140 -0.2959 -0.0235 0 0 -10 0
0.4140 -0.2959 -0.0235 0 0 -10 0
0.3920 -0.2955 -0.0226 0 0 -10 0
0.4000 -0.2949 -0.0224 0 0 -10 0
0.4060 -0.2947 -0.0213 0 0 -10 0
0.3900 -0.2948 -0.0205 0 0 -10 0
0.3900 -0.2949 -0.0226 0 0 -10 0
0.4080 -0.2949 -0.0226 0 0 -10 0
0.4200 -0.2945 -0.0227 0 0 -10 0
0.3800 -0.2942 -0.0226 0 0 -10 0
0.4060 -0.2935 -0.0184 0 0 -10 0
0.3820 -0.2929 -0.0196 0 0 -10 0
0.3840 -0.2928 -0.0190 0 0 -10 0
0.4080 -0.2928 -0.0150 0 0 -10 0
0.4080 -0.2928 -0.0150 0 0 -10 0
0.4020 -0.2924 -0.0143 0 0 -10 0
0.4140 -0.2923 -0.0162 0 0 -10 0
0.4160 -0.2913 -0.0164 0 0 -10 0
0.3960 -0.2903 -0.0086 0 0 -10 0
0.3960 -0.2903 -0.0086 0 0 -10 0
0.4040 -0.2898 -0.0091 0 0 -10 0
0.3880 -0.2893 -0.0117 0 0 -10 0
0.4140 -0.2887 -0.0122 0 0 -10 0
0.4060 -0.2885 -0.0119 0 0 -10 0
0.4360 -0.2885 -0.0153 0 0 -10 0
0.4040 -0.2880 -0.0152 0 0 -10 0
0.4120 -0.2874 -0.0151 0 0 -10 0
0.4100 -0.2872 -0.0149 0 0 -10 0
0.4100 -0.2872 -0.0149 0 0 -10 0
0.3840 -0.2862 -0.0163 0 0 -10 0
0.3960 -0.2852 -0.0158 0 0 -10 0
0.3980 -0.2844 -0.0161 0 0 -10 0
0.4120 -0.2840 -0.0157 0 0 -10 0
0.4040 -0.2832 -0.0157 0 0 -10 0
0.4040 -0.2827 -0.0152 0 0 -10 0
0.4240 -0.2822 -0.0154 0 0 -10 0
0.4020 -0.2821 -0.0151 0 0 -10 0
0.4140 -0.2818 -0.0140 0 0 -10 0
0.4180 -0.2817 -0.0141 0 0 -10 0
0.4400 -0.2818 -0.0120 0 0 -10 0
0.4160 -0.2815 -0.0129 0 0 -10 0
0.4200 -0.2809 -0.0126 0 0 -10 0
0.4300 -0.2802 -0.0097 0 0 -10 0
0.4020 -0.2797 -0.0101 0 0 -10 0
0.4020 -0.2797 -0.0101 0 0 -10 0
0.4220 -0.2796 -0.0111 0 0 -10 0
0.4080 -0.2792 -0.0117 0 0 -10 0
0.4240 -0.2791 -0.0094 0 0 -10 0
0.4140 -0.2784 -0.0094 0 0 -10 0
0.4140 -0.2777 -0.0101 0 0 -10 0
0.4140 -0.2770 -0.0100 0 0 -10 0
0.4140 -0.2767 -0.0081 0 0 -10 0
0.4120 -0.2767 -0.0081 0 0 -10 0
0.4040 -0.2767 -0.0083 0 0 -10 0
0.4180 -0.2768 -0.0092 0 0 -10 0
0.4160 -0.2765 -0.0090 0 0 -10 0
0.4160 -0.2765 -0.0090 0 0 -10 0
0.4060 -0.2758 -0.0075 0 0 -10 0
0.4140 -0.2753 -0.0096 0 0 -10 0
0.4300 -0.2747 -0.0096 0 0 -10 0
0.4500 -0.2738 -0.0091 0 0 -10 0
0.4140 -0.2736 -0.0091 0 0 -10 0
0.4140 -0.2736 -0.0091 0 0 -10 0
0.4320 -0.2739 -0.0087 0 0 -10 0
0.4280 -0.2740 -0.0079 0 0 -10 0
0.4220 -0.2740 -0.0082 0 0 -10 0
0.4220 -0.2732 -0.0084 0 0 -10 0
0.4300 -0.2720 -0.0118 0 0 -10 0
0.4180 -0.2713 -0.0117 0 0 -10 0
0.4180 -0.2713 -0.0117 0 0 -10 0
0.4520 -0.2710 -0.0122 0 0 -10 0
0.4320 -0.2710 -0.0130 0 0 -10 0
0.4440 -0.2709 -0.0134 0 0 -10 0
0.4220 -0.2707 -0.0132 0 0 -10 0
0.4260 -0.2705 -0.0128 0 0 -10 0
0.4320 -0.2703 -0.0121 0 0 -10 0
0.4320 -0.2701 -0.0121 0 0 -10 0
0.4320 -0.2701 -0.0121 0 0 -10 0
0.4280 -0.2694 -0.0108 0 0 -10 0
0.4240 -0.2681 -0.0110 0 0 -10 0
0.4280 -0.2674 -0.0114 0 0 -10 0
0.4280 -0.2664 -0.0115 0 0 -10 0
0.4320 -0.2658 -0.0094 0 0 -10 0
0.4320 -0.2658 -0.0094 0 0 -10 0
0.4280 -0.2654 -0.0094 0 0 -10 0
0.4280 -0.2649 -0.0103 0 0 -10 0
0.4320 -0.2649 -0.0104 0 0 -10 0
0.4480 -0.2652 -0.0087 0 0 -10 0
0.4480 -0.2652 -0.0087 0 0 -10 0
0.4280 -0.2644 -0.0104 0 0 -10 0
0.4400 -0.2633 -0.0105 0 0 -10 0
0.4360 -0.2627 -0.0100 0 0 -10 0
0.4440 -0.2621 -0.0105 0 0 -10 0
0.4560 -0.2622 -0.0111 0 0 -10 0
0.4560 -0.2622 -0.0111 0 0 -10 0
0.4360 -0.2617 -0.0097 0 0 -10 0
0.4440 -0.2612 -0.0100 0 0 -10 0
0.4540 -0.2606 -0.0098 0 0 -10 0
0.4540 -0.2606 -0.0098 0 0 -10 0
0.4300 -0.2592 -0.0082 0 0 -10 0
0.4300 -0.2592 -0.0082 0 0 -10 0
0.4480 -0.2591 -0.0062 0 0 -10 0
0.4500 -0.2585 -0.0058 0 0 -10 0
0.4300 -0.2580 -0.0057 0 0 -10 0
0.4300 -0.2580 -0.0057 0 0 -10 0
0.4260 -0.2580 -0.0042 0 0 -10 0
0.4240 -0.2578 -0.0046 0 0 -10 0
0.4300 -0.2577 -0.0043 0 0 -10 0
0.4240 -0.2576 -0.0022 0 0 -10 0
0.4260 -0.2570 -0.0011 0 0 -10 0
0.4260 -0.2570 -0.0011 0 0 -10 0
0.4040 -0.2565 -0.0010 0 0 -10 0
0.4400 -0.2561 0.0005 0 0 -10 0
0.4220 -0.2553 -0.0001 0 0 -10 0
0.4220 -0.2553 -0.0001 0 0 -10 0
0.4320 -0.2548 -0.0024 0 0 -10 0
0.4400 -0.2553 -0.0025 0 0 -10 0
0.4280 -0.2549 -0.0033 0 0 -10 0
0.4260 -0.2539 -0.0047 0 0 -10 0
0.4260 -0.2539 -0.0047 0 0 -10 0
0.4200 -0.2529 -0.0048 0 0 -10 0
0.4260 -0.2525 -0.0036 0 0 -10 0
0.4200 -0.2523 -0.0034 0 0 -10 0
0.4140 -0.2523 -0.0018 0 0 -10 0
0.4260 -0.2517 -0.0023 0 0 -10 0
0.4200 -0.2517 -0.0051 0 0 -10 0
0.4200 -0.2517 -0.0051 0 0 -10 0
0.4240 -0.2513 -0.0051 0 0 -10 0
0.4100 -0.2508 -0.0033 0 0 -10 0
0.3940 -0.2506 -0.0037 0 0 -10 0
0.4080 -0.2501 -0.0031 0 0 -10 0
0.4080 -0.2497 -0.0030 0 0 -10 0
0.4200 -0.2493 -0.0022 0 0 -10 0
0.4040 -0.2485 -0.0041 0 0 -10 0
0.4220 -0.2477 -0.0047 0 0 -10 0
0.4220 -0.2471 -0.0047 0 0 -10 0
0.4220 -0.2471 -0.0047 0 0 -10 0
0.4080 -0.2469 -0.0037 0 0 -10 0
0.4160 -0.2469 -0.0048 0 0 -10 0
0.4160 -0.2468 -0.0039 0 0 -10 0
0.4000 -0.2466 -0.0016 0 0 -10 0
0.4000 -0.2466 -0.0016 0 0 -10 0
0.4200 -0.2459 -0.0017 0 0 -10 0
0.4240 -0.2453 -0.0018 0 0 -10 0
0.4260 -0.2450 -0.0017 0 0 -10 0
0.4160 -0.2449 -0.0003 0 0 -10 0
0.4140 -0.2449 -0.0005 0 0 -10 0
0.4200 -0.2448 -0.0009 0 0 -10 0
0.4200 -0.2448 -0.0009 0 0 -10 0
0.4060 -0.2447 0.0002 0 0 -10 0
0.4060 -0.2447 0.0002 0 0 -10 0
0.4240 -0.2441 -0.0016 0 0 -10 0
0.4300 -0.2439 -0.0018 0 0 -10 0
0.4440 -0.2431 -0.0016 0 0 -10 0
0.4180 -0.2422 -0.0021 0 0 -10 0
0.4180 -0.2422 -0.0021 0 0 -10 0
0.4460 -0.2417 -0.0018 0 0 -10 0
0.4260 -0.2412 -0.0013 0 0 -10 0
0.4500 -0.2410 -0.0018 0 0 -10 0
0.4400 -0.2406 -0.0010 0 0 -10 0
0.4400 -0.2406 -0.0010 0 0 -10 0
0.4300 -0.2397 -0.0010 0 0 -10 0
0.4180 -0.2386 0.0009 0 0 -10 0
0.4360 -0.2377 0.0031 0 0 -10 0
0.4360 -0.2377 0.0031 0 0 -10 0
0.4240 -0.2371 0.0041 0 0 -10 0
0.4320 -0.2369 0.0039 0 0 -10 0
0.4240 -0.2371 0.0047 0 0 -10 0
0.4380 -0.2369 0.0036 0 0 -10 0
0.4400 -0.2368 0.0034 0 0 -10 0
0.4460 -0.2367 0.0040 0 0 -10 0
0.4460 -0.2362 0.0037 0 0 -10 0
0.4440 -0.2362 0.0037 0 0 -10 0
0.4220 -0.2359 0.0032 0 0 -10 0
0.4460 -0.2351 0.0048 0 0 -10 0
0.4460 -0.2351 0.0048 0 0 -10 0
0.4420 -0.2344 0.0060 0 0 -10 0
0.4460 -0.2337 0.0054 0 0 -10 0
0.4360 -0.2332 0.0073 0 0 -10 0
0.4340 -0.2326 0.0068 0 0 -10 0
0.4580 -0.2325 0.0057 0 0 -10 0
0.4580 -0.2325 0.0057 0 0 -10 0
0.4500 -0.2318 0.0056 0 0 -10 0
0.4480 -0.2311 0.0065 0 0 -10 0
0.4500 -0.2308 0.0051 0 0 -10 0
0.4500 -0.2308 0.0051 0 0 -10 0
0.4480 -0.2307 0.0047 0 0 -10 0
0.4460 -0.2305 0.0056 0 0 -10 0
0.4360 -0.2302 0.0047 0 0 -10 0
0.4520 -0.2295 0.0045 0 0 -10 0
0.4520 -0.2295 0.0045 0 0 -10 0
0.4680 -0.2286 0.0053 0 0 -10 0
0.4520 -0.2282 0.0054 0 0 -10 0
0.4560 -0.2281 0.0044 0 0 -10 0
0.4360 -0.2279 0.0052 0 0 -10 0
0.4540 -0.2279 0.0042 0 0 -10 0
0.4540 -0.2279 0.0042 0 0 -10 0
0.4500 -0.2278 0.0042 0 0 -10 0
0.4440 -0.2277 0.0047 0 0 -10 0
0.4480 -0.2271 0.0049 0 0 -10 0
0.4640 -0.2265 0.0045 0 0 -10 0
0.4680 -0.2268 0.0042 0 0 -10 0
0.4680 -0.2268 0.0042 0 0 -10 0
0.4600 -0.2261 0.0041 0 0 -10 0
0.4520 -0.2258 0.0019 0 0 -10 0
0.4480 -0.2255 0.0019 0 0 -10 0
0.4420 -0.2255 0.0025 0 0 -10 0
0.4420 -0.2255 0.0025 0 0 -10 0
0.4320 -0.2258 0.0039 0 0 -10 0
0.4680 -0.2252 0.0040 0 0 -10 0
0.4460 -0.2243 0.0030 0 0 -10 0
0.4460 -0.2243 0.0030 0 0 -10 0
0.4700 -0.2224 0.0034 0 0 -10 0
0.4460 -0.2217 0.0033 0 0 -10 0
0.4460 -0.2217 0.0033 0 0 -10 0
0.4280 -0.2218 0.0028 0 0 -10 0
0.4480 -0.2222 0.0023 0 0 -10 0
0.4520 -0.2223 0.0011 0 0 -10 0
0.4520 -0.2218 0.0006 0 0 -10 0
0.4500 -0.2211 0.0017 0 0 -10 0
0.4560 -0.2202 0.0015 0 0 -10 0
0.4520 -0.2190 -0.0047 0 0 -10 0
0.4520 -0.2190 -0.0047 0 0 -10 0
0.4680 -0.2190 -0.0047 0 0 -10 0
0.4540 -0.2193 -0.0058 0 0 -10 0
0.4460 -0.2194 -0.0057 0 0 -10 0
0.4720 -0.2190 -0.0058 0 0 -10 0
0.4720 -0.2190 -0.0058 0 0 -10 0
0.4660 -0.2185 -0.0068 0 0 -10 0
0.4660 -0.2181 -0.0061 0 0 -10 0
0.4660 -0.2181 -0.0061 0 0 -10 0
0.4680 -0.2172 -0.0041 0 0 -10 0
0.4680 -0.2172 -0.0041 0 0 -10 0
0.4440 -0.2169 -0.0047 0 0 -10 0
0.4640 -0.2157 -0.0037 0 0 -10 0
0.4580 -0.2152 -0.0038 0 0 -10 0
0.4540 -0.2146 -0.0034 0 0 -10 0
0.4540 -0.2142 -0.0031 0 0 -10 0
0.4620 -0.2139 -0.0024 0 0 -10 0
0.4620 -0.2139 -0.0024 0 0 -10 0
0.4480 -0.2133 -0.0022 0 0 -10 0
0.4460 -0.2130 -0.0040 0 0 -10 0
0.4560 -0.2128 -0.0041 0 0 -10 0
0.4800 -0.2127 -0.0042 0 0 -10 0
0.4800 -0.2127 -0.0042 0 0 -10 0
0.4640 -0.2128 -0.0043 0 0 -10 0
0.4580 -0.2122 -0.0041 0 0 -10 0
0.4560 -0.2115 -0.0036 0 0 -10 0
0.4340 -0.2105 -0.0017 0 0 -10 0
0.4440 -0.2099 -0.0019 0 0 -10 0
0.4720 -0.2091 -0.0034 0 0 -10 0
0.4720 -0.2091 -0.0034 0 0 -10 0
0.4620 -0.2089 -0.0038 0 0 -10 0
0.4860 -0.2087 -0.0029 0 0 -10 0
0.4540 -0.2081 -0.0028 0 0 -10 0
0.4540 -0.2081 -0.0028 0 0 -10 0
0.4520 -0.2063 -0.0052 0 0 -10 0
0.4560 -0.2063 -0.0052 0 0 -10 0
0.4380 -0.2064 -0.0061 0 0 -10 0
0.4360 -0.2064 -0.0090 0 0 -10 0
0.4800 -0.2063 -0.0090 0 0 -10 0
0.4800 -0.2063 -0.0090 0 0 -10 0
0.4420 -0.2057 -0.0082 0 0 -10 0
0.4360 -0.2054 -0.0086 0 0 -10 0
0.4360 -0.2054 -0.0086 0 0 -10 0
0.4540 -0.2041 -0.0098 0 0 -10 0
0.4420 -0.2034 -0.0096 0 0 -10 0
0.4380 -0.2027 -0.0089 0 0 -10 0
0.4460 -0.2023 -0.0089 0 0 -10 0
0.4400 -0.2022 -0.0093 0 0 -10 0
0.4380 -0.2018 -0.0069 0 0 -10 0
0.4540 -0.2017 -0.0061 0 0 -10 0
0.4540 -0.2017 -0.0061 0 0 -10 0
0.4500 -0.2006 -0.0006 0 0 -10 0
0.4500 -0.2006 -0.0006 0 0 -10 0
0.4480 -0.2006 -0.0012 0 0 -10 0
0.4500 -0.2007 -0.0035 0 0 -10 0
0.4720 -0.2004 -0.0037 0 0 -10 0
0.4720 -0.2004 -0.0037 0 0 -10 0
0.4700 -0.1999 -0.0005 0 0 -10 0
0.4720 -0.1993 -0.0005 0 0 -10 0
0.4540 -0.1988 0.0008 0 0 -10 0
0.4520 -0.1988 0.0006 0 0 -10 0
0.4620 -0.1988 0.0010 0 0 -10 0
0.4800 -0.1988 0.0007 0 0 -10 0
0.4800 -0.1988 0.0007 0 0 -10 0
0.4460 -0.1988 -0.0020 0 0 -10 0
0.4460 -0.1980 -0.0026 0 0 -10 0
0.4400 -0.1975 -0.0028 0 0 -10 0
0.4660 -0.1975 -0.0027 0 0 -10 0
0.4660 -0.1975 -0.0027 0 0 -10 0
0.4500 -0.1965 -0.0016 0 0 -10 0
0.4540 -0.1955 -0.0009 0 0 -10 0
0.4420 -0.1947 -0.0022 0 0 -10 0
0.4680 -0.1940 -0.0015 0 0 -10 0
0.4680 -0.1940 -0.0015 0 0 -10 0
0.4520 -0.1937 -0.0008 0 0 -10 0
0.4580 -0.1937 -0.0001 0 0 -10 0
0.4720 -0.1936 -0.0027 0 0 -10 0
0.4400 -0.1928 -0.0040 0 0 -10 0
0.4540 -0.1922 -0.0048 0 0 -10 0
0.4540 -0.1922 -0.0048 0 0 -10 0
0.4600 -0.1920 -0.0053 0 0 -10 0
0.4500 -0.1914 -0.0041 0 0 -10 0
0.4720 -0.1910 -0.0040 0 0 -10 0
0.4640 -0.1905 -0.0028 0 0 -10 0
0.4640 -0.1905 -0.0028 0 0 -10 0
0.4400 -0.1898 -0.0014 0 0 -10 0
0.4400 -0.1898 -0.0014 0 0 -10 0
0.4560 -0.1895 -0.0011 0 0 -10 0
0.4680 -0.1889 -0.0020 0 0 -10 0
0.4580 -0.1890 -0.0019 0 0 -10 0
0.4660 -0.1891 -0.0005 0 0 -10 0
0.4660 -0.1887 -0.0007 0 0 -10 0
0.4660 -0.1887 -0.0007 0 0 -10 0
0.4800 -0.1876 -0.0005 0 0 -10 0
0.4760 -0.1873 0.0006 0 0 -10 0
0.4800 -0.1876 -0.0007 0 0 -10 0
0.4800 -0.1876 -0.0007 0 0 -10 0
0.4420 -0.1876 -0.0009 0 0 -10 0
0.4480 -0.1873 -0.0014 0 0 -10 0
0.4560 -0.1869 -0.0021 0 0 -10 0
0.4660 -0.1862 -0.0033 0 0 -10 0
0.4580 -0.1854 -0.0036 0 0 -10 0
0.4580 -0.1854 -0.0036 0 0 -10 0
0.4640 -0.1846 -0.0032 0 0 -10 0
0.4400 -0.1838 -0.0030 0 0 -10 0
0.4580 -0.1832 -0.0056 0 0 -10 0
0.4460 -0.1827 -0.0064 0 0 -10 0
0.4540 -0.1833 -0.0079 0 0 -10 0
0.4560 -0.1833 -0.0079 0 0 -10 0
0.4720 -0.1828 -0.0079 0 0 -10 0
0.4400 -0.1817 -0.0079 0 0 -10 0
0.4300 -0.1805 -0.0102 0 0 -10 0
0.4400 -0.1799 -0.0101 0 0 -10 0
0.4400 -0.1799 -0.0101 0 0 -10 0
0.4340 -0.1797 -0.0099 0 0 -10 0
0.4380 -0.1797 -0.0102 0 0 -10 0
0.4340 -0.1797 -0.0109 0 0 -10 0
0.4460 -0.1792 -0.0107 0 0 -10 0
0.4460 -0.1792 -0.0107 0 0 -10 0
0.4580 -0.1782 -0.0072 0 0 -10 0
0.4480 -0.1782 -0.0066 0 0 -10 0
0.4540 -0.1778 -0.0063 0 0 -10 0
0.4540 -0.1778 -0.0063 0 0 -10 0
0.4520 -0.1772 -0.0040 0 0 -10 0
0.4700 -0.1769 -0.0035 0 0 -10 0
0.4660 -0.1768 -0.0045 0 0 -10 0
0.4520 -0.1761 -0.0033 0 0 -10 0
0.4580 -0.1758 -0.0062 0 0 -10 0
0.4580 -0.1758 -0.0062 0 0 -10 0
0.4560 -0.1755 -0.0059 0 0 -10 0
0.4440 -0.1757 -0.0052 0 0 -10 0
0.4600 -0.1750 -0.0043 0 0 -10 0
0.4600 -0.1742 -0.0075 0 0 -10 0
0.4600 -0.1742 -0.0075 0 0 -10 0
0.4520 -0.1734 -0.0074 0 0 -10 0
0.4500 -0.1728 -0.0066 0 0 -10 0
0.4580 -0.1727 -0.0074 0 0 -10 0
0.4600 -0.1726 -0.0096 0 0 -10 0
0.4700 -0.1725 -0.0082 0 0 -10 0
0.4620 -0.1725 -0.0079 0 0 -10 0
0.4880 -0.1719 -0.0078 0 0 -10 0
0.4880 -0.1719 -0.0078 0 0 -10 0
0.4640 -0.1712 -0.0029 0 0 -10 0
0.4760 -0.1702 0.0006 0 0 -10 0
0.4640 -0.1697 0.0009 0 0 -10 0
0.4640 -0.1691 -0.0029 0 0 -10 0
0.4760 -0.1688 -0.0029 0 0 -10 0
0.4760 -0.1688 -0.0029 0 0 -10 0
0.4620 -0.1692 -0.0050 0 0 -10 0
0.4600 -0.1688 -0.0047 0 0 -10 0
0.4820 -0.1684 -0.0066 0 0 -10 0
0.4820 -0.1684 -0.0066 0 0 -10 0
0.4620 -0.1679 -0.0063 0 0 -10 0
0.4760 -0.1669 -0.0064 0 0 -10 0
0.4620 -0.1662 -0.0091 0 0 -10 0
0.4860 -0.1656 -0.0077 0 0 -10 0
0.5060 -0.1650 -0.0076 0 0 -10 0
0.5060 -0.1650 -0.0076 0 0 -10 0
0.4520 -0.1642 -0.0083 0 0 -10 0
0.4660 -0.1639 -0.0061 0 0 -10 0
0.4660 -0.1639 -0.0061 0 0 -10 0
0.4720 -0.1635 -0.0080 0 0 -10 0
0.4800 -0.1635 -0.0080 0 0 -10 0
0.4880 -0.1633 -0.0090 0 0 -10 0
0.4820 -0.1627 -0.0078 0 0 -10 0
0.4760 -0.1623 -0.0080 0 0 -10 0
0.4920 -0.1617 -0.0096 0 0 -10 0
0.4920 -0.1611 -0.0092 0 0 -10 0
0.4820 -0.1608 -0.0092 0 0 -10 0
0.4780 -0.1604 -0.0097 0 0 -10 0
0.4780 -0.1604 -0.0097 0 0 -10 0
0.4920 -0.1599 -0.0092 0 0 -10 0
0.4580 -0.1599 -0.0096 0 0 -10 0
0.4740 -0.1599 -0.0094 0 0 -10 0
0.4980 -0.1593 -0.0098 0 0 -10 0
0.4800 -0.1587 -0.0098 0 0 -10 0
0.4800 -0.1587 -0.0098 0 0 -10 0
0.4560 -0.1578 -0.0086 0 0 -10 0
0.4780 -0.1566 -0.0090 0 0 -10 0
0.4800 -0.1565 -0.0115 0 0 -10 0
0.4940 -0.1560 -0.0115 0 0 -10 0
0.4940 -0.1557 -0.0120 0 0 -10 0
0.4900 -0.1556 -0.0132 0 0 -10 0
0.4900 -0.1556 -0.0132 0 0 -10 0
0.4940 -0.1555 -0.0127 0 0 -10 0
0.5040 -0.1553 -0.0141 0 0 -10 0
0.4980 -0.1550 -0.0139 0 0 -10 0
0.4980 -0.1550 -0.0139 0 0 -10 0
0.4980 -0.1546 -0.0146 0 0 -10 0
0.4900 -0.1542 -0.0151 0 0 -10 0
0.4900 -0.1542 -0.0151 0 0 -10 0
0.4940 -0.1536 -0.0166 0 0 -10 0
0.5040 -0.1524 -0.0161 0 0 -10 0
0.5100 -0.1521 -0.0150 0 0 -10 0
0.5100 -0.1521 -0.0150 0 0 -10 0
0.4960 -0.1518 -0.0148 0 0 -10 0
0.5100 -0.1509 -0.0152 0 0 -10 0
0.5060 -0.1505 -0.0152 0 0 -10 0
0.5020 -0.1502 -0.0172 0 0 -10 0
0.5020 -0.1502 -0.0172 0 0 -10 0
0.5040 -0.1497 -0.0206 0 0 -10 0
0.4980 -0.1490 -0.0224 0 0 -10 0
0.5040 -0.1484 -0.0231 0 0 -10 0
0.4960 -0.1482 -0.0277 0 0 -10 0
0.5180 -0.1482 -0.0276 0 0 -10 0
0.5180 -0.1482 -0.0276 0 0 -10 0
0.5040 -0.1477 -0.0265 0 0 -10 0
0.5180 -0.1469 -0.0282 0 0 -10 0
0.5140 -0.1468 -0.0279 0 0 -10 0
0.5180 -0.1454 -0.0270 0 0 -10 0
0.5180 -0.1454 -0.0270 0 0 -10 0
0.5160 -0.1449 -0.0266 0 0 -10 0
0.5000 -0.1445 -0.0284 0 0 -10 0
0.5000 -0.1440 -0.0282 0 0 -10 0
0.5020 -0.1441 -0.0279 0 0 -10 0
0.5180 -0.1442 -0.0278 0 0 -10 0
0.5160 -0.1443 -0.0260 0 0 -10 0
0.5360 -0.1444 -0.0248 0 0 -10 0
0.5120 -0.1441 -0.0253 0 0 -10 0
0.5120 -0.1441 -0.0253 0 0 -10 0
0.5040 -0.1426 -0.0238 0 0 -10 0
0.5420 -0.1415 -0.0233 0 0 -10 0
0.5280 -0.1407 -0.0227 0 0 -10 0
0.5180 -0.1406 -0.0234 0 0 -10 0
0.5180 -0.1406 -0.0234 0 0 -10 0
0.5260 -0.1413 -0.0229 0 0 -10 0
0.5260 -0.1413 -0.0229 0 0 -10 0
0.5240 -0.1414 -0.0180 0 0 -10 0
0.5360 -0.1411 -0.0181 0 0 -10 0
0.5600 -0.1410 -0.0173 0 0 -10 0
0.5600 -0.1410 -0.0173 0 0 -10 0
0.5080 -0.1402 -0.0172 0 0 -10 0
0.5200 -0.1397 -0.0163 0 0 -10 0
0.5160 -0.1388 -0.0158 0 0 -10 0
0.5160 -0.1383 -0.0163 0 0 -10 0
0.5160 -0.1377 -0.0155 0 0 -10 0
0.5160 -0.1377 -0.0155 0 0 -10 0
0.5300 -0.1375 -0.0148 0 0 -10 0
0.5260 -0.1371 -0.0138 0 0 -10 0
0.5360 -0.1368 -0.0160 0 0 -10 0
0.5460 -0.1362 -0.0158 0 0 -10 0
0.5420 -0.1356 -0.0186 0 0 -10 0
0.5480 -0.1356 -0.0186 0 0 -10 0
0.5340 -0.1354 -0.0190 0 0 -10 0
0.5560 -0.1354 -0.0186 0 0 -10 0
0.5360 -0.1349 -0.0205 0 0 -10 0
0.5360 -0.1349 -0.0205 0 0 -10 0
0.5360 -0.1342 -0.0222 0 0 -10 0
0.5360 -0.1342 -0.0222 0 0 -10 0
0.5260 -0.1330 -0.0241 0 0 -10 0
0.5400 -0.1324 -0.0229 0 0 -10 0
0.5580 -0.1319 -0.0235 0 0 -10 0
0.5420 -0.1318 -0.0238 0 0 -10 0
0.5420 -0.1318 -0.0238 0 0 -10 0
0.5380 -0.1316 -0.0248 0 0 -10 0
0.5400 -0.1303 -0.0244 0 0 -10 0
0.5260 -0.1294 -0.0252 0 0 -10 0
0.5260 -0.1294 -0.0252 0 0 -10 0
0.5460 -0.1284 -0.0258 0 0 -10 0
0.5520 -0.1275 -0.0244 0 0 -10 0
0.5420 -0.1273 -0.0238 0 0 -10 0
0.5380 -0.1270 -0.0229 0 0 -10 0
0.5380 -0.1265 -0.0223 0 0 -10 0
0.5560 -0.1265 -0.0223 0 0 -10 0
0.5440 -0.1262 -0.0207 0 0 -10 0
0.5500 -0.1256 -0.0201 0 0 -10 0
0.5500 -0.1256 -0.0159 0 0 -10 0
0.5480 -0.1254 -0.0152 0 0 -10 0
0.5400 -0.1252 -0.0157 0 0 -10 0
0.5400 -0.1252 -0.0157 0 0 -10 0
0.5240 -0.1250 -0.0154 0 0 -10 0
0.5480 -0.1241 -0.0139 0 0 -10 0
0.5260 -0.1236 -0.0137 0 0 -10 0
0.5260 -0.1232 -0.0138 0 0 -10 0
0.5440 -0.1234 -0.0131 0 0 -10 0
0.5440 -0.1234 -0.0131 0 0 -10 0
0.5300 -0.1235 -0.0114 0 0 -10 0
0.5280 -0.1227 -0.0116 0 0 -10 0
0.5500 -0.1224 -0.0103 0 0 -10 0
0.5500 -0.1224 -0.0103 0 0 -10 0
0.5360 -0.1214 -0.0108 0 0 -10 0
0.5480 -0.1211 -0.0143 0 0 -10 0
0.5600 -0.1204 -0.0137 0 0 -10 0
0.5440 -0.1201 -0.0140 0 0 -10 0
0.5440 -0.1201 -0.0140 0 0 -10 0
0.5320 -0.1195 -0.0150 0 0 -10 0
0.5440 -0.1194 -0.0159 0 0 -10 0
0.5740 -0.1191 -0.0147 0 0 -10 0
0.5580 -0.1186 -0.0152 0 0 -10 0
0.5520 -0.1182 -0.0148 0 0 -10 0
0.5660 -0.1174 -0.0126 0 0 -10 0
0.5660 -0.1174 -0.0126 0 0 -10 0
0.5660 -0.1171 -0.0142 0 0 -10 0
0.5540 -0.1164 -0.0136 0 0 -10 0
0.5580 -0.1157 -0.0119 0 0 -10 0
0.5640 -0.1144 -0.0123 0 0 -10 0
0.5640 -0.1144 -0.0123 0 0 -10 0
0.5840 -0.1139 -0.0122 0 0 -10 0
0.5560 -0.1138 -0.0121 0 0 -10 0
0.5620 -0.1138 -0.0112 0 0 -10 0
0.5600 -0.1135 -0.0130 0 0 -10 0
0.5460 -0.1136 -0.0131 0 0 -10 0
0.5460 -0.1135 -0.0089 0 0 -10 0
0.5640 -0.1129 -0.0083 0 0 -10 0
0.5640 -0.1129 -0.0083 0 0 -10 0
0.5620 -0.1126 -0.0089 0 0 -10 0
0.5540 -0.1127 -0.0087 0 0 -10 0
0.5600 -0.1127 -0.0093 0 0 -10 0
0.5600 -0.1127 -0.0093 0 0 -10 0
0.5800 -0.1125 -0.0087 0 0 -10 0
0.5700 -0.1122 -0.0090 0 0 -10 0
0.5840 -0.1116 -0.0090 0 0 -10 0
0.5640 -0.1111 -0.0095 0 0 -10 0
0.5720 -0.1109 -0.0107 0 0 -10 0
0.5720 -0.1109 -0.0117 0 0 -10 0
0.5880 -0.1105 -0.0111 0 0 -10 0
0.5880 -0.1100 -0.0119 0 0 -10 0
0.5760 -0.1093 -0.0128 0 0 -10 0
0.5760 -0.1093 -0.0128 0 0 -10 0
0.5960 -0.1085 -0.0132 0 0 -10 0
0.5800 -0.1083 -0.0109 0 0 -10 0
0.5700 -0.1079 -0.0136 0 0 -10 0
0.5800 -0.1079 -0.0130 0 0 -10 0
0.5940 -0.1076 -0.0102 0 0 -10 0
0.6080 -0.1070 -0.0098 0 0 -10 0
0.6080 -0.1070 -0.0098 0 0 -10 0
0.6000 -0.1067 -0.0103 0 0 -10 0
0.5840 -0.1063 -0.0101 0 0 -10 0
0.5980 -0.1057 -0.0094 0 0 -10 0
0.6020 -0.1050 -0.0092 0 0 -10 0
0.5920 -0.1048 -0.0075 0 0 -10 0
0.5920 -0.1048 -0.0075 0 0 -10 0
0.5960 -0.1039 -0.0072 0 0 -10 0
0.5900 -0.1032 -0.0067 0 0 -10 0
0.6120 -0.1030 -0.0065 0 0 -10 0
0.5980 -0.1025 -0.0078 0 0 -10 0
0.5980 -0.1025 -0.0078 0 0 -10 0
0.5920 -0.1021 -0.0071 0 0 -10 0
0.6060 -0.1019 -0.0082 0 0 -10 0
0.5960 -0.1014 -0.0084 0 0 -10 0
0.6040 -0.1007 -0.0097 0 0 -10 0
0.6060 -0.1001 -0.0083 0 0 -10 0
0.6220 -0.0990 -0.0091 0 0 -10 0
0.6220 -0.0990 -0.0091 0 0 -10 0
0.6080 -0.0982 -0.0099 0 0 -10 0
0.6100 -0.0977 -0.0098 0 0 -10 0
0.5980 -0.0977 -0.0084 0 0 -10 0
0.5940 -0.0977 -0.0086 0 0 -10 0
0.6060 -0.0975 -0.0087 0 0 -10 0
0.6060 -0.0975 -0.0087 0 0 -10 0
0.6180 -0.0970 -0.0091 0 0 -10 0
0.6360 -0.0965 -0.0076 0 0 -10 0
0.6180 -0.0959 -0.0077 0 0 -10 0
0.6200 -0.0956 -0.0067 0 0 -10 0
0.6260 -0.0951 -0.0088 0 0 -10 0
0.6120 -0.0940 -0.0082 0 0 -10 0
0.6280 -0.0935 -0.0072 0 0 -10 0
0.6280 -0.0935 -0.0072 0 0 -10 0
0.6260 -0.0933 -0.0085 0 0 -10 0
0.6400 -0.0928 -0.0054 0 0 -10 0
0.6400 -0.0928 -0.0054 0 0 -10 0
0.6280 -0.0925 -0.0053 0 0 -10 0
0.6520 -0.0919 -0.0030 0 0 -10 0
0.6520 -0.0919 -0.0030 0 0 -10 0
0.6600 -0.0921 -0.0003 0 0 -10 0
0.6600 -0.0925 -0.0003 0 0 -10 0
0.6420 -0.0926 0.0029 0 0 -10 0
0.6420 -0.0926 0.0029 0 0 -10 0
0.6340 -0.0923 0.0028 0 0 -10 0
0.6480 -0.0921 0.0056 0 0 -10 0
0.6500 -0.0916 0.0050 0 0 -10 0
0.6300 -0.0907 0.0060 0 0 -10 0
0.6300 -0.0907 0.0060 0 0 -10 0
0.6420 -0.0906 0.0079 0 0 -10 0
0.6420 -0.0906 0.0079 0 0 -10 0
0.6480 -0.0899 0.0107 0 0 -10 0
0.6360 -0.0894 0.0143 0 0 -10 0
0.6360 -0.0894 0.0143 0 0 -10 0
0.6580 -0.0881 0.0140 0 0 -10 0
0.6300 -0.0876 0.0114 0 0 -10 0
0.6480 -0.0874 0.0133 0 0 -10 0
0.6560 -0.0870 0.0133 0 0 -10 0
0.6540 -0.0866 0.0140 0 0 -10 0
0.6400 -0.0860 0.0135 0 0 -10 0
0.6400 -0.0860 0.0135 0 0 -10 0
0.6420 -0.0851 0.0139 0 0 -10 0
0.6560 -0.0846 0.0149 0 0 -10 0
0.6560 -0.0833 0.0139 0 0 -10 0
0.6720 -0.0833 0.0139 0 0 -10 0
0.6680 -0.0827 0.0129 0 0 -10 0
0.6680 -0.0827 0.0129 0 0 -10 0
0.6640 -0.0826 0.0103 0 0 -10 0
0.6600 -0.0825 0.0104 0 0 -10 0
0.6820 -0.0824 0.0128 0 0 -10 0
0.6820 -0.0821 0.0132 0 0 -10 0
0.6740 -0.0821 0.0132 0 0 -10 0
0.6600 -0.0819 0.0144 0 0 -10 0
0.6600 -0.0819 0.0144 0 0 -10 0
0.6320 -0.0812 0.0157 0 0 -10 0
0.6440 -0.0810 0.0151 0 0 -10 0
0.6500 -0.0800 0.0154 0 0 -10 0
0.6500 -0.0800 0.0154 0 0 -10 0
0.6420 -0.0791 0.0168 0 0 -10 0
0.6540 -0.0786 0.0163 0 0 -10 0
0.6500 -0.0782 0.0162 0 0 -10 0
0.6500 -0.0782 0.0162 0 0 -10 0
0.6640 -0.0773 0.0177 0 0 -10 0
0.6640 -0.0773 0.0177 0 0 -10 0
0.6520 -0.0768 0.0173 0 0 -10 0
0.6400 -0.0765 0.0187 0 0 -10 0
0.6340 -0.0761 0.0177 0 0 -10 0
0.6340 -0.0761 0.0177 0 0 -10 0
0.6500 -0.0759 0.0177 0 0 -10 0
0.6500 -0.0759 0.0177 0 0 -10 0
0.6680 -0.0751 0.0170 0 0 -10 0
0.6740 -0.0749 0.0175 0 0 -10 0
0.6740 -0.0749 0.0175 0 0 -10 0
0.6740 -0.0749 0.0150 0 0 -10 0
0.6740 -0.0746 0.0170 0 0 -10 0
0.6780 -0.0744 0.0166 0 0 -10 0
0.6780 -0.0744 0.0166 0 0 -10 0
0.6620 -0.0736 0.0172 0 0 -10 0
0.6800 -0.0724 0.0164 0 0 -10 0
0.6780 -0.0714 0.0201 0 0 -10 0
0.6620 -0.0704 0.0191 0 0 -10 0
0.6620 -0.0699 0.0178 0 0 -10 0
0.6660 -0.0697 0.0169 0 0 -10 0
0.6740 -0.0694 0.0182 0 0 -10 0
0.6740 -0.0690 0.0172 0 0 -10 0
0.6740 -0.0690 0.0172 0 0 -10 0
0.6360 -0.0689 0.0171 0 0 -10 0
0.6640 -0.0688 0.0159 0 0 -10 0
0.6540 -0.0685 0.0150 0 0 -10 0
0.6760 -0.0673 0.0131 0 0 -10 0
0.6580 -0.0665 0.0137 0 0 -10 0
0.6580 -0.0665 0.0137 0 0 -10 0
0.6540 -0.0658 0.0140 0 0 -10 0
0.6720 -0.0652 0.0140 0 0 -10 0
0.6780 -0.0647 0.0161 0 0 -10 0
0.6680 -0.0644 0.0161 0 0 -10 0
0.6540 -0.0641 0.0172 0 0 -10 0
0.6620 -0.0632 0.0151 0 0 -10 0
0.6620 -0.0632 0.0151 0 0 -10 0
0.6740 -0.0625 0.0156 0 0 -10 0
0.6760 -0.0617 0.0150 0 0 -10 0
0.6880 -0.0613 0.0144 0 0 -10 0
0.6880 -0.0609 0.0135 0 0 -10 0
0.6780 -0.0609 0.0135 0 0 -10 0
0.6780 -0.0608 0.0152 0 0 -10 0
0.6800 -0.0605 0.0145 0 0 -10 0
0.6600 -0.0604 0.0155 0 0 -10 0
0.6700 -0.0604 0.0192 0 0 -10 0
0.6440 -0.0604 0.0192 0 0 -10 0
0.6700 -0.0605 0.0185 0 0 -10 0
0.6720 -0.0603 0.0159 0 0 -10 0
0.6720 -0.0603 0.0159 0 0 -10 0
0.6780 -0.0604 0.0153 0 0 -10 0
0.6840 -0.0604 0.0159 0 0 -10 0
0.6860 -0.0604 0.0151 0 0 -10 0
0.6900 -0.0605 0.0135 0 0 -10 0
0.6900 -0.0605 0.0135 0 0 -10 0
0.6800 -0.0604 0.0125 0 0 -10 0
0.6800 -0.0600 0.0133 0 0 -10 0
0.6800 -0.0597 0.0125 0 0 -10 0
0.6940 -0.0590 0.0118 0 0 0 0
0.6820 -0.0549 0.0107 0 0 0 -10
0.7020 -0.0526 0.0124 0 0 0 -10
0.7000 -0.0507 0.0100 0 0 0 -10
0.6820 -0.0515 0.0076 0 0 0 -10
0.6820 -0.0515 0.0076 0 0 0 0
0.6980 -0.0523 0.0026 0 0 0 -10
0.7040 -0.0526 -0.0043 0 0 0 -10
0.7120 -0.0521 -0.0035 0 0 0 -10
0.7120 -0.0521 -0.0035 0 0 0 0
0.6620 -0.0514 -0.0156 0 0 -10 0
0.6780 -0.0510 -0.0132 0 0 -10 0
0.6640 -0.0519 -0.0153 0 0 -10 0
0.6640 -0.0520 -0.0156 0 0 -10 0
0.6700 -0.0519 -0.0160 0 0 -10 0
0.6700 -0.0519 -0.0160 0 0 -10 0
0.6580 -0.0523 -0.0196 0 0 -10 0
0.6620 -0.0520 -0.0202 0 0 -10 0
0.6620 -0.0521 -0.0205 0 0 -10 0
0.6660 -0.0522 -0.0202 0 0 -10 0
0.6660 -0.0522 -0.0202 0 0 -10 0
0.6700 -0.0522 -0.0208 0 0 -10 0
0.6720 -0.0523 -0.0212 0 0 -10 0
0.6620 -0.0524 -0.0200 0 0 -10 0
0.6660 -0.0524 -0.0194 0 0 -10 0
0.6680 -0.0521 -0.0225 0 0 -10 0
0.6660 -0.0519 -0.0226 0 0 -10 0
0.6660 -0.0519 -0.0226 0 0 -10 0
0.6740 -0.0512 -0.0236 0 0 -10 0
0.6560 -0.0505 -0.0237 0 0 -10 0
0.6680 -0.0493 -0.0247 0 0 -10 0
0.6680 -0.0493 -0.0247 0 0 -10 0
0.6700 -0.0488 -0.0237 0 0 -10 0
0.6840 -0.0484 -0.0243 0 0 -10 0
0.6540 -0.0484 -0.0246 0 0 -10 0
0.6540 -0.0480 -0.0247 0 0 -10 0
0.6700 -0.0478 -0.0242 0 0 -10 0
0.6700 -0.0473 -0.0240 0 0 -10 0
0.6560 -0.0470 -0.0246 0 0 -10 0
0.6660 -0.0466 -0.0233 0 0 -10 0
0.6660 -0.0466 -0.0233 0 0 -10 0
0.6760 -0.0460 -0.0217 0 0 -10 0
0.6700 -0.0456 -0.0210 0 0 -10 0
0.6680 -0.0453 -0.0210 0 0 -10 0
0.6920 -0.0449 -0.0215 0 0 -10 0
0.6920 -0.0449 -0.0215 0 0 -10 0
0.6800 -0.0444 -0.0205 0 0 -10 0
0.6760 -0.0436 -0.0218 0 0 -10 0
0.6740 -0.0426 -0.0218 0 0 -10 0
0.6640 -0.0417 -0.0216 0 0 -10 0
0.6740 -0.0417 -0.0218 0 0 0 0
0.6800 -0.0414 -0.0227 0 0 0 10
0.6900 -0.0394 -0.0247 0 0 0 10
0.6760 -0.0391 -0.0236 0 0 0 10
0.6640 -0.0390 -0.0236 0 0 0 0
0.6940 -0.0380 -0.0231 0 0 0 10
0.6820 -0.0377 -0.0174 0 0 0 10
0.6940 -0.0372 -0.0177 0 0 0 0
0.6940 -0.0368 -0.0147 0 0 0 10
0.7020 -0.0377 -0.0157 0 0 0 10
0.7060 -0.0359 -0.0136 0 0 0 10
0.7020 -0.0366 -0.0143 0 0 0 0
0.6980 -0.0373 -0.0126 0 0 -10 0
0.7000 -0.0363 -0.0122 0 0 -10 0
0.7100 -0.0366 -0.0132 0 0 -10 0
0.7100 -0.0366 -0.0132 0 0 -10 0
0.6960 -0.0366 -0.0135 0 0 -10 0
0.6920 -0.0366 -0.0132 0 0 -10 0
0.6940 -0.0366 -0.0135 0 0 -10 0
0.6940 -0.0366 -0.0135 0 0 -10 0
0.6940 -0.0371 -0.0147 0 0 -10 0
0.6900 -0.0373 -0.0149 0 0 -10 0
0.6940 -0.0372 -0.0120 0 0 -10 0
0.6880 -0.0374 -0.0120 0 0 -10 0
0.6860 -0.0370 -0.0120 0 0 -10 0
0.6860 -0.0370 -0.0120 0 0 -10 0
0.6900 -0.0368 -0.0110 0 0 -10 0
0.6880 -0.0368 -0.0108 0 0 -10 0
0.6980 -0.0372 -0.0116 0 0 -10 0
0.7180 -0.0372 -0.0114 0 0 -10 0
0.7180 -0.0372 -0.0114 0 0 0 0
0.6800 -0.0355 -0.0111 0 0 0 10
0.7020 -0.0334 -0.0133 0 0 0 10
0.7200 -0.0328 -0.0132 0 0 0 0
0.7320 -0.0310 -0.0039 0 0 0 10
0.7220 -0.0301 -0.0071 0 0 0 10
0.7120 -0.0293 -0.0080 0 0 0 10
0.7120 -0.0293 -0.0080 0 0 0 0
0.7260 -0.0291 0.0003 0 0 -10 0
0.7280 -0.0299 -0.0000 0 0 -10 0
0.7360 -0.0303 -0.0015 0 0 -10 0
0.7260 -0.0308 -0.0015 0 0 -10 0
0.7420 -0.0308 -0.0015 0 0 -10 0
0.7420 -0.0308 -0.0015 0 0 -10 0
0.7400 -0.0310 -0.0008 0 0 -10 0
0.7360 -0.0309 -0.0008 0 0 -10 0
0.7140 -0.0306 -0.0016 0 0 -10 0
0.7140 -0.0306 -0.0016 0 0 -10 0
0.7260 -0.0303 -0.0010 0 0 -10 0
0.7200 -0.0306 -0.0010 0 0 -10 0
0.7040 -0.0309 -0.0019 0 0 -10 0
0.7280 -0.0310 -0.0007 0 0 -10 0
0.7280 -0.0308 -0.0006 0 0 -10 0
0.7280 -0.0308 -0.0006 0 0 -10 0
0.7240 -0.0299 -0.0011 0 0 -10 0
0.7260 -0.0291 -0.0012 0 0 -10 0
0.7300 -0.0287 -0.0000 0 0 -10 0
0.7300 -0.0287 -0.0000 0 0 -10 0
0.7280 -0.0284 0.0002 0 0 -10 0
0.7380 -0.0284 -0.0033 0 0 -10 0
0.7420 -0.0284 -0.0033 0 0 -10 0
0.7420 -0.0285 -0.0027 0 0 -10 0
0.7280 -0.0281 -0.0030 0 0 -10 0
0.7280 -0.0281 -0.0030 0 0 -10 0
0.7400 -0.0273 -0.0031 0 0 0 0
0.7380 -0.0248 -0.0033 0 0 -10 0
0.7380 -0.0239 -0.0026 0 0 -10 0
0.7500 -0.0235 -0.0023 0 0 -10 0
0.7420 -0.0226 -0.0036 0 0 -10 0
0.7380 -0.0226 -0.0034 0 0 -10 0
0.7320 -0.0227 -0.0033 0 0 -10 0
0.7320 -0.0227 -0.0033 0 0 -10 0
0.7360 -0.0224 -0.0027 0 0 -10 0
0.7360 -0.0224 -0.0027 0 0 -10 0
0.7440 -0.0219 -0.0038 0 0 -10 0
0.7400 -0.0216 -0.0040 0 0 -10 0
0.7380 -0.0218 -0.0034 0 0 -10 0
0.7380 -0.0218 -0.0034 0 0 -10 0
0.7400 -0.0221 -0.0020 0 0 -10 0
0.7320 -0.0217 -0.0029 0 0 -10 0
0.7480 -0.0212 -0.0025 0 0 -10 0
0.7580 -0.0204 -0.0009 0 0 -10 0
0.7580 -0.0204 -0.0009 0 0 -10 0
0.7460 -0.0187 -0.0018 0 0 -10 0
0.7460 -0.0187 -0.0018 0 0 -10 0
0.7500 -0.0181 -0.0001 0 0 -10 0
0.7400 -0.0180 0.0007 0 0 -10 0
0.7620 -0.0186 0.0010 0 0 -10 0
0.7620 -0.0181 0.0001 0 0 -10 0
0.7620 -0.0181 0.0001 0 0 -10 0
0.7520 -0.0168 -0.0001 0 0 -10 0
0.7740 -0.0155 -0.0004 0 0 -10 0
0.7740 -0.0155 -0.0004 0 0 -10 0
0.7560 -0.0149 0.0002 0 0 -10 0
0.7560 -0.0149 0.0002 0 0 -10 0
0.7360 -0.0149 -0.0007 0 0 -10 0
0.7900 -0.0153 0.0001 0 0 -10 0
0.7760 -0.0155 0.0001 0 0 -10 0
0.7760 -0.0155 0.0001 0 0 -10 0
0.7680 -0.0152 0.0017 0 0 -10 0
0.7880 -0.0142 0.0019 0 0 -10 0
0.7740 -0.0132 0.0025 0 0 -10 0
0.7560 -0.0123 0.0036 0 0 -10 0
0.7560 -0.0123 0.0036 0 0 -10 0
0.7660 -0.0114 0.0018 0 0 -10 0
0.7660 -0.0114 0.0018 0 0 -10 0
0.7760 -0.0112 0.0011 0 0 -10 0
0.7680 -0.0108 0.0037 0 0 -10 0
0.7900 -0.0107 0.0034 0 0 -10 0
0.7900 -0.0107 0.0034 0 0 -10 0
0.7720 -0.0100 0.0033 0 0 -10 0
0.7540 -0.0091 0.0038 0 0 -10 0
0.7580 -0.0080 0.0064 0 0 -10 0
0.7560 -0.0071 0.0066 0 0 -10 0
0.7520 -0.0069 0.0078 0 0 -10 0
0.7340 -0.0075 0.0082 0 0 -10 0
0.7340 -0.0075 0.0082 0 0 -10 0
0.7460 -0.0078 0.0065 0 0 -10 0
0.7360 -0.0078 0.0061 0 0 -10 0
0.7440 -0.0069 0.0080 0 0 -10 0
0.7440 -0.0069 0.0080 0 0 -10 0
