0.3820 -0.3759 -0.0030 0 0 -10 0
0.3860 -0.3748 -0.0013 0 0 -10 0
0.3920 -0.3764 -0.0035 0 0 -10 0
0.4020 -0.3765 -0.0036 0 0 -10 0
0.3960 -0.3766 -0.0046 0 0 -10 0
0.3960 -0.3765 -0.0045 0 0 -10 0
0.3900 -0.3766 -0.0053 0 0 -10 0
0.3900 -0.3766 -0.0053 0 0 -10 0
0.4040 -0.3764 -0.0056 0 0 -10 0
0.3960 -0.3766 -0.0067 0 0 -10 0
0.4020 -0.3770 -0.0074 0 0 -10 0
0.3980 -0.3777 -0.0070 0 0 -10 0
0.3960 -0.3781 -0.0083 0 0 -10 0
0.3960 -0.3781 -0.0083 0 0 -10 0
0.3940 -0.3779 -0.0107 0 0 -10 0
0.3900 -0.3772 -0.0144 0 0 -10 0
0.3840 -0.3768 -0.0142 0 0 -10 0
0.3740 -0.3764 -0.0138 0 0 -10 0
0.3740 -0.3764 -0.0138 0 0 -10 0
0.3700 -0.3758 -0.0118 0 0 -10 0
0.3700 -0.3758 -0.0118 0 0 -10 0
0.3820 -0.3753 -0.0107 0 0 -10 0
0.3860 -0.3745 -0.0084 0 0 -10 0
0.4000 -0.3744 -0.0080 0 0 -10 0
0.4000 -0.3744 -0.0080 0 0 -10 0
0.4000 -0.3740 -0.0055 0 0 -10 0
0.3960 -0.3736 -0.0049 0 0 -10 0
0.4000 -0.3733 -0.0065 0 0 -10 0
0.3960 -0.3731 -0.0064 0 0 -10 0
0.3960 -0.3731 -0.0064 0 0 -10 0
0.3800 -0.3723 -0.0066 0 0 -10 0
0.3800 -0.3723 -0.0066 0 0 -10 0
0.3900 -0.3714 -0.0044 0 0 -10 0
0.3840 -0.3709 -0.0037 0 0 -10 0
0.3840 -0.3701 -0.0034 0 0 -10 0
0.3780 -0.3698 -0.0026 0 0 -10 0
0.3780 -0.3698 -0.0026 0 0 -10 0
0.4120 -0.3699 -0.0010 0 0 -10 0
0.3740 -0.3698 -0.0011 0 0 -10 0
0.3960 -0.3698 -0.0022 0 0 -10 0
0.3820 -0.3694 -0.0031 0 0 -10 0
0.3900 -0.3688 -0.0017 0 0 -10 0
0.3900 -0.3679 -0.0017 0 0 -10 0
0.3860 -0.3674 -0.0018 0 0 -10 0
0.3940 -0.3659 -0.0005 0 0 -10 0
0.3900 -0.3655 -0.0002 0 0 -10 0
0.3980 -0.3649 -0.0001 0 0 -10 0
0.3980 -0.3649 -0.0001 0 0 -10 0
0.3920 -0.3647 0.0014 0 0 -10 0
0.3920 -0.3647 0.0014 0 0 -10 0
0.4100 -0.3638 0.0009 0 0 -10 0
0.3940 -0.3634 0.0004 0 0 -10 0
0.4080 -0.3633 0.0006 0 0 -10 0
0.4080 -0.3633 0.0006 0 0 -10 0
0.3940 -0.3618 0.0026 0 0 -10 0
0.4060 -0.3612 0.0020 0 0 -10 0
0.4040 -0.3610 0.0027 0 0 -10 0
0.4020 -0.3608 0.0027 0 0 -10 0
0.4020 -0.3608 0.0027 0 0 -10 0
0.4100 -0.3606 0.0022 0 0 -10 0
0.4020 -0.3605 0.0023 0 0 -10 0
0.4020 -0.3603 0.0023 0 0 -10 0
0.3840 -0.3597 0.0017 0 0 -10 0
0.3940 -0.3595 0.0018 0 0 -10 0
0.3780 -0.3593 0.0040 0 0 -10 0
0.3780 -0.3593 0.0040 0 0 -10 0
0.3840 -0.3598 0.0072 0 0 -10 0
0.4100 -0.3596 0.0079 0 0 -10 0
0.3760 -0.3588 0.0082 0 0 -10 0
0.3960 -0.3577 0.0088 0 0 -10 0
0.4000 -0.3574 0.0109 0 0 -10 0
0.4060 -0.3573 0.0110 0 0 -10 0
0.4060 -0.3573 0.0110 0 0 -10 0
0.3800 -0.3573 0.0115 0 0 -10 0
0.3960 -0.3571 0.0116 0 0 -10 0
0.3740 -0.3569 0.0131 0 0 -10 0
0.3980 -0.3566 0.0133 0 0 -10 0
0.3980 -0.3560 0.0129 0 0 -10 0
0.3800 -0.3560 0.0129 0 0 -10 0
0.3960 -0.3556 0.0139 0 0 -10 0
0.3740 -0.3550 0.0135 0 0 -10 0
0.4000 -0.3547 0.0140 0 0 -10 0
0.3960 -0.3545 0.0135 0 0 -10 0
0.3860 -0.3542 0.0166 0 0 -10 0
0.3860 -0.3542 0.0166 0 0 -10 0
0.3860 -0.3538 0.0160 0 0 -10 0
0.3960 -0.3534 0.0153 0 0 -10 0
0.3860 -0.3528 0.0146 0 0 -10 0
0.3880 -0.3523 0.0169 0 0 -10 0
0.3880 -0.3523 0.0169 0 0 -10 0
0.3860 -0.3524 0.0165 0 0 -10 0
0.3860 -0.3524 0.0165 0 0 -10 0
0.3820 -0.3519 0.0167 0 0 -10 0
0.3880 -0.3515 0.0155 0 0 -10 0
0.3800 -0.3507 0.0157 0 0 -10 0
0.3820 -0.3500 0.0163 0 0 -10 0
0.3800 -0.3497 0.0164 0 0 -10 0
0.3780 -0.3497 0.0152 0 0 -10 0
0.3860 -0.3494 0.0150 0 0 -10 0
0.3860 -0.3494 0.0150 0 0 -10 0
0.3660 -0.3490 0.0143 0 0 -10 0
0.3760 -0.3490 0.0143 0 0 -10 0
0.3740 -0.3482 0.0129 0 0 -10 0
0.3700 -0.3480 0.0131 0 0 -10 0
0.3680 -0.3482 0.0132 0 0 -10 0
0.3680 -0.3482 0.0132 0 0 -10 0
0.3600 -0.3482 0.0117 0 0 -10 0
0.3600 -0.3482 0.0117 0 0 -10 0
0.3700 -0.3477 0.0124 0 0 -10 0
0.3880 -0.3474 0.0128 0 0 -10 0
0.3860 -0.3467 0.0135 0 0 -10 0
0.3760 -0.3464 0.0136 0 0 -10 0
0.3760 -0.3464 0.0136 0 0 -10 0
0.3580 -0.3461 0.0144 0 0 -10 0
0.3580 -0.3461 0.0144 0 0 -10 0
0.3960 -0.3453 0.0150 0 0 -10 0
0.3920 -0.3439 0.0151 0 0 -10 0
0.3800 -0.3434 0.0149 0 0 -10 0
0.3920 -0.3432 0.0147 0 0 -10 0
0.3940 -0.3430 0.0147 0 0 -10 0
0.3880 -0.3425 0.0147 0 0 -10 0
0.3880 -0.3425 0.0147 0 0 -10 0
0.3720 -0.3413 0.0138 0 0 -10 0
0.3840 -0.3406 0.0145 0 0 -10 0
0.3680 -0.3395 0.0137 0 0 -10 0
0.3800 -0.3395 0.0112 0 0 -10 0
0.3780 -0.3390 0.0121 0 0 -10 0
0.3780 -0.3390 0.0121 0 0 -10 0
0.3880 -0.3380 0.0127 0 0 -10 0
0.3880 -0.3380 0.0127 0 0 -10 0
0.3800 -0.3374 0.0131 0 0 -10 0
0.3880 -0.3364 0.0139 0 0 -10 0
0.3940 -0.3357 0.0159 0 0 -10 0
0.3940 -0.3356 0.0162 0 0 -10 0
0.3940 -0.3356 0.0162 0 0 -10 0
0.3880 -0.3351 0.0176 0 0 -10 0
0.3820 -0.3348 0.0195 0 0 -10 0
0.3640 -0.3346 0.0193 0 0 -10 0
0.4020 -0.3341 0.0196 0 0 -10 0
0.3780 -0.3338 0.0194 0 0 -10 0
0.3960 -0.3338 0.0204 0 0 -10 0
0.3820 -0.3336 0.0210 0 0 -10 0
0.4000 -0.3332 0.0213 0 0 -10 0
0.3840 -0.3329 0.0209 0 0 -10 0
0.4080 -0.3326 0.0220 0 0 -10 0
0.3940 -0.3323 0.0225 0 0 -10 0
0.3920 -0.3320 0.0227 0 0 -10 0
0.4120 -0.3317 0.0222 0 0 -10 0
0.4100 -0.3316 0.0237 0 0 -10 0
0.3920 -0.3312 0.0235 0 0 -10 0
0.3920 -0.3312 0.0235 0 0 -10 0
0.4080 -0.3305 0.0223 0 0 -10 0
0.4120 -0.3304 0.0235 0 0 -10 0
0.4100 -0.3300 0.0233 0 0 -10 0
0.4000 -0.3296 0.0242 0 0 -10 0
0.4000 -0.3296 0.0242 0 0 -10 0
0.4120 -0.3292 0.0248 0 0 -10 0
0.3880 -0.3282 0.0241 0 0 -10 0
0.4080 -0.3279 0.0231 0 0 -10 0
0.4120 -0.3275 0.0239 0 0 -10 0
0.4120 -0.3275 0.0239 0 0 -10 0
0.3920 -0.3266 0.0249 0 0 -10 0
0.3920 -0.3266 0.0249 0 0 -10 0
0.3980 -0.3263 0.0266 0 0 -10 0
0.4020 -0.3264 0.0265 0 0 -10 0
0.4040 -0.3262 0.0257 0 0 -10 0
0.4040 -0.3262 0.0257 0 0 -10 0
0.4120 -0.3259 0.0256 0 0 -10 0
0.4100 -0.3254 0.0265 0 0 -10 0
0.3940 -0.3249 0.0280 0 0 -10 0
0.3920 -0.3245 0.0269 0 0 -10 0
0.3960 -0.3239 0.0264 0 0 -10 0
0.4260 -0.3234 0.0255 0 0 -10 0
0.4260 -0.3234 0.0255 0 0 -10 0
0.4140 -0.3233 0.0274 0 0 -10 0
0.4220 -0.3230 0.0264 0 0 -10 0
0.4160 -0.3228 0.0266 0 0 -10 0
0.4160 -0.3226 0.0274 0 0 -10 0
0.4020 -0.3226 0.0274 0 0 -10 0
0.3920 -0.3219 0.0272 0 0 -10 0
0.3920 -0.3219 0.0272 0 0 -10 0
0.4040 -0.3213 0.0263 0 0 -10 0
0.4180 -0.3206 0.0261 0 0 -10 0
0.4240 -0.3205 0.0236 0 0 -10 0
0.3880 -0.3206 0.0223 0 0 -10 0
0.4080 -0.3208 0.0248 0 0 -10 0
0.3840 -0.3205 0.0273 0 0 -10 0
0.4220 -0.3196 0.0305 0 0 -10 0
0.4120 -0.3184 0.0303 0 0 -10 0
0.4120 -0.3184 0.0303 0 0 -10 0
0.4020 -0.3174 0.0346 0 0 -10 0
0.3920 -0.3170 0.0341 0 0 -10 0
0.3980 -0.3171 0.0347 0 0 -10 0
0.4120 -0.3169 0.0333 0 0 -10 0
0.4120 -0.3169 0.0333 0 0 -10 0
0.3960 -0.3160 0.0342 0 0 -10 0
0.3960 -0.3160 0.0342 0 0 -10 0
0.4080 -0.3155 0.0331 0 0 -10 0
0.4040 -0.3146 0.0352 0 0 -10 0
0.4020 -0.3138 0.0350 0 0 -10 0
0.4020 -0.3138 0.0350 0 0 -10 0
0.4160 -0.3142 0.0365 0 0 -10 0
0.4060 -0.3141 0.0360 0 0 -10 0
0.3820 -0.3134 0.0365 0 0 -10 0
0.3880 -0.3128 0.0356 0 0 -10 0
0.3880 -0.3128 0.0356 0 0 -10 0
0.4100 -0.3118 0.0340 0 0 -10 0
0.4100 -0.3118 0.0340 0 0 -10 0
0.4000 -0.3119 0.0354 0 0 -10 0
0.3980 -0.3124 0.0388 0 0 -10 0
0.4100 -0.3121 0.0383 0 0 -10 0
0.3900 -0.3112 0.0379 0 0 -10 0
0.3920 -0.3109 0.0413 0 0 -10 0
0.4220 -0.3105 0.0441 0 0 -10 0
0.3940 -0.3102 0.0430 0 0 -10 0
0.4060 -0.3095 0.0429 0 0 -10 0
0.4020 -0.3084 0.0445 0 0 -10 0
0.4120 -0.3080 0.0441 0 0 -10 0
0.4120 -0.3080 0.0441 0 0 -10 0
0.4120 -0.3074 0.0429 0 0 -10 0
0.4100 -0.3074 0.0442 0 0 -10 0
0.4180 -0.3070 0.0433 0 0 -10 0
0.4080 -0.3066 0.0415 0 0 -10 0
0.4020 -0.3059 0.0435 0 0 -10 0
0.4020 -0.3052 0.0435 0 0 -10 0
0.4000 -0.3050 0.0413 0 0 -10 0
0.3980 -0.3053 0.0415 0 0 -10 0
0.3980 -0.3053 0.0415 0 0 -10 0
0.3960 -0.3048 0.0401 0 0 -10 0
0.4020 -0.3038 0.0363 0 0 -10 0
0.3980 -0.3027 0.0363 0 0 -10 0
0.3780 -0.3021 0.0356 0 0 -10 0
0.4100 -0.3015 0.0383 0 0 -10 0
0.4100 -0.3015 0.0383 0 0 -10 0
0.4040 -0.3013 0.0371 0 0 -10 0
0.3960 -0.3011 0.0391 0 0 -10 0
0.4220 -0.3011 0.0381 0 0 -10 0
0.4220 -0.3011 0.0381 0 0 -10 0
0.4120 -0.3014 0.0396 0 0 -10 0
0.4160 -0.3003 0.0393 0 0 -10 0
0.3940 -0.2996 0.0387 0 0 -10 0
0.3960 -0.2992 0.0348 0 0 -10 0
0.3960 -0.2992 0.0348 0 0 -10 0
0.3980 -0.2994 0.0343 0 0 -10 0
0.4080 -0.2995 0.0347 0 0 -10 0
0.4220 -0.2990 0.0337 0 0 -10 0
0.3980 -0.2986 0.0326 0 0 -10 0
0.3980 -0.2983 0.0313 0 0 -10 0
0.4120 -0.2980 0.0313 0 0 -10 0
0.4120 -0.2980 0.0313 0 0 0 0
0.4040 -0.2955 0.0272 0 0 0 -10
0.3920 -0.2945 0.0235 0 0 0 -10
0.4100 -0.2945 0.0254 0 0 0 0
0.4120 -0.2937 0.0195 0 0 0 -10
0.3860 -0.2929 0.0177 0 0 0 -10
0.3980 -0.2926 0.0166 0 0 0 0
0.3840 -0.2922 0.0058 0 0 0 -10
0.4000 -0.2924 0.0060 0 0 0 -10
0.4000 -0.2924 0.0060 0 0 0 -10
0.3960 -0.2930 0.0049 0 0 0 0
0.4000 -0.2914 -0.0022 0 0 -10 0
0.4200 -0.2920 0.0020 0 0 -10 0
0.4060 -0.2919 0.0026 0 0 -10 0
0.4160 -0.2915 0.0024 0 0 -10 0
0.4060 -0.2914 0.0019 0 0 -10 0
0.3900 -0.2914 0.0022 0 0 -10 0
0.3900 -0.2915 0.0031 0 0 -10 0
0.4040 -0.2916 0.0021 0 0 -10 0
0.3760 -0.2918 0.0020 0 0 -10 0
0.4060 -0.2917 0.0040 0 0 -10 0
0.3940 -0.2918 0.0042 0 0 -10 0
0.4040 -0.2916 0.0038 0 0 -10 0
0.4100 -0.2913 0.0037 0 0 -10 0
0.4040 -0.2911 0.0045 0 0 -10 0
0.4040 -0.2911 0.0045 0 0 -10 0
0.4080 -0.2910 0.0046 0 0 -10 0
0.4200 -0.2907 0.0050 0 0 -10 0
0.3960 -0.2905 0.0047 0 0 -10 0
0.4020 -0.2894 0.0052 0 0 -10 0
0.4060 -0.2889 0.0057 0 0 -10 0
0.4040 -0.2888 0.0058 0 0 -10 0
0.4040 -0.2888 0.0058 0 0 -10 0
0.3980 -0.2883 0.0059 0 0 -10 0
0.3920 -0.2877 0.0065 0 0 -10 0
0.4000 -0.2872 0.0049 0 0 -10 0
0.4060 -0.2871 0.0039 0 0 -10 0
0.4060 -0.2871 0.0039 0 0 -10 0
0.4160 -0.2868 0.0033 0 0 -10 0
0.4160 -0.2868 0.0033 0 0 -10 0
0.4040 -0.2868 0.0033 0 0 -10 0
0.4000 -0.2864 0.0028 0 0 -10 0
0.4000 -0.2864 0.0028 0 0 -10 0
0.3880 -0.2862 0.0013 0 0 -10 0
0.4020 -0.2856 0.0009 0 0 -10 0
0.3980 -0.2851 0.0025 0 0 -10 0
0.4100 -0.2842 0.0022 0 0 -10 0
0.4000 -0.2838 0.0018 0 0 -10 0
0.3960 -0.2836 0.0011 0 0 -10 0
0.3960 -0.2836 0.0011 0 0 -10 0
0.3820 -0.2834 0.0047 0 0 -10 0
0.3880 -0.2832 0.0039 0 0 -10 0
0.3980 -0.2826 0.0033 0 0 -10 0
0.3920 -0.2820 0.0033 0 0 -10 0
0.4100 -0.2817 0.0015 0 0 -10 0
0.3960 -0.2816 0.0013 0 0 -10 0
0.4120 -0.2809 0.0049 0 0 -10 0
0.4120 -0.2803 0.0031 0 0 -10 0
0.4140 -0.2799 0.0043 0 0 -10 0
0.4140 -0.2799 0.0043 0 0 -10 0
0.4080 -0.2797 0.0025 0 0 -10 0
0.4020 -0.2791 0.0029 0 0 -10 0
0.4260 -0.2790 0.0025 0 0 -10 0
0.4140 -0.2787 0.0001 0 0 -10 0
0.4140 -0.2787 0.0001 0 0 -10 0
0.4020 -0.2777 -0.0007 0 0 -10 0
0.4020 -0.2772 -0.0003 0 0 -10 0
0.4140 -0.2770 -0.0010 0 0 -10 0
0.4140 -0.2770 -0.0010 0 0 -10 0
0.4140 -0.2766 -0.0006 0 0 -10 0
0.4080 -0.2766 -0.0009 0 0 -10 0
0.4300 -0.2766 -0.0047 0 0 -10 0
0.4300 -0.2766 -0.0047 0 0 -10 0
0.4280 -0.2758 -0.0039 0 0 -10 0
0.4280 -0.2758 -0.0039 0 0 -10 0
0.4120 -0.2746 -0.0061 0 0 -10 0
0.4260 -0.2742 -0.0070 0 0 -10 0
0.4260 -0.2742 -0.0070 0 0 -10 0
0.4120 -0.2741 -0.0076 0 0 -10 0
0.4240 -0.2739 -0.0085 0 0 -10 0
0.4160 -0.2735 -0.0092 0 0 -10 0
0.4140 -0.2727 -0.0102 0 0 -10 0
0.4080 -0.2725 -0.0099 0 0 -10 0
0.4080 -0.2725 -0.0099 0 0 -10 0
0.4180 -0.2719 -0.0097 0 0 -10 0
0.4140 -0.2715 -0.0104 0 0 -10 0
0.4160 -0.2712 -0.0097 0 0 -10 0
0.4300 -0.2708 -0.0098 0 0 -10 0
0.4200 -0.2701 -0.0090 0 0 -10 0
0.4200 -0.2701 -0.0090 0 0 -10 0
0.4260 -0.2685 -0.0089 0 0 -10 0
0.4260 -0.2685 -0.0089 0 0 -10 0
0.3820 -0.2681 -0.0091 0 0 -10 0
0.3940 -0.2681 -0.0091 0 0 -10 0
0.4220 -0.2678 -0.0092 0 0 -10 0
0.4220 -0.2671 -0.0093 0 0 -10 0
0.4240 -0.2671 -0.0093 0 0 -10 0
0.4180 -0.2669 -0.0079 0 0 -10 0
0.4100 -0.2664 -0.0079 0 0 -10 0
0.4080 -0.2662 -0.0074 0 0 -10 0
0.4080 -0.2662 -0.0074 0 0 -10 0
0.4160 -0.2658 -0.0073 0 0 -10 0
0.4160 -0.2658 -0.0073 0 0 -10 0
0.4080 -0.2652 -0.0088 0 0 -10 0
0.4300 -0.2642 -0.0091 0 0 -10 0
0.4060 -0.2634 -0.0083 0 0 -10 0
0.4200 -0.2630 -0.0082 0 0 -10 0
0.4200 -0.2630 -0.0082 0 0 -10 0
0.4180 -0.2624 -0.0084 0 0 -10 0
0.4020 -0.2619 -0.0081 0 0 -10 0
0.4100 -0.2620 -0.0087 0 0 -10 0
0.4400 -0.2617 -0.0084 0 0 -10 0
0.4400 -0.2610 -0.0073 0 0 -10 0
0.4200 -0.2610 -0.0073 0 0 -10 0
0.4360 -0.2597 -0.0070 0 0 -10 0
0.4320 -0.2590 -0.0082 0 0 -10 0
0.4240 -0.2582 -0.0083 0 0 -10 0
0.4320 -0.2578 -0.0080 0 0 -10 0
0.4320 -0.2578 -0.0080 0 0 -10 0
0.4480 -0.2572 -0.0077 0 0 -10 0
0.4220 -0.2572 -0.0069 0 0 -10 0
0.4180 -0.2571 -0.0070 0 0 -10 0
0.4100 -0.2569 -0.0067 0 0 -10 0
0.4320 -0.2565 -0.0075 0 0 -10 0
0.4160 -0.2562 -0.0069 0 0 -10 0
0.4160 -0.2562 -0.0069 0 0 -10 0
0.4200 -0.2563 -0.0072 0 0 -10 0
0.4060 -0.2559 -0.0079 0 0 -10 0
0.4160 -0.2558 -0.0084 0 0 -10 0
0.4200 -0.2556 -0.0081 0 0 -10 0
0.4140 -0.2553 -0.0085 0 0 -10 0
0.4140 -0.2553 -0.0085 0 0 -10 0
0.4340 -0.2551 -0.0092 0 0 -10 0
0.4120 -0.2547 -0.0127 0 0 -10 0
0.3900 -0.2547 -0.0127 0 0 -10 0
0.4040 -0.2545 -0.0117 0 0 -10 0
0.3980 -0.2541 -0.0152 0 0 -10 0
0.4220 -0.2536 -0.0147 0 0 -10 0
0.4080 -0.2529 -0.0155 0 0 -10 0
0.4080 -0.2529 -0.0155 0 0 -10 0
0.4220 -0.2512 -0.0164 0 0 -10 0
0.4260 -0.2507 -0.0162 0 0 -10 0
0.4300 -0.2503 -0.0159 0 0 -10 0
0.4160 -0.2499 -0.0158 0 0 -10 0
0.4040 -0.2492 -0.0183 0 0 -10 0
0.4040 -0.2492 -0.0183 0 0 -10 0
0.4100 -0.2492 -0.0182 0 0 -10 0
0.4360 -0.2488 -0.0203 0 0 -10 0
0.4360 -0.2485 -0.0206 0 0 -10 0
0.4360 -0.2485 -0.0206 0 0 -10 0
0.4240 -0.2475 -0.0228 0 0 -10 0
0.4240 -0.2475 -0.0228 0 0 -10 0
0.4140 -0.2467 -0.0224 0 0 -10 0
0.4120 -0.2466 -0.0242 0 0 -10 0
0.4240 -0.2462 -0.0240 0 0 -10 0
0.4200 -0.2456 -0.0225 0 0 -10 0
0.4200 -0.2456 -0.0225 0 0 -10 0
0.4320 -0.2460 -0.0215 0 0 -10 0
0.4280 -0.2458 -0.0222 0 0 -10 0
0.4280 -0.2458 -0.0222 0 0 -10 0
0.4200 -0.2445 -0.0204 0 0 -10 0
0.4200 -0.2445 -0.0204 0 0 -10 0
0.4160 -0.2442 -0.0209 0 0 -10 0
0.4080 -0.2436 -0.0186 0 0 -10 0
0.4080 -0.2429 -0.0183 0 0 -10 0
0.4140 -0.2429 -0.0183 0 0 -10 0
0.4320 -0.2432 -0.0194 0 0 -10 0
0.4300 -0.2433 -0.0185 0 0 -10 0
0.4440 -0.2432 -0.0181 0 0 -10 0
0.4220 -0.2422 -0.0199 0 0 -10 0
0.4280 -0.2416 -0.0191 0 0 -10 0
0.4320 -0.2405 -0.0201 0 0 -10 0
0.4020 -0.2393 -0.0193 0 0 -10 0
0.4200 -0.2387 -0.0210 0 0 -10 0
0.4180 -0.2385 -0.0208 0 0 -10 0
0.4180 -0.2385 -0.0208 0 0 -10 0
0.4240 -0.2383 -0.0220 0 0 -10 0
0.4100 -0.2378 -0.0217 0 0 -10 0
0.4200 -0.2375 -0.0237 0 0 -10 0
0.4420 -0.2371 -0.0218 0 0 -10 0
0.4400 -0.2366 -0.0218 0 0 -10 0
0.4120 -0.2357 -0.0212 0 0 -10 0
0.4120 -0.2357 -0.0212 0 0 -10 0
0.4260 -0.2351 -0.0219 0 0 -10 0
0.4220 -0.2349 -0.0225 0 0 -10 0
0.4340 -0.2351 -0.0231 0 0 -10 0
0.4340 -0.2351 -0.0231 0 0 -10 0
0.4260 -0.2339 -0.0260 0 0 -10 0
0.4260 -0.2339 -0.0260 0 0 -10 0
0.4420 -0.2331 -0.0255 0 0 -10 0
0.4400 -0.2331 -0.0245 0 0 -10 0
0.4460 -0.2325 -0.0243 0 0 -10 0
0.4460 -0.2325 -0.0243 0 0 -10 0
0.4160 -0.2322 -0.0193 0 0 0 0
0.4380 -0.2308 -0.0180 0 0 0 10
0.4280 -0.2312 -0.0198 0 0 0 10
0.4180 -0.2302 -0.0198 0 0 0 10
0.4260 -0.2295 -0.0190 0 0 0 10
0.4300 -0.2293 -0.0204 0 0 0 0
0.4300 -0.2286 -0.0171 0 0 0 10
0.4320 -0.2290 -0.0115 0 0 0 10
0.4420 -0.2280 -0.0089 0 0 0 0
0.4400 -0.2270 -0.0073 0 0 0 10
0.4300 -0.2264 -0.0021 0 0 0 0
0.4540 -0.2254 0.0105 0 0 -10 0
0.4640 -0.2268 0.0106 0 0 -10 0
0.4440 -0.2265 0.0118 0 0 -10 0
0.4540 -0.2264 0.0110 0 0 -10 0
0.4540 -0.2266 0.0137 0 0 -10 0
0.4440 -0.2268 0.0131 0 0 -10 0
0.4440 -0.2268 0.0131 0 0 -10 0
0.4560 -0.2271 0.0115 0 0 -10 0
0.4500 -0.2272 0.0117 0 0 -10 0
0.4600 -0.2272 0.0136 0 0 -10 0
0.4560 -0.2269 0.0138 0 0 -10 0
0.4560 -0.2269 0.0138 0 0 -10 0
0.4340 -0.2266 0.0136 0 0 -10 0
0.4300 -0.2262 0.0166 0 0 -10 0
0.4480 -0.2260 0.0163 0 0 -10 0
0.4320 -0.2258 0.0163 0 0 -10 0
0.4360 -0.2258 0.0149 0 0 -10 0
0.4360 -0.2258 0.0149 0 0 -10 0
0.4200 -0.2258 0.0176 0 0 -10 0
0.4320 -0.2254 0.0174 0 0 -10 0
0.4260 -0.2249 0.0168 0 0 -10 0
0.4300 -0.2242 0.0164 0 0 -10 0
0.4300 -0.2242 0.0164 0 0 -10 0
0.4160 -0.2236 0.0179 0 0 -10 0
0.4420 -0.2227 0.0179 0 0 -10 0
0.4340 -0.2223 0.0174 0 0 -10 0
0.4340 -0.2223 0.0174 0 0 -10 0
0.4180 -0.2215 0.0192 0 0 -10 0
0.4180 -0.2215 0.0192 0 0 -10 0
0.4120 -0.2208 0.0190 0 0 -10 0
0.4240 -0.2201 0.0187 0 0 -10 0
0.4040 -0.2199 0.0186 0 0 0 0
0.4200 -0.2188 0.0181 0 0 0 -10
0.4320 -0.2178 0.0213 0 0 0 -10
0.4520 -0.2168 0.0219 0 0 0 0
0.4360 -0.2162 0.0184 0 0 0 -10
0.4400 -0.2148 0.0153 0 0 0 0
0.4420 -0.2168 0.0128 0 0 -10 0
0.4380 -0.2162 0.0127 0 0 -10 0
0.4420 -0.2162 0.0132 0 0 -10 0
0.4420 -0.2162 0.0132 0 0 -10 0
0.4600 -0.2162 0.0092 0 0 -10 0
0.4640 -0.2162 0.0120 0 0 -10 0
0.4480 -0.2166 0.0119 0 0 -10 0
0.4480 -0.2166 0.0119 0 0 -10 0
0.4340 -0.2175 0.0098 0 0 -10 0
0.4340 -0.2175 0.0098 0 0 -10 0
0.4280 -0.2175 0.0146 0 0 -10 0
0.4540 -0.2168 0.0158 0 0 -10 0
0.4440 -0.2162 0.0153 0 0 -10 0
0.4440 -0.2162 0.0153 0 0 -10 0
0.4420 -0.2154 0.0102 0 0 -10 0
0.4500 -0.2150 0.0099 0 0 -10 0
0.4600 -0.2147 0.0103 0 0 -10 0
0.4600 -0.2147 0.0103 0 0 -10 0
0.4460 -0.2150 0.0101 0 0 -10 0
0.4500 -0.2150 0.0101 0 0 -10 0
0.4600 -0.2146 0.0097 0 0 -10 0
0.4600 -0.2146 0.0097 0 0 -10 0
0.4540 -0.2127 0.0104 0 0 -10 0
0.4540 -0.2127 0.0104 0 0 -10 0
0.4520 -0.2119 0.0102 0 0 -10 0
0.4500 -0.2115 0.0084 0 0 -10 0
0.4480 -0.2108 0.0082 0 0 -10 0
0.4560 -0.2104 0.0084 0 0 -10 0
0.4560 -0.2104 0.0084 0 0 -10 0
0.4440 -0.2104 0.0090 0 0 -10 0
0.4420 -0.2104 0.0081 0 0 -10 0
0.4460 -0.2101 0.0082 0 0 -10 0
0.4600 -0.2102 0.0079 0 0 -10 0
0.4500 -0.2102 0.0081 0 0 -10 0
0.4440 -0.2102 0.0076 0 0 -10 0
0.4720 -0.2095 0.0077 0 0 -10 0
0.4640 -0.2087 0.0079 0 0 -10 0
0.4640 -0.2083 0.0082 0 0 -10 0
0.4640 -0.2078 0.0083 0 0 -10 0
0.4400 -0.2074 0.0092 0 0 -10 0
0.4660 -0.2068 0.0073 0 0 -10 0
0.4660 -0.2068 0.0073 0 0 -10 0
0.4640 -0.2066 0.0071 0 0 -10 0
0.4440 -0.2062 0.0067 0 0 -10 0
0.4540 -0.2062 0.0064 0 0 -10 0
0.4400 -0.2057 0.0048 0 0 -10 0
0.4500 -0.2056 0.0008 0 0 -10 0
0.4440 -0.2057 -0.0010 0 0 -10 0
0.4440 -0.2057 -0.0010 0 0 -10 0
0.4380 -0.2050 0.0012 0 0 -10 0
0.4420 -0.2039 -0.0014 0 0 -10 0
0.4520 -0.2035 -0.0017 0 0 -10 0
0.4580 -0.2032 -0.0010 0 0 -10 0
0.4580 -0.2032 -0.0010 0 0 -10 0
0.4560 -0.2033 -0.0023 0 0 -10 0
0.4520 -0.2031 -0.0014 0 0 -10 0
0.4540 -0.2030 -0.0029 0 0 -10 0
0.4360 -0.2026 -0.0018 0 0 -10 0
0.4360 -0.2026 -0.0018 0 0 -10 0
0.4660 -0.2017 -0.0033 0 0 -10 0
0.4660 -0.2017 -0.0033 0 0 -10 0
0.4620 -0.2011 -0.0027 0 0 -10 0
0.4300 -0.2008 -0.0025 0 0 -10 0
0.4440 -0.2005 -0.0030 0 0 -10 0
0.4560 -0.2001 -0.0033 0 0 -10 0
0.4440 -0.1988 -0.0025 0 0 -10 0
0.4440 -0.1988 -0.0025 0 0 -10 0
0.4440 -0.1988 -0.0025 0 0 -10 0
0.4520 -0.1972 -0.0015 0 0 -10 0
0.4540 -0.1967 -0.0016 0 0 -10 0
0.4540 -0.1967 -0.0016 0 0 -10 0
0.4400 -0.1967 0.0000 0 0 -10 0
0.4520 -0.1967 -0.0014 0 0 -10 0
0.4440 -0.1966 -0.0015 0 0 -10 0
0.4620 -0.1960 -0.0011 0 0 -10 0
0.4620 -0.1960 -0.0011 0 0 -10 0
0.4440 -0.1944 -0.0007 0 0 -10 0
0.4440 -0.1944 -0.0007 0 0 -10 0
0.4500 -0.1939 -0.0010 0 0 -10 0
0.4520 -0.1936 -0.0018 0 0 -10 0
0.4560 -0.1932 -0.0051 0 0 -10 0
0.4560 -0.1932 -0.0051 0 0 -10 0
0.4560 -0.1932 -0.0063 0 0 -10 0
0.4620 -0.1927 -0.0055 0 0 -10 0
0.4720 -0.1923 -0.0089 0 0 -10 0
0.4640 -0.1920 -0.0085 0 0 -10 0
0.4420 -0.1911 -0.0046 0 0 -10 0
0.4420 -0.1911 -0.0046 0 0 -10 0
0.4480 -0.1912 -0.0055 0 0 -10 0
0.4420 -0.1913 -0.0028 0 0 -10 0
0.4420 -0.1913 -0.0028 0 0 -10 0
0.4480 -0.1907 -0.0024 0 0 -10 0
0.4480 -0.1902 -0.0029 0 0 -10 0
0.4540 -0.1895 -0.0026 0 0 -10 0
0.4620 -0.1889 -0.0023 0 0 -10 0
0.4620 -0.1889 -0.0023 0 0 -10 0
0.4480 -0.1882 -0.0031 0 0 -10 0
0.4480 -0.1882 -0.0031 0 0 -10 0
0.4680 -0.1877 -0.0023 0 0 -10 0
0.4540 -0.1874 -0.0029 0 0 -10 0
0.4480 -0.1871 -0.0016 0 0 -10 0
0.4480 -0.1871 -0.0016 0 0 -10 0
0.4480 -0.1872 -0.0017 0 0 -10 0
0.4680 -0.1870 -0.0023 0 0 -10 0
0.4700 -0.1865 -0.0032 0 0 -10 0
0.4660 -0.1861 -0.0035 0 0 -10 0
0.4520 -0.1857 -0.0036 0 0 -10 0
0.4480 -0.1855 0.0007 0 0 -10 0
0.4560 -0.1849 0.0010 0 0 -10 0
0.4560 -0.1849 0.0010 0 0 -10 0
0.4700 -0.1848 -0.0004 0 0 -10 0
0.4620 -0.1845 0.0009 0 0 -10 0
0.4460 -0.1839 0.0011 0 0 -10 0
0.4460 -0.1839 0.0011 0 0 -10 0
0.4520 -0.1833 0.0018 0 0 -10 0
0.4640 -0.1824 0.0022 0 0 -10 0
0.4640 -0.1814 0.0029 0 0 -10 0
0.4660 -0.1805 0.0046 0 0 -10 0
0.4740 -0.1805 0.0051 0 0 -10 0
0.4740 -0.1805 0.0055 0 0 -10 0
0.4800 -0.1805 0.0055 0 0 -10 0
0.4620 -0.1804 0.0055 0 0 -10 0
0.4660 -0.1806 0.0052 0 0 -10 0
0.4800 -0.1806 0.0056 0 0 -10 0
0.4740 -0.1799 0.0067 0 0 -10 0
0.4640 -0.1792 0.0066 0 0 -10 0
0.4640 -0.1792 0.0066 0 0 -10 0
0.4640 -0.1791 0.0048 0 0 -10 0
0.4700 -0.1789 0.0052 0 0 -10 0
0.4720 -0.1790 0.0051 0 0 -10 0
0.4740 -0.1785 0.0048 0 0 -10 0
0.4880 -0.1780 0.0049 0 0 -10 0
0.4880 -0.1780 0.0049 0 0 -10 0
0.4920 -0.1774 0.0041 0 0 -10 0
0.4780 -0.1763 0.0048 0 0 -10 0
0.4840 -0.1751 0.0043 0 0 -10 0
0.4840 -0.1751 0.0043 0 0 -10 0
0.4780 -0.1738 0.0043 0 0 -10 0
0.4700 -0.1732 0.0068 0 0 -10 0
0.4880 -0.1727 0.0072 0 0 -10 0
0.4780 -0.1728 0.0076 0 0 -10 0
0.4840 -0.1725 0.0081 0 0 -10 0
0.4820 -0.1716 0.0088 0 0 -10 0
0.4920 -0.1716 0.0088 0 0 -10 0
0.4740 -0.1708 0.0084 0 0 -10 0
0.4760 -0.1703 0.0107 0 0 -10 0
0.4800 -0.1701 0.0105 0 0 -10 0
0.4840 -0.1696 0.0101 0 0 -10 0
0.4880 -0.1692 0.0108 0 0 -10 0
0.4880 -0.1692 0.0108 0 0 -10 0
0.5020 -0.1688 0.0114 0 0 -10 0
0.4600 -0.1681 0.0120 0 0 -10 0
0.4700 -0.1680 0.0142 0 0 -10 0
0.4640 -0.1675 0.0146 0 0 -10 0
0.4860 -0.1668 0.0166 0 0 -10 0
0.4860 -0.1668 0.0166 0 0 -10 0
0.5020 -0.1661 0.0159 0 0 -10 0
0.4800 -0.1651 0.0155 0 0 -10 0
0.4940 -0.1651 0.0170 0 0 -10 0
0.4940 -0.1651 0.0170 0 0 -10 0
0.4940 -0.1651 0.0170 0 0 -10 0
0.4820 -0.1649 0.0150 0 0 -10 0
0.4980 -0.1644 0.0161 0 0 -10 0
0.4860 -0.1637 0.0165 0 0 -10 0
0.4860 -0.1637 0.0165 0 0 -10 0
0.4820 -0.1634 0.0167 0 0 -10 0
0.4980 -0.1633 0.0171 0 0 -10 0
0.4960 -0.1631 0.0183 0 0 -10 0
0.4860 -0.1629 0.0183 0 0 -10 0
0.4880 -0.1624 0.0175 0 0 -10 0
0.4900 -0.1622 0.0178 0 0 -10 0
0.4980 -0.1613 0.0188 0 0 -10 0
0.4780 -0.1604 0.0198 0 0 -10 0
0.4660 -0.1595 0.0181 0 0 -10 0
0.4740 -0.1592 0.0205 0 0 -10 0
0.4780 -0.1592 0.0205 0 0 -10 0
0.4780 -0.1592 0.0205 0 0 -10 0
0.4960 -0.1589 0.0201 0 0 -10 0
0.4960 -0.1589 0.0201 0 0 -10 0
0.5000 -0.1574 0.0211 0 0 -10 0
0.4880 -0.1566 0.0208 0 0 -10 0
0.4920 -0.1559 0.0228 0 0 -10 0
0.4920 -0.1559 0.0228 0 0 -10 0
0.4840 -0.1561 0.0226 0 0 -10 0
0.4840 -0.1561 0.0226 0 0 -10 0
0.4980 -0.1563 0.0219 0 0 -10 0
0.4940 -0.1559 0.0213 0 0 -10 0
0.5340 -0.1557 0.0222 0 0 -10 0
0.5340 -0.1557 0.0222 0 0 -10 0
0.5160 -0.1552 0.0224 0 0 -10 0
0.5160 -0.1552 0.0224 0 0 -10 0
0.5200 -0.1550 0.0182 0 0 -10 0
0.5200 -0.1550 0.0182 0 0 -10 0
0.5160 -0.1546 0.0177 0 0 -10 0
0.5160 -0.1546 0.0177 0 0 -10 0
0.5020 -0.1547 0.0183 0 0 -10 0
0.5020 -0.1547 0.0183 0 0 -10 0
0.5000 -0.1529 0.0197 0 0 -10 0
0.5000 -0.1529 0.0197 0 0 -10 0
0.4960 -0.1527 0.0200 0 0 -10 0
0.4960 -0.1526 0.0195 0 0 -10 0
0.5020 -0.1523 0.0201 0 0 -10 0
0.5040 -0.1522 0.0231 0 0 -10 0
0.5140 -0.1514 0.0229 0 0 -10 0
0.5140 -0.1514 0.0229 0 0 -10 0
0.5180 -0.1497 0.0224 0 0 -10 0
0.5180 -0.1492 0.0223 0 0 -10 0
0.5200 -0.1492 0.0223 0 0 -10 0
0.5320 -0.1490 0.0218 0 0 -10 0
0.5140 -0.1489 0.0233 0 0 -10 0
0.5140 -0.1489 0.0233 0 0 -10 0
0.5100 -0.1480 0.0217 0 0 -10 0
0.5180 -0.1479 0.0215 0 0 -10 0
0.5220 -0.1471 0.0246 0 0 -10 0
0.5340 -0.1467 0.0242 0 0 -10 0
0.5460 -0.1459 0.0261 0 0 -10 0
0.5460 -0.1459 0.0261 0 0 -10 0
0.5120 -0.1452 0.0289 0 0 -10 0
0.5200 -0.1447 0.0303 0 0 -10 0
0.5340 -0.1446 0.0291 0 0 -10 0
0.5260 -0.1440 0.0311 0 0 -10 0
0.5260 -0.1434 0.0316 0 0 -10 0
0.5100 -0.1427 0.0330 0 0 -10 0
0.5320 -0.1421 0.0316 0 0 -10 0
0.5320 -0.1421 0.0316 0 0 -10 0
0.5160 -0.1413 0.0307 0 0 -10 0
0.5160 -0.1413 0.0307 0 0 -10 0
0.5280 -0.1410 0.0312 0 0 -10 0
0.5240 -0.1406 0.0292 0 0 -10 0
0.5240 -0.1403 0.0307 0 0 -10 0
0.5240 -0.1403 0.0307 0 0 -10 0
0.5400 -0.1396 0.0307 0 0 0 0
0.5120 -0.1392 0.0276 0 0 0 -10
0.5100 -0.1383 0.0274 0 0 0 -10
0.5120 -0.1366 0.0254 0 0 0 -10
0.5220 -0.1372 0.0244 0 0 0 0
0.5500 -0.1355 0.0155 0 0 0 0
0.5200 -0.1351 0.0126 0 0 0 -10
0.5540 -0.1361 0.0116 0 0 0 -10
0.5640 -0.1349 0.0104 0 0 0 0
0.5220 -0.1355 0.0068 0 0 -10 0
0.5320 -0.1354 0.0059 0 0 -10 0
0.5360 -0.1354 0.0054 0 0 -10 0
0.5460 -0.1352 0.0053 0 0 -10 0
0.5500 -0.1353 0.0063 0 0 -10 0
0.5400 -0.1352 0.0053 0 0 -10 0
0.5460 -0.1351 0.0047 0 0 -10 0
0.5400 -0.1355 0.0068 0 0 -10 0
0.5380 -0.1350 0.0066 0 0 -10 0
0.5380 -0.1350 0.0066 0 0 -10 0
0.5540 -0.1351 0.0066 0 0 -10 0
0.5560 -0.1349 0.0061 0 0 -10 0
0.5560 -0.1349 0.0061 0 0 -10 0
0.5580 -0.1345 0.0060 0 0 -10 0
0.5780 -0.1344 0.0054 0 0 -10 0
0.5780 -0.1344 0.0054 0 0 -10 0
0.5680 -0.1342 0.0053 0 0 -10 0
0.5600 -0.1338 0.0040 0 0 -10 0
0.5760 -0.1331 0.0032 0 0 -10 0
0.5520 -0.1325 0.0019 0 0 -10 0
0.5840 -0.1318 0.0014 0 0 -10 0
0.5840 -0.1318 0.0014 0 0 -10 0
0.5600 -0.1312 0.0015 0 0 -10 0
0.5360 -0.1308 0.0015 0 0 -10 0
0.5220 -0.1306 -0.0005 0 0 -10 0
0.5620 -0.1303 -0.0011 0 0 -10 0
0.5620 -0.1303 -0.0011 0 0 -10 0
0.5720 -0.1295 -0.0035 0 0 -10 0
0.5720 -0.1295 -0.0035 0 0 -10 0
0.5520 -0.1290 -0.0036 0 0 -10 0
0.5720 -0.1282 -0.0040 0 0 -10 0
0.5500 -0.1275 -0.0050 0 0 -10 0
0.5500 -0.1273 -0.0051 0 0 -10 0
0.5500 -0.1273 -0.0051 0 0 -10 0
0.5400 -0.1266 -0.0055 0 0 -10 0
0.5460 -0.1263 -0.0062 0 0 -10 0
0.5700 -0.1258 -0.0055 0 0 -10 0
0.5680 -0.1254 -0.0060 0 0 -10 0
0.5720 -0.1251 -0.0057 0 0 -10 0
0.5720 -0.1251 -0.0057 0 0 -10 0
0.5620 -0.1244 -0.0060 0 0 -10 0
0.5600 -0.1240 -0.0044 0 0 -10 0
0.5620 -0.1238 -0.0047 0 0 -10 0
0.5620 -0.1238 -0.0047 0 0 -10 0
0.5640 -0.1243 -0.0047 0 0 -10 0
0.5340 -0.1241 -0.0047 0 0 -10 0
0.5640 -0.1238 -0.0088 0 0 -10 0
0.5380 -0.1232 -0.0092 0 0 -10 0
0.5320 -0.1230 -0.0113 0 0 -10 0
0.5320 -0.1230 -0.0113 0 0 -10 0
0.5460 -0.1228 -0.0119 0 0 -10 0
0.5460 -0.1220 -0.0094 0 0 -10 0
0.5620 -0.1216 -0.0103 0 0 -10 0
0.5440 -0.1214 -0.0098 0 0 -10 0
0.5440 -0.1214 -0.0098 0 0 -10 0
0.5400 -0.1212 -0.0100 0 0 -10 0
0.5440 -0.1207 -0.0098 0 0 -10 0
0.5440 -0.1206 -0.0104 0 0 -10 0
0.5500 -0.1197 -0.0114 0 0 -10 0
0.5400 -0.1193 -0.0110 0 0 -10 0
0.5400 -0.1193 -0.0110 0 0 -10 0
0.5400 -0.1192 -0.0125 0 0 -10 0
0.5300 -0.1186 -0.0106 0 0 -10 0
0.5300 -0.1186 -0.0106 0 0 -10 0
0.5540 -0.1178 -0.0120 0 0 -10 0
0.5460 -0.1171 -0.0120 0 0 -10 0
0.5460 -0.1171 -0.0120 0 0 -10 0
0.5840 -0.1171 -0.0103 0 0 -10 0
0.5640 -0.1171 -0.0112 0 0 -10 0
0.5480 -0.1168 -0.0115 0 0 -10 0
0.5480 -0.1168 -0.0115 0 0 -10 0
0.5600 -0.1159 -0.0119 0 0 -10 0
0.5600 -0.1159 -0.0119 0 0 -10 0
0.5820 -0.1153 -0.0130 0 0 -10 0
0.5560 -0.1151 -0.0131 0 0 -10 0
0.5740 -0.1152 -0.0123 0 0 -10 0
0.5820 -0.1150 -0.0123 0 0 -10 0
0.5820 -0.1150 -0.0123 0 0 -10 0
0.5460 -0.1147 -0.0129 0 0 -10 0
0.5780 -0.1144 -0.0128 0 0 -10 0
0.5780 -0.1137 -0.0123 0 0 -10 0
0.5780 -0.1137 -0.0123 0 0 -10 0
0.5620 -0.1123 -0.0130 0 0 0 0
0.5420 -0.1119 -0.0125 0 0 0 10
0.5800 -0.1112 -0.0124 0 0 0 10
0.5720 -0.1103 -0.0122 0 0 0 10
0.5700 -0.1097 -0.0121 0 0 0 10
0.5760 -0.1093 -0.0117 0 0 0 0
0.5840 -0.1081 -0.0074 0 0 0 10
0.5560 -0.1068 -0.0053 0 0 0 0
0.5880 -0.1077 -0.0009 0 0 0 0
0.6020 -0.1079 0.0083 0 0 -10 0
0.6220 -0.1066 0.0056 0 0 -10 0
0.6220 -0.1066 0.0056 0 0 -10 0
0.6180 -0.1061 0.0057 0 0 -10 0
0.6020 -0.1060 0.0049 0 0 -10 0
0.6020 -0.1063 0.0049 0 0 -10 0
0.6180 -0.1063 0.0023 0 0 -10 0
0.6180 -0.1065 0.0022 0 0 -10 0
0.6200 -0.1064 0.0042 0 0 -10 0
0.6240 -0.1064 0.0042 0 0 -10 0
0.5920 -0.1066 0.0041 0 0 -10 0
0.6040 -0.1064 0.0043 0 0 -10 0
0.6040 -0.1061 0.0059 0 0 -10 0
0.6040 -0.1061 0.0059 0 0 -10 0
0.5780 -0.1057 0.0064 0 0 -10 0
0.6100 -0.1058 0.0070 0 0 -10 0
0.6220 -0.1052 0.0073 0 0 -10 0
0.6020 -0.1045 0.0069 0 0 -10 0
0.6020 -0.1045 0.0069 0 0 -10 0
0.6180 -0.1037 0.0085 0 0 -10 0
0.6140 -0.1039 0.0087 0 0 -10 0
0.6140 -0.1039 0.0087 0 0 -10 0
0.6140 -0.1036 0.0101 0 0 -10 0
0.5960 -0.1034 0.0099 0 0 -10 0
0.6140 -0.1028 0.0108 0 0 -10 0
0.6380 -0.1021 0.0114 0 0 -10 0
0.6040 -0.1011 0.0125 0 0 -10 0
0.6040 -0.1011 0.0125 0 0 -10 0
0.6260 -0.1004 0.0104 0 0 -10 0
0.6080 -0.1002 0.0104 0 0 -10 0
0.6020 -0.1001 0.0117 0 0 -10 0
0.6080 -0.1001 0.0111 0 0 -10 0
0.6080 -0.1001 0.0111 0 0 -10 0
0.6140 -0.0999 0.0106 0 0 -10 0
0.6220 -0.0992 0.0106 0 0 -10 0
0.6020 -0.0985 0.0123 0 0 -10 0
0.6140 -0.0983 0.0123 0 0 -10 0
0.6220 -0.0980 0.0127 0 0 -10 0
0.6220 -0.0980 0.0127 0 0 -10 0
0.6180 -0.0979 0.0122 0 0 -10 0
0.6160 -0.0975 0.0131 0 0 -10 0
0.6160 -0.0973 0.0122 0 0 -10 0
0.6160 -0.0973 0.0122 0 0 -10 0
0.6360 -0.0970 0.0121 0 0 -10 0
0.6180 -0.0961 0.0138 0 0 -10 0
0.6140 -0.0955 0.0133 0 0 -10 0
0.6480 -0.0951 0.0130 0 0 -10 0
0.6380 -0.0949 0.0134 0 0 -10 0
0.6260 -0.0951 0.0139 0 0 -10 0
0.6220 -0.0948 0.0171 0 0 -10 0
0.6220 -0.0948 0.0171 0 0 -10 0
0.6360 -0.0943 0.0172 0 0 -10 0
0.6280 -0.0934 0.0161 0 0 -10 0
0.6280 -0.0934 0.0161 0 0 -10 0
0.6580 -0.0924 0.0163 0 0 -10 0
0.6680 -0.0925 0.0165 0 0 -10 0
0.6420 -0.0926 0.0178 0 0 -10 0
0.6400 -0.0924 0.0163 0 0 -10 0
0.6400 -0.0924 0.0163 0 0 -10 0
0.6260 -0.0908 0.0177 0 0 -10 0
0.6260 -0.0908 0.0177 0 0 -10 0
0.6480 -0.0906 0.0153 0 0 -10 0
0.6380 -0.0903 0.0148 0 0 -10 0
0.6440 -0.0903 0.0167 0 0 -10 0
0.6280 -0.0903 0.0168 0 0 -10 0
0.6280 -0.0903 0.0168 0 0 -10 0
0.6480 -0.0897 0.0156 0 0 -10 0
0.6480 -0.0897 0.0156 0 0 -10 0
0.6360 -0.0890 0.0160 0 0 -10 0
0.6340 -0.0870 0.0158 0 0 -10 0
0.6380 -0.0867 0.0162 0 0 -10 0
0.6380 -0.0867 0.0162 0 0 -10 0
0.6420 -0.0862 0.0163 0 0 -10 0
0.6420 -0.0862 0.0163 0 0 -10 0
0.6580 -0.0861 0.0158 0 0 -10 0
0.6400 -0.0859 0.0151 0 0 -10 0
0.6620 -0.0849 0.0150 0 0 -10 0
0.6620 -0.0849 0.0150 0 0 -10 0
0.6440 -0.0839 0.0129 0 0 -10 0
0.6580 -0.0832 0.0122 0 0 -10 0
0.6420 -0.0825 0.0120 0 0 -10 0
0.6540 -0.0819 0.0109 0 0 -10 0
0.6620 -0.0817 0.0091 0 0 -10 0
0.6660 -0.0814 0.0087 0 0 -10 0
0.6660 -0.0814 0.0087 0 0 -10 0
0.6800 -0.0802 0.0084 0 0 -10 0
0.6380 -0.0798 0.0036 0 0 -10 0
0.6500 -0.0796 0.0033 0 0 -10 0
0.6500 -0.0796 0.0033 0 0 -10 0
0.6500 -0.0790 0.0026 0 0 -10 0
0.6740 -0.0789 0.0006 0 0 -10 0
0.6460 -0.0786 0.0002 0 0 -10 0
0.6620 -0.0776 0.0005 0 0 -10 0
0.6620 -0.0776 0.0005 0 0 -10 0
0.6820 -0.0760 -0.0042 0 0 -10 0
0.6860 -0.0748 -0.0051 0 0 -10 0
0.6660 -0.0744 -0.0009 0 0 -10 0
0.6780 -0.0744 -0.0010 0 0 -10 0
0.6780 -0.0744 -0.0010 0 0 -10 0
0.6800 -0.0733 -0.0025 0 0 -10 0
0.6800 -0.0733 -0.0025 0 0 -10 0
0.6820 -0.0725 -0.0014 0 0 -10 0
0.6760 -0.0718 -0.0019 0 0 -10 0
0.6760 -0.0711 -0.0016 0 0 -10 0
0.6660 -0.0705 -0.0016 0 0 -10 0
0.6660 -0.0705 -0.0016 0 0 -10 0
0.6820 -0.0702 -0.0020 0 0 -10 0
0.6640 -0.0702 -0.0001 0 0 -10 0
0.6800 -0.0703 -0.0007 0 0 -10 0
0.6800 -0.0703 -0.0007 0 0 -10 0
0.6840 -0.0692 0.0016 0 0 -10 0
0.6640 -0.0687 0.0019 0 0 -10 0
0.6640 -0.0687 0.0019 0 0 -10 0
0.6640 -0.0679 0.0020 0 0 -10 0
0.6780 -0.0674 0.0012 0 0 -10 0
0.6780 -0.0674 0.0012 0 0 -10 0
0.6880 -0.0670 0.0012 0 0 -10 0
0.6880 -0.0664 0.0015 0 0 -10 0
0.6880 -0.0664 0.0015 0 0 -10 0
0.6940 -0.0661 0.0039 0 0 -10 0
0.6780 -0.0657 0.0041 0 0 -10 0
0.6840 -0.0653 0.0039 0 0 -10 0
0.6840 -0.0648 0.0048 0 0 -10 0
0.6860 -0.0645 0.0051 0 0 -10 0
0.6920 -0.0642 0.0068 0 0 -10 0
0.6980 -0.0640 0.0063 0 0 -10 0
0.6740 -0.0639 0.0056 0 0 -10 0
0.6840 -0.0636 0.0046 0 0 -10 0
0.7140 -0.0640 0.0013 0 0 -10 0
0.7140 -0.0640 0.0013 0 0 -10 0
0.7020 -0.0637 -0.0002 0 0 -10 0
0.7020 -0.0637 -0.0002 0 0 -10 0
0.6680 -0.0631 0.0000 0 0 -10 0
0.6780 -0.0624 -0.0012 0 0 -10 0
0.6780 -0.0619 -0.0012 0 0 -10 0
0.6840 -0.0617 0.0058 0 0 -10 0
0.6840 -0.0617 0.0058 0 0 -10 0
0.6680 -0.0615 0.0035 0 0 -10 0
0.6720 -0.0618 0.0029 0 0 -10 0
0.6860 -0.0614 0.0017 0 0 -10 0
0.7080 -0.0610 0.0024 0 0 -10 0
0.6880 -0.0606 0.0022 0 0 -10 0
0.6880 -0.0597 0.0025 0 0 -10 0
0.7000 -0.0596 0.0030 0 0 -10 0
0.7000 -0.0596 0.0030 0 0 -10 0
0.6960 -0.0594 0.0033 0 0 -10 0
0.6860 -0.0590 0.0026 0 0 -10 0
0.6860 -0.0586 0.0030 0 0 -10 0
0.6860 -0.0586 0.0030 0 0 -10 0
0.6900 -0.0584 0.0013 0 0 -10 0
0.7040 -0.0576 -0.0012 0 0 -10 0
0.6900 -0.0575 -0.0013 0 0 -10 0
0.6900 -0.0575 -0.0013 0 0 -10 0
0.6880 -0.0567 -0.0033 0 0 -10 0
0.6880 -0.0567 -0.0033 0 0 -10 0
0.7020 -0.0560 -0.0015 0 0 -10 0
0.7020 -0.0560 -0.0015 0 0 -10 0
0.6840 -0.0553 0.0005 0 0 -10 0
0.6840 -0.0553 0.0005 0 0 -10 0
0.6780 -0.0551 -0.0003 0 0 -10 0
0.6800 -0.0548 0.0001 0 0 -10 0
0.7040 -0.0544 0.0003 0 0 -10 0
0.6840 -0.0536 0.0066 0 0 -10 0
0.6840 -0.0536 0.0066 0 0 -10 0
0.6860 -0.0531 0.0073 0 0 -10 0
0.6860 -0.0524 0.0055 0 0 -10 0
0.6920 -0.0514 0.0021 0 0 -10 0
0.6820 -0.0509 0.0017 0 0 -10 0
0.6840 -0.0503 0.0034 0 0 -10 0
0.6860 -0.0495 0.0038 0 0 -10 0
0.6860 -0.0495 0.0038 0 0 -10 0
0.6980 -0.0488 0.0016 0 0 -10 0
0.6900 -0.0482 0.0023 0 0 -10 0
0.6960 -0.0482 0.0009 0 0 -10 0
0.7000 -0.0482 0.0001 0 0 -10 0
0.7000 -0.0482 0.0001 0 0 -10 0
0.6740 -0.0485 -0.0031 0 0 -10 0
0.7000 -0.0485 -0.0029 0 0 -10 0
0.7100 -0.0484 -0.0040 0 0 -10 0
0.6840 -0.0478 -0.0048 0 0 -10 0
0.7060 -0.0472 -0.0031 0 0 -10 0
0.7060 -0.0472 -0.0031 0 0 -10 0
0.7240 -0.0465 -0.0045 0 0 -10 0
0.6880 -0.0462 -0.0046 0 0 -10 0
0.6960 -0.0462 -0.0068 0 0 -10 0
0.6960 -0.0462 -0.0068 0 0 -10 0
0.7000 -0.0461 -0.0066 0 0 -10 0
0.7180 -0.0453 -0.0039 0 0 -10 0
0.7000 -0.0450 -0.0033 0 0 -10 0
0.7040 -0.0445 -0.0040 0 0 -10 0
0.6880 -0.0440 -0.0046 0 0 -10 0
0.6880 -0.0440 -0.0046 0 0 -10 0
0.7240 -0.0437 -0.0025 0 0 -10 0
0.7340 -0.0437 -0.0018 0 0 -10 0
0.7120 -0.0431 -0.0026 0 0 -10 0
0.7200 -0.0429 -0.0025 0 0 -10 0
0.7160 -0.0423 -0.0039 0 0 -10 0
0.7160 -0.0417 -0.0025 0 0 -10 0
0.6980 -0.0412 -0.0037 0 0 -10 0
0.6860 -0.0414 -0.0021 0 0 -10 0
0.7040 -0.0413 -0.0019 0 0 -10 0
0.7040 -0.0413 -0.0019 0 0 -10 0
0.6960 -0.0409 -0.0030 0 0 -10 0
0.6920 -0.0406 -0.0028 0 0 -10 0
0.6960 -0.0399 -0.0035 0 0 -10 0
0.6940 -0.0396 -0.0037 0 0 -10 0
0.6940 -0.0396 -0.0037 0 0 -10 0
0.7020 -0.0389 -0.0026 0 0 -10 0
0.7240 -0.0379 -0.0015 0 0 -10 0
0.7000 -0.0376 -0.0017 0 0 -10 0
0.7100 -0.0373 -0.0003 0 0 -10 0
0.7020 -0.0364 -0.0002 0 0 -10 0
0.7020 -0.0364 -0.0002 0 0 -10 0
0.7220 -0.0357 -0.0001 0 0 -10 0
0.7060 -0.0353 -0.0001 0 0 -10 0
0.7260 -0.0346 -0.0010 0 0 0 0
0.7180 -0.0322 -0.0022 0 0 -10 0
0.7080 -0.0310 -0.0026 0 0 -10 0
0.7140 -0.0304 -0.0001 0 0 -10 0
0.7080 -0.0301 -0.0025 0 0 -10 0
0.7220 -0.0301 -0.0024 0 0 -10 0
0.7220 -0.0301 -0.0024 0 0 -10 0
0.7120 -0.0307 -0.0031 0 0 -10 0
0.7000 -0.0310 -0.0033 0 0 -10 0
0.7160 -0.0315 -0.0029 0 0 -10 0
0.7160 -0.0315 -0.0029 0 0 -10 0
0.7360 -0.0316 -0.0040 0 0 -10 0
0.7200 -0.0316 -0.0033 0 0 -10 0
0.7040 -0.0317 -0.0028 0 0 -10 0
0.7200 -0.0318 -0.0032 0 0 -10 0
0.7260 -0.0320 -0.0030 0 0 -10 0
0.6980 -0.0318 -0.0011 0 0 -10 0
0.6980 -0.0318 -0.0011 0 0 -10 0
0.7140 -0.0310 -0.0021 0 0 -10 0
0.7200 -0.0307 -0.0010 0 0 -10 0
0.7340 -0.0300 -0.0009 0 0 -10 0
0.7340 -0.0300 -0.0009 0 0 -10 0
0.7200 -0.0295 0.0005 0 0 -10 0
0.7200 -0.0295 0.0005 0 0 -10 0
0.7160 -0.0289 0.0011 0 0 -10 0
0.7140 -0.0275 0.0023 0 0 -10 0
0.7300 -0.0266 0.0026 0 0 -10 0
0.7120 -0.0258 0.0009 0 0 -10 0
0.7120 -0.0258 0.0009 0 0 -10 0
0.7400 -0.0255 0.0013 0 0 -10 0
0.7400 -0.0255 0.0013 0 0 -10 0
0.7420 -0.0259 0.0019 0 0 -10 0
0.7500 -0.0250 -0.0000 0 0 -10 0
0.7500 -0.0250 -0.0000 0 0 -10 0
0.7340 -0.0249 -0.0030 0 0 -10 0
0.7440 -0.0252 -0.0025 0 0 -10 0
0.7620 -0.0246 -0.0003 0 0 -10 0
0.7620 -0.0246 -0.0003 0 0 -10 0
0.7500 -0.0223 -0.0011 0 0 -10 0
0.7500 -0.0223 -0.0011 0 0 -10 0
0.7400 -0.0214 -0.0018 0 0 0 0
0.7620 -0.0197 -0.0044 0 0 -10 0
0.7560 -0.0189 -0.0023 0 0 -10 0
0.7560 -0.0189 -0.0023 0 0 -10 0
0.7460 -0.0174 -0.0006 0 0 -10 0
0.7460 -0.0174 -0.0006 0 0 0 0
0.7680 -0.0171 0.0008 0 0 -10 0
0.7480 -0.0161 0.0012 0 0 -10 0
0.7440 -0.0160 0.0031 0 0 -10 0
0.7300 -0.0154 0.0049 0 0 -10 0
0.7480 -0.0150 0.0049 0 0 -10 0
0.7480 -0.0150 0.0049 0 0 -10 0
0.7320 -0.0147 0.0070 0 0 -10 0
0.7200 -0.0144 0.0068 0 0 -10 0
0.7160 -0.0140 0.0075 0 0 -10 0
0.7160 -0.0140 0.0075 0 0 -10 0
0.7160 -0.0122 0.0076 0 0 -10 0
0.7160 -0.0122 0.0076 0 0 -10 0
0.7300 -0.0114 0.0083 0 0 -10 0
0.7020 -0.0110 0.0126 0 0 -10 0
0.7040 -0.0113 0.0130 0 0 -10 0
0.7040 -0.0111 0.0163 0 0 -10 0
0.7000 -0.0111 0.0162 0 0 -10 0
0.7000 -0.0111 0.0162 0 0 -10 0
0.7020 -0.0110 0.0187 0 0 -10 0
0.7040 -0.0104 0.0186 0 0 -10 0
0.7140 -0.0098 0.0190 0 0 -10 0
0.7240 -0.0097 0.0195 0 0 -10 0
0.7240 -0.0097 0.0195 0 0 -10 0
0.7100 -0.0093 0.0209 0 0 -10 0
0.7120 -0.0090 0.0206 0 0 -10 0
0.7160 -0.0086 0.0207 0 0 -10 0
0.7140 -0.0082 0.0217 0 0 0 0
0.6960 -0.0078 0.0249 0 0 -10 0
0.7020 -0.0047 0.0235 0 0 -10 0
0.6940 -0.0033 0.0218 0 0 -10 0
0.6940 -0.0033 0.0218 0 0 -10 0
0.6900 -0.0026 0.0232 0 0 0 0
0.7040 -0.0016 0.0232 0 0 -10 0
0.7080 -0.0026 0.0223 0 0 -10 0
0.6980 -0.0035 0.0242 0 0 -10 0
0.6860 -0.0031 0.0262 0 0 -10 0
0.6680 -0.0029 0.0249 0 0 0 0
0.6900 -0.0001 0.0293 0 0 -10 0
0.7120 -0.0003 0.0308 0 0 -10 0
0.7020 -0.0005 0.0276 0 0 -10 0
0.7140 -0.0008 0.0276 0 0 0 0
