0.4615 0.0215 0.0346 0 0 0 -30
0.4615 0.0215 0.0346 0 0 0 -30
0.4769 0.0209 0.0352 0 0 0 -30
0.4677 0.0206 0.0351 0 0 0 -30
0.4677 0.0206 0.0351 0 0 0 -30
0.4708 0.0208 0.0347 0 0 0 -30
0.4585 0.0220 0.0345 0 0 0 -30
0.4585 0.0220 0.0370 0 0 0 -30
0.4677 0.0220 0.0370 0 0 0 -30
0.4585 0.0218 0.0369 0 0 0 -30
0.4585 0.0218 0.0369 0 0 0 -30
0.4585 0.0218 0.0369 0 0 0 -30
0.4585 0.0218 0.0369 0 0 0 0
0.4585 0.0213 0.0370 0 0 0 -30
0.4492 0.0213 0.0366 0 0 0 -30
0.4523 0.0213 0.0366 0 0 0 -30
0.4646 0.0214 0.0359 0 0 0 -30
0.4646 0.0214 0.0359 0 0 0 -30
0.4769 0.0216 0.0338 0 0 0 -30
0.4769 0.0216 0.0310 0 0 0 -30
0.4831 0.0216 0.0310 0 0 0 -30
0.4246 0.0218 0.0296 0 0 0 0
0.4338 0.0196 0.4504 0 0 0 -30
0.4554 0.0191 0.4510 0 0 0 -30
0.4585 0.0182 0.4516 0 0 0 -30
0.4585 0.0182 0.4516 0 0 0 -30
0.4585 0.0165 0.4519 0 0 0 -30
0.4585 0.0147 0.4512 0 0 0 -30
0.4892 0.0147 0.4512 0 0 0 0
0.4492 0.0083 0.0220 0 0 0 -30
0.4492 0.0083 0.0220 0 0 0 -30
0.4492 0.0061 0.0214 0 0 0 -30
0.4708 0.0061 0.0214 0 0 0 -30
0.4708 0.0061 0.0214 0 0 0 -30
0.4708 0.0060 0.0233 0 0 0 0
0.4615 0.0040 0.0231 0 0 0 -30
0.4615 0.0040 0.0231 0 0 0 -30
0.4585 0.0033 0.0218 0 0 0 -30
0.4585 0.0033 0.0218 0 0 0 -30
0.4585 0.0034 0.0211 0 0 0 -30
0.4708 0.0034 0.0211 0 0 0 -30
0.4554 0.0036 0.0206 0 0 0 -30
0.4585 0.0039 0.0205 0 0 0 -30
0.4585 0.0039 0.0205 0 0 0 -30
0.4462 0.0042 0.0192 0 0 0 0
0.4246 0.0040 0.4341 0 0 0 -30
0.4246 0.0048 0.4329 0 0 0 -30
0.4400 0.0048 0.4329 0 0 0 -30
0.4431 0.0053 0.4328 0 0 0 -30
0.4277 0.0060 0.4333 0 0 0 0
0.4215 0.0077 0.4327 0 0 0 -30
0.4462 0.0081 0.4330 0 0 0 -30
0.4431 0.0080 0.4323 0 0 0 0
0.4400 0.0106 0.4334 0 0 0 30
0.4154 0.0106 0.4334 0 0 0 30
0.4554 0.0121 0.4308 0 0 0 30
0.4554 0.0124 0.4308 0 0 0 30
0.4431 0.0124 0.4308 0 0 0 30
0.4277 0.0123 0.4308 0 0 0 30
0.4277 0.0115 0.4321 0 0 0 30
0.4277 0.0115 0.4321 0 0 0 0
0.4677 0.0106 0.4337 0 0 0 30
0.4369 0.0106 0.4337 0 0 0 30
0.4369 0.0106 0.4337 0 0 0 30
0.4369 0.0110 0.4323 0 0 0 30
0.4338 0.0110 0.4323 0 0 0 30
0.4400 0.0117 0.4342 0 0 0 30
0.4400 0.0117 0.4342 0 0 0 30
0.4338 0.0121 0.0095 0 0 0 30
0.4338 0.0121 0.0095 0 0 0 30
0.4338 0.0121 0.0095 0 0 0 30
0.4338 0.0121 0.0095 0 0 0 30
0.4400 0.0117 0.0092 0 0 0 0
0.4308 0.0111 0.0104 0 0 0 30
0.4400 0.0102 0.0100 0 0 0 30
0.4215 0.0104 0.0108 0 0 0 30
0.4215 0.0104 0.0108 0 0 0 30
0.4185 0.0107 0.0127 0 0 0 30
0.4185 0.0107 0.0127 0 0 0 30
0.4185 0.0107 0.0127 0 0 0 30
0.4246 0.0108 0.0149 0 0 0 30
0.4246 0.0108 0.0149 0 0 0 30
0.4246 0.0108 0.0149 0 0 0 30
0.4246 0.0108 0.0149 0 0 0 0
0.4338 0.0102 0.0355 0 0 0 30
0.3938 0.0102 0.0355 0 0 0 30
0.3938 0.0102 0.0355 0 0 0 30
0.3938 0.0094 0.0371 0 0 0 30
0.4031 0.0094 0.0371 0 0 0 30
0.4400 0.0084 0.0361 0 0 0 30
0.4400 0.0084 0.0361 0 0 0 0
0.4492 0.0091 0.0365 0 0 0 30
0.4492 0.0092 0.0358 0 0 0 30
0.4492 0.0092 0.0358 0 0 0 30
0.4277 0.0091 0.0358 0 0 0 30
0.4277 0.0090 0.0358 0 0 0 30
0.4585 0.0091 0.0377 0 0 0 30
0.4431 0.0091 0.0377 0 0 0 0
0.4000 0.0066 0.0442 0 0 0 30
0.4400 0.0075 0.0452 0 0 0 30
0.4246 0.0079 0.0472 0 0 0 0
0.4154 0.0072 0.0497 0 0 0 30
0.4185 0.0069 0.0499 0 0 0 30
0.4185 0.0069 0.0499 0 0 0 30
0.4246 0.0067 0.0499 0 0 0 30
0.4123 0.0067 0.0500 0 0 0 30
0.4123 0.0067 0.0500 0 0 0 30
0.4123 0.0067 0.0500 0 0 0 30
0.4246 0.0065 0.0492 0 0 0 30
0.4338 0.0065 0.0484 0 0 0 30
0.4338 0.0065 0.0484 0 0 0 30
0.4338 0.0077 0.0486 0 0 0 0
0.4185 0.0105 0.0518 0 0 0 30
0.4123 0.0100 0.4733 0 0 0 30
0.4123 0.0076 0.4738 0 0 0 30
0.4000 0.0076 0.4738 0 0 0 30
0.4031 0.0055 0.4753 0 0 0 30
0.4031 0.0055 0.4753 0 0 0 0
0.4092 0.0053 0.0499 0 0 0 30
0.4092 0.0053 0.0499 0 0 0 30
0.4215 0.0046 0.0502 0 0 0 30
0.4215 0.0046 0.0502 0 0 0 30
0.4031 0.0041 0.0503 0 0 0 30
0.4185 0.0044 0.0520 0 0 0 30
0.4185 0.0044 0.0520 0 0 0 30
0.4277 0.0048 0.0523 0 0 0 30
0.4277 0.0048 0.0523 0 0 0 30
0.4246 0.0049 0.0515 0 0 0 0
0.4554 0.0074 0.0540 0 0 0 30
0.4554 0.0074 0.0540 0 0 0 30
0.4554 0.0075 0.0545 0 0 0 30
0.4246 0.0075 0.0545 0 0 0 30
0.4246 0.0075 0.0545 0 0 0 0
0.4154 0.0071 0.0560 0 0 0 30
0.4154 0.0072 0.0595 0 0 0 30
0.4123 0.0074 0.0601 0 0 0 30
0.4123 0.0074 0.0601 0 0 0 30
0.3908 0.0077 0.0600 0 0 0 30
0.3908 0.0077 0.0600 0 0 0 30
0.4185 0.0081 0.0604 0 0 0 30
0.4185 0.0081 0.0604 0 0 0 30
0.4246 0.0091 0.0615 0 0 0 30
0.4277 0.0095 0.0629 0 0 0 0
0.4308 0.0083 0.0648 0 0 0 30
0.4246 0.0083 0.0648 0 0 0 30
0.4246 0.0078 0.0650 0 0 0 30
0.4092 0.0078 0.0650 0 0 0 30
0.4092 0.0078 0.0650 0 0 0 30
0.4185 0.0076 0.0679 0 0 0 30
0.3969 0.0076 0.0700 0 0 0 0
0.4462 0.0056 0.0732 0 0 0 -30
0.4154 0.0056 0.0732 0 0 0 -30
0.4185 0.0066 0.0747 0 0 0 -30
0.4185 0.0073 0.0761 0 0 0 -30
0.4123 0.0073 0.0761 0 0 0 -30
0.4246 0.0076 0.0779 0 0 0 -30
0.4123 0.0076 0.0791 0 0 0 -30
0.4123 0.0076 0.0791 0 0 0 -30
0.4123 0.0076 0.0791 0 0 0 -30
0.4123 0.0076 0.0791 0 0 0 0
0.4246 0.0083 0.0778 0 0 0 -30
0.3908 0.0083 0.0778 0 0 0 -30
0.3908 0.0085 0.0771 0 0 0 -30
0.4338 0.0085 0.0771 0 0 0 -30
0.4338 0.0083 0.0758 0 0 0 -30
0.4000 0.0083 0.0758 0 0 0 -30
0.4000 0.0083 0.0758 0 0 0 -30
0.4062 0.0081 0.0750 0 0 0 -30
0.4000 0.0082 0.0719 0 0 0 -30
0.4000 0.0082 0.0719 0 0 0 0
0.4000 0.0085 0.0729 0 0 0 -30
0.3846 0.0093 0.0714 0 0 0 -30
0.3908 0.0097 0.0667 0 0 0 -30
0.3908 0.0097 0.0667 0 0 0 -30
0.3908 0.0097 0.0667 0 0 0 -30
0.3908 0.0097 0.0667 0 0 0 -30
0.4123 0.0094 0.0641 0 0 0 -30
0.4123 0.0094 0.0641 0 0 0 -30
0.4123 0.0094 0.0641 0 0 0 -30
0.3908 0.0093 0.0621 0 0 0 -30
0.3908 0.0093 0.0621 0 0 0 0
0.3877 0.0086 0.0494 0 0 0 -30
0.3877 0.0086 0.0494 0 0 0 -30
0.4031 0.0087 0.0473 0 0 0 -30
0.3969 0.0094 0.0478 0 0 0 -30
0.3969 0.0095 0.0469 0 0 0 -30
0.3969 0.0095 0.0469 0 0 0 -30
0.4308 0.0078 0.0461 0 0 0 -30
0.4154 0.0070 0.0456 0 0 0 -30
0.4154 0.0070 0.0456 0 0 0 0
0.4062 0.0047 0.0435 0 0 0 -30
0.4246 0.0047 0.0435 0 0 0 -30
0.4215 0.0056 0.0433 0 0 0 -30
0.4215 0.0056 0.0433 0 0 0 -30
0.4215 0.0067 0.0431 0 0 0 -30
0.4092 0.0067 0.0431 0 0 0 -30
0.4092 0.0079 0.0417 0 0 0 0
0.4277 0.0087 0.0312 0 0 0 -30
0.4031 0.0087 0.0312 0 0 0 -30
0.4031 0.0087 0.0312 0 0 0 -30
0.4031 0.0082 0.0315 0 0 0 -30
0.4092 0.0082 0.0315 0 0 0 0
0.4215 0.0107 0.0292 0 0 0 -30
0.4215 0.0107 0.0292 0 0 0 -30
0.3908 0.0104 0.0298 0 0 0 -30
0.3908 0.0095 0.0287 0 0 0 0
0.4123 0.0088 0.0271 0 0 0 -30
0.4123 0.0088 0.0271 0 0 0 -30
0.4123 0.0088 0.0271 0 0 0 -30
0.4000 0.0091 0.0292 0 0 0 -30
0.4492 0.0080 0.0299 0 0 0 -30
0.4492 0.0080 0.0299 0 0 0 0
0.4215 0.0063 0.0289 0 0 0 -30
0.4277 0.0058 0.0277 0 0 0 -30
0.4092 0.0066 0.0255 0 0 0 -30
0.4092 0.0067 0.0261 0 0 0 0
0.4338 0.0069 0.0236 0 0 0 -30
0.4769 0.0069 0.0236 0 0 0 -30
0.4308 0.0088 0.0191 0 0 0 0
0.4246 0.0093 0.0217 0 0 0 -30
0.4246 0.0093 0.0217 0 0 0 -30
0.4277 0.0093 0.0224 0 0 0 -30
0.4277 0.0093 0.0224 0 0 0 -30
0.4277 0.0093 0.0224 0 0 0 0
0.4400 0.0056 0.0092 0 0 0 -30
0.4338 0.0064 0.0104 0 0 0 -30
0.4338 0.0070 0.0117 0 0 0 -30
0.4338 0.0070 0.0117 0 0 0 -30
0.4215 0.0074 0.0116 0 0 0 0
0.4585 0.0079 0.0102 0 0 0 -30
0.4123 0.0079 0.0102 0 0 0 -30
0.4123 0.0078 0.0105 0 0 0 -30
0.4123 0.0078 0.0105 0 0 0 0
0.4031 0.0107 0.0078 0 0 0 -30
0.4031 0.0107 0.0078 0 0 0 0
0.4154 0.0118 0.0229 0 30 0 0
0.4062 0.0117 0.0255 0 30 0 0
0.4062 0.0112 0.4346 0 30 0 0
0.4154 0.0112 0.4346 0 30 0 0
0.4031 0.0103 0.4350 0 30 0 0
0.4031 0.0103 0.4350 0 30 0 0
0.4123 0.0098 0.4332 0 30 0 0
0.3877 0.0100 0.4319 0 30 0 0
0.3877 0.0100 0.4319 0 30 0 0
0.3938 0.0107 0.4318 0 30 0 0
0.3938 0.0107 0.4318 0 30 0 0
0.3938 0.0107 0.4318 0 30 0 0
0.3938 0.0107 0.4318 0 30 0 0
0.3938 0.0107 0.4318 0 30 0 0
0.4277 0.0110 0.4316 0 30 0 0
0.4277 0.0110 0.4316 0 30 0 0
0.4277 0.0110 0.4316 0 30 0 0
0.4277 0.0110 0.4316 0 30 0 0
0.4277 0.0110 0.4316 0 30 0 0
0.3969 0.0115 0.4309 0 30 0 0
0.3969 0.0115 0.4309 0 30 0 0
0.3969 0.0115 0.4309 0 30 0 0
0.3969 0.0115 0.4309 0 30 0 0
0.3969 0.0115 0.4309 0 30 0 0
0.3969 0.0117 0.4314 0 30 0 0
0.3969 0.0117 0.4314 0 30 0 0
0.3969 0.0117 0.4314 0 30 0 0
0.3969 0.0117 0.4314 0 30 0 0
0.3969 0.0117 0.4314 0 30 0 0
0.3969 0.0118 0.4312 0 30 0 0
0.4215 0.0118 0.4312 0 30 0 0
0.4215 0.0118 0.4312 0 30 0 0
0.4215 0.0118 0.4312 0 30 0 0
0.4215 0.0118 0.4312 0 30 0 0
0.4215 0.0118 0.4312 0 30 0 0
0.4185 0.0119 0.4311 0 30 0 0
0.4185 0.0119 0.4311 0 30 0 0
0.4185 0.0119 0.4311 0 30 0 0
0.4185 0.0119 0.4311 0 30 0 0
0.4123 0.0117 0.4309 0 30 0 0
0.4123 0.0117 0.4309 0 30 0 0
0.4123 0.0117 0.4309 0 30 0 0
0.4123 0.0117 0.4309 0 30 0 0
0.4123 0.0117 0.4309 0 30 0 0
0.4215 0.0116 0.4303 0 30 0 0
0.4215 0.0116 0.4303 0 30 0 0
0.4215 0.0116 0.4303 0 30 0 0
0.4215 0.0116 0.4303 0 30 0 0
0.4215 0.0116 0.4303 0 30 0 0
0.4215 0.0116 0.4303 0 30 0 0
0.4185 0.0116 0.4293 0 30 0 0
0.4185 0.0116 0.4293 0 30 0 0
0.4185 0.0116 0.4293 0 30 0 0
0.4185 0.0116 0.4293 0 30 0 0
0.4185 0.0116 0.4293 0 30 0 0
0.4185 0.0119 0.4293 0 30 0 0
0.3938 0.0119 0.4293 0 30 0 0
0.3938 0.0119 0.4293 0 30 0 0
0.3938 0.0119 0.4293 0 30 0 0
0.3938 0.0119 0.4293 0 30 0 0
0.3938 0.0119 0.4293 0 30 0 0
0.4092 0.0121 0.4284 0 30 0 0
0.4092 0.0121 0.4284 0 30 0 0
0.4092 0.0121 0.4284 0 30 0 0
0.4092 0.0121 0.4284 0 30 0 0
0.4092 0.0121 0.4284 0 30 0 0
0.4092 0.0121 0.4284 0 30 0 0
0.4092 0.0121 0.4284 0 30 0 0
0.4092 0.0121 0.4284 0 30 0 0
0.4092 0.0121 0.4284 0 30 0 0
0.4092 0.0121 0.4284 0 30 0 0
0.4092 0.0121 0.4284 0 30 0 0
0.4092 0.0121 0.4284 0 30 0 0
0.4062 0.0122 0.4274 0 30 0 0
0.4062 0.0122 0.4274 0 30 0 0
0.4062 0.0122 0.4274 0 30 0 0
0.4215 0.0125 0.4280 0 30 0 0
0.4092 0.0124 0.4276 0 30 0 0
0.4092 0.0124 0.4276 0 30 0 0
0.4092 0.0124 0.4276 0 30 0 0
0.4092 0.0124 0.4276 0 30 0 0
0.4092 0.0124 0.4276 0 30 0 0
0.4615 0.0120 0.4278 0 30 0 0
0.4615 0.0120 0.4278 0 30 0 0
0.4615 0.0120 0.4278 0 30 0 0
0.4615 0.0120 0.4278 0 30 0 0
0.4277 0.0114 0.4287 0 30 0 0
0.4277 0.0114 0.4287 0 30 0 0
0.4277 0.0114 0.4287 0 30 0 0
0.4277 0.0114 0.4287 0 30 0 0
0.4277 0.0114 0.4287 0 30 0 0
0.4400 0.0107 0.4300 0 30 0 0
0.4400 0.0107 0.4300 0 30 0 0
0.4400 0.0107 0.4300 0 30 0 0
0.4400 0.0107 0.4300 0 30 0 0
0.4400 0.0107 0.4300 0 30 0 0
0.4400 0.0107 0.4300 0 30 0 0
0.4400 0.0107 0.4300 0 30 0 0
0.4400 0.0107 0.4300 0 30 0 0
0.4462 0.0097 0.4322 0 30 0 0
0.4462 0.0097 0.4322 0 30 0 0
0.4462 0.0097 0.4322 0 30 0 0
0.4462 0.0097 0.4322 0 30 0 0
0.4462 0.0097 0.4322 0 30 0 0
0.4462 0.0097 0.4322 0 30 0 0
0.4462 0.0097 0.4322 0 30 0 0
0.4462 0.0097 0.4322 0 30 0 0
0.4462 0.0097 0.4322 0 30 0 0
0.4462 0.0097 0.4322 0 30 0 0
0.4462 0.0097 0.4322 0 30 0 0
0.4462 0.0097 0.4322 0 30 0 0
0.4462 0.0094 0.4309 0 30 0 0
0.4246 0.0094 0.4309 0 30 0 0
0.4185 0.0091 0.4305 0 30 0 0
0.4185 0.0091 0.4305 0 30 0 0
0.4123 0.0090 0.4324 0 30 0 0
0.4123 0.0090 0.4324 0 30 0 0
0.4092 0.0093 0.4324 0 30 0 0
0.4092 0.0093 0.4324 0 0 0 0
0.4554 0.0105 0.4303 0 30 0 0
0.4338 0.0105 0.4303 0 30 0 0
0.4308 0.0108 0.4343 0 30 0 0
0.4123 0.0111 0.4327 0 30 0 0
0.4369 0.0108 0.4349 0 30 0 0
0.4369 0.0103 0.4361 0 30 0 0
0.4369 0.0103 0.4361 0 30 0 0
0.4369 0.0103 0.4361 0 30 0 0
0.4308 0.0095 0.4375 0 30 0 0
0.4308 0.0095 0.4375 0 30 0 0
0.4308 0.0095 0.4375 0 30 0 0
0.4277 0.0088 0.4392 0 0 0 0
0.4215 0.0082 0.4392 0 30 0 0
0.4338 0.0082 0.4392 0 30 0 0
0.4123 0.0085 0.4365 0 30 0 0
0.4123 0.0090 0.4354 0 30 0 0
0.4400 0.0090 0.4354 0 30 0 0
0.4400 0.0090 0.4354 0 30 0 0
0.4400 0.0090 0.4354 0 30 0 0
0.4400 0.0090 0.4354 0 30 0 0
0.4400 0.0090 0.4354 0 30 0 0
0.4400 0.0090 0.4354 0 30 0 0
0.4092 0.0092 0.4364 0 30 0 0
0.4092 0.0092 0.4364 0 30 0 0
0.4092 0.0092 0.4364 0 30 0 0
0.4092 0.0092 0.4364 0 30 0 0
0.4154 0.0086 0.4359 0 30 0 0
0.4154 0.0086 0.4359 0 30 0 0
0.4154 0.0086 0.4359 0 30 0 0
0.4154 0.0086 0.4359 0 30 0 0
0.4154 0.0076 0.4357 0 30 0 0
0.4277 0.0076 0.4357 0 0 0 0
0.4062 0.0071 0.4331 0 30 0 0
0.4062 0.0071 0.4331 0 30 0 0
0.4092 0.0076 0.4317 0 30 0 0
0.4092 0.0076 0.4317 0 30 0 0
0.4092 0.0076 0.4317 0 30 0 0
0.3785 0.0082 0.4309 0 30 0 0
0.3785 0.0082 0.4309 0 30 0 0
0.3785 0.0082 0.4309 0 30 0 0
0.3785 0.0082 0.4309 0 30 0 0
0.4123 0.0079 0.4310 0 30 0 0
0.4123 0.0079 0.4310 0 30 0 0
0.4123 0.0079 0.4310 0 30 0 0
0.4123 0.0079 0.4310 0 30 0 0
0.4123 0.0079 0.4310 0 30 0 0
0.4308 0.0074 0.4328 0 30 0 0
0.4308 0.0074 0.4328 0 30 0 0
0.4308 0.0074 0.4328 0 30 0 0
0.4308 0.0074 0.4328 0 30 0 0
0.4308 0.0074 0.4328 0 30 0 0
0.4308 0.0074 0.4328 0 30 0 0
0.4308 0.0074 0.4328 0 30 0 0
0.4308 0.0074 0.4328 0 30 0 0
0.4308 0.0074 0.4328 0 30 0 0
0.4308 0.0074 0.4328 0 30 0 0
0.4308 0.0074 0.4328 0 30 0 0
0.4308 0.0074 0.4328 0 30 0 0
0.4308 0.0074 0.4328 0 30 0 0
0.4462 0.0069 0.4316 0 30 0 0
0.4462 0.0069 0.4316 0 30 0 0
0.4277 0.0070 0.4325 0 30 0 0
0.4277 0.0070 0.4325 0 30 0 0
0.4246 0.0074 0.4323 0 30 0 0
0.4246 0.0074 0.4323 0 30 0 0
0.4246 0.0074 0.4323 0 30 0 0
0.4246 0.0074 0.4323 0 30 0 0
0.4246 0.0074 0.4323 0 30 0 0
0.4554 0.0084 0.4324 0 30 0 0
0.4554 0.0084 0.4324 0 30 0 0
0.4554 0.0084 0.4324 0 30 0 0
0.4554 0.0084 0.4324 0 30 0 0
0.4492 0.0090 0.4343 0 30 0 0
0.4492 0.0090 0.4343 0 30 0 0
0.4492 0.0090 0.4343 0 30 0 0
0.4492 0.0090 0.4343 0 30 0 0
0.4492 0.0090 0.4343 0 30 0 0
0.4369 0.0098 0.4365 0 30 0 0
0.4369 0.0098 0.4365 0 30 0 0
0.4369 0.0098 0.4365 0 0 0 0
0.4215 0.0117 0.4343 0 30 0 0
0.4431 0.0117 0.4343 0 30 0 0
0.4769 0.0121 0.4338 0 30 0 0
0.4769 0.0121 0.4338 0 30 0 0
0.4492 0.0121 -0.0002 0 30 0 0
0.4585 0.0112 0.0015 0 30 0 0
0.4585 0.0097 0.0074 0 30 0 0
0.4277 0.0097 0.0074 0 30 0 0
0.4338 0.0082 0.0080 0 30 0 0
0.4338 0.0082 0.0080 0 30 0 0
0.4338 0.0082 0.0080 0 30 0 0
0.4338 0.0082 0.0080 0 30 0 0
0.4338 0.0082 0.0080 0 30 0 0
0.4338 0.0082 0.0080 0 30 0 0
0.4338 0.0082 0.0080 0 30 0 0
0.4338 0.0082 0.0080 0 30 0 0
0.4338 0.0082 0.0080 0 30 0 0
0.4338 0.0082 0.0080 0 30 0 0
0.4338 0.0082 0.0080 0 30 0 0
0.4338 0.0082 0.0080 0 30 0 0
0.4338 0.0082 0.0080 0 30 0 0
0.4492 0.0072 0.0079 0 30 0 0
0.4492 0.0072 0.0079 0 30 0 0
0.4492 0.0070 0.0073 0 30 0 0
0.4123 0.0070 0.0073 0 30 0 0
0.4092 0.0073 0.0076 0 30 0 0
0.4369 0.0077 0.0072 0 30 0 0
0.4369 0.0077 0.0072 0 30 0 0
0.4369 0.0077 0.0072 0 30 0 0
0.4369 0.0077 0.0072 0 30 0 0
0.4369 0.0077 0.0072 0 30 0 0
0.4369 0.0077 0.0072 0 30 0 0
0.4123 0.0085 0.0083 0 30 0 0
0.4123 0.0085 0.0083 0 30 0 0
0.4123 0.0085 0.0083 0 30 0 0
0.4123 0.0085 0.0083 0 30 0 0
0.4123 0.0085 0.0083 0 30 0 0
0.4523 0.0090 0.0064 0 30 0 0
0.4523 0.0090 0.0064 0 30 0 0
0.4523 0.0090 0.0064 0 30 0 0
0.4523 0.0090 0.0064 0 30 0 0
0.4523 0.0097 0.0074 0 30 0 0
0.4554 0.0097 0.0074 0 30 0 0
0.4554 0.0097 0.0074 0 30 0 0
0.4554 0.0097 0.0074 0 30 0 0
0.4554 0.0097 0.0074 0 30 0 0
0.4554 0.0097 0.0074 0 30 0 0
0.4554 0.0097 0.0074 0 30 0 0
0.4431 0.0103 0.0055 0 30 0 0
0.4431 0.0103 0.0055 0 30 0 0
0.4431 0.0103 0.0055 0 30 0 0
0.4431 0.0103 0.0055 0 30 0 0
0.4431 0.0103 0.0055 0 30 0 0
0.4677 0.0105 0.0042 0 30 0 0
0.4677 0.0105 0.0042 0 30 0 0
0.4677 0.0105 0.0042 0 30 0 0
0.4677 0.0105 0.0042 0 30 0 0
0.4677 0.0105 0.0042 0 30 0 0
0.4985 0.0107 0.0050 0 30 0 0
0.4985 0.0107 0.0050 0 30 0 0
0.4985 0.0107 0.0050 0 30 0 0
0.4985 0.0107 0.0050 0 30 0 0
0.4985 0.0107 0.0050 0 30 0 0
0.4431 0.0107 0.0043 0 30 0 0
0.4431 0.0107 0.0043 0 30 0 0
0.4431 0.0107 0.0043 0 30 0 0
0.4431 0.0107 0.0043 0 30 0 0
0.4431 0.0107 0.0043 0 30 0 0
0.4431 0.0108 0.0045 0 30 0 0
0.4338 0.0108 0.0045 0 30 0 0
0.4338 0.0108 0.0045 0 30 0 0
0.4338 0.0108 0.0045 0 30 0 0
0.4462 0.0111 0.0019 0 30 0 0
0.4462 0.0111 0.0019 0 30 0 0
0.4462 0.0111 0.0019 0 30 0 0
0.4462 0.0111 0.0019 0 30 0 0
0.4462 0.0111 0.0019 0 30 0 0
0.4462 0.0111 0.0019 0 30 0 0
0.4462 0.0111 0.0019 0 30 0 0
0.4369 0.0117 0.0004 0 30 0 0
0.4369 0.0117 0.0004 0 30 0 0
0.4369 0.0117 0.0004 0 30 0 0
0.4369 0.0117 0.0004 0 30 0 0
0.4369 0.0117 0.0004 0 30 0 0
0.4369 0.0117 0.0004 0 30 0 0
0.4462 0.0122 0.0019 0 30 0 0
0.4462 0.0122 0.0019 0 30 0 0
0.4462 0.0122 0.0019 0 30 0 0
0.4492 0.0128 0.0006 0 30 0 0
0.4492 0.0128 0.0006 0 30 0 0
0.4492 0.0128 0.0006 0 30 0 0
0.4492 0.0128 0.0006 0 30 0 0
0.4492 0.0128 0.0006 0 30 0 0
0.4492 0.0128 0.0006 0 30 0 0
0.4492 0.0128 0.0006 0 30 0 0
0.4492 0.0133 -0.0016 0 30 0 0
0.4092 0.0133 -0.0016 0 30 0 0
0.4092 0.0133 -0.0016 0 30 0 0
0.4092 0.0133 -0.0016 0 30 0 0
0.4092 0.0136 -0.0031 0 30 0 0
0.4246 0.0136 -0.0031 0 30 0 0
0.4246 0.0136 -0.0031 0 30 0 0
0.4246 0.0136 -0.0031 0 30 0 0
0.4369 0.0134 -0.0027 0 30 0 0
0.4369 0.0134 -0.0027 0 30 0 0
0.4369 0.0134 -0.0027 0 30 0 0
0.4369 0.0134 -0.0027 0 30 0 0
0.4369 0.0134 -0.0027 0 30 0 0
0.4369 0.0134 -0.0027 0 30 0 0
0.4369 0.0134 -0.0027 0 30 0 0
0.4492 0.0128 -0.0053 0 30 0 0
0.4492 0.0128 -0.0053 0 30 0 0
0.4492 0.0128 -0.0053 0 30 0 0
0.4492 0.0128 -0.0053 0 30 0 0
0.4492 0.0123 -0.0040 0 30 0 0
0.4708 0.0123 -0.0040 0 30 0 0
0.4708 0.0123 -0.0040 0 30 0 0
0.4708 0.0123 -0.0040 0 30 0 0
0.4646 0.0117 -0.0040 0 30 0 0
0.4646 0.0117 -0.0040 0 30 0 0
0.4646 0.0117 -0.0040 0 30 0 0
0.4646 0.0117 -0.0040 0 30 0 0
0.4646 0.0117 -0.0040 0 30 0 0
0.4646 0.0117 -0.0040 0 0 0 0
0.4646 0.0067 -0.0065 0 30 0 0
0.4646 0.0067 -0.0065 0 30 0 0
0.4523 0.0035 -0.0078 0 30 0 0
0.4523 0.0035 -0.0078 0 30 0 0
0.4338 0.0021 -0.0099 0 30 0 0
0.4338 0.0041 -0.0106 0 30 0 0
0.4431 0.0041 -0.0106 0 30 0 0
0.4554 0.0078 -0.0148 0 30 0 0
0.4400 0.0079 -0.0149 0 30 0 0
0.4400 0.0079 -0.0149 0 30 0 0
0.4615 0.0080 -0.0130 0 30 0 0
0.4615 0.0080 -0.0130 0 0 0 0
0.4308 0.0060 -0.0021 0 -30 0 0
0.3938 0.0060 -0.0021 0 -30 0 0
0.4123 0.0043 -0.0026 0 -30 0 0
0.4123 0.0043 -0.0026 0 -30 0 0
0.4031 0.0032 -0.0014 0 -30 0 0
0.4185 0.0034 -0.0019 0 -30 0 0
0.4185 0.0034 -0.0019 0 -30 0 0
0.3846 0.0049 -0.0007 0 -30 0 0
0.3846 0.0049 -0.0007 0 -30 0 0
0.3938 0.0061 -0.0009 0 -30 0 0
0.3938 0.0061 -0.0009 0 -30 0 0
0.3938 0.0061 -0.0009 0 -30 0 0
0.3785 0.0072 -0.0012 0 -30 0 0
0.3785 0.0072 -0.0012 0 -30 0 0
0.3785 0.0072 -0.0012 0 -30 0 0
0.3785 0.0072 -0.0012 0 -30 0 0
0.3785 0.0072 -0.0012 0 -30 0 0
0.4246 0.0078 -0.0016 0 -30 0 0
0.4246 0.0078 -0.0016 0 -30 0 0
0.4246 0.0078 -0.0016 0 -30 0 0
0.4246 0.0078 -0.0016 0 -30 0 0
0.4246 0.0078 -0.0016 0 0 0 0
0.3969 0.0077 -0.0018 0 -30 0 0
0.4185 0.0074 -0.0027 0 -30 0 0
0.4185 0.0068 -0.0025 0 -30 0 0
0.4185 0.0068 -0.0025 0 -30 0 0
0.4185 0.0068 -0.0025 0 -30 0 0
0.4431 0.0067 -0.0031 0 -30 0 0
0.4431 0.0067 -0.0031 0 -30 0 0
0.4431 0.0067 -0.0031 0 -30 0 0
0.4431 0.0067 -0.0031 0 -30 0 0
0.4431 0.0067 -0.0031 0 -30 0 0
0.4431 0.0067 -0.0031 0 -30 0 0
0.4308 0.0071 -0.0007 0 -30 0 0
0.4308 0.0071 -0.0007 0 -30 0 0
0.4308 0.0071 -0.0007 0 -30 0 0
0.4308 0.0071 -0.0007 0 -30 0 0
0.4123 0.0071 0.0006 0 -30 0 0
0.4123 0.0071 0.0006 0 -30 0 0
0.4123 0.0071 0.0006 0 -30 0 0
0.4123 0.0071 0.0006 0 -30 0 0
0.4123 0.0071 0.0006 0 -30 0 0
0.4123 0.0071 0.0006 0 -30 0 0
0.4154 0.0068 0.0014 0 -30 0 0
0.4154 0.0068 0.0014 0 -30 0 0
0.4154 0.0068 0.0014 0 -30 0 0
0.4154 0.0068 0.0014 0 -30 0 0
0.4062 0.0066 0.0026 0 -30 0 0
0.4062 0.0066 0.0026 0 -30 0 0
0.4062 0.0066 0.0026 0 -30 0 0
0.4062 0.0066 0.0026 0 -30 0 0
0.4062 0.0066 0.0026 0 -30 0 0
0.4062 0.0066 0.0026 0 -30 0 0
0.4062 0.0066 0.0026 0 -30 0 0
0.4062 0.0066 0.0026 0 -30 0 0
0.4062 0.0066 0.0026 0 -30 0 0
0.4062 0.0066 0.0026 0 -30 0 0
0.4062 0.0066 0.0026 0 -30 0 0
0.4062 0.0066 0.0026 0 -30 0 0
0.4062 0.0066 0.0026 0 -30 0 0
0.4062 0.0066 0.0026 0 -30 0 0
0.4062 0.0066 0.0026 0 -30 0 0
0.4062 0.0066 0.0026 0 -30 0 0
0.4000 0.0067 0.0033 0 -30 0 0
0.3815 0.0065 0.0025 0 -30 0 0
0.3785 0.0061 0.0036 0 -30 0 0
0.3785 0.0061 0.0036 0 -30 0 0
0.3785 0.0061 0.0036 0 -30 0 0
0.4092 0.0056 0.0027 0 -30 0 0
0.4092 0.0056 0.0027 0 -30 0 0
0.4092 0.0056 0.0027 0 -30 0 0
0.4092 0.0056 0.0027 0 -30 0 0
0.4092 0.0056 0.0027 0 -30 0 0
0.4092 0.0056 0.0027 0 -30 0 0
0.4092 0.0056 0.0027 0 -30 0 0
0.4092 0.0056 0.0027 0 -30 0 0
0.4092 0.0056 0.0027 0 -30 0 0
0.4092 0.0056 0.0027 0 -30 0 0
0.4092 0.0056 0.0027 0 -30 0 0
0.4092 0.0056 0.0027 0 -30 0 0
0.4000 0.0055 0.0044 0 -30 0 0
0.4000 0.0056 0.0080 0 -30 0 0
0.4092 0.0056 0.0080 0 -30 0 0
0.4031 0.0061 0.0079 0 -30 0 0
0.4031 0.0061 0.0079 0 -30 0 0
0.4031 0.0061 0.0079 0 -30 0 0
0.4031 0.0061 0.0079 0 -30 0 0
0.4031 0.0061 0.0079 0 -30 0 0
0.4123 0.0067 0.0202 0 -30 0 0
0.4123 0.0067 0.0202 0 -30 0 0
0.4123 0.0067 0.0202 0 -30 0 0
0.4123 0.0067 0.0202 0 -30 0 0
0.4123 0.0067 0.0202 0 -30 0 0
0.4123 0.0073 0.0207 0 -30 0 0
0.4000 0.0073 0.0207 0 -30 0 0
0.4000 0.0073 0.0207 0 -30 0 0
0.4000 0.0073 0.0207 0 -30 0 0
0.4000 0.0073 0.0207 0 -30 0 0
0.4000 0.0075 0.0190 0 -30 0 0
0.4031 0.0075 0.0190 0 -30 0 0
0.4031 0.0075 0.0190 0 -30 0 0
0.4031 0.0075 0.0190 0 -30 0 0
0.4031 0.0075 0.0190 0 -30 0 0
0.4031 0.0075 0.0190 0 -30 0 0
0.4031 0.0075 0.0190 0 -30 0 0
0.3908 0.0071 0.0135 0 -30 0 0
0.3908 0.0071 0.0135 0 -30 0 0
0.3908 0.0071 0.0135 0 -30 0 0
0.3908 0.0071 0.0135 0 -30 0 0
0.3908 0.0071 0.0135 0 -30 0 0
0.3908 0.0071 0.0135 0 -30 0 0
0.3908 0.0071 0.0135 0 -30 0 0
0.3908 0.0071 0.0135 0 -30 0 0
0.3908 0.0071 0.0135 0 -30 0 0
0.3908 0.0071 0.0135 0 -30 0 0
0.3908 0.0071 0.0135 0 -30 0 0
0.3908 0.0071 0.0135 0 -30 0 0
0.3908 0.0071 0.0135 0 -30 0 0
0.3938 0.0063 0.0154 0 -30 0 0
0.3938 0.0063 0.0154 0 -30 0 0
0.3938 0.0063 0.0154 0 -30 0 0
0.3938 0.0063 0.0154 0 -30 0 0
0.3938 0.0063 0.0154 0 -30 0 0
0.3938 0.0063 0.0154 0 -30 0 0
0.3938 0.0063 0.0154 0 -30 0 0
0.3938 0.0059 0.0117 0 -30 0 0
0.3754 0.0059 0.0117 0 -30 0 0
0.4123 0.0052 0.0107 0 -30 0 0
0.4123 0.0044 0.0088 0 -30 0 0
0.4123 0.0044 0.0088 0 -30 0 0
0.4123 0.0044 0.0088 0 -30 0 0
0.4123 0.0044 0.0098 0 -30 0 0
0.4123 0.0044 0.0098 0 -30 0 0
0.4123 0.0044 0.0098 0 -30 0 0
0.4123 0.0044 0.0098 0 -30 0 0
0.4123 0.0044 0.0098 0 -30 0 0
0.4092 0.0048 0.0095 0 -30 0 0
0.4092 0.0048 0.0095 0 0 0 0
0.3938 0.0081 0.0046 0 -30 0 0
0.4154 0.0081 0.0046 0 -30 0 0
0.4308 0.0089 0.0044 0 -30 0 0
0.4185 0.0097 0.0054 0 -30 0 0
0.3877 0.0106 0.0051 0 -30 0 0
0.3877 0.0111 0.0059 0 -30 0 0
0.4185 0.0111 0.0059 0 -30 0 0
0.3908 0.0108 0.0069 0 -30 0 0
0.4215 0.0107 0.0088 0 -30 0 0
0.4215 0.0107 0.0088 0 -30 0 0
0.4215 0.0107 0.0088 0 -30 0 0
0.4215 0.0107 0.0088 0 -30 0 0
0.4400 0.0106 0.0085 0 -30 0 0
0.4400 0.0106 0.0085 0 -30 0 0
0.4400 0.0106 0.0085 0 -30 0 0
0.4400 0.0106 0.0085 0 -30 0 0
0.4400 0.0106 0.0085 0 -30 0 0
0.4400 0.0106 0.0085 0 -30 0 0
0.4400 0.0106 0.0085 0 -30 0 0
0.4400 0.0106 0.0085 0 -30 0 0
0.4400 0.0106 0.0085 0 -30 0 0
0.4400 0.0106 0.0085 0 -30 0 0
0.4400 0.0106 0.0085 0 -30 0 0
0.4400 0.0106 0.0085 0 -30 0 0
0.4215 0.0104 0.0069 0 -30 0 0
0.4215 0.0104 0.0069 0 0 0 0
0.4062 0.0083 0.0027 0 -30 0 0
0.4215 0.0078 0.0014 0 -30 0 0
0.4185 0.0067 -0.0004 0 -30 0 0
0.4062 0.0056 -0.0003 0 -30 0 0
0.4062 0.0056 -0.0003 0 -30 0 0
0.4000 0.0049 0.0005 0 -30 0 0
0.4000 0.0049 0.0005 0 -30 0 0
0.3908 0.0048 0.0009 0 -30 0 0
0.3908 0.0048 0.0009 0 -30 0 0
0.3908 0.0048 0.0009 0 -30 0 0
0.3908 0.0048 0.0009 0 -30 0 0
0.3908 0.0052 0.0047 0 -30 0 0
0.3908 0.0052 0.0047 0 -30 0 0
0.3908 0.0052 0.0047 0 -30 0 0
0.4000 0.0054 0.0074 0 -30 0 0
0.4000 0.0054 0.0074 0 -30 0 0
0.4000 0.0054 0.0074 0 -30 0 0
0.4000 0.0054 0.0074 0 -30 0 0
0.4000 0.0054 0.0074 0 -30 0 0
0.4031 0.0056 0.0116 0 -30 0 0
0.4031 0.0056 0.0116 0 -30 0 0
0.4031 0.0056 0.0116 0 -30 0 0
0.4031 0.0056 0.0116 0 0 0 0
0.4308 0.0041 0.0152 -30 0 0 0
0.4308 0.0041 0.0152 -30 0 0 0
0.4123 0.0040 0.0137 -30 0 0 0
0.4185 0.0039 0.0172 -30 0 0 0
0.4431 0.0035 0.0175 -30 0 0 0
0.4277 0.0034 0.0156 -30 0 0 0
0.4338 0.0040 0.0171 -30 0 0 0
0.4338 0.0040 0.0171 -30 0 0 0
0.4615 0.0041 0.0187 -30 0 0 0
0.4615 0.0041 0.0187 -30 0 0 0
0.4554 0.0040 0.0178 -30 0 0 0
0.4554 0.0040 0.0178 -30 0 0 0
0.4554 0.0040 0.0178 -30 0 0 0
0.4554 0.0040 0.0178 -30 0 0 0
0.4554 0.0040 0.0178 -30 0 0 0
0.4554 0.0040 0.0178 -30 0 0 0
0.4554 0.0040 0.0178 -30 0 0 0
0.4369 0.0041 0.0186 -30 0 0 0
0.4369 0.0041 0.0186 -30 0 0 0
0.4369 0.0041 0.0186 -30 0 0 0
0.4369 0.0041 0.0186 -30 0 0 0
0.4369 0.0041 0.0186 -30 0 0 0
0.4369 0.0043 0.0172 -30 0 0 0
0.4369 0.0043 0.0172 -30 0 0 0
0.4369 0.0043 0.0172 -30 0 0 0
0.4369 0.0043 0.0172 -30 0 0 0
0.4369 0.0043 0.0172 -30 0 0 0
0.4431 0.0046 0.0182 -30 0 0 0
0.4431 0.0046 0.0182 -30 0 0 0
0.4431 0.0046 0.0182 -30 0 0 0
0.4431 0.0046 0.0182 -30 0 0 0
0.4431 0.0046 0.0182 -30 0 0 0
0.4431 0.0046 0.0182 -30 0 0 0
0.4431 0.0046 0.0182 -30 0 0 0
0.4431 0.0050 0.0173 -30 0 0 0
0.4431 0.0050 0.0173 -30 0 0 0
0.4431 0.0050 0.0173 -30 0 0 0
0.4431 0.0050 0.0173 -30 0 0 0
0.4431 0.0050 0.0173 -30 0 0 0
0.4431 0.0050 0.0173 -30 0 0 0
0.4369 0.0049 0.0160 -30 0 0 0
0.4369 0.0049 0.0160 -30 0 0 0
0.4308 0.0048 0.0163 0 0 0 0
0.4246 0.0050 0.0166 -30 0 0 0
0.4369 0.0075 0.0149 -30 0 0 0
0.4277 0.0080 0.0160 -30 0 0 0
0.4308 0.0086 0.0141 -30 0 0 0
0.4215 0.0090 0.0151 -30 0 0 0
0.4338 0.0090 0.0146 -30 0 0 0
0.4154 0.0091 0.0153 -30 0 0 0
0.4154 0.0091 0.0153 -30 0 0 0
0.4154 0.0091 0.0153 -30 0 0 0
0.4154 0.0091 0.0153 -30 0 0 0
0.4154 0.0091 0.0153 -30 0 0 0
0.4523 0.0090 0.0132 -30 0 0 0
0.4523 0.0090 0.0132 -30 0 0 0
0.4523 0.0090 0.0132 -30 0 0 0
0.4523 0.0090 0.0132 -30 0 0 0
0.4523 0.0090 0.0132 -30 0 0 0
0.4523 0.0090 0.0132 -30 0 0 0
0.4400 0.0085 0.0118 -30 0 0 0
0.4400 0.0085 0.0118 -30 0 0 0
0.4400 0.0085 0.0118 -30 0 0 0
0.4400 0.0085 0.0118 -30 0 0 0
0.4154 0.0081 0.0127 -30 0 0 0
0.4154 0.0081 0.0127 -30 0 0 0
0.4154 0.0081 0.0127 -30 0 0 0
0.4154 0.0081 0.0127 -30 0 0 0
0.4154 0.0081 0.0127 -30 0 0 0
0.4154 0.0081 0.0127 -30 0 0 0
0.4338 0.0076 0.0127 -30 0 0 0
0.4338 0.0076 0.0127 -30 0 0 0
0.4338 0.0076 0.0127 -30 0 0 0
0.4338 0.0076 0.0127 -30 0 0 0
0.4338 0.0076 0.0127 -30 0 0 0
0.4615 0.0070 0.0125 -30 0 0 0
0.4615 0.0070 0.0125 -30 0 0 0
0.4615 0.0070 0.0125 -30 0 0 0
0.4615 0.0070 0.0125 -30 0 0 0
0.4615 0.0070 0.0125 -30 0 0 0
0.4400 0.0066 0.0123 0 0 0 0
0.4246 0.0075 0.0160 0 -30 0 0
0.4338 0.0066 0.0268 0 -30 0 0
0.4185 0.0066 0.0268 0 -30 0 0
0.4523 0.0050 0.0220 0 -30 0 0
0.4523 0.0050 0.0220 0 -30 0 0
0.4615 0.0038 0.0186 0 -30 0 0
0.4369 0.0045 0.0209 0 -30 0 0
0.4338 0.0051 0.0242 0 -30 0 0
0.4338 0.0054 0.0249 0 -30 0 0
0.4092 0.0054 0.0249 0 -30 0 0
0.4092 0.0054 0.0249 0 -30 0 0
0.3969 0.0054 0.0229 0 -30 0 0
0.3969 0.0054 0.0229 0 -30 0 0
0.3969 0.0054 0.0229 0 -30 0 0
0.3969 0.0054 0.0229 0 -30 0 0
0.4277 0.0053 0.0245 0 -30 0 0
0.4277 0.0053 0.0245 0 -30 0 0
0.4277 0.0053 0.0245 0 -30 0 0
0.4277 0.0053 0.0245 0 -30 0 0
0.4154 0.0051 0.0280 0 -30 0 0
0.4154 0.0051 0.0280 0 -30 0 0
0.4154 0.0051 0.0280 0 -30 0 0
0.4154 0.0051 0.0280 0 -30 0 0
0.4154 0.0051 0.0280 0 -30 0 0
0.4154 0.0045 0.0394 0 -30 0 0
0.4154 0.0045 0.0394 0 -30 0 0
0.4154 0.0045 0.0394 0 -30 0 0
0.4154 0.0045 0.0394 0 -30 0 0
0.4154 0.0045 0.0394 0 -30 0 0
0.4092 0.0040 0.0403 0 -30 0 0
0.4092 0.0040 0.0403 0 -30 0 0
0.4092 0.0040 0.0403 0 -30 0 0
0.4092 0.0040 0.0403 0 -30 0 0
0.4092 0.0040 0.0403 0 -30 0 0
0.4092 0.0040 0.0403 0 -30 0 0
0.4215 0.0036 0.0401 0 -30 0 0
0.4215 0.0036 0.0401 0 -30 0 0
0.4215 0.0036 0.0401 0 -30 0 0
0.4215 0.0036 0.0401 0 -30 0 0
0.4215 0.0036 0.0401 0 -30 0 0
0.4031 0.0033 0.0409 0 -30 0 0
0.4031 0.0033 0.0409 0 -30 0 0
0.4031 0.0033 0.0409 0 -30 0 0
0.4031 0.0033 0.0409 0 -30 0 0
0.4123 0.0034 0.0408 0 -30 0 0
0.4123 0.0034 0.0408 0 -30 0 0
0.4123 0.0034 0.0408 0 -30 0 0
0.4123 0.0034 0.0408 0 -30 0 0
0.4123 0.0034 0.0408 0 -30 0 0
0.4123 0.0034 0.0408 0 -30 0 0
0.4185 0.0038 0.0424 0 -30 0 0
0.4185 0.0038 0.0424 0 -30 0 0
0.4185 0.0038 0.0424 0 -30 0 0
0.4185 0.0038 0.0424 0 -30 0 0
0.4185 0.0038 0.0424 0 -30 0 0
0.4277 0.0042 0.0446 0 -30 0 0
0.4277 0.0042 0.0446 0 -30 0 0
0.4277 0.0042 0.0446 0 -30 0 0
0.4277 0.0042 0.0446 0 -30 0 0
0.4277 0.0042 0.0446 0 -30 0 0
0.4062 0.0043 0.0426 0 -30 0 0
0.4062 0.0043 0.0426 0 -30 0 0
0.4062 0.0043 0.0426 0 -30 0 0
0.4062 0.0043 0.0426 0 -30 0 0
0.4062 0.0043 0.0426 0 -30 0 0
0.4431 0.0041 0.0419 0 -30 0 0
0.4431 0.0041 0.0419 0 -30 0 0
0.4431 0.0041 0.0419 0 -30 0 0
0.4431 0.0041 0.0419 0 -30 0 0
0.4431 0.0041 0.0419 0 -30 0 0
0.4431 0.0043 0.0393 0 -30 0 0
0.4246 0.0043 0.0393 0 -30 0 0
0.4246 0.0043 0.0393 0 0 0 0
0.4000 0.0057 0.0370 0 -30 0 0
0.4092 0.0057 0.0370 0 -30 0 0
0.4308 0.0059 0.0352 0 -30 0 0
0.4031 0.0062 0.0359 0 -30 0 0
0.4154 0.0072 0.0369 0 -30 0 0
0.4154 0.0072 0.0369 0 -30 0 0
0.4246 0.0116 0.0414 0 -30 0 0
0.4246 0.0116 0.0414 0 -30 0 0
0.4246 0.0116 0.0414 0 -30 0 0
0.4338 0.0135 0.0406 0 -30 0 0
0.4338 0.0135 0.0406 0 -30 0 0
0.4338 0.0135 0.0406 0 -30 0 0
0.4338 0.0135 0.0406 0 -30 0 0
0.4338 0.0148 0.0402 0 -30 0 0
0.4369 0.0148 0.0402 0 -30 0 0
0.4369 0.0148 0.0402 0 -30 0 0
0.4369 0.0148 0.0402 0 -30 0 0
0.4369 0.0148 0.0402 0 -30 0 0
0.4369 0.0148 0.0402 0 -30 0 0
0.4369 0.0148 0.0402 0 -30 0 0
0.4400 0.0161 0.0420 0 -30 0 0
0.4400 0.0161 0.0420 0 -30 0 0
0.4400 0.0161 0.0420 0 -30 0 0
0.4400 0.0161 0.0420 0 -30 0 0
0.4431 0.0160 0.0430 0 -30 0 0
0.4431 0.0160 0.0430 0 -30 0 0
0.4431 0.0160 0.0430 0 -30 0 0
0.4431 0.0160 0.0430 0 -30 0 0
0.4431 0.0160 0.0430 0 -30 0 0
0.4523 0.0153 0.0454 0 -30 0 0
0.4523 0.0153 0.0454 0 -30 0 0
0.4523 0.0153 0.0454 0 -30 0 0
0.4523 0.0153 0.0454 0 -30 0 0
0.4523 0.0153 0.0454 0 -30 0 0
0.4523 0.0153 0.0454 0 -30 0 0
0.4523 0.0153 0.0454 0 -30 0 0
0.4523 0.0139 0.0501 0 -30 0 0
0.4523 0.0139 0.0501 0 -30 0 0
0.4523 0.0139 0.0501 0 -30 0 0
0.4523 0.0139 0.0501 0 -30 0 0
0.4400 0.0131 0.0476 0 -30 0 0
0.4400 0.0131 0.0476 0 -30 0 0
0.4400 0.0131 0.0476 0 -30 0 0
0.4400 0.0131 0.0476 0 -30 0 0
0.4646 0.0126 0.0432 0 -30 0 0
0.4646 0.0126 0.0432 0 -30 0 0
0.4646 0.0126 0.0432 0 -30 0 0
0.4646 0.0126 0.0432 0 0 0 0
0.4646 0.0118 0.0388 -30 0 0 0
0.4554 0.0140 0.0415 -30 0 0 0
0.4831 0.0152 0.0417 -30 0 0 0
0.4831 0.0163 0.0419 -30 0 0 0
0.4523 0.0163 0.0419 -30 0 0 0
0.4308 0.0161 0.0409 -30 0 0 0
0.4523 0.0156 0.0422 -30 0 0 0
0.4523 0.0156 0.0422 -30 0 0 0
0.4523 0.0156 0.0422 -30 0 0 0
0.4523 0.0156 0.0422 -30 0 0 0
0.4523 0.0156 0.0422 -30 0 0 0
0.4523 0.0156 0.0422 -30 0 0 0
0.4523 0.0156 0.0422 -30 0 0 0
0.4523 0.0156 0.0422 -30 0 0 0
0.4523 0.0156 0.0422 -30 0 0 0
0.4615 0.0148 0.0438 -30 0 0 0
0.4615 0.0148 0.0438 -30 0 0 0
0.4615 0.0142 0.0420 -30 0 0 0
0.4615 0.0142 0.0420 -30 0 0 0
0.4369 0.0140 0.0397 -30 0 0 0
0.4369 0.0140 0.0397 -30 0 0 0
0.4369 0.0140 0.0397 -30 0 0 0
0.4708 0.0142 0.0443 -30 0 0 0
0.4708 0.0142 0.0443 -30 0 0 0
0.4708 0.0142 0.0443 -30 0 0 0
0.4462 0.0139 0.0455 -30 0 0 0
0.4462 0.0139 0.0455 -30 0 0 0
0.4462 0.0139 0.0455 -30 0 0 0
0.4462 0.0139 0.0455 -30 0 0 0
0.4462 0.0139 0.0455 -30 0 0 0
0.4923 0.0137 0.0421 -30 0 0 0
0.4923 0.0137 0.0421 -30 0 0 0
0.4923 0.0137 0.0421 -30 0 0 0
0.4923 0.0137 0.0421 0 0 0 0
0.4677 0.0125 0.5431 0 30 0 0
0.4862 0.0125 0.5431 0 30 0 0
0.5231 0.0126 0.5436 0 30 0 0
0.5169 0.0123 0.0364 0 30 0 0
0.5231 0.0123 0.0369 0 30 0 0
0.5231 0.0136 0.0358 0 30 0 0
0.5292 0.0136 0.0358 0 30 0 0
0.4954 0.0137 0.0365 0 30 0 0
0.4954 0.0137 0.0365 0 30 0 0
0.4954 0.0137 0.0365 0 30 0 0
0.4985 0.0130 0.0374 0 30 0 0
0.4985 0.0130 0.0374 0 30 0 0
0.4985 0.0130 0.0374 0 30 0 0
0.4985 0.0130 0.0374 0 30 0 0
0.4985 0.0130 0.0374 0 30 0 0
0.4985 0.0130 0.0374 0 30 0 0
0.5108 0.0122 0.0396 0 30 0 0
0.5108 0.0122 0.0396 0 30 0 0
0.5108 0.0122 0.0396 0 30 0 0
0.5108 0.0122 0.0396 0 30 0 0
0.5108 0.0122 0.0396 0 30 0 0
0.5108 0.0122 0.0396 0 30 0 0
0.5015 0.0122 0.0398 0 30 0 0
0.5015 0.0122 0.0398 0 30 0 0
0.5015 0.0122 0.0398 0 30 0 0
0.5015 0.0122 0.0398 0 30 0 0
0.5108 0.0128 0.0400 0 30 0 0
0.5108 0.0128 0.0400 0 30 0 0
0.5108 0.0128 0.0400 0 30 0 0
0.5108 0.0128 0.0400 0 30 0 0
0.5138 0.0137 0.0420 0 30 0 0
0.5138 0.0137 0.0420 0 30 0 0
0.5138 0.0137 0.0420 0 30 0 0
0.5138 0.0137 0.0420 0 0 0 0
0.4985 0.0137 0.0438 0 30 0 0
0.4923 0.0131 0.0466 0 30 0 0
0.4923 0.0131 0.0466 0 30 0 0
0.5108 0.0124 0.0462 0 30 0 0
0.5108 0.0121 0.0463 0 30 0 0
0.4985 0.0121 0.0463 0 30 0 0
0.4985 0.0121 0.0463 0 30 0 0
0.4985 0.0120 0.0456 0 30 0 0
0.4985 0.0120 0.0456 0 30 0 0
0.4985 0.0120 0.0456 0 30 0 0
0.4985 0.0120 0.0456 0 30 0 0
0.4985 0.0120 0.0456 0 30 0 0
0.4985 0.0120 0.0456 0 30 0 0
0.5138 0.0117 0.0432 0 30 0 0
0.5138 0.0117 0.0432 0 30 0 0
0.5138 0.0117 0.0432 0 0 0 0
0.4831 0.0107 0.0417 -30 0 0 0
0.5169 0.0105 0.0425 -30 0 0 0
0.5169 0.0105 0.0460 -30 0 0 0
0.4862 0.0113 0.0461 -30 0 0 0
0.4862 0.0132 0.0438 -30 0 0 0
0.4800 0.0132 0.0438 -30 0 0 0
0.5262 0.0139 0.0437 -30 0 0 0
0.5292 0.0143 0.0457 -30 0 0 0
0.5292 0.0143 0.0457 -30 0 0 0
0.5138 0.0142 0.0455 -30 0 0 0
0.5138 0.0142 0.0455 -30 0 0 0
0.5138 0.0142 0.0455 -30 0 0 0
0.5138 0.0142 0.0455 -30 0 0 0
0.5138 0.0142 0.0455 -30 0 0 0
0.4985 0.0138 0.0451 -30 0 0 0
0.4985 0.0138 0.0451 -30 0 0 0
0.4985 0.0138 0.0451 0 0 0 0
0.5262 0.0145 0.0491 -30 0 0 0
0.5077 0.0152 0.0473 -30 0 0 0
0.5385 0.0154 0.0502 -30 0 0 0
0.5169 0.0144 0.4674 -30 0 0 0
0.5692 0.0139 0.4680 -30 0 0 0
0.5692 0.0131 0.4659 -30 0 0 0
0.5631 0.0131 0.4659 -30 0 0 0
0.5477 0.0129 0.4652 -30 0 0 0
0.5477 0.0129 0.4652 -30 0 0 0
0.5477 0.0129 0.4652 -30 0 0 0
0.5477 0.0129 0.4652 -30 0 0 0
0.5477 0.0129 0.4652 -30 0 0 0
0.5385 0.0128 0.4611 -30 0 0 0
0.5385 0.0128 0.4611 -30 0 0 0
0.5385 0.0128 0.4611 -30 0 0 0
0.5385 0.0128 0.4611 -30 0 0 0
0.5385 0.0128 0.4611 -30 0 0 0
0.5385 0.0128 0.4611 -30 0 0 0
0.5385 0.0124 0.4595 -30 0 0 0
0.5292 0.0124 0.4595 -30 0 0 0
0.5292 0.0124 0.4595 0 0 0 0
0.5231 0.0092 0.4614 0 0 0 30
0.5446 0.0098 0.4620 0 0 0 30
0.5446 0.0103 0.4582 0 0 0 30
0.5569 0.0099 0.4572 0 0 0 30
0.5600 0.0073 0.4570 0 0 0 30
0.5723 0.0059 0.4558 0 0 0 30
0.5723 0.0059 0.4558 0 0 0 30
0.5569 0.0050 0.4540 0 0 0 30
0.5569 0.0050 0.4540 0 0 0 30
0.5569 0.0050 0.4540 0 0 0 0
0.5569 0.0050 0.4540 0 0 0 30
0.5415 0.0037 0.4544 0 0 0 30
0.5323 0.0037 0.4534 0 0 0 30
0.5323 0.0045 0.4524 0 0 0 30
0.5323 0.0045 0.4524 0 0 0 30
0.5323 0.0054 0.4551 0 0 0 30
0.5354 0.0054 0.4551 0 0 0 30
0.5354 0.0054 0.4551 0 0 0 30
0.5354 0.0054 0.4551 0 0 0 30
0.5354 0.0054 0.4551 0 0 0 30
0.5138 0.0059 0.4547 0 0 0 30
0.5138 0.0059 0.4547 0 0 0 30
0.5138 0.0059 0.4547 0 0 0 0
0.5169 0.0070 0.4570 0 0 0 30
0.5723 0.0070 0.4570 0 0 0 30
0.5200 0.0070 0.4597 0 0 0 30
0.5385 0.0061 0.4599 0 0 0 30
0.5385 0.0061 0.4599 0 0 0 30
0.5508 0.0051 0.4617 0 0 0 30
0.5508 0.0051 0.4617 0 0 0 30
0.5508 0.0051 0.4617 0 0 0 30
0.5508 0.0051 0.4617 0 0 0 30
0.5508 0.0051 0.4617 0 0 0 30
0.5200 0.0044 0.4620 0 0 0 0
0.5200 0.0052 0.4644 0 0 0 30
0.5200 0.0052 0.4644 0 0 0 30
0.5477 0.0063 0.4664 0 0 0 30
0.5477 0.0063 0.4664 0 0 0 30
0.5477 0.0063 0.4664 0 0 0 30
0.5477 0.0063 0.4664 0 0 0 30
0.5477 0.0063 0.4664 0 0 0 30
0.5477 0.0063 0.4664 0 0 0 30
0.5477 0.0063 0.4664 0 0 0 30
0.5600 0.0069 0.4693 0 0 0 30
0.5385 0.0076 0.4719 0 0 0 30
0.5231 0.0078 0.4730 0 0 0 0
0.5477 0.0079 0.4749 0 0 0 30
0.5323 0.0077 0.4755 0 0 0 30
0.5385 0.0070 0.4792 0 0 0 30
0.5385 0.0070 0.4792 0 0 0 30
0.5385 0.0070 0.4792 0 0 0 30
0.5385 0.0070 0.4792 0 0 0 30
0.5138 0.0061 -0.0392 0 0 0 30
0.5138 0.0061 -0.0392 0 0 0 30
0.5138 0.0061 -0.0392 0 0 0 30
0.5138 0.0061 -0.0392 0 0 0 30
0.5138 0.0061 -0.0392 0 0 0 30
0.5138 0.0061 -0.0392 0 0 0 30
0.5138 0.0061 -0.0392 0 0 0 30
0.5138 0.0061 -0.0392 0 0 0 30
0.5138 0.0061 -0.0392 0 0 0 30
0.5138 0.0061 -0.0392 0 0 0 0
0.5108 0.0057 -0.0380 0 0 0 30
0.5169 0.0055 -0.0346 0 0 0 30
0.5262 0.0055 -0.0310 0 0 0 30
0.5231 0.0048 -0.0257 0 0 0 30
0.5231 0.0048 -0.0257 0 0 0 30
0.5415 0.0040 -0.0245 0 0 0 30
0.5385 0.0034 -0.0224 0 0 0 30
0.5385 0.0034 -0.0224 0 0 0 30
0.5385 0.0034 -0.0224 0 0 0 30
0.5385 0.0034 -0.0224 0 0 0 30
0.5385 0.0034 -0.0224 0 0 0 30
0.5385 0.0034 -0.0224 0 0 0 30
0.5292 0.0032 -0.0229 0 0 0 0
0.5292 0.0032 -0.0229 0 0 0 30
0.5446 0.0034 -0.0223 0 0 0 30
0.5138 0.0039 -0.0239 0 0 0 30
0.5262 0.0043 -0.0212 0 0 0 30
0.5077 0.0046 -0.0220 0 0 0 30
0.5077 0.0046 -0.0220 0 0 0 30
0.5077 0.0046 -0.0220 0 0 0 30
0.5077 0.0046 -0.0220 0 0 0 30
0.5077 0.0046 -0.0220 0 0 0 30
0.4954 0.0045 -0.0192 0 0 0 30
0.4954 0.0045 -0.0192 0 0 0 30
0.4954 0.0045 -0.0192 0 0 0 30
0.4954 0.0045 -0.0192 0 0 0 0
0.5569 0.0043 -0.0196 0 0 0 30
0.5569 0.0043 -0.0196 0 0 0 30
0.5415 0.0049 -0.0166 0 0 0 30
0.5415 0.0049 -0.0166 0 0 0 30
0.5662 0.0054 -0.0165 0 0 0 30
0.5508 0.0059 -0.0155 0 0 0 30
0.5292 0.0063 -0.0164 0 0 0 30
0.5446 0.0067 -0.0166 0 0 0 30
0.5446 0.0067 -0.0166 0 0 0 30
0.5446 0.0067 -0.0166 0 0 0 30
0.5015 0.0066 -0.0160 0 0 0 0
0.4923 0.0072 -0.0084 0 0 0 30
0.5169 0.0069 -0.0084 0 0 0 30
0.5169 0.0068 -0.0073 0 0 0 30
0.4954 0.0068 -0.0073 0 0 0 30
0.5015 0.0068 -0.0064 0 0 0 30
0.5015 0.0068 -0.0064 0 0 0 30
0.5323 0.0069 -0.0063 0 0 0 30
0.5323 0.0070 -0.0068 0 0 0 0
0.5231 0.0067 -0.0059 0 0 0 30
0.5169 0.0061 -0.0059 0 0 0 30
0.5292 0.0056 -0.0057 0 0 0 30
0.5292 0.0056 -0.0057 0 0 0 30
0.5262 0.0052 -0.0041 0 0 0 30
0.5262 0.0052 -0.0041 0 0 0 30
0.5262 0.0052 -0.0041 0 0 0 30
0.5262 0.0052 -0.0041 0 0 0 30
0.5262 0.0052 -0.0041 0 0 0 30
0.5323 0.0054 -0.0021 0 0 0 0
0.5323 0.0054 -0.0021 0 0 0 30
0.5108 0.0055 0.0007 0 0 0 30
0.5108 0.0055 0.0007 0 0 0 30
0.4954 0.0061 0.0025 0 0 0 30
0.4954 0.0061 0.0025 0 0 0 30
0.5108 0.0069 0.0043 0 0 0 30
0.5108 0.0069 0.0043 0 0 0 30
0.5108 0.0069 0.0043 0 0 0 30
0.5108 0.0069 0.0043 0 0 0 30
0.5108 0.0069 0.0043 0 0 0 30
0.5108 0.0069 0.0043 0 0 0 30
0.5415 0.0074 0.0072 0 0 0 0
0.5077 0.0073 0.5031 0 0 0 30
0.5108 0.0061 0.5043 0 0 0 30
0.4985 0.0061 0.5043 0 0 0 30
0.5354 0.0052 0.5051 0 0 0 30
0.5015 0.0052 0.5045 0 0 0 30
0.5015 0.0052 0.5045 0 0 0 30
0.5015 0.0052 0.5045 0 0 0 30
0.5262 0.0057 0.5043 0 0 0 30
0.5262 0.0057 0.5043 0 0 0 0
0.5169 0.0058 0.5050 0 0 0 30
0.5108 0.0056 0.5050 0 0 0 30
0.5262 0.0053 0.5066 0 0 0 30
0.5262 0.0053 0.5066 0 0 0 30
0.5354 0.0048 0.5084 0 0 0 30
0.5354 0.0048 0.5084 0 0 0 30
0.5354 0.0048 0.5084 0 0 0 30
0.5354 0.0048 0.5084 0 0 0 0
0.5231 0.0072 0.5165 0 0 0 -30
0.4985 0.0080 0.5174 0 0 0 -30
0.5046 0.0090 0.5165 0 0 0 -30
0.4954 0.0098 0.5160 0 0 0 -30
0.4862 0.0101 0.5169 0 0 0 -30
0.4862 0.0102 0.5186 0 0 0 -30
0.4769 0.0102 0.5186 0 0 0 -30
0.4892 0.0098 0.5197 0 0 0 0
0.5231 0.0091 0.5185 0 0 0 -30
0.5046 0.0089 0.5185 0 0 0 -30
0.5138 0.0091 0.5176 0 0 0 -30
0.5138 0.0091 0.5176 0 0 0 -30
0.5138 0.0091 0.5176 0 0 0 -30
0.5138 0.0091 0.5176 0 0 0 -30
0.5138 0.0096 0.5148 0 0 0 -30
0.5138 0.0096 0.5148 0 0 0 -30
0.5138 0.0096 0.5148 0 0 0 -30
0.5138 0.0096 0.5148 0 0 0 -30
0.5138 0.0096 0.5135 0 0 0 -30
0.5169 0.0096 0.5135 0 0 0 -30
0.5169 0.0096 0.5135 0 0 0 -30
0.5169 0.0096 0.5135 0 0 0 -30
0.5169 0.0096 0.5135 0 0 0 0
0.5323 0.0082 0.0506 0 0 0 -30
0.4985 0.0078 0.0413 0 0 0 -30
0.4985 0.0079 0.0403 0 0 0 -30
0.4985 0.0079 0.0403 0 0 0 -30
0.5138 0.0080 0.0362 0 0 0 -30
0.4985 0.0081 0.0359 0 0 0 -30
0.4985 0.0081 0.0359 0 0 0 0
0.5169 0.0043 0.0361 -30 0 0 0
0.5077 0.0035 0.0342 -30 0 0 0
0.5262 0.0039 0.0325 -30 0 0 0
0.4954 0.0044 0.0314 -30 0 0 0
0.4862 0.0051 0.0327 -30 0 0 0
0.5046 0.0064 0.0339 -30 0 0 0
0.5046 0.0064 0.0339 -30 0 0 0
0.5077 0.0072 0.0344 -30 0 0 0
0.5077 0.0072 0.0344 -30 0 0 0
0.5077 0.0072 0.0344 -30 0 0 0
0.5077 0.0076 0.0354 -30 0 0 0
0.5108 0.0076 0.0354 -30 0 0 0
0.5108 0.0076 0.0354 -30 0 0 0
0.5108 0.0076 0.0354 -30 0 0 0
0.5169 0.0076 0.0354 -30 0 0 0
0.5169 0.0076 0.0354 -30 0 0 0
0.5169 0.0076 0.0354 -30 0 0 0
0.5169 0.0076 0.0354 -30 0 0 0
0.5169 0.0076 0.0354 -30 0 0 0
0.5169 0.0076 0.0354 -30 0 0 0
0.5169 0.0074 0.0342 -30 0 0 0
0.5169 0.0074 0.0342 -30 0 0 0
0.5169 0.0074 0.0342 -30 0 0 0
0.5169 0.0069 0.0336 -30 0 0 0
0.5385 0.0069 0.0336 -30 0 0 0
0.5385 0.0069 0.0336 -30 0 0 0
0.5385 0.0069 0.0336 -30 0 0 0
0.5385 0.0069 0.0336 -30 0 0 0
0.5385 0.0067 0.0329 -30 0 0 0
0.5385 0.0067 0.0329 0 0 0 0
