0.4154 0.0057 0.6231 0 0 0 30
0.4092 0.0057 0.6231 0 0 0 30
0.4154 0.0050 0.6202 0 0 0 30
0.4154 0.0073 0.6184 0 0 0 30
0.4215 0.0073 0.6184 0 0 0 30
0.4246 0.0083 0.6176 0 0 0 30
0.4246 0.0083 0.6176 0 0 0 30
0.4246 0.0083 0.6176 0 0 0 0
0.4246 0.0085 0.6208 0 0 0 30
0.4062 0.0085 0.6208 0 0 0 30
0.4062 0.0087 0.6245 0 0 0 30
0.4062 0.0087 0.6245 0 0 0 30
0.4092 0.0087 0.6244 0 0 0 30
0.4092 0.0087 0.6244 0 0 0 30
0.4154 0.0086 0.6264 0 0 0 30
0.4215 0.0084 0.6283 0 0 0 30
0.4215 0.0085 0.6327 0 0 0 30
0.4154 0.0085 0.6327 0 0 0 30
0.4154 0.0085 0.6327 0 0 0 30
0.4185 0.0091 0.6328 0 0 0 0
0.4031 0.0115 0.6330 0 0 0 30
0.3846 0.0115 0.6330 0 0 0 30
0.3846 0.0121 -0.1005 0 0 0 30
0.4062 0.0121 -0.1005 0 0 0 0
0.4092 0.0143 -0.0957 0 0 0 30
0.3569 0.0146 -0.0953 0 0 0 30
0.3569 0.0146 -0.0953 0 0 0 30
0.3631 0.0150 -0.0967 0 0 0 30
0.3631 0.0150 -0.0967 0 0 0 0
0.3415 0.0129 -0.0952 0 0 0 30
0.3415 0.0129 -0.0952 0 0 0 30
0.3415 0.0129 -0.0952 0 0 0 30
0.3354 0.0125 -0.0948 0 0 0 30
0.3354 0.0125 -0.0948 0 0 0 30
0.3354 0.0125 -0.0948 0 0 0 0
0.3723 0.0116 -0.0909 0 0 0 30
0.3723 0.0116 -0.0909 0 0 0 30
0.3723 0.0118 -0.0908 0 0 0 0
0.3569 0.0065 -0.0791 0 0 0 30
0.3569 0.0068 -0.0798 0 0 0 30
0.3723 0.0068 -0.0798 0 0 0 30
0.3723 0.0068 -0.0798 0 0 0 30
0.3692 0.0063 -0.0807 0 0 0 30
0.3692 0.0049 -0.0792 0 0 0 30
0.3538 0.0049 -0.0792 0 0 0 0
0.3846 0.0074 -0.0813 0 0 0 30
0.3846 0.0074 -0.0813 0 0 0 30
0.3877 0.0093 -0.0782 0 0 0 30
0.3600 0.0108 -0.0786 0 0 0 0
0.3692 0.0118 -0.0648 0 0 0 -30
0.3692 0.0118 -0.0648 0 0 0 -30
0.3723 0.0105 -0.0669 0 0 0 -30
0.3723 0.0088 -0.0690 0 0 0 -30
0.3815 0.0088 -0.0690 0 0 0 -30
0.3908 0.0081 -0.0743 0 0 0 -30
0.3908 0.0083 -0.0770 0 0 0 -30
0.3908 0.0092 -0.0792 0 0 0 -30
0.3877 0.0092 -0.0792 0 0 0 -30
0.3877 0.0092 -0.0792 0 0 0 -30
0.3600 0.0101 -0.0798 0 0 0 -30
0.3600 0.0108 -0.0790 0 0 0 0
0.3415 0.0115 -0.0789 0 0 0 -30
0.3538 0.0118 -0.0761 0 0 0 -30
0.3538 0.0118 -0.0761 0 0 0 -30
0.3600 0.0114 -0.0829 0 0 0 -30
0.3508 0.0110 -0.0844 0 0 0 -30
0.3508 0.0110 -0.0844 0 0 0 -30
0.3723 0.0105 -0.0859 0 0 0 -30
0.3723 0.0105 -0.0859 0 0 0 -30
0.3723 0.0105 -0.0859 0 0 0 -30
0.3723 0.0105 -0.0859 0 0 0 -30
0.3723 0.0109 -0.0875 0 0 0 0
0.3415 0.0109 -0.0870 0 0 0 -30
0.3415 0.0109 -0.0870 0 0 0 -30
0.3415 0.0096 -0.0884 0 0 0 -30
0.3538 0.0096 -0.0884 0 0 0 -30
0.3538 0.0096 -0.0884 0 0 0 -30
0.3323 0.0084 -0.0881 0 0 0 -30
0.3323 0.0079 -0.0890 0 0 0 -30
0.3508 0.0079 -0.0890 0 0 0 -30
0.3508 0.0079 -0.0890 0 0 0 -30
0.3815 0.0080 -0.0905 0 0 0 0
0.4000 0.0084 -0.0922 0 0 0 -30
0.4000 0.0084 -0.0922 0 0 0 -30
0.3938 0.0085 -0.0960 0 0 0 -30
0.3815 0.0089 -0.0976 0 0 0 -30
0.3723 0.0094 -0.0998 0 0 0 -30
0.3723 0.0094 -0.0998 0 0 0 -30
0.3754 0.0095 -0.1000 0 0 0 0
0.3908 0.0075 -0.1018 0 0 0 -30
0.3415 0.0075 -0.0993 0 0 0 -30
0.3415 0.0074 -0.1007 0 0 0 -30
0.3385 0.0074 -0.1007 0 0 0 -30
0.3846 0.0069 -0.0990 0 0 0 0
0.3723 0.0099 -0.0975 0 0 0 -30
0.3292 0.0099 -0.0975 0 0 0 -30
0.3292 0.0098 -0.1010 0 0 0 -30
0.3292 0.0094 -0.1008 0 0 0 -30
0.3446 0.0094 -0.1008 0 0 0 -30
0.3446 0.0089 -0.1015 0 0 0 -30
0.3231 0.0089 -0.1015 0 0 0 -30
0.3231 0.0089 -0.1015 0 0 0 -30
0.3231 0.0089 -0.1015 0 0 0 -30
0.3415 0.0082 -0.1018 0 0 0 0
0.3477 0.0100 -0.1019 0 0 0 -30
0.3323 0.0108 -0.1017 0 0 0 -30
0.3323 0.0108 -0.1017 0 0 0 -30
0.3200 0.0114 -0.1047 0 0 0 -30
0.3200 0.0114 -0.1047 0 0 0 -30
0.3231 0.0113 -0.1060 0 0 0 -30
0.3231 0.0113 -0.1091 0 0 0 -30
0.3108 0.0113 -0.1091 0 0 0 -30
0.3138 0.0116 -0.1114 0 0 0 -30
0.3138 0.0116 -0.1114 0 0 0 0
0.3169 0.0131 -0.1237 0 0 0 -30
0.3169 0.0131 -0.1237 0 0 0 -30
0.3815 0.0132 -0.1259 0 0 0 -30
0.3508 0.0132 -0.1248 0 0 0 -30
0.3508 0.0135 -0.1269 0 0 0 -30
0.3385 0.0135 -0.1269 0 0 0 -30
0.3477 0.0138 -0.1263 0 0 0 -30
0.3477 0.0138 -0.1263 0 0 0 -30
0.3477 0.0138 -0.1263 0 0 0 -30
0.3477 0.0138 -0.1263 0 0 0 -30
0.3477 0.0138 -0.1263 0 0 0 0
0.3569 0.0129 -0.1267 0 0 0 -30
0.3292 0.0129 -0.1267 0 0 0 -30
0.3723 0.0122 -0.1295 0 0 0 -30
0.3723 0.0122 -0.1295 0 0 0 -30
0.3323 0.0110 -0.1285 0 0 0 -30
0.3354 0.0101 -0.1225 0 0 0 -30
0.3354 0.0096 -0.1240 0 0 0 -30
0.3446 0.0096 -0.1240 0 0 0 -30
0.3446 0.0099 -0.1240 0 0 0 -30
0.3169 0.0099 -0.1240 0 0 0 0
0.3631 0.0079 -0.1232 0 0 0 -30
0.3631 0.0078 -0.1179 0 0 0 -30
0.3446 0.0078 -0.1179 0 0 0 -30
0.3508 0.0077 -0.1165 0 0 0 -30
0.3508 0.0076 -0.1167 0 0 0 -30
0.3600 0.0076 -0.1167 0 0 0 -30
0.3446 0.0078 -0.1159 0 0 0 -30
0.3446 0.0078 -0.1159 0 0 0 -30
0.3415 0.0081 -0.1143 0 0 0 -30
0.3415 0.0081 -0.1143 0 0 0 -30
0.3415 0.0081 -0.1160 0 0 0 0
0.3477 0.0090 -0.1174 0 0 0 -30
0.3323 0.0090 -0.1174 0 0 0 -30
0.3323 0.0090 -0.1174 0 0 0 -30
0.3200 0.0092 -0.1194 0 0 0 -30
0.3200 0.0093 -0.1215 0 0 0 -30
0.3538 0.0093 -0.1215 0 0 0 -30
0.3631 0.0097 -0.1218 0 0 0 -30
0.3323 0.0107 -0.1251 0 0 0 -30
0.3323 0.0107 -0.1251 0 0 0 -30
0.3323 0.0107 -0.1251 0 0 0 -30
0.3631 0.0114 -0.1253 0 0 0 -30
0.3631 0.0114 -0.1253 0 0 0 0
0.3415 0.0110 -0.1268 0 0 0 -30
0.3354 0.0102 -0.1250 0 0 0 -30
0.3354 0.0090 -0.1254 0 0 0 -30
0.3446 0.0090 -0.1254 0 0 0 -30
0.3446 0.0090 -0.1254 0 0 0 -30
0.3569 0.0091 -0.1267 0 0 0 -30
0.3569 0.0091 -0.1267 0 0 0 -30
0.3569 0.0096 -0.1273 0 0 0 0
0.3477 0.0112 -0.1274 0 0 0 -30
0.3477 0.0112 -0.1274 0 0 0 -30
0.3169 0.0110 -0.1293 0 0 0 -30
0.3231 0.0111 -0.1309 0 0 0 -30
0.3231 0.0111 -0.1309 0 0 0 0
0.2985 0.0164 -0.1313 0 0 0 30
0.2892 0.0166 -0.1307 0 0 0 30
0.2892 0.0159 0.0343 0 0 0 30
0.2769 0.0159 0.0343 0 0 0 30
0.2831 0.0146 0.0342 0 0 0 30
0.2892 0.0136 0.0347 0 0 0 30
0.2892 0.0127 0.0349 0 0 0 30
0.2862 0.0127 0.0349 0 0 0 30
0.2862 0.0127 0.0349 0 0 0 30
0.2985 0.0123 0.0355 0 0 0 30
0.2985 0.0123 0.0355 0 0 0 0
0.3077 0.0120 0.0366 0 0 0 30
0.2923 0.0115 -0.1138 0 0 0 30
0.2923 0.0109 -0.1113 0 0 0 30
0.3077 0.0109 -0.1113 0 0 0 30
0.2708 0.0101 -0.1092 0 0 0 30
0.2708 0.0101 -0.1092 0 0 0 30
0.2708 0.0101 -0.1092 0 0 0 30
0.2892 0.0093 -0.1066 0 0 0 30
0.2892 0.0093 -0.1066 0 0 0 30
0.2892 0.0093 -0.1066 0 0 0 30
0.2892 0.0093 -0.1066 0 0 0 30
0.2892 0.0093 -0.1066 0 0 0 30
0.2892 0.0093 -0.1066 0 0 0 30
0.2892 0.0082 -0.1082 0 0 0 30
0.3138 0.0082 -0.1082 0 0 0 0
0.3108 0.0069 -0.1069 0 0 0 30
0.2831 0.0063 -0.1045 0 0 0 30
0.2831 0.0063 -0.1045 0 0 0 30
0.3262 0.0065 -0.1007 0 0 0 30
0.2831 0.0068 -0.0999 0 0 0 30
0.2831 0.0068 -0.0999 0 0 0 30
0.2831 0.0068 -0.0999 0 0 0 30
0.2646 0.0070 -0.0985 0 0 0 30
0.2646 0.0070 -0.0985 0 0 0 30
0.2646 0.0070 -0.0985 0 0 0 30
0.2646 0.0070 -0.0985 0 0 0 30
0.2646 0.0070 -0.0985 0 0 0 0
0.3169 0.0113 -0.1156 0 -30 0 0
0.2954 0.0113 -0.1156 0 -30 0 0
0.2954 0.0111 -0.1139 0 -30 0 0
0.2862 0.0111 -0.1139 0 -30 0 0
0.2862 0.0111 -0.1134 0 -30 0 0
0.2892 0.0111 -0.1134 0 -30 0 0
0.2892 0.0117 -0.1114 0 -30 0 0
0.2923 0.0117 -0.1114 0 -30 0 0
0.2615 0.0122 -0.1105 0 -30 0 0
0.2615 0.0122 -0.1105 0 -30 0 0
0.2831 0.0125 -0.1116 0 -30 0 0
0.3138 0.0127 -0.1111 0 -30 0 0
0.3138 0.0127 -0.1111 0 -30 0 0
0.2831 0.0131 -0.1094 0 -30 0 0
0.2831 0.0131 -0.1094 0 -30 0 0
0.2831 0.0131 -0.1094 0 -30 0 0
0.2831 0.0131 -0.1094 0 -30 0 0
0.2831 0.0131 -0.1094 0 -30 0 0
0.2831 0.0131 -0.1094 0 -30 0 0
0.2831 0.0137 -0.1103 0 -30 0 0
0.2892 0.0137 -0.1103 0 -30 0 0
0.2892 0.0137 -0.1103 0 -30 0 0
0.2892 0.0137 -0.1103 0 -30 0 0
0.2892 0.0137 -0.1103 0 -30 0 0
0.2677 0.0139 -0.1114 0 -30 0 0
0.2677 0.0139 -0.1114 0 -30 0 0
0.2677 0.0139 -0.1114 0 -30 0 0
0.2677 0.0139 -0.1114 0 -30 0 0
0.2677 0.0139 -0.1114 0 -30 0 0
0.2800 0.0141 -0.1121 0 -30 0 0
0.2800 0.0141 -0.1121 0 -30 0 0
0.2800 0.0141 -0.1121 0 -30 0 0
0.2800 0.0141 -0.1121 0 -30 0 0
0.2800 0.0141 -0.1121 0 -30 0 0
0.2800 0.0141 -0.1121 0 -30 0 0
0.2800 0.0141 -0.1121 0 -30 0 0
0.2738 0.0139 -0.1154 0 -30 0 0
0.2738 0.0139 -0.1154 0 -30 0 0
0.2738 0.0139 -0.1154 0 -30 0 0
0.2738 0.0139 -0.1154 0 -30 0 0
0.2738 0.0139 -0.1154 0 -30 0 0
0.2738 0.0139 -0.1154 0 -30 0 0
0.2769 0.0136 -0.1169 0 -30 0 0
0.2769 0.0136 -0.1169 0 -30 0 0
0.2769 0.0136 -0.1169 0 -30 0 0
0.2769 0.0136 -0.1169 0 -30 0 0
0.2769 0.0136 -0.1169 0 -30 0 0
0.2769 0.0133 -0.1171 0 -30 0 0
0.2769 0.0133 -0.1171 0 -30 0 0
0.2769 0.0133 -0.1171 0 -30 0 0
0.2769 0.0133 -0.1171 0 -30 0 0
0.2769 0.0133 -0.1171 0 -30 0 0
0.2769 0.0133 -0.1171 0 -30 0 0
0.2769 0.0133 -0.1171 0 -30 0 0
0.2769 0.0127 -0.1161 0 -30 0 0
0.2769 0.0127 -0.1161 0 -30 0 0
0.2769 0.0127 -0.1161 0 -30 0 0
0.2769 0.0127 -0.1161 0 -30 0 0
0.2646 0.0121 -0.1151 0 -30 0 0
0.2646 0.0121 -0.1151 0 -30 0 0
0.2646 0.0121 -0.1151 0 -30 0 0
0.2646 0.0121 -0.1151 0 -30 0 0
0.2646 0.0121 -0.1151 0 -30 0 0
0.2646 0.0121 -0.1151 0 -30 0 0
0.2646 0.0121 -0.1151 0 -30 0 0
0.2646 0.0121 -0.1151 0 -30 0 0
0.2646 0.0121 -0.1151 0 -30 0 0
0.2646 0.0121 -0.1151 0 -30 0 0
0.2646 0.0121 -0.1151 0 -30 0 0
0.2646 0.0121 -0.1151 0 -30 0 0
0.2646 0.0121 -0.1151 0 -30 0 0
0.2769 0.0115 -0.1157 0 -30 0 0
0.2769 0.0115 -0.1157 0 -30 0 0
0.2769 0.0115 -0.1157 0 -30 0 0
0.2769 0.0115 -0.1157 0 -30 0 0
0.2585 0.0104 -0.1152 0 -30 0 0
0.2585 0.0104 -0.1152 0 -30 0 0
0.2585 0.0104 -0.1152 0 -30 0 0
0.2585 0.0096 -0.1170 0 -30 0 0
0.2738 0.0096 -0.1170 0 -30 0 0
0.2738 0.0096 -0.1170 0 -30 0 0
0.2738 0.0096 -0.1170 0 -30 0 0
0.2738 0.0083 -0.1173 0 -30 0 0
0.2646 0.0083 -0.1173 0 -30 0 0
0.2646 0.0083 -0.1173 0 -30 0 0
0.2646 0.0083 -0.1173 0 -30 0 0
0.2646 0.0083 -0.1173 0 -30 0 0
0.2646 0.0083 -0.1173 0 -30 0 0
0.2646 0.0083 -0.1173 0 -30 0 0
0.2800 0.0073 -0.1176 0 -30 0 0
0.2800 0.0073 -0.1176 0 -30 0 0
0.2800 0.0073 -0.1176 0 -30 0 0
0.2800 0.0073 -0.1176 0 -30 0 0
0.2862 0.0067 -0.1183 0 -30 0 0
0.2862 0.0067 -0.1183 0 -30 0 0
0.2862 0.0067 -0.1183 0 -30 0 0
0.2862 0.0067 -0.1183 0 -30 0 0
0.2862 0.0067 -0.1183 0 -30 0 0
0.2862 0.0067 -0.1183 0 -30 0 0
0.2862 0.0067 -0.1183 0 -30 0 0
0.2862 0.0067 -0.1183 0 -30 0 0
0.2585 0.0068 -0.1168 0 -30 0 0
0.2585 0.0068 -0.1168 0 -30 0 0
0.2585 0.0068 -0.1168 0 -30 0 0
0.2585 0.0068 -0.1168 0 -30 0 0
0.2585 0.0068 -0.1168 0 -30 0 0
0.2585 0.0068 -0.1168 0 -30 0 0
0.2646 0.0072 -0.1163 0 -30 0 0
0.2646 0.0072 -0.1163 0 -30 0 0
0.2646 0.0072 -0.1163 0 -30 0 0
0.2646 0.0072 -0.1163 0 -30 0 0
0.2585 0.0078 -0.1130 0 -30 0 0
0.2585 0.0078 -0.1130 0 -30 0 0
0.2585 0.0078 -0.1130 0 -30 0 0
0.2585 0.0078 -0.1130 0 -30 0 0
0.2585 0.0078 -0.1130 0 -30 0 0
0.2585 0.0078 -0.1130 0 -30 0 0
0.2585 0.0078 -0.1130 0 -30 0 0
0.2585 0.0083 -0.1104 0 -30 0 0
0.2585 0.0083 -0.1104 0 -30 0 0
0.2585 0.0083 -0.1104 0 -30 0 0
0.2585 0.0083 -0.1104 0 -30 0 0
0.2585 0.0083 -0.1104 0 -30 0 0
0.2585 0.0083 -0.1104 0 0 0 0
0.2308 0.0122 -0.1167 0 -30 0 0
0.2338 0.0122 -0.1167 0 -30 0 0
0.2523 0.0133 -0.1163 0 -30 0 0
0.2523 0.0133 -0.1163 0 -30 0 0
0.2492 0.0144 -0.1115 0 -30 0 0
0.2369 0.0151 -0.1138 0 -30 0 0
0.2308 0.0154 -0.1133 0 -30 0 0
0.2308 0.0154 -0.1133 0 -30 0 0
0.2369 0.0154 -0.1180 0 -30 0 0
0.2369 0.0149 -0.1179 0 -30 0 0
0.2431 0.0149 -0.1179 0 -30 0 0
0.2431 0.0149 -0.1179 0 -30 0 0
0.2431 0.0145 -0.1174 0 -30 0 0
0.2431 0.0145 -0.1174 0 -30 0 0
0.2431 0.0145 -0.1174 0 -30 0 0
0.2431 0.0145 -0.1174 0 -30 0 0
0.2431 0.0145 -0.1174 0 -30 0 0
0.2431 0.0145 -0.1174 0 -30 0 0
0.2431 0.0145 -0.1174 0 -30 0 0
0.2431 0.0145 -0.1174 0 -30 0 0
0.2431 0.0145 -0.1174 0 -30 0 0
0.2431 0.0145 -0.1174 0 -30 0 0
0.2431 0.0145 -0.1174 0 -30 0 0
0.2431 0.0145 -0.1174 0 -30 0 0
0.2431 0.0145 -0.1174 0 -30 0 0
0.2431 0.0145 -0.1174 0 -30 0 0
0.2431 0.0145 -0.1174 0 -30 0 0
0.2431 0.0145 -0.1174 0 -30 0 0
0.2431 0.0145 -0.1174 0 -30 0 0
0.2369 0.0141 -0.1171 0 -30 0 0
0.2369 0.0141 -0.1171 0 -30 0 0
0.2369 0.0141 -0.1171 0 -30 0 0
0.2369 0.0141 -0.1171 0 -30 0 0
0.2369 0.0133 -0.1182 0 -30 0 0
0.2215 0.0121 -0.1182 0 -30 0 0
0.2215 0.0121 -0.1182 0 -30 0 0
0.2154 0.0100 -0.1202 0 -30 0 0
0.2154 0.0100 -0.1202 0 -30 0 0
0.2154 0.0100 -0.1202 0 -30 0 0
0.2154 0.0100 -0.1202 0 -30 0 0
0.2154 0.0100 -0.1202 0 -30 0 0
0.2154 0.0100 -0.1202 0 -30 0 0
0.2154 0.0100 -0.1202 0 -30 0 0
0.2154 0.0084 -0.1201 0 -30 0 0
0.2338 0.0084 -0.1201 0 -30 0 0
0.2338 0.0084 -0.1201 0 -30 0 0
0.2338 0.0084 -0.1201 0 -30 0 0
0.2523 0.0075 -0.1194 0 -30 0 0
0.2523 0.0075 -0.1194 0 -30 0 0
0.2523 0.0075 -0.1194 0 -30 0 0
0.2523 0.0075 -0.1194 0 -30 0 0
0.2523 0.0075 -0.1194 0 -30 0 0
0.2523 0.0075 -0.1194 0 -30 0 0
0.2523 0.0075 -0.1194 0 -30 0 0
0.2523 0.0075 -0.1194 0 -30 0 0
0.2431 0.0074 -0.1193 0 -30 0 0
0.2431 0.0074 -0.1193 0 -30 0 0
0.2431 0.0074 -0.1193 0 -30 0 0
0.2431 0.0074 -0.1193 0 -30 0 0
0.2431 0.0074 -0.1193 0 -30 0 0
0.2431 0.0081 -0.1205 0 -30 0 0
0.2338 0.0081 -0.1205 0 -30 0 0
0.2338 0.0081 -0.1205 0 -30 0 0
0.2338 0.0081 -0.1205 0 -30 0 0
0.2338 0.0081 -0.1205 0 -30 0 0
0.2338 0.0092 -0.1213 0 -30 0 0
0.2400 0.0092 -0.1213 0 -30 0 0
0.2400 0.0092 -0.1213 0 -30 0 0
0.2400 0.0092 -0.1213 0 -30 0 0
0.2400 0.0092 -0.1213 0 -30 0 0
0.2400 0.0092 -0.1213 0 -30 0 0
0.2400 0.0092 -0.1213 0 -30 0 0
0.2400 0.0092 -0.1213 0 -30 0 0
0.2492 0.0111 -0.1222 0 -30 0 0
0.2492 0.0111 -0.1222 0 -30 0 0
0.2492 0.0111 -0.1222 0 -30 0 0
0.2492 0.0111 -0.1222 0 -30 0 0
0.2492 0.0111 -0.1222 0 -30 0 0
0.2492 0.0124 -0.1210 0 -30 0 0
0.2492 0.0124 -0.1210 0 -30 0 0
0.2492 0.0124 -0.1210 0 -30 0 0
0.2492 0.0124 -0.1210 0 -30 0 0
0.2369 0.0132 -0.1212 0 -30 0 0
0.2369 0.0132 -0.1212 0 -30 0 0
0.2369 0.0132 -0.1212 0 -30 0 0
0.2369 0.0132 -0.1212 0 -30 0 0
0.2369 0.0132 -0.1212 0 -30 0 0
0.2369 0.0132 -0.1212 0 -30 0 0
0.2369 0.0132 -0.1212 0 -30 0 0
0.2369 0.0132 -0.1212 0 -30 0 0
0.2369 0.0140 -0.1212 0 -30 0 0
0.2369 0.0140 -0.1212 0 -30 0 0
0.2369 0.0140 -0.1212 0 -30 0 0
0.2369 0.0140 -0.1212 0 -30 0 0
0.2369 0.0140 -0.1212 0 -30 0 0
0.2369 0.0140 -0.1212 0 -30 0 0
0.2369 0.0140 -0.1212 0 -30 0 0
0.2369 0.0146 -0.1211 0 -30 0 0
0.2369 0.0146 -0.1211 0 -30 0 0
0.2369 0.0146 -0.1211 0 -30 0 0
0.2369 0.0146 -0.1211 0 -30 0 0
0.2369 0.0146 -0.1211 0 -30 0 0
0.2369 0.0146 -0.1211 0 -30 0 0
0.2369 0.0146 -0.1211 0 -30 0 0
0.2369 0.0146 -0.1211 0 -30 0 0
0.2369 0.0146 -0.1211 0 -30 0 0
0.2369 0.0146 -0.1211 0 -30 0 0
0.2369 0.0146 -0.1211 0 -30 0 0
0.2369 0.0146 -0.1211 0 -30 0 0
0.2369 0.0146 -0.1211 0 -30 0 0
0.2369 0.0146 -0.1211 0 -30 0 0
0.2338 0.0151 -0.1212 0 -30 0 0
0.2338 0.0153 -0.1209 0 -30 0 0
0.2400 0.0153 -0.1209 0 -30 0 0
0.2154 0.0151 -0.1211 0 -30 0 0
0.2154 0.0151 -0.1211 0 -30 0 0
0.2154 0.0151 -0.1211 0 -30 0 0
0.2154 0.0151 -0.1211 0 -30 0 0
0.2400 0.0147 -0.1214 0 -30 0 0
0.2400 0.0147 -0.1214 0 -30 0 0
0.2400 0.0147 -0.1214 0 -30 0 0
0.2400 0.0147 -0.1214 0 -30 0 0
0.2400 0.0147 -0.1214 0 -30 0 0
0.2400 0.0147 -0.1214 0 -30 0 0
0.2400 0.0139 -0.1214 0 -30 0 0
0.2492 0.0139 -0.1214 0 -30 0 0
0.2492 0.0139 -0.1214 0 -30 0 0
0.2492 0.0139 -0.1214 0 -30 0 0
0.2492 0.0139 -0.1214 0 -30 0 0
0.2492 0.0139 -0.1214 0 -30 0 0
0.2492 0.0139 -0.1214 0 -30 0 0
0.2492 0.0131 -0.1219 0 -30 0 0
0.2492 0.0131 -0.1219 0 -30 0 0
0.2492 0.0131 -0.1219 0 -30 0 0
0.2492 0.0131 -0.1219 0 -30 0 0
0.2492 0.0125 -0.1221 0 -30 0 0
0.2492 0.0125 -0.1221 0 -30 0 0
0.2492 0.0125 -0.1221 0 -30 0 0
0.2492 0.0125 -0.1221 0 -30 0 0
0.2492 0.0125 -0.1221 0 -30 0 0
0.2492 0.0125 -0.1221 0 -30 0 0
0.2492 0.0125 -0.1221 0 -30 0 0
0.2492 0.0125 -0.1221 0 -30 0 0
0.2400 0.0124 -0.1218 0 0 0 0
0.2338 0.0129 -0.1237 0 -30 0 0
0.2585 0.0129 -0.1237 0 -30 0 0
0.2492 0.0133 -0.1221 0 -30 0 0
0.2492 0.0133 -0.1221 0 -30 0 0
0.2246 0.0136 -0.1225 0 -30 0 0
0.2246 0.0136 -0.1225 0 -30 0 0
0.2246 0.0136 -0.1225 0 -30 0 0
0.2431 0.0146 -0.1223 0 -30 0 0
0.2554 0.0160 -0.1217 0 -30 0 0
0.2554 0.0160 -0.1217 0 -30 0 0
0.2738 0.0178 -0.1212 0 -30 0 0
0.2738 0.0178 -0.1212 0 -30 0 0
0.2677 0.0200 -0.1211 0 0 0 0
0.2800 0.0164 -0.1164 0 -30 0 0
0.2800 0.0164 -0.1164 0 -30 0 0
0.2923 0.0170 -0.1176 0 -30 0 0
0.2831 0.0177 -0.1183 0 -30 0 0
0.2831 0.0181 -0.1173 0 -30 0 0
0.2800 0.0181 -0.1173 0 -30 0 0
0.2800 0.0181 -0.1173 0 -30 0 0
0.2769 0.0179 -0.1171 0 -30 0 0
0.2769 0.0179 -0.1171 0 -30 0 0
0.3138 0.0167 -0.1189 0 -30 0 0
0.3138 0.0167 -0.1189 0 -30 0 0
0.3169 0.0160 -0.1216 0 -30 0 0
0.3169 0.0160 -0.1216 0 -30 0 0
0.3169 0.0160 -0.1216 0 -30 0 0
0.3077 0.0151 -0.1244 0 -30 0 0
0.3077 0.0151 -0.1244 0 -30 0 0
0.3077 0.0151 -0.1244 0 -30 0 0
0.3077 0.0151 -0.1244 0 -30 0 0
0.3077 0.0151 -0.1244 0 -30 0 0
0.3077 0.0151 -0.1244 0 -30 0 0
0.3077 0.0151 -0.1244 0 -30 0 0
0.3354 0.0142 -0.1247 0 -30 0 0
0.3354 0.0142 -0.1247 0 -30 0 0
0.3354 0.0142 -0.1247 0 -30 0 0
0.3354 0.0142 -0.1247 0 -30 0 0
0.3354 0.0142 -0.1247 0 -30 0 0
0.3477 0.0137 -0.1241 0 -30 0 0
0.3477 0.0137 -0.1241 0 -30 0 0
0.3477 0.0137 -0.1241 0 -30 0 0
0.3477 0.0137 -0.1241 0 -30 0 0
0.3477 0.0137 -0.1241 0 -30 0 0
0.3477 0.0137 -0.1241 0 -30 0 0
0.3538 0.0130 -0.1249 0 -30 0 0
0.3538 0.0130 -0.1249 0 -30 0 0
0.3538 0.0130 -0.1249 0 -30 0 0
0.3538 0.0130 -0.1249 0 -30 0 0
0.3538 0.0130 -0.1249 0 -30 0 0
0.3538 0.0130 -0.1249 0 -30 0 0
0.3508 0.0120 -0.1251 0 -30 0 0
0.3508 0.0120 -0.1251 0 -30 0 0
0.3508 0.0120 -0.1251 0 -30 0 0
0.3508 0.0120 -0.1251 0 -30 0 0
0.3508 0.0120 -0.1251 0 -30 0 0
0.3692 0.0114 -0.1252 0 -30 0 0
0.3692 0.0114 -0.1252 0 -30 0 0
0.3692 0.0114 -0.1252 0 -30 0 0
0.3692 0.0114 -0.1252 0 -30 0 0
0.3692 0.0114 -0.1252 0 -30 0 0
0.3692 0.0114 -0.1252 0 -30 0 0
0.3692 0.0111 -0.1267 0 -30 0 0
0.3692 0.0111 -0.1267 0 -30 0 0
0.3692 0.0111 -0.1267 0 -30 0 0
0.3692 0.0111 -0.1267 0 -30 0 0
0.3692 0.0111 -0.1267 0 -30 0 0
0.3692 0.0111 -0.1267 0 -30 0 0
0.3354 0.0112 -0.1275 0 -30 0 0
0.3354 0.0112 -0.1275 0 -30 0 0
0.3354 0.0112 -0.1275 0 -30 0 0
0.3354 0.0112 -0.1275 0 -30 0 0
0.3354 0.0112 -0.1275 0 -30 0 0
0.3477 0.0113 -0.1263 0 -30 0 0
0.3477 0.0113 -0.1263 0 -30 0 0
0.3477 0.0113 -0.1263 0 -30 0 0
0.3477 0.0113 -0.1263 0 -30 0 0
0.3477 0.0113 -0.1263 0 -30 0 0
0.3477 0.0113 -0.1263 0 -30 0 0
0.3138 0.0118 -0.1267 0 -30 0 0
0.3138 0.0118 -0.1267 0 -30 0 0
0.3138 0.0118 -0.1267 0 -30 0 0
0.3138 0.0118 -0.1267 0 -30 0 0
0.3138 0.0118 -0.1267 0 -30 0 0
0.3138 0.0118 -0.1267 0 -30 0 0
0.3415 0.0123 -0.1231 0 -30 0 0
0.3415 0.0123 -0.1231 0 -30 0 0
0.3415 0.0123 -0.1231 0 -30 0 0
0.3415 0.0123 -0.1231 0 -30 0 0
0.3415 0.0123 -0.1231 0 -30 0 0
0.3415 0.0123 -0.1231 0 -30 0 0
0.3415 0.0128 -0.1226 0 -30 0 0
0.3323 0.0128 -0.1226 0 -30 0 0
0.3323 0.0128 -0.1226 0 -30 0 0
0.3323 0.0128 -0.1226 0 -30 0 0
0.3323 0.0128 -0.1226 0 -30 0 0
0.3323 0.0128 -0.1226 0 -30 0 0
0.3508 0.0132 -0.1210 0 -30 0 0
0.3508 0.0132 -0.1210 0 -30 0 0
0.3508 0.0132 -0.1210 0 -30 0 0
0.3508 0.0132 -0.1210 0 -30 0 0
0.3508 0.0132 -0.1210 0 -30 0 0
0.3508 0.0132 -0.1210 0 -30 0 0
0.3415 0.0137 -0.1193 0 -30 0 0
0.3415 0.0137 -0.1193 0 -30 0 0
0.3415 0.0137 -0.1193 0 -30 0 0
0.3415 0.0137 -0.1193 0 -30 0 0
0.3415 0.0137 -0.1193 0 -30 0 0
0.3415 0.0137 -0.1193 0 -30 0 0
0.3415 0.0137 -0.1193 0 -30 0 0
0.3415 0.0137 -0.1193 0 -30 0 0
0.3446 0.0138 -0.1208 0 -30 0 0
0.3446 0.0138 -0.1208 0 -30 0 0
0.3446 0.0138 -0.1208 0 -30 0 0
0.3446 0.0137 -0.1187 0 -30 0 0
0.3631 0.0137 -0.1187 0 -30 0 0
0.3631 0.0137 -0.1187 0 -30 0 0
0.3631 0.0137 -0.1187 0 -30 0 0
0.3631 0.0137 -0.1187 0 -30 0 0
0.3631 0.0137 -0.1187 0 -30 0 0
0.3138 0.0131 -0.1158 0 -30 0 0
0.3138 0.0131 -0.1158 0 -30 0 0
0.3138 0.0131 -0.1158 0 -30 0 0
0.3138 0.0131 -0.1158 0 -30 0 0
0.3138 0.0131 -0.1158 0 -30 0 0
0.3292 0.0126 -0.1146 0 -30 0 0
0.3292 0.0126 -0.1146 0 -30 0 0
0.3292 0.0126 -0.1146 0 -30 0 0
0.3292 0.0126 -0.1146 0 -30 0 0
0.3292 0.0126 -0.1146 0 -30 0 0
0.3292 0.0126 -0.1146 0 -30 0 0
0.3138 0.0118 -0.1107 0 -30 0 0
0.3138 0.0118 -0.1107 0 -30 0 0
0.3138 0.0118 -0.1107 0 -30 0 0
0.3138 0.0118 -0.1107 0 -30 0 0
0.3138 0.0118 -0.1107 0 -30 0 0
0.3385 0.0108 -0.1091 0 -30 0 0
0.3385 0.0108 -0.1091 0 -30 0 0
0.3385 0.0108 -0.1091 0 -30 0 0
0.3385 0.0108 -0.1091 0 -30 0 0
0.3385 0.0108 -0.1091 0 -30 0 0
0.3600 0.0103 -0.1068 0 -30 0 0
0.3600 0.0103 -0.1068 0 -30 0 0
0.3600 0.0103 -0.1068 0 -30 0 0
0.3600 0.0103 -0.1068 0 -30 0 0
0.3600 0.0103 -0.1068 0 -30 0 0
0.3600 0.0103 -0.1068 0 -30 0 0
0.3600 0.0103 -0.1068 0 -30 0 0
0.3477 0.0099 -0.1059 0 -30 0 0
0.3477 0.0099 -0.1059 0 -30 0 0
0.3477 0.0099 -0.1059 0 -30 0 0
0.3477 0.0099 -0.1059 0 -30 0 0
0.3477 0.0099 -0.1059 0 -30 0 0
0.3446 0.0099 -0.1072 0 -30 0 0
0.3446 0.0099 -0.1072 0 -30 0 0
0.3446 0.0099 -0.1072 0 -30 0 0
0.3446 0.0099 -0.1072 0 -30 0 0
0.3446 0.0099 -0.1072 0 -30 0 0
0.3754 0.0101 -0.1093 0 -30 0 0
0.3754 0.0101 -0.1093 0 -30 0 0
0.3754 0.0101 -0.1093 0 -30 0 0
0.3754 0.0101 -0.1093 0 -30 0 0
0.3754 0.0101 -0.1093 0 -30 0 0
0.3754 0.0101 -0.1093 0 -30 0 0
0.3723 0.0103 -0.1097 0 -30 0 0
0.3723 0.0103 -0.1097 0 -30 0 0
0.3723 0.0103 -0.1097 0 -30 0 0
0.3723 0.0103 -0.1097 0 -30 0 0
0.3723 0.0103 -0.1097 0 -30 0 0
0.3723 0.0103 -0.1097 0 -30 0 0
0.3723 0.0103 -0.1097 0 -30 0 0
0.3785 0.0106 -0.1124 0 -30 0 0
0.3785 0.0106 -0.1124 0 -30 0 0
0.3785 0.0106 -0.1124 0 -30 0 0
0.3785 0.0106 -0.1124 0 -30 0 0
0.3785 0.0106 -0.1124 0 -30 0 0
0.3846 0.0104 -0.1123 0 -30 0 0
0.3846 0.0104 -0.1123 0 -30 0 0
0.3846 0.0104 -0.1123 0 -30 0 0
0.3846 0.0104 -0.1123 0 -30 0 0
0.3846 0.0104 -0.1123 0 -30 0 0
0.3846 0.0104 -0.1123 0 -30 0 0
0.3723 0.0100 -0.1112 0 -30 0 0
0.3723 0.0100 -0.1112 0 -30 0 0
0.3723 0.0100 -0.1112 0 -30 0 0
0.3723 0.0100 -0.1112 0 -30 0 0
0.3723 0.0092 -0.1111 0 -30 0 0
0.3723 0.0092 -0.1111 0 -30 0 0
0.3723 0.0092 -0.1111 0 -30 0 0
0.3723 0.0092 -0.1111 0 -30 0 0
0.3723 0.0092 -0.1111 0 -30 0 0
0.3723 0.0092 -0.1111 0 -30 0 0
0.3723 0.0092 -0.1111 0 -30 0 0
0.3723 0.0092 -0.1111 0 -30 0 0
0.3723 0.0092 -0.1111 0 -30 0 0
0.3723 0.0092 -0.1111 0 -30 0 0
0.3723 0.0092 -0.1111 0 -30 0 0
0.3723 0.0092 -0.1111 0 -30 0 0
0.3723 0.0092 -0.1111 0 -30 0 0
0.3723 0.0092 -0.1111 0 -30 0 0
0.3662 0.0087 -0.1116 0 -30 0 0
0.3662 0.0087 -0.1116 0 -30 0 0
0.3692 0.0079 -0.1121 0 -30 0 0
0.3631 0.0072 -0.1109 0 -30 0 0
0.3631 0.0072 -0.1109 0 -30 0 0
0.3631 0.0072 -0.1109 0 -30 0 0
0.3631 0.0072 -0.1109 0 -30 0 0
0.3631 0.0072 -0.1109 0 -30 0 0
0.3754 0.0069 -0.1115 0 -30 0 0
0.3754 0.0069 -0.1115 0 -30 0 0
0.3754 0.0069 -0.1115 0 -30 0 0
0.3754 0.0069 -0.1115 0 -30 0 0
0.3754 0.0069 -0.1115 0 -30 0 0
0.3754 0.0069 -0.1115 0 -30 0 0
0.3754 0.0069 -0.1115 0 -30 0 0
0.3754 0.0065 -0.1138 0 -30 0 0
0.3692 0.0065 -0.1138 0 -30 0 0
0.3692 0.0065 -0.1138 0 -30 0 0
0.3692 0.0065 -0.1138 0 -30 0 0
0.3692 0.0065 -0.1138 0 -30 0 0
0.3754 0.0064 -0.1147 0 -30 0 0
0.3754 0.0064 -0.1147 0 -30 0 0
0.3754 0.0064 -0.1147 0 -30 0 0
0.3754 0.0064 -0.1147 0 -30 0 0
0.3754 0.0064 -0.1149 0 -30 0 0
0.3631 0.0064 -0.1149 0 -30 0 0
0.3631 0.0064 -0.1149 0 -30 0 0
0.3631 0.0064 -0.1149 0 -30 0 0
0.3631 0.0064 -0.1149 0 -30 0 0
0.3631 0.0064 -0.1149 0 -30 0 0
0.3631 0.0064 -0.1149 0 -30 0 0
0.3631 0.0064 -0.1149 0 -30 0 0
0.3631 0.0064 -0.1149 0 -30 0 0
0.3815 0.0065 -0.1151 0 -30 0 0
0.3815 0.0065 -0.1151 0 -30 0 0
0.3815 0.0065 -0.1151 0 -30 0 0
0.3569 0.0066 -0.1147 0 -30 0 0
0.3569 0.0066 -0.1147 0 -30 0 0
0.3569 0.0066 -0.1147 0 -30 0 0
0.3569 0.0066 -0.1147 0 -30 0 0
0.3569 0.0066 -0.1147 0 -30 0 0
0.3692 0.0068 -0.1161 0 -30 0 0
0.3692 0.0068 -0.1161 0 -30 0 0
0.3692 0.0068 -0.1161 0 -30 0 0
0.3692 0.0068 -0.1161 0 -30 0 0
0.3692 0.0068 -0.1161 0 -30 0 0
0.3692 0.0068 -0.1161 0 -30 0 0
0.3692 0.0068 -0.1161 0 -30 0 0
0.3692 0.0068 -0.1161 0 -30 0 0
0.3446 0.0070 -0.1169 0 -30 0 0
0.3446 0.0070 -0.1169 0 -30 0 0
0.3446 0.0070 -0.1169 0 -30 0 0
0.3446 0.0070 -0.1169 0 -30 0 0
0.3446 0.0070 -0.1169 0 -30 0 0
0.3538 0.0071 -0.1171 0 -30 0 0
0.3538 0.0071 -0.1171 0 -30 0 0
0.3538 0.0071 -0.1171 0 -30 0 0
0.3538 0.0071 -0.1171 0 -30 0 0
0.3538 0.0071 -0.1171 0 -30 0 0
0.3723 0.0070 -0.1172 0 -30 0 0
0.3723 0.0070 -0.1172 0 0 0 0
0.3815 0.0122 -0.1175 0 -30 0 0
0.3908 0.0122 -0.1185 0 -30 0 0
0.3908 0.0125 -0.1191 0 -30 0 0
0.3908 0.0124 -0.1192 0 -30 0 0
0.3692 0.0124 -0.1192 0 -30 0 0
0.3877 0.0123 -0.1188 0 -30 0 0
0.3877 0.0123 -0.1188 0 -30 0 0
0.4092 0.0124 -0.1158 0 -30 0 0
0.4092 0.0124 -0.1158 0 -30 0 0
0.4092 0.0124 -0.1158 0 -30 0 0
0.4092 0.0124 -0.1158 0 -30 0 0
0.4092 0.0124 -0.1151 0 -30 0 0
0.3723 0.0124 -0.1151 0 -30 0 0
0.3723 0.0124 -0.1151 0 -30 0 0
0.3723 0.0124 -0.1151 0 -30 0 0
0.3723 0.0124 -0.1151 0 -30 0 0
0.3508 0.0123 -0.1150 0 -30 0 0
0.3508 0.0123 -0.1150 0 -30 0 0
0.3508 0.0123 -0.1150 0 -30 0 0
0.3508 0.0123 -0.1150 0 -30 0 0
0.3508 0.0123 -0.1150 0 -30 0 0
0.3508 0.0123 -0.1150 0 -30 0 0
0.3508 0.0123 -0.1150 0 -30 0 0
0.3385 0.0116 -0.1144 0 -30 0 0
0.3385 0.0116 -0.1144 0 -30 0 0
0.3385 0.0116 -0.1144 0 -30 0 0
0.3385 0.0116 -0.1144 0 -30 0 0
0.3385 0.0108 -0.1136 0 -30 0 0
0.3385 0.0108 -0.1136 0 -30 0 0
0.3385 0.0108 -0.1136 0 -30 0 0
0.3385 0.0108 -0.1136 0 -30 0 0
0.3385 0.0108 -0.1136 0 -30 0 0
0.3385 0.0108 -0.1136 0 -30 0 0
0.3415 0.0101 -0.1120 0 -30 0 0
0.3415 0.0101 -0.1120 0 -30 0 0
0.3415 0.0101 -0.1120 0 -30 0 0
0.3415 0.0101 -0.1120 0 -30 0 0
0.3415 0.0101 -0.1120 0 -30 0 0
0.3415 0.0101 -0.1120 0 -30 0 0
0.3415 0.0101 -0.1120 0 -30 0 0
0.3508 0.0089 -0.1124 0 -30 0 0
0.3508 0.0089 -0.1124 0 -30 0 0
0.3508 0.0089 -0.1124 0 -30 0 0
0.3508 0.0089 -0.1124 0 -30 0 0
0.3508 0.0089 -0.1124 0 -30 0 0
0.3631 0.0083 -0.1119 0 -30 0 0
0.3631 0.0083 -0.1119 0 -30 0 0
0.3631 0.0083 -0.1119 0 -30 0 0
0.3631 0.0083 -0.1119 0 -30 0 0
0.3385 0.0079 -0.1110 0 -30 0 0
0.3385 0.0079 -0.1110 0 -30 0 0
0.3385 0.0079 -0.1110 0 -30 0 0
0.3385 0.0079 -0.1110 0 -30 0 0
0.3385 0.0079 -0.1110 0 -30 0 0
0.3385 0.0079 -0.1110 0 -30 0 0
0.3385 0.0079 -0.1110 0 -30 0 0
0.3385 0.0079 -0.1110 0 -30 0 0
0.3508 0.0070 -0.1105 0 -30 0 0
0.3508 0.0070 -0.1105 0 -30 0 0
0.3508 0.0070 -0.1105 0 -30 0 0
0.3508 0.0070 -0.1105 0 0 0 0
0.3662 0.0069 -0.1085 0 -30 0 0
0.3569 0.0076 -0.1070 0 -30 0 0
0.3415 0.0086 -0.1080 0 -30 0 0
0.3415 0.0086 -0.1080 0 -30 0 0
0.3723 0.0094 -0.1087 0 -30 0 0
0.3723 0.0094 -0.1087 0 -30 0 0
0.3723 0.0094 -0.1087 0 -30 0 0
0.3508 0.0111 -0.1085 0 -30 0 0
0.3508 0.0111 -0.1085 0 -30 0 0
0.3508 0.0124 -0.1088 0 -30 0 0
0.3385 0.0124 -0.1088 0 -30 0 0
0.3385 0.0134 -0.1077 0 -30 0 0
0.3877 0.0134 -0.1077 0 -30 0 0
0.3877 0.0134 -0.1077 0 -30 0 0
0.3877 0.0134 -0.1077 0 -30 0 0
0.3877 0.0134 -0.1077 0 -30 0 0
0.3815 0.0144 -0.1062 0 -30 0 0
0.3815 0.0144 -0.1062 0 -30 0 0
0.3815 0.0144 -0.1062 0 -30 0 0
0.3815 0.0144 -0.1062 0 -30 0 0
0.3815 0.0144 -0.1062 0 -30 0 0
0.3692 0.0149 -0.1062 0 -30 0 0
0.3692 0.0149 -0.1062 0 -30 0 0
0.3692 0.0149 -0.1062 0 -30 0 0
0.3692 0.0149 -0.1062 0 -30 0 0
0.3692 0.0149 -0.1062 0 -30 0 0
0.3692 0.0149 -0.1062 0 -30 0 0
0.3754 0.0150 -0.1069 0 -30 0 0
0.3754 0.0150 -0.1069 0 -30 0 0
0.3754 0.0150 -0.1069 0 -30 0 0
0.3754 0.0150 -0.1069 0 0 0 0
0.3446 0.0108 -0.1060 0 -30 0 0
0.3754 0.0108 -0.1060 0 -30 0 0
0.3754 0.0108 -0.1060 0 -30 0 0
0.3631 0.0100 -0.1050 0 -30 0 0
0.3569 0.0101 -0.1051 0 -30 0 0
0.3569 0.0101 -0.1051 0 -30 0 0
0.3662 0.0104 -0.1048 0 -30 0 0
0.3662 0.0104 -0.1048 0 -30 0 0
0.3723 0.0111 -0.1037 0 -30 0 0
0.3723 0.0111 -0.1037 0 -30 0 0
0.3723 0.0111 -0.1037 0 -30 0 0
0.3723 0.0111 -0.1037 0 -30 0 0
0.3723 0.0111 -0.1037 0 -30 0 0
0.3723 0.0111 -0.1037 0 -30 0 0
0.3508 0.0121 -0.1053 0 -30 0 0
0.3508 0.0121 -0.1053 0 -30 0 0
0.3508 0.0121 -0.1053 0 -30 0 0
0.3508 0.0121 -0.1053 0 -30 0 0
0.3508 0.0121 -0.1053 0 -30 0 0
0.3815 0.0127 -0.1031 0 -30 0 0
0.3815 0.0127 -0.1031 0 -30 0 0
0.3815 0.0127 -0.1031 0 -30 0 0
0.3815 0.0127 -0.1031 0 -30 0 0
0.3815 0.0127 -0.1031 0 -30 0 0
0.3815 0.0127 -0.1031 0 -30 0 0
0.3815 0.0127 -0.1031 0 -30 0 0
0.3815 0.0127 -0.1031 0 0 0 0
0.3877 0.0125 -0.1039 0 -30 0 0
0.3877 0.0125 -0.1039 0 -30 0 0
0.3815 0.0118 -0.1037 0 -30 0 0
0.3815 0.0118 -0.1037 0 -30 0 0
0.3785 0.0115 -0.1076 0 -30 0 0
0.3785 0.0115 -0.1076 0 -30 0 0
0.4062 0.0113 -0.1078 0 -30 0 0
0.4062 0.0113 -0.1055 0 -30 0 0
0.3846 0.0113 -0.1055 0 -30 0 0
0.3846 0.0113 -0.1055 0 -30 0 0
0.3908 0.0115 -0.1059 0 -30 0 0
0.3908 0.0115 -0.1059 0 -30 0 0
0.3908 0.0115 -0.1059 0 -30 0 0
0.3908 0.0115 -0.1059 0 -30 0 0
0.3908 0.0115 -0.1059 0 -30 0 0
0.3692 0.0118 -0.1079 0 -30 0 0
0.3692 0.0118 -0.1079 0 -30 0 0
0.3692 0.0118 -0.1079 0 -30 0 0
0.3692 0.0118 -0.1079 0 -30 0 0
0.3692 0.0118 -0.1079 0 -30 0 0
0.3692 0.0118 -0.1079 0 -30 0 0
0.3692 0.0118 -0.1079 0 -30 0 0
0.3692 0.0118 -0.1079 0 -30 0 0
0.3692 0.0118 -0.1079 0 0 0 0
0.3754 0.0121 -0.1097 0 -30 0 0
0.3723 0.0121 -0.1097 0 -30 0 0
0.3662 0.0118 -0.1098 0 -30 0 0
0.3662 0.0115 -0.1090 0 -30 0 0
0.3662 0.0115 -0.1090 0 -30 0 0
0.3908 0.0115 -0.1100 0 -30 0 0
0.3908 0.0120 -0.1130 0 -30 0 0
0.3908 0.0120 -0.1130 0 -30 0 0
0.3908 0.0120 -0.1130 0 -30 0 0
0.3908 0.0120 -0.1130 0 -30 0 0
0.3908 0.0120 -0.1130 0 -30 0 0
0.3723 0.0124 -0.1116 0 -30 0 0
0.3723 0.0124 -0.1116 0 -30 0 0
0.3723 0.0124 -0.1116 0 -30 0 0
0.3723 0.0124 -0.1116 0 0 0 0
0.3908 0.0127 -0.1115 0 -30 0 0
0.4031 0.0127 -0.1105 0 -30 0 0
0.4031 0.0127 -0.1105 0 -30 0 0
0.3877 0.0120 -0.1110 0 -30 0 0
0.3754 0.0107 -0.1114 0 -30 0 0
0.3754 0.0107 -0.1114 0 -30 0 0
0.3846 0.0097 -0.1149 0 -30 0 0
0.3846 0.0097 -0.1149 0 -30 0 0
0.3600 0.0091 -0.1153 0 -30 0 0
0.3600 0.0091 -0.1153 0 -30 0 0
0.3600 0.0091 -0.1153 0 -30 0 0
0.3600 0.0091 -0.1153 0 -30 0 0
0.3600 0.0091 -0.1153 0 -30 0 0
0.3600 0.0091 -0.1153 0 -30 0 0
0.3600 0.0091 -0.1153 0 -30 0 0
0.3600 0.0091 -0.1153 0 0 0 0
0.3969 0.0091 -0.1131 0 -30 0 0
0.4092 0.0091 -0.1131 0 -30 0 0
0.4092 0.0091 -0.1131 0 -30 0 0
0.3938 0.0088 -0.1140 0 -30 0 0
0.3754 0.0083 -0.1136 0 -30 0 0
0.4031 0.0083 -0.1165 0 -30 0 0
0.4031 0.0083 -0.1165 0 -30 0 0
0.4246 0.0092 -0.1202 0 -30 0 0
0.4246 0.0092 -0.1202 0 -30 0 0
0.3877 0.0121 -0.1235 0 -30 0 0
0.3877 0.0121 -0.1235 0 -30 0 0
0.3877 0.0121 -0.1235 0 -30 0 0
0.3877 0.0121 -0.1235 0 -30 0 0
0.3969 0.0138 -0.1241 0 -30 0 0
0.3969 0.0138 -0.1241 0 -30 0 0
0.3969 0.0138 -0.1241 0 -30 0 0
0.3969 0.0138 -0.1241 0 -30 0 0
0.4154 0.0148 -0.1255 0 -30 0 0
0.4154 0.0148 -0.1255 0 -30 0 0
0.4154 0.0148 -0.1255 0 -30 0 0
0.4154 0.0148 -0.1255 0 -30 0 0
0.4154 0.0148 -0.1255 0 -30 0 0
0.4154 0.0148 -0.1255 0 -30 0 0
0.4154 0.0148 -0.1255 0 -30 0 0
0.4000 0.0157 -0.1250 0 -30 0 0
0.4000 0.0157 -0.1250 0 -30 0 0
0.4000 0.0157 -0.1250 0 0 0 0
0.3908 0.0124 -0.1268 0 -30 0 0
0.3938 0.0118 -0.1286 0 -30 0 0
0.3631 0.0124 -0.1318 0 -30 0 0
0.3631 0.0124 -0.1318 0 -30 0 0
0.3969 0.0132 -0.1310 0 -30 0 0
0.3969 0.0132 -0.1310 0 -30 0 0
0.4031 0.0134 -0.1306 0 -30 0 0
0.3908 0.0133 -0.1240 0 -30 0 0
0.3908 0.0130 -0.1237 0 -30 0 0
0.4031 0.0130 -0.1237 0 -30 0 0
0.4031 0.0130 -0.1237 0 -30 0 0
0.4154 0.0127 -0.1236 0 -30 0 0
0.4154 0.0127 -0.1236 0 -30 0 0
0.4154 0.0127 -0.1236 0 -30 0 0
0.4154 0.0127 -0.1236 0 -30 0 0
0.4154 0.0127 -0.1236 0 -30 0 0
0.4154 0.0127 -0.1236 0 -30 0 0
0.4062 0.0128 -0.1249 0 -30 0 0
0.4062 0.0128 -0.1249 0 -30 0 0
0.4062 0.0128 -0.1249 0 -30 0 0
0.4062 0.0128 -0.1249 0 -30 0 0
0.4062 0.0128 -0.1249 0 -30 0 0
0.3846 0.0129 -0.1241 0 -30 0 0
0.3846 0.0129 -0.1241 0 -30 0 0
0.3846 0.0129 -0.1241 0 -30 0 0
0.3846 0.0129 -0.1241 0 0 0 0
0.4123 0.0122 -0.1236 0 -30 0 0
0.4215 0.0116 -0.1232 0 -30 0 0
0.3969 0.0116 -0.1232 0 -30 0 0
0.4277 0.0109 -0.1232 0 -30 0 0
0.4308 0.0105 -0.1226 0 -30 0 0
0.4308 0.0105 -0.1226 0 -30 0 0
0.4123 0.0105 -0.1227 0 -30 0 0
0.4123 0.0105 -0.1227 0 -30 0 0
0.4123 0.0105 -0.1227 0 -30 0 0
0.4123 0.0105 -0.1227 0 -30 0 0
0.4123 0.0105 -0.1227 0 -30 0 0
0.4031 0.0109 -0.1227 0 -30 0 0
0.4031 0.0109 -0.1227 0 -30 0 0
0.4031 0.0109 -0.1227 0 -30 0 0
0.4031 0.0109 -0.1227 0 -30 0 0
0.3969 0.0116 -0.1227 0 -30 0 0
0.3969 0.0116 -0.1227 0 -30 0 0
0.3969 0.0116 -0.1227 0 -30 0 0
0.3969 0.0116 -0.1227 0 -30 0 0
0.3969 0.0116 -0.1227 0 -30 0 0
0.4277 0.0121 -0.1235 0 -30 0 0
0.4277 0.0121 -0.1235 0 -30 0 0
0.4277 0.0121 -0.1235 0 -30 0 0
0.4277 0.0121 -0.1235 0 -30 0 0
0.4277 0.0121 -0.1235 0 -30 0 0
0.4277 0.0121 -0.1235 0 0 0 0
0.4092 0.0133 -0.1241 0 -30 0 0
0.3877 0.0134 -0.1241 0 -30 0 0
0.4154 0.0131 -0.1243 0 -30 0 0
0.4062 0.0120 -0.1233 0 -30 0 0
0.4092 0.0107 -0.1231 0 -30 0 0
0.4092 0.0099 -0.1221 0 -30 0 0
0.4185 0.0099 -0.1221 0 -30 0 0
0.4185 0.0099 -0.1221 0 -30 0 0
0.4185 0.0099 -0.1221 0 -30 0 0
0.4185 0.0099 -0.1221 0 -30 0 0
0.4492 0.0093 -0.1211 0 -30 0 0
0.4492 0.0093 -0.1211 0 -30 0 0
0.4492 0.0093 -0.1211 0 -30 0 0
0.4492 0.0093 -0.1211 0 -30 0 0
0.4492 0.0093 -0.1211 0 -30 0 0
0.4185 0.0091 -0.1232 0 -30 0 0
0.4185 0.0091 -0.1232 0 -30 0 0
0.4185 0.0091 -0.1232 0 -30 0 0
0.4185 0.0091 -0.1232 0 -30 0 0
0.4185 0.0091 -0.1232 0 0 0 0
0.4215 0.0086 -0.1220 0 -30 0 0
0.4215 0.0084 -0.1225 0 -30 0 0
0.3969 0.0084 -0.1225 0 -30 0 0
0.3969 0.0084 -0.1225 0 -30 0 0
0.3969 0.0086 -0.1209 0 -30 0 0
0.3785 0.0086 -0.1209 0 -30 0 0
0.4092 0.0086 -0.1247 0 -30 0 0
0.4277 0.0088 -0.1250 0 -30 0 0
0.4277 0.0092 -0.1250 0 -30 0 0
0.4308 0.0092 -0.1250 0 -30 0 0
0.4308 0.0092 -0.1250 0 -30 0 0
0.4308 0.0092 -0.1250 0 -30 0 0
0.4308 0.0092 -0.1250 0 -30 0 0
0.4185 0.0102 -0.1258 0 -30 0 0
0.4185 0.0102 -0.1258 0 -30 0 0
0.4185 0.0102 -0.1258 0 -30 0 0
0.4185 0.0102 -0.1258 0 -30 0 0
0.4185 0.0102 -0.1258 0 -30 0 0
0.4185 0.0107 -0.1259 0 -30 0 0
0.4431 0.0107 -0.1259 0 -30 0 0
0.4431 0.0107 -0.1259 0 -30 0 0
0.4431 0.0107 -0.1259 0 -30 0 0
0.4431 0.0107 -0.1259 0 -30 0 0
0.4431 0.0107 -0.1259 0 -30 0 0
0.4308 0.0104 -0.1248 0 -30 0 0
0.4308 0.0104 -0.1248 0 -30 0 0
0.4308 0.0104 -0.1248 0 -30 0 0
0.4308 0.0104 -0.1248 0 -30 0 0
0.4308 0.0104 -0.1248 0 -30 0 0
0.4308 0.0092 -0.1217 0 -30 0 0
0.4062 0.0092 -0.1217 0 -30 0 0
0.4062 0.0092 -0.1217 0 -30 0 0
0.4062 0.0092 -0.1217 0 -30 0 0
0.4062 0.0092 -0.1217 0 -30 0 0
0.4062 0.0092 -0.1217 0 -30 0 0
0.4277 0.0082 -0.1202 0 -30 0 0
0.4277 0.0082 -0.1202 0 0 0 0
0.4369 0.0174 -0.1234 0 -30 0 0
0.4400 0.0170 -0.1234 0 -30 0 0
0.4338 0.0168 -0.1221 0 -30 0 0
0.4369 0.0169 -0.1225 0 -30 0 0
0.4369 0.0169 -0.1225 0 -30 0 0
0.4338 0.0171 -0.1227 0 -30 0 0
0.4277 0.0172 -0.1230 0 -30 0 0
0.4277 0.0172 -0.1230 0 -30 0 0
0.3969 0.0172 -0.1200 0 -30 0 0
0.3969 0.0172 -0.1200 0 -30 0 0
0.3969 0.0172 -0.1200 0 -30 0 0
0.3969 0.0172 -0.1200 0 -30 0 0
0.3969 0.0172 -0.1200 0 -30 0 0
0.4308 0.0177 -0.1187 0 -30 0 0
0.4308 0.0177 -0.1187 0 -30 0 0
0.4308 0.0177 -0.1187 0 -30 0 0
0.4308 0.0177 -0.1187 0 -30 0 0
0.4215 0.0185 -0.1160 0 -30 0 0
0.4215 0.0185 -0.1160 0 -30 0 0
0.4215 0.0185 -0.1160 0 -30 0 0
0.4215 0.0185 -0.1160 0 -30 0 0
0.4215 0.0185 -0.1160 0 -30 0 0
0.4215 0.0185 -0.1160 0 -30 0 0
0.4215 0.0185 -0.1160 0 -30 0 0
0.4277 0.0190 -0.1161 0 -30 0 0
0.4277 0.0190 -0.1161 0 0 0 0
0.4769 0.0146 -0.0970 0 0 0 30
0.4800 0.0154 -0.0994 0 0 0 30
0.4523 0.0146 -0.1000 0 0 0 30
0.4523 0.0140 -0.1002 0 0 0 30
0.4523 0.0140 -0.1002 0 0 0 30
0.4492 0.0136 -0.0936 0 0 0 30
0.4492 0.0136 -0.0939 0 0 0 30
0.4646 0.0136 -0.0939 0 0 0 0
0.4646 0.0129 -0.0894 0 0 0 30
0.4646 0.0122 -0.0837 0 0 0 30
0.4554 0.0122 -0.0837 0 0 0 30
0.4523 0.0120 -0.0833 0 0 0 30
0.4523 0.0122 -0.0814 0 0 0 30
0.4738 0.0122 -0.0816 0 0 0 30
0.4738 0.0122 -0.0816 0 0 0 30
0.4554 0.0124 -0.0814 0 0 0 30
0.4554 0.0124 -0.0814 0 0 0 0
0.4492 0.0125 -0.0822 0 0 0 30
0.4585 0.0124 -0.0826 0 0 0 30
0.4400 0.0126 -0.0796 0 0 0 30
0.4400 0.0123 -0.0791 0 0 0 30
0.4615 0.0123 -0.0791 0 0 0 30
0.4615 0.0110 -0.0771 0 0 0 30
0.4615 0.0110 -0.0771 0 0 0 0
0.4585 0.0081 -0.0737 0 0 0 30
0.4646 0.0083 -0.0733 0 0 0 30
0.4338 0.0080 -0.0752 0 0 0 30
0.4338 0.0080 -0.0752 0 0 0 30
0.4462 0.0077 -0.0758 0 0 0 30
0.4462 0.0077 -0.0758 0 0 0 30
0.4554 0.0072 -0.0771 0 0 0 30
0.4554 0.0069 -0.0776 0 0 0 30
0.4646 0.0065 -0.0773 0 0 0 30
0.4646 0.0065 -0.0773 0 0 0 30
0.4554 0.0060 -0.0770 0 0 0 0
0.4431 0.0060 -0.0741 0 0 0 30
0.4554 0.0060 -0.0741 0 0 0 30
0.4554 0.0061 -0.0708 0 0 0 30
0.4308 0.0061 -0.0708 0 0 0 30
0.4308 0.0058 -0.0702 0 0 0 30
0.4338 0.0060 -0.0689 0 0 0 30
0.4338 0.0060 -0.0689 0 0 0 30
0.4400 0.0062 -0.0690 0 0 0 30
0.4554 0.0069 -0.0692 0 0 0 0
0.4615 0.0082 -0.0667 0 0 0 30
0.4277 0.0082 -0.0667 0 0 0 30
0.4369 0.0084 -0.0661 0 0 0 30
0.4462 0.0081 -0.0658 0 0 0 30
0.4338 0.0078 -0.0654 0 0 0 30
0.4338 0.0078 -0.0654 0 0 0 30
0.4338 0.0078 -0.0654 0 0 0 30
0.4338 0.0078 -0.0654 0 0 0 30
0.4338 0.0078 -0.0646 0 0 0 30
0.4338 0.0078 -0.0646 0 0 0 0
0.4400 0.0105 -0.0646 0 0 0 30
0.4338 0.0105 -0.0646 0 0 0 30
0.4338 0.0106 -0.0654 0 0 0 30
0.4308 0.0106 -0.0654 0 0 0 30
0.4769 0.0108 -0.0663 0 0 0 30
0.4769 0.0108 -0.0663 0 0 0 30
0.4862 0.0114 -0.0664 0 0 0 30
0.4646 0.0120 -0.0671 0 0 0 30
0.4646 0.0120 -0.0671 0 0 0 0
0.4862 0.0099 -0.0648 0 0 0 30
0.4831 0.0099 -0.0648 0 0 0 30
0.4738 0.0087 -0.0645 0 0 0 30
0.4738 0.0079 -0.0661 0 0 0 30
0.4400 0.0080 -0.0665 0 0 0 30
0.4400 0.0092 -0.0679 0 0 0 30
0.4646 0.0092 -0.0679 0 0 0 30
0.4646 0.0092 -0.0679 0 0 0 0
0.4708 0.0107 -0.0632 0 0 0 30
0.4738 0.0111 0.6159 0 0 0 30
0.4862 0.0110 0.6160 0 0 0 30
0.4862 0.0110 0.6160 0 0 0 30
0.4831 0.0110 0.6149 0 0 0 30
0.4831 0.0110 0.6149 0 0 0 30
0.4523 0.0114 0.6149 0 0 0 30
0.4523 0.0114 0.6149 0 0 0 30
0.4615 0.0106 0.6145 0 0 0 30
0.4615 0.0097 0.6156 0 0 0 30
0.4585 0.0097 0.6156 0 0 0 30
0.4585 0.0097 0.6156 0 0 0 0
0.4585 0.0084 0.6179 0 0 0 30
0.4831 0.0089 0.6194 0 0 0 30
0.4831 0.0089 0.6194 0 0 0 30
0.4615 0.0094 0.6203 0 0 0 30
0.4554 0.0101 0.6210 0 0 0 30
0.4554 0.0101 0.6210 0 0 0 30
0.4554 0.0101 0.6210 0 0 0 0
0.4646 0.0103 0.6235 0 0 0 30
0.4646 0.0103 0.6235 0 0 0 30
0.4431 0.0100 0.6248 0 0 0 30
0.4338 0.0095 0.6258 0 0 0 30
0.4338 0.0093 0.6253 0 0 0 30
0.4708 0.0093 0.6253 0 0 0 30
0.4246 0.0090 0.6251 0 0 0 30
0.4246 0.0090 0.6251 0 0 0 30
0.4246 0.0090 0.6251 0 0 0 30
0.4246 0.0090 0.6251 0 0 0 30
0.4246 0.0090 0.6251 0 0 0 0
0.4738 0.0082 0.6266 0 0 0 30
0.4338 0.0086 0.6276 0 0 0 30
0.4554 0.0086 0.6294 0 0 0 30
0.4554 0.0086 0.6294 0 0 0 30
0.4615 0.0086 0.6317 0 0 0 30
0.4615 0.0086 0.6317 0 0 0 30
0.4615 0.0086 0.6317 0 0 0 30
0.4615 0.0086 0.6317 0 0 0 30
0.4615 0.0086 0.6317 0 0 0 30
0.4554 0.0085 0.6319 0 0 0 0
0.4615 0.0112 0.6442 0 0 0 30
0.4431 0.0119 0.6472 0 0 0 30
0.4431 0.0119 0.6472 0 0 0 30
0.4585 0.0123 0.6481 0 0 0 30
0.4585 0.0123 0.6481 0 0 0 30
0.4585 0.0122 0.6488 0 0 0 30
0.4738 0.0122 0.6488 0 0 0 0
0.4369 0.0107 0.6500 0 30 0 0
0.5046 0.0106 0.6493 0 30 0 0
0.4862 0.0100 0.6472 0 30 0 0
0.4862 0.0100 0.6472 0 30 0 0
0.4646 0.0087 0.6492 0 30 0 0
0.4738 0.0079 0.6514 0 30 0 0
0.4738 0.0079 0.6514 0 30 0 0
0.4308 0.0054 -0.0559 0 30 0 0
0.4308 0.0054 -0.0559 0 30 0 0
0.4308 0.0054 -0.0559 0 30 0 0
0.4615 0.0051 -0.0551 0 30 0 0
0.4615 0.0051 -0.0551 0 30 0 0
0.4615 0.0051 -0.0551 0 30 0 0
0.4615 0.0051 -0.0551 0 30 0 0
0.4615 0.0051 -0.0551 0 30 0 0
0.4615 0.0051 -0.0551 0 30 0 0
0.4615 0.0051 -0.0551 0 30 0 0
0.4615 0.0051 -0.0551 0 30 0 0
0.4615 0.0051 -0.0551 0 30 0 0
0.4615 0.0051 -0.0551 0 30 0 0
0.4708 0.0049 -0.0556 0 30 0 0
0.4708 0.0049 -0.0556 0 30 0 0
0.4708 0.0049 -0.0556 0 30 0 0
0.4708 0.0049 -0.0556 0 30 0 0
0.4708 0.0049 -0.0556 0 30 0 0
0.4708 0.0049 -0.0556 0 30 0 0
0.4708 0.0049 -0.0556 0 30 0 0
0.4677 0.0051 -0.0565 0 30 0 0
0.4677 0.0058 -0.0542 0 30 0 0
0.4677 0.0058 -0.0542 0 30 0 0
0.4677 0.0058 -0.0542 0 30 0 0
0.4769 0.0068 -0.0526 0 30 0 0
0.4769 0.0068 -0.0526 0 30 0 0
0.4769 0.0068 -0.0526 0 0 0 0
0.4585 0.0094 -0.0536 0 30 0 0
0.4646 0.0099 -0.0539 0 30 0 0
0.4646 0.0099 -0.0539 0 30 0 0
0.4462 0.0103 -0.0555 0 30 0 0
0.4462 0.0099 -0.0566 0 30 0 0
0.4492 0.0099 -0.0566 0 30 0 0
0.4523 0.0086 -0.0590 0 30 0 0
0.4492 0.0075 -0.0585 0 30 0 0
0.4492 0.0075 -0.0585 0 30 0 0
0.4492 0.0075 -0.0585 0 30 0 0
0.4492 0.0075 -0.0585 0 30 0 0
0.4492 0.0075 -0.0585 0 30 0 0
0.4492 0.0075 -0.0585 0 30 0 0
0.4492 0.0066 -0.0573 0 30 0 0
0.4492 0.0066 -0.0573 0 30 0 0
0.4492 0.0066 -0.0573 0 30 0 0
0.4492 0.0057 -0.0564 0 30 0 0
0.4646 0.0053 -0.0582 0 30 0 0
0.4400 0.0053 -0.0582 0 30 0 0
0.4400 0.0053 -0.0582 0 30 0 0
0.4400 0.0053 -0.0582 0 30 0 0
0.4554 0.0049 -0.0603 0 30 0 0
0.4554 0.0049 -0.0603 0 30 0 0
0.4554 0.0049 -0.0603 0 30 0 0
0.4554 0.0049 -0.0603 0 30 0 0
0.4554 0.0049 -0.0603 0 30 0 0
0.4554 0.0049 -0.0603 0 30 0 0
0.4800 0.0047 -0.0599 0 30 0 0
0.4800 0.0047 -0.0599 0 30 0 0
0.4800 0.0047 -0.0599 0 30 0 0
0.4800 0.0047 -0.0599 0 30 0 0
0.4800 0.0047 -0.0599 0 30 0 0
0.4677 0.0049 -0.0602 0 30 0 0
0.4677 0.0049 -0.0602 0 30 0 0
0.4677 0.0049 -0.0602 0 30 0 0
0.4677 0.0049 -0.0602 0 30 0 0
0.4677 0.0049 -0.0602 0 30 0 0
0.4677 0.0049 -0.0602 0 30 0 0
0.4615 0.0050 -0.0631 0 30 0 0
0.4615 0.0050 -0.0631 0 30 0 0
0.4615 0.0050 -0.0631 0 30 0 0
0.4615 0.0050 -0.0631 0 30 0 0
0.4462 0.0051 -0.0632 0 30 0 0
0.4462 0.0051 -0.0632 0 30 0 0
0.4462 0.0051 -0.0632 0 30 0 0
0.4462 0.0051 -0.0632 0 30 0 0
0.4462 0.0051 -0.0632 0 30 0 0
0.4431 0.0052 -0.0656 0 30 0 0
0.4431 0.0052 -0.0656 0 30 0 0
0.4431 0.0052 -0.0656 0 30 0 0
0.4431 0.0052 -0.0656 0 30 0 0
0.4431 0.0052 -0.0656 0 30 0 0
0.4431 0.0052 -0.0656 0 0 0 0
0.4677 0.0053 -0.0650 0 0 0 30
0.4677 0.0056 -0.0621 0 0 0 30
0.4492 0.0056 -0.0621 0 0 0 30
0.4369 0.0058 -0.0618 0 0 0 30
0.4369 0.0058 -0.0618 0 0 0 30
0.4431 0.0056 -0.0635 0 0 0 30
0.4400 0.0054 -0.0623 0 0 0 0
0.4554 0.0053 -0.0598 0 0 0 30
0.4369 0.0052 -0.0601 0 0 0 30
0.4492 0.0049 -0.0614 0 0 0 30
0.4123 0.0049 -0.0612 0 0 0 30
0.4123 0.0049 -0.0612 0 0 0 30
0.4462 0.0056 -0.0585 0 0 0 30
0.4277 0.0062 -0.0586 0 0 0 30
0.4277 0.0062 -0.0586 0 0 0 30
0.4277 0.0062 -0.0586 0 0 0 30
0.4338 0.0061 -0.0565 0 0 0 0
0.4277 0.0060 -0.0560 0 0 0 30
0.4462 0.0060 -0.0560 0 0 0 30
0.4369 0.0061 -0.0584 0 0 0 30
0.4215 0.0056 -0.0584 0 0 0 0
0.4708 0.0067 -0.0607 0 0 0 30
0.4708 0.0071 -0.0594 0 0 0 30
0.4862 0.0072 -0.0575 0 0 0 30
0.4585 0.0072 -0.0575 0 0 0 30
0.4554 0.0071 -0.0566 0 0 0 30
0.4246 0.0066 -0.0564 0 0 0 0
0.4369 0.0074 -0.0583 0 0 0 30
0.4369 0.0084 -0.0579 0 0 0 30
0.4369 0.0095 -0.0572 0 0 0 30
0.4246 0.0095 -0.0572 0 0 0 30
0.4338 0.0097 -0.0588 0 0 0 30
0.4338 0.0097 -0.0588 0 0 0 30
0.4523 0.0091 -0.0570 0 0 0 30
0.4523 0.0081 -0.0585 0 0 0 30
0.4523 0.0081 -0.0585 0 0 0 30
0.4523 0.0081 -0.0585 0 0 0 0
0.4215 0.0066 -0.0597 0 0 0 30
0.4215 0.0066 -0.0597 0 0 0 30
0.4338 0.0074 -0.0576 0 0 0 30
0.4338 0.0074 -0.0576 0 0 0 30
0.4123 0.0086 -0.0565 0 0 0 30
0.4215 0.0100 -0.0551 0 0 0 30
0.4215 0.0100 -0.0551 0 0 0 30
0.4092 0.0107 -0.0545 0 0 0 30
0.4400 0.0111 -0.0526 0 0 0 0
0.4431 0.0156 -0.0464 0 0 0 30
0.4246 0.0156 -0.0464 0 0 0 30
0.4031 0.0152 -0.0452 0 0 0 30
0.4277 0.0149 -0.0443 0 0 0 30
0.4523 0.0147 -0.0451 0 0 0 30
0.4185 0.0153 -0.0480 0 0 0 30
0.4185 0.0153 -0.0480 0 0 0 0
0.4215 0.0165 -0.0471 0 0 0 30
0.4400 0.0155 -0.0470 0 0 0 30
0.4400 0.0151 -0.0471 0 0 0 30
0.4585 0.0151 -0.0471 0 0 0 30
0.4769 0.0149 -0.0475 0 0 0 0
0.4277 0.0085 -0.0203 0 0 0 -30
0.4338 0.0085 -0.0203 0 0 0 -30
0.4338 0.0080 -0.0202 0 0 0 -30
0.4338 0.0077 -0.0204 0 0 0 -30
0.4215 0.0077 -0.0204 0 0 0 -30
0.4431 0.0070 -0.0206 0 0 0 -30
0.4369 0.0071 -0.0206 0 0 0 -30
0.4369 0.0071 -0.0206 0 0 0 -30
0.4492 0.0074 -0.0207 0 0 0 -30
0.4492 0.0074 -0.0207 0 0 0 0
0.4308 0.0077 -0.0202 0 0 0 -30
0.4308 0.0074 -0.0197 0 0 0 -30
0.4400 0.0074 -0.0197 0 0 0 -30
0.4400 0.0070 -0.0218 0 0 0 -30
0.4277 0.0068 -0.0234 0 0 0 -30
0.4277 0.0067 -0.0245 0 0 0 -30
0.4031 0.0067 -0.0245 0 0 0 -30
0.4031 0.0067 -0.0245 0 0 0 -30
0.4185 0.0067 -0.0255 0 0 0 -30
0.4185 0.0067 -0.0255 0 0 0 -30
0.4185 0.0067 -0.0255 0 0 0 0
0.4277 0.0067 -0.0265 0 0 0 -30
0.4123 0.0066 -0.0268 0 0 0 -30
0.4123 0.0066 -0.0268 0 0 0 -30
0.4338 0.0066 -0.0284 0 0 0 -30
0.4338 0.0066 -0.0284 0 0 0 -30
0.4338 0.0066 -0.0314 0 0 0 -30
0.4462 0.0066 -0.0338 0 0 0 -30
0.4462 0.0066 -0.0338 0 0 0 -30
0.4462 0.0066 -0.0338 0 0 0 -30
0.4154 0.0072 -0.0342 0 0 0 -30
0.4154 0.0072 -0.0342 0 0 0 0
0.4308 0.0083 0.6286 0 0 0 -30
0.4154 0.0082 0.6290 0 0 0 -30
0.4154 0.0082 0.6290 0 0 0 -30
0.4369 0.0072 0.6282 0 0 0 -30
0.4277 0.0060 0.6266 0 0 0 -30
0.4277 0.0060 0.6266 0 0 0 -30
0.4277 0.0060 0.6266 0 0 0 -30
0.4277 0.0060 0.6266 0 0 0 -30
0.4277 0.0060 0.6266 0 0 0 -30
0.4277 0.0060 0.6266 0 0 0 -30
0.4277 0.0060 0.6266 0 0 0 -30
0.4277 0.0054 0.6265 0 0 0 -30
0.4154 0.0054 0.6265 0 0 0 0
0.4215 0.0056 0.6265 0 0 0 -30
0.3938 0.0056 0.6265 0 0 0 -30
0.3938 0.0056 0.6265 0 0 0 -30
0.4185 0.0050 0.6247 0 0 0 -30
0.4369 0.0046 0.6225 0 0 0 -30
0.4369 0.0046 0.6225 0 0 0 -30
0.4369 0.0046 0.6225 0 0 0 -30
0.4338 0.0043 0.6203 0 0 0 -30
0.4338 0.0043 0.6203 0 0 0 -30
0.4338 0.0043 0.6203 0 0 0 -30
0.4338 0.0043 0.6203 0 0 0 -30
0.4338 0.0043 0.6203 0 0 0 -30
0.4338 0.0043 0.6203 0 0 0 -30
0.4215 0.0048 0.6193 0 0 0 -30
0.4215 0.0048 0.6193 0 0 0 -30
0.4215 0.0048 0.6193 0 0 0 0
0.4431 0.0054 -0.0340 0 0 0 -30
0.4400 0.0058 -0.0351 0 0 0 -30
0.4400 0.0058 -0.0351 0 0 0 -30
0.4154 0.0056 -0.0385 0 0 0 -30
0.4154 0.0056 -0.0385 0 0 0 -30
0.4062 0.0054 -0.0408 0 0 0 -30
0.4462 0.0050 -0.0429 0 0 0 -30
0.4462 0.0050 -0.0429 0 0 0 -30
0.4462 0.0050 -0.0429 0 0 0 -30
0.4462 0.0050 -0.0429 0 0 0 -30
0.4462 0.0050 -0.0429 0 0 0 0
0.4492 0.0056 -0.0484 0 0 0 -30
0.4400 0.0056 -0.0484 0 0 0 -30
0.4400 0.0056 -0.0484 0 0 0 -30
0.4400 0.0065 -0.0502 0 0 0 -30
0.4185 0.0065 -0.0502 0 0 0 -30
0.4246 0.0077 -0.0516 0 0 0 -30
0.4246 0.0077 -0.0516 0 0 0 -30
0.4308 0.0100 -0.0530 0 0 0 -30
0.4308 0.0100 -0.0530 0 0 0 0
0.4492 0.0119 -0.0592 0 0 0 -30
0.4646 0.0119 -0.0592 0 0 0 -30
0.4308 0.0117 -0.0577 0 0 0 -30
0.4308 0.0107 -0.0583 0 0 0 -30
0.4215 0.0107 -0.0583 0 0 0 0
0.4185 0.0109 -0.0728 0 -30 0 0
0.4185 0.0109 -0.0728 0 -30 0 0
0.4123 0.0109 -0.0728 0 -30 0 0
0.4123 0.0103 -0.0704 0 -30 0 0
0.4185 0.0103 -0.0704 0 -30 0 0
0.4185 0.0100 -0.0716 0 -30 0 0
0.4215 0.0100 -0.0716 0 -30 0 0
0.4154 0.0096 -0.0686 0 -30 0 0
0.4154 0.0096 -0.0686 0 -30 0 0
0.4308 0.0094 -0.0685 0 -30 0 0
0.4431 0.0096 -0.0683 0 -30 0 0
0.4431 0.0096 -0.0683 0 -30 0 0
0.4431 0.0101 -0.0663 0 -30 0 0
0.4708 0.0101 -0.0663 0 -30 0 0
0.4708 0.0101 -0.0663 0 -30 0 0
0.4246 0.0103 -0.0664 0 -30 0 0
0.4246 0.0103 -0.0664 0 -30 0 0
0.4246 0.0103 -0.0664 0 -30 0 0
0.4246 0.0103 -0.0664 0 -30 0 0
0.4246 0.0103 -0.0664 0 -30 0 0
0.4246 0.0103 -0.0664 0 -30 0 0
0.4246 0.0103 -0.0664 0 -30 0 0
0.4677 0.0100 -0.0681 0 -30 0 0
0.4677 0.0100 -0.0681 0 -30 0 0
0.4677 0.0100 -0.0681 0 -30 0 0
0.4677 0.0100 -0.0681 0 -30 0 0
0.4677 0.0100 -0.0681 0 -30 0 0
0.4492 0.0092 -0.0674 0 -30 0 0
0.4492 0.0092 -0.0674 0 -30 0 0
0.4492 0.0092 -0.0674 0 -30 0 0
0.4492 0.0092 -0.0674 0 -30 0 0
0.4492 0.0092 -0.0674 0 -30 0 0
0.4246 0.0082 -0.0670 0 -30 0 0
0.4246 0.0082 -0.0670 0 -30 0 0
0.4246 0.0082 -0.0670 0 -30 0 0
0.4246 0.0082 -0.0670 0 -30 0 0
0.4246 0.0082 -0.0670 0 -30 0 0
0.4246 0.0082 -0.0670 0 -30 0 0
0.4185 0.0077 -0.0645 0 -30 0 0
0.4185 0.0077 -0.0645 0 -30 0 0
0.4185 0.0077 -0.0645 0 -30 0 0
0.4185 0.0077 -0.0645 0 -30 0 0
0.4185 0.0077 -0.0645 0 -30 0 0
0.4185 0.0079 -0.0645 0 -30 0 0
0.4185 0.0079 -0.0645 0 -30 0 0
0.4185 0.0079 -0.0645 0 -30 0 0
0.4154 0.0081 -0.0616 0 -30 0 0
0.4154 0.0081 -0.0616 0 -30 0 0
0.4154 0.0081 -0.0616 0 -30 0 0
0.4154 0.0081 -0.0616 0 -30 0 0
0.4154 0.0081 -0.0616 0 0 0 0
0.4062 0.0072 -0.0632 0 0 0 -30
0.4400 0.0074 -0.0629 0 0 0 -30
0.4123 0.0080 -0.0634 0 0 0 -30
0.4523 0.0088 -0.0608 0 0 0 -30
0.4523 0.0088 -0.0608 0 0 0 -30
0.4462 0.0101 -0.0600 0 0 0 -30
0.4462 0.0101 -0.0600 0 0 0 0
0.4308 0.0112 -0.0617 0 0 0 -30
0.4246 0.0112 -0.0617 0 0 0 -30
0.4400 0.0112 -0.0625 0 0 0 -30
0.4400 0.0107 -0.0617 0 0 0 -30
0.4277 0.0107 -0.0617 0 0 0 0
0.4369 0.0085 -0.0625 0 0 0 -30
0.4338 0.0085 -0.0625 0 0 0 -30
0.4031 0.0081 -0.0598 0 0 0 -30
0.4031 0.0079 -0.0612 0 0 0 -30
0.4308 0.0079 -0.0612 0 0 0 -30
0.4185 0.0078 -0.0668 0 0 0 -30
0.4400 0.0083 -0.0683 0 0 0 0
0.4277 0.0087 -0.0779 0 -30 0 0
0.4338 0.0085 -0.0784 0 -30 0 0
0.4338 0.0080 -0.0790 0 -30 0 0
0.4154 0.0076 -0.0790 0 -30 0 0
0.4400 0.0076 -0.0790 0 -30 0 0
0.4154 0.0074 -0.0779 0 -30 0 0
0.4246 0.0078 -0.0798 0 -30 0 0
0.4338 0.0077 -0.0786 0 -30 0 0
0.4338 0.0073 -0.0783 0 -30 0 0
0.4246 0.0073 -0.0783 0 -30 0 0
0.4246 0.0073 -0.0783 0 -30 0 0
0.4246 0.0073 -0.0783 0 -30 0 0
0.4246 0.0073 -0.0783 0 -30 0 0
0.4246 0.0070 -0.0776 0 -30 0 0
0.4246 0.0070 -0.0776 0 -30 0 0
0.4246 0.0070 -0.0776 0 -30 0 0
0.4000 0.0065 -0.0767 0 -30 0 0
0.4000 0.0065 -0.0767 0 -30 0 0
0.4000 0.0065 -0.0767 0 -30 0 0
0.4000 0.0065 -0.0767 0 -30 0 0
0.4400 0.0063 -0.0766 0 -30 0 0
0.4400 0.0063 -0.0766 0 0 0 0
0.4615 0.0057 -0.0761 0 -30 0 0
0.4615 0.0055 -0.0758 0 -30 0 0
0.4862 0.0055 -0.0758 0 -30 0 0
0.4277 0.0054 -0.0754 0 -30 0 0
0.4431 0.0056 -0.0742 0 -30 0 0
0.4431 0.0056 -0.0742 0 -30 0 0
0.4431 0.0056 -0.0742 0 -30 0 0
0.4431 0.0056 -0.0742 0 -30 0 0
0.4431 0.0056 -0.0742 0 -30 0 0
0.4277 0.0066 -0.0742 0 -30 0 0
0.4277 0.0066 -0.0742 0 -30 0 0
0.4277 0.0066 -0.0742 0 -30 0 0
0.4277 0.0066 -0.0742 0 -30 0 0
0.4246 0.0078 -0.0710 0 -30 0 0
0.4246 0.0078 -0.0710 0 -30 0 0
0.4246 0.0078 -0.0710 0 -30 0 0
0.4246 0.0078 -0.0710 0 -30 0 0
0.4308 0.0093 -0.0712 0 0 0 0
0.4492 0.0098 -0.0705 0 -30 0 0
0.4492 0.0086 -0.0700 0 -30 0 0
0.4492 0.0086 -0.0700 0 -30 0 0
0.4492 0.0086 -0.0700 0 -30 0 0
0.4492 0.0071 -0.0698 0 -30 0 0
0.4000 0.0071 -0.0698 0 -30 0 0
0.4338 0.0068 -0.0703 0 -30 0 0
0.4338 0.0068 -0.0703 0 -30 0 0
0.4554 0.0085 -0.0708 0 -30 0 0
0.4677 0.0107 -0.0710 0 -30 0 0
0.4677 0.0107 -0.0710 0 -30 0 0
0.4677 0.0129 -0.0715 0 -30 0 0
0.4892 0.0129 -0.0715 0 -30 0 0
0.4892 0.0129 -0.0715 0 -30 0 0
0.4892 0.0129 -0.0715 0 -30 0 0
0.4892 0.0129 -0.0715 0 -30 0 0
0.4892 0.0129 -0.0715 0 -30 0 0
0.4431 0.0150 -0.0723 0 -30 0 0
0.4431 0.0150 -0.0723 0 -30 0 0
0.4431 0.0150 -0.0723 0 -30 0 0
0.4431 0.0150 -0.0723 0 -30 0 0
0.4431 0.0150 -0.0723 0 -30 0 0
0.4523 0.0164 -0.0730 0 -30 0 0
0.4523 0.0164 -0.0730 0 -30 0 0
0.4523 0.0164 -0.0730 0 -30 0 0
0.4523 0.0164 -0.0730 0 -30 0 0
0.4523 0.0164 -0.0730 0 -30 0 0
0.4431 0.0162 -0.0730 0 -30 0 0
0.4431 0.0162 -0.0730 0 -30 0 0
0.4431 0.0162 -0.0730 0 -30 0 0
0.4431 0.0162 -0.0730 0 -30 0 0
0.4431 0.0162 -0.0730 0 -30 0 0
0.4431 0.0162 -0.0730 0 -30 0 0
0.4246 0.0146 -0.0735 0 -30 0 0
0.4246 0.0146 -0.0735 0 -30 0 0
0.4246 0.0146 -0.0735 0 -30 0 0
0.4246 0.0146 -0.0735 0 -30 0 0
0.4400 0.0129 -0.0741 0 0 0 0
0.4585 0.0160 -0.0661 0 -30 0 0
0.4615 0.0161 -0.0643 0 -30 0 0
0.4646 0.0170 -0.0644 0 -30 0 0
0.4585 0.0179 -0.0638 0 -30 0 0
0.4615 0.0190 -0.0637 0 -30 0 0
0.4677 0.0192 -0.0643 0 -30 0 0
0.4677 0.0193 -0.0645 0 -30 0 0
0.4431 0.0193 -0.0645 0 -30 0 0
0.4677 0.0194 -0.0645 0 -30 0 0
0.4554 0.0194 -0.0655 0 -30 0 0
0.4554 0.0194 -0.0655 0 -30 0 0
0.4554 0.0194 -0.0655 0 -30 0 0
0.4554 0.0194 -0.0655 0 -30 0 0
0.4554 0.0194 -0.0655 0 -30 0 0
0.4431 0.0199 -0.0658 0 -30 0 0
0.4431 0.0199 -0.0658 0 -30 0 0
0.4431 0.0199 -0.0658 0 -30 0 0
0.4431 0.0199 -0.0658 0 -30 0 0
0.4431 0.0199 -0.0658 0 -30 0 0
0.4431 0.0199 -0.0658 0 0 0 0
0.4431 0.0160 -0.0712 0 30 0 0
0.4862 0.0163 -0.0694 0 30 0 0
0.4554 0.0161 -0.0684 0 30 0 0
0.4554 0.0157 -0.0688 0 30 0 0
0.4615 0.0157 -0.0688 0 30 0 0
0.4338 0.0151 -0.0649 0 30 0 0
0.4708 0.0146 -0.0645 0 30 0 0
0.4646 0.0145 -0.0607 0 30 0 0
0.4523 0.0147 -0.0637 0 30 0 0
0.4523 0.0147 -0.0637 0 0 0 0
0.4738 0.0150 -0.0665 0 30 0 0
0.4738 0.0139 -0.0662 0 30 0 0
0.4800 0.0139 -0.0662 0 30 0 0
0.4831 0.0122 -0.0659 0 30 0 0
0.4831 0.0122 -0.0659 0 30 0 0
0.4554 0.0110 -0.0665 0 30 0 0
0.4677 0.0094 -0.0668 0 30 0 0
0.4646 0.0089 -0.0683 0 30 0 0
0.4646 0.0089 -0.0683 0 30 0 0
0.4646 0.0089 -0.0683 0 30 0 0
0.4523 0.0086 -0.0687 0 30 0 0
0.4523 0.0086 -0.0687 0 30 0 0
0.4523 0.0086 -0.0687 0 30 0 0
0.4523 0.0086 -0.0687 0 30 0 0
0.4523 0.0086 -0.0687 0 30 0 0
0.4523 0.0086 -0.0687 0 0 0 0
0.4585 0.0114 -0.0692 0 30 0 0
0.4646 0.0114 -0.0692 0 30 0 0
0.4585 0.0127 -0.0667 0 30 0 0
0.4585 0.0127 -0.0667 0 30 0 0
0.4523 0.0133 -0.0681 0 30 0 0
0.4400 0.0127 -0.0677 0 30 0 0
0.4400 0.0127 -0.0677 0 30 0 0
0.4615 0.0117 -0.0598 0 30 0 0
0.4708 0.0099 -0.0507 0 30 0 0
0.4708 0.0099 -0.0507 0 30 0 0
0.4708 0.0099 -0.0507 0 30 0 0
0.4708 0.0099 -0.0507 0 30 0 0
0.4585 0.0086 -0.0482 0 30 0 0
0.4585 0.0086 -0.0482 0 0 0 0
0.4708 0.0072 -0.0372 0 30 0 0
0.4708 0.0083 -0.0372 0 30 0 0
0.4646 0.0083 -0.0372 0 30 0 0
0.4738 0.0091 -0.0330 0 30 0 0
0.4677 0.0090 -0.0311 0 30 0 0
0.4677 0.0084 -0.0286 0 30 0 0
0.4831 0.0084 -0.0286 0 30 0 0
0.4831 0.0084 -0.0286 0 30 0 0
0.4831 0.0084 -0.0286 0 30 0 0
0.4831 0.0084 -0.0286 0 30 0 0
0.4585 0.0072 -0.0331 0 30 0 0
0.4585 0.0072 -0.0331 0 30 0 0
0.4585 0.0072 -0.0331 0 0 0 0
0.4585 0.0109 -0.0750 0 30 0 0
0.4123 0.0109 -0.0750 0 30 0 0
0.4492 0.0103 -0.0758 0 30 0 0
0.4492 0.0103 -0.0758 0 30 0 0
0.4492 0.0103 -0.0758 0 30 0 0
0.4585 0.0101 -0.0793 0 0 0 0
0.4585 0.0089 -0.0861 0 30 0 0
0.4431 0.0089 -0.0861 0 30 0 0
0.4431 0.0089 -0.0861 0 30 0 0
0.4677 0.0081 -0.0858 0 30 0 0
0.4492 0.0065 -0.0871 0 30 0 0
0.4492 0.0065 -0.0871 0 30 0 0
0.4369 0.0058 -0.0865 0 30 0 0
0.4369 0.0058 -0.0865 0 30 0 0
0.4554 0.0050 -0.0861 0 30 0 0
0.4554 0.0050 -0.0861 0 30 0 0
0.4646 0.0038 -0.0881 0 30 0 0
0.4708 0.0033 -0.0885 0 30 0 0
0.4708 0.0033 -0.0885 0 30 0 0
0.4708 0.0033 -0.0885 0 30 0 0
0.4708 0.0033 -0.0885 0 30 0 0
0.4708 0.0034 -0.0874 0 30 0 0
0.4708 0.0034 -0.0874 0 30 0 0
0.4708 0.0034 -0.0874 0 30 0 0
0.4708 0.0034 -0.0874 0 30 0 0
0.4708 0.0034 -0.0874 0 30 0 0
0.4462 0.0038 -0.0872 0 30 0 0
0.4462 0.0038 -0.0872 0 30 0 0
0.4462 0.0038 -0.0872 0 30 0 0
0.4462 0.0038 -0.0872 0 30 0 0
0.4462 0.0038 -0.0872 0 30 0 0
0.4831 0.0043 -0.0872 0 30 0 0
0.4831 0.0043 -0.0872 0 30 0 0
0.4831 0.0043 -0.0872 0 30 0 0
0.4831 0.0043 -0.0872 0 30 0 0
0.4831 0.0043 -0.0872 0 30 0 0
0.4338 0.0046 -0.0920 0 30 0 0
0.4338 0.0046 -0.0920 0 30 0 0
0.4338 0.0046 -0.0920 0 30 0 0
0.4338 0.0046 -0.0920 0 30 0 0
0.4338 0.0046 -0.0920 0 30 0 0
0.4400 0.0049 -0.0898 0 30 0 0
0.4400 0.0049 -0.0898 0 30 0 0
0.4400 0.0049 -0.0898 0 30 0 0
0.4400 0.0049 -0.0898 0 30 0 0
0.4400 0.0049 -0.0898 0 30 0 0
0.4400 0.0049 -0.0898 0 30 0 0
0.4308 0.0058 -0.0899 0 30 0 0
0.4308 0.0058 -0.0899 0 30 0 0
0.4308 0.0058 -0.0899 0 30 0 0
0.4308 0.0058 -0.0899 0 30 0 0
0.4215 0.0064 -0.0892 0 30 0 0
0.4215 0.0064 -0.0892 0 30 0 0
0.4215 0.0064 -0.0892 0 30 0 0
0.4215 0.0064 -0.0892 0 30 0 0
0.4215 0.0064 -0.0892 0 30 0 0
0.4215 0.0064 -0.0892 0 30 0 0
0.4215 0.0064 -0.0892 0 30 0 0
0.4462 0.0069 -0.0939 0 30 0 0
0.4462 0.0069 -0.0939 0 30 0 0
0.4462 0.0069 -0.0939 0 30 0 0
0.4462 0.0069 -0.0939 0 30 0 0
0.4462 0.0069 -0.0939 0 30 0 0
0.4431 0.0074 -0.0950 0 30 0 0
0.4431 0.0074 -0.0950 0 0 0 0
0.4523 0.0072 -0.1042 0 30 0 0
0.4523 0.0067 -0.1070 0 30 0 0
0.4615 0.0067 -0.1070 0 30 0 0
0.4615 0.0069 -0.1128 0 30 0 0
0.4369 0.0069 -0.1128 0 30 0 0
0.4523 0.0076 -0.1198 0 30 0 0
0.4492 0.0083 -0.1190 0 30 0 0
0.4492 0.0083 -0.1190 0 30 0 0
0.4431 0.0084 -0.1187 0 30 0 0
0.4369 0.0084 -0.1175 0 30 0 0
0.4369 0.0084 -0.1175 0 30 0 0
0.4308 0.0083 -0.1170 0 30 0 0
0.4308 0.0083 -0.1170 0 30 0 0
0.4400 0.0085 -0.1167 0 30 0 0
0.4400 0.0085 -0.1167 0 30 0 0
0.4400 0.0085 -0.1167 0 0 0 0
0.4554 0.0061 -0.1099 0 0 0 30
0.4492 0.0061 -0.1099 0 0 0 30
0.4215 0.0057 -0.1096 0 0 0 30
0.4646 0.0050 -0.1095 0 0 0 30
0.4646 0.0049 -0.1095 0 0 0 30
0.4677 0.0049 -0.1095 0 0 0 30
0.4523 0.0056 -0.1093 0 0 0 0
0.4492 0.0064 -0.1110 0 0 0 30
0.4492 0.0064 -0.1110 0 0 0 30
0.4554 0.0063 -0.1110 0 0 0 30
0.4554 0.0063 -0.1110 0 0 0 30
0.4677 0.0061 -0.1105 0 0 0 30
0.4646 0.0059 -0.1093 0 0 0 30
0.4462 0.0055 -0.1087 0 0 0 30
0.4462 0.0055 -0.1087 0 0 0 30
0.4462 0.0055 -0.1087 0 0 0 0
0.4800 0.0046 -0.1061 0 0 0 30
0.4800 0.0046 -0.1061 0 0 0 30
0.4677 0.0043 -0.1047 0 0 0 30
0.4677 0.0041 -0.1042 0 0 0 30
0.4523 0.0041 -0.1042 0 0 0 30
0.4615 0.0046 -0.1027 0 0 0 30
0.4615 0.0050 -0.1011 0 0 0 0
0.4338 0.0050 -0.1011 0 0 0 30
0.4246 0.0052 -0.1010 0 0 0 30
0.4062 0.0056 -0.1011 0 0 0 30
0.4062 0.0056 -0.1011 0 0 0 30
0.4062 0.0059 -0.1015 0 0 0 30
0.4462 0.0059 -0.1015 0 0 0 30
0.4492 0.0063 -0.1014 0 0 0 0
0.4062 0.0096 -0.0915 0 0 0 30
0.4062 0.0095 -0.0908 0 0 0 30
0.4092 0.0095 -0.0908 0 0 0 30
0.4092 0.0095 -0.0908 0 0 0 30
0.4215 0.0094 -0.0907 0 0 0 30
0.4492 0.0094 -0.0902 0 0 0 30
0.4492 0.0094 -0.0902 0 0 0 30
0.4462 0.0098 -0.0897 0 0 0 30
0.4462 0.0098 -0.0897 0 0 0 30
0.4431 0.0094 -0.0901 0 0 0 0
0.4369 0.0101 -0.0935 0 0 0 30
0.4369 0.0101 -0.0935 0 0 0 30
0.4738 0.0109 -0.0921 0 0 0 30
0.4738 0.0109 -0.0921 0 0 0 30
0.4554 0.0113 -0.0914 0 0 0 30
0.4554 0.0113 -0.0914 0 0 0 30
0.4554 0.0113 -0.0914 0 0 0 30
0.4123 0.0109 -0.0895 0 0 0 30
0.4123 0.0109 -0.0895 0 0 0 0
0.4369 0.0080 -0.0802 0 0 0 30
0.4615 0.0074 -0.0806 0 0 0 30
0.4615 0.0074 -0.0806 0 0 0 30
0.4185 0.0081 -0.0804 0 0 0 30
0.4185 0.0081 -0.0804 0 0 0 30
0.4185 0.0087 -0.0797 0 0 0 30
0.4092 0.0093 -0.0791 0 0 0 30
0.3938 0.0093 -0.0791 0 0 0 30
0.4338 0.0103 -0.0800 0 0 0 30
0.4338 0.0103 -0.0800 0 0 0 0
0.3969 0.0104 -0.0808 0 0 0 30
0.3969 0.0104 -0.0808 0 0 0 30
0.4185 0.0108 -0.0805 0 0 0 30
0.4185 0.0108 -0.0805 0 0 0 30
0.4277 0.0113 -0.0790 0 0 0 30
0.4277 0.0114 -0.0772 0 0 0 30
0.4246 0.0114 -0.0772 0 0 0 30
0.4246 0.0114 -0.0772 0 0 0 30
0.4246 0.0114 -0.0772 0 0 0 30
0.4246 0.0113 -0.0754 0 0 0 30
0.4215 0.0113 -0.0754 0 0 0 0
0.4462 0.0092 -0.0659 0 0 0 30
0.4369 0.0090 -0.0661 0 0 0 30
0.4277 0.0090 -0.0676 0 0 0 30
0.4369 0.0096 -0.0678 0 0 0 30
0.4338 0.0106 -0.0686 0 0 0 30
0.4338 0.0105 -0.0660 0 0 0 30
0.3969 0.0105 -0.0660 0 0 0 30
0.3969 0.0100 -0.0669 0 0 0 30
0.4031 0.0100 -0.0669 0 0 0 0
0.4000 0.0087 -0.0710 -30 0 0 0
0.4185 0.0096 -0.0698 -30 0 0 0
0.4185 0.0096 -0.0698 -30 0 0 0
0.4338 0.0095 -0.0683 -30 0 0 0
0.4308 0.0091 -0.0680 -30 0 0 0
0.4308 0.0091 -0.0680 -30 0 0 0
0.3877 0.0084 -0.0694 -30 0 0 0
0.3877 0.0084 -0.0694 -30 0 0 0
0.4092 0.0098 -0.0717 -30 0 0 0
0.4154 0.0105 -0.0731 -30 0 0 0
0.4154 0.0105 -0.0731 -30 0 0 0
0.4154 0.0105 -0.0731 -30 0 0 0
0.4154 0.0105 -0.0731 -30 0 0 0
0.4154 0.0105 -0.0731 -30 0 0 0
0.4154 0.0105 -0.0731 -30 0 0 0
0.4154 0.0105 -0.0731 -30 0 0 0
0.4185 0.0109 -0.0730 -30 0 0 0
0.4185 0.0109 -0.0730 -30 0 0 0
0.4185 0.0109 -0.0730 -30 0 0 0
0.4185 0.0109 -0.0730 -30 0 0 0
0.4185 0.0109 -0.0730 -30 0 0 0
0.4246 0.0109 -0.0743 -30 0 0 0
0.4246 0.0109 -0.0743 -30 0 0 0
0.4246 0.0109 -0.0743 -30 0 0 0
0.4246 0.0109 -0.0743 0 0 0 0
0.4123 0.0072 -0.0730 -30 0 0 0
0.3938 0.0066 -0.0737 -30 0 0 0
0.4062 0.0061 -0.0731 -30 0 0 0
0.4062 0.0061 -0.0731 0 0 0 0
0.4154 0.0064 -0.0723 0 -30 0 0
0.4154 0.0064 -0.0704 0 -30 0 0
0.4123 0.0060 -0.0704 0 -30 0 0
0.4246 0.0057 -0.0705 0 -30 0 0
0.4246 0.0057 -0.0705 0 -30 0 0
0.4154 0.0056 -0.0706 0 -30 0 0
0.4185 0.0056 -0.0723 0 -30 0 0
0.4031 0.0058 -0.0721 0 -30 0 0
0.4031 0.0058 -0.0721 0 -30 0 0
0.4154 0.0065 -0.0728 0 -30 0 0
0.4154 0.0065 -0.0728 0 -30 0 0
0.4154 0.0065 -0.0728 0 -30 0 0
0.4154 0.0065 -0.0728 0 -30 0 0
0.4154 0.0065 -0.0728 0 -30 0 0
0.4154 0.0065 -0.0728 0 -30 0 0
0.4154 0.0065 -0.0728 0 -30 0 0
0.4154 0.0075 -0.0747 0 -30 0 0
0.4154 0.0075 -0.0747 0 -30 0 0
0.4154 0.0075 -0.0747 0 -30 0 0
0.4154 0.0075 -0.0747 0 -30 0 0
0.4062 0.0081 -0.0748 0 -30 0 0
0.4062 0.0081 -0.0748 0 -30 0 0
0.4062 0.0081 -0.0748 0 -30 0 0
0.4062 0.0081 -0.0748 0 -30 0 0
0.4062 0.0081 -0.0748 0 -30 0 0
0.3938 0.0081 -0.0791 0 0 0 0
0.4185 0.0071 -0.0823 0 -30 0 0
0.4185 0.0071 -0.0823 0 -30 0 0
0.3969 0.0065 -0.0816 0 -30 0 0
0.4215 0.0062 -0.0842 0 -30 0 0
0.4215 0.0062 -0.0842 0 -30 0 0
0.4000 0.0061 -0.0840 0 -30 0 0
0.4308 0.0060 -0.0861 0 -30 0 0
0.4308 0.0060 -0.0861 0 -30 0 0
0.4308 0.0060 -0.0861 0 -30 0 0
0.4308 0.0060 -0.0861 0 -30 0 0
0.4400 0.0062 -0.0844 0 -30 0 0
0.4400 0.0062 -0.0844 0 -30 0 0
0.4400 0.0062 -0.0844 0 -30 0 0
0.4400 0.0066 -0.0869 0 -30 0 0
0.4400 0.0066 -0.0869 0 -30 0 0
0.4400 0.0066 -0.0869 0 -30 0 0
0.4400 0.0066 -0.0869 0 -30 0 0
0.4400 0.0066 -0.0869 0 -30 0 0
0.4462 0.0069 -0.0873 0 -30 0 0
0.4462 0.0069 -0.0873 0 -30 0 0
0.4462 0.0069 -0.0873 0 -30 0 0
0.4462 0.0069 -0.0873 0 -30 0 0
0.4462 0.0069 -0.0873 0 -30 0 0
0.4462 0.0069 -0.0873 0 -30 0 0
0.4462 0.0069 -0.0873 0 0 0 0
0.4277 0.0072 -0.0915 0 0 0 -30
0.4492 0.0071 -0.0900 0 0 0 -30
0.4185 0.0071 -0.0885 0 0 0 -30
0.4185 0.0071 -0.0885 0 0 0 -30
0.4246 0.0073 -0.0881 0 0 0 -30
0.4246 0.0073 -0.0881 0 0 0 -30
0.4277 0.0082 -0.0835 0 0 0 -30
0.4400 0.0086 -0.0838 0 0 0 -30
0.4400 0.0086 -0.0838 0 0 0 0
0.4185 0.0107 -0.0839 0 0 0 30
0.4215 0.0095 -0.0838 0 0 0 30
0.4185 0.0083 -0.0835 0 0 0 30
0.4185 0.0083 -0.0835 0 0 0 30
0.4123 0.0072 -0.0834 0 0 0 30
0.4123 0.0072 -0.0834 0 0 0 30
0.4031 0.0062 -0.0832 0 0 0 30
0.4031 0.0062 -0.0832 0 0 0 30
0.4031 0.0062 -0.0832 0 0 0 0
0.4185 0.0048 -0.0835 0 0 0 30
0.4215 0.0048 -0.0835 0 0 0 30
0.4154 0.0052 -0.0834 0 0 0 0
0.4185 0.0092 -0.0818 0 0 0 30
0.4185 0.0092 -0.0818 0 0 0 30
0.4062 0.0104 -0.0812 0 0 0 30
0.4062 0.0111 -0.0802 0 0 0 30
0.4400 0.0111 -0.0802 0 0 0 30
0.4092 0.0110 -0.0800 0 0 0 0
0.4000 0.0091 -0.0804 0 0 0 30
0.3877 0.0082 -0.0808 0 0 0 30
0.3877 0.0082 -0.0808 0 0 0 30
0.3877 0.0066 -0.0809 0 0 0 30
0.3908 0.0066 -0.0809 0 0 0 30
0.4154 0.0059 -0.0804 0 0 0 30
0.4123 0.0056 -0.0793 0 0 0 30
0.4123 0.0053 -0.0782 0 0 0 30
0.4154 0.0053 -0.0782 0 0 0 0
0.4092 0.0069 -0.0687 0 0 0 30
0.3846 0.0069 -0.0687 0 0 0 30
0.4062 0.0069 -0.0680 0 0 0 30
0.4062 0.0071 -0.0668 0 0 0 30
0.4123 0.0071 -0.0668 0 0 0 30
0.4277 0.0076 -0.0663 0 0 0 30
0.4338 0.0091 -0.0662 0 0 0 30
0.4338 0.0091 -0.0662 0 0 0 30
0.4338 0.0091 -0.0662 0 0 0 30
0.4338 0.0091 -0.0662 0 0 0 0
0.4154 0.0101 -0.0652 0 0 0 30
0.4154 0.0101 -0.0652 0 0 0 30
0.4123 0.0104 -0.0642 0 0 0 30
0.4246 0.0108 -0.0625 0 0 0 30
0.4246 0.0108 -0.0625 0 0 0 30
0.4246 0.0108 -0.0625 0 0 0 30
0.4215 0.0102 -0.0625 0 0 0 30
0.4215 0.0102 -0.0625 0 0 0 30
0.4215 0.0102 -0.0625 0 0 0 30
0.4215 0.0102 -0.0625 0 0 0 0
0.4246 0.0087 -0.0612 0 0 0 30
0.4246 0.0077 -0.0609 0 0 0 30
0.4400 0.0077 -0.0609 0 0 0 30
0.4400 0.0077 -0.0609 0 0 0 30
0.4400 0.0077 -0.0609 0 0 0 30
0.4400 0.0077 -0.0609 0 0 0 30
0.4400 0.0077 -0.0609 0 0 0 30
0.4400 0.0077 -0.0609 0 0 0 30
0.4400 0.0077 -0.0609 0 0 0 0
0.4215 0.0077 -0.0543 0 0 0 30
0.4185 0.0077 -0.0543 0 0 0 30
0.4185 0.0077 -0.0533 0 0 0 30
0.3846 0.0077 -0.0533 0 0 0 30
0.3846 0.0080 -0.0514 0 0 0 30
0.4062 0.0080 -0.0514 0 0 0 30
0.3846 0.0085 -0.0499 0 0 0 30
0.3846 0.0085 -0.0499 0 0 0 0
0.4092 0.0084 -0.0416 0 0 0 30
0.4154 0.0082 -0.0394 0 0 0 30
0.4277 0.0080 -0.0389 0 0 0 30
0.4092 0.0080 -0.0392 0 0 0 30
0.4092 0.0084 -0.0363 0 0 0 30
0.4369 0.0084 -0.0363 0 0 0 30
0.4031 0.0086 -0.0354 0 0 0 30
0.4031 0.0086 -0.0354 0 0 0 0
0.4123 0.0075 -0.0257 0 0 0 30
0.4092 0.0084 -0.0262 0 0 0 30
0.4154 0.0094 -0.0253 0 0 0 30
0.3938 0.0112 -0.0261 0 0 0 30
0.3938 0.0129 -0.0260 0 0 0 30
0.4031 0.0129 -0.0260 0 0 0 30
0.4338 0.0144 -0.0271 0 0 0 0
0.3877 0.0121 -0.0255 0 0 0 30
0.4154 0.0121 -0.0255 0 0 0 30
0.3938 0.0123 -0.0257 0 0 0 30
0.3908 0.0129 -0.0220 0 0 0 30
0.3908 0.0129 -0.0220 0 0 0 30
0.3908 0.0129 -0.0220 0 0 0 30
0.3815 0.0129 -0.0218 0 0 0 30
0.3815 0.0129 -0.0218 0 0 0 30
0.3815 0.0129 -0.0218 0 0 0 30
0.3815 0.0129 -0.0218 0 0 0 0
0.3908 0.0128 -0.0201 0 0 0 30
0.4154 0.0129 -0.0210 0 0 0 30
0.4154 0.0129 -0.0210 0 0 0 30
0.3908 0.0131 -0.0189 0 0 0 30
0.3908 0.0137 -0.0183 0 0 0 30
0.4031 0.0137 -0.0183 0 0 0 30
0.4369 0.0141 -0.0158 0 0 0 30
0.4369 0.0141 -0.0158 0 0 0 30
0.4369 0.0141 -0.0158 0 0 0 0
0.4123 0.0135 -0.0162 0 0 0 30
0.4092 0.0125 -0.0152 0 0 0 30
0.4092 0.0125 -0.0152 0 0 0 30
0.4092 0.0125 -0.0152 0 0 0 30
0.4092 0.0125 -0.0152 0 0 0 30
0.4092 0.0125 -0.0152 0 0 0 30
0.4092 0.0125 -0.0152 0 0 0 30
0.4092 0.0125 -0.0152 0 0 0 30
0.4092 0.0125 -0.0152 0 0 0 30
0.4092 0.0125 -0.0152 0 0 0 0
0.4400 0.0114 -0.0107 0 0 0 30
0.4062 0.0114 -0.0107 0 0 0 30
0.4154 0.0107 -0.0084 0 0 0 30
0.4492 0.0102 -0.0084 0 0 0 30
0.4492 0.0091 -0.0067 0 0 0 30
0.3938 0.0091 -0.0067 0 0 0 30
0.3969 0.0081 -0.0058 0 0 0 30
0.3969 0.0081 -0.0058 0 0 0 30
0.3969 0.0077 -0.0056 0 0 0 30
0.4338 0.0075 -0.0054 0 0 0 30
0.4338 0.0075 -0.0054 0 0 0 0
0.4369 0.0052 0.0024 0 0 0 30
0.4277 0.0055 0.0022 0 0 0 30
0.4277 0.0057 0.0033 0 0 0 30
0.4123 0.0057 0.0033 0 0 0 30
0.4462 0.0060 0.0030 0 0 0 30
0.4462 0.0063 0.0022 0 0 0 30
0.4431 0.0063 0.0022 0 0 0 30
0.4123 0.0076 0.0029 0 0 0 30
0.4092 0.0080 0.0030 0 0 0 0
0.4062 0.0083 0.0041 0 0 0 -30
0.4462 0.0083 0.0041 0 0 0 -30
0.4462 0.0083 0.0041 0 0 0 -30
0.4400 0.0089 0.0035 0 0 0 -30
0.4400 0.0089 0.0035 0 0 0 -30
0.4277 0.0091 0.0043 0 0 0 -30
0.4123 0.0091 0.0036 0 0 0 -30
0.4123 0.0091 0.0036 0 0 0 -30
0.4308 0.0095 0.0032 0 0 0 0
0.4031 0.0092 0.0006 0 0 0 -30
0.4123 0.0092 0.0006 0 0 0 -30
0.4062 0.0096 -0.0011 0 0 0 -30
0.4062 0.0103 -0.0002 0 0 0 0
0.4092 0.0077 -0.0089 0 -30 0 0
0.4338 0.0081 -0.0090 0 -30 0 0
0.3908 0.0083 -0.0084 0 -30 0 0
0.4000 0.0082 -0.0089 0 -30 0 0
0.4000 0.0082 -0.0089 0 -30 0 0
0.3969 0.0075 -0.0085 0 -30 0 0
0.3938 0.0069 -0.0085 0 -30 0 0
0.4123 0.0069 -0.0074 0 -30 0 0
0.4123 0.0069 -0.0074 0 -30 0 0
0.4123 0.0069 -0.0074 0 -30 0 0
0.4123 0.0069 -0.0074 0 -30 0 0
0.4123 0.0066 -0.0066 0 -30 0 0
0.4123 0.0066 -0.0066 0 -30 0 0
0.4123 0.0066 -0.0066 0 -30 0 0
0.4123 0.0066 -0.0066 0 -30 0 0
0.4123 0.0066 -0.0066 0 -30 0 0
0.4123 0.0066 -0.0066 0 -30 0 0
0.4123 0.0066 -0.0066 0 -30 0 0
0.4123 0.0066 -0.0066 0 -30 0 0
0.4123 0.0066 -0.0066 0 -30 0 0
0.4123 0.0066 -0.0066 0 -30 0 0
0.4123 0.0066 -0.0066 0 -30 0 0
0.4123 0.0066 -0.0066 0 -30 0 0
0.4123 0.0066 -0.0066 0 -30 0 0
0.4123 0.0066 -0.0066 0 -30 0 0
0.4123 0.0066 -0.0066 0 -30 0 0
0.4123 0.0066 -0.0066 0 -30 0 0
0.4123 0.0064 -0.0067 0 -30 0 0
0.4308 0.0064 -0.0067 0 -30 0 0
0.4431 0.0056 -0.0069 0 -30 0 0
0.4431 0.0056 -0.0069 0 -30 0 0
0.4308 0.0049 -0.0084 0 -30 0 0
0.4308 0.0049 -0.0084 0 -30 0 0
0.4523 0.0045 -0.0084 0 -30 0 0
0.4523 0.0045 -0.0084 0 -30 0 0
0.4523 0.0045 -0.0084 0 -30 0 0
0.4523 0.0045 -0.0084 0 -30 0 0
0.4523 0.0043 -0.0105 0 -30 0 0
0.4523 0.0043 -0.0105 0 -30 0 0
0.4523 0.0043 -0.0105 0 -30 0 0
0.4523 0.0043 -0.0105 0 -30 0 0
0.4523 0.0043 -0.0105 0 -30 0 0
0.4523 0.0046 -0.0099 0 -30 0 0
0.4431 0.0046 -0.0099 0 -30 0 0
0.4431 0.0046 -0.0099 0 -30 0 0
0.4431 0.0046 -0.0099 0 -30 0 0
0.4431 0.0046 -0.0099 0 -30 0 0
0.4431 0.0046 -0.0099 0 -30 0 0
0.4462 0.0049 -0.0106 0 -30 0 0
0.4462 0.0049 -0.0106 0 -30 0 0
0.4462 0.0049 -0.0106 0 -30 0 0
0.4462 0.0049 -0.0106 0 -30 0 0
0.4462 0.0049 -0.0106 0 -30 0 0
0.4523 0.0053 -0.0105 0 -30 0 0
0.4523 0.0053 -0.0105 0 -30 0 0
0.4523 0.0053 -0.0105 0 -30 0 0
0.4523 0.0053 -0.0105 0 -30 0 0
0.4523 0.0053 -0.0105 0 -30 0 0
0.4523 0.0058 -0.0112 0 -30 0 0
0.4585 0.0058 -0.0112 0 -30 0 0
0.4585 0.0058 -0.0112 0 -30 0 0
0.4585 0.0058 -0.0112 0 -30 0 0
0.4585 0.0058 -0.0112 0 -30 0 0
0.4585 0.0058 -0.0112 0 -30 0 0
0.4585 0.0061 -0.0119 0 -30 0 0
0.4215 0.0061 -0.0119 0 -30 0 0
0.4215 0.0061 -0.0119 0 -30 0 0
0.4215 0.0061 -0.0119 0 -30 0 0
0.4523 0.0063 -0.0146 0 -30 0 0
0.4523 0.0063 -0.0146 0 -30 0 0
0.4523 0.0063 -0.0146 0 -30 0 0
0.4523 0.0063 -0.0146 0 -30 0 0
0.4523 0.0063 -0.0146 0 -30 0 0
0.4462 0.0061 -0.0157 0 -30 0 0
0.4462 0.0061 -0.0157 0 -30 0 0
0.4462 0.0061 -0.0157 0 -30 0 0
0.4462 0.0061 -0.0157 0 -30 0 0
0.4462 0.0061 -0.0157 0 -30 0 0
0.4462 0.0061 -0.0157 0 -30 0 0
0.4431 0.0058 -0.0171 0 -30 0 0
0.4431 0.0058 -0.0171 0 -30 0 0
0.4431 0.0058 -0.0171 0 -30 0 0
0.4431 0.0058 -0.0171 0 -30 0 0
0.4431 0.0058 -0.0171 0 -30 0 0
0.4431 0.0058 -0.0171 0 -30 0 0
0.4431 0.0060 -0.0168 0 -30 0 0
0.4431 0.0060 -0.0168 0 -30 0 0
0.4431 0.0060 -0.0168 0 -30 0 0
0.4431 0.0060 -0.0168 0 -30 0 0
0.4431 0.0060 -0.0168 0 -30 0 0
0.4431 0.0060 -0.0168 0 -30 0 0
0.4554 0.0068 -0.0166 0 -30 0 0
0.4554 0.0068 -0.0166 0 -30 0 0
0.4554 0.0068 -0.0166 0 -30 0 0
0.4554 0.0068 -0.0166 0 -30 0 0
0.4554 0.0068 -0.0166 0 -30 0 0
0.4554 0.0068 -0.0166 0 -30 0 0
0.4369 0.0073 -0.0158 0 -30 0 0
0.4369 0.0073 -0.0158 0 -30 0 0
0.4369 0.0073 -0.0158 0 -30 0 0
0.4369 0.0073 -0.0158 0 -30 0 0
0.4369 0.0073 -0.0158 0 -30 0 0
0.4431 0.0081 -0.0166 0 -30 0 0
0.4431 0.0081 -0.0166 0 -30 0 0
0.4431 0.0081 -0.0166 0 -30 0 0
0.4431 0.0081 -0.0166 0 -30 0 0
0.4400 0.0080 -0.0179 0 -30 0 0
0.4400 0.0080 -0.0179 0 -30 0 0
0.4400 0.0080 -0.0179 0 -30 0 0
0.4400 0.0080 -0.0179 0 -30 0 0
0.4400 0.0080 -0.0179 0 -30 0 0
0.4400 0.0076 -0.0179 0 -30 0 0
0.4431 0.0076 -0.0179 0 0 0 0
0.4462 0.0062 -0.0120 30 0 0 0
0.4462 0.0062 -0.0120 30 0 0 0
0.4185 0.0061 -0.0136 30 0 0 0
0.4185 0.0061 -0.0136 30 0 0 0
0.4185 0.0063 -0.0140 30 0 0 0
0.4277 0.0067 -0.0151 30 0 0 0
0.4277 0.0069 -0.0157 30 0 0 0
0.4492 0.0070 -0.0156 30 0 0 0
0.4185 0.0070 -0.0156 30 0 0 0
0.4400 0.0071 -0.0153 30 0 0 0
0.4400 0.0075 -0.0158 30 0 0 0
0.4400 0.0075 -0.0158 30 0 0 0
0.4400 0.0075 -0.0158 30 0 0 0
0.4400 0.0075 -0.0158 30 0 0 0
0.4400 0.0075 -0.0158 30 0 0 0
0.4400 0.0075 -0.0158 30 0 0 0
0.4400 0.0075 -0.0158 30 0 0 0
0.4400 0.0075 -0.0158 30 0 0 0
0.4400 0.0075 -0.0158 30 0 0 0
0.4400 0.0075 -0.0158 30 0 0 0
0.4400 0.0075 -0.0158 30 0 0 0
0.4400 0.0075 -0.0158 30 0 0 0
0.4554 0.0081 -0.0183 30 0 0 0
0.4277 0.0083 -0.0187 30 0 0 0
0.4277 0.0083 -0.0187 30 0 0 0
0.4277 0.0083 -0.0187 30 0 0 0
0.4277 0.0083 -0.0187 30 0 0 0
0.4277 0.0083 -0.0187 30 0 0 0
0.4492 0.0079 -0.0191 30 0 0 0
0.4492 0.0079 -0.0191 30 0 0 0
0.4492 0.0079 -0.0191 30 0 0 0
0.4492 0.0079 -0.0191 30 0 0 0
0.4092 0.0068 -0.0195 30 0 0 0
0.4092 0.0068 -0.0195 30 0 0 0
0.4092 0.0068 -0.0195 30 0 0 0
0.4092 0.0068 -0.0195 30 0 0 0
0.3969 0.0059 -0.0190 30 0 0 0
0.3969 0.0059 -0.0190 30 0 0 0
0.3969 0.0059 -0.0190 30 0 0 0
0.3969 0.0059 -0.0190 30 0 0 0
0.4246 0.0054 -0.0185 30 0 0 0
0.4246 0.0054 -0.0185 30 0 0 0
0.4246 0.0054 -0.0185 30 0 0 0
0.4246 0.0054 -0.0185 30 0 0 0
0.4246 0.0054 -0.0185 30 0 0 0
0.4246 0.0054 -0.0185 30 0 0 0
0.4246 0.0054 -0.0185 30 0 0 0
0.4246 0.0054 -0.0185 30 0 0 0
0.4246 0.0054 -0.0185 30 0 0 0
0.4492 0.0055 -0.0191 30 0 0 0
0.4492 0.0055 -0.0191 30 0 0 0
0.4277 0.0062 -0.0191 30 0 0 0
0.4277 0.0062 -0.0191 30 0 0 0
0.4277 0.0062 -0.0191 30 0 0 0
0.4277 0.0062 -0.0191 30 0 0 0
0.4277 0.0062 -0.0191 30 0 0 0
0.4277 0.0062 -0.0191 30 0 0 0
0.4708 0.0069 -0.0190 30 0 0 0
0.4708 0.0069 -0.0190 30 0 0 0
0.4708 0.0069 -0.0190 30 0 0 0
0.4708 0.0069 -0.0190 30 0 0 0
0.4400 0.0079 -0.0186 30 0 0 0
0.4400 0.0079 -0.0186 30 0 0 0
0.4400 0.0079 -0.0186 30 0 0 0
0.4400 0.0086 -0.0186 30 0 0 0
0.4646 0.0086 -0.0186 30 0 0 0
0.4646 0.0086 -0.0186 30 0 0 0
0.4646 0.0086 -0.0186 30 0 0 0
0.4646 0.0086 -0.0186 30 0 0 0
0.4769 0.0091 -0.0198 30 0 0 0
0.4769 0.0091 -0.0198 30 0 0 0
0.4769 0.0091 -0.0198 30 0 0 0
0.4769 0.0091 -0.0198 30 0 0 0
0.4769 0.0091 -0.0198 30 0 0 0
0.4769 0.0091 -0.0198 30 0 0 0
0.4769 0.0091 -0.0198 30 0 0 0
0.4769 0.0091 -0.0198 30 0 0 0
0.4769 0.0091 -0.0198 30 0 0 0
0.4769 0.0091 -0.0198 30 0 0 0
0.4769 0.0091 -0.0198 30 0 0 0
0.4769 0.0096 -0.0220 30 0 0 0
0.4554 0.0096 -0.0237 30 0 0 0
0.4492 0.0096 -0.0237 30 0 0 0
0.4492 0.0096 -0.0237 30 0 0 0
0.4431 0.0090 -0.0229 30 0 0 0
0.4431 0.0090 -0.0229 30 0 0 0
0.4431 0.0090 -0.0229 30 0 0 0
0.4431 0.0090 -0.0229 30 0 0 0
0.4431 0.0090 -0.0229 30 0 0 0
0.4431 0.0090 -0.0229 30 0 0 0
0.4431 0.0090 -0.0229 30 0 0 0
0.4585 0.0080 -0.0221 30 0 0 0
0.4585 0.0080 -0.0221 30 0 0 0
0.4585 0.0080 -0.0221 30 0 0 0
0.4585 0.0080 -0.0221 30 0 0 0
0.4185 0.0071 -0.0217 30 0 0 0
0.4185 0.0071 -0.0217 30 0 0 0
0.4185 0.0071 -0.0217 30 0 0 0
0.4185 0.0071 -0.0217 30 0 0 0
0.4492 0.0066 -0.0200 30 0 0 0
0.4492 0.0066 -0.0200 30 0 0 0
0.4492 0.0066 -0.0200 30 0 0 0
0.4492 0.0066 -0.0200 30 0 0 0
0.4492 0.0066 -0.0200 30 0 0 0
0.4492 0.0066 -0.0200 30 0 0 0
0.4492 0.0066 -0.0200 30 0 0 0
0.4492 0.0066 -0.0200 30 0 0 0
0.4462 0.0060 -0.0180 30 0 0 0
0.4462 0.0060 -0.0180 30 0 0 0
0.4462 0.0060 -0.0180 30 0 0 0
0.4462 0.0060 -0.0180 30 0 0 0
0.4462 0.0060 -0.0180 30 0 0 0
0.4246 0.0057 -0.0070 30 0 0 0
0.4246 0.0057 -0.0070 30 0 0 0
0.4246 0.0057 -0.0070 30 0 0 0
0.4246 0.0057 -0.0070 30 0 0 0
0.4492 0.0058 -0.0070 30 0 0 0
0.4492 0.0058 -0.0070 30 0 0 0
0.4492 0.0058 -0.0070 30 0 0 0
0.4492 0.0058 -0.0070 30 0 0 0
0.4492 0.0058 -0.0070 30 0 0 0
0.4492 0.0058 -0.0070 0 0 0 0
0.4400 0.0105 0.0018 30 0 0 0
0.4462 0.0105 0.0018 30 0 0 0
0.4892 0.0113 0.0007 30 0 0 0
0.4892 0.0113 0.0007 30 0 0 0
0.4492 0.0119 -0.0018 30 0 0 0
0.4492 0.0123 -0.0037 30 0 0 0
0.4400 0.0127 -0.0021 30 0 0 0
0.4369 0.0131 -0.0034 30 0 0 0
0.4369 0.0131 -0.0034 30 0 0 0
0.4369 0.0131 -0.0034 30 0 0 0
0.4585 0.0133 -0.0034 30 0 0 0
0.4585 0.0133 -0.0034 30 0 0 0
0.4585 0.0133 -0.0034 30 0 0 0
0.4585 0.0133 -0.0034 30 0 0 0
0.4585 0.0133 -0.0034 30 0 0 0
0.4585 0.0133 -0.0034 30 0 0 0
0.4585 0.0133 -0.0034 30 0 0 0
0.4585 0.0133 -0.0034 30 0 0 0
0.4400 0.0136 -0.0057 30 0 0 0
0.4400 0.0136 -0.0057 30 0 0 0
0.4400 0.0136 -0.0057 30 0 0 0
0.4400 0.0136 -0.0057 30 0 0 0
0.4615 0.0138 -0.0063 30 0 0 0
0.4615 0.0138 -0.0063 30 0 0 0
0.4615 0.0138 -0.0063 30 0 0 0
0.4615 0.0138 -0.0063 30 0 0 0
0.4615 0.0138 -0.0063 30 0 0 0
0.4800 0.0136 -0.0065 30 0 0 0
0.4800 0.0136 -0.0065 30 0 0 0
0.4800 0.0136 -0.0065 30 0 0 0
0.4800 0.0136 -0.0065 30 0 0 0
0.4800 0.0136 -0.0065 30 0 0 0
0.4800 0.0136 -0.0065 30 0 0 0
0.4800 0.0136 -0.0065 30 0 0 0
0.4431 0.0130 -0.0063 30 0 0 0
0.4431 0.0130 -0.0063 30 0 0 0
0.4431 0.0130 -0.0063 30 0 0 0
0.4431 0.0130 -0.0063 30 0 0 0
0.4554 0.0125 -0.0054 30 0 0 0
0.4554 0.0125 -0.0054 30 0 0 0
0.4554 0.0125 -0.0054 30 0 0 0
0.4554 0.0125 -0.0054 30 0 0 0
0.4369 0.0121 -0.0055 30 0 0 0
0.4369 0.0121 -0.0055 30 0 0 0
0.4369 0.0121 -0.0055 30 0 0 0
0.4369 0.0121 -0.0055 0 0 0 0
0.4677 0.0126 -0.0072 30 0 0 0
0.4708 0.0122 -0.0088 30 0 0 0
0.4708 0.0117 -0.0101 30 0 0 0
0.4615 0.0114 -0.0115 30 0 0 0
0.4462 0.0110 0.6935 30 0 0 0
0.4523 0.0106 0.6964 30 0 0 0
0.4585 0.0104 0.6938 30 0 0 0
0.4585 0.0104 0.6938 30 0 0 0
0.4585 0.0104 0.6938 30 0 0 0
0.4492 0.0106 0.6942 30 0 0 0
0.4492 0.0106 0.6942 30 0 0 0
0.4492 0.0106 0.6942 30 0 0 0
0.4492 0.0106 0.6942 30 0 0 0
0.4492 0.0106 0.6942 30 0 0 0
0.4492 0.0108 0.6927 30 0 0 0
0.4492 0.0108 0.6927 30 0 0 0
0.4492 0.0108 0.6927 30 0 0 0
0.4431 0.0110 0.6947 30 0 0 0
0.4431 0.0110 0.6947 30 0 0 0
0.4431 0.0110 0.6947 30 0 0 0
0.4431 0.0110 0.6947 0 0 0 0
0.4892 0.0094 0.0546 0 0 0 -30
0.4677 0.0094 0.0545 0 0 0 -30
0.4738 0.0092 0.0554 0 0 0 -30
0.4923 0.0087 0.0547 0 0 0 -30
0.4769 0.0077 0.0645 0 0 0 -30
0.4800 0.0073 0.0652 0 0 0 -30
0.4800 0.0073 0.0652 0 0 0 -30
0.4800 0.0073 0.0652 0 0 0 -30
0.4800 0.0073 0.0652 0 0 0 -30
0.4800 0.0073 0.0652 0 0 0 -30
0.4892 0.0070 0.0695 0 0 0 -30
0.4892 0.0070 0.0695 0 0 0 0
0.4646 0.0064 0.0683 0 0 0 -30
0.4615 0.0059 0.0692 0 0 0 -30
0.4369 0.0056 0.0685 0 0 0 -30
0.4585 0.0056 0.0697 0 0 0 -30
0.4923 0.0059 0.0663 0 0 0 -30
0.5046 0.0065 0.0652 0 0 0 -30
0.5046 0.0065 0.0652 0 0 0 -30
0.5046 0.0065 0.0652 0 0 0 -30
0.4923 0.0073 0.0634 0 0 0 -30
0.4923 0.0073 0.0634 0 0 0 0
0.4923 0.0075 0.0620 0 0 0 -30
0.4831 0.0075 0.7307 0 0 0 -30
0.4892 0.0075 0.7307 0 0 0 -30
0.4677 0.0068 0.7307 0 0 0 -30
0.4677 0.0068 0.7307 0 0 0 -30
0.4862 0.0064 0.7286 0 0 0 -30
0.4862 0.0064 0.7286 0 0 0 -30
0.4862 0.0064 0.7286 0 0 0 -30
0.4738 0.0063 0.7245 0 0 0 -30
0.4738 0.0063 0.7245 0 0 0 0
0.4246 0.0064 0.7247 0 0 0 -30
0.4462 0.0067 0.7227 0 0 0 -30
0.4462 0.0067 0.7227 0 0 0 -30
0.4462 0.0067 0.7227 0 0 0 -30
0.4462 0.0067 0.7227 0 0 0 -30
0.4892 0.0068 0.7214 0 0 0 -30
0.4892 0.0068 0.7214 0 0 0 -30
0.4892 0.0068 0.7214 0 0 0 -30
0.4892 0.0068 0.7214 0 0 0 0
0.5138 0.0071 0.7164 0 0 0 -30
0.4585 0.0071 0.7159 0 0 0 -30
0.5015 0.0070 0.7150 0 0 0 -30
0.4585 0.0068 0.7132 0 0 0 -30
0.4585 0.0068 0.7132 0 0 0 -30
0.4585 0.0068 0.7132 0 0 0 -30
0.4615 0.0070 0.7087 0 0 0 -30
0.4615 0.0070 0.7087 0 0 0 -30
0.4615 0.0070 0.7087 0 0 0 -30
0.4615 0.0070 0.7087 0 0 0 0
0.4677 0.0067 0.7048 0 0 0 -30
0.4708 0.0060 0.7072 0 0 0 -30
0.4708 0.0060 0.7072 0 0 0 -30
0.4708 0.0060 0.7072 0 0 0 -30
0.4708 0.0060 0.7072 0 0 0 -30
0.4923 0.0057 0.7074 0 0 0 -30
0.4923 0.0057 0.7074 0 0 0 -30
0.4923 0.0057 0.7074 0 0 0 0
0.4923 0.0057 0.7055 0 0 0 -30
0.4708 0.0057 0.7059 0 0 0 -30
0.5015 0.0057 0.7059 0 0 0 -30
0.4738 0.0061 0.7051 0 0 0 -30
0.4738 0.0061 0.7051 0 0 0 -30
0.4738 0.0061 0.7051 0 0 0 -30
0.4708 0.0066 0.7047 0 0 0 -30
0.4708 0.0066 0.7047 0 0 0 -30
0.4708 0.0066 0.7047 0 0 0 -30
0.4708 0.0066 0.7047 0 0 0 -30
0.4708 0.0066 0.7047 0 0 0 -30
0.4708 0.0066 0.7047 0 0 0 -30
0.4708 0.0066 0.7047 0 0 0 -30
0.4708 0.0066 0.7047 0 0 0 -30
0.4708 0.0066 0.7047 0 0 0 -30
0.4708 0.0066 0.7047 0 0 0 -30
0.4708 0.0071 0.7016 0 0 0 -30
0.4708 0.0071 0.7016 0 0 0 -30
0.4708 0.0071 0.7016 0 0 0 -30
0.4708 0.0071 0.7016 0 0 0 -30
0.4708 0.0071 0.7016 0 0 0 -30
0.4492 0.0077 0.7028 0 0 0 -30
0.4492 0.0077 0.7028 0 0 0 -30
0.4585 0.0081 0.7027 0 0 0 -30
0.4585 0.0081 0.7027 0 0 0 -30
0.4585 0.0081 0.7027 0 0 0 -30
0.4492 0.0082 0.7015 0 0 0 -30
0.4492 0.0082 0.7015 0 0 0 0
0.4492 0.0079 0.6982 0 0 0 -30
0.4831 0.0076 0.6979 0 0 0 -30
0.4831 0.0076 0.6979 0 0 0 -30
0.4831 0.0076 0.6979 0 0 0 -30
0.4492 0.0072 0.6942 0 0 0 -30
0.4492 0.0072 0.6942 0 0 0 -30
0.4492 0.0072 0.6942 0 0 0 -30
0.4492 0.0072 0.6942 0 0 0 -30
0.4492 0.0072 0.6942 0 0 0 -30
0.4523 0.0068 0.6913 0 0 0 -30
0.4523 0.0068 0.6913 0 0 0 0
0.4523 0.0068 0.6913 0 0 0 -30
0.4585 0.0063 0.6849 0 0 0 -30
0.4585 0.0063 0.6849 0 0 0 0
0.4800 0.0042 0.6787 0 0 0 -30
0.4923 0.0042 0.6787 0 0 0 -30
0.4954 0.0046 0.6747 0 0 0 -30
0.4831 0.0051 0.6746 0 0 0 -30
0.4831 0.0051 0.6746 0 0 0 -30
0.4738 0.0051 0.6745 0 0 0 -30
0.4738 0.0051 0.6745 0 0 0 -30
0.4738 0.0051 0.6745 0 0 0 -30
0.4738 0.0051 0.6745 0 0 0 -30
0.4738 0.0051 0.6745 0 0 0 -30
0.4738 0.0051 0.6745 0 0 0 0
0.4862 0.0050 0.6741 0 0 0 -30
0.5015 0.0047 0.6737 0 0 0 -30
0.5015 0.0044 0.6750 0 0 0 -30
0.4738 0.0044 0.6750 0 0 0 -30
0.4738 0.0044 0.6750 0 0 0 -30
0.4738 0.0044 0.6750 0 0 0 -30
0.4923 0.0044 0.6722 0 0 0 -30
0.4923 0.0044 0.6722 0 0 0 -30
0.4923 0.0044 0.6722 0 0 0 -30
0.4923 0.0044 0.6722 0 0 0 -30
0.4831 0.0047 0.6715 0 0 0 -30
0.4831 0.0047 0.6715 0 0 0 -30
0.4831 0.0047 0.6715 0 0 0 -30
0.4831 0.0047 0.6715 0 0 0 -30
0.4831 0.0047 0.6715 0 0 0 -30
0.5231 0.0046 0.6699 0 0 0 -30
0.5231 0.0046 0.6699 0 0 0 -30
0.5231 0.0046 0.6699 0 0 0 -30
0.5231 0.0046 0.6699 0 0 0 -30
0.5231 0.0046 0.6699 0 0 0 -30
0.5231 0.0046 0.6699 0 0 0 -30
0.5231 0.0046 0.6699 0 0 0 -30
0.5231 0.0041 0.6693 0 0 0 -30
0.4708 0.0041 0.6693 0 0 0 -30
0.4708 0.0041 0.6693 0 0 0 -30
0.4708 0.0041 0.6693 0 0 0 0
0.4862 0.0043 0.6656 0 0 0 -30
0.4800 0.0043 0.6619 0 0 0 -30
0.4800 0.0043 0.6619 0 0 0 -30
0.4800 0.0042 0.6583 0 0 0 -30
0.4800 0.0042 0.6583 0 0 0 -30
0.4800 0.0042 0.6583 0 0 0 -30
0.4800 0.0042 0.6583 0 0 0 -30
0.4800 0.0042 0.6583 0 0 0 -30
0.5108 0.0040 0.6556 0 0 0 -30
0.5108 0.0040 0.6556 0 0 0 -30
0.5108 0.0040 0.6556 0 0 0 -30
0.5108 0.0040 0.6556 0 0 0 -30
0.5108 0.0040 0.6556 0 0 0 -30
0.5108 0.0040 0.6556 0 0 0 0
0.4677 0.0073 0.6456 0 0 0 -30
0.4523 0.0076 0.6464 0 0 0 -30
0.4800 0.0079 -0.0056 0 0 0 -30
0.4954 0.0081 -0.0089 0 0 0 -30
0.4892 0.0083 -0.0045 0 0 0 -30
0.4892 0.0083 -0.0045 0 0 0 0
0.4923 0.0074 -0.0081 0 0 0 -30
0.4985 0.0074 -0.0081 0 0 0 -30
0.5077 0.0071 -0.0071 0 0 0 -30
0.5077 0.0070 -0.0080 0 0 0 -30
0.4708 0.0070 -0.0080 0 0 0 -30
0.4677 0.0069 -0.0084 0 0 0 -30
0.4677 0.0069 -0.0084 0 0 0 -30
0.4677 0.0069 -0.0084 0 0 0 0
0.4738 0.0070 -0.0171 0 0 0 -30
0.4738 0.0070 -0.0171 0 0 0 -30
0.4554 0.0071 -0.0219 0 0 0 -30
0.4800 0.0057 -0.0216 0 0 0 -30
0.4615 0.0049 -0.0221 0 0 0 -30
0.4646 0.0041 -0.0198 0 0 0 0
0.4831 0.0038 -0.0312 0 0 0 -30
0.4892 0.0037 -0.0351 0 0 0 -30
0.4923 0.0037 -0.0351 0 0 0 -30
0.5046 0.0035 -0.0353 0 0 0 0
