0.6538 0.0065 0.0048 -30 0 0 0
0.6434 0.0074 0.0079 -30 0 0 0
0.6154 0.0083 0.0051 -30 0 0 0
0.6294 0.0089 0.0057 0 0 0 0
0.6538 0.0075 0.0106 -30 0 0 0
0.6643 0.0072 0.0111 -30 0 0 0
0.6469 0.0087 0.0092 -30 0 0 0
0.6538 0.0084 0.0097 0 0 0 0
0.6399 0.0077 0.0094 30 0 0 0
0.6538 0.0079 0.0060 30 0 0 0
0.6678 0.0079 0.0064 30 0 0 0
0.6608 0.0074 0.0051 30 0 0 0
0.6608 0.0074 0.0052 0 0 0 0
0.6608 0.0081 0.0065 30 0 0 0
0.6783 0.0080 0.0075 30 0 0 0
0.6329 0.0078 0.0075 30 0 0 0
0.6329 0.0075 0.0080 30 0 0 0
0.6329 0.0075 0.0080 30 0 0 0
0.6084 0.0075 0.0082 0 0 0 0
0.6014 0.0071 0.0214 0 0 0 -30
0.6329 0.0079 0.0248 0 0 0 -30
0.6189 0.0091 0.0292 0 0 0 0
0.6434 0.0083 0.0247 0 0 0 -30
0.6049 0.0079 0.0189 0 0 0 -30
0.5979 0.0074 0.0168 0 0 0 0
0.6573 0.0075 0.0130 30 0 0 0
0.6469 0.0069 0.0092 30 0 0 0
0.6329 0.0075 0.0054 0 0 0 0
0.6399 0.0072 0.0012 -30 0 0 0
0.6329 0.0078 0.0018 -30 0 0 0
0.6259 0.0081 -0.0001 -30 0 0 0
0.6119 0.0077 0.0003 -30 0 0 0
0.6329 0.0072 -0.0000 -30 0 0 0
0.6364 0.0070 0.0002 -30 0 0 0
0.6364 0.0070 0.0002 -30 0 0 0
0.6224 0.0075 -0.0001 0 0 0 0
0.6538 0.0079 0.0007 -30 0 0 0
0.6643 0.0074 0.0015 -30 0 0 0
0.6329 0.0075 0.0012 -30 0 0 0
0.6399 0.0075 0.0023 -30 0 0 0
0.6399 0.0075 0.0023 -30 0 0 0
0.6469 0.0074 0.0021 -30 0 0 0
0.6469 0.0074 0.0023 -30 0 0 0
0.6329 0.0071 0.0010 -30 0 0 0
0.6119 0.0075 0.0010 -30 0 0 0
0.6364 0.0077 0.0020 -30 0 0 0
0.6364 0.0077 0.0020 0 0 0 0
0.6434 0.0084 0.0008 -30 0 0 0
0.6538 0.0077 0.0022 -30 0 0 0
0.6329 0.0083 -0.0032 -30 0 0 0
0.6329 0.0083 -0.0032 0 0 0 0
0.6364 0.0068 -0.0011 -30 0 0 0
0.6259 0.0074 -0.0029 -30 0 0 0
0.6364 0.0073 -0.0037 -30 0 0 0
0.6364 0.0068 -0.0052 -30 0 0 0
0.6608 0.0066 -0.0044 -30 0 0 0
0.6503 0.0065 -0.0057 -30 0 0 0
0.6503 0.0065 -0.0057 -30 0 0 0
0.6294 0.0066 -0.0058 0 0 0 0
0.6294 0.0066 -0.0053 -30 0 0 0
0.6259 0.0060 -0.0063 -30 0 0 0
0.6399 0.0057 -0.0084 -30 0 0 0
0.6399 0.0057 -0.0084 -30 0 0 0
0.6329 0.0057 -0.0102 -30 0 0 0
0.6329 0.0055 -0.0072 0 0 0 0
0.6259 0.0057 -0.0064 -30 0 0 0
0.6259 0.0061 -0.0035 -30 0 0 0
0.6399 0.0060 -0.0012 -30 0 0 0
0.6538 0.0060 -0.0013 -30 0 0 0
0.6538 0.0055 -0.0001 -30 0 0 0
0.6399 0.0054 -0.0002 -30 0 0 0
0.6259 0.0053 -0.0007 -30 0 0 0
0.6399 0.0056 -0.0010 -30 0 0 0
0.6154 0.0059 -0.0021 -30 0 0 0
0.6573 0.0062 -0.0021 -30 0 0 0
0.6259 0.0062 -0.0006 -30 0 0 0
0.6329 0.0062 0.0010 -30 0 0 0
0.6329 0.0062 0.0010 -30 0 0 0
0.6154 0.0063 0.0009 -30 0 0 0
0.6434 0.0066 0.0007 -30 0 0 0
0.6503 0.0069 0.0004 -30 0 0 0
0.5839 0.0070 0.0003 -30 0 0 0
0.5839 0.0062 -0.0003 -30 0 0 0
0.6154 0.0062 -0.0003 -30 0 0 0
0.6469 0.0065 -0.0008 -30 0 0 0
0.6469 0.0070 -0.0014 -30 0 0 0
0.6224 0.0077 -0.0014 -30 0 0 0
0.6294 0.0077 -0.0015 -30 0 0 0
0.6294 0.0073 -0.0012 -30 0 0 0
0.6224 0.0069 -0.0012 -30 0 0 0
0.6259 0.0068 -0.0008 -30 0 0 0
0.6259 0.0068 -0.0008 -30 0 0 0
0.6434 0.0068 -0.0011 -30 0 0 0
0.6434 0.0069 -0.0011 -30 0 0 0
0.6294 0.0071 -0.0010 -30 0 0 0
0.6294 0.0071 -0.0002 -30 0 0 0
0.6364 0.0072 -0.0000 -30 0 0 0
0.6364 0.0072 -0.0000 -30 0 0 0
0.6294 0.0071 0.0005 -30 0 0 0
0.6329 0.0073 0.0018 -30 0 0 0
0.6084 0.0074 0.0022 -30 0 0 0
0.6084 0.0070 0.0026 -30 0 0 0
0.6084 0.0070 0.0026 0 0 0 0
0.6294 0.0076 0.0053 0 30 0 0
0.6538 0.0077 0.0036 0 30 0 0
0.6643 0.0076 0.0043 0 30 0 0
0.6259 0.0075 0.0039 0 30 0 0
0.6294 0.0074 0.0045 0 30 0 0
0.6399 0.0075 0.0061 0 30 0 0
0.6538 0.0079 0.0064 0 30 0 0
0.6294 0.0081 0.0048 0 0 0 0
0.6259 0.0077 0.0044 0 30 0 0
0.6259 0.0079 0.0084 0 30 0 0
0.5979 0.0083 0.0144 0 30 0 0
0.6364 0.0082 0.0170 0 30 0 0
0.6119 0.0077 0.0163 0 30 0 0
0.6119 0.0077 0.0163 0 30 0 0
0.6294 0.0079 0.0206 0 30 0 0
0.6329 0.0075 0.0224 0 30 0 0
0.6259 0.0077 0.0203 0 30 0 0
0.6259 0.0077 0.0203 0 30 0 0
0.6294 0.0079 0.0189 0 30 0 0
0.6503 0.0077 0.0189 0 30 0 0
0.6224 0.0071 0.0200 0 30 0 0
0.6224 0.0071 0.0200 0 30 0 0
0.5804 0.0064 0.0206 0 30 0 0
0.6154 0.0065 0.0209 0 30 0 0
0.6224 0.0064 0.0225 0 30 0 0
0.5874 0.0069 0.0238 0 30 0 0
0.6084 0.0075 0.0243 0 30 0 0
0.6364 0.0079 0.0232 0 30 0 0
0.6364 0.0079 0.0232 0 30 0 0
0.6259 0.0084 0.0245 0 30 0 0
0.6608 0.0084 0.0260 0 30 0 0
0.6294 0.0081 0.0304 0 30 0 0
0.6294 0.0081 0.0304 0 30 0 0
0.6469 0.0072 0.0274 0 30 0 0
0.6329 0.0070 0.0262 0 30 0 0
0.6294 0.0069 0.0121 0 30 0 0
0.6294 0.0069 0.0121 0 0 0 0
0.6399 0.0064 -0.0097 0 30 0 0
0.6154 0.0069 -0.0168 0 30 0 0
0.6224 0.0067 -0.0222 0 30 0 0
0.6224 0.0067 -0.0222 0 30 0 0
0.6399 0.0072 -0.0262 0 0 0 -30
0.6259 0.0075 -0.0243 0 0 0 -30
0.6503 0.0076 -0.0252 0 0 0 -30
0.6259 0.0073 -0.0265 0 0 0 0
0.6469 0.0067 -0.0252 0 0 0 -30
0.6364 0.0062 -0.0304 0 0 0 -30
0.6469 0.0062 -0.0319 0 0 0 -30
0.6399 0.0062 -0.0344 0 0 0 0
0.6399 0.0062 -0.0344 0 0 0 -30
0.6294 0.0075 -0.0369 0 0 0 -30
0.6294 0.0075 -0.0369 0 0 0 -30
0.6329 0.0075 -0.0389 0 0 0 0
0.6189 0.0061 -0.0436 0 30 0 0
0.6119 0.0062 -0.0442 0 30 0 0
0.6119 0.0061 -0.0436 0 30 0 0
0.6014 0.0062 -0.0432 0 30 0 0
0.6084 0.0064 -0.0427 0 30 0 0
0.6084 0.0063 -0.0389 0 30 0 0
0.6294 0.0063 -0.0389 0 30 0 0
0.6503 0.0060 -0.0383 0 30 0 0
0.6189 0.0059 -0.0363 0 0 0 0
0.6294 0.0064 -0.0326 0 30 0 0
0.6434 0.0063 -0.0309 0 30 0 30
0.6434 0.0063 -0.0309 0 0 0 30
0.6538 0.0059 -0.0294 0 0 0 30
0.6329 0.0053 -0.0290 0 0 0 0
0.6748 0.0051 -0.0293 0 0 0 30
0.6503 0.0054 -0.0305 0 0 0 30
0.6503 0.0053 -0.0288 0 0 0 0
0.6434 0.0054 -0.0270 0 0 0 30
0.6329 0.0064 -0.0265 0 0 0 30
0.6399 0.0065 -0.0278 0 0 0 0
0.6119 0.0065 -0.0296 0 0 0 30
0.6084 0.0061 -0.0315 0 0 0 0
0.6259 0.0069 -0.0257 0 30 0 0
0.6154 0.0070 -0.0259 0 30 0 0
0.6259 0.0071 -0.0252 0 30 0 0
0.6084 0.0070 -0.0253 0 30 0 0
0.6084 0.0070 -0.0253 0 30 0 0
0.6049 0.0063 -0.0253 0 0 0 0
0.5979 0.0055 -0.0279 0 30 0 0
0.6294 0.0057 -0.0279 0 30 0 0
0.6434 0.0056 -0.0275 0 30 0 0
0.6154 0.0056 -0.0290 0 0 0 0
0.6189 0.0061 -0.0292 0 30 0 0
0.6189 0.0062 -0.0286 0 30 0 0
0.5979 0.0065 -0.0286 0 30 0 0
0.5979 0.0065 -0.0286 0 30 0 0
0.6503 0.0069 -0.0268 0 30 0 30
0.6538 0.0068 -0.0264 0 0 0 30
0.6154 0.0071 -0.0246 0 0 0 30
0.6364 0.0071 -0.0238 0 0 0 0
0.6364 0.0070 -0.0233 0 0 0 30
0.6084 0.0060 -0.0228 0 0 0 30
0.5839 0.0064 -0.0226 0 0 0 0
0.5839 0.0073 -0.0229 0 0 0 30
0.6259 0.0069 -0.0226 0 0 0 30
0.6364 0.0066 -0.0212 0 0 0 0
0.5979 0.0070 -0.0136 0 0 0 30
0.6469 0.0067 -0.0108 0 0 0 30
0.6294 0.0084 -0.0045 0 0 0 0
0.6189 0.0064 -0.0003 0 0 0 30
0.6154 0.0083 -0.0044 0 0 0 30
0.6399 0.0084 -0.0047 0 0 0 0
0.6364 0.0071 -0.0064 -30 0 0 0
0.6678 0.0065 -0.0070 -30 0 0 0
0.6224 0.0077 -0.0078 -30 0 0 0
0.6224 0.0077 -0.0078 -30 0 0 0
0.6364 0.0078 -0.0091 0 0 0 0
0.6259 0.0074 -0.0087 -30 0 0 0
0.5979 0.0077 -0.0088 -30 0 0 0
0.5979 0.0077 -0.0088 -30 0 0 0
0.6259 0.0078 -0.0082 -30 0 0 0
0.6154 0.0082 -0.0077 -30 0 0 0
0.6469 0.0083 -0.0080 0 0 0 0
0.6294 0.0079 -0.0079 -30 0 0 0
0.6224 0.0077 -0.0084 -30 0 0 0
0.6224 0.0077 -0.0084 -30 0 0 0
0.6224 0.0077 -0.0084 -30 0 0 0
0.6608 0.0082 -0.0079 -30 0 0 0
0.5909 0.0078 -0.0085 -30 0 0 0
0.6189 0.0072 -0.0094 -30 0 0 0
0.6189 0.0072 -0.0094 -30 0 0 0
0.6364 0.0069 -0.0100 -30 0 0 0
0.6364 0.0069 -0.0100 -30 0 0 0
0.6608 0.0070 -0.0109 -30 0 0 0
0.6608 0.0070 -0.0109 -30 0 0 0
0.6189 0.0072 -0.0119 -30 0 0 0
0.6119 0.0072 -0.0116 -30 0 0 0
0.6259 0.0070 -0.0126 -30 0 0 0
0.6259 0.0070 -0.0126 -30 0 0 0
0.6573 0.0074 -0.0119 -30 0 0 0
0.6154 0.0073 -0.0120 -30 0 0 0
0.6224 0.0071 -0.0116 0 0 0 0
0.6259 0.0066 -0.0105 -30 0 0 0
0.5979 0.0072 -0.0089 -30 0 0 0
0.6294 0.0077 -0.0076 -30 0 0 0
0.6294 0.0077 -0.0076 -30 0 0 0
0.6294 0.0075 -0.0076 -30 0 0 0
0.6364 0.0073 -0.0079 -30 0 0 0
0.6469 0.0073 -0.0064 0 0 0 0
0.6329 0.0074 -0.0066 -30 0 0 0
0.6189 0.0064 -0.0072 -30 0 0 0
0.6119 0.0062 -0.0066 -30 0 0 0
0.6119 0.0062 -0.0066 -30 0 0 0
0.5979 0.0059 -0.0073 -30 0 0 0
0.6189 0.0059 -0.0070 -30 0 0 0
0.6049 0.0058 -0.0087 -30 0 0 0
0.6049 0.0065 -0.0078 -30 0 0 0
0.5909 0.0065 -0.0078 -30 0 0 0
0.6049 0.0070 -0.0082 -30 0 0 0
0.5769 0.0070 -0.0076 -30 0 0 0
0.5594 0.0064 -0.0074 -30 0 0 0
0.5594 0.0064 -0.0074 -30 0 0 0
0.5944 0.0062 -0.0065 -30 0 0 0
0.5944 0.0066 -0.0056 -30 0 0 0
0.6014 0.0071 -0.0054 -30 0 0 0
0.6084 0.0070 -0.0072 -30 0 0 0
0.6084 0.0070 -0.0072 -30 0 0 0
0.6084 0.0070 -0.0072 -30 0 0 0
0.6014 0.0066 -0.0061 -30 0 0 0
0.5839 0.0068 -0.0044 -30 0 0 0
0.5839 0.0068 -0.0044 -30 0 0 0
0.6049 0.0069 -0.0044 -30 0 0 0
0.6119 0.0070 -0.0054 -30 0 0 0
0.5874 0.0072 -0.0052 -30 0 0 0
0.6014 0.0076 -0.0070 -30 0 0 0
0.6014 0.0076 -0.0070 -30 0 0 0
0.6014 0.0077 -0.0070 -30 0 0 0
0.6119 0.0077 -0.0066 -30 0 0 0
0.6119 0.0077 -0.0071 -30 0 0 0
0.6119 0.0076 -0.0070 -30 0 0 0
0.6294 0.0081 -0.0069 -30 0 0 0
0.6294 0.0078 -0.0063 -30 0 0 0
0.6154 0.0078 -0.0063 -30 0 0 0
0.6259 0.0079 -0.0077 -30 0 0 0
0.6224 0.0079 -0.0077 -30 0 0 0
0.6399 0.0076 -0.0074 -30 0 0 0
0.6399 0.0076 -0.0074 -30 0 0 0
0.6329 0.0073 -0.0100 -30 0 0 0
0.6189 0.0076 -0.0092 -30 0 0 0
0.6119 0.0076 -0.0095 -30 0 0 0
0.6294 0.0077 -0.0086 -30 0 0 0
0.6294 0.0077 -0.0086 0 0 0 0
0.6434 0.0074 -0.0055 0 -30 0 0
0.6259 0.0074 -0.0018 0 -30 0 0
0.6364 0.0073 -0.0018 0 -30 0 0
0.6154 0.0070 -0.0014 0 -30 0 0
0.6259 0.0066 -0.0021 0 -30 0 0
0.6573 0.0068 -0.0040 0 -30 0 0
0.6573 0.0071 -0.0037 0 -30 0 0
0.6189 0.0071 -0.0037 0 -30 0 0
0.6189 0.0075 -0.0025 0 -30 0 0
0.6049 0.0078 -0.0022 0 -30 0 0
0.6154 0.0077 -0.0022 0 -30 0 0
0.6049 0.0079 -0.0016 0 -30 0 0
0.6049 0.0079 -0.0011 0 -30 0 0
0.6084 0.0083 -0.0009 0 -30 0 0
0.6189 0.0079 -0.0009 0 -30 0 0
0.6259 0.0072 -0.0008 0 -30 0 0
0.6259 0.0072 -0.0008 0 -30 0 0
0.6469 0.0069 -0.0008 0 -30 0 0
0.6294 0.0071 -0.0003 0 -30 0 0
0.6329 0.0074 -0.0023 0 -30 0 0
0.6608 0.0079 -0.0022 0 -30 0 0
0.6608 0.0079 -0.0022 0 -30 0 0
0.6608 0.0092 0.0001 0 -30 0 0
0.6538 0.0096 0.0006 0 -30 0 0
0.6154 0.0094 0.0012 0 -30 0 0
0.6154 0.0094 0.0012 0 -30 0 0
0.6573 0.0085 0.0005 0 -30 0 0
0.6154 0.0070 0.0009 0 -30 0 0
0.6364 0.0064 0.0013 0 -30 0 0
0.6364 0.0064 0.0013 0 -30 0 0
0.6294 0.0064 0.0019 0 -30 0 0
0.6259 0.0068 0.0023 0 -30 0 0
0.6224 0.0070 0.0026 0 -30 0 0
0.6678 0.0068 0.0021 0 -30 0 0
0.6643 0.0065 0.0020 0 -30 0 0
0.6643 0.0065 0.0020 0 -30 0 0
0.6503 0.0064 0.0016 0 -30 0 0
0.6154 0.0068 0.0016 0 -30 0 0
0.6503 0.0073 0.0013 0 -30 0 0
0.6643 0.0076 0.0012 0 -30 0 0
0.6643 0.0076 0.0012 0 -30 0 0
0.6643 0.0074 0.0014 0 -30 0 0
0.6573 0.0076 -0.0017 0 -30 0 0
0.6434 0.0080 -0.0020 0 -30 0 0
0.6434 0.0080 -0.0020 0 -30 0 0
0.6049 0.0081 -0.0012 0 -30 0 0
0.6119 0.0080 -0.0012 0 -30 0 0
0.6329 0.0082 -0.0012 0 -30 0 0
0.6329 0.0077 -0.0007 0 -30 0 0
0.6189 0.0074 -0.0013 0 -30 0 0
0.6434 0.0072 -0.0006 0 -30 0 0
0.6434 0.0072 -0.0006 0 -30 0 0
0.6364 0.0074 -0.0007 0 -30 0 0
0.6399 0.0077 -0.0007 0 -30 0 0
0.6469 0.0078 -0.0021 0 -30 0 0
0.6469 0.0078 -0.0021 0 -30 0 0
0.6364 0.0078 -0.0020 0 -30 0 0
0.6329 0.0078 -0.0024 0 -30 0 0
0.6154 0.0079 -0.0024 0 -30 0 0
0.6154 0.0079 -0.0024 0 -30 0 0
0.6224 0.0079 -0.0011 0 0 0 0
0.6503 0.0079 0.0016 -30 0 0 0
0.6259 0.0078 0.0022 -30 0 0 0
0.6329 0.0076 0.0015 -30 0 0 0
0.6503 0.0075 0.0022 -30 0 0 0
0.6364 0.0072 0.0020 -30 0 0 0
0.6364 0.0072 0.0020 0 0 0 0
0.6538 0.0082 0.0034 0 -30 0 0
0.6294 0.0071 0.0102 0 -30 0 0
0.6573 0.0069 0.0097 0 -30 0 0
0.6573 0.0069 0.0097 0 -30 0 0
0.6503 0.0062 0.0097 0 -30 0 0
0.6503 0.0062 0.0097 0 -30 0 0
0.6573 0.0058 0.0126 0 -30 0 0
0.6224 0.0055 0.0140 0 -30 0 0
0.6399 0.0052 0.0137 0 -30 0 0
0.6399 0.0052 0.0137 0 -30 0 0
0.6503 0.0048 0.0160 0 -30 0 0
0.6364 0.0055 0.0177 0 -30 0 0
0.6364 0.0055 0.0177 0 0 0 0
0.6329 0.0061 0.0171 30 0 0 0
0.6399 0.0074 0.0254 30 0 0 0
0.6154 0.0075 0.0197 30 0 0 0
0.6154 0.0075 0.0197 30 0 0 0
0.5979 0.0075 0.0193 0 0 0 0
0.6364 0.0087 0.0112 30 0 0 0
0.6154 0.0090 0.0102 30 0 0 0
0.6329 0.0090 0.0104 30 0 0 0
0.6329 0.0090 0.0104 30 0 0 0
0.6084 0.0087 0.0100 30 0 0 0
0.6014 0.0086 0.0099 30 0 0 0
0.6119 0.0082 0.0064 0 0 0 0
0.5909 0.0085 0.0034 30 0 0 0
0.6119 0.0076 0.0031 30 0 0 0
0.6364 0.0068 0.0030 30 0 0 0
0.6049 0.0069 0.0025 30 0 0 0
0.6084 0.0081 0.0028 30 0 0 0
0.6084 0.0081 0.0028 30 0 0 0
0.6364 0.0084 0.0026 30 0 0 0
0.6538 0.0085 0.0029 30 0 0 0
0.6364 0.0084 0.0040 30 0 0 0
0.6364 0.0080 0.0048 30 0 0 0
0.6329 0.0080 0.0048 30 0 0 0
0.6434 0.0077 0.0048 0 0 0 0
0.6259 0.0078 0.0059 0 30 0 0
0.6538 0.0079 0.0049 0 30 0 0
0.6399 0.0081 0.0053 0 30 0 0
0.6364 0.0083 0.0127 0 30 0 0
0.6154 0.0084 0.0122 0 30 0 0
0.5944 0.0081 0.0172 0 30 0 0
0.6329 0.0085 0.0176 0 30 0 0
0.6329 0.0085 0.0176 0 30 0 0
0.6364 0.0087 0.0149 0 30 0 0
0.6434 0.0088 0.0116 0 30 0 0
0.6503 0.0088 0.0110 0 30 0 0
0.6678 0.0084 0.0109 0 30 0 0
0.6678 0.0084 0.0109 0 30 0 0
0.6643 0.0083 0.0111 0 30 0 0
0.6573 0.0083 0.0120 0 30 0 0
0.6119 0.0079 0.0118 0 30 0 0
0.6329 0.0077 0.0124 0 30 0 0
0.6329 0.0077 0.0124 0 30 0 0
0.6538 0.0078 0.0128 0 30 0 0
0.6189 0.0081 0.0110 0 30 0 0
0.6189 0.0081 0.0110 0 30 0 0
0.6608 0.0078 0.0108 0 30 0 0
0.6538 0.0076 0.0092 0 30 0 0
0.6643 0.0079 0.0064 0 30 0 0
0.6643 0.0079 0.0064 0 30 0 0
0.6713 0.0078 0.0063 0 30 0 0
0.6538 0.0077 0.0052 0 30 0 0
0.6713 0.0075 0.0026 0 30 0 0
0.6818 0.0076 0.0027 0 30 0 0
0.6818 0.0076 0.0027 0 30 0 0
0.6434 0.0076 0.0027 0 30 0 0
0.6643 0.0076 0.0017 0 30 0 0
0.6259 0.0076 0.0004 0 30 0 0
0.6259 0.0076 0.0004 0 30 0 0
0.6538 0.0072 0.0019 0 30 0 0
0.6364 0.0071 0.0021 0 30 0 0
0.6748 0.0071 0.0028 0 30 0 0
0.6503 0.0072 0.0036 0 30 0 0
0.6503 0.0070 0.0033 0 30 0 0
0.6503 0.0070 0.0033 0 30 0 0
0.6364 0.0071 0.0047 0 30 0 0
0.6364 0.0072 0.0050 0 30 0 0
0.6189 0.0072 0.0051 0 30 0 0
0.6224 0.0070 0.0056 0 30 0 0
0.6224 0.0070 0.0056 0 30 0 0
0.6329 0.0068 0.0059 0 30 0 0
0.6364 0.0069 0.0057 0 30 0 0
0.6014 0.0069 0.0057 0 30 0 0
0.6014 0.0069 0.0057 0 30 0 0
0.5734 0.0066 0.0063 0 30 0 0
0.6329 0.0065 0.0069 0 30 0 0
0.5944 0.0064 0.0062 0 30 0 0
0.5769 0.0065 0.0067 0 30 0 0
0.5874 0.0062 0.0064 0 30 0 0
0.6014 0.0059 0.0063 0 30 0 0
0.6014 0.0059 0.0063 0 30 0 0
0.6049 0.0058 0.0065 0 30 0 0
0.5874 0.0056 0.0063 0 30 0 0
0.5874 0.0060 0.0072 0 30 0 0
0.5874 0.0060 0.0072 0 30 0 0
0.5909 0.0066 0.0073 0 30 0 0
0.6049 0.0070 0.0070 0 30 0 0
0.6084 0.0073 0.0063 0 30 0 0
0.5909 0.0076 0.0075 0 30 0 0
0.6189 0.0075 0.0095 0 30 0 0
0.6503 0.0068 0.0095 0 30 0 0
0.6503 0.0068 0.0095 0 30 0 0
0.6189 0.0066 0.0104 30 0 0 0
0.6224 0.0070 0.0099 30 0 0 0
0.6259 0.0072 0.0124 30 0 0 0
0.6259 0.0072 0.0124 30 0 0 0
0.5979 0.0074 0.0121 30 0 0 0
0.6084 0.0072 0.0178 30 0 0 0
0.5909 0.0073 0.0178 30 0 0 0
0.6014 0.0072 0.0198 30 0 0 0
0.5804 0.0074 0.0198 30 0 0 0
0.5804 0.0074 0.0198 30 0 0 0
0.5979 0.0077 0.0207 30 0 0 0
0.6154 0.0084 0.0196 30 0 0 0
0.6014 0.0088 0.0191 0 0 0 0
0.5769 0.0067 0.0195 0 30 0 0
0.5874 0.0066 0.0168 0 30 0 0
0.5769 0.0077 0.0140 0 30 0 0
0.5979 0.0081 0.0137 0 30 0 0
0.5769 0.0075 0.0135 0 30 0 0
0.5769 0.0075 0.0135 0 30 0 0
0.5874 0.0070 0.0145 0 30 0 0
0.5664 0.0068 0.0148 0 30 0 0
0.5944 0.0071 0.0146 0 30 0 0
0.5944 0.0071 0.0146 0 30 0 0
0.5839 0.0077 0.0157 0 30 0 0
0.5909 0.0077 0.0149 0 30 0 0
0.5944 0.0080 0.0133 0 30 0 0
0.5769 0.0079 0.0130 30 0 0 0
0.5769 0.0079 0.0130 30 0 0 0
0.5734 0.0075 0.0136 30 0 0 0
0.5629 0.0075 0.0136 30 0 0 0
0.5804 0.0069 0.0130 30 0 0 0
0.6049 0.0066 0.0128 30 0 0 0
0.5594 0.0061 0.0134 30 0 0 0
0.5594 0.0061 0.0134 30 0 0 0
0.5664 0.0058 0.0116 30 0 0 0
0.5455 0.0055 0.0113 30 0 0 0
0.5629 0.0055 0.0115 30 0 0 0
0.5804 0.0053 0.0092 30 0 0 0
0.5804 0.0053 0.0092 30 0 0 0
0.5874 0.0060 0.0065 30 0 0 0
0.5874 0.0060 0.0065 30 0 0 0
0.5909 0.0065 0.0061 30 0 0 0
0.6049 0.0064 0.0061 30 0 0 0
0.5629 0.0063 0.0050 30 0 0 0
0.5629 0.0063 0.0050 30 0 0 0
0.6084 0.0065 0.0044 30 0 0 0
0.5944 0.0063 0.0042 30 0 0 0
0.6224 0.0064 0.0041 30 0 0 0
0.6224 0.0064 0.0041 30 0 0 0
0.6014 0.0064 0.0041 30 0 0 0
0.6084 0.0064 0.0039 30 0 0 0
0.6084 0.0063 0.0021 30 0 0 0
0.5979 0.0065 0.0018 30 0 0 0
0.5979 0.0065 0.0018 30 0 0 0
0.6224 0.0070 -0.0003 30 0 0 0
0.6224 0.0070 -0.0003 30 0 0 0
0.5979 0.0070 -0.0004 30 0 0 0
0.6154 0.0071 -0.0006 30 0 0 0
0.5944 0.0072 -0.0004 30 0 0 0
0.5944 0.0072 -0.0004 30 0 0 0
0.5839 0.0077 0.0010 30 0 0 0
0.5944 0.0079 0.0014 30 0 0 0
0.5804 0.0080 -0.0010 30 0 0 0
0.5804 0.0078 -0.0006 30 0 0 0
0.5839 0.0078 -0.0006 30 0 0 0
0.5804 0.0072 0.0014 30 0 0 0
0.5629 0.0072 0.0014 30 0 0 0
0.5804 0.0072 0.0015 30 0 0 0
0.5909 0.0081 0.0013 30 0 0 0
0.5909 0.0081 0.0013 30 0 0 0
0.5909 0.0083 0.0033 30 0 0 0
0.6329 0.0079 0.0038 30 0 0 0
0.6014 0.0077 0.0044 30 0 0 0
0.6049 0.0070 0.0071 30 0 0 0
0.5979 0.0075 0.0082 30 0 0 0
0.5979 0.0075 0.0082 30 0 0 0
0.5524 0.0075 0.0084 30 0 0 0
0.6014 0.0073 0.0128 30 0 0 0
0.6014 0.0073 0.0133 30 0 0 0
0.6014 0.0073 0.0133 30 0 0 0
0.6294 0.0070 0.0146 30 0 0 0
0.6329 0.0066 0.0147 30 0 0 0
0.6084 0.0064 0.0185 30 0 0 0
0.5909 0.0066 0.0189 30 0 0 0
0.5909 0.0066 0.0214 30 0 0 0
0.6154 0.0066 0.0214 30 0 0 0
0.6049 0.0067 0.0211 30 0 0 0
0.6049 0.0068 0.0233 30 0 0 0
0.6014 0.0066 0.0250 30 0 0 0
0.6014 0.0066 0.0250 30 0 0 0
0.6014 0.0068 0.0246 30 0 0 0
0.6014 0.0066 0.0252 30 0 0 0
0.6049 0.0065 0.0243 30 0 0 0
0.6294 0.0064 0.0230 30 0 0 0
0.6049 0.0062 0.0224 30 0 0 0
0.6049 0.0062 0.0224 30 0 0 0
0.5909 0.0056 0.0206 30 0 0 0
0.5909 0.0056 0.0206 30 0 0 0
0.5944 0.0054 0.0202 30 0 0 0
0.5804 0.0059 0.0196 30 0 0 0
0.5664 0.0062 0.0199 30 0 0 0
0.5769 0.0066 0.0190 30 0 0 0
0.5769 0.0066 0.0190 30 0 0 0
0.5909 0.0066 0.0169 30 0 0 0
0.5559 0.0068 0.0164 30 0 0 0
0.5734 0.0070 0.0149 30 0 0 0
0.6014 0.0068 0.0150 30 0 0 0
0.6014 0.0068 0.0150 30 0 0 0
0.5874 0.0066 0.0146 30 0 0 0
0.6049 0.0067 0.0141 30 0 0 0
0.6049 0.0073 0.0138 0 0 0 0
0.6224 0.0075 0.0090 0 0 0 -30
0.6119 0.0076 0.0161 0 0 0 -30
0.6154 0.0063 0.0156 0 0 0 -30
0.5909 0.0060 0.0166 0 0 0 0
0.5909 0.0059 0.0161 0 0 0 -30
0.6014 0.0060 0.0166 0 0 0 -30
0.6014 0.0060 0.0166 0 0 0 0
0.6154 0.0065 0.0149 0 0 0 -30
0.6084 0.0066 0.0145 0 0 0 0
0.5734 0.0062 0.0137 0 0 0 -30
0.5944 0.0060 0.0116 0 0 0 0
0.6119 0.0064 0.0071 0 30 0 0
0.6014 0.0057 0.0066 0 30 0 0
0.6154 0.0057 0.0047 0 30 0 0
0.5979 0.0059 0.0004 0 30 0 0
0.5769 0.0059 -0.0000 0 30 0 0
0.5839 0.0049 0.0005 0 30 0 0
0.5839 0.0049 0.0005 0 30 0 0
0.5769 0.0048 0.0001 0 30 0 0
0.6154 0.0049 0.0007 0 30 0 0
0.5979 0.0049 0.0004 0 30 0 0
0.5874 0.0056 0.0015 0 30 0 0
0.5874 0.0056 0.0015 0 30 0 0
0.5944 0.0060 0.0012 0 30 0 0
0.5979 0.0062 0.0045 0 30 0 0
0.5629 0.0062 0.0044 0 30 0 0
0.5629 0.0062 0.0044 0 30 0 0
0.5839 0.0062 0.0025 0 30 0 0
0.5839 0.0059 0.0024 0 30 0 0
0.5664 0.0058 0.0030 0 30 0 0
0.5909 0.0057 0.0038 0 30 0 0
0.6154 0.0060 0.0033 0 30 0 0
0.6154 0.0060 0.0033 0 30 0 0
0.6084 0.0066 0.0059 0 30 0 0
0.6014 0.0071 0.0075 0 30 0 0
0.6119 0.0070 0.0072 0 30 0 0
0.6119 0.0070 0.0072 0 30 0 0
0.6224 0.0068 0.0071 0 0 0 0
0.6224 0.0066 0.0059 0 0 0 -30
0.5769 0.0066 0.0090 0 0 0 -30
0.6259 0.0068 0.0087 0 0 0 0
0.6049 0.0060 0.0097 0 0 0 -30
0.6084 0.0061 0.0110 0 0 0 -30
0.6154 0.0062 0.0087 0 0 0 -30
0.6259 0.0059 0.0083 0 0 0 0
0.6294 0.0053 0.0075 0 30 0 0
0.6224 0.0068 0.0042 0 30 0 0
0.6084 0.0057 0.0062 0 30 0 0
0.6084 0.0057 0.0062 0 30 0 0
0.6084 0.0059 0.0055 0 30 0 0
0.5979 0.0060 0.0057 0 30 0 0
0.6294 0.0065 0.0050 0 30 0 0
0.6294 0.0065 0.0050 0 30 0 0
0.6084 0.0066 0.0051 0 30 0 0
0.5944 0.0064 0.0047 0 30 0 0
0.5769 0.0061 0.0047 0 30 0 0
0.5979 0.0058 0.0068 0 30 0 0
0.5979 0.0058 0.0068 0 30 0 0
0.5909 0.0059 0.0095 0 30 0 0
0.5909 0.0059 0.0095 0 30 0 0
0.6154 0.0062 0.0093 0 30 0 0
0.6014 0.0060 0.0087 0 0 0 0
0.5874 0.0059 0.0062 0 30 0 0
0.5874 0.0072 0.0052 0 30 0 0
0.6014 0.0072 0.0047 0 30 0 0
0.6014 0.0072 0.0047 0 30 0 0
0.6084 0.0070 0.0048 0 30 0 0
0.6084 0.0070 0.0048 0 30 0 0
0.6084 0.0064 0.0050 0 0 0 0
0.5804 0.0070 0.0054 0 30 0 0
0.6014 0.0073 0.0064 0 30 0 0
0.6014 0.0073 0.0064 0 30 0 0
0.6014 0.0073 0.0064 0 30 0 0
0.5874 0.0070 0.0056 0 0 0 0
0.6014 0.0077 0.0029 0 30 0 0
0.5909 0.0070 0.0033 0 30 0 0
0.6014 0.0066 0.0042 0 30 0 0
0.6119 0.0065 0.0031 0 30 0 0
0.6294 0.0071 0.0010 0 0 0 0
0.6224 0.0077 0.0003 0 30 0 0
0.5909 0.0078 -0.0026 0 30 0 0
0.5769 0.0081 -0.0035 0 30 0 0
0.6049 0.0081 -0.0011 0 0 0 0
0.6154 0.0086 0.0012 0 30 0 0
0.6049 0.0092 0.0036 0 30 0 0
0.5979 0.0093 0.0044 0 30 0 0
0.6189 0.0098 0.0036 0 30 0 0
0.6084 0.0100 0.0050 0 30 0 0
0.6084 0.0100 0.0050 0 30 0 0
0.6189 0.0101 0.0054 0 30 0 0
0.6119 0.0095 0.0069 0 30 0 0
0.5979 0.0089 0.0062 0 30 0 0
0.6049 0.0082 0.0074 0 30 0 0
0.6049 0.0082 0.0074 0 30 0 0
0.6084 0.0078 0.0076 0 30 0 0
0.6329 0.0077 0.0074 0 30 0 0
0.6154 0.0077 0.0079 0 30 0 0
0.6154 0.0077 0.0079 0 30 0 0
0.6154 0.0076 0.0083 0 30 0 0
0.6049 0.0075 0.0077 0 30 0 0
0.6154 0.0072 0.0070 0 30 0 0
0.5734 0.0075 0.0056 0 30 0 0
0.5664 0.0075 0.0050 0 30 0 0
0.5944 0.0074 0.0039 0 30 0 0
0.5944 0.0074 0.0039 0 30 0 0
0.6119 0.0079 0.0027 0 30 0 0
0.5979 0.0077 0.0024 0 30 0 0
0.6084 0.0078 0.0015 0 30 0 0
0.6224 0.0076 -0.0006 0 30 0 0
0.6503 0.0070 -0.0008 0 30 0 0
0.6224 0.0070 -0.0006 0 30 0 0
0.5944 0.0065 -0.0003 0 30 0 0
0.5874 0.0063 -0.0021 0 30 0 0
0.6084 0.0067 -0.0024 0 30 0 0
0.6084 0.0067 -0.0024 0 30 0 0
0.5734 0.0070 -0.0049 0 30 0 0
0.5944 0.0075 -0.0075 0 30 0 0
0.5734 0.0077 -0.0081 0 30 0 0
0.5769 0.0075 -0.0090 0 30 0 0
0.5839 0.0075 -0.0089 0 30 0 0
0.5839 0.0075 -0.0089 0 30 0 0
0.6014 0.0074 -0.0068 0 30 0 0
0.5944 0.0071 -0.0072 0 30 0 0
0.5979 0.0073 -0.0038 0 30 0 0
0.5874 0.0075 -0.0040 0 30 0 0
0.5909 0.0077 -0.0058 0 30 0 0
0.5909 0.0077 -0.0058 0 30 0 0
0.6119 0.0075 -0.0058 0 30 0 0
0.6084 0.0074 -0.0116 0 30 0 0
0.6119 0.0072 -0.0139 0 30 0 0
0.5979 0.0073 -0.0138 0 30 0 0
0.6503 0.0072 -0.0145 0 30 0 0
0.6154 0.0075 -0.0141 0 30 0 0
0.6154 0.0075 -0.0141 0 30 0 0
0.6224 0.0073 -0.0163 0 30 0 0
0.6224 0.0073 -0.0163 0 30 0 0
0.5979 0.0074 -0.0153 0 30 0 0
0.5909 0.0077 -0.0153 0 30 0 0
0.5909 0.0077 -0.0153 0 30 0 0
0.5874 0.0079 -0.0158 0 30 0 0
0.5909 0.0078 -0.0154 0 30 0 0
0.6084 0.0077 -0.0141 0 30 0 0
0.6329 0.0079 -0.0137 0 30 0 0
0.6189 0.0080 -0.0120 0 30 0 0
0.6189 0.0080 -0.0120 0 30 0 0
0.6014 0.0081 -0.0114 0 30 0 0
0.5734 0.0081 -0.0086 0 30 0 0
0.5734 0.0081 -0.0086 0 30 0 0
0.5769 0.0078 -0.0088 0 30 0 0
0.5979 0.0076 -0.0088 0 30 0 0
0.6049 0.0078 -0.0083 30 30 0 0
0.6084 0.0079 -0.0084 30 30 0 0
0.6084 0.0079 -0.0084 30 30 0 0
0.6119 0.0079 -0.0084 30 30 0 0
0.6014 0.0079 -0.0079 30 30 0 0
0.5944 0.0078 -0.0075 30 30 0 0
0.5944 0.0078 -0.0075 30 30 0 0
0.5944 0.0078 -0.0075 30 30 0 0
0.6084 0.0076 -0.0081 0 30 0 0
0.6189 0.0074 -0.0076 0 30 0 0
0.6189 0.0074 -0.0076 0 30 0 0
0.6119 0.0069 -0.0053 0 30 0 0
0.6119 0.0069 -0.0053 0 30 0 0
0.6049 0.0069 -0.0059 0 30 0 0
0.5979 0.0069 -0.0058 30 30 0 0
0.6154 0.0071 -0.0086 30 30 0 0
0.6014 0.0074 -0.0085 30 30 0 0
0.6014 0.0074 -0.0085 30 30 0 0
0.5699 0.0077 -0.0095 30 30 0 0
0.5804 0.0079 -0.0093 0 30 0 0
0.5734 0.0081 -0.0105 0 30 0 0
0.5734 0.0081 -0.0105 0 30 0 0
0.6189 0.0078 -0.0105 0 30 0 0
0.6049 0.0077 -0.0102 0 30 0 0
0.5944 0.0076 -0.0096 0 30 0 0
0.5944 0.0076 -0.0096 0 30 0 0
0.6154 0.0080 -0.0098 0 30 0 0
0.6154 0.0080 -0.0098 0 30 0 0
0.6224 0.0080 -0.0106 0 30 0 0
0.6224 0.0080 -0.0106 0 30 0 0
0.6084 0.0081 -0.0110 0 30 0 0
0.6049 0.0084 -0.0099 0 30 0 0
0.6049 0.0084 -0.0099 0 30 0 0
0.6049 0.0086 -0.0100 0 30 0 0
0.5769 0.0087 -0.0107 30 0 0 0
0.5629 0.0087 -0.0106 30 0 0 0
0.5629 0.0087 -0.0106 30 0 0 0
0.5664 0.0085 -0.0105 30 0 0 0
0.5664 0.0085 -0.0105 30 0 0 0
0.5839 0.0086 -0.0081 0 0 0 0
0.5629 0.0085 -0.0048 0 0 0 30
0.5699 0.0076 -0.0037 0 0 0 30
0.6049 0.0069 -0.0031 0 0 0 0
0.6049 0.0069 -0.0035 0 0 0 30
0.5874 0.0068 -0.0008 0 0 0 30
0.5734 0.0070 -0.0006 0 0 0 0
0.6084 0.0062 0.0002 30 0 0 0
0.6119 0.0071 -0.0008 30 0 0 0
0.6189 0.0073 -0.0004 30 0 0 0
0.6119 0.0070 0.0028 30 0 0 0
0.6119 0.0071 0.0029 30 0 0 0
0.6084 0.0077 0.0031 30 0 0 0
0.6084 0.0077 0.0031 30 0 0 0
0.5909 0.0079 0.0034 30 0 0 0
0.5769 0.0079 0.0030 0 0 0 0
0.5804 0.0079 0.0029 0 30 0 0
0.6014 0.0079 0.0017 0 30 0 0
0.6049 0.0077 0.0017 0 30 0 0
0.6294 0.0078 0.0042 0 30 0 0
0.6294 0.0078 0.0042 0 30 0 0
0.6049 0.0072 0.0056 0 30 0 0
0.5944 0.0068 0.0064 0 30 0 0
0.5839 0.0068 0.0079 0 0 0 0
0.5944 0.0077 0.0091 30 0 0 0
0.5944 0.0060 0.0124 30 0 0 0
0.5979 0.0051 0.0122 30 0 0 0
0.5979 0.0051 0.0122 30 0 0 0
0.6014 0.0051 0.0126 0 0 0 0
0.5804 0.0055 0.0130 30 0 0 0
0.5874 0.0066 0.0130 30 0 0 0
0.6189 0.0070 0.0137 30 0 0 0
0.6189 0.0070 0.0137 30 0 0 0
0.6294 0.0072 0.0142 30 0 0 0
0.5874 0.0074 0.0114 30 0 0 0
0.6364 0.0068 0.0111 0 0 0 0
0.6014 0.0079 0.0119 30 0 0 0
0.5839 0.0075 0.0135 30 0 0 0
0.5909 0.0065 0.0142 30 0 0 0
0.5804 0.0062 0.0161 30 0 0 0
0.5804 0.0062 0.0161 30 0 0 0
0.5944 0.0058 0.0160 30 0 0 0
0.6014 0.0059 0.0164 30 0 0 0
0.5979 0.0060 0.0147 30 0 0 0
0.6154 0.0064 0.0159 30 0 0 0
0.6154 0.0064 0.0159 30 0 0 0
0.6084 0.0070 0.0173 30 0 0 0
0.6014 0.0075 0.0171 30 0 0 0
0.6049 0.0079 0.0192 30 0 0 0
0.6084 0.0075 0.0190 30 0 0 0
0.6014 0.0071 0.0225 30 0 0 0
0.5944 0.0064 0.0219 30 0 0 0
0.6084 0.0059 0.0213 30 0 0 0
0.6084 0.0057 0.0223 30 0 0 0
0.6084 0.0057 0.0223 30 0 0 0
0.5979 0.0060 0.0228 30 0 0 0
0.6154 0.0066 0.0249 30 0 0 0
0.6224 0.0069 0.0247 30 0 0 0
0.6224 0.0069 0.0247 30 0 0 0
0.6469 0.0067 0.0285 30 0 0 0
0.6014 0.0066 0.0287 30 0 0 0
0.5944 0.0069 0.0280 30 0 0 0
0.6154 0.0067 0.0270 30 0 0 0
0.6154 0.0067 0.0270 30 0 0 0
0.5769 0.0066 0.0294 30 0 0 0
0.5734 0.0068 0.0315 30 0 0 0
0.6154 0.0070 0.0310 30 0 0 0
0.6014 0.0071 0.0337 30 0 0 0
0.6014 0.0071 0.0337 30 0 0 0
0.6084 0.0071 0.0327 30 0 0 0
0.5944 0.0067 0.0301 30 0 0 0
0.5944 0.0067 0.0301 30 0 0 0
0.5909 0.0066 0.0288 30 0 0 0
0.5909 0.0066 0.0288 30 0 0 0
0.6154 0.0069 0.0272 30 0 0 0
0.5979 0.0075 0.0261 30 0 0 0
0.5839 0.0077 0.0252 30 0 0 0
0.5874 0.0075 0.0260 30 0 0 0
0.5874 0.0075 0.0260 30 0 0 0
0.5944 0.0072 0.0265 30 0 0 0
0.5909 0.0073 0.0255 0 0 0 0
0.5769 0.0060 0.0222 0 30 0 0
0.6119 0.0057 0.0218 0 30 0 0
0.5839 0.0064 0.0220 0 30 0 0
0.6049 0.0060 0.0220 0 30 0 0
0.5909 0.0058 0.0217 0 0 0 0
0.6084 0.0060 0.0200 0 30 0 0
0.5979 0.0071 0.0205 0 30 0 0
0.5979 0.0070 0.0217 0 30 0 0
0.5874 0.0068 0.0213 0 30 0 0
0.5944 0.0066 0.0200 0 0 0 0
0.6014 0.0066 0.0196 30 0 0 0
0.6049 0.0070 0.0207 30 0 0 0
0.5874 0.0073 0.0211 30 0 0 0
0.6189 0.0074 0.0209 30 0 0 0
0.6329 0.0076 0.0206 30 0 0 0
0.6189 0.0072 0.0216 30 0 0 0
0.6189 0.0072 0.0216 30 0 0 0
0.6049 0.0070 0.0215 0 0 0 0
0.6189 0.0071 0.0180 30 0 0 0
0.6049 0.0080 0.0166 30 0 0 0
0.6049 0.0077 0.0159 30 0 0 0
0.6434 0.0078 0.0167 30 0 0 0
0.6503 0.0074 0.0173 30 0 0 0
0.6503 0.0074 0.0173 30 0 0 0
0.6119 0.0072 0.0171 0 0 0 0
0.6294 0.0063 0.0187 30 0 0 0
0.6189 0.0064 0.0182 30 0 0 0
0.6189 0.0064 0.0182 30 0 0 0
0.6294 0.0069 0.0192 30 0 0 0
0.6224 0.0073 0.0188 30 0 0 0
0.6224 0.0081 0.0175 0 0 0 0
0.6189 0.0075 0.0155 0 -30 0 0
0.6364 0.0077 0.0134 0 -30 0 0
0.6224 0.0074 0.0134 0 -30 0 0
0.6329 0.0072 0.0128 0 -30 0 0
0.6469 0.0075 0.0124 0 -30 0 0
0.6294 0.0078 0.0139 0 -30 0 0
0.6294 0.0078 0.0139 0 -30 0 0
0.6119 0.0078 0.0133 0 -30 0 0
0.6119 0.0078 0.0133 0 -30 0 0
0.6154 0.0071 0.0147 0 -30 0 0
0.6154 0.0071 0.0147 0 -30 0 0
0.6224 0.0071 0.0135 0 -30 0 0
0.6084 0.0070 0.0136 0 -30 0 0
0.5874 0.0075 0.0151 0 0 0 0
0.5804 0.0075 0.0178 30 0 0 0
0.6399 0.0077 0.0183 30 0 0 0
0.6399 0.0077 0.0183 30 0 0 0
0.6154 0.0078 0.0202 30 0 0 0
0.6434 0.0080 0.0204 30 0 0 0
0.6434 0.0083 0.0196 0 0 0 0
0.6818 0.0079 0.0194 30 0 0 0
0.6154 0.0073 0.0178 30 0 0 0
0.6154 0.0073 0.0173 0 0 0 0
0.6084 0.0071 0.0206 0 -30 0 0
0.6189 0.0071 0.0224 0 -30 0 0
0.6259 0.0072 0.0213 0 -30 0 0
0.6259 0.0068 0.0223 0 -30 0 0
0.6259 0.0068 0.0223 0 -30 0 0
0.6224 0.0069 0.0220 0 -30 0 0
0.5804 0.0068 0.0191 0 -30 0 0
0.6154 0.0068 0.0191 0 -30 0 0
0.5874 0.0067 0.0187 0 -30 0 0
0.5804 0.0065 0.0184 0 -30 0 0
0.5909 0.0066 0.0189 0 -30 0 0
0.6154 0.0068 0.0231 0 0 0 0
0.5979 0.0071 0.0187 30 0 0 0
0.6469 0.0067 0.0155 30 0 0 0
0.6294 0.0062 0.0148 30 0 0 0
0.6294 0.0062 0.0148 0 0 0 0
0.5944 0.0077 0.0092 30 0 0 0
0.5909 0.0077 0.0097 30 0 0 0
0.6084 0.0074 0.0095 30 0 0 0
0.6154 0.0075 0.0110 0 0 0 0
0.6294 0.0084 0.0107 0 -30 0 0
0.6084 0.0070 0.0096 0 -30 0 0
0.6084 0.0072 0.0083 0 -30 0 0
0.6259 0.0074 0.0086 0 -30 0 0
0.6189 0.0078 0.0077 0 0 0 0
0.5909 0.0083 0.0076 0 -30 0 0
0.6294 0.0079 0.0110 0 -30 0 0
0.6154 0.0075 0.0105 0 -30 0 0
0.6154 0.0075 0.0105 0 -30 0 0
0.5979 0.0066 0.0113 0 -30 0 0
0.5979 0.0066 0.0113 0 -30 0 0
0.6049 0.0061 0.0114 0 -30 0 0
0.5804 0.0056 0.0112 0 -30 0 0
0.5944 0.0056 0.0112 0 0 0 0
0.5629 0.0051 0.0107 0 -30 0 0
0.5874 0.0050 0.0112 0 -30 0 0
0.5699 0.0057 0.0103 0 -30 0 0
0.5734 0.0057 0.0103 0 -30 0 0
0.5874 0.0064 0.0094 0 -30 0 0
0.6119 0.0070 0.0093 0 -30 0 0
0.6119 0.0070 0.0093 0 -30 0 0
0.5629 0.0075 0.0098 0 -30 0 0
0.5909 0.0077 0.0090 0 -30 0 0
0.6119 0.0076 0.0088 0 -30 0 0
0.5979 0.0072 0.0089 0 0 0 0
0.5594 0.0079 0.0119 30 0 0 0
0.6119 0.0081 0.0160 30 0 0 0
0.6469 0.0078 0.0132 30 0 0 0
0.6469 0.0078 0.0132 0 0 0 0
0.5839 0.0085 0.0159 30 0 0 0
0.6014 0.0081 0.0166 30 0 0 0
0.6294 0.0072 0.0184 30 0 0 0
0.6294 0.0072 0.0184 30 0 0 0
0.6189 0.0072 0.0188 0 0 0 0
0.5874 0.0069 0.0147 30 0 0 0
0.6014 0.0055 0.0135 30 0 0 0
0.5909 0.0057 0.0131 30 0 0 0
0.6049 0.0061 0.0149 30 0 0 0
0.6014 0.0064 0.0144 30 0 0 0
0.6014 0.0064 0.0144 30 0 0 0
0.5944 0.0066 0.0136 30 0 0 0
0.5874 0.0069 0.0127 30 0 0 0
0.5769 0.0074 0.0121 30 0 0 0
0.5769 0.0074 0.0121 30 0 0 0
0.5839 0.0074 0.0108 0 0 0 0
0.6084 0.0064 0.0121 -30 0 0 0
0.5699 0.0070 0.0117 -30 0 0 0
0.6084 0.0076 0.0089 -30 0 0 0
0.6294 0.0078 0.0105 -30 0 0 0
0.6294 0.0078 0.0105 -30 0 0 0
0.6189 0.0075 0.0103 -30 0 0 0
0.6119 0.0075 0.0120 -30 0 0 0
0.6189 0.0076 0.0120 0 0 0 0
0.6154 0.0073 0.0148 -30 0 0 0
0.5979 0.0070 0.0155 -30 0 0 0
0.5944 0.0072 0.0160 -30 0 0 0
0.5944 0.0075 0.0157 -30 0 0 0
0.5874 0.0077 0.0165 -30 0 0 0
0.5909 0.0075 0.0189 -30 0 0 0
0.5979 0.0076 0.0185 -30 0 0 0
0.5979 0.0076 0.0185 -30 0 0 0
0.5909 0.0073 0.0158 -30 0 0 0
0.5874 0.0074 0.0154 -30 0 0 0
0.5944 0.0076 0.0145 -30 0 0 0
0.5909 0.0081 0.0146 -30 0 0 0
0.5909 0.0081 0.0146 -30 0 0 0
0.5979 0.0084 0.0132 -30 0 0 0
0.5839 0.0081 0.0126 0 0 0 0
0.5979 0.0083 0.0158 0 30 0 0
0.5979 0.0083 0.0151 0 30 0 0
0.6049 0.0072 0.0159 0 30 0 0
0.6224 0.0069 0.0179 0 30 0 0
0.5979 0.0066 0.0179 0 30 0 0
0.6189 0.0062 0.0146 0 0 0 0
0.5979 0.0070 0.0107 0 30 0 0
0.5559 0.0064 0.0120 0 30 0 0
0.5979 0.0064 0.0101 0 30 0 0
0.5979 0.0064 0.0101 0 0 0 0
0.5979 0.0051 0.0091 0 30 0 0
0.6608 0.0069 0.0097 0 30 0 0
0.6084 0.0070 0.0088 0 30 0 0
0.5909 0.0069 0.0079 0 30 0 0
0.5909 0.0072 0.0057 0 0 0 0
0.6049 0.0069 0.0070 0 30 0 0
0.6084 0.0068 0.0091 0 30 0 0
0.6224 0.0062 0.0094 0 30 0 0
0.6049 0.0061 0.0073 0 0 0 0
0.5839 0.0071 0.0052 0 30 0 0
0.5909 0.0068 0.0054 0 30 0 0
0.5944 0.0070 0.0052 0 30 0 0
0.6084 0.0072 0.0035 0 30 0 0
0.6259 0.0071 0.0031 0 30 0 0
0.6259 0.0071 0.0031 0 0 0 0
0.5769 0.0070 0.0015 0 30 0 0
0.6049 0.0062 -0.0015 0 30 0 0
0.6049 0.0063 -0.0014 0 30 0 0
0.6049 0.0063 -0.0014 0 30 0 0
0.6084 0.0066 -0.0009 0 30 0 0
0.6189 0.0072 -0.0022 0 30 0 0
0.6084 0.0075 -0.0020 0 30 0 0
0.6084 0.0075 -0.0020 0 0 0 0
0.6259 0.0078 -0.0015 0 30 0 0
0.6049 0.0072 -0.0020 0 30 0 0
0.6399 0.0074 -0.0058 0 30 0 0
0.6049 0.0075 -0.0056 0 30 0 0
0.6049 0.0079 -0.0066 0 30 0 0
0.6049 0.0079 -0.0066 0 30 0 0
0.6294 0.0082 -0.0070 0 0 0 0
0.6224 0.0077 -0.0094 0 30 0 0
0.6049 0.0078 -0.0083 0 30 0 0
0.6049 0.0076 -0.0127 0 30 0 0
0.6294 0.0074 -0.0129 0 30 0 0
0.6294 0.0074 -0.0129 0 0 0 0
0.6014 0.0074 -0.0088 30 0 0 0
0.6259 0.0080 -0.0084 30 0 0 0
0.6049 0.0079 -0.0081 30 0 0 0
0.6154 0.0075 -0.0077 30 0 0 0
0.6154 0.0070 -0.0088 30 0 0 0
0.6154 0.0070 -0.0088 0 0 0 0
0.6084 0.0062 -0.0083 30 0 0 0
0.6119 0.0067 -0.0064 30 0 0 0
0.6294 0.0068 -0.0063 30 0 0 0
0.6294 0.0068 -0.0063 30 0 0 0
0.6294 0.0070 -0.0056 0 0 0 0
0.6189 0.0072 -0.0043 30 0 0 0
0.6189 0.0071 -0.0022 30 0 0 0
0.6119 0.0072 -0.0018 30 0 0 0
0.6119 0.0074 -0.0021 30 0 0 0
0.6224 0.0072 -0.0015 0 0 0 0
0.6399 0.0067 -0.0021 30 0 0 0
0.6189 0.0070 -0.0017 30 0 0 0
0.6469 0.0074 -0.0014 30 0 0 0
0.6329 0.0073 -0.0015 30 0 0 0
0.6538 0.0071 -0.0014 30 0 0 0
0.6538 0.0071 -0.0014 30 0 0 0
0.6119 0.0072 -0.0023 30 0 0 0
0.6503 0.0071 -0.0023 30 0 0 0
0.6329 0.0073 -0.0041 0 0 0 0
0.6469 0.0071 -0.0067 30 0 0 0
0.6329 0.0081 -0.0076 30 0 0 0
0.6399 0.0070 -0.0081 30 0 0 0
0.6399 0.0070 -0.0081 30 0 0 0
0.6189 0.0067 -0.0058 0 0 0 0
0.6294 0.0078 -0.0058 30 0 0 0
0.6469 0.0072 -0.0059 30 0 0 0
0.6189 0.0066 -0.0067 30 0 0 0
0.6608 0.0058 -0.0066 30 0 0 0
0.6259 0.0057 -0.0076 0 0 0 0
0.6049 0.0056 -0.0065 30 0 0 0
0.6643 0.0059 -0.0056 30 0 0 0
0.6084 0.0057 -0.0063 30 0 0 0
0.6084 0.0057 -0.0063 30 0 0 0
0.6434 0.0054 -0.0053 0 0 0 0
0.6573 0.0064 -0.0074 0 0 0 30
0.6364 0.0054 -0.0095 0 0 0 30
0.6189 0.0055 -0.0052 0 0 0 0
0.6014 0.0064 -0.0016 0 0 0 30
0.6329 0.0065 -0.0003 0 0 0 30
0.6503 0.0065 -0.0007 0 0 0 30
0.6364 0.0062 0.0011 0 0 0 0
0.6189 0.0065 0.0046 30 0 0 0
0.6678 0.0066 -0.0007 30 0 0 0
0.6329 0.0064 -0.0011 30 0 0 0
0.6434 0.0061 -0.0012 0 0 0 0
0.6399 0.0061 -0.0020 30 0 0 0
0.6469 0.0075 -0.0001 30 0 0 0
0.6329 0.0067 0.0008 30 0 0 0
0.6329 0.0067 0.0008 0 0 0 0
0.6084 0.0066 -0.0044 30 0 0 0
0.6154 0.0062 -0.0077 30 0 0 0
0.5699 0.0082 -0.0079 0 0 0 0
0.6329 0.0087 -0.0020 -30 0 0 0
0.6503 0.0078 -0.0081 -30 0 0 0
0.6119 0.0077 -0.0089 -30 0 0 0
0.6224 0.0074 -0.0083 -30 0 0 0
0.6399 0.0071 -0.0055 0 0 0 0
0.6364 0.0066 -0.0058 -30 0 0 0
0.6713 0.0073 -0.0041 -30 0 0 0
0.6503 0.0073 -0.0053 -30 0 0 0
0.6434 0.0074 -0.0064 -30 0 0 0
0.6364 0.0071 -0.0066 -30 0 0 0
0.6538 0.0066 -0.0079 0 0 0 0
0.6434 0.0075 -0.0067 -30 0 0 0
0.6713 0.0088 -0.0060 -30 0 0 0
0.6329 0.0081 -0.0047 -30 0 0 0
0.6154 0.0068 -0.0020 -30 0 0 0
0.5874 0.0068 -0.0020 -30 0 0 0
0.6154 0.0066 -0.0016 0 0 0 0
0.6329 0.0066 -0.0036 -30 0 0 0
0.6119 0.0070 -0.0063 -30 0 0 0
0.6189 0.0069 -0.0069 -30 0 0 0
0.6469 0.0072 -0.0066 -30 0 0 0
0.6259 0.0077 -0.0082 -30 0 0 0
0.5979 0.0083 -0.0082 -30 0 0 0
0.5979 0.0083 -0.0082 0 0 0 0
0.6119 0.0066 -0.0100 30 0 0 0
0.6189 0.0063 -0.0084 30 0 0 0
0.6084 0.0075 -0.0101 30 0 0 0
0.6294 0.0076 -0.0088 0 0 0 0
0.6364 0.0068 0.0030 0 30 0 0
0.6329 0.0070 0.0033 0 30 0 0
0.6329 0.0070 0.0048 0 30 0 0
0.6329 0.0073 0.0053 0 30 0 0
0.6608 0.0071 0.0035 0 30 0 0
0.6538 0.0068 0.0033 0 30 0 0
0.6294 0.0060 0.0033 0 30 0 0
0.6294 0.0060 0.0033 0 30 0 0
0.6329 0.0053 0.0021 0 30 0 0
0.6329 0.0053 0.0021 0 30 0 0
0.6399 0.0053 0.0014 0 30 0 0
0.6608 0.0049 0.0015 0 30 0 0
0.6538 0.0048 0.0009 0 30 0 0
0.6538 0.0048 0.0009 0 30 0 0
0.6364 0.0053 0.0009 0 30 0 0
0.6119 0.0060 0.0006 0 30 0 0
0.6189 0.0063 0.0009 0 30 0 0
0.6189 0.0063 0.0009 0 30 0 0
0.6329 0.0070 -0.0019 0 30 0 0
0.6538 0.0071 -0.0056 0 30 0 0
0.6434 0.0071 -0.0056 0 30 0 0
0.6224 0.0068 -0.0053 0 30 0 0
0.6189 0.0069 -0.0038 0 30 0 0
0.6049 0.0070 -0.0033 0 30 0 0
0.6154 0.0070 -0.0027 0 30 0 0
0.6364 0.0066 0.0009 0 30 0 0
0.6364 0.0066 0.0009 0 30 0 0
0.6503 0.0066 0.0017 0 30 0 0
0.6119 0.0065 0.0016 0 30 0 0
0.6224 0.0065 -0.0012 0 30 0 0
0.6224 0.0065 -0.0012 0 30 0 0
0.6399 0.0064 -0.0008 0 30 0 0
0.6608 0.0061 0.0006 0 30 0 0
0.6503 0.0062 0.0004 0 30 0 0
0.6643 0.0068 0.0010 0 30 0 0
0.6259 0.0070 0.0012 0 30 0 0
0.6364 0.0072 0.0025 0 30 0 0
0.6434 0.0073 0.0035 0 30 0 0
0.6434 0.0073 0.0035 0 30 0 0
0.6469 0.0068 0.0036 0 30 0 0
0.6434 0.0068 0.0036 0 30 0 0
0.6084 0.0065 0.0036 0 30 0 0
0.6049 0.0062 0.0022 0 30 0 0
0.6224 0.0063 0.0024 0 30 0 0
0.6224 0.0063 0.0024 0 30 0 0
0.6154 0.0062 0.0045 0 30 0 0
0.6329 0.0063 0.0039 0 30 0 0
0.6329 0.0063 0.0039 0 30 0 0
0.6084 0.0068 0.0039 0 30 0 0
0.6189 0.0066 0.0031 0 30 0 0
0.5944 0.0064 0.0021 0 30 0 0
0.6084 0.0059 0.0017 0 30 0 0
0.6084 0.0059 0.0017 0 30 0 0
0.6154 0.0059 -0.0005 0 30 0 0
0.6189 0.0057 -0.0003 0 30 0 0
0.6224 0.0057 -0.0006 0 30 0 0
0.6154 0.0060 -0.0014 0 30 0 0
0.6154 0.0060 -0.0014 0 30 0 0
0.6084 0.0062 -0.0017 0 30 0 0
0.6084 0.0066 -0.0000 0 30 0 0
0.6224 0.0066 -0.0000 0 30 0 0
0.6434 0.0065 -0.0000 0 30 0 0
0.5909 0.0066 0.0017 0 30 0 0
0.5839 0.0068 0.0015 0 30 0 0
0.6014 0.0068 0.0037 0 30 0 0
0.6014 0.0065 0.0036 0 30 0 0
0.6259 0.0065 0.0036 0 30 0 0
0.6224 0.0066 0.0033 0 0 0 0
0.5944 0.0063 0.0012 0 30 0 0
0.6678 0.0068 0.0079 0 30 0 0
0.6678 0.0068 0.0079 0 30 0 0
0.6084 0.0073 0.0096 0 0 0 0
0.6084 0.0079 0.0090 0 30 0 0
0.6434 0.0076 0.0063 0 30 0 0
0.6434 0.0076 0.0063 0 30 0 0
0.6224 0.0079 0.0061 0 0 0 0
0.6399 0.0078 0.0060 0 30 0 0
0.5979 0.0083 0.0054 0 30 0 0
0.6119 0.0083 0.0049 0 30 0 0
0.5804 0.0081 0.0044 0 30 0 0
0.6084 0.0076 0.0037 0 30 0 0
0.6014 0.0075 0.0038 0 30 0 0
0.6014 0.0075 0.0038 0 30 0 0
0.6224 0.0074 0.0034 0 30 0 0
0.6259 0.0070 0.0031 0 30 0 0
0.6014 0.0066 0.0027 0 30 0 0
0.6014 0.0066 0.0027 0 30 0 0
0.6084 0.0066 0.0048 0 0 0 0
0.5909 0.0061 0.0040 30 0 0 0
0.6119 0.0082 0.0037 30 0 0 0
0.5839 0.0076 0.0034 30 0 0 0
0.5769 0.0073 0.0033 30 0 0 0
0.5769 0.0073 0.0033 30 0 0 0
0.5909 0.0073 0.0033 0 0 0 0
0.6049 0.0079 0.0044 30 0 0 0
0.5944 0.0070 0.0061 30 0 0 0
0.5944 0.0070 0.0061 30 0 0 0
0.5664 0.0072 0.0059 30 0 0 0
0.5769 0.0075 0.0066 0 0 0 0
0.5629 0.0082 0.0067 30 0 0 0
0.5734 0.0062 0.0082 30 0 0 0
0.6329 0.0061 0.0079 30 0 0 0
0.6049 0.0064 0.0077 30 0 0 0
0.5699 0.0067 0.0056 30 0 0 0
0.5804 0.0068 0.0027 30 0 0 0
0.5804 0.0068 0.0027 0 0 0 0
0.5699 0.0064 0.0123 30 0 0 0
0.5944 0.0076 0.0196 30 0 0 0
0.5874 0.0076 0.0164 30 0 0 0
0.5874 0.0076 0.0164 30 0 0 0
0.5839 0.0078 0.0165 0 0 0 0
0.6119 0.0068 0.0206 30 0 0 0
0.5664 0.0072 0.0166 30 0 0 0
0.5769 0.0072 0.0186 30 0 0 0
0.5769 0.0072 0.0186 30 0 0 0
0.6084 0.0073 0.0165 30 0 0 0
0.6084 0.0073 0.0165 0 0 0 0
0.6329 0.0067 0.0155 30 0 0 0
0.5839 0.0065 0.0142 30 0 0 0
0.5909 0.0067 0.0142 30 0 0 0
0.5909 0.0067 0.0142 30 0 0 0
0.5734 0.0071 0.0142 30 0 0 0
0.5664 0.0073 0.0139 30 0 0 0
0.5944 0.0073 0.0139 0 0 0 0
0.5839 0.0071 0.0137 30 0 0 0
0.5769 0.0070 0.0130 30 0 0 0
0.5629 0.0070 0.0135 30 0 0 0
0.5559 0.0070 0.0147 30 0 0 0
0.5804 0.0070 0.0143 30 0 0 0
0.5804 0.0070 0.0143 30 0 0 0
0.5804 0.0069 0.0128 30 0 0 0
0.6084 0.0070 0.0132 30 0 0 0
0.5874 0.0066 0.0127 30 0 0 0
0.5874 0.0066 0.0123 30 0 0 0
0.5874 0.0066 0.0123 30 0 0 0
0.5664 0.0068 0.0101 30 0 0 0
0.5524 0.0070 0.0093 30 0 0 0
0.6049 0.0072 0.0067 30 0 0 0
0.6049 0.0072 0.0067 0 0 0 0
0.5804 0.0065 0.0088 30 0 0 0
0.5699 0.0067 0.0100 30 0 0 0
0.5490 0.0071 0.0079 30 0 0 0
0.5699 0.0077 0.0083 30 0 0 0
0.5769 0.0083 0.0069 30 0 0 0
0.5839 0.0084 0.0074 30 0 0 0
0.5594 0.0087 0.0061 30 0 0 0
0.5594 0.0087 0.0061 30 0 0 0
0.5699 0.0083 0.0056 30 0 0 0
0.5769 0.0081 0.0052 30 0 0 0
0.6014 0.0082 0.0046 30 0 0 0
0.6014 0.0082 0.0046 0 0 0 0
0.5874 0.0087 0.0070 30 0 0 0
0.6014 0.0068 0.0068 30 0 0 0
0.6329 0.0068 0.0074 30 0 0 0
0.6329 0.0068 0.0074 30 0 0 0
0.6189 0.0073 0.0075 30 0 0 0
0.5594 0.0073 0.0087 0 0 0 0
0.5769 0.0064 0.0090 30 0 0 0
0.5629 0.0073 0.0094 30 0 0 0
0.6154 0.0068 0.0096 30 0 0 0
0.6154 0.0068 0.0096 30 0 0 0
0.5874 0.0063 0.0097 0 0 0 0
0.5734 0.0072 0.0122 0 0 0 0
0.6119 0.0060 0.0183 30 0 0 0
0.6119 0.0072 0.0216 30 0 0 0
0.6119 0.0072 0.0216 0 0 0 0
0.5909 0.0068 0.0241 30 0 0 0
0.5979 0.0060 0.0234 30 0 0 0
0.5734 0.0062 0.0230 30 0 0 0
0.6399 0.0060 0.0234 0 0 0 0
0.5944 0.0069 0.0216 30 0 0 0
0.6049 0.0058 0.0244 30 0 0 0
0.6119 0.0060 0.0272 30 0 0 0
0.6294 0.0064 0.0274 30 0 0 0
0.6294 0.0064 0.0274 0 0 0 0
0.5979 0.0076 0.0333 30 0 0 0
0.5874 0.0078 0.0337 30 0 0 0
0.5909 0.0077 0.0332 30 0 0 0
0.5909 0.0077 0.0332 30 0 0 0
0.6014 0.0075 0.0326 0 0 0 0
0.6084 0.0087 0.0290 30 0 0 0
0.5979 0.0082 0.0271 30 0 0 0
0.5979 0.0086 0.0267 30 0 0 0
0.5944 0.0091 0.0278 0 0 0 0
0.5769 0.0090 0.0251 0 0 0 -30
0.6573 0.0083 0.0244 0 0 0 -30
0.6573 0.0083 0.0244 0 0 0 0
0.5699 0.0086 0.0244 30 0 0 0
0.5699 0.0084 0.0224 30 0 0 0
0.5734 0.0079 0.0215 30 0 0 0
0.6189 0.0077 0.0214 30 0 0 0
0.6189 0.0077 0.0214 30 0 0 0
0.6084 0.0077 0.0212 0 0 0 0
0.6189 0.0077 0.0204 30 0 0 0
0.5979 0.0079 0.0182 30 0 0 0
0.6189 0.0076 0.0190 30 0 0 0
0.6189 0.0076 0.0190 0 0 0 0
0.6364 0.0071 0.0184 30 0 0 0
0.6084 0.0063 0.0198 30 0 0 0
0.5979 0.0070 0.0205 0 0 0 0
0.6049 0.0067 0.0185 30 0 0 0
0.6014 0.0065 0.0162 30 0 0 0
0.5874 0.0064 0.0167 30 0 0 0
0.6084 0.0060 0.0178 30 0 0 0
0.6084 0.0058 0.0175 0 0 0 0
0.6364 0.0060 0.0146 30 0 0 0
0.6189 0.0053 0.0112 30 0 0 0
0.5944 0.0064 0.0083 30 0 0 0
0.5944 0.0064 0.0083 0 0 0 0
0.6119 0.0070 0.0107 30 0 0 0
0.5944 0.0064 0.0120 30 0 0 0
0.6469 0.0066 0.0145 30 0 0 0
0.6503 0.0066 0.0146 30 0 0 0
0.6154 0.0064 0.0160 0 0 0 0
0.6224 0.0070 0.0222 30 0 0 0
0.5909 0.0071 0.0173 30 0 0 0
0.5769 0.0072 0.0190 0 0 0 0
0.5804 0.0070 0.0206 30 0 0 0
0.6014 0.0074 0.0206 0 0 0 0
0.5909 0.0068 0.0155 -30 0 0 0
0.6049 0.0070 0.0195 -30 0 0 0
0.6084 0.0073 0.0196 -30 0 0 0
0.5944 0.0078 0.0194 -30 0 0 0
0.6049 0.0077 0.0205 -30 0 0 0
0.6154 0.0077 0.0206 -30 0 0 0
0.6084 0.0077 0.0207 -30 0 0 0
0.6084 0.0077 0.0207 -30 0 0 0
0.6329 0.0079 0.0209 -30 0 0 0
0.6014 0.0081 0.0206 -30 0 0 0
0.6364 0.0082 0.0208 -30 0 0 0
0.6364 0.0082 0.0208 -30 0 0 0
0.6469 0.0083 0.0187 -30 0 0 0
0.6189 0.0085 0.0163 -30 0 0 0
0.6189 0.0083 0.0162 -30 0 0 0
0.6189 0.0083 0.0162 -30 0 0 0
0.6503 0.0085 0.0140 -30 0 0 0
0.6329 0.0086 0.0144 -30 0 0 0
0.6469 0.0086 0.0164 -30 0 0 0
0.6469 0.0086 0.0164 -30 0 0 0
0.6434 0.0085 0.0171 -30 0 0 0
0.6538 0.0083 0.0159 -30 0 0 0
0.6678 0.0079 0.0162 -30 0 0 0
0.6678 0.0083 0.0162 -30 0 0 0
0.6503 0.0085 0.0171 -30 0 0 0
0.6503 0.0085 0.0171 -30 0 0 0
0.6643 0.0084 0.0164 -30 0 0 0
0.6469 0.0081 0.0161 -30 0 0 0
0.6399 0.0073 0.0161 -30 0 0 0
0.6399 0.0073 0.0161 -30 0 0 0
0.6154 0.0073 0.0139 -30 0 0 0
0.6329 0.0072 0.0138 -30 0 0 0
0.6573 0.0074 0.0132 -30 0 0 0
0.6643 0.0072 0.0136 -30 0 0 0
0.6608 0.0077 0.0136 -30 0 0 0
0.6608 0.0077 0.0136 -30 0 0 0
0.6434 0.0080 0.0141 -30 0 0 0
0.6434 0.0080 0.0141 -30 0 0 0
0.6119 0.0081 0.0148 -30 0 0 0
0.6119 0.0081 0.0148 -30 0 0 0
0.6503 0.0079 0.0151 -30 0 0 0
0.6469 0.0079 0.0147 -30 0 0 0
0.6538 0.0079 0.0155 -30 0 0 0
0.6538 0.0076 0.0144 -30 0 0 0
0.6329 0.0076 0.0144 -30 0 0 0
0.6189 0.0070 0.0153 -30 0 0 0
0.6259 0.0065 0.0156 -30 0 0 0
0.6259 0.0065 0.0156 -30 0 0 0
0.6678 0.0066 0.0159 -30 0 0 0
0.6469 0.0070 0.0138 -30 0 0 0
0.6399 0.0070 0.0141 -30 0 0 0
0.6399 0.0068 0.0103 -30 0 0 0
0.6678 0.0066 0.0109 -30 0 0 0
0.6678 0.0066 0.0109 -30 0 0 0
0.6503 0.0068 0.0107 -30 0 0 0
0.6329 0.0070 0.0107 -30 0 0 0
0.6399 0.0077 0.0088 -30 0 0 0
0.6399 0.0077 0.0088 -30 0 0 0
0.6119 0.0086 0.0091 -30 0 0 0
0.6469 0.0087 0.0103 -30 0 0 0
0.6538 0.0085 0.0106 -30 0 0 0
0.6538 0.0085 0.0106 -30 0 0 0
0.6434 0.0079 0.0129 -30 0 0 0
0.6608 0.0075 0.0164 -30 0 0 0
0.6573 0.0074 0.0169 -30 0 0 0
0.6888 0.0077 0.0192 -30 0 0 0
0.6608 0.0080 0.0197 -30 0 0 0
0.6713 0.0083 0.0216 -30 0 0 0
0.6713 0.0083 0.0216 -30 0 0 0
0.6538 0.0080 0.0216 -30 0 0 0
0.6783 0.0077 0.0214 -30 0 0 0
0.6783 0.0074 0.0207 -30 0 0 0
0.6573 0.0074 0.0207 -30 0 0 0
0.6538 0.0072 0.0207 -30 0 0 0
0.6503 0.0075 0.0177 -30 0 0 0
0.6259 0.0078 0.0174 -30 0 0 0
0.6573 0.0078 0.0181 -30 0 0 0
0.6573 0.0078 0.0181 -30 0 0 0
0.6713 0.0079 0.0202 -30 0 0 0
0.6608 0.0075 0.0202 -30 0 0 0
0.6783 0.0072 0.0227 -30 0 0 0
0.6783 0.0072 0.0227 -30 0 0 0
0.6853 0.0075 0.0222 -30 0 0 0
0.6818 0.0077 0.0215 -30 0 0 0
0.6573 0.0075 0.0218 -30 0 0 0
0.6573 0.0075 0.0218 -30 0 0 0
0.6469 0.0073 0.0224 -30 0 0 0
0.6259 0.0075 0.0225 -30 0 0 0
0.6329 0.0070 0.0214 -30 0 0 0
0.6469 0.0066 0.0215 -30 0 0 0
0.6329 0.0066 0.0231 -30 0 0 0
0.6329 0.0066 0.0231 -30 0 0 0
0.6469 0.0068 0.0231 -30 0 0 0
0.6329 0.0075 0.0231 -30 0 0 0
0.5979 0.0074 0.0237 -30 0 0 0
0.5979 0.0074 0.0237 -30 0 0 0
0.6119 0.0074 0.0237 -30 0 0 0
0.6294 0.0074 0.0224 -30 0 0 0
0.6294 0.0074 0.0230 -30 0 0 0
0.6469 0.0073 0.0243 -30 0 0 0
0.6469 0.0073 0.0243 -30 0 0 0
0.6329 0.0073 0.0245 -30 0 0 0
0.6259 0.0072 0.0242 -30 0 0 0
0.6434 0.0070 0.0242 -30 0 0 0
0.6224 0.0070 0.0247 -30 0 0 0
0.6224 0.0072 0.0248 -30 0 0 0
0.6469 0.0072 0.0248 -30 0 0 0
0.6329 0.0074 0.0252 -30 0 0 0
0.6049 0.0075 0.0252 -30 0 0 0
0.6329 0.0079 0.0250 -30 0 0 0
0.6329 0.0079 0.0250 -30 0 0 0
0.6748 0.0085 0.0249 -30 0 0 0
0.6748 0.0085 0.0249 -30 0 0 0
0.6573 0.0085 0.0247 -30 0 0 0
0.6364 0.0085 0.0246 -30 0 0 0
0.6364 0.0085 0.0246 -30 0 0 0
0.6748 0.0085 0.0252 -30 0 0 0
0.6469 0.0086 0.0245 -30 0 0 0
0.6573 0.0083 0.0239 -30 0 0 0
0.6434 0.0079 0.0230 -30 0 0 0
0.6224 0.0074 0.0228 -30 0 0 0
0.6294 0.0068 0.0220 -30 0 0 0
0.6364 0.0064 0.0215 -30 0 0 0
0.6538 0.0064 0.0217 -30 0 0 0
0.6329 0.0062 0.0211 -30 0 0 0
0.6329 0.0062 0.0211 -30 0 0 0
0.6259 0.0065 0.0207 -30 0 0 0
0.5979 0.0064 0.0194 -30 0 0 0
0.6364 0.0065 0.0191 -30 0 0 0
0.6573 0.0068 0.0195 -30 0 0 0
0.6643 0.0067 0.0188 -30 0 0 0
0.6573 0.0069 0.0198 -30 0 0 0
0.6364 0.0065 0.0180 -30 0 0 0
0.6294 0.0068 0.0233 -30 0 0 0
0.6294 0.0068 0.0233 -30 0 0 0
0.5874 0.0075 0.0241 -30 0 0 0
0.6259 0.0077 0.0243 -30 0 0 0
0.6503 0.0074 0.0279 -30 0 0 0
0.6503 0.0074 0.0279 -30 0 0 0
0.6259 0.0075 0.0272 -30 0 0 0
0.6538 0.0075 0.0272 -30 0 0 0
0.6538 0.0075 0.0283 -30 0 0 0
0.6469 0.0072 0.0300 -30 0 0 0
0.6469 0.0072 0.0300 -30 0 0 0
0.6119 0.0070 0.0282 -30 0 0 0
0.6364 0.0076 0.0289 -30 0 0 0
0.6469 0.0083 0.0290 -30 0 0 0
0.6538 0.0082 0.0289 -30 0 0 0
0.6049 0.0083 0.0303 -30 0 0 0
0.6049 0.0083 0.0303 -30 0 0 0
0.6259 0.0081 0.0324 -30 0 0 0
0.6189 0.0080 0.0315 -30 0 0 0
0.6189 0.0080 0.0315 -30 0 0 0
0.6189 0.0068 0.0317 0 0 0 0
0.6154 0.0072 0.0303 -30 0 0 0
0.5839 0.0053 0.0309 -30 0 0 0
0.6224 0.0053 0.0308 -30 0 0 0
0.6084 0.0051 0.0304 -30 0 0 0
0.6084 0.0051 0.0304 -30 0 0 0
0.5944 0.0047 0.0295 0 0 0 0
0.6399 0.0034 0.0272 -30 0 0 0
0.6294 0.0031 0.0272 -30 0 0 0
0.6224 0.0029 0.0267 -30 0 0 0
0.5979 0.0029 0.0258 0 0 0 0
0.5769 0.0058 0.0285 -30 0 0 0
0.6399 0.0070 0.0322 -30 0 0 0
0.6014 0.0069 0.0347 -30 0 0 0
0.6049 0.0073 0.0343 -30 0 0 0
0.5909 0.0077 0.0377 -30 0 0 0
0.5979 0.0081 0.0370 0 0 0 0
0.6259 0.0086 0.0318 0 30 0 0
0.5979 0.0069 0.0319 0 30 0 0
0.6014 0.0064 0.0282 0 30 0 0
0.6014 0.0064 0.0282 0 30 0 0
0.5664 0.0066 0.0282 0 0 0 0
0.6224 0.0060 0.0260 -30 0 0 0
0.6189 0.0059 0.0279 -30 0 0 0
0.6084 0.0049 0.0274 -30 0 0 0
0.6119 0.0047 0.0274 -30 0 0 0
0.5839 0.0047 0.0269 -30 0 0 0
0.5839 0.0047 0.0269 -30 0 0 0
0.6049 0.0050 0.0266 -30 0 0 0
0.6049 0.0051 0.0262 -30 0 0 0
0.5699 0.0049 0.0260 -30 0 0 0
0.5699 0.0049 0.0260 -30 0 0 0
0.6014 0.0058 0.0258 -30 0 0 0
0.6259 0.0060 0.0245 -30 0 0 0
0.6259 0.0060 0.0245 -30 0 0 0
0.6049 0.0061 0.0245 -30 0 0 0
0.6049 0.0062 0.0244 -30 0 0 0
0.5944 0.0064 0.0245 -30 0 0 0
0.5979 0.0062 0.0236 -30 0 0 0
0.5979 0.0062 0.0236 -30 0 0 0
0.5664 0.0067 0.0270 -30 0 0 0
0.5664 0.0068 0.0267 -30 0 0 0
0.6084 0.0073 0.0297 -30 0 0 0
0.5734 0.0072 0.0297 0 0 0 0
0.5734 0.0060 0.0277 0 -30 0 0
0.5874 0.0080 0.0258 0 -30 0 0
0.6049 0.0072 0.0194 0 -30 0 0
0.6049 0.0072 0.0194 0 -30 0 0
0.5734 0.0069 0.0196 0 -30 0 0
0.5839 0.0071 0.0186 0 -30 0 0
0.5874 0.0075 0.0188 0 0 0 0
0.5979 0.0073 0.0163 -30 0 0 0
0.5594 0.0072 0.0157 -30 0 0 0
0.5594 0.0068 0.0163 -30 0 0 0
0.5629 0.0062 0.0164 -30 0 0 0
0.5839 0.0062 0.0166 -30 0 0 0
0.5839 0.0062 0.0166 -30 0 0 0
0.5909 0.0066 0.0166 -30 0 0 0
0.5769 0.0068 0.0167 -30 0 0 0
0.5839 0.0072 0.0149 -30 0 0 0
0.5734 0.0073 0.0144 0 0 0 0
0.5664 0.0069 0.0105 0 -30 0 0
0.5839 0.0068 0.0139 0 -30 0 0
0.5839 0.0065 0.0140 0 -30 0 0
0.5839 0.0065 0.0140 0 -30 0 0
0.5839 0.0065 0.0136 0 -30 0 0
0.6154 0.0067 0.0136 0 -30 0 0
0.6049 0.0068 0.0136 0 -30 0 0
0.6049 0.0068 0.0136 0 -30 0 0
0.6014 0.0068 0.0161 0 -30 0 0
0.5874 0.0066 0.0164 0 -30 0 0
0.5839 0.0062 0.0169 0 -30 0 0
0.5734 0.0060 0.0167 0 -30 0 0
0.5734 0.0060 0.0167 0 -30 0 0
0.5909 0.0062 0.0164 0 -30 0 0
0.5664 0.0064 0.0165 0 -30 0 0
0.5769 0.0067 0.0164 0 -30 0 0
0.6049 0.0068 0.0165 0 -30 0 0
0.6049 0.0068 0.0165 0 -30 0 0
0.6259 0.0067 0.0164 0 -30 0 0
0.6119 0.0063 0.0163 0 -30 0 0
0.5699 0.0063 0.0160 0 -30 0 0
0.5909 0.0065 0.0166 0 -30 0 0
0.5909 0.0065 0.0166 0 -30 0 0
0.5874 0.0065 0.0171 0 -30 0 0
0.5804 0.0064 0.0176 0 -30 0 0
0.5804 0.0064 0.0176 0 -30 0 0
0.5664 0.0062 0.0168 0 -30 0 0
0.5909 0.0064 0.0172 0 -30 0 0
0.5734 0.0067 0.0188 0 -30 0 0
0.5734 0.0067 0.0188 0 -30 0 0
0.5804 0.0076 0.0190 0 -30 0 0
0.5559 0.0079 0.0193 0 -30 0 0
0.5699 0.0078 0.0206 0 -30 0 0
0.5699 0.0078 0.0206 0 -30 0 0
0.5804 0.0077 0.0176 0 -30 0 0
0.5699 0.0077 0.0168 0 -30 0 0
0.5699 0.0077 0.0168 0 -30 0 0
0.5699 0.0073 0.0147 0 -30 0 0
0.5839 0.0068 0.0148 0 -30 0 0
0.5769 0.0067 0.0148 0 -30 0 0
0.5769 0.0067 0.0148 0 -30 0 0
0.5664 0.0070 0.0150 0 -30 0 0
0.5839 0.0072 0.0148 0 -30 0 0
0.5769 0.0073 0.0148 0 -30 0 0
0.5769 0.0073 0.0148 0 -30 0 0
0.5979 0.0078 0.0174 0 -30 0 0
0.5594 0.0079 0.0170 0 -30 0 0
0.5804 0.0078 0.0164 0 -30 0 0
0.5769 0.0080 0.0141 0 -30 0 0
0.5944 0.0075 0.0137 0 -30 0 0
0.5944 0.0075 0.0137 0 -30 0 0
0.5839 0.0073 0.0110 0 -30 0 0
0.5664 0.0077 0.0121 0 -30 0 0
0.5420 0.0078 0.0122 0 -30 0 0
0.5420 0.0078 0.0122 0 -30 0 0
0.5874 0.0077 0.0123 0 -30 0 0
0.6014 0.0076 0.0116 0 -30 0 0
0.5524 0.0075 0.0123 0 -30 0 0
0.5524 0.0075 0.0123 0 -30 0 0
0.5839 0.0070 0.0126 0 -30 0 0
0.5804 0.0069 0.0125 0 -30 0 0
0.5699 0.0071 0.0127 0 -30 0 0
0.5874 0.0075 0.0123 0 0 0 0
0.6014 0.0066 0.0135 -30 0 0 0
0.5944 0.0082 0.0131 -30 0 0 0
0.5979 0.0077 0.0146 -30 0 0 0
0.5944 0.0073 0.0146 -30 0 0 0
0.6014 0.0071 0.0143 -30 0 0 0
0.6014 0.0071 0.0143 0 0 0 0
0.5664 0.0070 0.0137 -30 0 0 0
0.6189 0.0072 0.0162 -30 0 0 0
0.5664 0.0076 0.0164 -30 0 0 0
0.5664 0.0076 0.0164 -30 0 0 0
0.5909 0.0078 0.0167 -30 0 0 0
0.6084 0.0081 0.0161 -30 0 0 0
0.5769 0.0081 0.0160 0 0 0 0
0.5734 0.0080 0.0169 -30 0 0 0
0.6224 0.0079 0.0161 -30 0 0 0
0.5909 0.0085 0.0132 -30 0 0 0
0.6364 0.0084 0.0137 -30 0 0 0
0.6154 0.0083 0.0134 -30 0 0 0
0.6224 0.0083 0.0140 0 0 0 0
0.6469 0.0081 0.0145 -30 0 0 0
0.6294 0.0090 0.0157 -30 0 0 0
0.6364 0.0090 0.0102 -30 0 0 0
0.6434 0.0091 0.0099 -30 0 0 0
0.6294 0.0094 0.0075 -30 0 0 0
0.6154 0.0090 0.0090 -30 0 0 0
0.6154 0.0090 0.0090 0 0 0 0
0.6329 0.0093 0.0151 -30 0 0 0
0.5944 0.0081 0.0183 -30 0 0 0
0.6084 0.0072 0.0221 -30 0 0 0
0.6084 0.0074 0.0237 -30 0 0 0
0.5909 0.0075 0.0240 -30 0 0 0
0.5909 0.0075 0.0250 -30 0 0 0
0.6189 0.0075 0.0250 -30 0 0 0
0.6329 0.0081 0.0256 -30 0 0 0
0.6119 0.0078 0.0261 -30 0 0 0
0.6364 0.0071 0.0279 -30 0 0 0
0.6364 0.0071 0.0279 -30 0 0 0
0.6119 0.0071 0.0278 -30 0 0 0
0.6049 0.0075 0.0273 -30 0 0 0
0.6154 0.0079 0.0268 -30 0 0 0
0.6154 0.0079 0.0268 -30 0 0 0
0.5874 0.0081 0.0254 -30 0 0 0
0.5874 0.0081 0.0251 -30 0 0 0
0.6084 0.0077 0.0256 -30 0 0 0
0.6084 0.0077 0.0256 -30 0 0 0
0.6154 0.0075 0.0252 -30 0 0 0
0.6014 0.0072 0.0252 -30 0 0 0
0.6189 0.0072 0.0251 -30 0 0 0
0.6189 0.0072 0.0251 -30 0 0 0
0.6434 0.0075 0.0257 -30 0 0 0
0.6224 0.0077 0.0256 -30 0 0 0
0.6154 0.0079 0.0261 0 0 0 0
0.5804 0.0071 0.0268 -30 0 0 0
0.6154 0.0078 0.0285 -30 0 0 0
0.5874 0.0079 0.0285 -30 0 0 0
0.5629 0.0081 0.0284 -30 0 0 0
0.5629 0.0079 0.0278 0 0 0 0
0.5490 0.0071 0.0271 -30 0 0 0
0.6154 0.0074 0.0326 -30 0 0 0
0.5839 0.0071 0.0351 -30 0 0 0
0.5699 0.0066 0.0395 -30 0 0 0
0.5699 0.0066 0.0395 -30 0 0 0
0.5769 0.0064 0.0392 -30 0 0 0
0.5769 0.0064 0.0410 -30 30 0 0
0.5629 0.0069 0.0411 -30 30 0 0
0.5629 0.0069 0.0411 -30 30 0 0
0.5594 0.0070 0.0393 -30 30 0 0
0.5734 0.0070 0.0391 -30 30 0 0
0.5594 0.0065 0.0368 -30 30 0 0
0.5664 0.0062 0.0362 -30 30 0 0
0.5664 0.0062 0.0362 -30 30 0 0
0.5839 0.0064 0.0334 -30 30 0 0
0.5559 0.0064 0.0334 -30 30 0 0
0.5769 0.0067 0.0328 -30 30 0 0
0.5944 0.0070 0.0322 0 30 0 0
0.5524 0.0068 0.0323 0 30 0 0
0.5524 0.0068 0.0323 0 30 0 0
0.5804 0.0072 0.0313 0 30 0 0
0.6084 0.0073 0.0310 0 30 0 0
0.5699 0.0076 0.0300 0 30 0 0
0.6049 0.0077 0.0301 0 30 0 0
0.6049 0.0077 0.0301 0 0 0 0
0.5769 0.0075 0.0301 0 30 0 0
0.5804 0.0074 0.0300 0 30 0 0
0.5629 0.0073 0.0287 0 30 0 0
0.5839 0.0077 0.0292 0 30 0 0
0.5839 0.0077 0.0292 0 30 0 0
0.6154 0.0076 0.0283 0 30 0 0
0.6014 0.0074 0.0272 0 30 0 0
0.6014 0.0074 0.0272 0 30 0 0
0.5944 0.0073 0.0266 0 30 0 0
0.6224 0.0074 0.0263 0 30 0 0
0.6294 0.0072 0.0255 0 0 0 0
0.5944 0.0055 0.0306 0 0 0 -30
0.6049 0.0066 0.0345 0 0 0 -30
0.5734 0.0063 0.0311 0 0 0 0
0.5524 0.0068 0.0298 0 0 0 -30
0.5734 0.0065 0.0269 0 0 0 -30
0.5909 0.0062 0.0253 0 0 0 -30
0.6014 0.0060 0.0243 0 0 0 0
0.5839 0.0064 0.0249 0 0 0 -30
0.5909 0.0069 0.0221 0 0 0 0
0.5839 0.0072 0.0171 0 0 0 -30
0.6014 0.0064 0.0158 0 0 0 -30
0.5699 0.0060 0.0146 0 0 0 0
0.5699 0.0060 0.0146 0 0 0 -30
0.6014 0.0058 0.0126 0 0 0 -30
0.5909 0.0058 0.0106 0 0 0 0
0.6154 0.0060 0.0099 0 0 0 -30
0.5874 0.0063 0.0098 0 0 0 -30
0.5874 0.0063 0.0098 0 0 0 0
0.5839 0.0068 0.0080 0 0 0 -30
0.5594 0.0064 0.0058 0 0 0 0
0.5769 0.0059 0.0032 0 0 0 -30
0.6014 0.0064 0.0021 0 0 0 -30
0.6259 0.0068 -0.0003 0 0 0 0
0.5874 0.0073 -0.0019 0 0 0 -30
0.5909 0.0066 -0.0084 0 0 0 0
0.6084 0.0057 -0.0141 0 0 0 30
0.6014 0.0065 -0.0180 0 0 0 30
0.6014 0.0066 -0.0182 0 0 0 0
0.6154 0.0069 -0.0181 0 0 0 30
0.6119 0.0060 -0.0175 0 0 0 30
0.6119 0.0060 -0.0175 0 0 0 30
0.6329 0.0058 -0.0165 0 0 0 0
0.6399 0.0061 -0.0176 0 0 0 30
0.5874 0.0072 -0.0153 0 0 0 0
0.6014 0.0066 -0.0153 0 0 0 30
0.6189 0.0069 -0.0123 0 0 0 30
0.6049 0.0075 -0.0133 0 0 0 0
0.6049 0.0071 -0.0091 0 30 0 0
0.6049 0.0086 -0.0045 0 30 0 0
0.5909 0.0073 -0.0051 0 30 0 0
0.6224 0.0074 -0.0066 0 0 0 0
0.6189 0.0081 -0.0077 0 30 0 0
0.6329 0.0081 -0.0092 0 30 0 0
0.6329 0.0081 -0.0092 0 30 0 0
0.6189 0.0070 -0.0076 0 30 0 0
0.6189 0.0070 -0.0076 0 30 0 0
0.6224 0.0069 -0.0068 0 30 0 0
0.6224 0.0069 -0.0068 0 30 0 0
0.5944 0.0069 -0.0037 0 30 0 0
0.5944 0.0069 -0.0037 0 30 0 0
0.6119 0.0073 -0.0031 0 30 0 0
0.6259 0.0077 -0.0011 0 30 0 0
0.6154 0.0079 -0.0006 0 30 0 0
0.6154 0.0079 -0.0006 0 30 0 0
0.6294 0.0078 -0.0005 0 30 0 0
0.6014 0.0075 0.0000 0 30 0 0
0.6119 0.0076 0.0003 0 30 0 0
0.6119 0.0076 0.0003 0 30 0 0
0.6434 0.0079 0.0006 0 30 0 0
0.6189 0.0076 0.0011 0 30 0 0
0.6154 0.0074 -0.0018 0 0 0 0
0.5839 0.0079 -0.0028 0 30 0 0
0.6049 0.0078 -0.0030 0 30 0 0
0.5839 0.0075 -0.0051 0 30 0 0
0.5909 0.0073 -0.0049 0 30 0 0
0.6294 0.0072 -0.0057 0 0 0 0
0.6329 0.0073 -0.0059 0 30 0 0
0.6329 0.0077 -0.0062 0 30 0 0
0.5979 0.0075 -0.0065 0 30 0 0
0.5909 0.0073 -0.0103 0 0 0 0
0.5769 0.0066 -0.0118 0 30 0 0
0.5944 0.0068 -0.0127 0 30 0 0
0.6224 0.0073 -0.0118 0 30 0 0
0.6119 0.0074 -0.0117 0 0 0 0
