0.5580 0.0027 0.0104 0 30 0 0
0.5720 0.0027 0.0104 0 30 0 0
0.5720 0.0019 0.0093 0 30 0 0
0.5700 0.0019 0.0096 0 30 0 0
0.5700 0.0034 0.0108 0 30 0 0
0.5880 0.0034 0.0108 0 30 0 0
0.5820 0.0041 0.0094 0 30 0 0
0.5800 0.0033 0.0073 0 30 0 0
0.5620 0.0024 0.0074 0 30 0 0
0.5620 0.0019 0.0070 0 30 0 0
0.5660 0.0019 0.0070 0 30 0 0
0.5660 0.0019 0.0070 0 30 0 0
0.5660 0.0019 0.0070 0 30 0 0
0.5660 0.0019 0.0070 0 30 0 0
0.5660 0.0019 0.0070 0 30 0 0
0.5720 0.0026 0.0073 0 30 0 0
0.5720 0.0026 0.0073 0 30 0 0
0.5720 0.0026 0.0073 0 30 0 0
0.5720 0.0026 0.0073 0 30 0 0
0.5720 0.0026 0.0073 0 30 0 0
0.5600 0.0032 0.0070 0 30 0 0
0.5600 0.0032 0.0070 0 30 0 0
0.5740 0.0034 0.0073 0 30 0 0
0.5740 0.0034 0.0073 0 30 0 0
0.5740 0.0034 0.0073 0 30 0 0
0.5740 0.0034 0.0073 0 30 0 0
0.5740 0.0034 0.0073 0 30 0 0
0.5720 0.0035 0.0071 0 30 0 0
0.5720 0.0035 0.0071 0 30 0 0
0.5720 0.0035 0.0071 0 30 0 0
0.5720 0.0035 0.0071 0 30 0 0
0.5720 0.0035 0.0071 0 30 0 0
0.5720 0.0035 0.0082 0 30 0 0
0.5720 0.0035 0.0082 0 30 0 0
0.5720 0.0035 0.0082 0 30 0 0
0.5720 0.0035 0.0082 0 30 0 0
0.5760 0.0036 0.0080 0 30 0 0
0.5760 0.0036 0.0080 0 30 0 0
0.5760 0.0036 0.0080 0 30 0 0
0.5760 0.0035 0.0111 0 30 0 0
0.5820 0.0035 0.0111 0 30 0 0
0.5820 0.0035 0.0111 0 30 0 0
0.5820 0.0035 0.0111 0 30 0 0
0.5820 0.0035 0.0111 0 30 0 0
0.5500 0.0030 0.0105 0 30 0 0
0.5500 0.0030 0.0105 0 30 0 0
0.5500 0.0028 0.0113 0 30 0 0
0.5560 0.0028 0.0113 0 30 0 0
0.5560 0.0028 0.0113 0 30 0 0
0.5560 0.0028 0.0113 0 30 0 0
0.5560 0.0028 0.0113 0 30 0 0
0.5760 0.0027 0.0110 0 30 0 0
0.5760 0.0027 0.0110 0 30 0 0
0.5760 0.0027 0.0110 0 30 0 0
0.5760 0.0027 0.0110 0 30 0 0
0.5760 0.0029 0.0107 0 30 0 0
0.5740 0.0029 0.0107 0 30 0 0
0.5740 0.0029 0.0107 0 30 0 0
0.5740 0.0029 0.0107 0 30 0 0
0.5820 0.0028 0.0101 0 30 0 0
0.5820 0.0028 0.0101 0 30 0 0
0.5820 0.0028 0.0101 0 30 0 0
0.5820 0.0028 0.0101 0 30 0 0
0.5820 0.0028 0.0101 0 30 0 0
0.5820 0.0028 0.0101 0 30 0 0
0.5820 0.0028 0.0101 0 30 0 0
0.5820 0.0028 0.0101 0 30 0 0
0.5820 0.0028 0.0101 0 30 0 0
0.5820 0.0028 0.0101 0 30 0 0
0.5820 0.0028 0.0101 0 30 0 0
0.5820 0.0028 0.0101 0 30 0 0
0.5800 0.0028 0.0101 0 30 0 0
0.5800 0.0029 0.0112 0 30 0 0
0.6000 0.0029 0.0112 0 30 0 0
0.5940 0.0030 0.0114 0 30 0 0
0.5940 0.0030 0.0114 0 30 0 0
0.5940 0.0031 0.0119 0 30 0 0
0.5940 0.0031 0.0119 0 30 0 0
0.5940 0.0031 0.0119 0 30 0 0
0.5940 0.0031 0.0119 0 30 0 0
0.5940 0.0030 0.0119 0 30 0 0
0.5940 0.0030 0.0119 0 30 0 0
0.5940 0.0030 0.0119 0 30 0 0
0.5940 0.0030 0.0119 0 30 0 0
0.5920 0.0031 0.0122 0 30 0 0
0.5920 0.0031 0.0122 0 30 0 0
0.5920 0.0031 0.0122 0 30 0 0
0.5920 0.0031 0.0122 0 30 0 0
0.5800 0.0033 0.0121 0 30 0 0
0.5800 0.0033 0.0121 0 30 0 0
0.5800 0.0033 0.0121 0 30 0 0
0.5800 0.0033 0.0121 0 30 0 0
0.5800 0.0033 0.0121 0 30 0 0
0.5920 0.0035 0.0117 0 30 0 0
0.5920 0.0035 0.0117 0 30 0 0
0.5920 0.0035 0.0117 0 30 0 0
0.5700 0.0040 0.0110 0 30 0 0
0.5700 0.0040 0.0110 0 30 0 0
0.5700 0.0040 0.0110 0 30 0 0
0.5700 0.0040 0.0110 0 30 0 0
0.5700 0.0040 0.0110 0 30 0 0
0.5700 0.0043 0.0107 0 30 0 0
0.5700 0.0043 0.0107 0 30 0 0
0.5700 0.0043 0.0107 0 30 0 0
0.5700 0.0043 0.0107 0 30 0 0
0.5700 0.0043 0.0107 0 30 0 0
0.5640 0.0044 0.0100 0 30 0 0
0.5640 0.0044 0.0100 0 30 0 0
0.5640 0.0044 0.0100 0 30 0 0
0.5860 0.0045 0.0095 0 30 0 0
0.5860 0.0045 0.0095 0 30 0 0
0.5860 0.0045 0.0095 0 30 0 0
0.5860 0.0045 0.0095 0 30 0 0
0.5380 0.0047 0.0101 0 30 0 0
0.5380 0.0047 0.0101 0 30 0 0
0.5380 0.0047 0.0101 0 30 0 0
0.5380 0.0047 0.0101 0 30 0 0
0.5380 0.0048 0.0097 0 30 0 0
0.5680 0.0048 0.0097 0 30 0 0
0.5680 0.0048 0.0097 0 30 0 0
0.5680 0.0048 0.0097 0 30 0 0
0.5680 0.0045 0.0098 0 30 0 0
0.5640 0.0045 0.0098 0 30 0 0
0.5640 0.0045 0.0098 0 30 0 0
0.5640 0.0045 0.0098 0 30 0 0
0.5700 0.0041 0.0094 0 30 0 0
0.5700 0.0041 0.0094 0 30 0 0
0.5700 0.0041 0.0094 0 30 0 0
0.5700 0.0041 0.0094 0 30 0 0
0.5700 0.0035 0.0093 0 30 0 0
0.5660 0.0035 0.0093 0 30 0 0
0.5660 0.0035 0.0093 0 30 0 0
0.5660 0.0035 0.0093 0 30 0 0
0.5600 0.0028 0.0088 0 30 0 0
0.5600 0.0028 0.0088 0 30 0 0
0.5600 0.0028 0.0088 0 30 0 0
0.5600 0.0028 0.0088 0 30 0 0
0.5600 0.0028 0.0088 0 30 0 0
0.5600 0.0028 0.0088 0 30 0 0
0.5600 0.0028 0.0088 0 30 0 0
0.5600 0.0028 0.0088 0 30 0 0
0.5600 0.0028 0.0088 0 30 0 0
0.5600 0.0028 0.0088 0 30 0 0
0.5660 0.0024 0.0079 0 30 0 0
0.5500 0.0023 0.0076 0 30 0 0
0.5800 0.0024 0.0086 0 30 0 0
0.5800 0.0024 0.0086 0 30 0 0
0.5800 0.0024 0.0086 0 30 0 0
0.5800 0.0024 0.0086 0 30 0 0
0.5800 0.0024 0.0086 0 30 0 0
0.5560 0.0025 0.0086 0 30 0 0
0.5560 0.0025 0.0086 0 30 0 0
0.5560 0.0025 0.0086 0 30 0 0
0.5560 0.0025 0.0086 0 30 0 0
0.5640 0.0023 0.0089 0 30 0 0
0.5640 0.0023 0.0089 0 30 0 0
0.5640 0.0023 0.0089 0 30 0 0
0.5760 0.0022 0.0086 0 30 0 0
0.5760 0.0022 0.0086 0 30 0 0
0.5760 0.0022 0.0086 0 30 0 0
0.5760 0.0022 0.0086 0 30 0 0
0.5760 0.0022 0.0086 0 30 0 0
0.5640 0.0026 0.0092 0 30 0 0
0.5640 0.0026 0.0092 0 30 0 0
0.5640 0.0026 0.0092 0 30 0 0
0.5560 0.0034 0.0088 0 30 0 0
0.5560 0.0034 0.0088 0 30 0 0
0.5560 0.0034 0.0088 0 30 0 0
0.5560 0.0034 0.0088 0 30 0 0
0.5560 0.0034 0.0088 0 30 0 0
0.5540 0.0044 0.0084 0 30 0 0
0.5540 0.0044 0.0084 0 30 0 0
0.5540 0.0044 0.0084 0 30 0 0
0.5500 0.0049 0.0075 0 30 0 0
0.5500 0.0049 0.0075 0 30 0 0
0.5500 0.0049 0.0075 0 30 0 0
0.5500 0.0049 0.0075 0 30 0 0
0.5560 0.0052 0.0067 0 30 0 0
0.5560 0.0052 0.0067 0 30 0 0
0.5560 0.0052 0.0067 0 30 0 0
0.5560 0.0052 0.0067 0 30 0 0
0.5540 0.0047 0.0054 0 30 0 0
0.5540 0.0047 0.0054 0 30 0 0
0.5540 0.0047 0.0054 0 30 0 0
0.5540 0.0047 0.0054 0 30 0 0
0.5200 0.0044 0.0051 0 30 0 0
0.5200 0.0044 0.0051 0 30 0 0
0.5200 0.0044 0.0051 0 30 0 0
0.5200 0.0044 0.0051 0 30 0 0
0.5200 0.0046 0.0052 0 30 0 0
0.5440 0.0046 0.0052 0 30 0 0
0.5440 0.0046 0.0052 0 30 0 0
0.5440 0.0046 0.0052 0 30 0 0
0.5400 0.0053 0.0052 0 30 0 0
0.5400 0.0053 0.0052 0 30 0 0
0.5400 0.0053 0.0052 0 30 0 0
0.5400 0.0053 0.0052 0 0 0 0
0.5460 0.0049 0.0063 0 30 0 0
0.5580 0.0049 0.0063 0 30 0 0
0.5660 0.0037 0.0059 0 30 0 0
0.5480 0.0029 0.0059 0 30 0 0
0.5400 0.0027 0.0057 0 30 0 0
0.5360 0.0028 0.0067 0 30 0 0
0.5360 0.0028 0.0067 0 30 0 0
0.5360 0.0028 0.0067 0 30 0 0
0.5360 0.0028 0.0067 0 30 0 0
0.5480 0.0029 0.0068 0 30 0 0
0.5480 0.0029 0.0068 0 30 0 0
0.5480 0.0029 0.0068 0 0 0 0
0.5200 0.0028 0.0092 0 30 0 0
0.5480 0.0032 0.0101 0 30 0 0
0.5400 0.0040 0.0102 0 30 0 0
0.5280 0.0044 0.0101 0 30 0 0
0.5220 0.0040 0.0093 0 30 0 0
0.5080 0.0032 0.0092 0 30 0 0
0.5080 0.0032 0.0092 0 0 0 0
0.5160 0.0025 0.0207 -30 0 0 0
0.5040 0.0029 0.0203 -30 0 0 0
0.5100 0.0040 0.0116 -30 0 0 0
0.5200 0.0043 0.0103 -30 0 0 0
0.5100 0.0040 0.0102 -30 0 0 0
0.4980 0.0040 0.0102 -30 0 0 0
0.5280 0.0039 0.0104 -30 0 0 0
0.4960 0.0038 0.0097 -30 0 0 0
0.4960 0.0038 0.0097 -30 0 0 0
0.5160 0.0040 0.0058 -30 0 0 0
0.5160 0.0040 0.0058 -30 0 0 0
0.5160 0.0040 0.0058 -30 0 0 0
0.5160 0.0040 0.0058 -30 0 0 0
0.5080 0.0040 0.0054 0 0 0 0
0.5080 0.0040 0.0054 -30 0 0 0
0.5120 0.0039 0.0039 -30 0 0 0
0.5100 0.0035 0.0037 -30 0 0 0
0.5100 0.0035 0.0037 -30 0 0 0
0.5100 0.0035 0.0037 -30 0 0 0
0.5100 0.0035 0.0037 -30 0 0 0
0.5280 0.0032 0.0027 -30 0 0 0
0.5080 0.0029 0.0028 -30 0 0 0
0.5080 0.0029 0.0028 -30 0 0 0
0.5080 0.0029 0.0028 -30 0 0 0
0.5080 0.0029 0.0028 -30 0 0 0
0.5080 0.0029 0.0028 -30 0 0 0
0.5080 0.0029 0.0028 -30 0 0 0
0.5180 0.0030 0.0022 -30 0 0 0
0.5180 0.0030 0.0022 -30 0 0 0
0.5180 0.0030 0.0022 -30 0 0 0
0.5180 0.0030 0.0022 -30 0 0 0
0.5200 0.0031 0.0019 -30 0 0 0
0.5200 0.0031 0.0019 -30 0 0 0
0.5200 0.0031 0.0019 -30 0 0 0
0.5200 0.0031 0.0019 -30 0 0 0
0.5200 0.0031 0.0019 -30 0 0 0
0.5200 0.0031 0.0019 -30 0 0 0
0.5280 0.0035 -0.0007 -30 0 0 0
0.5280 0.0035 -0.0007 -30 0 0 0
0.5280 0.0035 -0.0007 -30 0 0 0
0.5180 0.0038 -0.0033 -30 0 0 0
0.5180 0.0038 -0.0033 -30 0 0 0
0.5180 0.0038 -0.0033 -30 0 0 0
0.5180 0.0039 -0.0034 -30 0 0 0
0.5180 0.0039 -0.0034 -30 0 0 0
0.5180 0.0040 -0.0076 -30 0 0 0
0.5100 0.0040 -0.0076 -30 0 0 0
0.5100 0.0040 -0.0076 -30 0 0 0
0.5100 0.0040 -0.0076 -30 0 0 0
0.5100 0.0040 -0.0076 -30 0 0 0
0.5100 0.0040 -0.0076 -30 0 0 0
0.4920 0.0040 -0.0076 -30 0 0 0
0.4920 0.0040 -0.0076 -30 0 0 0
0.4920 0.0040 -0.0076 -30 0 0 0
0.4920 0.0040 -0.0076 -30 0 0 0
0.4920 0.0040 -0.0076 -30 0 0 0
0.5100 0.0041 -0.0100 -30 0 0 0
0.5100 0.0041 -0.0100 -30 0 0 0
0.5060 0.0042 -0.0094 -30 0 0 0
0.5060 0.0042 -0.0094 0 0 0 0
0.5180 0.0047 -0.0086 -30 0 0 0
0.5180 0.0048 -0.0082 -30 0 0 0
0.4880 0.0048 -0.0082 -30 0 0 0
0.5140 0.0047 -0.0085 -30 0 0 0
0.5360 0.0046 -0.0088 -30 0 0 0
0.5340 0.0045 -0.0085 -30 0 0 0
0.5340 0.0045 -0.0085 -30 0 0 0
0.5100 0.0047 -0.0072 -30 0 0 0
0.5100 0.0047 -0.0072 -30 0 0 0
0.5100 0.0047 -0.0072 -30 0 0 0
0.5160 0.0044 -0.0059 -30 0 0 0
0.5160 0.0044 -0.0059 -30 0 0 0
0.5160 0.0045 -0.0062 -30 0 0 0
0.5160 0.0045 -0.0062 -30 0 0 0
0.5160 0.0045 -0.0062 -30 0 0 0
0.5160 0.0045 -0.0062 -30 0 0 0
0.5180 0.0047 -0.0039 -30 0 0 0
0.5180 0.0047 -0.0039 -30 0 0 0
0.5180 0.0047 -0.0039 -30 0 0 0
0.5180 0.0047 -0.0039 -30 0 0 0
0.5180 0.0047 -0.0039 0 0 0 0
0.5020 0.0048 -0.0041 -30 0 0 0
0.5020 0.0047 -0.0040 -30 0 0 0
0.5020 0.0047 -0.0040 -30 0 0 0
0.5040 0.0045 -0.0037 -30 0 0 0
0.5040 0.0045 -0.0037 -30 0 0 0
0.5180 0.0042 -0.0036 -30 0 0 0
0.5180 0.0042 -0.0036 -30 0 0 0
0.5180 0.0042 -0.0036 -30 0 0 0
0.5180 0.0042 -0.0036 -30 0 0 0
0.5180 0.0042 -0.0036 -30 0 0 0
0.5180 0.0042 -0.0036 -30 0 0 0
0.5180 0.0042 -0.0036 -30 0 0 0
0.5180 0.0042 -0.0036 -30 0 0 0
0.5160 0.0038 -0.0038 -30 0 0 0
0.5160 0.0038 -0.0038 -30 0 0 0
0.5160 0.0038 -0.0038 -30 0 0 0
0.5160 0.0038 -0.0038 -30 0 0 0
0.5160 0.0038 -0.0038 -30 0 0 0
0.5100 0.0044 -0.0037 -30 0 0 0
0.5160 0.0054 -0.0028 -30 0 0 0
0.5160 0.0054 -0.0028 -30 0 0 0
0.5160 0.0054 -0.0028 -30 0 0 0
0.5100 0.0058 -0.0024 -30 0 0 0
0.5100 0.0058 -0.0024 -30 0 0 0
0.5100 0.0058 -0.0024 -30 0 0 0
0.5100 0.0058 -0.0024 -30 0 0 0
0.5100 0.0058 -0.0024 -30 0 0 0
0.4960 0.0053 -0.0015 -30 0 0 0
0.4960 0.0053 -0.0015 -30 0 0 0
0.4960 0.0053 -0.0015 -30 0 0 0
0.5340 0.0045 -0.0015 -30 0 0 0
0.5340 0.0045 -0.0015 -30 0 0 0
0.5340 0.0045 -0.0015 -30 0 0 0
0.5340 0.0045 -0.0015 -30 0 0 0
0.5000 0.0041 -0.0015 -30 0 0 0
0.5000 0.0041 -0.0015 -30 0 0 0
0.5000 0.0041 -0.0015 -30 0 0 0
0.5000 0.0041 -0.0015 -30 0 0 0
0.5000 0.0041 -0.0015 -30 0 0 0
0.5000 0.0041 -0.0015 -30 0 0 0
0.5000 0.0041 -0.0015 -30 0 0 0
0.5000 0.0041 -0.0015 -30 0 0 0
0.5000 0.0041 -0.0015 -30 0 0 0
0.5000 0.0041 -0.0015 -30 0 0 0
0.5000 0.0041 -0.0015 -30 0 0 0
0.5000 0.0038 -0.0015 -30 0 0 0
0.5280 0.0038 -0.0015 0 0 0 0
0.5080 0.0060 0.0029 0 -30 0 0
0.5060 0.0064 0.0027 0 -30 0 0
0.5000 0.0065 0.0019 0 -30 0 0
0.5060 0.0069 0.0022 0 -30 0 0
0.5060 0.0077 0.0018 0 -30 0 0
0.4980 0.0077 0.0018 0 -30 0 0
0.5020 0.0079 0.0012 0 -30 0 0
0.4960 0.0078 0.0010 0 -30 0 0
0.5100 0.0075 0.0010 0 -30 0 0
0.5100 0.0075 0.0010 0 -30 0 0
0.5140 0.0075 0.0004 0 -30 0 0
0.5140 0.0075 0.0004 0 -30 0 0
0.5140 0.0075 0.0004 0 -30 0 0
0.5140 0.0075 0.0004 0 -30 0 0
0.5240 0.0075 -0.0012 0 -30 0 0
0.5240 0.0075 -0.0012 0 -30 0 0
0.5240 0.0075 -0.0012 0 -30 0 0
0.5240 0.0075 -0.0012 0 -30 0 0
0.5140 0.0076 -0.0012 0 -30 0 0
0.5140 0.0076 -0.0012 0 -30 0 0
0.5140 0.0076 -0.0012 0 -30 0 0
0.5140 0.0076 -0.0012 0 -30 0 0
0.5160 0.0075 -0.0001 0 -30 0 0
0.5160 0.0075 -0.0001 0 -30 0 0
0.5160 0.0075 -0.0001 0 -30 0 0
0.5160 0.0075 -0.0001 0 -30 0 0
0.5000 0.0076 -0.0001 0 -30 0 0
0.5000 0.0076 -0.0001 0 -30 0 0
0.5000 0.0076 -0.0001 0 -30 0 0
0.5000 0.0076 -0.0001 0 -30 0 0
0.5000 0.0076 -0.0001 0 -30 0 0
0.5040 0.0078 -0.0000 0 -30 0 0
0.5040 0.0078 -0.0000 0 -30 0 0
0.5040 0.0078 -0.0000 0 -30 0 0
0.5040 0.0078 -0.0000 0 -30 0 0
0.5220 0.0080 -0.0000 0 -30 0 0
0.5220 0.0080 -0.0000 0 -30 0 0
0.5220 0.0080 -0.0000 0 -30 0 0
0.5220 0.0080 -0.0000 0 -30 0 0
0.5200 0.0080 -0.0028 0 -30 0 0
0.5200 0.0080 -0.0028 0 -30 0 0
0.5200 0.0080 -0.0028 0 -30 0 0
0.5200 0.0078 -0.0025 0 -30 0 0
0.5020 0.0078 -0.0025 0 -30 0 0
0.5020 0.0078 -0.0025 0 -30 0 0
0.5020 0.0078 -0.0025 0 -30 0 0
0.5020 0.0078 -0.0025 0 -30 0 0
0.5040 0.0076 -0.0037 0 -30 0 0
0.5040 0.0076 -0.0037 0 -30 0 0
0.5040 0.0076 -0.0037 0 -30 0 0
0.5040 0.0076 -0.0037 0 -30 0 0
0.5140 0.0080 -0.0041 0 -30 0 0
0.5140 0.0080 -0.0041 0 -30 0 0
0.5140 0.0080 -0.0041 0 -30 0 0
0.5140 0.0080 -0.0041 0 -30 0 0
0.5140 0.0080 -0.0041 0 -30 0 0
0.5140 0.0090 -0.0022 0 -30 0 0
0.5140 0.0090 -0.0022 0 -30 0 0
0.5140 0.0090 -0.0022 0 -30 0 0
0.5140 0.0090 -0.0022 0 -30 0 0
0.5280 0.0096 -0.0019 0 -30 0 0
0.5280 0.0096 -0.0019 0 -30 0 0
0.5280 0.0096 -0.0019 0 -30 0 0
0.5240 0.0096 -0.0013 0 -30 0 0
0.5240 0.0096 -0.0013 0 -30 0 0
0.5240 0.0096 -0.0013 0 -30 0 0
0.5240 0.0096 -0.0013 0 -30 0 0
0.5080 0.0091 0.0029 0 -30 0 0
0.5080 0.0091 0.0029 0 -30 0 0
0.5080 0.0091 0.0029 0 -30 0 0
0.5080 0.0091 0.0029 0 -30 0 0
0.4980 0.0084 0.0037 0 -30 0 0
0.4980 0.0084 0.0037 0 -30 0 0
0.4980 0.0084 0.0037 0 -30 0 0
0.4980 0.0084 0.0037 0 -30 0 0
0.4980 0.0084 0.0037 0 -30 0 0
0.5020 0.0080 0.0064 0 -30 0 0
0.5020 0.0080 0.0064 0 -30 0 0
0.5020 0.0080 0.0064 0 -30 0 0
0.5020 0.0082 0.0064 0 -30 0 0
0.5040 0.0082 0.0064 0 -30 0 0
0.5040 0.0082 0.0064 0 -30 0 0
0.5040 0.0082 0.0064 0 -30 0 0
0.5040 0.0082 0.0064 0 -30 0 0
0.5000 0.0087 0.0082 0 -30 0 0
0.5000 0.0087 0.0082 0 -30 0 0
0.5000 0.0087 0.0082 0 -30 0 0
0.5000 0.0087 0.0082 0 -30 0 0
0.4920 0.0092 0.0081 0 -30 0 0
0.4920 0.0092 0.0081 0 -30 0 0
0.4920 0.0092 0.0081 0 -30 0 0
0.5120 0.0098 0.0092 0 -30 0 0
0.5120 0.0098 0.0092 0 -30 0 0
0.5120 0.0098 0.0092 0 -30 0 0
0.5120 0.0098 0.0092 0 -30 0 0
0.5220 0.0103 0.0092 0 -30 0 0
0.5220 0.0103 0.0092 0 -30 0 0
0.5220 0.0103 0.0092 0 -30 0 0
0.5220 0.0103 0.0092 0 -30 0 0
0.4980 0.0105 0.0105 0 -30 0 0
0.4980 0.0105 0.0105 0 -30 0 0
0.4980 0.0105 0.0105 0 -30 0 0
0.5020 0.0104 0.0099 0 -30 0 0
0.5020 0.0104 0.0099 0 -30 0 0
0.5020 0.0104 0.0099 0 -30 0 0
0.5020 0.0104 0.0099 0 -30 0 0
0.5020 0.0104 0.0099 0 -30 0 0
0.5180 0.0102 0.0102 0 -30 0 0
0.5180 0.0102 0.0102 0 -30 0 0
0.5180 0.0102 0.0102 0 -30 0 0
0.5180 0.0102 0.0102 0 -30 0 0
0.5180 0.0102 0.0102 0 -30 0 0
0.5220 0.0101 0.0107 0 -30 0 0
0.5220 0.0101 0.0107 0 -30 0 0
0.5220 0.0101 0.0107 0 -30 0 0
0.5220 0.0101 0.0107 0 -30 0 0
0.4940 0.0100 0.0123 0 -30 0 0
0.4940 0.0100 0.0123 0 -30 0 0
0.4940 0.0100 0.0123 0 -30 0 0
0.4940 0.0100 0.0123 0 -30 0 0
0.5000 0.0098 0.0119 0 -30 0 0
0.5000 0.0098 0.0119 0 -30 0 0
0.5000 0.0098 0.0119 0 -30 0 0
0.5000 0.0098 0.0119 0 -30 0 0
0.5100 0.0094 0.0125 0 -30 0 0
0.5100 0.0094 0.0125 0 -30 0 0
0.5100 0.0094 0.0125 0 -30 0 0
0.4860 0.0091 0.0137 0 -30 0 0
0.4860 0.0091 0.0137 0 -30 0 0
0.4860 0.0091 0.0137 0 -30 0 0
0.4860 0.0091 0.0137 0 -30 0 0
0.5020 0.0089 0.0136 0 -30 0 0
0.5020 0.0089 0.0136 0 -30 0 0
0.5020 0.0089 0.0136 0 -30 0 0
0.5020 0.0089 0.0136 0 -30 0 0
0.5020 0.0089 0.0136 0 -30 0 0
0.5020 0.0089 0.0136 0 -30 0 0
0.5100 0.0086 0.0151 0 -30 0 0
0.5100 0.0086 0.0151 0 -30 0 0
0.5100 0.0086 0.0151 0 -30 0 0
0.5020 0.0079 0.0149 0 -30 0 0
0.5020 0.0079 0.0149 0 -30 0 0
0.5020 0.0079 0.0149 0 -30 0 0
0.5020 0.0079 0.0149 0 -30 0 0
0.4980 0.0070 0.0152 0 -30 0 0
0.4980 0.0070 0.0152 0 -30 0 0
0.4980 0.0070 0.0152 0 -30 0 0
0.4980 0.0070 0.0152 0 -30 0 0
0.4980 0.0070 0.0152 0 -30 0 0
0.5120 0.0059 0.0149 0 -30 0 0
0.5120 0.0059 0.0149 0 -30 0 0
0.5140 0.0055 0.0148 0 -30 0 0
0.5140 0.0055 0.0148 0 -30 0 0
0.5140 0.0055 0.0148 0 -30 0 0
0.5140 0.0055 0.0148 0 -30 0 0
0.5140 0.0055 0.0148 0 -30 0 0
0.5000 0.0057 0.0144 0 -30 0 0
0.5000 0.0057 0.0144 0 -30 0 0
0.5000 0.0057 0.0144 0 -30 0 0
0.5000 0.0057 0.0144 0 -30 0 0
0.5000 0.0057 0.0144 0 -30 0 0
0.5040 0.0061 0.0155 0 -30 0 0
0.5040 0.0061 0.0155 0 -30 0 0
0.5040 0.0063 0.0153 0 -30 0 0
0.5040 0.0063 0.0153 0 -30 0 0
0.5040 0.0063 0.0153 0 -30 0 0
0.5040 0.0063 0.0153 0 -30 0 0
0.5040 0.0063 0.0153 0 -30 0 0
0.5200 0.0063 0.0143 0 -30 0 0
0.5200 0.0063 0.0143 0 -30 0 0
0.5200 0.0063 0.0143 0 -30 0 0
0.5200 0.0063 0.0143 0 -30 0 0
0.5200 0.0063 0.0143 0 0 0 0
0.5040 0.0049 0.0149 0 -30 0 0
0.5040 0.0049 0.0149 0 -30 0 0
0.5140 0.0042 0.0147 0 -30 0 0
0.5040 0.0027 0.0140 0 -30 0 0
0.5120 0.0023 0.0142 0 -30 0 0
0.5340 0.0027 0.0140 0 -30 0 0
0.5340 0.0027 0.0140 0 -30 0 0
0.5340 0.0027 0.0140 0 -30 0 0
0.5340 0.0027 0.0140 0 -30 0 0
0.5280 0.0035 0.0135 0 -30 0 0
0.5280 0.0035 0.0135 0 -30 0 0
0.5360 0.0040 0.0130 0 -30 0 0
0.5360 0.0040 0.0130 0 -30 0 0
0.5360 0.0040 0.0130 0 -30 0 0
0.5360 0.0040 0.0130 0 -30 0 0
0.5360 0.0040 0.0130 0 -30 0 0
0.5160 0.0040 0.0120 0 -30 0 0
0.5160 0.0040 0.0120 0 -30 0 0
0.5160 0.0040 0.0120 0 -30 0 0
0.5160 0.0040 0.0120 0 -30 0 0
0.5160 0.0040 0.0120 0 0 0 0
0.5240 0.0041 0.0092 0 -30 0 0
0.5300 0.0037 0.0088 0 -30 0 0
0.5260 0.0025 0.0083 0 -30 0 0
0.5180 0.0031 0.0082 0 -30 0 0
0.5000 0.0042 0.0062 0 -30 0 0
0.5120 0.0040 0.0054 0 -30 0 0
0.5120 0.0040 0.0054 0 -30 0 0
0.5120 0.0040 0.0054 0 -30 0 0
0.5360 0.0035 0.0057 0 -30 0 0
0.5360 0.0035 0.0057 0 -30 0 0
0.5360 0.0035 0.0057 0 -30 0 0
0.5360 0.0035 0.0057 0 -30 0 0
0.5360 0.0035 0.0057 0 -30 0 0
0.5240 0.0033 0.0051 0 -30 0 0
0.5240 0.0033 0.0051 0 -30 0 0
0.5100 0.0031 0.0049 0 -30 0 0
0.5100 0.0031 0.0049 0 -30 0 0
0.5100 0.0031 0.0049 0 -30 0 0
0.5100 0.0031 0.0049 0 -30 0 0
0.5280 0.0030 0.0042 0 0 0 0
0.5100 0.0074 -0.0085 -30 0 0 0
0.5320 0.0060 -0.0084 -30 0 0 0
0.5500 0.0058 -0.0095 -30 0 0 0
0.5560 0.0058 -0.0093 -30 0 0 0
0.5380 0.0061 -0.0091 -30 0 0 0
0.5380 0.0066 -0.0087 -30 0 0 0
0.5380 0.0066 -0.0087 -30 0 0 0
0.5380 0.0066 -0.0087 -30 0 0 0
0.5380 0.0066 -0.0087 -30 0 0 0
0.5460 0.0071 -0.0107 -30 0 0 0
0.5460 0.0071 -0.0107 -30 0 0 0
0.5460 0.0071 -0.0107 -30 0 0 0
0.5460 0.0071 -0.0107 -30 0 0 0
0.5420 0.0075 -0.0105 -30 0 0 0
0.5420 0.0075 -0.0105 -30 0 0 0
0.5420 0.0079 -0.0149 -30 0 0 0
0.5320 0.0079 -0.0149 -30 0 0 0
0.5320 0.0079 -0.0149 -30 0 0 0
0.5320 0.0079 -0.0149 -30 0 0 0
0.5320 0.0079 -0.0149 0 0 0 0
0.5320 0.0083 -0.0144 -30 0 0 0
0.5340 0.0082 -0.0141 -30 0 0 0
0.5340 0.0082 -0.0141 -30 0 0 0
0.5220 0.0079 -0.0139 -30 0 0 0
0.5480 0.0073 -0.0145 -30 0 0 0
0.5480 0.0073 -0.0145 -30 0 0 0
0.5400 0.0071 -0.0139 -30 0 0 0
0.5400 0.0071 -0.0139 -30 0 0 0
0.5400 0.0071 -0.0139 -30 0 0 0
0.5340 0.0069 -0.0139 -30 0 0 0
0.5340 0.0069 -0.0139 -30 0 0 0
0.5340 0.0069 -0.0139 -30 0 0 0
0.5340 0.0069 -0.0139 -30 0 0 0
0.5340 0.0069 -0.0139 -30 0 0 0
0.5340 0.0069 -0.0139 -30 0 0 0
0.5340 0.0069 -0.0139 -30 0 0 0
0.5340 0.0069 -0.0139 -30 0 0 0
0.5340 0.0069 -0.0139 -30 0 0 0
0.5340 0.0069 -0.0139 -30 0 0 0
0.5340 0.0069 -0.0139 -30 0 0 0
0.5420 0.0068 -0.0134 -30 0 0 0
0.5420 0.0068 -0.0134 -30 0 0 0
0.5420 0.0068 -0.0134 -30 0 0 0
0.5080 0.0071 -0.0144 -30 0 0 0
0.5320 0.0075 -0.0145 -30 0 0 0
0.5320 0.0075 -0.0145 -30 0 0 0
0.5280 0.0079 -0.0158 -30 0 0 0
0.5280 0.0079 -0.0158 -30 0 0 0
0.5280 0.0079 -0.0158 -30 0 0 0
0.5280 0.0079 -0.0158 -30 0 0 0
0.5700 0.0080 -0.0169 -30 0 0 0
0.5700 0.0080 -0.0169 -30 0 0 0
0.5700 0.0080 -0.0169 -30 0 0 0
0.5360 0.0076 -0.0164 -30 0 0 0
0.5360 0.0076 -0.0164 -30 0 0 0
0.5360 0.0076 -0.0164 -30 0 0 0
0.5360 0.0076 -0.0164 -30 0 0 0
0.5360 0.0076 -0.0164 -30 0 0 0
0.5360 0.0076 -0.0164 -30 0 0 0
0.5320 0.0068 -0.0164 0 0 0 0
0.5400 0.0086 -0.0167 -30 0 0 0
0.5240 0.0086 -0.0167 -30 0 0 0
0.5300 0.0086 -0.0167 -30 0 0 0
0.5280 0.0088 -0.0163 -30 0 0 0
0.5280 0.0086 -0.0145 -30 0 0 0
0.5380 0.0086 -0.0145 -30 0 0 0
0.5500 0.0095 -0.0120 -30 0 0 0
0.5500 0.0095 -0.0120 -30 0 0 0
0.5500 0.0095 -0.0120 -30 0 0 0
0.5500 0.0095 -0.0120 -30 0 0 0
0.5500 0.0095 -0.0120 -30 0 0 0
0.5380 0.0098 -0.0111 -30 0 0 0
0.5380 0.0098 -0.0111 -30 0 0 0
0.5380 0.0098 -0.0111 -30 0 0 0
0.5400 0.0098 -0.0127 -30 0 0 0
0.5400 0.0098 -0.0127 -30 0 0 0
0.5400 0.0098 -0.0127 -30 0 0 0
0.5400 0.0098 -0.0127 -30 0 0 0
0.5640 0.0097 -0.0122 -30 0 0 0
0.5640 0.0097 -0.0122 -30 0 0 0
0.5640 0.0097 -0.0122 -30 0 0 0
0.5640 0.0097 -0.0122 -30 0 0 0
0.5360 0.0099 -0.0119 -30 0 0 0
0.5360 0.0099 -0.0119 -30 0 0 0
0.5360 0.0099 -0.0119 -30 0 0 0
0.5360 0.0099 -0.0119 -30 0 0 0
0.5500 0.0104 -0.0113 -30 0 0 0
0.5500 0.0104 -0.0113 -30 0 0 0
0.5500 0.0104 -0.0113 -30 0 0 0
0.5500 0.0104 -0.0113 -30 0 0 0
0.5500 0.0110 -0.0110 -30 0 0 0
0.5460 0.0110 -0.0110 -30 0 0 0
0.5460 0.0110 -0.0110 -30 0 0 0
0.5460 0.0110 -0.0110 -30 0 0 0
0.5460 0.0110 -0.0110 -30 0 0 0
0.5460 0.0110 -0.0110 -30 0 0 0
0.5200 0.0115 -0.0109 -30 0 0 0
0.5200 0.0115 -0.0109 -30 0 0 0
0.5200 0.0115 -0.0109 -30 0 0 0
0.5460 0.0114 -0.0110 -30 0 0 0
0.5460 0.0114 -0.0110 -30 0 0 0
0.5460 0.0114 -0.0110 -30 0 0 0
0.5480 0.0115 -0.0125 -30 0 0 0
0.5480 0.0115 -0.0125 -30 0 0 0
0.5480 0.0115 -0.0125 -30 0 0 0
0.5480 0.0115 -0.0125 -30 0 0 0
0.5480 0.0115 -0.0125 -30 0 0 0
0.5200 0.0115 -0.0120 -30 0 0 0
0.5200 0.0115 -0.0120 -30 0 0 0
0.5200 0.0115 -0.0120 -30 0 0 0
0.5320 0.0111 -0.0113 -30 0 0 0
0.5320 0.0111 -0.0113 -30 0 0 0
0.5320 0.0111 -0.0113 -30 0 0 0
0.5320 0.0111 -0.0113 -30 0 0 0
0.5320 0.0111 -0.0113 -30 0 0 0
0.5320 0.0105 -0.0108 -30 0 0 0
0.5280 0.0105 -0.0108 -30 0 0 0
0.5280 0.0105 -0.0108 -30 0 0 0
0.5280 0.0105 -0.0108 -30 0 0 0
0.5260 0.0101 -0.0090 -30 0 0 0
0.5260 0.0101 -0.0090 -30 0 0 0
0.5260 0.0101 -0.0090 -30 0 0 0
0.5260 0.0101 -0.0090 -30 0 0 0
0.5300 0.0092 -0.0086 -30 0 0 0
0.5300 0.0092 -0.0086 -30 0 0 0
0.5300 0.0092 -0.0086 -30 0 0 0
0.5300 0.0092 -0.0086 -30 0 0 0
0.5180 0.0086 -0.0072 -30 0 0 0
0.5180 0.0086 -0.0072 -30 0 0 0
0.5180 0.0086 -0.0072 -30 0 0 0
0.5180 0.0086 -0.0072 -30 0 0 0
0.5180 0.0086 -0.0072 -30 0 0 0
0.5320 0.0083 -0.0068 -30 0 0 0
0.5320 0.0083 -0.0068 -30 0 0 0
0.5320 0.0083 -0.0068 -30 0 0 0
0.5300 0.0086 -0.0073 -30 0 0 0
0.5300 0.0086 -0.0073 -30 0 0 0
0.5300 0.0086 -0.0073 -30 0 0 0
0.5300 0.0086 -0.0073 -30 0 0 0
0.5260 0.0092 -0.0066 -30 0 0 0
0.5260 0.0092 -0.0066 -30 0 0 0
0.5260 0.0092 -0.0066 -30 0 0 0
0.5260 0.0092 -0.0066 -30 0 0 0
0.5260 0.0092 -0.0066 -30 0 0 0
0.5500 0.0099 -0.0065 -30 0 0 0
0.5500 0.0099 -0.0065 -30 0 0 0
0.5500 0.0099 -0.0065 -30 0 0 0
0.5280 0.0102 -0.0068 -30 0 0 0
0.5280 0.0102 -0.0068 -30 0 0 0
0.5280 0.0102 -0.0068 -30 0 0 0
0.5280 0.0102 -0.0068 -30 0 0 0
0.5280 0.0102 -0.0068 -30 0 0 0
0.5280 0.0100 -0.0061 -30 0 0 0
0.5280 0.0100 -0.0061 -30 0 0 0
0.5280 0.0100 -0.0061 -30 0 0 0
0.5280 0.0100 -0.0061 -30 0 0 0
0.5140 0.0095 -0.0058 -30 0 0 0
0.5140 0.0095 -0.0058 -30 0 0 0
0.5140 0.0095 -0.0058 -30 0 0 0
0.5140 0.0095 -0.0058 -30 0 0 0
0.5540 0.0090 -0.0053 -30 0 0 0
0.5540 0.0090 -0.0053 -30 0 0 0
0.5540 0.0090 -0.0053 -30 0 0 0
0.5540 0.0090 -0.0053 -30 0 0 0
0.5420 0.0093 -0.0053 -30 0 0 0
0.5420 0.0093 -0.0053 -30 0 0 0
0.5420 0.0093 -0.0053 -30 0 0 0
0.5420 0.0093 -0.0053 -30 0 0 0
0.5440 0.0099 -0.0044 -30 0 0 0
0.5440 0.0099 -0.0044 -30 0 0 0
0.5440 0.0099 -0.0044 -30 0 0 0
0.5440 0.0099 -0.0044 -30 0 0 0
0.5580 0.0105 -0.0057 -30 0 0 0
0.5580 0.0105 -0.0057 -30 0 0 0
0.5580 0.0105 -0.0057 -30 0 0 0
0.5580 0.0105 -0.0057 -30 0 0 0
0.5580 0.0104 -0.0052 -30 0 0 0
0.5580 0.0104 -0.0052 -30 0 0 0
0.5580 0.0104 -0.0052 0 0 0 0
0.5560 0.0097 -0.0056 -30 0 0 0
0.5460 0.0098 -0.0052 -30 0 0 0
0.5420 0.0094 -0.0063 -30 0 0 0
0.5360 0.0084 -0.0056 -30 0 0 0
0.5400 0.0062 -0.0047 -30 0 0 0
0.5400 0.0062 -0.0047 -30 0 0 0
0.5560 0.0047 -0.0054 -30 0 0 0
0.5560 0.0047 -0.0054 -30 0 0 0
0.5560 0.0047 -0.0054 -30 0 0 0
0.5560 0.0047 -0.0054 -30 0 0 0
0.5280 0.0037 -0.0054 -30 0 0 0
0.5280 0.0037 -0.0054 -30 0 0 0
0.5280 0.0037 -0.0054 -30 0 0 0
0.5280 0.0037 -0.0054 -30 0 0 0
0.5280 0.0037 -0.0054 -30 0 0 0
0.5400 0.0038 -0.0063 -30 0 0 0
0.5400 0.0038 -0.0063 -30 0 0 0
0.5400 0.0038 -0.0063 -30 0 0 0
0.5400 0.0038 -0.0063 -30 0 0 0
0.5400 0.0038 -0.0063 -30 0 0 0
0.5400 0.0038 -0.0063 -30 0 0 0
0.5400 0.0038 -0.0063 -30 0 0 0
0.5400 0.0038 -0.0063 -30 0 0 0
0.5420 0.0042 -0.0059 -30 0 0 0
0.5620 0.0042 -0.0078 -30 0 0 0
0.5620 0.0042 -0.0078 -30 0 0 0
0.5620 0.0042 -0.0078 -30 0 0 0
0.5520 0.0045 -0.0076 -30 0 0 0
0.5520 0.0045 -0.0076 -30 0 0 0
0.5520 0.0045 -0.0076 -30 0 0 0
0.5500 0.0053 -0.0068 -30 0 0 0
0.5500 0.0053 -0.0068 -30 0 0 0
0.5500 0.0053 -0.0068 -30 0 0 0
0.5500 0.0053 -0.0068 0 0 0 0
0.5600 0.0090 -0.0073 -30 0 0 0
0.5500 0.0103 -0.0079 -30 0 0 0
0.5340 0.0107 -0.0076 -30 0 0 0
0.5560 0.0098 -0.0072 -30 0 0 0
0.5680 0.0081 -0.0064 -30 0 0 0
0.5540 0.0068 -0.0084 -30 0 0 0
0.5540 0.0068 -0.0084 -30 0 0 0
0.5380 0.0058 -0.0084 -30 0 0 0
0.5520 0.0052 -0.0085 -30 0 0 0
0.5480 0.0051 -0.0082 -30 0 0 0
0.5480 0.0051 -0.0082 -30 0 0 0
0.5480 0.0051 -0.0082 -30 0 0 0
0.5480 0.0053 -0.0085 -30 0 0 0
0.5480 0.0053 -0.0085 -30 0 0 0
0.5480 0.0053 -0.0085 -30 0 0 0
0.5480 0.0053 -0.0085 -30 0 0 0
0.5480 0.0053 -0.0085 -30 0 0 0
0.5480 0.0053 -0.0085 -30 0 0 0
0.5660 0.0058 -0.0085 -30 0 0 0
0.5660 0.0058 -0.0085 -30 0 0 0
0.5300 0.0066 -0.0105 0 0 0 0
0.5280 0.0093 -0.0155 -30 0 0 0
0.5380 0.0101 -0.0136 -30 0 0 0
0.5340 0.0100 -0.0123 -30 0 0 0
0.5480 0.0095 -0.0122 -30 0 0 0
0.5620 0.0088 -0.0121 -30 0 0 0
0.5620 0.0088 -0.0121 -30 0 0 0
0.5560 0.0079 -0.0117 -30 0 0 0
0.5560 0.0079 -0.0117 -30 0 0 0
0.5580 0.0075 -0.0118 -30 0 0 0
0.5580 0.0075 -0.0118 -30 0 0 0
0.5580 0.0075 -0.0118 -30 0 0 0
0.5580 0.0075 -0.0118 -30 0 0 0
0.5600 0.0077 -0.0120 -30 0 0 0
0.5600 0.0077 -0.0120 -30 0 0 0
0.5600 0.0077 -0.0120 -30 0 0 0
0.5600 0.0077 -0.0120 -30 0 0 0
0.5600 0.0077 -0.0120 -30 0 0 0
0.5600 0.0077 -0.0120 0 0 0 0
0.5500 0.0067 -0.0046 30 0 0 0
0.5600 0.0067 -0.0046 30 0 0 0
0.5580 0.0072 -0.0033 30 0 0 0
0.5620 0.0075 -0.0033 30 0 0 0
0.5500 0.0071 -0.0024 30 0 0 0
0.5500 0.0071 -0.0024 30 0 0 0
0.5460 0.0056 -0.0002 30 0 0 0
0.5440 0.0050 0.0022 30 0 0 0
0.5440 0.0050 0.0022 30 0 0 0
0.5400 0.0046 0.0022 30 0 0 0
0.5400 0.0046 0.0022 30 0 0 0
0.5340 0.0044 0.0020 30 0 0 0
0.5340 0.0044 0.0020 30 0 0 0
0.5340 0.0044 0.0020 30 0 0 0
0.5340 0.0044 0.0020 30 0 0 0
0.5340 0.0044 0.0020 30 0 0 0
0.5340 0.0044 0.0020 30 0 0 0
0.5240 0.0044 0.0014 30 0 0 0
0.5240 0.0044 0.0014 0 0 0 0
0.5240 0.0046 0.0010 30 0 0 0
0.5440 0.0047 0.0005 30 0 0 0
0.5460 0.0045 0.0008 30 0 0 0
0.5460 0.0045 0.0008 30 0 0 0
0.5460 0.0045 0.0008 30 0 0 0
0.5580 0.0042 0.0005 30 0 0 0
0.5420 0.0042 0.0010 30 0 0 0
0.5420 0.0042 0.0010 30 0 0 0
0.5420 0.0042 0.0010 30 0 0 0
0.5420 0.0042 0.0010 30 0 0 0
0.5420 0.0042 0.0010 30 0 0 0
0.5320 0.0044 0.0005 30 0 0 0
0.5320 0.0044 0.0005 30 0 0 0
0.5320 0.0044 0.0005 30 0 0 0
0.5320 0.0044 0.0005 30 0 0 0
0.5400 0.0049 0.0010 30 0 0 0
0.5400 0.0049 0.0010 30 0 0 0
0.5480 0.0054 0.0013 30 0 0 0
0.5480 0.0054 0.0013 30 0 0 0
0.5480 0.0054 0.0013 30 0 0 0
0.5480 0.0054 0.0013 30 0 0 0
0.5480 0.0054 0.0013 30 0 0 0
0.5480 0.0054 0.0013 30 0 0 0
0.5460 0.0056 0.0013 30 0 0 0
0.5460 0.0056 0.0013 30 0 0 0
0.5460 0.0056 0.0013 30 0 0 0
0.5460 0.0056 0.0013 30 0 0 0
0.5500 0.0055 0.0010 30 0 0 0
0.5500 0.0055 0.0010 30 0 0 0
0.5580 0.0052 0.0008 30 0 0 0
0.5580 0.0052 0.0008 30 0 0 0
0.5580 0.0052 0.0008 30 0 0 0
0.5580 0.0052 0.0008 30 0 0 0
0.5580 0.0052 0.0008 30 0 0 0
0.5580 0.0052 0.0008 30 0 0 0
0.5560 0.0049 0.0007 0 0 0 0
0.5480 0.0048 0.0010 0 -30 0 0
0.5580 0.0050 0.0014 0 -30 0 0
0.5540 0.0048 0.0010 0 -30 0 0
0.5380 0.0045 0.0003 0 -30 0 0
0.5480 0.0042 0.0010 0 -30 0 0
0.5300 0.0043 0.0011 0 -30 0 0
0.5300 0.0043 0.0011 0 -30 0 0
0.5460 0.0048 0.0016 0 -30 0 0
0.5460 0.0048 0.0016 0 -30 0 0
0.5460 0.0048 0.0016 0 -30 0 0
0.5460 0.0048 0.0016 0 -30 0 0
0.5460 0.0048 0.0016 0 -30 0 0
0.5460 0.0048 0.0016 0 -30 0 0
0.5520 0.0060 0.0006 0 -30 0 0
0.5520 0.0060 0.0006 0 -30 0 0
0.5520 0.0060 0.0006 0 -30 0 0
0.5520 0.0060 0.0006 0 -30 0 0
0.5560 0.0067 0.0009 0 -30 0 0
0.5460 0.0071 -0.0010 0 -30 0 0
0.5460 0.0071 -0.0010 0 -30 0 0
0.5460 0.0071 -0.0010 0 -30 0 0
0.5460 0.0071 -0.0010 0 -30 0 0
0.5460 0.0071 -0.0010 0 -30 0 0
0.5460 0.0071 -0.0010 0 -30 0 0
0.5540 0.0071 -0.0030 0 -30 0 0
0.5540 0.0071 -0.0030 0 -30 0 0
0.5540 0.0071 -0.0030 0 -30 0 0
0.5540 0.0071 -0.0030 0 -30 0 0
0.5560 0.0066 -0.0038 0 -30 0 0
0.5560 0.0066 -0.0038 0 -30 0 0
0.5560 0.0066 -0.0038 0 -30 0 0
0.5560 0.0066 -0.0038 0 -30 0 0
0.5560 0.0066 -0.0038 0 -30 0 0
0.5560 0.0066 -0.0038 0 -30 0 0
0.5560 0.0066 -0.0038 0 -30 0 0
0.5560 0.0066 -0.0038 0 -30 0 0
0.5560 0.0066 -0.0038 0 -30 0 0
0.5560 0.0066 -0.0038 0 -30 0 0
0.5560 0.0066 -0.0038 0 -30 0 0
0.5560 0.0066 -0.0038 0 -30 0 0
0.5320 0.0063 -0.0037 0 -30 0 0
0.5720 0.0061 -0.0038 0 -30 0 0
0.5560 0.0063 -0.0049 0 -30 0 0
0.5560 0.0063 -0.0049 0 -30 0 0
0.5560 0.0063 -0.0049 0 -30 0 0
0.5560 0.0063 -0.0049 0 -30 0 0
0.5560 0.0063 -0.0049 0 -30 0 0
0.5480 0.0067 -0.0046 0 -30 0 0
0.5480 0.0067 -0.0046 0 -30 0 0
0.5480 0.0067 -0.0046 0 -30 0 0
0.5480 0.0067 -0.0046 0 -30 0 0
0.5580 0.0069 -0.0061 0 -30 0 0
0.5580 0.0069 -0.0061 0 -30 0 0
0.5580 0.0069 -0.0061 0 -30 0 0
0.5540 0.0069 -0.0062 0 -30 0 0
0.5540 0.0069 -0.0062 0 -30 0 0
0.5540 0.0069 -0.0062 0 -30 0 0
0.5540 0.0069 -0.0062 0 -30 0 0
0.5540 0.0069 -0.0062 0 -30 0 0
0.5540 0.0069 -0.0062 0 -30 0 0
0.5540 0.0069 -0.0062 0 -30 0 0
0.5540 0.0069 -0.0062 0 -30 0 0
0.5540 0.0069 -0.0062 0 -30 0 0
0.5540 0.0069 -0.0062 0 -30 0 0
0.5540 0.0069 -0.0062 0 -30 0 0
0.5540 0.0069 -0.0062 0 -30 0 0
0.5540 0.0069 -0.0062 0 -30 0 0
0.5460 0.0067 -0.0063 0 -30 0 0
0.5320 0.0068 -0.0057 0 -30 0 0
0.5640 0.0072 -0.0063 0 -30 0 0
0.5640 0.0072 -0.0063 0 -30 0 0
0.5480 0.0073 -0.0060 0 -30 0 0
0.5480 0.0073 -0.0060 0 -30 0 0
0.5480 0.0073 -0.0060 0 -30 0 0
0.5480 0.0073 -0.0060 0 -30 0 0
0.5460 0.0072 -0.0076 0 -30 0 0
0.5460 0.0072 -0.0076 0 -30 0 0
0.5460 0.0072 -0.0076 0 -30 0 0
0.5400 0.0072 -0.0084 0 -30 0 0
0.5400 0.0072 -0.0084 0 -30 0 0
0.5400 0.0072 -0.0084 0 -30 0 0
0.5400 0.0072 -0.0084 0 -30 0 0
0.5400 0.0072 -0.0084 0 -30 0 0
0.5580 0.0071 -0.0079 0 -30 0 0
0.5580 0.0071 -0.0079 0 -30 0 0
0.5580 0.0071 -0.0079 0 -30 0 0
0.5580 0.0071 -0.0079 0 -30 0 0
0.5580 0.0071 -0.0079 0 -30 0 0
0.5580 0.0071 -0.0079 0 -30 0 0
0.5580 0.0069 -0.0067 0 -30 0 0
0.5280 0.0069 -0.0067 0 -30 0 0
0.5280 0.0069 -0.0067 0 -30 0 0
0.5280 0.0069 -0.0067 0 -30 0 0
0.5280 0.0069 -0.0067 0 -30 0 0
0.5280 0.0066 -0.0068 0 -30 0 0
0.5500 0.0066 -0.0068 0 -30 0 0
0.5460 0.0065 -0.0062 0 -30 0 0
0.5460 0.0065 -0.0047 0 -30 0 0
0.5280 0.0065 -0.0047 0 -30 0 0
0.5280 0.0065 -0.0047 0 -30 0 0
0.5280 0.0065 -0.0047 0 -30 0 0
0.5280 0.0065 -0.0047 0 -30 0 0
0.5280 0.0065 -0.0047 0 -30 0 0
0.5280 0.0065 -0.0047 0 -30 0 0
0.5280 0.0065 -0.0047 0 0 0 0
0.5540 0.0061 -0.0095 30 0 0 0
0.5600 0.0060 -0.0095 30 0 0 0
0.5360 0.0057 -0.0109 30 0 0 0
0.5560 0.0058 -0.0113 30 0 0 0
0.5420 0.0065 -0.0117 30 0 0 0
0.5480 0.0067 -0.0118 30 0 0 0
0.5620 0.0073 -0.0110 30 0 0 0
0.5620 0.0079 -0.0118 30 0 0 0
0.5440 0.0079 -0.0118 30 0 0 0
0.5440 0.0079 -0.0118 30 0 0 0
0.5440 0.0079 -0.0118 30 0 0 0
0.5500 0.0083 -0.0113 30 0 0 0
0.5500 0.0083 -0.0113 30 0 0 0
0.5500 0.0083 -0.0113 30 0 0 0
0.5500 0.0083 -0.0113 30 0 0 0
0.5460 0.0089 -0.0121 30 0 0 0
0.5460 0.0089 -0.0121 30 0 0 0
0.5460 0.0089 -0.0121 30 0 0 0
0.5460 0.0089 -0.0121 30 0 0 0
0.5460 0.0089 -0.0121 30 0 0 0
0.5500 0.0095 -0.0116 30 0 0 0
0.5500 0.0095 -0.0116 30 0 0 0
0.5500 0.0095 -0.0116 0 0 0 0
0.5520 0.0099 -0.0145 30 0 0 0
0.5540 0.0096 -0.0158 30 0 0 0
0.5480 0.0087 -0.0154 30 0 0 0
0.5480 0.0080 -0.0157 30 0 0 0
0.5600 0.0080 -0.0157 30 0 0 0
0.5600 0.0080 -0.0157 30 0 0 0
0.5600 0.0080 -0.0157 30 0 0 0
0.5600 0.0080 -0.0157 30 0 0 0
0.5600 0.0080 -0.0157 30 0 0 0
0.5600 0.0080 -0.0157 30 0 0 0
0.5600 0.0080 -0.0157 30 0 0 0
0.5600 0.0080 -0.0157 30 0 0 0
0.5300 0.0080 -0.0149 30 0 0 0
0.5300 0.0080 -0.0149 30 0 0 0
0.5300 0.0080 -0.0149 30 0 0 0
0.5420 0.0083 -0.0150 30 0 0 0
0.5340 0.0089 -0.0159 30 0 0 0
0.5340 0.0089 -0.0159 30 0 0 0
0.5340 0.0089 -0.0159 30 0 0 0
0.5500 0.0094 -0.0153 30 0 0 0
0.5500 0.0094 -0.0153 30 0 0 0
0.5500 0.0094 -0.0153 30 0 0 0
0.5500 0.0094 -0.0153 30 0 0 0
0.5400 0.0096 -0.0147 30 0 0 0
0.5400 0.0096 -0.0147 30 0 0 0
0.5400 0.0096 -0.0147 30 0 0 0
0.5360 0.0095 -0.0141 30 0 0 0
0.5360 0.0095 -0.0141 30 0 0 0
0.5360 0.0095 -0.0141 30 0 0 0
0.5360 0.0095 -0.0141 30 0 0 0
0.5480 0.0092 -0.0145 0 0 0 0
0.5520 0.0087 -0.0125 30 0 0 0
0.5540 0.0089 -0.0134 30 0 0 0
0.5700 0.0089 -0.0134 30 0 0 0
0.5700 0.0089 -0.0134 30 0 0 0
0.5680 0.0094 -0.0126 30 0 0 0
0.5680 0.0094 -0.0126 30 0 0 0
0.5680 0.0094 -0.0126 30 0 0 0
0.5680 0.0094 -0.0126 30 0 0 0
0.5440 0.0099 -0.0137 30 0 0 0
0.5440 0.0099 -0.0137 30 0 0 0
0.5440 0.0099 -0.0137 30 0 0 0
0.5440 0.0099 -0.0137 30 0 0 0
0.5620 0.0100 -0.0133 30 0 0 0
0.5620 0.0100 -0.0133 30 0 0 0
0.5620 0.0100 -0.0133 30 0 0 0
0.5620 0.0100 -0.0133 30 0 0 0
0.5780 0.0095 -0.0127 30 0 0 0
0.5780 0.0095 -0.0127 30 0 0 0
0.5780 0.0095 -0.0127 0 0 0 0
0.5500 0.0080 -0.0159 0 -30 0 0
0.5460 0.0088 -0.0155 0 -30 0 0
0.5460 0.0093 -0.0161 0 -30 0 0
0.5420 0.0093 -0.0160 0 -30 0 0
0.5540 0.0086 -0.0161 0 -30 0 0
0.5540 0.0086 -0.0161 0 -30 0 0
0.5460 0.0085 -0.0155 0 -30 0 0
0.5460 0.0085 -0.0155 0 -30 0 0
0.5460 0.0085 -0.0155 0 -30 0 0
0.5460 0.0085 -0.0155 0 -30 0 0
0.5580 0.0092 -0.0165 0 -30 0 0
0.5580 0.0092 -0.0165 0 -30 0 0
0.5580 0.0092 -0.0165 0 -30 0 0
0.5580 0.0092 -0.0165 0 -30 0 0
0.5360 0.0108 -0.0181 0 0 0 0
0.5580 0.0067 -0.0133 30 0 0 0
0.5460 0.0068 -0.0125 30 0 0 0
0.5560 0.0069 -0.0128 30 0 0 0
0.5780 0.0070 -0.0132 30 0 0 0
0.5640 0.0085 -0.0127 30 0 0 0
0.5700 0.0088 -0.0127 30 0 0 0
0.5620 0.0088 -0.0119 30 0 0 0
0.5600 0.0081 -0.0121 30 0 0 0
0.5600 0.0081 -0.0121 30 0 0 0
0.5600 0.0081 -0.0121 30 0 0 0
0.5740 0.0075 -0.0116 30 0 0 0
0.5740 0.0075 -0.0116 30 0 0 0
0.5740 0.0075 -0.0116 30 0 0 0
0.5740 0.0075 -0.0116 30 0 0 0
0.5740 0.0075 -0.0116 30 0 0 0
0.5580 0.0063 -0.0115 30 0 0 0
0.5580 0.0063 -0.0115 30 0 0 0
0.5580 0.0063 -0.0115 30 0 0 0
0.5440 0.0061 -0.0121 0 0 0 0
0.5500 0.0084 -0.0121 30 0 0 0
0.5420 0.0075 -0.0133 30 0 0 0
0.5480 0.0063 -0.0135 30 0 0 0
0.5320 0.0053 -0.0146 30 0 0 0
0.5360 0.0044 -0.0146 30 0 0 0
0.5420 0.0036 -0.0161 30 0 0 0
0.5300 0.0030 -0.0161 30 0 0 0
0.5200 0.0026 -0.0171 30 0 0 0
0.5200 0.0026 -0.0171 30 0 0 0
0.5200 0.0026 -0.0171 30 0 0 0
0.5280 0.0021 -0.0181 30 0 0 0
0.5280 0.0021 -0.0181 30 0 0 0
0.5280 0.0021 -0.0181 30 0 0 0
0.5280 0.0021 -0.0181 30 0 0 0
0.5300 0.0018 -0.0180 0 0 0 0
0.5500 0.0032 -0.0187 30 0 0 0
0.5460 0.0032 -0.0178 30 0 0 0
0.5520 0.0029 -0.0184 30 0 0 0
0.5520 0.0029 -0.0184 30 0 0 0
0.5420 0.0020 -0.0173 30 0 0 0
0.5500 0.0023 -0.0178 30 0 0 0
0.5520 0.0023 -0.0178 30 0 0 0
0.5520 0.0023 -0.0178 30 0 0 0
0.5520 0.0023 -0.0178 30 0 0 0
0.5340 0.0021 -0.0172 30 0 0 0
0.5340 0.0021 -0.0172 30 0 0 0
0.5340 0.0016 -0.0175 30 0 0 0
0.5420 0.0016 -0.0175 30 0 0 0
0.5420 0.0016 -0.0175 0 0 0 0
0.5380 0.0040 -0.0187 30 0 0 0
0.5520 0.0053 -0.0197 30 0 0 0
0.5500 0.0053 -0.0197 30 0 0 0
0.5520 0.0067 -0.0187 30 0 0 0
0.5360 0.0056 -0.0196 30 0 0 0
0.5440 0.0056 -0.0196 30 0 0 0
0.5440 0.0056 -0.0196 30 0 0 0
0.5620 0.0034 -0.0206 30 0 0 0
0.5620 0.0034 -0.0206 30 0 0 0
0.5620 0.0034 -0.0206 30 0 0 0
0.5620 0.0034 -0.0206 30 0 0 0
0.5620 0.0034 -0.0206 30 0 0 0
0.5400 0.0013 -0.0191 30 0 0 0
0.5400 0.0013 -0.0191 30 0 0 0
0.5720 0.0009 -0.0202 30 0 0 0
0.5720 0.0009 -0.0202 30 0 0 0
0.5720 0.0009 -0.0202 30 0 0 0
0.5720 0.0009 -0.0202 0 0 0 0
0.5660 0.0023 -0.0158 30 0 0 0
0.5640 0.0025 -0.0161 30 0 0 0
0.5580 0.0008 -0.0162 30 0 0 0
0.5580 0.0008 -0.0162 30 0 0 0
0.5540 0.0014 -0.0154 30 0 0 0
0.5480 0.0015 -0.0158 30 0 0 0
0.5620 0.0023 -0.0147 30 0 0 0
0.5620 0.0023 -0.0147 30 0 0 0
0.5620 0.0023 -0.0147 30 0 0 0
0.5560 0.0032 -0.0149 30 0 0 0
0.5560 0.0032 -0.0149 30 0 0 0
0.5560 0.0040 -0.0144 30 0 0 0
0.5540 0.0040 -0.0144 30 0 0 0
0.5540 0.0040 -0.0144 30 0 0 0
0.5540 0.0040 -0.0144 30 0 0 0
0.5540 0.0040 -0.0144 30 0 0 0
0.5540 0.0040 -0.0144 0 0 0 0
0.5520 0.0037 -0.0142 30 0 0 0
0.5500 0.0030 -0.0132 30 0 0 0
0.5620 0.0026 -0.0134 30 0 0 0
0.5740 0.0025 -0.0124 30 0 0 0
0.5800 0.0029 -0.0108 30 0 0 0
0.5800 0.0029 -0.0108 30 0 0 0
0.5800 0.0029 -0.0108 30 0 0 0
0.5680 0.0037 -0.0103 30 0 0 0
0.5680 0.0037 -0.0103 30 0 0 0
0.5680 0.0037 -0.0103 30 0 0 0
0.5680 0.0037 -0.0103 30 0 0 0
0.5680 0.0044 -0.0103 30 0 0 0
0.5680 0.0044 -0.0103 30 0 0 0
0.5680 0.0044 -0.0103 30 0 0 0
0.5720 0.0042 -0.0101 30 0 0 0
0.5720 0.0042 -0.0101 0 0 0 0
0.5500 0.0026 -0.0097 30 0 0 0
0.5820 0.0031 -0.0083 30 0 0 0
0.5660 0.0032 -0.0078 30 0 0 0
0.5860 0.0034 -0.0069 30 0 0 0
0.5760 0.0031 -0.0058 30 0 0 0
0.5660 0.0032 -0.0054 30 0 0 0
0.5660 0.0032 -0.0054 30 0 0 0
0.5680 0.0036 -0.0040 30 0 0 0
0.5680 0.0036 -0.0040 30 0 0 0
0.5680 0.0036 -0.0040 30 0 0 0
0.5680 0.0036 -0.0040 30 0 0 0
0.5700 0.0042 -0.0038 30 0 0 0
0.5700 0.0042 -0.0038 30 0 0 0
0.5700 0.0042 -0.0038 30 0 0 0
0.5700 0.0042 -0.0038 30 0 0 0
0.5640 0.0050 -0.0028 30 0 0 0
0.5640 0.0050 -0.0028 30 0 0 0
0.5640 0.0050 -0.0028 30 0 0 0
0.5640 0.0050 -0.0028 30 0 0 0
0.5640 0.0050 -0.0028 30 0 0 0
0.5640 0.0050 -0.0028 30 0 0 0
0.5700 0.0050 -0.0029 30 0 0 0
0.5700 0.0050 -0.0029 30 0 0 0
0.5700 0.0050 -0.0029 30 0 0 0
0.5780 0.0046 -0.0029 30 0 0 0
0.5780 0.0046 -0.0029 30 0 0 0
0.5780 0.0046 -0.0029 30 0 0 0
0.5780 0.0046 -0.0029 30 0 0 0
0.5580 0.0038 -0.0026 30 0 0 0
0.5580 0.0038 -0.0026 30 0 0 0
0.5580 0.0038 -0.0026 30 0 0 0
0.5580 0.0031 -0.0026 30 0 0 0
0.5580 0.0031 -0.0026 30 0 0 0
0.5580 0.0031 -0.0026 30 0 0 0
0.5580 0.0031 -0.0026 30 0 0 0
0.5600 0.0030 -0.0022 30 0 0 0
0.5600 0.0030 -0.0022 30 0 0 0
0.5600 0.0030 -0.0022 30 0 0 0
0.5600 0.0030 -0.0022 30 0 0 0
0.5600 0.0031 -0.0019 30 0 0 0
0.5600 0.0031 -0.0019 0 0 0 0
0.5620 0.0034 0.0005 30 0 0 0
0.5660 0.0034 0.0015 30 0 0 0
0.5660 0.0036 0.0015 30 0 0 0
0.5700 0.0041 0.0001 30 0 0 0
0.5680 0.0047 -0.0013 30 0 0 0
0.5680 0.0047 -0.0013 30 0 0 0
0.5620 0.0056 -0.0012 30 0 0 0
0.5620 0.0056 -0.0012 30 0 0 0
0.5620 0.0056 -0.0012 30 0 0 0
0.5660 0.0058 -0.0020 30 0 0 0
0.5660 0.0058 -0.0020 30 0 0 0
0.5660 0.0058 -0.0020 30 0 0 0
0.5660 0.0058 -0.0020 30 0 0 0
0.5660 0.0058 -0.0020 30 0 0 0
0.5660 0.0058 -0.0020 30 0 0 0
0.5660 0.0058 -0.0020 30 0 0 0
0.5660 0.0058 -0.0020 30 0 0 0
0.5660 0.0058 -0.0020 30 0 0 0
0.5660 0.0058 -0.0020 30 0 0 0
0.5660 0.0058 -0.0020 30 0 0 0
0.5660 0.0055 -0.0020 30 0 0 0
0.5620 0.0055 -0.0020 30 0 0 0
0.5520 0.0052 -0.0014 30 0 0 0
0.5540 0.0050 -0.0016 30 0 0 0
0.5540 0.0050 -0.0016 30 0 0 0
0.5540 0.0050 -0.0016 30 0 0 0
0.5740 0.0053 -0.0018 30 0 0 0
0.5740 0.0053 -0.0018 30 0 0 0
0.5740 0.0053 -0.0018 30 0 0 0
0.5740 0.0053 -0.0018 30 0 0 0
0.5740 0.0053 -0.0018 30 0 0 0
0.5560 0.0057 -0.0020 30 0 0 0
0.5560 0.0057 -0.0020 30 0 0 0
0.5560 0.0057 -0.0020 30 0 0 0
0.5580 0.0063 -0.0019 30 0 0 0
0.5580 0.0063 -0.0019 30 0 0 0
0.5580 0.0063 -0.0019 30 0 0 0
0.5580 0.0063 -0.0019 30 0 0 0
0.5580 0.0065 -0.0022 30 0 0 0
0.5580 0.0065 -0.0022 30 0 0 0
0.5580 0.0065 -0.0022 30 0 0 0
0.5580 0.0065 -0.0022 30 0 0 0
0.5580 0.0065 -0.0022 30 0 0 0
0.5580 0.0065 -0.0022 30 0 0 0
0.5580 0.0065 -0.0022 30 0 0 0
0.5580 0.0065 -0.0022 30 0 0 0
0.5580 0.0065 -0.0022 30 0 0 0
0.5580 0.0065 -0.0022 30 0 0 0
0.5600 0.0067 -0.0021 30 0 0 0
0.5600 0.0067 -0.0021 30 0 0 0
0.5400 0.0067 -0.0018 30 0 0 0
0.5700 0.0069 -0.0025 30 0 0 0
0.5700 0.0069 -0.0025 30 0 0 0
0.5700 0.0069 -0.0025 30 0 0 0
0.5700 0.0069 -0.0025 30 0 0 0
0.5800 0.0072 -0.0034 30 0 0 0
0.5800 0.0072 -0.0034 30 0 0 0
0.5800 0.0072 -0.0034 30 0 0 0
0.5800 0.0072 -0.0036 30 0 0 0
0.5440 0.0072 -0.0036 30 0 0 0
0.5440 0.0072 -0.0036 30 0 0 0
0.5440 0.0072 -0.0036 30 0 0 0
0.5440 0.0072 -0.0036 30 0 0 0
0.5500 0.0073 -0.0031 30 0 0 0
0.5500 0.0073 -0.0031 30 0 0 0
0.5500 0.0073 -0.0031 30 0 0 0
0.5500 0.0073 -0.0031 30 0 0 0
0.5500 0.0073 -0.0031 30 0 0 0
0.5500 0.0073 -0.0031 30 0 0 0
0.5500 0.0073 -0.0031 30 0 0 0
0.5500 0.0073 -0.0031 30 0 0 0
0.5500 0.0073 -0.0031 30 0 0 0
0.5500 0.0073 -0.0031 30 0 0 0
0.5500 0.0073 -0.0031 30 0 0 0
0.5660 0.0076 -0.0033 30 0 0 0
0.5660 0.0076 -0.0033 30 0 0 0
0.5660 0.0076 -0.0033 30 0 0 0
0.5660 0.0076 -0.0033 30 0 0 0
0.5660 0.0076 -0.0033 30 0 0 0
0.5460 0.0081 -0.0042 30 0 0 0
0.5520 0.0084 -0.0039 30 0 0 0
0.5580 0.0082 -0.0039 30 0 0 0
0.5580 0.0082 -0.0039 30 0 0 0
0.5840 0.0080 -0.0038 30 0 0 0
0.5840 0.0080 -0.0038 30 0 0 0
0.5840 0.0080 -0.0038 30 0 0 0
0.5660 0.0078 -0.0042 30 0 0 0
0.5660 0.0078 -0.0042 30 0 0 0
0.5660 0.0078 -0.0042 30 0 0 0
0.5660 0.0078 -0.0042 30 0 0 0
0.5660 0.0078 -0.0042 30 0 0 0
0.5660 0.0078 -0.0042 30 0 0 0
0.5520 0.0075 -0.0042 30 0 0 0
0.5520 0.0075 -0.0042 30 0 0 0
0.5520 0.0075 -0.0042 30 0 0 0
0.5520 0.0075 -0.0042 30 0 0 0
0.5500 0.0070 -0.0044 30 0 0 0
0.5500 0.0070 -0.0044 30 0 0 0
0.5500 0.0070 -0.0044 30 0 0 0
0.5500 0.0070 -0.0044 30 0 0 0
0.5500 0.0070 -0.0044 30 0 0 0
0.5460 0.0064 -0.0048 30 0 0 0
0.5460 0.0064 -0.0048 30 0 0 0
0.5460 0.0064 -0.0048 30 0 0 0
0.5560 0.0066 -0.0056 30 0 0 0
0.5560 0.0066 -0.0056 30 0 0 0
0.5560 0.0066 -0.0056 30 0 0 0
0.5480 0.0070 -0.0043 30 0 0 0
0.5480 0.0070 -0.0043 30 0 0 0
0.5480 0.0070 -0.0043 30 0 0 0
0.5520 0.0072 -0.0040 30 0 0 0
0.5520 0.0072 -0.0040 30 0 0 0
0.5520 0.0072 -0.0040 30 0 0 0
0.5520 0.0072 -0.0040 30 0 0 0
0.5520 0.0072 -0.0040 30 0 0 0
0.5580 0.0067 -0.0048 30 0 0 0
0.5580 0.0067 -0.0048 30 0 0 0
0.5600 0.0061 -0.0049 30 0 0 0
0.5600 0.0061 -0.0049 30 0 0 0
0.5600 0.0061 -0.0049 30 0 0 0
0.5600 0.0061 -0.0049 30 0 0 0
0.5500 0.0053 -0.0047 30 0 0 0
0.5500 0.0053 -0.0047 30 0 0 0
0.5500 0.0053 -0.0047 30 0 0 0
0.5500 0.0053 -0.0047 30 0 0 0
0.5500 0.0053 -0.0047 30 0 0 0
0.5500 0.0053 -0.0047 30 0 0 0
0.5500 0.0053 -0.0047 30 0 0 0
0.5500 0.0053 -0.0047 30 0 0 0
0.5500 0.0053 -0.0047 30 0 0 0
0.5500 0.0053 -0.0047 30 0 0 0
0.5500 0.0053 -0.0047 30 0 0 0
0.5680 0.0047 -0.0043 30 0 0 0
0.5680 0.0046 -0.0040 30 0 0 0
0.5620 0.0046 -0.0040 30 0 0 0
0.5800 0.0049 -0.0035 30 0 0 0
0.5800 0.0049 -0.0035 30 0 0 0
0.5800 0.0049 -0.0035 30 0 0 0
0.5800 0.0049 -0.0035 30 0 0 0
0.5780 0.0052 -0.0026 30 0 0 0
0.5780 0.0052 -0.0026 30 0 0 0
0.5800 0.0050 -0.0020 30 0 0 0
0.5800 0.0050 -0.0020 30 0 0 0
0.5800 0.0050 -0.0020 30 0 0 0
0.5800 0.0050 -0.0020 30 0 0 0
0.5800 0.0050 -0.0020 30 0 0 0
0.5880 0.0047 -0.0012 30 0 0 0
0.5880 0.0047 -0.0012 30 0 0 0
0.5880 0.0047 -0.0012 30 0 0 0
0.5880 0.0047 -0.0012 30 0 0 0
0.5880 0.0047 -0.0012 30 0 0 0
0.5880 0.0035 -0.0002 30 0 0 0
0.5620 0.0035 -0.0002 30 0 0 0
0.5620 0.0035 -0.0002 30 0 0 0
0.5620 0.0035 -0.0002 30 0 0 0
0.5620 0.0035 -0.0002 30 0 0 0
0.5620 0.0035 -0.0002 30 0 0 0
0.5620 0.0035 -0.0002 30 0 0 0
0.5620 0.0035 -0.0002 30 0 0 0
0.5560 0.0027 -0.0001 30 0 0 0
0.5560 0.0027 -0.0001 30 0 0 0
0.5560 0.0027 -0.0001 30 0 0 0
0.5580 0.0023 0.0009 30 0 0 0
0.5580 0.0024 0.0010 30 0 0 0
0.5580 0.0024 0.0010 30 0 0 0
0.5700 0.0027 0.0012 30 0 0 0
0.5700 0.0027 0.0012 30 0 0 0
0.5700 0.0027 0.0012 30 0 0 0
0.5700 0.0027 0.0012 30 0 0 0
0.5700 0.0027 0.0012 30 0 0 0
0.5620 0.0030 0.0010 30 0 0 0
0.5620 0.0030 0.0010 0 0 0 0
0.5780 0.0066 -0.0026 30 0 0 0
0.5800 0.0066 -0.0026 30 0 0 0
0.5520 0.0055 -0.0026 30 0 0 0
0.5520 0.0048 -0.0023 30 0 0 0
0.5560 0.0042 -0.0046 30 0 0 0
0.5860 0.0043 -0.0046 30 0 0 0
0.5860 0.0043 -0.0046 30 0 0 0
0.5880 0.0044 -0.0047 30 0 0 0
0.5880 0.0044 -0.0047 30 0 0 0
0.5880 0.0044 -0.0047 30 0 0 0
0.5760 0.0044 -0.0055 30 0 0 0
0.5760 0.0044 -0.0055 30 0 0 0
0.5780 0.0044 -0.0054 30 0 0 0
0.5780 0.0044 -0.0054 30 0 0 0
0.5780 0.0044 -0.0054 30 0 0 0
0.5780 0.0044 -0.0054 30 0 0 0
0.5780 0.0044 -0.0054 30 0 0 0
0.5780 0.0044 -0.0054 30 0 0 0
0.5880 0.0041 -0.0052 30 0 0 0
0.5880 0.0041 -0.0052 0 0 0 0
0.5780 0.0053 -0.0070 30 0 0 0
0.5780 0.0057 -0.0070 30 0 0 0
0.5780 0.0057 -0.0070 30 0 0 0
0.5780 0.0057 -0.0070 30 0 0 0
0.5780 0.0057 -0.0070 30 0 0 0
0.5780 0.0057 -0.0070 30 0 0 0
0.5780 0.0057 -0.0070 30 0 0 0
0.5780 0.0057 -0.0070 30 0 0 0
0.5720 0.0054 -0.0071 30 0 0 0
0.5740 0.0044 -0.0066 30 0 0 0
0.5740 0.0038 -0.0066 30 0 0 0
0.5720 0.0038 -0.0066 30 0 0 0
0.5740 0.0033 -0.0064 30 0 0 0
0.5620 0.0036 -0.0077 30 0 0 0
0.5620 0.0036 -0.0077 30 0 0 0
0.5760 0.0043 -0.0080 30 0 0 0
0.5540 0.0046 -0.0081 30 0 0 0
0.5540 0.0046 -0.0081 30 0 0 0
0.5540 0.0046 -0.0081 30 0 0 0
0.5540 0.0046 -0.0081 30 0 0 0
0.5540 0.0046 -0.0081 30 0 0 0
0.5540 0.0046 -0.0081 30 0 0 0
0.5580 0.0048 -0.0096 0 0 0 0
0.5660 0.0063 0.0067 30 0 0 0
0.5640 0.0065 0.0067 30 0 0 0
0.5640 0.0065 0.0067 30 0 0 0
0.5860 0.0053 0.0063 30 0 0 0
0.5860 0.0047 0.0072 30 0 0 0
0.5760 0.0058 0.0104 30 0 0 0
0.5700 0.0058 0.0104 30 0 0 0
0.5700 0.0057 0.0105 30 0 0 0
0.5700 0.0052 0.0100 30 0 0 0
0.5700 0.0045 0.0116 30 0 0 0
0.5660 0.0045 0.0116 30 0 0 0
0.5660 0.0045 0.0116 30 0 0 0
0.5820 0.0038 0.0116 30 0 0 0
0.5820 0.0038 0.0116 30 0 0 0
0.5820 0.0038 0.0116 30 0 0 0
0.5820 0.0038 0.0116 30 0 0 0
0.5700 0.0033 0.0127 30 0 0 0
0.5700 0.0033 0.0127 30 0 0 0
0.5700 0.0033 0.0127 0 0 0 0
0.5700 0.0033 0.0125 30 0 0 0
0.5600 0.0037 0.0135 30 0 0 0
0.5460 0.0045 0.0132 30 0 0 0
0.5680 0.0056 0.0137 30 0 0 0
0.5680 0.0056 0.0137 30 0 0 0
0.5700 0.0056 0.0136 30 0 0 0
0.5700 0.0056 0.0136 30 0 0 0
0.5700 0.0056 0.0136 30 0 0 0
0.5700 0.0056 0.0136 30 0 0 0
0.5740 0.0050 0.0140 30 0 0 0
0.5740 0.0050 0.0140 30 0 0 0
0.5740 0.0050 0.0140 30 0 0 0
0.5740 0.0050 0.0140 30 0 0 0
0.5740 0.0050 0.0140 30 0 0 0
0.5740 0.0040 0.0137 30 0 0 0
0.5540 0.0040 0.0137 30 0 0 0
0.5540 0.0040 0.0137 30 0 0 0
0.5620 0.0039 0.0142 30 0 0 0
0.5620 0.0039 0.0142 30 0 0 0
0.5620 0.0039 0.0142 30 0 0 0
0.5620 0.0039 0.0142 30 0 0 0
0.5620 0.0039 0.0142 30 0 0 0
0.5600 0.0037 0.0164 30 0 0 0
0.5600 0.0037 0.0164 30 0 0 0
0.5600 0.0037 0.0164 30 0 0 0
0.5600 0.0037 0.0164 30 0 0 0
0.5500 0.0038 0.0163 30 0 0 0
0.5500 0.0038 0.0163 30 0 0 0
0.5500 0.0038 0.0163 30 0 0 0
0.5500 0.0038 0.0163 30 0 0 0
0.5540 0.0043 0.0166 30 0 0 0
0.5540 0.0043 0.0166 30 0 0 0
0.5540 0.0043 0.0166 30 0 0 0
0.5540 0.0043 0.0166 30 0 0 0
0.5540 0.0043 0.0166 30 0 0 0
0.5620 0.0047 0.0156 30 0 0 0
0.5620 0.0047 0.0156 30 0 0 0
0.5620 0.0047 0.0156 30 0 0 0
0.5620 0.0047 0.0156 30 0 0 0
0.5400 0.0051 0.0155 30 0 0 0
0.5400 0.0051 0.0155 30 0 0 0
0.5780 0.0053 0.0151 30 0 0 0
0.5780 0.0053 0.0151 0 0 0 0
0.5660 0.0045 0.0121 30 0 0 0
0.5520 0.0041 0.0129 30 0 0 0
0.5600 0.0037 0.0123 30 0 0 0
0.5560 0.0034 0.0122 30 0 0 0
0.5500 0.0031 0.0134 30 0 0 0
0.5400 0.0031 0.0137 30 0 0 0
0.5400 0.0031 0.0137 30 0 0 0
0.5400 0.0031 0.0137 30 0 0 0
0.5240 0.0034 0.0128 30 0 0 0
0.5240 0.0034 0.0128 30 0 0 0
0.5240 0.0034 0.0128 30 0 0 0
0.5240 0.0034 0.0128 30 0 0 0
0.5240 0.0034 0.0128 30 0 0 0
0.5240 0.0034 0.0128 30 0 0 0
0.5240 0.0034 0.0128 0 0 0 0
0.5740 0.0036 0.0094 30 0 0 0
0.5580 0.0036 0.0094 30 0 0 0
0.5680 0.0027 0.0087 30 0 0 0
0.5680 0.0027 0.0087 30 0 0 0
0.5740 0.0027 0.0076 30 0 0 0
0.5760 0.0037 0.0069 30 0 0 0
0.5600 0.0041 0.0065 30 0 0 0
0.5460 0.0039 0.0066 30 0 0 0
0.5460 0.0039 0.0066 30 0 0 0
0.5460 0.0039 0.0066 30 0 0 0
0.5620 0.0037 0.0077 30 0 0 0
0.5620 0.0037 0.0077 30 0 0 0
0.5620 0.0037 0.0077 30 0 0 0
0.5620 0.0037 0.0077 30 0 0 0
0.5640 0.0040 0.0073 30 0 0 0
0.5640 0.0040 0.0073 30 0 0 0
0.5640 0.0040 0.0073 30 0 0 0
0.5640 0.0040 0.0073 30 0 0 0
0.5640 0.0040 0.0073 0 0 0 0
0.5760 0.0044 0.0057 30 0 0 0
0.5840 0.0046 0.0046 30 0 0 0
0.5760 0.0048 0.0054 30 0 0 0
0.5900 0.0052 0.0050 30 0 0 0
0.5800 0.0054 0.0048 30 0 0 0
0.5800 0.0054 0.0048 30 0 0 0
0.5800 0.0054 0.0048 30 0 0 0
0.5800 0.0054 0.0048 30 0 0 0
0.5700 0.0047 0.0049 30 0 0 0
0.5740 0.0043 0.0041 30 0 0 0
0.5760 0.0039 0.0043 30 0 0 0
0.5760 0.0039 0.0043 30 0 0 0
0.5760 0.0035 0.0049 30 0 0 0
0.5700 0.0035 0.0049 30 0 0 0
0.5700 0.0035 0.0049 30 0 0 0
0.5700 0.0035 0.0049 30 0 0 0
0.5800 0.0035 0.0047 30 0 0 0
0.5800 0.0035 0.0047 30 0 0 0
0.5800 0.0035 0.0047 30 0 0 0
0.5720 0.0036 0.0049 30 0 0 0
0.5720 0.0036 0.0049 30 0 0 0
0.5720 0.0036 0.0049 30 0 0 0
0.5720 0.0036 0.0049 30 0 0 0
0.5720 0.0036 0.0049 30 0 0 0
0.5720 0.0035 0.0048 30 0 0 0
0.5720 0.0035 0.0048 30 0 0 0
0.5720 0.0035 0.0048 30 0 0 0
0.5720 0.0035 0.0048 30 0 0 0
0.5720 0.0035 0.0048 30 0 0 0
0.5720 0.0035 0.0048 30 0 0 0
0.5720 0.0035 0.0048 30 0 0 0
0.5720 0.0035 0.0048 30 0 0 0
0.5720 0.0035 0.0048 30 0 0 0
0.5720 0.0035 0.0048 30 0 0 0
0.5720 0.0035 0.0048 30 0 0 0
0.5740 0.0031 0.0058 30 0 0 0
0.5620 0.0028 0.0056 30 0 0 0
0.5700 0.0025 0.0053 30 0 0 0
0.5700 0.0025 0.0053 30 0 0 0
0.5700 0.0025 0.0053 30 0 0 0
0.5620 0.0020 0.0050 30 0 0 0
0.5620 0.0020 0.0050 30 0 0 0
0.5620 0.0020 0.0050 30 0 0 0
0.5620 0.0020 0.0050 0 0 0 0
0.5600 0.0021 0.0063 30 0 0 0
0.5700 0.0027 0.0061 30 0 0 0
0.5600 0.0027 0.0048 30 0 0 0
0.5680 0.0021 0.0045 30 0 0 0
0.5540 0.0019 0.0051 30 0 0 0
0.5620 0.0024 0.0046 30 0 0 0
0.5620 0.0024 0.0046 30 0 0 0
0.5620 0.0025 0.0047 30 0 0 0
0.5900 0.0025 0.0047 30 0 0 0
0.5900 0.0025 0.0047 30 0 0 0
0.5900 0.0025 0.0047 30 0 0 0
0.5660 0.0025 0.0046 30 0 0 0
0.5660 0.0025 0.0046 30 0 0 0
0.5660 0.0025 0.0046 30 0 0 0
0.5660 0.0025 0.0046 30 0 0 0
0.5760 0.0028 0.0061 30 0 0 0
0.5760 0.0028 0.0061 30 0 0 0
0.5760 0.0028 0.0061 30 0 0 0
0.5760 0.0028 0.0061 30 0 0 0
0.5880 0.0033 0.0059 30 0 0 0
0.5880 0.0033 0.0059 30 0 0 0
0.5880 0.0033 0.0059 30 0 0 0
0.5880 0.0033 0.0059 30 0 0 0
0.5880 0.0033 0.0059 30 0 0 0
0.5800 0.0038 0.0062 30 0 0 0
0.5800 0.0038 0.0062 30 0 0 0
0.5800 0.0038 0.0062 30 0 0 0
0.5800 0.0038 0.0062 30 0 0 0
0.5760 0.0046 0.0072 30 0 0 0
0.5760 0.0046 0.0072 30 0 0 0
0.5760 0.0046 0.0072 30 0 0 0
0.5760 0.0046 0.0072 30 0 0 0
0.5520 0.0048 0.0073 30 0 0 0
0.5520 0.0048 0.0073 30 0 0 0
0.5520 0.0048 0.0073 30 0 0 0
0.5520 0.0048 0.0073 30 0 0 0
0.5660 0.0047 0.0060 30 0 0 0
0.5660 0.0047 0.0060 30 0 0 0
0.5660 0.0047 0.0060 30 0 0 0
0.5660 0.0047 0.0060 30 0 0 0
0.5780 0.0043 0.0059 30 0 0 0
0.5780 0.0043 0.0059 30 0 0 0
0.5780 0.0043 0.0059 30 0 0 0
0.5780 0.0043 0.0059 30 0 0 0
0.5840 0.0041 0.0048 30 0 0 0
0.5840 0.0041 0.0048 30 0 0 0
0.5840 0.0041 0.0048 30 0 0 0
0.5840 0.0041 0.0048 30 0 0 0
0.5820 0.0041 0.0053 30 0 0 0
0.5820 0.0041 0.0053 30 0 0 0
0.5820 0.0041 0.0053 30 0 0 0
0.5820 0.0041 0.0053 30 0 0 0
0.5820 0.0041 0.0053 30 0 0 0
0.5800 0.0045 0.0048 30 0 0 0
0.5800 0.0045 0.0048 30 0 0 0
0.5800 0.0045 0.0048 30 0 0 0
0.5720 0.0047 0.0048 30 0 0 0
0.5720 0.0047 0.0048 30 0 0 0
0.5720 0.0047 0.0048 0 0 0 0
0.5820 0.0026 0.0051 -30 0 0 0
0.5600 0.0020 0.0041 -30 0 0 0
0.5720 0.0019 0.0040 -30 0 0 0
0.5720 0.0019 0.0040 -30 0 0 0
0.5700 0.0021 0.0036 -30 0 0 0
0.5540 0.0031 0.0027 -30 0 0 0
0.5380 0.0034 0.0015 -30 0 0 0
0.5380 0.0034 0.0015 -30 0 0 0
0.5720 0.0030 0.0011 -30 0 0 0
0.5720 0.0030 0.0011 -30 0 0 0
0.5720 0.0030 0.0011 -30 0 0 0
0.5720 0.0030 0.0011 -30 0 0 0
0.5780 0.0020 0.0010 -30 0 0 0
0.5780 0.0020 0.0010 -30 0 0 0
0.5780 0.0020 0.0010 -30 0 0 0
0.5780 0.0020 0.0010 -30 0 0 0
0.5780 0.0020 0.0010 -30 0 0 0
0.5780 0.0020 0.0010 0 0 0 0
0.5900 0.0050 -0.0047 -30 0 0 0
0.5800 0.0052 -0.0052 -30 0 0 0
0.5920 0.0055 -0.0053 -30 0 0 0
0.5680 0.0053 -0.0058 -30 0 0 0
0.5900 0.0049 -0.0060 -30 0 0 0
0.5760 0.0046 -0.0073 -30 0 0 0
0.5700 0.0044 -0.0071 -30 0 0 0
0.5700 0.0044 -0.0071 -30 0 0 0
0.5740 0.0042 -0.0057 -30 0 0 0
0.5740 0.0042 -0.0057 -30 0 0 0
0.5740 0.0042 -0.0057 -30 0 0 0
0.5740 0.0042 -0.0057 -30 0 0 0
0.5700 0.0038 -0.0059 -30 0 0 0
0.5700 0.0038 -0.0059 -30 0 0 0
0.5700 0.0038 -0.0059 -30 0 0 0
0.5700 0.0038 -0.0059 -30 0 0 0
0.5700 0.0038 -0.0059 -30 0 0 0
0.5840 0.0041 -0.0046 0 0 0 0
0.5960 0.0054 -0.0036 -30 0 0 0
0.5920 0.0051 -0.0032 -30 0 0 0
0.5620 0.0040 -0.0027 -30 0 0 0
0.6060 0.0042 -0.0026 -30 0 0 0
0.5880 0.0051 -0.0029 -30 0 0 0
0.5820 0.0058 -0.0026 -30 0 0 0
0.5780 0.0063 -0.0023 -30 0 0 0
0.5780 0.0063 -0.0023 -30 0 0 0
0.5780 0.0063 -0.0023 -30 0 0 0
0.5880 0.0062 -0.0022 -30 0 0 0
0.5880 0.0062 -0.0022 -30 0 0 0
0.5880 0.0062 -0.0022 -30 0 0 0
0.5880 0.0062 -0.0022 -30 0 0 0
0.6020 0.0058 -0.0022 -30 0 0 0
0.6020 0.0058 -0.0022 -30 0 0 0
0.6020 0.0058 -0.0022 -30 0 0 0
0.6020 0.0052 -0.0026 0 0 0 0
0.5740 0.0074 -0.0032 -30 0 0 0
0.5760 0.0062 -0.0029 -30 0 0 0
0.5740 0.0048 -0.0028 -30 0 0 0
0.5960 0.0038 -0.0024 -30 0 0 0
0.5660 0.0047 -0.0024 -30 0 0 0
0.5660 0.0047 -0.0024 -30 0 0 0
0.5660 0.0047 -0.0024 -30 0 0 0
0.5840 0.0053 -0.0024 -30 0 0 0
0.5840 0.0053 -0.0024 -30 0 0 0
0.5840 0.0053 -0.0024 -30 0 0 0
0.5840 0.0052 -0.0023 -30 0 0 0
0.5800 0.0052 -0.0023 -30 0 0 0
0.5800 0.0052 -0.0023 -30 0 0 0
0.5800 0.0052 -0.0023 -30 0 0 0
0.5800 0.0052 -0.0023 -30 0 0 0
0.5920 0.0049 -0.0019 -30 0 0 0
0.5920 0.0049 -0.0019 -30 0 0 0
0.5920 0.0049 -0.0019 -30 0 0 0
0.5920 0.0049 -0.0019 0 0 0 0
