0.5800 0.0038 -0.0165 0 0 0 30
0.5840 0.0038 -0.0165 0 0 0 30
0.5780 0.0041 -0.0165 0 0 0 30
0.5840 0.0054 -0.0174 0 0 0 30
0.5620 0.0066 -0.0181 0 0 0 30
0.5800 0.0070 -0.0185 0 0 0 30
0.5620 0.0073 -0.0185 0 0 0 0
0.5540 0.0058 -0.0155 0 0 0 30
0.5520 0.0048 -0.0161 0 0 0 30
0.5520 0.0048 -0.0161 0 0 0 30
0.5640 0.0044 -0.0165 0 0 0 30
0.5620 0.0039 -0.0165 0 0 0 30
0.5900 0.0060 -0.0143 0 0 0 30
0.5560 0.0063 -0.0139 0 0 0 0
0.5720 0.0054 -0.0124 0 0 0 30
0.5740 0.0056 -0.0114 0 0 0 30
0.5600 0.0062 -0.0100 0 0 0 30
0.5600 0.0062 -0.0100 0 0 0 30
0.5480 0.0065 -0.0091 0 0 0 0
0.5860 0.0067 -0.0100 0 0 0 30
0.5540 0.0071 -0.0094 0 0 0 30
0.5440 0.0069 -0.0084 0 0 0 30
0.5540 0.0061 -0.0092 0 0 0 30
0.5440 0.0060 -0.0093 0 0 0 30
0.5440 0.0060 -0.0093 0 0 0 30
0.5440 0.0060 -0.0093 0 0 0 0
