0.5840 0.0022 -0.0185 0 0 0 30
0.5660 0.0022 -0.0185 0 0 0 30
0.5700 0.0024 -0.0187 0 0 0 30
0.5620 0.0026 -0.0183 0 0 0 30
0.5720 0.0023 -0.0172 0 0 0 30
0.5640 0.0039 -0.0174 0 0 0 30
0.5640 0.0039 -0.0174 0 0 0 0
0.5620 0.0032 -0.0150 0 0 0 30
0.5720 0.0035 -0.0137 0 0 0 30
0.5740 0.0044 -0.0122 0 0 0 30
0.5600 0.0061 -0.0115 0 0 0 30
0.5800 0.0071 -0.0114 0 0 0 30
0.5800 0.0071 -0.0114 0 0 0 30
0.5720 0.0078 -0.0115 0 0 0 0
0.5880 0.0075 -0.0127 0 0 0 30
0.5880 0.0074 -0.0128 0 0 0 30
0.5600 0.0074 -0.0128 0 0 0 30
0.5600 0.0068 -0.0108 0 0 0 30
0.5640 0.0065 -0.0092 0 0 0 30
0.5680 0.0066 -0.0081 0 0 0 0
0.5680 0.0050 -0.0031 0 0 0 30
0.5620 0.0056 -0.0020 0 0 0 30
0.5680 0.0062 -0.0021 0 0 0 30
0.5500 0.0065 -0.0017 0 0 0 30
0.5580 0.0068 -0.0008 0 0 0 0
0.5560 0.0062 0.0060 30 0 0 0
0.5640 0.0062 0.0060 30 0 0 0
0.5760 0.0071 0.0066 30 0 0 0
0.5600 0.0072 0.0062 30 0 0 0
0.5600 0.0072 0.0062 30 0 0 0
0.5540 0.0076 0.0102 30 0 0 0
0.5940 0.0077 0.0086 30 0 0 0
0.5860 0.0078 0.0088 30 0 0 0
0.5860 0.0078 0.0088 30 0 0 0
0.5800 0.0078 0.0098 30 0 0 0
0.5800 0.0078 0.0098 0 0 0 0
