0.6376 0.0043 0.0280 0 0 0 -30
0.6640 0.0047 0.0301 0 0 0 -30
0.7063 0.0039 0.0312 0 0 0 0
0.6640 0.0042 0.0310 0 0 0 -30
0.6667 0.0056 0.0271 0 0 0 -30
0.6667 0.0050 0.0263 0 0 0 0
0.6693 0.0052 0.0256 0 0 0 -30
0.6534 0.0051 0.0263 0 0 0 -30
0.6587 0.0045 0.0269 0 0 0 0
0.6799 0.0062 0.0263 0 0 0 -30
0.6587 0.0058 0.0237 0 0 0 0
0.6772 0.0063 0.0253 0 0 0 -30
0.6667 0.0067 0.0266 0 0 0 0
0.6799 0.0073 0.0244 0 0 0 -30
0.6905 0.0068 0.0198 0 0 0 0
0.6799 0.0073 0.0170 0 0 0 -30
0.6905 0.0075 0.0153 0 0 0 -30
0.6693 0.0075 0.0147 0 0 0 0
0.6746 0.0064 0.0126 0 0 0 -30
0.7116 0.0058 0.0078 0 0 0 -30
0.6720 0.0068 0.0072 0 0 0 -30
0.6825 0.0064 0.0065 0 0 0 0
0.7222 0.0059 -0.0034 0 0 -30 0
0.7090 0.0057 -0.0030 0 0 -30 0
0.7169 0.0053 -0.0051 0 0 -30 0
0.6931 0.0044 -0.0040 0 0 0 0
0.6772 0.0053 -0.0034 0 0 -30 0
0.6799 0.0060 -0.0028 0 0 0 0
0.6614 0.0055 -0.0036 0 0 -30 0
0.7011 0.0030 -0.0056 0 0 -30 0
