0.5980 0.0077 0.0766 0 0 0 -30
0.5960 0.0075 0.0763 0 0 0 -30
0.5820 0.0074 0.0819 0 0 0 -30
0.5820 0.0074 0.0819 0 0 0 -30
0.5900 0.0074 0.0770 0 0 0 -30
0.5840 0.0063 0.0772 0 0 0 -30
0.5840 0.0063 0.0772 0 0 0 -30
0.5960 0.0056 0.0787 0 0 0 -30
0.5960 0.0049 0.0839 0 0 0 0
0.5940 0.0044 0.0899 0 0 0 -30
0.6180 0.0044 0.0899 0 0 0 -30
0.6040 0.0056 0.0892 0 0 0 -30
0.6040 0.0050 0.0894 0 0 0 -30
0.6020 0.0050 0.0894 0 0 0 0
0.6140 0.0108 0.0755 0 0 0 -30
0.6040 0.0108 0.0755 0 0 0 -30
0.6220 0.0101 0.0809 0 0 0 -30
0.6220 0.0092 0.0814 0 0 0 0
0.5920 0.0097 0.0696 0 0 0 0
0.5860 0.0067 0.0695 0 0 0 -30
0.6040 0.0067 0.0695 0 0 0 -30
0.6040 0.0059 0.0692 0 0 0 -30
0.6040 0.0052 0.0688 0 0 0 -30
0.6000 0.0052 0.0688 0 0 0 0
0.5740 0.0032 0.0645 30 0 0 0
0.5920 0.0026 0.0654 30 0 0 0
0.5920 0.0032 0.0654 30 0 0 0
0.6260 0.0032 0.0654 30 0 0 0
0.6260 0.0015 0.0649 30 0 0 0
0.6020 0.0015 0.0649 30 0 0 0
0.6160 0.0016 0.0661 30 0 0 0
0.6020 0.0033 0.0662 30 0 0 0
0.6020 0.0035 0.0685 30 0 0 0
0.5720 0.0028 0.0686 30 0 0 0
0.5720 0.0028 0.0686 30 0 0 0
0.5720 0.0028 0.0686 30 0 0 0
0.5940 0.0020 0.0652 30 0 0 0
0.5940 0.0020 0.0652 30 0 0 0
0.5940 0.0020 0.0652 30 0 0 0
0.5940 0.0020 0.0652 30 0 0 0
0.5940 0.0026 0.0647 30 0 0 0
0.5980 0.0026 0.0647 30 0 0 0
0.5980 0.0026 0.0647 30 0 0 0
0.5980 0.0026 0.0647 30 0 0 0
0.5980 0.0026 0.0647 30 0 0 0
0.5900 0.0038 0.0670 30 0 0 0
0.5900 0.0038 0.0670 30 0 0 0
0.5900 0.0038 0.0670 0 0 0 0
0.6300 0.0054 0.0654 30 0 0 0
0.5960 0.0056 0.0653 30 0 0 0
0.5920 0.0056 0.0624 30 0 0 0
0.5860 0.0055 0.0620 30 0 0 0
0.5860 0.0055 0.0620 30 0 0 0
0.6020 0.0049 0.0624 30 0 0 0
0.6020 0.0049 0.0624 30 0 0 0
0.6020 0.0049 0.0624 30 0 0 0
0.6020 0.0049 0.0624 30 0 0 0
0.5980 0.0041 0.0621 30 0 0 0
0.5980 0.0041 0.0621 30 0 0 0
0.5980 0.0041 0.0621 30 0 0 0
0.6100 0.0039 0.0635 30 0 0 0
0.6100 0.0039 0.0635 30 0 0 0
0.6100 0.0039 0.0635 0 0 0 0
0.6100 0.0037 0.0600 30 0 0 0
0.6200 0.0038 0.0606 30 0 0 0
0.6200 0.0038 0.0606 30 0 0 0
0.6200 0.0039 0.0611 30 0 0 0
0.5880 0.0048 0.0618 30 0 0 0
0.6060 0.0061 0.0641 30 0 0 0
0.5960 0.0068 0.0637 30 0 0 0
0.5920 0.0069 0.0640 30 0 0 0
0.5920 0.0069 0.0640 30 0 0 0
0.5920 0.0069 0.0640 30 0 0 0
0.5920 0.0069 0.0640 30 0 0 0
0.5980 0.0069 0.0627 30 0 0 0
0.5980 0.0069 0.0627 30 0 0 0
0.5980 0.0069 0.0627 30 0 0 0
0.5980 0.0069 0.0627 30 0 0 0
0.6200 0.0065 0.0630 30 0 0 0
0.6200 0.0065 0.0630 30 0 0 0
0.6200 0.0065 0.0630 30 0 0 0
0.6200 0.0065 0.0630 0 0 0 0
0.6100 0.0090 0.0699 0 30 0 0
0.5920 0.0105 0.0708 0 30 0 0
0.5900 0.0109 0.0729 0 30 0 0
0.5900 0.0104 0.0724 0 30 0 0
0.5960 0.0096 0.0733 0 30 0 0
0.5960 0.0091 0.0740 0 30 0 0
0.5900 0.0091 0.0751 0 30 0 0
0.6000 0.0093 0.0760 0 30 0 0
0.6000 0.0093 0.0760 0 30 0 0
0.6000 0.0093 0.0760 0 30 0 0
0.6000 0.0093 0.0760 0 30 0 0
0.6100 0.0095 0.0733 0 30 0 0
0.6100 0.0095 0.0733 0 30 0 0
0.6100 0.0095 0.0733 0 30 0 0
0.6100 0.0095 0.0733 0 30 0 0
0.6100 0.0095 0.0733 0 30 0 0
0.6100 0.0095 0.0733 0 30 0 0
0.5900 0.0091 0.0738 0 30 0 0
0.5900 0.0091 0.0738 0 0 0 0
0.5980 0.0086 0.0725 0 30 0 0
0.5800 0.0080 0.0729 0 30 0 0
0.6040 0.0073 0.0737 0 30 0 0
0.5720 0.0071 0.0764 0 30 0 0
0.5720 0.0071 0.0764 0 30 0 0
0.5720 0.0071 0.0764 0 30 0 0
0.5720 0.0071 0.0764 0 30 0 0
0.5780 0.0069 0.0773 0 30 0 0
0.5780 0.0069 0.0773 0 30 0 0
0.5780 0.0069 0.0773 0 30 0 0
0.5780 0.0069 0.0773 0 30 0 0
0.5780 0.0069 0.0773 0 30 0 0
0.5940 0.0063 0.0761 0 30 0 0
0.5940 0.0063 0.0761 0 30 0 0
0.5940 0.0063 0.0761 0 30 0 0
0.5800 0.0063 0.0753 0 30 0 0
0.5800 0.0063 0.0753 0 30 0 0
0.5800 0.0063 0.0753 0 30 0 0
0.5800 0.0063 0.0753 0 30 0 0
0.5760 0.0067 0.0754 0 30 0 0
0.5760 0.0067 0.0754 0 30 0 0
0.5760 0.0067 0.0754 0 30 0 0
0.5760 0.0067 0.0754 0 30 0 0
0.5760 0.0067 0.0754 0 30 0 0
0.5720 0.0075 0.0751 0 30 0 0
0.5720 0.0075 0.0751 0 30 0 0
0.5720 0.0075 0.0751 0 30 0 0
0.5880 0.0081 0.0721 0 30 0 0
0.5880 0.0081 0.0721 0 30 0 0
0.5880 0.0081 0.0721 0 30 0 0
0.5880 0.0081 0.0721 0 30 0 0
0.5820 0.0086 0.0745 0 30 0 0
0.5820 0.0086 0.0745 0 30 0 0
0.5820 0.0086 0.0745 0 30 0 0
0.5820 0.0086 0.0745 0 30 0 0
0.5820 0.0086 0.0745 0 30 0 0
0.5820 0.0086 0.0745 0 30 0 0
0.5900 0.0090 0.0777 0 30 0 0
0.5900 0.0090 0.0777 0 0 0 0
0.5920 0.0105 0.0801 0 30 0 0
0.6060 0.0109 0.0809 0 30 0 0
0.5900 0.0104 0.0710 0 30 0 0
0.5860 0.0095 0.0726 0 30 0 0
0.5860 0.0095 0.0726 0 30 0 0
0.5880 0.0077 0.0727 0 30 0 0
0.5880 0.0077 0.0727 0 30 0 0
0.5880 0.0077 0.0727 0 30 0 0
0.5880 0.0071 0.0740 0 30 0 0
0.5880 0.0071 0.0740 0 30 0 0
0.5880 0.0071 0.0740 0 30 0 0
0.5880 0.0066 0.0749 0 30 0 0
0.5960 0.0066 0.0749 0 30 0 0
0.5960 0.0066 0.0749 0 30 0 0
0.5960 0.0066 0.0749 0 30 0 0
0.5960 0.0066 0.0749 0 0 0 0
0.5960 0.0058 0.0705 0 30 0 0
0.5980 0.0058 0.0705 0 30 0 0
0.5980 0.0058 0.0705 0 30 0 0
0.6000 0.0055 0.0682 0 30 0 0
0.5760 0.0054 0.0649 0 30 0 0
0.5840 0.0056 0.0649 0 30 0 0
0.5900 0.0060 0.0645 0 30 0 0
0.5900 0.0062 0.0618 0 30 0 0
0.6240 0.0062 0.0618 0 30 0 0
0.6240 0.0062 0.0618 0 30 0 0
0.6240 0.0062 0.0618 0 30 0 0
0.6240 0.0062 0.0618 0 30 0 0
0.6240 0.0062 0.0618 0 30 0 0
0.6000 0.0063 0.0636 0 30 0 0
0.6000 0.0063 0.0636 0 30 0 0
0.6000 0.0063 0.0636 0 30 0 0
0.6080 0.0064 0.0637 0 30 0 0
0.6080 0.0064 0.0637 0 30 0 0
0.6080 0.0064 0.0637 0 30 0 0
0.6080 0.0064 0.0637 0 30 0 0
0.6080 0.0064 0.0637 0 30 0 0
0.6000 0.0065 0.0630 0 30 0 0
0.6000 0.0065 0.0630 0 30 0 0
0.6000 0.0065 0.0630 0 0 0 0
0.5700 0.0087 0.0261 0 30 0 0
0.5760 0.0090 0.0284 0 30 0 0
0.5940 0.0095 0.0152 0 30 0 0
0.5780 0.0097 0.0161 0 30 0 0
0.6020 0.0099 0.0024 0 30 0 0
0.5920 0.0100 0.0015 0 30 0 0
0.5920 0.0100 0.0015 0 30 0 0
0.6020 0.0099 -0.0106 0 30 0 0
0.6020 0.0099 -0.0106 0 30 0 0
0.5820 0.0097 -0.0133 0 30 0 0
0.5820 0.0097 -0.0133 0 30 0 0
0.5820 0.0097 -0.0133 0 30 0 0
0.5820 0.0097 -0.0133 0 30 0 0
0.5820 0.0097 -0.0133 0 30 0 0
0.6020 0.0095 -0.0206 0 30 0 0
0.6020 0.0095 -0.0206 0 0 0 0
0.6020 0.0095 -0.0206 0 30 0 0
0.5960 0.0095 -0.0200 0 30 0 0
0.5860 0.0098 -0.0275 0 30 0 0
0.6020 0.0103 -0.0258 0 30 0 0
0.5980 0.0111 -0.0281 0 30 0 0
0.5980 0.0111 -0.0281 0 30 0 0
0.5980 0.0111 -0.0281 0 30 0 0
0.5980 0.0111 -0.0281 0 30 0 0
0.5980 0.0111 -0.0281 0 30 0 0
0.5980 0.0117 -0.0276 0 30 0 0
0.5760 0.0116 -0.0300 0 30 0 0
0.5820 0.0108 -0.0279 0 30 0 0
0.5820 0.0097 -0.0323 0 30 0 0
0.5820 0.0097 -0.0323 0 30 0 0
0.5820 0.0097 -0.0323 0 30 0 0
0.5820 0.0097 -0.0323 0 0 0 0
0.5800 0.0084 -0.0303 0 30 0 0
0.5860 0.0086 -0.0280 0 30 0 0
0.5860 0.0095 -0.0254 0 30 0 0
0.5980 0.0104 -0.0223 0 30 0 0
0.6000 0.0108 -0.0221 0 30 0 0
0.6000 0.0108 -0.0221 0 30 0 0
0.5920 0.0106 -0.0171 0 30 0 0
0.5920 0.0106 -0.0171 0 30 0 0
0.5920 0.0106 -0.0171 0 30 0 0
0.5920 0.0106 -0.0171 0 30 0 0
0.6120 0.0103 -0.0159 0 30 0 0
0.6120 0.0103 -0.0159 0 30 0 0
0.5880 0.0101 -0.0149 0 30 0 0
0.5880 0.0101 -0.0149 0 0 0 0
0.5880 0.0096 -0.0140 0 30 0 0
0.5800 0.0095 -0.0140 0 30 0 0
0.5900 0.0100 -0.0133 0 30 0 0
0.5820 0.0112 -0.0126 0 30 0 0
0.5700 0.0119 -0.0117 0 30 0 0
0.6020 0.0114 -0.0115 0 30 0 0
0.6020 0.0114 -0.0115 0 30 0 0
0.6020 0.0114 -0.0115 0 30 0 0
0.6000 0.0098 -0.0097 0 30 0 0
0.6000 0.0098 -0.0097 0 30 0 0
0.6000 0.0098 -0.0097 0 30 0 0
0.6000 0.0098 -0.0097 0 30 0 0
0.6000 0.0098 -0.0097 0 30 0 0
0.5900 0.0080 -0.0099 0 30 0 0
0.5900 0.0070 -0.0110 0 30 0 0
0.5900 0.0070 -0.0110 0 30 0 0
0.5900 0.0070 -0.0110 0 30 0 0
0.5900 0.0070 -0.0110 0 30 0 0
0.5900 0.0070 -0.0110 0 30 0 0
0.5900 0.0070 -0.0110 0 30 0 0
0.5880 0.0062 -0.0105 0 30 0 0
0.5880 0.0062 -0.0105 0 30 0 0
0.5880 0.0062 -0.0105 0 30 0 0
0.5880 0.0062 -0.0105 0 0 0 0
0.5740 0.0069 -0.0044 0 30 0 0
0.5660 0.0077 -0.0035 0 30 0 0
0.5680 0.0080 -0.0021 0 30 0 0
0.5700 0.0068 -0.0006 0 30 0 0
0.5920 0.0050 -0.0006 0 30 0 0
0.5820 0.0033 -0.0011 0 30 0 0
0.5820 0.0033 -0.0011 0 30 0 0
0.6100 0.0025 -0.0019 0 30 0 0
0.6100 0.0025 -0.0019 0 30 0 0
0.6100 0.0025 -0.0019 0 30 0 0
0.6100 0.0025 -0.0019 0 30 0 0
0.5940 0.0025 0.0008 0 30 0 0
0.5940 0.0025 0.0008 0 30 0 0
0.5940 0.0025 0.0008 0 30 0 0
0.5940 0.0025 0.0008 0 0 0 0
0.5880 0.0030 0.0110 30 0 0 0
0.6000 0.0031 0.0157 30 0 0 0
0.6000 0.0031 0.0166 30 0 0 0
0.5820 0.0031 0.0166 30 0 0 0
0.5820 0.0033 0.0170 30 0 0 0
0.5880 0.0033 0.0170 30 0 0 0
0.5880 0.0035 0.0168 30 0 0 0
0.5940 0.0035 0.0168 30 0 0 0
0.5940 0.0035 0.0168 30 0 0 0
0.5980 0.0035 0.0176 30 0 0 0
0.5940 0.0033 0.0170 30 0 0 0
0.6040 0.0036 0.0177 30 0 0 0
0.6040 0.0036 0.0177 30 0 0 0
0.6040 0.0036 0.0177 30 0 0 0
0.6040 0.0036 0.0177 0 0 0 0
0.5940 0.0048 0.0199 30 0 0 0
0.5940 0.0048 0.0199 30 0 0 0
0.5940 0.0052 0.0208 30 0 0 0
0.5900 0.0057 0.0201 30 0 0 0
0.5900 0.0057 0.0201 30 0 0 0
0.5980 0.0064 0.0190 30 0 0 0
0.5980 0.0064 0.0190 30 0 0 0
0.5980 0.0064 0.0190 30 0 0 0
0.5980 0.0064 0.0190 30 0 0 0
0.5980 0.0065 0.0197 30 0 0 0
0.5960 0.0065 0.0197 30 0 0 0
0.5960 0.0065 0.0197 30 0 0 0
0.5960 0.0065 0.0197 30 0 0 0
0.5960 0.0060 0.0218 30 0 0 0
0.5860 0.0060 0.0218 30 0 0 0
0.5860 0.0060 0.0218 30 0 0 0
0.5860 0.0060 0.0218 30 0 0 0
0.5860 0.0051 0.0221 30 0 0 0
0.5960 0.0051 0.0221 30 0 0 0
0.5960 0.0051 0.0221 30 0 0 0
0.5960 0.0051 0.0221 30 0 0 0
0.5960 0.0051 0.0221 30 0 0 0
0.5900 0.0047 0.0233 30 0 0 0
0.5900 0.0047 0.0233 30 0 0 0
0.5900 0.0047 0.0233 0 0 0 0
0.6060 0.0045 0.0249 30 0 0 0
0.5980 0.0047 0.0321 30 0 0 0
0.6080 0.0047 0.0301 30 0 0 0
0.5880 0.0046 0.0341 30 0 0 0
0.5880 0.0046 0.0341 30 0 0 0
0.5880 0.0046 0.0341 30 0 0 0
0.6000 0.0048 0.0332 30 0 0 0
0.6000 0.0048 0.0332 30 0 0 0
0.6000 0.0048 0.0332 30 0 0 0
0.6000 0.0048 0.0332 30 0 0 0
0.5980 0.0051 0.0343 30 0 0 0
0.5980 0.0051 0.0343 30 0 0 0
0.5980 0.0051 0.0343 30 0 0 0
0.5980 0.0051 0.0343 30 0 0 0
0.5980 0.0051 0.0343 30 0 0 0
0.5980 0.0051 0.0343 30 0 0 0
0.5980 0.0051 0.0343 30 0 0 0
0.5980 0.0051 0.0343 30 0 0 0
0.6060 0.0058 0.0338 30 0 0 0
0.6200 0.0071 0.0346 30 0 0 0
0.6200 0.0071 0.0346 30 0 0 0
0.6200 0.0071 0.0346 30 0 0 0
0.5900 0.0081 0.0338 30 0 0 0
0.5900 0.0081 0.0338 30 0 0 0
0.5900 0.0081 0.0338 30 0 0 0
0.6080 0.0088 0.0382 30 0 0 0
0.6080 0.0088 0.0382 30 0 0 0
0.6080 0.0088 0.0382 30 0 0 0
0.6080 0.0088 0.0382 30 0 0 0
0.6060 0.0083 0.0378 30 0 0 0
0.6060 0.0083 0.0378 30 0 0 0
0.6060 0.0083 0.0378 30 0 0 0
0.6060 0.0083 0.0378 30 0 0 0
0.6060 0.0083 0.0378 30 0 0 0
0.6060 0.0083 0.0378 0 0 0 0
0.5920 0.0071 0.0398 30 0 0 0
0.5920 0.0074 0.0400 30 0 0 0
0.6080 0.0079 0.0367 30 0 0 0
0.6080 0.0079 0.0367 30 0 0 0
0.5880 0.0079 0.0370 30 0 0 0
0.5880 0.0079 0.0370 30 0 0 0
0.5880 0.0079 0.0370 30 0 0 0
0.5880 0.0079 0.0370 30 0 0 0
0.6100 0.0063 0.0424 30 0 0 0
0.6100 0.0063 0.0424 30 0 0 0
0.6100 0.0063 0.0424 30 0 0 0
0.6100 0.0063 0.0424 30 0 0 0
0.5860 0.0045 0.0435 30 0 0 0
0.5860 0.0045 0.0435 30 0 0 0
0.5860 0.0045 0.0435 30 0 0 0
0.5860 0.0045 0.0435 30 0 0 0
0.5920 0.0032 0.0466 30 0 0 0
0.5920 0.0032 0.0466 30 0 0 0
0.5920 0.0032 0.0466 30 0 0 0
0.5920 0.0032 0.0466 30 0 0 0
0.6140 0.0041 0.0468 30 0 0 0
0.6140 0.0041 0.0468 30 0 0 0
0.6140 0.0041 0.0468 30 0 0 0
0.6140 0.0041 0.0468 30 0 0 0
0.6140 0.0041 0.0468 30 0 0 0
0.5940 0.0055 0.0483 30 0 0 0
0.5940 0.0055 0.0483 30 0 0 0
0.5940 0.0055 0.0483 30 0 0 0
0.5940 0.0055 0.0483 30 0 0 0
0.5940 0.0055 0.0483 30 0 0 0
0.5940 0.0055 0.0483 30 0 0 0
0.5940 0.0055 0.0483 30 0 0 0
0.5940 0.0055 0.0483 30 0 0 0
0.5940 0.0055 0.0483 30 0 0 0
0.5940 0.0055 0.0483 30 0 0 0
0.5940 0.0055 0.0483 30 0 0 0
0.5940 0.0055 0.0483 30 0 0 0
0.6000 0.0063 0.0480 30 0 0 0
0.5980 0.0066 0.0509 30 0 0 0
0.5980 0.0066 0.0509 30 0 0 0
0.5760 0.0071 0.0502 30 0 0 0
0.5760 0.0071 0.0502 30 0 0 0
0.5760 0.0071 0.0502 30 0 0 0
0.5720 0.0081 0.0487 30 0 0 0
0.5720 0.0081 0.0487 30 0 0 0
0.5720 0.0081 0.0487 30 0 0 0
0.5720 0.0081 0.0487 30 0 0 0
0.5780 0.0083 0.0466 30 0 0 0
0.5780 0.0083 0.0466 30 0 0 0
0.5780 0.0083 0.0466 30 0 0 0
0.5780 0.0083 0.0466 30 0 0 0
0.5780 0.0083 0.0466 30 0 0 0
0.5720 0.0078 0.0450 30 0 0 0
0.5720 0.0078 0.0450 30 0 0 0
0.5720 0.0078 0.0450 30 0 0 0
0.5720 0.0078 0.0450 30 0 0 0
0.5720 0.0078 0.0450 30 0 0 0
0.5720 0.0078 0.0450 30 0 0 0
0.5720 0.0078 0.0450 30 0 0 0
0.5720 0.0078 0.0450 30 0 0 0
0.5720 0.0078 0.0450 30 0 0 0
0.5720 0.0078 0.0450 30 0 0 0
0.5720 0.0078 0.0450 30 0 0 0
0.5720 0.0078 0.0450 30 0 0 0
0.5720 0.0078 0.0450 30 0 0 0
0.5700 0.0070 0.0427 30 0 0 0
0.5700 0.0070 0.0427 30 0 0 0
0.5700 0.0070 0.0427 30 0 0 0
0.5700 0.0061 0.0410 30 0 0 0
0.5800 0.0054 0.0393 30 0 0 0
0.5860 0.0044 0.0376 30 0 0 0
0.5860 0.0044 0.0376 30 0 0 0
0.5860 0.0044 0.0376 30 0 0 0
0.5820 0.0038 0.0375 30 0 0 0
0.5820 0.0038 0.0375 30 0 0 0
0.5820 0.0038 0.0375 30 0 0 0
0.5820 0.0038 0.0375 30 0 0 0
0.5820 0.0033 0.0375 30 0 0 0
0.5820 0.0033 0.0375 30 0 0 0
0.5820 0.0033 0.0375 30 0 0 0
0.5820 0.0033 0.0375 30 0 0 0
0.5820 0.0033 0.0375 30 0 0 0
0.5820 0.0033 0.0375 30 0 0 0
0.5820 0.0024 0.0371 30 0 0 0
0.5880 0.0020 0.0354 0 0 0 0
0.5920 0.0039 0.0348 30 0 0 0
0.5740 0.0051 0.0341 30 0 0 0
0.5740 0.0067 0.0333 30 0 0 0
0.5880 0.0067 0.0333 30 0 0 0
0.6080 0.0075 0.0338 30 0 0 0
0.5960 0.0080 0.0340 30 0 0 0
0.5960 0.0080 0.0340 30 0 0 0
0.5960 0.0080 0.0340 30 0 0 0
0.5960 0.0080 0.0340 30 0 0 0
0.5960 0.0080 0.0340 30 0 0 0
0.5960 0.0080 0.0340 30 0 0 0
0.6100 0.0075 0.0349 30 0 0 0
0.5840 0.0066 0.0358 30 0 0 0
0.5880 0.0060 0.0359 0 0 0 0
0.5880 0.0060 0.0359 30 0 0 0
0.5920 0.0053 0.0361 30 0 0 0
0.5660 0.0046 0.0375 30 0 0 0
0.5700 0.0042 0.0365 30 0 0 0
0.5700 0.0042 0.0365 30 0 0 0
0.5840 0.0042 0.0367 30 0 0 0
0.5900 0.0049 0.0373 30 0 0 0
0.5900 0.0049 0.0373 30 0 0 0
0.5900 0.0049 0.0373 30 0 0 0
0.5740 0.0059 0.0380 30 0 0 0
0.5740 0.0059 0.0380 0 0 0 0
0.5860 0.0076 0.0377 30 0 0 0
0.5860 0.0066 0.0391 30 0 0 0
0.5780 0.0057 0.0388 30 0 0 0
0.5760 0.0055 0.0397 30 0 0 0
0.5760 0.0059 0.0383 30 0 0 0
0.5820 0.0059 0.0383 30 0 0 0
0.5820 0.0062 0.0374 30 0 0 0
0.5820 0.0062 0.0374 30 0 0 0
0.5820 0.0062 0.0374 30 0 0 0
0.5820 0.0062 0.0374 30 0 0 0
0.5820 0.0062 0.0374 30 0 0 0
0.5820 0.0062 0.0374 30 0 0 0
0.5820 0.0063 0.0368 30 0 0 0
0.5700 0.0063 0.0368 30 0 0 0
0.5700 0.0063 0.0368 30 0 0 0
0.5700 0.0063 0.0368 30 0 0 0
0.5940 0.0062 0.0369 0 0 0 0
0.5740 0.0061 0.0365 30 0 0 0
0.5720 0.0055 0.0368 30 0 0 0
0.5780 0.0049 0.0361 30 0 0 0
0.6000 0.0041 0.0349 30 0 0 0
0.6000 0.0041 0.0349 30 0 0 0
0.6000 0.0041 0.0349 30 0 0 0
0.6000 0.0041 0.0349 30 0 0 0
0.6000 0.0041 0.0349 30 0 0 0
0.5780 0.0037 0.0335 30 0 0 0
0.5780 0.0037 0.0335 30 0 0 0
0.5780 0.0037 0.0335 30 0 0 0
0.5880 0.0042 0.0325 30 0 0 0
0.5880 0.0042 0.0325 30 0 0 0
0.5880 0.0042 0.0325 30 0 0 0
0.5880 0.0042 0.0325 30 0 0 0
0.5940 0.0051 0.0325 30 0 0 0
0.5940 0.0051 0.0325 30 0 0 0
0.5940 0.0051 0.0325 30 0 0 0
0.5940 0.0051 0.0325 0 0 0 0
0.5960 0.0059 0.0302 30 0 0 0
0.5980 0.0059 0.0303 30 0 0 0
0.5880 0.0063 0.0305 30 0 0 0
0.5920 0.0066 0.0301 30 0 0 0
0.5920 0.0066 0.0301 30 0 0 0
0.5960 0.0070 0.0302 30 0 0 0
0.5960 0.0070 0.0302 30 0 0 0
0.5960 0.0070 0.0302 30 0 0 0
0.6100 0.0074 0.0298 30 0 0 0
0.6100 0.0074 0.0298 30 0 0 0
0.6100 0.0074 0.0298 30 0 0 0
0.6100 0.0074 0.0298 30 0 0 0
0.6100 0.0074 0.0298 30 0 0 0
0.5980 0.0075 0.0302 30 0 0 0
0.5980 0.0075 0.0302 30 0 0 0
0.5980 0.0075 0.0302 30 0 0 0
0.5980 0.0075 0.0302 30 0 0 0
0.5820 0.0076 0.0315 30 0 0 0
0.5820 0.0076 0.0315 30 0 0 0
0.5800 0.0076 0.0314 30 0 0 0
0.5800 0.0076 0.0314 30 0 0 0
0.5800 0.0076 0.0314 30 0 0 0
0.5800 0.0076 0.0314 30 0 0 0
0.5800 0.0076 0.0314 30 0 0 0
0.5800 0.0076 0.0314 30 0 0 0
0.5820 0.0073 0.0324 30 0 0 0
0.5820 0.0073 0.0324 30 0 0 0
0.5820 0.0073 0.0324 30 0 0 0
0.5820 0.0073 0.0324 30 0 0 0
0.5820 0.0073 0.0324 30 0 0 0
0.5820 0.0073 0.0324 30 0 0 0
0.5840 0.0071 0.0348 30 0 0 0
0.5840 0.0071 0.0348 0 0 0 0
0.5940 0.0088 0.0335 30 0 0 0
0.5860 0.0095 0.0337 30 0 0 0
0.5860 0.0095 0.0337 30 0 0 0
0.5900 0.0102 0.0324 30 0 0 0
0.5900 0.0102 0.0324 30 0 0 0
0.5780 0.0103 0.0340 30 0 0 0
0.5780 0.0103 0.0340 30 0 0 0
0.5740 0.0105 0.0340 30 0 0 0
0.5740 0.0105 0.0340 30 0 0 0
0.5740 0.0105 0.0340 30 0 0 0
0.5740 0.0105 0.0340 30 0 0 0
0.5740 0.0105 0.0340 30 0 0 0
0.5740 0.0105 0.0340 30 0 0 0
0.5860 0.0106 0.0375 30 0 0 0
0.5860 0.0106 0.0375 30 0 0 0
0.5860 0.0106 0.0375 30 0 0 0
0.5860 0.0106 0.0375 30 0 0 0
0.5860 0.0106 0.0375 30 0 0 0
0.5680 0.0101 0.0385 30 0 0 0
0.5680 0.0101 0.0385 30 0 0 0
0.5680 0.0101 0.0385 30 0 0 0
0.5680 0.0101 0.0385 30 0 0 0
0.5680 0.0101 0.0385 30 0 0 0
0.5680 0.0101 0.0385 30 0 0 0
0.5680 0.0101 0.0385 30 0 0 0
0.5680 0.0101 0.0385 30 0 0 0
0.5780 0.0096 0.0402 30 0 0 0
0.5780 0.0096 0.0402 30 0 0 0
0.5780 0.0096 0.0402 30 0 0 0
0.5780 0.0096 0.0402 30 0 0 0
0.5900 0.0091 0.0415 30 0 0 0
0.5900 0.0088 0.0403 30 0 0 0
0.5860 0.0088 0.0403 30 0 0 0
0.5960 0.0081 0.0447 30 0 0 0
0.5960 0.0081 0.0447 30 0 0 0
0.5960 0.0081 0.0447 30 0 0 0
0.5960 0.0081 0.0447 30 0 0 0
0.5960 0.0081 0.0447 30 0 0 0
0.5960 0.0081 0.0447 30 0 0 0
0.5860 0.0073 0.0458 30 0 0 0
0.5860 0.0073 0.0458 30 0 0 0
0.5860 0.0073 0.0458 30 0 0 0
0.5860 0.0073 0.0458 30 0 0 0
0.6180 0.0066 0.0488 30 0 0 0
0.6180 0.0066 0.0488 30 0 0 0
0.5960 0.0063 0.0488 30 0 0 0
0.5960 0.0063 0.0488 30 0 0 0
0.5960 0.0063 0.0488 30 0 0 0
0.5960 0.0063 0.0488 30 0 0 0
0.5960 0.0063 0.0488 30 0 0 0
0.5960 0.0063 0.0488 30 0 0 0
0.6000 0.0066 0.0495 30 0 0 0
0.6000 0.0066 0.0495 30 0 0 0
0.6000 0.0066 0.0495 30 0 0 0
0.6000 0.0066 0.0495 30 0 0 0
0.6000 0.0066 0.0495 30 0 0 0
0.5920 0.0075 0.0481 30 0 0 0
0.5920 0.0075 0.0481 30 0 0 0
0.6140 0.0085 0.0508 30 0 0 0
0.6140 0.0085 0.0508 30 0 0 0
0.6140 0.0085 0.0508 30 0 0 0
0.6140 0.0085 0.0508 30 0 0 0
0.6140 0.0085 0.0508 30 0 0 0
0.6140 0.0085 0.0508 30 0 0 0
0.5940 0.0094 0.0499 30 0 0 0
0.5940 0.0094 0.0499 30 0 0 0
0.5940 0.0094 0.0499 30 0 0 0
0.5940 0.0094 0.0499 30 0 0 0
0.5920 0.0098 0.0528 30 0 0 0
0.5920 0.0098 0.0528 30 0 0 0
0.5920 0.0098 0.0528 30 0 0 0
0.5920 0.0102 0.0520 30 0 0 0
0.5860 0.0102 0.0520 30 0 0 0
0.5860 0.0102 0.0520 30 0 0 0
0.5860 0.0102 0.0520 30 0 0 0
0.5860 0.0102 0.0520 30 0 0 0
0.5740 0.0105 0.0517 30 0 0 0
0.5740 0.0105 0.0517 30 0 0 0
0.5740 0.0105 0.0517 30 0 0 0
0.5740 0.0105 0.0517 30 0 0 0
0.5900 0.0108 0.0494 30 0 0 0
0.5900 0.0108 0.0494 30 0 0 0
0.5900 0.0108 0.0494 30 0 0 0
0.5960 0.0108 0.0479 30 0 0 0
0.5960 0.0108 0.0479 30 0 0 0
0.5960 0.0108 0.0479 30 0 0 0
0.5960 0.0108 0.0479 30 0 0 0
0.5960 0.0108 0.0479 30 0 0 0
0.5960 0.0108 0.0479 30 0 0 0
0.5920 0.0103 0.0478 30 0 0 0
0.5920 0.0103 0.0478 30 0 0 0
0.5920 0.0103 0.0478 30 0 0 0
0.5920 0.0103 0.0478 30 0 0 0
0.5900 0.0100 0.0470 30 0 0 0
0.5900 0.0100 0.0470 30 0 0 0
0.5900 0.0100 0.0470 30 0 0 0
0.5880 0.0096 0.0495 30 0 0 0
0.5880 0.0096 0.0495 30 0 0 0
0.5880 0.0096 0.0495 30 0 0 0
0.5880 0.0096 0.0495 30 0 0 0
0.5880 0.0096 0.0495 30 0 0 0
0.5680 0.0094 0.0482 30 0 0 0
0.5680 0.0094 0.0482 30 0 0 0
0.5680 0.0094 0.0482 30 0 0 0
0.5680 0.0094 0.0482 30 0 0 0
0.5680 0.0094 0.0482 30 0 0 0
0.5900 0.0090 0.0513 30 0 0 0
0.5900 0.0090 0.0513 30 0 0 0
0.5880 0.0086 0.0501 30 0 0 0
0.5880 0.0086 0.0501 30 0 0 0
0.5880 0.0086 0.0501 30 0 0 0
0.5880 0.0086 0.0501 30 0 0 0
0.5880 0.0086 0.0501 30 0 0 0
0.5880 0.0080 0.0517 30 0 0 0
0.5980 0.0080 0.0517 30 0 0 0
0.5980 0.0080 0.0517 30 0 0 0
0.5980 0.0080 0.0517 30 0 0 0
0.5980 0.0080 0.0517 30 0 0 0
0.5960 0.0076 0.0509 30 0 0 0
0.5960 0.0076 0.0509 30 0 0 0
0.5980 0.0071 0.0516 30 0 0 0
0.5980 0.0071 0.0516 30 0 0 0
0.5980 0.0071 0.0516 30 0 0 0
0.5980 0.0071 0.0516 30 0 0 0
0.5980 0.0071 0.0516 30 0 0 0
0.5980 0.0071 0.0516 30 0 0 0
0.5980 0.0071 0.0516 30 0 0 0
0.5980 0.0071 0.0516 30 0 0 0
0.5980 0.0071 0.0516 30 0 0 0
0.5980 0.0071 0.0516 0 0 0 0
0.5880 0.0064 0.0424 30 0 0 0
0.6040 0.0066 0.0420 30 0 0 0
0.6020 0.0059 0.0410 30 0 0 0
0.6000 0.0048 0.0403 30 0 0 0
0.5960 0.0039 0.0400 30 0 0 0
0.5960 0.0039 0.0391 30 0 0 0
0.6060 0.0039 0.0391 30 0 0 0
0.6060 0.0039 0.0391 30 0 0 0
0.6160 0.0040 0.0392 30 0 0 0
0.6160 0.0040 0.0392 30 0 0 0
0.6100 0.0042 0.0387 30 0 0 0
0.6100 0.0042 0.0387 30 0 0 0
0.6100 0.0042 0.0387 30 0 0 0
0.6100 0.0042 0.0387 30 0 0 0
0.6100 0.0044 0.0340 30 0 0 0
0.5880 0.0044 0.0340 30 0 0 0
0.5880 0.0044 0.0340 30 0 0 0
0.5880 0.0044 0.0340 30 0 0 0
0.5880 0.0044 0.0340 30 0 0 0
0.5880 0.0044 0.0340 30 0 0 0
0.6280 0.0045 0.0336 30 0 0 0
0.6280 0.0045 0.0336 30 0 0 0
0.6280 0.0045 0.0336 30 0 0 0
0.6280 0.0045 0.0336 0 0 0 0
0.6080 0.0054 0.0217 0 30 0 0
0.5960 0.0059 0.0212 0 30 0 0
0.6000 0.0048 0.0299 0 30 0 0
0.6140 0.0033 0.0260 0 30 0 0
0.6220 0.0034 0.0233 0 30 0 0
0.5940 0.0040 0.0235 0 30 0 0
0.5940 0.0040 0.0235 0 30 0 0
0.5940 0.0040 0.0235 0 30 0 0
0.5980 0.0050 0.0201 0 30 0 0
0.5980 0.0050 0.0201 0 30 0 0
0.5980 0.0050 0.0201 0 30 0 0
0.5980 0.0050 0.0201 0 30 0 0
0.5980 0.0054 0.0198 0 30 0 0
0.5980 0.0054 0.0198 0 30 0 0
0.5980 0.0054 0.0198 0 30 0 0
0.5980 0.0054 0.0198 0 0 0 0
0.5840 0.0024 0.0198 0 -30 0 0
0.6040 0.0026 0.0206 0 -30 0 0
0.5740 0.0026 0.0206 0 -30 0 0
0.5920 0.0039 0.0171 0 -30 0 0
0.6120 0.0051 0.0161 0 -30 0 0
0.6020 0.0059 0.0149 0 -30 0 0
0.5820 0.0066 0.0143 0 -30 0 0
0.5820 0.0066 0.0143 0 -30 0 0
0.5900 0.0068 0.0137 0 -30 0 0
0.5860 0.0067 0.0132 0 -30 0 0
0.5860 0.0067 0.0132 0 -30 0 0
0.5860 0.0067 0.0132 0 -30 0 0
0.5860 0.0067 0.0132 0 -30 0 0
0.6060 0.0059 0.0145 0 -30 0 0
0.6060 0.0059 0.0145 0 -30 0 0
0.6060 0.0059 0.0145 0 -30 0 0
0.6060 0.0059 0.0145 0 -30 0 0
0.6060 0.0059 0.0145 0 -30 0 0
0.5860 0.0052 0.0148 0 -30 0 0
0.5940 0.0045 0.0115 0 0 0 0
0.6020 0.0034 0.0113 0 -30 0 0
0.5920 0.0029 0.0086 0 -30 0 0
0.6040 0.0034 0.0110 0 -30 0 0
0.6040 0.0034 0.0110 0 -30 0 0
0.6040 0.0034 0.0110 0 -30 0 0
0.6040 0.0034 0.0110 0 -30 0 0
0.5840 0.0038 0.0141 0 -30 0 0
0.5840 0.0038 0.0141 0 -30 0 0
0.5940 0.0038 0.0143 0 -30 0 0
0.5940 0.0038 0.0143 0 -30 0 0
0.5940 0.0038 0.0143 0 -30 0 0
0.5940 0.0038 0.0143 0 -30 0 0
0.5940 0.0038 0.0143 0 -30 0 0
0.5940 0.0038 0.0143 0 -30 0 0
0.5940 0.0038 0.0143 0 -30 0 0
0.5940 0.0038 0.0143 0 0 0 0
0.5900 0.0103 0.0014 0 -30 0 0
0.5600 0.0103 0.0014 0 -30 0 0
0.5820 0.0098 0.0006 0 -30 0 0
0.5840 0.0081 0.0001 0 -30 0 0
0.5940 0.0060 -0.0012 0 -30 0 0
0.5940 0.0060 -0.0012 0 -30 0 0
0.5760 0.0059 -0.0033 0 -30 0 0
0.5840 0.0066 -0.0030 0 -30 0 0
0.5840 0.0066 -0.0030 0 -30 0 0
0.5840 0.0066 -0.0030 0 -30 0 0
0.5860 0.0071 -0.0030 0 -30 0 0
0.5860 0.0071 -0.0030 0 -30 0 0
0.5860 0.0071 -0.0030 0 -30 0 0
0.5860 0.0071 -0.0030 0 -30 0 0
0.5860 0.0071 -0.0030 0 -30 0 0
0.5860 0.0071 -0.0030 0 0 0 0
0.6060 0.0052 0.0014 0 0 0 30
0.6020 0.0049 0.0019 0 0 0 30
0.5780 0.0049 -0.0004 0 0 0 30
0.5880 0.0046 -0.0020 0 0 0 30
0.6020 0.0034 -0.0066 0 0 0 30
0.6220 0.0035 -0.0094 0 0 0 30
0.6220 0.0035 -0.0094 0 0 0 30
0.6220 0.0035 -0.0094 0 0 0 30
0.5940 0.0044 -0.0152 0 0 0 0
0.6100 0.0069 -0.0202 0 0 0 30
0.5840 0.0076 -0.0200 0 0 0 30
0.6000 0.0084 -0.0186 0 0 0 30
0.6000 0.0084 -0.0186 0 0 0 30
0.5980 0.0086 -0.0218 0 0 0 30
0.5980 0.0086 -0.0218 0 0 0 30
0.5980 0.0086 -0.0218 0 0 0 30
0.5980 0.0086 -0.0218 0 0 0 30
0.5980 0.0086 -0.0218 0 0 0 30
0.5900 0.0080 -0.0202 0 0 0 0
0.5940 0.0061 -0.0147 0 0 0 30
0.5880 0.0055 -0.0128 0 0 0 30
0.6060 0.0062 -0.0124 0 0 0 30
0.6060 0.0062 -0.0124 0 0 0 30
0.6060 0.0062 -0.0124 0 0 0 30
0.6260 0.0070 -0.0095 0 0 0 30
0.6260 0.0070 -0.0095 0 0 0 30
0.6260 0.0070 -0.0095 0 0 0 0
0.6060 0.0035 -0.0063 0 0 0 30
0.6020 0.0024 -0.0062 0 0 0 30
0.6160 0.0023 -0.0051 0 0 0 30
0.6160 0.0029 -0.0064 0 0 0 0
0.5860 0.0060 -0.0089 0 0 0 30
0.5860 0.0060 -0.0089 0 0 0 30
0.5840 0.0054 -0.0086 0 0 0 30
0.6060 0.0046 -0.0080 0 0 0 30
0.6060 0.0044 -0.0073 0 0 0 30
0.6020 0.0044 -0.0073 0 0 0 30
0.5940 0.0045 -0.0079 0 0 0 30
0.5940 0.0048 -0.0056 0 0 0 0
0.6120 0.0039 0.0264 0 0 0 30
0.6120 0.0032 0.0299 0 0 0 30
0.6240 0.0032 0.0299 0 0 0 30
0.6140 0.0027 0.0310 0 0 0 30
0.5920 0.0023 0.0318 0 0 0 30
0.5960 0.0025 0.0315 0 0 0 30
0.6000 0.0025 0.0332 0 0 0 30
0.5900 0.0028 0.0323 0 0 0 0
