0.5300 0.0326 0.0569 0 0 0 -30
0.5400 0.0323 0.0564 0 0 0 -30
0.5360 0.0318 0.0581 0 0 0 -30
0.5360 0.0318 0.0581 0 0 0 -30
0.5360 0.0314 0.0604 0 0 0 -30
0.5220 0.0320 0.0598 0 0 0 -30
0.5220 0.0321 0.0599 0 0 0 0
0.5400 0.0322 0.0475 0 30 0 0
0.5740 0.0322 0.0475 0 30 0 0
0.5340 0.0325 0.0476 0 30 0 0
0.5460 0.0327 0.0479 0 30 0 0
0.5320 0.0326 0.0483 0 30 0 0
0.5320 0.0326 0.0483 0 30 0 0
0.5320 0.0326 0.0483 0 30 0 0
0.5320 0.0326 0.0486 0 30 0 0
0.5320 0.0326 0.0486 0 30 0 0
0.5320 0.0326 0.0486 0 30 0 0
0.5320 0.0326 0.0486 0 30 0 0
0.5360 0.0323 0.0509 0 30 0 0
0.5360 0.0323 0.0509 0 30 0 0
0.5280 0.0322 0.0506 0 30 0 0
0.5280 0.0322 0.0506 0 30 0 0
0.5280 0.0322 0.0506 0 30 0 0
0.5280 0.0324 0.0498 0 30 0 0
0.5220 0.0324 0.0498 0 30 0 0
0.5220 0.0324 0.0498 0 30 0 0
0.5220 0.0324 0.0498 0 30 0 0
0.5220 0.0324 0.0498 0 30 0 0
0.5220 0.0324 0.0498 0 30 0 0
0.5220 0.0324 0.0498 0 30 0 0
0.5460 0.0324 0.0506 0 30 0 0
0.5460 0.0324 0.0506 0 30 0 0
0.5460 0.0324 0.0506 0 30 0 0
0.5460 0.0324 0.0506 0 30 0 0
0.5460 0.0324 0.0506 0 30 0 0
0.5300 0.0326 0.0499 0 30 0 0
0.5300 0.0329 0.0507 0 30 0 0
0.5500 0.0329 0.0507 0 30 0 0
0.5500 0.0329 0.0507 0 30 0 0
0.5500 0.0329 0.0507 0 30 0 0
0.5500 0.0329 0.0507 0 30 0 0
0.5500 0.0329 0.0507 0 30 0 0
0.5420 0.0333 0.0544 0 30 0 0
0.5420 0.0333 0.0544 0 30 0 0
0.5420 0.0333 0.0544 0 30 0 0
0.5420 0.0333 0.0544 0 30 0 0
0.5420 0.0333 0.0544 0 30 0 0
0.5420 0.0332 0.0576 0 30 0 0
0.5420 0.0332 0.0576 0 30 0 0
0.5360 0.0330 0.0583 0 30 0 0
0.5360 0.0330 0.0583 0 30 0 0
0.5360 0.0330 0.0583 0 30 0 0
0.5360 0.0330 0.0583 0 30 0 0
0.5360 0.0330 0.0583 0 30 0 0
0.5360 0.0330 0.0583 0 30 0 0
0.5440 0.0326 0.0623 0 30 0 0
0.5440 0.0326 0.0623 0 30 0 0
0.5440 0.0326 0.0623 0 30 0 0
0.5440 0.0326 0.0623 0 30 0 0
0.5440 0.0326 0.0623 0 30 0 0
0.5320 0.0322 0.0614 0 30 0 0
0.5320 0.0322 0.0614 0 30 0 0
0.5440 0.0323 0.0648 0 30 0 0
0.5440 0.0323 0.0648 0 30 0 0
0.5440 0.0323 0.0648 0 30 0 0
0.5440 0.0323 0.0648 0 30 0 0
0.5440 0.0323 0.0648 0 30 0 0
0.5440 0.0324 0.0644 0 30 0 0
0.5320 0.0324 0.0644 0 30 0 0
0.5320 0.0324 0.0644 0 30 0 0
0.5320 0.0324 0.0644 0 30 0 0
0.5320 0.0324 0.0644 0 30 0 0
0.5340 0.0322 0.0647 0 30 0 0
0.5340 0.0322 0.0647 0 30 0 0
0.5400 0.0321 0.0636 0 30 0 0
0.5400 0.0321 0.0636 0 30 0 0
0.5400 0.0321 0.0636 0 30 0 0
0.5400 0.0321 0.0636 0 30 0 0
0.5400 0.0321 0.0636 0 30 0 0
0.5400 0.0321 0.0636 0 30 0 0
0.5440 0.0320 0.0636 0 30 0 0
0.5440 0.0320 0.0636 0 30 0 0
0.5440 0.0320 0.0636 0 30 0 0
0.5440 0.0320 0.0636 0 30 0 0
0.5440 0.0320 0.0636 0 30 0 0
0.5360 0.0320 0.0622 0 30 0 0
0.5360 0.0320 0.0622 0 30 0 0
0.5360 0.0320 0.0622 0 30 0 0
0.5360 0.0323 0.0609 0 30 0 0
0.5360 0.0323 0.0609 0 30 0 0
0.5360 0.0323 0.0609 0 30 0 0
0.5360 0.0323 0.0609 0 30 0 0
0.5360 0.0323 0.0609 0 30 0 0
0.5460 0.0324 0.0618 0 30 0 0
0.5460 0.0324 0.0618 0 30 0 0
0.5460 0.0324 0.0618 0 30 0 0
0.5460 0.0324 0.0618 0 30 0 0
0.5460 0.0324 0.0618 0 30 0 0
0.5460 0.0324 0.0618 0 30 0 0
0.5480 0.0326 0.0621 0 30 0 0
0.5480 0.0326 0.0621 0 30 0 0
0.5480 0.0326 0.0613 0 30 0 0
0.5420 0.0326 0.0613 0 30 0 0
0.5420 0.0326 0.0613 0 30 0 0
0.5420 0.0326 0.0613 0 30 0 0
0.5420 0.0326 0.0613 0 30 0 0
0.5420 0.0326 0.0613 0 30 0 0
0.5420 0.0327 0.0599 0 30 0 0
0.5240 0.0327 0.0599 0 30 0 0
0.5240 0.0327 0.0599 0 30 0 0
0.5240 0.0327 0.0599 0 30 0 0
0.5240 0.0327 0.0599 0 30 0 0
0.5520 0.0328 0.0605 0 30 0 0
0.5520 0.0328 0.0605 0 30 0 0
0.5420 0.0331 0.0601 0 30 0 0
0.5420 0.0331 0.0601 0 30 0 0
0.5420 0.0331 0.0601 0 30 0 0
0.5420 0.0331 0.0601 0 30 0 0
0.5420 0.0331 0.0601 0 30 0 0
0.5420 0.0335 0.0571 0 30 0 0
0.5220 0.0335 0.0571 0 30 0 0
0.5220 0.0335 0.0571 0 30 0 0
0.5220 0.0335 0.0571 0 30 0 0
0.5220 0.0335 0.0571 0 30 0 0
0.5220 0.0335 0.0571 0 30 0 0
0.5280 0.0335 0.0554 0 30 0 0
0.5280 0.0335 0.0554 0 30 0 0
0.5380 0.0333 0.0554 0 30 0 0
0.5380 0.0333 0.0554 0 30 0 0
0.5380 0.0333 0.0554 0 30 0 0
0.5380 0.0333 0.0554 0 30 0 0
0.5380 0.0333 0.0554 0 30 0 0
0.5380 0.0333 0.0554 0 30 0 0
0.5380 0.0333 0.0552 0 30 0 0
0.5380 0.0333 0.0552 0 30 0 0
0.5380 0.0333 0.0552 0 30 0 0
0.5380 0.0333 0.0552 0 30 0 0
0.5380 0.0333 0.0552 0 30 0 0
0.5240 0.0335 0.0533 0 30 0 0
0.5240 0.0335 0.0533 0 30 0 0
0.5240 0.0335 0.0533 0 30 0 0
0.5240 0.0335 0.0533 0 30 0 0
0.5240 0.0335 0.0533 0 30 0 0
0.5240 0.0335 0.0533 0 30 0 0
0.5240 0.0335 0.0533 0 30 0 0
0.5240 0.0335 0.0533 0 30 0 0
0.5240 0.0335 0.0533 0 30 0 0
0.5240 0.0335 0.0533 0 30 0 0
0.5220 0.0331 0.0541 0 30 0 0
0.5220 0.0331 0.0541 0 30 0 0
0.5340 0.0325 0.0552 0 30 0 0
0.5160 0.0325 0.0554 0 30 0 0
0.5160 0.0325 0.0554 0 30 0 0
0.5200 0.0323 0.0558 0 30 0 0
0.5200 0.0323 0.0558 0 30 0 0
0.5200 0.0323 0.0558 0 30 0 0
0.5200 0.0323 0.0558 0 30 0 0
0.5200 0.0323 0.0558 0 30 0 0
0.5200 0.0323 0.0558 0 30 0 0
0.5200 0.0324 0.0521 0 30 0 0
0.5200 0.0324 0.0521 0 30 0 0
0.5200 0.0324 0.0521 0 30 0 0
0.5200 0.0324 0.0521 0 30 0 0
0.5200 0.0324 0.0521 0 30 0 0
0.5140 0.0326 0.0513 0 30 0 0
0.5140 0.0326 0.0513 0 30 0 0
0.5140 0.0326 0.0513 0 30 0 0
0.5100 0.0326 0.0530 0 30 0 0
0.5100 0.0326 0.0530 0 30 0 0
0.5100 0.0326 0.0530 0 30 0 0
0.5100 0.0326 0.0530 0 30 0 0
0.5100 0.0326 0.0530 0 30 0 0
0.5100 0.0326 0.0530 0 30 0 0
0.5100 0.0326 0.0530 0 30 0 0
0.5100 0.0326 0.0530 0 30 0 0
0.5100 0.0326 0.0530 0 30 0 0
0.5100 0.0326 0.0530 0 30 0 0
0.5100 0.0326 0.0530 0 30 0 0
0.5100 0.0326 0.0530 0 30 0 0
0.5320 0.0319 0.0528 0 30 0 0
0.5320 0.0319 0.0528 0 30 0 0
0.5320 0.0319 0.0528 0 30 0 0
0.5140 0.0316 0.0520 0 30 0 0
0.5100 0.0312 0.0513 0 30 0 0
0.5100 0.0312 0.0513 0 30 0 0
0.5100 0.0312 0.0513 0 30 0 0
0.5240 0.0315 0.0514 0 30 0 0
0.5240 0.0315 0.0514 0 30 0 0
0.5240 0.0315 0.0514 0 30 0 0
0.5240 0.0315 0.0514 0 30 0 0
0.5240 0.0315 0.0514 0 30 0 0
0.5420 0.0318 0.0523 0 30 0 0
0.5420 0.0318 0.0523 0 30 0 0
0.5420 0.0318 0.0523 0 30 0 0
0.5440 0.0321 0.0509 0 30 0 0
0.5440 0.0321 0.0509 0 30 0 0
0.5440 0.0321 0.0509 0 30 0 0
0.5440 0.0321 0.0509 0 30 0 0
0.5440 0.0321 0.0509 0 30 0 0
0.5340 0.0322 0.0517 0 30 0 0
0.5340 0.0322 0.0517 0 30 0 0
0.5340 0.0322 0.0517 0 30 0 0
0.5340 0.0322 0.0517 0 30 0 0
0.5340 0.0319 0.0513 0 30 0 0
0.5440 0.0319 0.0513 0 30 0 0
0.5440 0.0319 0.0513 0 30 0 0
0.5440 0.0319 0.0513 0 30 0 0
0.5440 0.0319 0.0513 0 30 0 0
0.5440 0.0319 0.0513 0 30 0 0
0.5440 0.0319 0.0513 0 30 0 0
0.5440 0.0319 0.0513 0 30 0 0
0.5440 0.0319 0.0513 0 30 0 0
0.5440 0.0319 0.0513 0 30 0 0
0.5440 0.0319 0.0513 0 30 0 0
0.5440 0.0319 0.0513 0 30 0 0
0.5440 0.0319 0.0513 0 30 0 0
0.5480 0.0315 0.0501 0 30 0 0
0.5220 0.0314 0.0492 0 30 0 0
0.5400 0.0315 0.0485 0 30 0 0
0.5400 0.0315 0.0485 0 30 0 0
0.5400 0.0319 0.0476 0 30 0 0
0.5400 0.0319 0.0476 0 30 0 0
0.5400 0.0319 0.0476 0 30 0 0
0.5400 0.0319 0.0476 0 30 0 0
0.5400 0.0319 0.0476 0 30 0 0
0.5400 0.0319 0.0476 0 30 0 0
0.5260 0.0323 0.0470 0 30 0 0
0.5260 0.0323 0.0470 0 30 0 0
0.5260 0.0323 0.0470 0 30 0 0
0.5260 0.0323 0.0470 0 30 0 0
0.5440 0.0323 0.0465 0 30 0 0
0.5440 0.0323 0.0465 0 30 0 0
0.5440 0.0323 0.0465 0 30 0 0
0.5440 0.0323 0.0465 0 30 0 0
0.5560 0.0320 0.0463 0 30 0 0
0.5560 0.0320 0.0463 0 30 0 0
0.5560 0.0320 0.0463 0 30 0 0
0.5560 0.0320 0.0463 0 30 0 0
0.5560 0.0320 0.0463 0 30 0 0
0.5360 0.0315 0.0450 0 30 0 0
0.5360 0.0315 0.0450 0 30 0 0
0.5360 0.0315 0.0450 0 30 0 0
0.5360 0.0315 0.0450 0 30 0 0
0.5360 0.0315 0.0450 0 30 0 0
0.5400 0.0310 0.0441 0 30 0 0
0.5400 0.0310 0.0441 0 30 0 0
0.5400 0.0310 0.0441 0 30 0 0
0.5400 0.0308 0.0445 0 30 0 0
0.5440 0.0308 0.0445 0 30 0 0
0.5440 0.0308 0.0445 0 30 0 0
0.5440 0.0308 0.0445 0 30 0 0
0.5440 0.0308 0.0445 0 30 0 0
0.5440 0.0309 0.0445 0 30 0 0
0.5420 0.0309 0.0445 0 30 0 0
0.5420 0.0309 0.0445 0 30 0 0
0.5420 0.0309 0.0445 0 30 0 0
0.5420 0.0309 0.0445 0 30 0 0
0.5600 0.0311 0.0446 0 30 0 0
0.5600 0.0311 0.0446 0 30 0 0
0.5600 0.0311 0.0446 0 30 0 0
0.5600 0.0311 0.0446 0 30 0 0
0.5600 0.0311 0.0446 0 30 0 0
0.5640 0.0311 0.0447 0 30 0 0
0.5640 0.0311 0.0447 0 30 0 0
0.5640 0.0311 0.0447 0 30 0 0
0.5640 0.0311 0.0447 0 30 0 0
0.5640 0.0311 0.0447 0 0 0 0
0.5340 0.0319 0.0308 0 30 0 0
0.5400 0.0324 0.0322 0 30 0 0
0.5220 0.0331 0.0333 0 30 0 0
0.5080 0.0332 0.0328 0 30 0 0
0.5260 0.0331 0.0329 0 30 0 0
0.5180 0.0327 0.0319 0 30 0 0
0.5180 0.0327 0.0319 0 30 0 0
0.5180 0.0325 0.0302 0 30 0 0
0.5240 0.0325 0.0302 0 30 0 0
0.5240 0.0325 0.0302 0 30 0 0
0.5240 0.0325 0.0302 0 30 0 0
0.5240 0.0325 0.0302 0 30 0 0
0.5240 0.0325 0.0302 0 30 0 0
0.5240 0.0325 0.0302 0 0 0 0
0.5180 0.0314 0.0498 0 0 0 -30
0.5100 0.0318 0.0503 0 0 0 -30
0.5260 0.0319 0.0512 0 0 0 -30
0.5160 0.0317 0.0504 0 0 0 -30
0.5180 0.0320 0.0552 0 0 0 -30
0.5300 0.0324 0.0532 0 0 0 0
0.5100 0.0326 0.0528 0 0 0 -30
0.5180 0.0325 0.0501 0 0 0 -30
0.5140 0.0321 0.0495 0 0 0 -30
0.5140 0.0321 0.0495 0 0 0 -30
0.5480 0.0319 0.0508 0 0 0 -30
0.5380 0.0319 0.0497 0 0 0 -30
0.5280 0.0322 0.0502 0 0 0 -30
0.5240 0.0327 0.0501 0 0 0 -30
0.5140 0.0328 0.0511 0 0 0 0
0.5460 0.0327 0.0520 0 0 0 -30
0.5320 0.0324 0.0532 0 0 0 -30
0.5500 0.0323 0.0525 0 0 0 -30
0.5500 0.0322 0.0506 0 0 0 -30
0.5420 0.0322 0.0506 0 0 0 -30
0.5420 0.0322 0.0506 0 0 0 -30
0.5420 0.0320 0.0461 0 0 0 -30
0.5320 0.0320 0.0461 0 0 0 0
0.5420 0.0321 0.0421 0 0 0 -30
0.5380 0.0323 0.0422 0 0 0 -30
0.5220 0.0328 0.0372 0 0 0 -30
0.5220 0.0328 0.0372 0 0 0 -30
0.5220 0.0328 0.0372 0 0 0 -30
0.5480 0.0332 0.0370 0 0 0 0
0.5480 0.0331 0.0366 0 0 0 -30
0.5340 0.0331 0.0353 0 0 0 -30
0.5300 0.0330 0.0341 0 0 0 -30
0.5360 0.0332 0.0325 0 0 0 -30
0.5340 0.0335 0.0309 0 0 0 0
0.5380 0.0334 0.0216 0 0 0 -30
0.5340 0.0332 0.0220 0 0 0 -30
0.5340 0.0332 0.0220 0 0 0 -30
0.5340 0.0332 0.0220 0 0 0 -30
0.5320 0.0331 0.0198 0 0 0 -30
0.5320 0.0331 0.0198 0 0 0 -30
0.5320 0.0331 0.0198 0 0 0 0
0.5300 0.0331 0.0174 0 0 0 -30
0.5320 0.0330 0.0171 0 0 0 -30
0.5320 0.0331 0.0143 0 0 0 0
0.5220 0.0329 0.0155 0 0 0 -30
0.5220 0.0329 0.0149 0 0 0 -30
0.5220 0.0329 0.0149 0 0 0 -30
0.5220 0.0329 0.0149 0 0 0 -30
0.5220 0.0329 0.0149 0 0 0 -30
0.5220 0.0329 0.0149 0 0 0 -30
0.5220 0.0329 0.0149 0 0 0 0
0.5140 0.0324 0.0046 0 0 0 -30
0.5320 0.0320 0.0048 0 0 0 -30
0.5260 0.0320 0.0048 0 0 0 -30
0.5260 0.0325 0.0044 0 0 0 -30
0.5340 0.0325 0.0044 0 0 0 -30
0.5440 0.0326 0.0056 0 0 0 0
0.5240 0.0329 0.0049 0 0 0 -30
0.5120 0.0325 0.0030 0 0 0 -30
0.5180 0.0323 -0.0000 0 0 0 -30
0.5200 0.0322 -0.0013 0 0 0 -30
0.5280 0.0319 -0.0054 0 0 0 -30
0.5400 0.0316 -0.0068 0 0 0 -30
0.5400 0.0316 -0.0068 0 0 0 -30
0.5400 0.0316 -0.0068 0 0 0 -30
0.5400 0.0316 -0.0068 0 0 0 0
0.5320 0.0328 -0.0250 0 30 0 0
0.5440 0.0328 -0.0238 0 30 0 0
0.5260 0.0329 -0.0223 0 30 0 0
0.5220 0.0331 -0.0212 0 30 0 0
0.5360 0.0329 -0.0221 0 30 0 0
0.5200 0.0326 -0.0213 0 30 0 0
0.5200 0.0326 -0.0213 0 30 0 0
0.5200 0.0326 -0.0213 0 30 0 0
0.5200 0.0326 -0.0213 0 30 0 0
0.5080 0.0324 -0.0209 0 0 0 0
0.5300 0.0332 -0.0272 30 0 0 0
0.5140 0.0330 -0.0273 30 0 0 0
0.5120 0.0327 -0.0268 30 0 0 0
0.5180 0.0323 -0.0304 30 0 0 0
0.5260 0.0320 -0.0325 30 0 0 0
0.5260 0.0321 -0.0302 30 0 0 0
0.5060 0.0321 -0.0302 30 0 0 0
0.5060 0.0321 -0.0302 30 0 0 0
0.5060 0.0321 -0.0302 30 0 0 0
0.5060 0.0321 -0.0302 30 0 0 0
0.5140 0.0322 -0.0306 30 0 0 0
0.5140 0.0322 -0.0306 30 0 0 0
0.5140 0.0322 -0.0306 30 0 0 0
0.5140 0.0322 -0.0306 30 0 0 0
0.5140 0.0322 -0.0306 30 0 0 0
0.5040 0.0323 -0.0312 30 0 0 0
0.5040 0.0323 -0.0312 30 0 0 0
0.5040 0.0323 -0.0312 0 0 0 0
0.5100 0.0320 -0.0253 0 -30 0 0
0.5200 0.0320 -0.0072 0 -30 0 0
0.5060 0.0320 -0.0238 0 -30 0 0
0.5160 0.0321 -0.0247 0 -30 0 0
0.5040 0.0322 -0.0248 0 -30 0 0
0.4980 0.0321 -0.0253 0 -30 0 0
0.4980 0.0321 -0.0253 0 -30 0 0
0.4980 0.0321 -0.0253 0 -30 0 0
0.4980 0.0321 -0.0253 0 -30 0 0
0.5120 0.0321 -0.0287 0 -30 0 0
0.5120 0.0321 -0.0287 0 -30 0 0
0.5120 0.0321 -0.0287 0 -30 0 0
0.5100 0.0324 -0.0290 0 -30 0 0
0.5100 0.0324 -0.0290 0 -30 0 0
0.5100 0.0324 -0.0290 0 -30 0 0
0.5100 0.0324 -0.0290 0 -30 0 0
0.5000 0.0325 -0.0295 0 -30 0 0
0.5000 0.0325 -0.0295 0 -30 0 0
0.5000 0.0325 -0.0295 0 -30 0 0
0.5000 0.0325 -0.0295 0 -30 0 0
0.5000 0.0325 -0.0295 0 -30 0 0
0.5060 0.0325 -0.0297 0 -30 0 0
0.5060 0.0325 -0.0297 0 -30 0 0
0.5060 0.0325 -0.0297 0 -30 0 0
0.5060 0.0325 -0.0297 0 -30 0 0
0.5040 0.0323 -0.0280 0 -30 0 0
0.5040 0.0323 -0.0280 0 -30 0 0
0.5040 0.0323 -0.0280 0 -30 0 0
0.5040 0.0323 -0.0280 0 -30 0 0
0.5040 0.0321 -0.0318 0 -30 0 0
0.5120 0.0321 -0.0318 0 -30 0 0
0.5120 0.0321 -0.0318 0 -30 0 0
0.5120 0.0321 -0.0318 0 -30 0 0
0.5120 0.0321 -0.0318 0 -30 0 0
0.5120 0.0321 -0.0318 0 -30 0 0
0.5140 0.0321 -0.0324 0 -30 0 0
0.5140 0.0321 -0.0324 0 -30 0 0
0.5140 0.0321 -0.0324 0 -30 0 0
0.5140 0.0321 -0.0324 0 -30 0 0
0.5120 0.0324 -0.0336 0 -30 0 0
0.5120 0.0324 -0.0336 0 -30 0 0
0.5120 0.0324 -0.0336 0 -30 0 0
0.5120 0.0324 -0.0336 0 -30 0 0
0.5080 0.0328 -0.0332 0 -30 0 0
0.5080 0.0328 -0.0332 0 -30 0 0
0.5080 0.0328 -0.0332 0 -30 0 0
0.5080 0.0328 -0.0332 0 -30 0 0
0.5080 0.0332 -0.0368 0 -30 0 0
0.5080 0.0332 -0.0368 0 -30 0 0
0.5080 0.0332 -0.0368 0 -30 0 0
0.5080 0.0332 -0.0368 0 -30 0 0
0.4860 0.0336 -0.0373 0 -30 0 0
0.4860 0.0336 -0.0373 0 -30 0 0
0.4860 0.0336 -0.0373 0 -30 0 0
0.4860 0.0336 -0.0373 0 -30 0 0
0.4860 0.0336 -0.0373 0 -30 0 0
0.4860 0.0337 -0.0401 0 -30 0 0
0.4860 0.0337 -0.0401 0 -30 0 0
0.4860 0.0337 -0.0401 0 -30 0 0
0.4860 0.0337 -0.0401 0 -30 0 0
0.4860 0.0337 -0.0401 0 -30 0 0
0.4860 0.0337 -0.0401 0 -30 0 0
0.5260 0.0335 -0.0402 0 -30 0 0
0.5260 0.0335 -0.0402 0 -30 0 0
0.5260 0.0335 -0.0402 0 -30 0 0
0.5060 0.0331 -0.0278 0 -30 0 0
0.5060 0.0331 -0.0278 0 -30 0 0
0.5060 0.0331 -0.0278 0 -30 0 0
0.5060 0.0331 -0.0278 0 -30 0 0
0.5020 0.0329 -0.0276 0 -30 0 0
0.5020 0.0329 -0.0276 0 -30 0 0
0.5020 0.0329 -0.0276 0 -30 0 0
0.5020 0.0329 -0.0276 0 -30 0 0
0.5020 0.0329 -0.0276 0 -30 0 0
0.5020 0.0329 -0.0276 0 -30 0 0
0.5060 0.0328 -0.0238 0 -30 0 0
0.5060 0.0328 -0.0238 0 -30 0 0
0.5060 0.0328 -0.0238 0 -30 0 0
0.5000 0.0329 -0.0240 0 -30 0 0
0.5000 0.0329 -0.0240 0 -30 0 0
0.5000 0.0329 -0.0240 0 -30 0 0
0.5000 0.0329 -0.0240 0 0 0 0
0.5200 0.0333 -0.0327 30 0 0 0
0.5100 0.0331 -0.0317 30 0 0 0
0.5220 0.0323 -0.0331 30 0 0 0
0.5020 0.0317 -0.0352 30 0 0 0
0.5080 0.0319 -0.0361 30 0 0 0
0.5180 0.0319 -0.0385 30 0 0 0
0.5180 0.0322 -0.0388 30 0 0 0
0.5180 0.0322 -0.0388 30 0 0 0
0.5180 0.0322 -0.0388 30 0 0 0
0.5180 0.0322 -0.0388 30 0 0 0
0.5180 0.0322 -0.0388 30 0 0 0
0.5180 0.0322 -0.0388 30 0 0 0
0.5180 0.0322 -0.0388 30 0 0 0
0.5180 0.0322 -0.0388 30 0 0 0
0.5180 0.0322 -0.0388 30 0 0 0
0.5180 0.0324 -0.0427 30 0 0 0
0.5140 0.0324 -0.0427 30 0 0 0
0.5140 0.0324 -0.0427 30 0 0 0
0.5080 0.0330 -0.0458 30 0 0 0
0.5080 0.0330 -0.0458 30 0 0 0
0.5160 0.0331 -0.0496 30 0 0 0
0.5160 0.0331 -0.0496 30 0 0 0
0.5160 0.0331 -0.0496 30 0 0 0
0.5160 0.0331 -0.0496 30 0 0 0
0.5060 0.0330 -0.0497 30 0 0 0
0.5060 0.0330 -0.0497 30 0 0 0
0.5060 0.0330 -0.0497 30 0 0 0
0.5060 0.0330 -0.0497 30 0 0 0
0.5060 0.0330 -0.0497 30 0 0 0
0.5060 0.0330 -0.0497 30 0 0 0
0.5220 0.0328 -0.0497 30 0 0 0
0.5220 0.0328 -0.0497 30 0 0 0
0.5220 0.0328 -0.0497 30 0 0 0
0.5220 0.0328 -0.0497 30 0 0 0
0.5240 0.0326 -0.0493 30 0 0 0
0.5240 0.0326 -0.0493 30 0 0 0
0.5240 0.0326 -0.0493 30 0 0 0
0.5240 0.0326 -0.0493 30 0 0 0
0.5240 0.0326 -0.0493 30 0 0 0
0.5240 0.0326 -0.0493 30 0 0 0
0.5240 0.0326 -0.0493 30 0 0 0
0.5240 0.0326 -0.0493 30 0 0 0
0.5240 0.0326 -0.0493 30 0 0 0
0.5240 0.0326 -0.0493 30 0 0 0
0.5240 0.0326 -0.0493 30 0 0 0
0.5240 0.0326 -0.0493 30 0 0 0
0.5240 0.0326 -0.0493 30 0 0 0
0.5220 0.0324 -0.0491 30 0 0 0
0.5300 0.0325 -0.0488 30 0 0 0
0.5260 0.0327 -0.0493 30 0 0 0
0.5260 0.0327 -0.0493 30 0 0 0
0.5240 0.0329 -0.0498 30 0 0 0
0.5240 0.0329 -0.0498 30 0 0 0
0.5240 0.0329 -0.0498 30 0 0 0
0.5240 0.0329 -0.0498 30 0 0 0
0.5240 0.0329 -0.0498 30 0 0 0
0.5240 0.0329 -0.0498 30 0 0 0
0.5240 0.0329 -0.0498 30 0 0 0
0.5340 0.0330 -0.0551 30 0 0 0
0.5340 0.0330 -0.0551 30 0 0 0
0.5100 0.0331 -0.0555 30 0 0 0
0.5100 0.0331 -0.0555 30 0 0 0
0.5100 0.0331 -0.0555 30 0 0 0
0.5100 0.0331 -0.0555 30 0 0 0
0.5220 0.0332 -0.0603 30 0 0 0
0.5220 0.0332 -0.0603 30 0 0 0
0.5220 0.0332 -0.0603 30 0 0 0
0.5220 0.0332 -0.0603 30 0 0 0
0.5220 0.0332 -0.0603 30 0 0 0
0.5220 0.0332 -0.0603 0 0 0 0
0.5380 0.0330 -0.0709 30 0 0 0
0.5160 0.0328 -0.0703 30 0 0 0
0.5100 0.0326 -0.0626 30 0 0 0
0.5160 0.0322 -0.0623 30 0 0 0
0.5020 0.0319 -0.0524 30 0 0 0
0.5220 0.0321 -0.0520 30 0 0 0
0.5220 0.0321 -0.0520 30 0 0 0
0.5220 0.0321 -0.0520 30 0 0 0
0.5140 0.0322 -0.0533 30 0 0 0
0.5140 0.0322 -0.0533 30 0 0 0
0.5140 0.0322 -0.0533 30 0 0 0
0.5140 0.0322 -0.0533 30 0 0 0
0.4960 0.0325 -0.0531 30 0 0 0
0.4960 0.0325 -0.0531 30 0 0 0
0.4960 0.0325 -0.0531 30 0 0 0
0.4960 0.0325 -0.0531 30 0 0 0
0.4960 0.0325 -0.0531 30 0 0 0
0.4960 0.0325 -0.0531 30 0 0 0
0.5180 0.0329 -0.0545 30 0 0 0
0.5180 0.0329 -0.0545 30 0 0 0
0.5180 0.0329 -0.0545 30 0 0 0
0.5340 0.0331 -0.0543 30 0 0 0
0.5340 0.0331 -0.0543 30 0 0 0
0.5340 0.0331 -0.0543 30 0 0 0
0.5340 0.0331 -0.0543 30 0 0 0
0.5340 0.0331 -0.0543 30 0 0 0
0.5200 0.0327 -0.0545 30 0 0 0
0.5200 0.0327 -0.0545 30 0 0 0
0.5200 0.0327 -0.0545 30 0 0 0
0.5200 0.0327 -0.0545 30 0 0 0
0.5200 0.0327 -0.0545 30 0 0 0
0.5200 0.0327 -0.0545 30 0 0 0
0.5200 0.0327 -0.0545 30 0 0 0
0.5200 0.0327 -0.0545 30 0 0 0
0.5200 0.0327 -0.0545 30 0 0 0
0.5200 0.0327 -0.0545 30 0 0 0
0.5200 0.0323 -0.0543 30 0 0 0
0.5200 0.0323 -0.0543 30 0 0 0
0.5200 0.0323 -0.0543 30 0 0 0
0.5280 0.0319 -0.0528 30 0 0 0
0.5140 0.0316 -0.0524 30 0 0 0
0.5140 0.0316 -0.0524 30 0 0 0
0.5140 0.0316 -0.0524 30 0 0 0
0.5140 0.0316 -0.0524 30 0 0 0
0.5140 0.0316 -0.0524 30 0 0 0
0.4920 0.0318 -0.0536 30 0 0 0
0.4920 0.0318 -0.0536 30 0 0 0
0.5100 0.0322 -0.0531 30 0 0 0
0.5100 0.0322 -0.0531 30 0 0 0
0.5100 0.0322 -0.0531 30 0 0 0
0.5100 0.0322 -0.0531 30 0 0 0
0.5100 0.0322 -0.0531 30 0 0 0
0.5100 0.0322 -0.0531 30 0 0 0
0.5000 0.0322 -0.0562 30 0 0 0
0.5000 0.0322 -0.0562 30 0 0 0
0.5000 0.0322 -0.0562 30 0 0 0
0.5000 0.0322 -0.0562 0 0 0 0
0.5280 0.0316 -0.0589 0 30 0 0
0.5140 0.0316 -0.0625 0 30 0 0
0.5100 0.0315 -0.0620 0 30 0 0
0.5020 0.0317 -0.0632 0 30 0 0
0.5400 0.0322 -0.0633 0 30 0 0
0.5260 0.0324 -0.0629 0 30 0 0
0.5240 0.0327 -0.0626 0 30 0 0
0.5240 0.0327 -0.0626 0 30 0 0
0.5160 0.0332 -0.0628 0 30 0 0
0.5160 0.0332 -0.0628 0 30 0 0
0.5160 0.0332 -0.0628 0 30 0 0
0.5160 0.0332 -0.0628 0 30 0 0
0.5100 0.0333 -0.0625 0 30 0 0
0.5100 0.0333 -0.0625 0 30 0 0
0.5100 0.0333 -0.0625 0 30 0 0
0.5120 0.0331 -0.0621 0 30 0 0
0.5120 0.0331 -0.0621 0 30 0 0
0.5120 0.0331 -0.0621 0 30 0 0
0.5120 0.0331 -0.0621 0 30 0 0
0.5120 0.0331 -0.0616 0 30 0 0
0.5120 0.0331 -0.0616 0 30 0 0
0.5120 0.0331 -0.0616 0 30 0 0
0.5120 0.0331 -0.0616 0 30 0 0
0.5120 0.0331 -0.0616 0 30 0 0
0.5140 0.0330 -0.0617 0 30 0 0
0.5140 0.0330 -0.0617 0 30 0 0
0.5140 0.0330 -0.0617 0 30 0 0
0.5100 0.0330 -0.0614 0 30 0 0
0.5100 0.0330 -0.0614 0 30 0 0
0.5100 0.0330 -0.0614 0 30 0 0
0.5100 0.0330 -0.0614 0 30 0 0
0.5100 0.0330 -0.0614 0 30 0 0
0.5100 0.0330 -0.0614 0 30 0 0
0.5120 0.0326 -0.0600 0 30 0 0
0.5120 0.0326 -0.0600 0 30 0 0
0.5120 0.0326 -0.0600 0 30 0 0
0.5120 0.0326 -0.0600 0 30 0 0
0.5120 0.0326 -0.0600 0 30 0 0
0.5120 0.0325 -0.0597 0 30 0 0
0.5120 0.0325 -0.0597 0 30 0 0
0.5120 0.0325 -0.0593 0 30 0 0
0.5200 0.0325 -0.0593 0 30 0 0
0.5200 0.0325 -0.0593 0 30 0 0
0.5200 0.0325 -0.0593 0 30 0 0
0.5200 0.0325 -0.0593 0 30 0 0
0.5200 0.0325 -0.0593 0 30 0 0
0.5200 0.0325 -0.0593 0 30 0 0
0.5200 0.0325 -0.0593 0 30 0 0
0.5200 0.0325 -0.0593 0 30 0 0
0.5200 0.0325 -0.0593 0 0 0 0
0.5280 0.0328 -0.0570 0 30 0 0
0.5220 0.0325 -0.0540 0 30 0 0
0.5260 0.0323 -0.0543 0 30 0 0
0.5180 0.0320 -0.0531 0 30 0 0
0.5520 0.0318 -0.0522 0 30 0 0
0.5160 0.0318 -0.0522 0 30 0 0
0.5160 0.0318 -0.0522 0 30 0 0
0.5320 0.0318 -0.0533 0 30 0 0
0.5320 0.0318 -0.0533 0 30 0 0
0.5320 0.0318 -0.0533 0 30 0 0
0.5320 0.0318 -0.0533 0 30 0 0
0.5300 0.0319 -0.0525 0 30 0 0
0.5300 0.0319 -0.0525 0 30 0 0
0.5300 0.0319 -0.0525 0 30 0 0
0.5360 0.0319 -0.0586 0 30 0 0
0.5360 0.0319 -0.0586 0 30 0 0
0.5360 0.0319 -0.0586 0 30 0 0
0.5360 0.0319 -0.0586 0 30 0 0
0.5360 0.0319 -0.0586 0 30 0 0
0.5360 0.0319 -0.0586 0 30 0 0
0.5360 0.0319 -0.0586 0 30 0 0
0.5360 0.0319 -0.0586 0 30 0 0
0.5360 0.0319 -0.0586 0 30 0 0
0.5360 0.0319 -0.0586 0 30 0 0
0.5360 0.0319 -0.0586 0 30 0 0
0.5360 0.0319 -0.0586 0 30 0 0
0.5360 0.0319 -0.0586 0 0 0 0
0.5160 0.0314 -0.0563 0 30 0 0
0.5180 0.0314 -0.0538 0 30 0 0
0.5100 0.0315 -0.0553 0 30 0 0
0.5140 0.0312 -0.0558 0 30 0 0
0.5100 0.0313 -0.0649 0 30 0 0
0.5120 0.0313 -0.0649 0 30 0 0
0.5180 0.0315 -0.0635 0 30 0 0
0.5220 0.0316 -0.0628 0 30 0 0
0.5220 0.0316 -0.0628 0 30 0 0
0.5220 0.0316 -0.0628 0 30 0 0
0.5220 0.0316 -0.0628 0 30 0 0
0.5220 0.0316 -0.0628 0 30 0 0
0.5220 0.0316 -0.0628 0 30 0 0
0.5200 0.0315 -0.0652 0 30 0 0
0.5200 0.0315 -0.0652 0 30 0 0
0.5200 0.0315 -0.0652 0 30 0 0
0.5200 0.0315 -0.0652 0 30 0 0
0.5300 0.0316 -0.0647 0 30 0 0
0.5300 0.0316 -0.0647 0 30 0 0
0.5300 0.0316 -0.0647 0 30 0 0
0.5300 0.0316 -0.0647 0 30 0 0
0.5040 0.0315 -0.0645 0 0 0 0
0.5080 0.0315 -0.0640 0 30 0 0
0.5320 0.0315 -0.0646 0 30 0 0
0.5240 0.0318 -0.0681 0 30 0 0
0.5240 0.0318 -0.0681 0 30 0 0
0.5320 0.0317 -0.0700 0 30 0 0
0.5320 0.0317 -0.0700 0 30 0 0
0.5320 0.0317 -0.0700 0 30 0 0
0.5320 0.0320 -0.0663 0 30 0 0
0.5260 0.0320 -0.0663 0 30 0 0
0.5260 0.0320 -0.0663 0 30 0 0
0.5260 0.0320 -0.0663 0 30 0 0
0.5260 0.0320 -0.0663 0 30 0 0
0.5260 0.0320 -0.0663 0 30 0 0
0.5320 0.0322 -0.0629 0 30 0 0
0.5320 0.0322 -0.0629 0 30 0 0
0.5320 0.0322 -0.0629 0 30 0 0
0.5320 0.0322 -0.0629 0 30 0 0
0.5200 0.0322 -0.0598 0 30 0 0
0.5200 0.0322 -0.0598 0 30 0 0
0.5200 0.0322 -0.0598 0 30 0 0
0.5180 0.0322 -0.0596 0 30 0 0
0.5180 0.0322 -0.0596 0 30 0 0
0.5180 0.0322 -0.0596 0 30 0 0
0.5180 0.0322 -0.0596 0 30 0 0
0.5180 0.0322 -0.0596 0 30 0 0
0.5280 0.0321 -0.0599 0 30 0 0
0.5280 0.0321 -0.0599 0 30 0 0
0.5280 0.0321 -0.0599 0 30 0 0
0.5280 0.0321 -0.0599 0 30 0 0
0.5280 0.0320 -0.0611 0 30 0 0
0.5100 0.0320 -0.0611 0 30 0 0
0.5100 0.0320 -0.0611 0 30 0 0
0.5100 0.0320 -0.0611 0 30 0 0
0.5100 0.0320 -0.0611 0 30 0 0
0.5100 0.0321 -0.0622 0 30 0 0
0.5260 0.0321 -0.0622 0 30 0 0
0.5260 0.0321 -0.0622 0 30 0 0
0.5260 0.0321 -0.0622 0 30 0 0
0.5260 0.0321 -0.0622 0 30 0 0
0.5220 0.0323 -0.0617 0 30 0 0
0.5220 0.0323 -0.0617 0 30 0 0
0.5220 0.0323 -0.0617 0 30 0 0
0.5220 0.0323 -0.0617 0 30 0 0
0.5220 0.0323 -0.0617 0 30 0 0
0.5380 0.0326 -0.0743 0 30 0 0
0.5380 0.0326 -0.0743 0 30 0 0
0.5380 0.0326 -0.0743 0 30 0 0
0.5380 0.0326 -0.0743 0 30 0 0
0.5380 0.0326 -0.0743 0 30 0 0
0.5380 0.0326 -0.0743 0 30 0 0
0.5380 0.0326 -0.0743 0 30 0 0
0.5380 0.0326 -0.0743 0 30 0 0
0.5380 0.0330 -0.0802 0 30 0 0
0.5340 0.0330 -0.0802 0 30 0 0
0.5340 0.0330 -0.0802 0 30 0 0
0.5340 0.0330 -0.0802 0 30 0 0
0.5320 0.0332 -0.0956 0 30 0 0
0.5320 0.0332 -0.0956 0 30 0 0
0.5380 0.0333 -0.0959 0 30 0 0
0.5380 0.0333 -0.0959 0 30 0 0
0.5380 0.0333 -0.0959 0 30 0 0
0.5380 0.0333 -0.0959 0 30 0 0
0.5220 0.0333 -0.0961 0 30 0 0
0.5220 0.0333 -0.0961 0 30 0 0
0.5220 0.0333 -0.0961 0 30 0 0
0.5220 0.0333 -0.0961 0 30 0 0
0.5440 0.0329 -0.0952 0 30 0 0
0.5440 0.0329 -0.0952 0 30 0 0
0.5440 0.0329 -0.0952 0 0 0 0
0.5500 0.0331 -0.0936 0 30 0 0
0.5280 0.0325 -0.0908 0 30 0 0
0.5460 0.0322 -0.0877 0 30 0 0
0.5460 0.0322 -0.0877 0 30 0 0
0.5460 0.0322 -0.0877 0 30 0 0
0.5320 0.0324 -0.0861 0 30 0 0
0.5300 0.0330 -0.0865 0 30 0 0
0.5320 0.0334 -0.0852 0 30 0 0
0.5320 0.0334 -0.0852 0 30 0 0
0.5320 0.0334 -0.0852 0 30 0 0
0.5180 0.0338 -0.0859 0 30 0 0
0.5180 0.0338 -0.0859 0 30 0 0
0.5180 0.0338 -0.0859 0 30 0 0
0.5180 0.0338 -0.0859 0 0 0 0
0.5160 0.0338 -0.0848 0 0 0 30
0.5180 0.0330 -0.0871 0 0 0 30
0.5320 0.0330 -0.0871 0 0 0 30
0.5320 0.0330 -0.0871 0 0 0 30
0.5320 0.0330 -0.0871 0 0 0 30
0.5320 0.0330 -0.0871 0 0 0 30
0.5320 0.0330 -0.0871 0 0 0 30
0.5320 0.0330 -0.0871 0 0 0 0
0.5320 0.0330 -0.0871 0 0 0 30
0.5300 0.0322 -0.0895 0 0 0 30
0.5160 0.0322 -0.0913 0 0 0 30
0.5280 0.0322 -0.0913 0 0 0 30
0.5020 0.0325 -0.0932 0 0 0 30
0.5080 0.0331 -0.0919 0 0 0 30
0.5300 0.0335 -0.0883 0 0 0 0
0.5300 0.0340 -0.1181 0 0 0 30
0.5380 0.0340 -0.1132 0 0 0 30
0.5380 0.0337 -0.1196 0 0 0 30
0.5380 0.0337 -0.1196 0 0 0 30
0.5160 0.0336 -0.1165 0 0 0 30
0.5160 0.0336 -0.1165 0 0 0 30
0.5160 0.0336 -0.1165 0 0 0 30
0.5160 0.0336 -0.1165 0 0 0 0
0.4960 0.0338 -0.1278 0 0 0 30
0.5260 0.0349 -0.1334 0 0 0 30
0.5260 0.0349 -0.1334 0 0 0 30
0.5260 0.0349 -0.1334 0 0 0 30
0.5260 0.0349 -0.1334 0 0 0 30
0.5260 0.0349 -0.1334 0 0 0 30
0.5260 0.0349 -0.1334 0 0 0 30
0.5260 0.0349 -0.1334 0 0 0 30
0.5260 0.0349 -0.1334 0 0 0 30
0.5260 0.0349 -0.1334 0 0 0 30
0.5260 0.0349 -0.1334 0 0 0 30
0.5260 0.0349 -0.1334 0 0 0 0
0.5360 0.0346 -0.1302 0 0 0 30
0.5280 0.0339 -0.1479 0 0 0 30
0.5380 0.0338 -0.1443 0 0 0 30
0.5240 0.0334 -0.1355 0 0 0 30
0.5240 0.0334 -0.1355 0 0 0 30
0.5240 0.0334 -0.1355 0 0 0 30
0.5240 0.0334 -0.1355 0 0 0 30
0.5260 0.0329 -0.1294 0 0 0 30
0.5260 0.0329 -0.1294 0 0 0 30
0.5260 0.0329 -0.1294 0 0 0 0
0.5140 0.0342 -0.1172 0 30 0 0
0.5140 0.0342 -0.1172 0 30 0 0
0.5140 0.0342 -0.1172 0 30 0 0
0.5140 0.0342 -0.1172 0 30 0 0
0.5140 0.0345 -0.1114 0 30 0 0
0.5340 0.0347 -0.1058 0 30 0 0
0.5140 0.0343 -0.1013 0 30 0 0
0.5120 0.0343 -0.1013 0 30 0 0
0.5180 0.0336 -0.0985 0 30 0 0
0.5120 0.0332 -0.0952 0 30 0 0
0.5180 0.0329 -0.0940 0 30 0 0
0.5180 0.0329 -0.0940 0 30 0 0
0.5180 0.0329 -0.0940 0 30 0 0
0.5180 0.0329 -0.0940 0 30 0 0
0.5180 0.0329 -0.0940 0 30 0 0
0.5000 0.0328 -0.0917 0 0 0 0
0.5040 0.0327 -0.0892 0 30 0 0
0.5080 0.0331 -0.0888 0 30 0 0
0.4920 0.0331 -0.0927 0 30 0 0
0.5140 0.0331 -0.0927 0 30 0 0
0.5140 0.0331 -0.0927 0 30 0 0
0.5020 0.0330 -0.0922 0 30 0 0
0.5020 0.0330 -0.0922 0 30 0 0
0.5020 0.0330 -0.0928 0 30 0 0
0.5020 0.0330 -0.0928 0 0 0 0
0.5100 0.0325 -0.0903 0 0 0 30
0.5220 0.0326 -0.0901 0 0 0 30
0.5060 0.0325 -0.0906 0 0 0 30
0.4820 0.0327 -0.0933 0 0 0 30
0.4980 0.0328 -0.0927 0 0 0 30
0.4840 0.0328 -0.0917 0 0 0 30
0.4840 0.0328 -0.0917 0 0 0 30
0.4840 0.0328 -0.0917 0 0 0 30
0.5060 0.0327 -0.0928 0 0 0 30
0.5060 0.0327 -0.0928 0 0 0 30
0.5120 0.0326 -0.0931 0 0 0 0
0.4740 0.0324 -0.0927 0 0 0 30
0.5020 0.0315 -0.0890 0 0 0 30
0.5000 0.0315 -0.0865 0 0 0 30
0.4940 0.0315 -0.0865 0 0 0 30
0.5000 0.0315 -0.0827 0 0 0 30
0.5000 0.0315 -0.0827 0 0 0 30
0.5000 0.0315 -0.0827 0 0 0 30
0.5000 0.0318 -0.0821 0 0 0 30
0.5000 0.0318 -0.0821 0 0 0 30
0.5000 0.0318 -0.0821 0 0 0 0
0.5020 0.0320 -0.0816 0 0 0 30
0.4840 0.0319 -0.0795 0 0 0 30
0.4900 0.0319 -0.0795 0 0 0 30
0.4900 0.0319 -0.0795 0 0 0 30
0.4860 0.0319 -0.0780 0 0 0 30
0.4860 0.0319 -0.0780 0 0 0 30
0.4860 0.0319 -0.0780 0 0 0 30
0.5000 0.0319 -0.0763 0 0 0 0
0.5000 0.0319 -0.0763 0 30 0 0
0.5000 0.0319 -0.0763 0 30 0 0
0.5100 0.0325 -0.0694 0 30 0 0
0.5100 0.0325 -0.0694 0 30 0 0
0.5100 0.0325 -0.0694 0 30 0 0
0.5100 0.0325 -0.0694 0 30 0 0
0.5100 0.0325 -0.0694 0 30 0 0
0.5100 0.0325 -0.0694 0 30 0 0
0.5240 0.0329 -0.0684 0 30 0 0
0.5240 0.0329 -0.0684 0 30 0 0
0.5020 0.0329 -0.0662 0 30 0 0
0.5020 0.0329 -0.0662 0 30 0 0
0.5020 0.0329 -0.0662 0 30 0 0
0.5020 0.0329 -0.0662 0 30 0 0
0.5020 0.0329 -0.0662 0 30 0 0
0.5020 0.0329 -0.0662 0 30 0 0
0.5020 0.0325 -0.0638 0 30 0 0
0.5020 0.0325 -0.0638 0 30 0 0
0.5020 0.0325 -0.0638 0 0 0 0
0.5120 0.0325 -0.0610 0 30 0 0
0.4880 0.0324 -0.0605 0 30 0 0
0.5140 0.0320 -0.0600 0 30 0 0
0.5140 0.0320 -0.0600 0 30 0 0
0.5140 0.0320 -0.0600 0 30 0 0
0.5120 0.0319 -0.0598 0 30 0 0
0.5120 0.0319 -0.0598 0 30 0 0
0.5120 0.0319 -0.0598 0 30 0 0
0.5120 0.0319 -0.0598 0 30 0 0
0.5120 0.0319 -0.0598 0 30 0 0
0.5120 0.0319 -0.0598 0 0 0 0
0.4960 0.0316 -0.0574 0 30 0 0
0.4940 0.0316 -0.0577 0 30 0 0
0.5140 0.0319 -0.0583 0 30 0 0
0.5140 0.0319 -0.0583 0 30 0 0
0.5420 0.0318 -0.0581 0 30 0 0
0.5300 0.0317 -0.0584 0 30 0 0
0.5300 0.0317 -0.0584 0 30 0 0
0.5300 0.0317 -0.0584 0 30 0 0
0.5300 0.0317 -0.0584 0 30 0 0
0.5300 0.0317 -0.0584 0 30 0 0
0.5000 0.0316 -0.0594 0 30 0 0
0.5000 0.0316 -0.0594 0 30 0 0
0.5000 0.0316 -0.0594 0 0 0 0
0.5000 0.0315 -0.0676 0 30 0 0
0.5140 0.0313 -0.0689 0 30 0 0
0.5140 0.0313 -0.0689 0 30 0 0
0.5080 0.0314 -0.0692 0 30 0 0
0.5080 0.0314 -0.0692 0 30 0 0
0.5080 0.0314 -0.0692 0 30 0 0
0.4980 0.0319 -0.0697 0 30 0 0
0.4980 0.0319 -0.0697 0 30 0 0
0.5220 0.0323 -0.0722 0 30 0 0
0.5220 0.0323 -0.0722 0 30 0 0
0.5220 0.0323 -0.0722 0 30 0 0
0.5220 0.0323 -0.0722 0 30 0 0
0.5220 0.0323 -0.0722 0 0 0 0
0.5140 0.0325 -0.0711 0 30 0 0
0.5220 0.0325 -0.0716 0 30 0 0
0.5280 0.0328 -0.0684 0 30 0 0
0.5280 0.0328 -0.0684 0 30 0 0
0.5280 0.0328 -0.0684 0 30 0 0
0.5280 0.0328 -0.0684 0 30 0 0
0.5280 0.0328 -0.0684 0 30 0 0
0.5280 0.0328 -0.0684 0 30 0 0
0.5280 0.0328 -0.0684 0 30 0 0
0.5280 0.0328 -0.0684 0 30 0 0
0.5280 0.0328 -0.0684 0 30 0 0
0.5280 0.0328 -0.0684 0 30 0 0
0.5280 0.0328 -0.0684 0 30 0 0
0.5280 0.0328 -0.0684 0 30 0 0
0.5280 0.0328 -0.0684 0 30 0 0
0.5280 0.0328 -0.0684 0 30 0 0
0.5280 0.0328 -0.0684 0 30 0 0
0.5180 0.0329 -0.0692 0 30 0 0
0.5220 0.0329 -0.0688 0 0 0 0
0.5260 0.0342 -0.0740 0 30 0 0
0.5200 0.0340 -0.0751 0 30 0 0
0.5140 0.0339 -0.0757 0 30 0 0
0.5260 0.0336 -0.0760 0 30 0 0
0.5260 0.0331 -0.0768 0 30 0 0
0.5200 0.0331 -0.0768 0 30 0 0
0.5200 0.0331 -0.0768 0 30 0 0
0.5200 0.0331 -0.0768 0 30 0 0
0.5200 0.0331 -0.0768 0 30 0 0
0.5240 0.0329 -0.0753 0 30 0 0
0.5240 0.0329 -0.0753 0 30 0 0
0.5240 0.0329 -0.0753 0 30 0 0
0.5240 0.0329 -0.0753 0 30 0 0
0.5120 0.0324 -0.0754 0 30 0 0
0.5120 0.0324 -0.0754 0 30 0 0
0.5120 0.0324 -0.0754 0 30 0 0
0.5120 0.0324 -0.0754 0 30 0 0
0.5160 0.0321 -0.0750 0 30 0 0
0.5160 0.0321 -0.0750 0 30 0 0
0.5160 0.0321 -0.0750 0 0 0 0
0.4980 0.0325 -0.0762 0 30 0 0
0.5140 0.0326 -0.0765 0 30 0 0
0.5400 0.0325 -0.0763 0 30 0 0
0.5400 0.0325 -0.0763 0 30 0 0
0.5040 0.0324 -0.0778 0 30 0 0
0.5040 0.0324 -0.0778 0 30 0 0
0.5040 0.0324 -0.0778 0 30 0 0
0.5120 0.0322 -0.0790 0 30 0 0
0.5120 0.0322 -0.0790 0 30 0 0
0.5120 0.0322 -0.0790 0 30 0 0
0.5120 0.0322 -0.0790 0 30 0 0
0.5420 0.0322 -0.0787 0 30 0 0
0.5420 0.0322 -0.0787 0 30 0 0
0.5420 0.0322 -0.0787 0 30 0 0
0.5420 0.0322 -0.0787 0 30 0 0
0.5420 0.0322 -0.0787 0 30 0 0
0.5280 0.0323 -0.0771 0 30 0 0
0.5280 0.0323 -0.0771 0 30 0 0
0.5280 0.0323 -0.0771 0 30 0 0
0.5280 0.0323 -0.0771 0 30 0 0
0.5280 0.0323 -0.0753 0 30 0 0
0.5100 0.0323 -0.0753 0 0 0 0
0.5000 0.0315 -0.0698 0 30 0 0
0.5180 0.0316 -0.0695 0 30 0 0
0.5180 0.0317 -0.0674 0 30 0 0
0.5080 0.0318 -0.0659 0 30 0 0
0.5180 0.0318 -0.0672 0 30 0 0
0.5240 0.0316 -0.0683 0 30 0 0
0.5240 0.0316 -0.0683 0 30 0 0
0.5240 0.0316 -0.0683 0 30 0 0
0.5140 0.0318 -0.0682 0 30 0 0
0.5140 0.0318 -0.0682 0 30 0 0
0.5140 0.0318 -0.0682 0 30 0 0
0.5140 0.0317 -0.0672 0 30 0 0
0.5220 0.0317 -0.0672 0 30 0 0
0.5220 0.0317 -0.0672 0 30 0 0
0.5220 0.0317 -0.0672 0 30 0 0
0.5220 0.0317 -0.0672 0 0 0 0
0.5160 0.0312 -0.0706 0 30 0 0
0.5340 0.0312 -0.0703 0 30 0 0
0.5200 0.0313 -0.0701 0 30 0 0
0.5340 0.0313 -0.0685 0 30 0 0
0.5340 0.0313 -0.0685 0 30 0 0
0.5340 0.0313 -0.0685 0 30 0 0
0.5340 0.0313 -0.0685 0 30 0 0
0.5340 0.0313 -0.0709 0 30 0 0
0.5200 0.0313 -0.0709 0 30 0 0
0.5200 0.0313 -0.0709 0 30 0 0
0.5200 0.0313 -0.0709 0 30 0 0
0.5200 0.0313 -0.0709 0 30 0 0
0.5180 0.0311 -0.0699 0 30 0 0
0.5180 0.0311 -0.0699 0 30 0 0
0.5180 0.0311 -0.0699 0 30 0 0
0.5180 0.0311 -0.0699 0 30 0 0
0.5180 0.0314 -0.0701 0 30 0 0
0.5140 0.0314 -0.0701 0 0 0 0
0.5280 0.0320 -0.0697 0 30 0 0
0.5240 0.0320 -0.0675 0 30 0 0
0.5300 0.0320 -0.0683 0 30 0 0
0.5280 0.0318 -0.0694 0 30 0 0
0.5200 0.0320 -0.0688 0 30 0 0
0.5340 0.0321 -0.0702 0 30 0 0
0.5320 0.0322 -0.0723 0 30 0 0
0.5320 0.0322 -0.0723 0 30 0 0
0.5320 0.0322 -0.0723 0 30 0 0
0.5320 0.0322 -0.0723 0 30 0 0
0.5300 0.0322 -0.0706 0 30 0 0
0.5300 0.0322 -0.0706 0 30 0 0
0.5300 0.0322 -0.0706 0 30 0 0
0.5300 0.0323 -0.0693 0 30 0 0
0.5460 0.0323 -0.0693 0 30 0 0
0.5460 0.0323 -0.0693 0 30 0 0
0.5460 0.0323 -0.0693 0 30 0 0
0.5460 0.0323 -0.0693 0 30 0 0
0.5460 0.0323 -0.0693 0 30 0 0
0.5460 0.0323 -0.0693 0 30 0 0
0.5320 0.0326 -0.0674 0 30 0 0
0.5320 0.0326 -0.0674 0 30 0 0
0.5320 0.0324 -0.0714 0 30 0 0
0.5320 0.0324 -0.0714 0 30 0 0
0.5320 0.0324 -0.0714 0 30 0 0
0.5320 0.0324 -0.0714 0 30 0 0
0.5320 0.0323 -0.0724 0 30 0 0
0.5380 0.0323 -0.0724 0 30 0 0
0.5380 0.0323 -0.0724 0 30 0 0
0.5380 0.0323 -0.0724 0 30 0 0
0.5380 0.0323 -0.0724 0 30 0 0
0.5380 0.0323 -0.0724 0 30 0 0
0.5380 0.0323 -0.0724 0 30 0 0
0.5440 0.0321 -0.0708 0 30 0 0
0.5440 0.0321 -0.0708 0 30 0 0
0.5440 0.0321 -0.0708 0 30 0 0
0.5300 0.0319 -0.0638 0 30 0 0
0.5300 0.0319 -0.0638 0 30 0 0
0.5300 0.0319 -0.0638 0 30 0 0
0.5300 0.0319 -0.0638 0 30 0 0
0.5240 0.0317 -0.0625 0 30 0 0
0.5240 0.0317 -0.0625 0 30 0 0
0.5240 0.0317 -0.0625 0 30 0 0
0.5240 0.0317 -0.0625 0 30 0 0
0.5240 0.0317 -0.0625 0 30 0 0
0.5240 0.0317 -0.0625 0 30 0 0
0.5200 0.0319 -0.0546 0 30 0 0
0.5200 0.0319 -0.0546 0 30 0 0
0.5200 0.0319 -0.0546 0 30 0 0
0.5360 0.0319 -0.0565 0 30 0 0
0.5360 0.0319 -0.0565 0 30 0 0
0.5360 0.0319 -0.0565 0 30 0 0
0.5360 0.0319 -0.0565 0 30 0 0
0.5380 0.0321 -0.0561 0 30 0 0
0.5380 0.0321 -0.0561 0 30 0 0
0.5380 0.0321 -0.0561 0 30 0 0
0.5380 0.0321 -0.0561 0 30 0 0
0.5380 0.0321 -0.0561 0 30 0 0
0.5380 0.0321 -0.0561 0 30 0 0
0.5180 0.0321 -0.0601 0 30 0 0
0.5180 0.0321 -0.0601 0 30 0 0
0.5180 0.0321 -0.0601 0 30 0 0
0.5280 0.0322 -0.0605 0 30 0 0
0.5280 0.0322 -0.0605 0 30 0 0
0.5280 0.0322 -0.0605 0 30 0 0
0.5000 0.0323 -0.0635 0 30 0 0
0.5000 0.0323 -0.0635 0 30 0 0
0.5000 0.0323 -0.0635 0 30 0 0
0.5000 0.0323 -0.0635 0 30 0 0
0.5000 0.0323 -0.0635 0 30 0 0
0.5000 0.0323 -0.0635 0 30 0 0
0.5000 0.0323 -0.0635 0 30 0 0
0.5100 0.0325 -0.0598 0 30 0 0
0.5100 0.0325 -0.0598 0 30 0 0
0.5100 0.0325 -0.0598 0 30 0 0
0.5100 0.0324 -0.0605 0 30 0 0
0.5100 0.0324 -0.0605 0 30 0 0
0.5100 0.0324 -0.0605 0 30 0 0
0.5100 0.0324 -0.0605 0 30 0 0
0.5100 0.0324 -0.0571 0 30 0 0
0.5260 0.0324 -0.0571 0 30 0 0
0.5260 0.0324 -0.0571 0 30 0 0
0.5260 0.0324 -0.0571 0 30 0 0
0.5260 0.0324 -0.0571 0 30 0 0
0.5260 0.0324 -0.0571 0 30 0 0
0.5360 0.0324 -0.0536 0 30 0 0
0.5360 0.0324 -0.0536 0 30 0 0
0.5360 0.0324 -0.0536 0 30 0 0
0.5360 0.0323 -0.0547 0 30 0 0
0.5280 0.0323 -0.0547 0 30 0 0
0.5280 0.0323 -0.0547 0 30 0 0
0.5280 0.0323 -0.0547 0 30 0 0
0.5280 0.0323 -0.0547 0 30 0 0
0.5320 0.0323 -0.0487 0 30 0 0
0.5320 0.0323 -0.0487 0 30 0 0
0.5320 0.0323 -0.0487 0 30 0 0
0.5320 0.0323 -0.0487 0 30 0 0
0.5320 0.0323 -0.0487 0 30 0 0
0.5260 0.0324 -0.0489 0 30 0 0
0.5260 0.0324 -0.0489 0 30 0 0
0.5260 0.0324 -0.0489 0 30 0 0
0.5200 0.0324 -0.0434 0 30 0 0
0.5200 0.0324 -0.0434 0 30 0 0
0.5200 0.0324 -0.0434 0 30 0 0
0.5200 0.0324 -0.0434 0 30 0 0
0.4920 0.0324 -0.0426 0 0 0 0
0.5200 0.0320 -0.0379 0 30 0 0
0.5040 0.0315 -0.0376 0 30 0 0
0.5120 0.0314 -0.0405 0 30 0 0
0.5040 0.0314 -0.0417 0 30 0 0
0.5240 0.0313 -0.0449 0 30 0 0
0.5240 0.0313 -0.0449 0 30 0 0
0.5200 0.0316 -0.0462 0 30 0 0
0.5200 0.0316 -0.0462 0 30 0 0
0.5200 0.0316 -0.0462 0 30 0 0
0.5080 0.0319 -0.0465 0 30 0 0
0.5080 0.0319 -0.0465 0 30 0 0
0.5080 0.0319 -0.0465 0 30 0 0
0.5080 0.0319 -0.0465 0 30 0 0
0.5080 0.0319 -0.0465 0 30 0 0
0.5080 0.0319 -0.0465 0 30 0 0
0.5220 0.0321 -0.0479 0 30 0 0
0.5220 0.0321 -0.0479 0 30 0 0
0.5220 0.0321 -0.0479 0 30 0 0
0.5220 0.0321 -0.0486 0 30 0 0
0.5220 0.0321 -0.0486 0 30 0 0
0.5220 0.0321 -0.0486 0 30 0 0
0.5220 0.0321 -0.0486 0 30 0 0
0.5220 0.0321 -0.0486 0 30 0 0
0.5440 0.0321 -0.0512 0 30 0 0
0.5440 0.0321 -0.0512 0 30 0 0
0.5440 0.0321 -0.0512 0 30 0 0
0.5440 0.0321 -0.0512 0 30 0 0
0.5440 0.0321 -0.0512 0 30 0 0
0.5440 0.0320 -0.0521 0 30 0 0
0.5260 0.0320 -0.0521 0 30 0 0
0.5260 0.0320 -0.0521 0 30 0 0
0.5260 0.0320 -0.0521 0 30 0 0
0.5220 0.0321 -0.0542 0 30 0 0
0.5220 0.0321 -0.0542 0 30 0 0
0.5220 0.0321 -0.0542 0 30 0 0
0.5220 0.0321 -0.0542 0 30 0 0
0.5280 0.0319 -0.0555 0 30 0 0
0.5280 0.0319 -0.0555 0 30 0 0
0.5280 0.0319 -0.0555 0 30 0 0
0.5280 0.0319 -0.0555 0 30 0 0
0.5280 0.0319 -0.0555 0 30 0 0
0.4820 0.0320 -0.0621 0 30 0 0
0.4820 0.0320 -0.0621 0 30 0 0
0.4820 0.0320 -0.0621 0 30 0 0
0.5080 0.0320 -0.0620 0 30 0 0
0.5080 0.0320 -0.0620 0 30 0 0
0.5080 0.0320 -0.0620 0 30 0 0
0.5080 0.0320 -0.0620 0 30 0 0
0.5100 0.0321 -0.0612 0 30 0 0
0.5100 0.0321 -0.0612 0 30 0 0
0.5100 0.0321 -0.0612 0 30 0 0
0.5100 0.0321 -0.0612 0 30 0 0
0.5100 0.0321 -0.0612 0 30 0 0
0.5100 0.0321 -0.0612 0 30 0 0
0.5160 0.0320 -0.0616 0 30 0 0
0.5160 0.0320 -0.0616 0 30 0 0
0.5160 0.0320 -0.0616 0 30 0 0
0.5140 0.0321 -0.0651 0 30 0 0
0.5140 0.0321 -0.0651 0 30 0 0
0.5140 0.0321 -0.0651 0 30 0 0
0.5140 0.0321 -0.0651 0 30 0 0
0.5140 0.0317 -0.0644 0 30 0 0
0.5140 0.0317 -0.0644 0 30 0 0
0.5140 0.0317 -0.0644 0 30 0 0
0.5140 0.0317 -0.0644 0 30 0 0
0.5140 0.0317 -0.0644 0 30 0 0
0.5140 0.0317 -0.0644 0 30 0 0
0.5140 0.0317 -0.0644 0 30 0 0
0.5340 0.0314 -0.0629 0 30 0 0
0.5340 0.0314 -0.0629 0 30 0 0
0.5340 0.0314 -0.0629 0 30 0 0
0.5340 0.0314 -0.0629 0 30 0 0
0.5340 0.0314 -0.0629 0 30 0 0
0.5340 0.0314 -0.0629 0 30 0 0
0.5340 0.0314 -0.0629 0 30 0 0
0.5340 0.0314 -0.0629 0 30 0 0
0.5340 0.0314 -0.0629 0 30 0 0
0.5340 0.0314 -0.0629 0 30 0 0
0.5340 0.0314 -0.0629 0 30 0 0
0.5340 0.0316 -0.0630 0 30 0 0
0.5300 0.0315 -0.0622 0 30 0 0
0.5320 0.0316 -0.0611 0 30 0 0
0.5320 0.0316 -0.0611 0 30 0 0
0.5320 0.0316 -0.0611 0 30 0 0
0.5260 0.0315 -0.0616 0 30 0 0
0.5260 0.0315 -0.0616 0 30 0 0
0.5260 0.0315 -0.0616 0 30 0 0
0.5260 0.0315 -0.0616 0 30 0 0
0.5260 0.0315 -0.0616 0 30 0 0
0.5260 0.0315 -0.0616 0 30 0 0
0.5260 0.0316 -0.0586 0 30 0 0
0.5300 0.0316 -0.0586 0 30 0 0
0.5300 0.0316 -0.0586 0 30 0 0
0.5300 0.0316 -0.0586 0 30 0 0
0.5180 0.0319 -0.0583 0 30 0 0
0.5180 0.0319 -0.0583 0 30 0 0
0.5180 0.0319 -0.0583 0 30 0 0
0.5320 0.0320 -0.0591 0 30 0 0
0.5320 0.0320 -0.0591 0 30 0 0
0.5320 0.0320 -0.0591 0 30 0 0
0.5320 0.0320 -0.0591 0 30 0 0
0.5320 0.0320 -0.0591 0 30 0 0
0.5200 0.0323 -0.0593 0 30 0 0
0.5200 0.0323 -0.0593 0 30 0 0
0.5200 0.0323 -0.0593 0 30 0 0
0.5200 0.0323 -0.0593 0 30 0 0
0.5200 0.0323 -0.0593 0 30 0 0
0.5180 0.0325 -0.0628 0 30 0 0
0.5180 0.0325 -0.0628 0 30 0 0
0.5180 0.0325 -0.0628 0 30 0 0
0.5180 0.0325 -0.0628 0 30 0 0
0.5320 0.0329 -0.0623 0 30 0 0
0.5320 0.0329 -0.0623 0 30 0 0
0.5320 0.0329 -0.0623 0 30 0 0
0.5320 0.0329 -0.0623 0 30 0 0
0.5320 0.0329 -0.0623 0 30 0 0
0.5180 0.0329 -0.0618 0 30 0 0
0.5180 0.0329 -0.0618 0 30 0 0
0.5180 0.0329 -0.0618 0 30 0 0
0.5180 0.0329 -0.0618 0 30 0 0
0.5180 0.0329 -0.0618 0 30 0 0
0.5340 0.0328 -0.0620 0 30 0 0
0.5340 0.0328 -0.0620 0 30 0 0
0.5340 0.0326 -0.0618 0 30 0 0
0.5340 0.0326 -0.0618 0 30 0 0
0.5340 0.0326 -0.0618 0 30 0 0
0.5340 0.0326 -0.0618 0 30 0 0
0.5340 0.0326 -0.0618 0 30 0 0
0.5340 0.0326 -0.0618 0 30 0 0
0.5340 0.0326 -0.0618 0 30 0 0
0.5180 0.0326 -0.0630 0 30 0 0
0.5180 0.0326 -0.0630 0 30 0 0
0.5180 0.0326 -0.0630 0 30 0 0
0.5180 0.0326 -0.0630 0 30 0 0
0.5180 0.0326 -0.0630 0 30 0 0
0.5160 0.0329 -0.0624 0 30 0 0
0.5160 0.0329 -0.0624 0 30 0 0
0.5160 0.0329 -0.0624 0 30 0 0
0.5160 0.0331 -0.0630 0 30 0 0
0.5160 0.0331 -0.0630 0 30 0 0
0.5160 0.0331 -0.0630 0 30 0 0
0.5160 0.0331 -0.0630 0 30 0 0
0.5160 0.0331 -0.0630 0 30 0 0
0.5160 0.0331 -0.0630 0 30 0 0
0.5260 0.0331 -0.0630 0 30 0 0
0.5260 0.0331 -0.0630 0 30 0 0
0.5260 0.0331 -0.0630 0 30 0 0
0.5260 0.0331 -0.0630 0 30 0 0
0.5360 0.0331 -0.0636 0 30 0 0
0.5360 0.0331 -0.0636 0 30 0 0
0.5360 0.0331 -0.0636 0 30 0 0
0.5380 0.0330 -0.0632 0 30 0 0
0.5380 0.0330 -0.0632 0 30 0 0
0.5380 0.0330 -0.0632 0 30 0 0
0.5380 0.0330 -0.0632 0 30 0 0
0.5380 0.0330 -0.0632 0 30 0 0
0.5400 0.0327 -0.0631 0 30 0 0
0.5400 0.0327 -0.0631 0 30 0 0
0.5400 0.0327 -0.0631 0 30 0 0
0.5400 0.0327 -0.0631 0 30 0 0
0.5400 0.0327 -0.0631 0 30 0 0
0.5360 0.0329 -0.0638 0 0 0 0
0.5360 0.0325 -0.0652 0 30 0 0
0.5360 0.0327 -0.0641 0 30 0 0
0.5360 0.0333 -0.0645 0 30 0 0
0.5360 0.0330 -0.0635 0 30 0 0
0.5400 0.0325 -0.0608 0 30 0 0
0.5280 0.0321 -0.0609 0 30 0 0
0.5260 0.0321 -0.0635 0 30 0 0
0.5480 0.0320 -0.0648 0 30 0 0
0.5480 0.0320 -0.0648 0 30 0 0
0.5480 0.0320 -0.0648 0 30 0 0
0.5480 0.0320 -0.0648 0 30 0 0
0.5480 0.0320 -0.0648 0 30 0 0
0.5480 0.0320 -0.0648 0 30 0 0
0.5380 0.0321 -0.0660 0 30 0 0
0.5380 0.0321 -0.0660 0 30 0 0
0.5380 0.0321 -0.0660 0 30 0 0
0.5380 0.0321 -0.0660 0 30 0 0
0.5380 0.0321 -0.0660 0 30 0 0
0.5280 0.0322 -0.0657 0 30 0 0
0.5280 0.0322 -0.0657 0 30 0 0
0.5280 0.0322 -0.0657 0 30 0 0
0.5460 0.0321 -0.0640 0 30 0 0
0.5460 0.0321 -0.0640 0 30 0 0
0.5460 0.0321 -0.0640 0 30 0 0
0.5460 0.0321 -0.0640 0 30 0 0
0.5460 0.0321 -0.0640 0 30 0 0
0.5460 0.0319 -0.0610 0 30 0 0
0.5460 0.0319 -0.0610 0 30 0 0
0.5460 0.0319 -0.0610 0 30 0 0
0.5460 0.0319 -0.0610 0 30 0 0
0.5460 0.0319 -0.0610 0 30 0 0
0.5460 0.0319 -0.0610 0 30 0 0
0.5200 0.0317 -0.0592 0 30 0 0
0.5200 0.0317 -0.0592 0 30 0 0
0.5200 0.0317 -0.0592 0 30 0 0
0.5200 0.0317 -0.0592 0 30 0 0
0.5360 0.0318 -0.0565 0 30 0 0
0.5360 0.0318 -0.0565 0 30 0 0
0.5360 0.0318 -0.0565 0 30 0 0
0.5360 0.0318 -0.0565 0 30 0 0
0.5260 0.0318 -0.0561 0 30 0 0
0.5260 0.0318 -0.0561 0 30 0 0
0.5260 0.0318 -0.0561 0 30 0 0
0.5260 0.0318 -0.0561 0 30 0 0
0.5260 0.0318 -0.0561 0 30 0 0
0.5260 0.0322 -0.0572 0 30 0 0
0.5260 0.0322 -0.0572 0 30 0 0
0.5300 0.0323 -0.0573 0 30 0 0
0.5300 0.0323 -0.0573 0 30 0 0
0.5300 0.0323 -0.0573 0 30 0 0
0.5300 0.0323 -0.0573 0 30 0 0
0.5300 0.0323 -0.0573 0 30 0 0
0.5300 0.0323 -0.0573 0 30 0 0
0.5260 0.0324 -0.0577 0 0 0 0
0.5080 0.0322 -0.0090 -30 0 0 0
0.5120 0.0326 -0.0097 -30 0 0 0
0.5040 0.0329 -0.0095 -30 0 0 0
0.5000 0.0325 -0.0110 -30 0 0 0
0.5040 0.0323 -0.0109 -30 0 0 0
0.4940 0.0325 -0.0117 -30 0 0 0
0.4940 0.0326 -0.0141 -30 0 0 0
0.5180 0.0326 -0.0141 -30 0 0 0
0.5180 0.0326 -0.0141 -30 0 0 0
0.5180 0.0326 -0.0141 -30 0 0 0
0.5120 0.0324 -0.0114 -30 0 0 0
0.5120 0.0324 -0.0114 -30 0 0 0
0.5120 0.0324 -0.0114 -30 0 0 0
0.5120 0.0324 -0.0114 -30 0 0 0
0.5120 0.0324 -0.0143 -30 0 0 0
0.5200 0.0324 -0.0143 -30 0 0 0
0.5200 0.0324 -0.0143 -30 0 0 0
0.5200 0.0324 -0.0143 -30 0 0 0
0.5200 0.0324 -0.0143 -30 0 0 0
0.5140 0.0323 -0.0156 -30 0 0 0
0.5140 0.0323 -0.0156 -30 0 0 0
0.5140 0.0323 -0.0156 -30 0 0 0
0.5060 0.0322 -0.0166 0 0 0 0
0.5060 0.0322 -0.0166 -30 0 0 0
0.5060 0.0322 -0.0163 -30 0 0 0
0.5020 0.0323 -0.0167 -30 0 0 0
0.5360 0.0323 -0.0167 -30 0 0 0
0.5360 0.0323 -0.0167 -30 0 0 0
0.5360 0.0323 -0.0167 -30 0 0 0
0.5360 0.0323 -0.0167 -30 0 0 0
0.5040 0.0323 -0.0162 -30 0 0 0
0.5040 0.0323 -0.0162 -30 0 0 0
0.5040 0.0323 -0.0162 -30 0 0 0
0.5040 0.0323 -0.0162 -30 0 0 0
0.5040 0.0323 -0.0162 -30 0 0 0
0.5200 0.0324 -0.0147 -30 0 0 0
0.5200 0.0324 -0.0147 -30 0 0 0
0.5200 0.0324 -0.0147 -30 0 0 0
0.5200 0.0324 -0.0147 -30 0 0 0
0.5000 0.0323 -0.0140 -30 0 0 0
0.5000 0.0323 -0.0140 -30 0 0 0
0.5000 0.0323 -0.0140 -30 0 0 0
0.5000 0.0323 -0.0140 -30 0 0 0
0.5000 0.0323 -0.0140 -30 0 0 0
0.4900 0.0320 -0.0120 -30 0 0 0
0.4900 0.0320 -0.0120 -30 0 0 0
0.4900 0.0320 -0.0120 -30 0 0 0
0.4900 0.0320 -0.0120 -30 0 0 0
0.5040 0.0320 -0.0127 -30 0 0 0
0.5040 0.0320 -0.0127 -30 0 0 0
0.5040 0.0322 -0.0150 -30 0 0 0
0.5200 0.0322 -0.0150 -30 0 0 0
0.5200 0.0322 -0.0150 -30 0 0 0
0.5200 0.0322 -0.0150 -30 0 0 0
0.5200 0.0322 -0.0150 -30 0 0 0
0.5200 0.0322 -0.0150 -30 0 0 0
0.5240 0.0324 -0.0138 -30 0 0 0
0.5240 0.0324 -0.0138 -30 0 0 0
0.5240 0.0324 -0.0138 -30 0 0 0
0.5240 0.0324 -0.0138 -30 0 0 0
0.5240 0.0324 -0.0138 -30 0 0 0
0.5240 0.0324 -0.0138 -30 0 0 0
0.5260 0.0324 -0.0181 -30 0 0 0
0.5260 0.0324 -0.0181 -30 0 0 0
0.5260 0.0324 -0.0188 -30 0 0 0
0.5200 0.0324 -0.0188 -30 0 0 0
0.5200 0.0324 -0.0188 -30 0 0 0
0.5200 0.0324 -0.0188 -30 0 0 0
0.5200 0.0324 -0.0188 -30 0 0 0
0.5200 0.0324 -0.0188 -30 0 0 0
0.5100 0.0324 -0.0213 -30 0 0 0
0.5100 0.0324 -0.0213 -30 0 0 0
0.5100 0.0324 -0.0213 -30 0 0 0
0.5100 0.0324 -0.0213 -30 0 0 0
0.5000 0.0324 -0.0216 -30 0 0 0
0.5000 0.0324 -0.0216 -30 0 0 0
0.5000 0.0324 -0.0216 -30 0 0 0
0.5240 0.0324 -0.0243 -30 0 0 0
0.5240 0.0324 -0.0243 -30 0 0 0
0.5240 0.0324 -0.0243 -30 0 0 0
0.5240 0.0324 -0.0243 -30 0 0 0
0.5240 0.0322 -0.0239 -30 0 0 0
0.5240 0.0322 -0.0239 -30 0 0 0
0.5240 0.0322 -0.0239 -30 0 0 0
0.5240 0.0322 -0.0239 -30 0 0 0
0.5240 0.0322 -0.0239 -30 0 0 0
0.5360 0.0323 -0.0264 -30 0 0 0
0.5360 0.0323 -0.0264 -30 0 0 0
0.5360 0.0323 -0.0264 -30 0 0 0
0.5320 0.0321 -0.0264 -30 0 0 0
0.5320 0.0321 -0.0264 -30 0 0 0
0.5320 0.0321 -0.0264 -30 0 0 0
0.5320 0.0321 -0.0264 -30 0 0 0
0.5320 0.0321 -0.0264 -30 0 0 0
0.5300 0.0322 -0.0302 -30 0 0 0
0.5300 0.0322 -0.0302 -30 0 0 0
0.5300 0.0322 -0.0302 -30 0 0 0
0.5300 0.0322 -0.0302 -30 0 0 0
0.5300 0.0322 -0.0302 -30 0 0 0
0.5480 0.0319 -0.0360 -30 0 0 0
0.5480 0.0319 -0.0360 -30 0 0 0
0.5480 0.0319 -0.0360 -30 0 0 0
0.5480 0.0319 -0.0360 -30 0 0 0
0.5480 0.0319 -0.0360 -30 0 0 0
0.5480 0.0319 -0.0360 -30 0 0 0
0.5480 0.0319 -0.0360 -30 0 0 0
0.5480 0.0319 -0.0360 -30 0 0 0
0.5480 0.0319 -0.0360 -30 0 0 0
0.5480 0.0319 -0.0360 -30 0 0 0
0.5480 0.0319 -0.0360 -30 0 0 0
0.5380 0.0318 -0.0354 -30 0 0 0
0.5380 0.0316 -0.0347 -30 0 0 0
0.5320 0.0316 -0.0347 -30 0 0 0
0.5340 0.0316 -0.0330 -30 0 0 0
0.5140 0.0319 -0.0300 -30 0 0 0
0.5140 0.0319 -0.0300 -30 0 0 0
0.5140 0.0319 -0.0300 -30 0 0 0
0.5140 0.0319 -0.0300 -30 0 0 0
0.5140 0.0319 -0.0300 -30 0 0 0
0.5140 0.0319 -0.0300 -30 0 0 0
0.5260 0.0321 -0.0301 -30 0 0 0
0.5260 0.0321 -0.0301 -30 0 0 0
0.5260 0.0321 -0.0301 -30 0 0 0
0.5260 0.0321 -0.0301 -30 0 0 0
0.5200 0.0324 -0.0327 -30 0 0 0
0.5200 0.0324 -0.0327 -30 0 0 0
0.5200 0.0324 -0.0327 -30 0 0 0
0.5160 0.0327 -0.0328 -30 0 0 0
0.5160 0.0327 -0.0328 -30 0 0 0
0.5160 0.0327 -0.0328 0 0 0 0
0.5280 0.0325 -0.0313 0 -30 0 0
0.5140 0.0328 -0.0292 0 -30 0 0
0.5160 0.0332 -0.0288 0 -30 0 0
0.5300 0.0333 -0.0294 0 -30 0 0
0.5380 0.0334 -0.0283 0 -30 0 0
0.5360 0.0334 -0.0274 0 -30 0 0
0.5360 0.0334 -0.0274 0 -30 0 0
0.5360 0.0334 -0.0274 0 -30 0 0
0.5360 0.0336 -0.0267 0 -30 0 0
0.5180 0.0336 -0.0267 0 -30 0 0
0.5180 0.0336 -0.0267 0 -30 0 0
0.5160 0.0335 -0.0262 0 -30 0 0
0.5160 0.0335 -0.0262 0 -30 0 0
0.5160 0.0335 -0.0262 0 -30 0 0
0.5160 0.0335 -0.0262 0 -30 0 0
0.5160 0.0335 -0.0262 0 -30 0 0
0.5300 0.0335 -0.0265 0 -30 0 0
0.5300 0.0335 -0.0265 0 -30 0 0
0.5300 0.0335 -0.0265 0 -30 0 0
0.5300 0.0335 -0.0265 0 0 0 0
0.5020 0.0334 -0.0266 0 -30 0 0
0.5080 0.0331 -0.0271 0 -30 0 0
0.5060 0.0329 -0.0272 0 -30 0 0
0.5220 0.0324 -0.0277 0 -30 0 0
0.5220 0.0324 -0.0277 0 -30 0 0
0.5220 0.0324 -0.0277 0 -30 0 0
0.5220 0.0324 -0.0277 0 -30 0 0
0.5220 0.0324 -0.0277 0 -30 0 0
0.5220 0.0324 -0.0277 0 -30 0 0
0.5220 0.0324 -0.0277 0 -30 0 0
0.5220 0.0324 -0.0277 0 -30 0 0
0.5220 0.0324 -0.0277 0 -30 0 0
0.5220 0.0324 -0.0277 0 -30 0 0
0.5220 0.0324 -0.0277 0 -30 0 0
0.5220 0.0321 -0.0284 0 -30 0 0
0.5180 0.0321 -0.0278 0 -30 0 0
0.5260 0.0318 -0.0281 0 0 0 0
0.5260 0.0324 -0.0216 -30 0 0 0
0.5320 0.0324 -0.0216 -30 0 0 0
0.5280 0.0335 -0.0194 -30 0 0 0
0.5240 0.0333 -0.0198 -30 0 0 0
0.5340 0.0332 -0.0197 -30 0 0 0
0.5080 0.0326 -0.0210 -30 0 0 0
0.5180 0.0326 -0.0216 -30 0 0 0
0.5180 0.0326 -0.0216 -30 0 0 0
0.5180 0.0326 -0.0216 -30 0 0 0
0.5120 0.0328 -0.0215 -30 0 0 0
0.5120 0.0328 -0.0215 -30 0 0 0
0.5120 0.0328 -0.0215 -30 0 0 0
0.4920 0.0331 -0.0210 -30 0 0 0
0.4920 0.0331 -0.0210 -30 0 0 0
0.4920 0.0331 -0.0212 -30 0 0 0
0.4960 0.0331 -0.0212 -30 0 0 0
0.4960 0.0331 -0.0212 -30 0 0 0
0.4960 0.0331 -0.0212 -30 0 0 0
0.4960 0.0331 -0.0212 -30 0 0 0
0.4960 0.0331 -0.0212 -30 0 0 0
0.5060 0.0331 -0.0207 -30 0 0 0
0.5060 0.0331 -0.0207 -30 0 0 0
0.5060 0.0331 -0.0207 -30 0 0 0
0.5060 0.0331 -0.0207 -30 0 0 0
0.5060 0.0331 -0.0207 -30 0 0 0
0.5100 0.0328 -0.0213 0 0 0 0
0.4980 0.0324 -0.0250 -30 0 0 0
0.5220 0.0321 -0.0285 -30 0 0 0
0.4860 0.0318 -0.0327 -30 0 0 0
0.5220 0.0320 -0.0333 -30 0 0 0
0.5200 0.0322 -0.0368 -30 0 0 0
0.5200 0.0322 -0.0368 -30 0 0 0
0.5320 0.0324 -0.0371 -30 0 0 0
0.5320 0.0324 -0.0371 -30 0 0 0
0.5320 0.0324 -0.0371 -30 0 0 0
0.5460 0.0324 -0.0359 -30 0 0 0
0.5460 0.0324 -0.0359 -30 0 0 0
0.5460 0.0324 -0.0359 -30 0 0 0
0.5460 0.0324 -0.0359 0 0 0 0
0.5020 0.0324 -0.0237 0 0 0 30
0.5040 0.0324 -0.0237 0 0 0 30
0.5120 0.0323 -0.0243 0 0 0 30
0.5180 0.0321 -0.0237 0 0 0 30
0.5140 0.0321 -0.0220 0 0 0 30
0.5000 0.0322 -0.0224 0 0 0 30
0.5000 0.0322 -0.0224 0 0 0 30
0.5000 0.0322 -0.0224 0 0 0 30
0.5120 0.0322 -0.0238 0 0 0 30
0.5120 0.0322 -0.0238 0 0 0 30
0.5120 0.0322 -0.0238 0 0 0 30
0.5120 0.0322 -0.0238 0 0 0 30
0.5120 0.0322 -0.0238 0 0 0 30
0.5060 0.0322 -0.0243 0 0 0 0
0.5060 0.0322 -0.0243 0 0 0 30
0.5000 0.0321 -0.0251 0 0 0 30
0.5040 0.0323 -0.0279 0 0 0 30
0.5140 0.0323 -0.0263 0 0 0 30
0.5140 0.0323 -0.0263 0 0 0 30
0.5140 0.0323 -0.0263 0 0 0 30
0.5040 0.0321 -0.0296 0 0 0 30
0.5040 0.0321 -0.0296 0 0 0 30
0.5040 0.0321 -0.0296 0 0 0 30
0.5040 0.0321 -0.0296 0 0 0 30
0.5040 0.0321 -0.0296 0 0 0 30
0.5100 0.0322 -0.0276 0 0 0 30
0.5100 0.0322 -0.0276 0 0 0 30
0.5100 0.0322 -0.0276 0 0 0 0
0.5180 0.0321 -0.0167 0 0 0 30
0.5400 0.0321 -0.0139 0 0 0 30
0.5220 0.0321 -0.0195 0 0 0 30
0.5160 0.0318 -0.0186 0 0 0 30
0.5100 0.0316 -0.0209 0 0 0 30
0.5100 0.0316 -0.0209 0 0 0 30
0.5100 0.0316 -0.0209 0 0 0 30
0.5020 0.0315 -0.0192 0 0 0 30
0.5020 0.0315 -0.0192 0 0 0 0
0.5020 0.0316 -0.0164 0 0 0 30
0.5200 0.0316 -0.0102 0 0 0 30
0.5140 0.0315 -0.0109 0 0 0 30
0.5140 0.0315 -0.0109 0 0 0 30
0.5140 0.0315 -0.0109 0 0 0 0
0.5200 0.0333 0.0017 0 0 0 30
0.5260 0.0333 0.0023 0 0 0 30
0.5220 0.0334 0.0021 0 0 0 30
0.5120 0.0328 0.0018 0 0 0 30
0.5120 0.0323 0.0021 0 0 0 30
0.5140 0.0323 0.0021 0 0 0 30
0.5280 0.0325 0.0033 0 0 0 30
0.5280 0.0325 0.0033 0 0 0 30
0.5280 0.0325 0.0033 0 0 0 30
0.5280 0.0325 0.0040 0 0 0 30
0.5280 0.0325 0.0040 0 0 0 0
0.5280 0.0325 0.0040 0 0 0 30
0.5260 0.0329 0.0030 0 0 0 30
0.5260 0.0332 0.0003 0 0 0 30
0.5160 0.0332 0.0003 0 0 0 30
0.5160 0.0332 0.0003 0 0 0 30
0.5160 0.0332 0.0003 0 0 0 30
0.5160 0.0332 0.0003 0 0 0 30
0.5160 0.0332 0.0003 0 0 0 0
0.5040 0.0337 0.0020 0 0 0 30
0.5160 0.0345 0.0054 0 0 0 30
0.5180 0.0348 0.0060 0 0 0 30
0.5120 0.0347 0.0053 0 0 0 30
0.5120 0.0340 0.0058 0 0 0 30
0.5160 0.0334 0.0063 0 0 0 30
0.5160 0.0334 0.0063 0 0 0 0
0.4940 0.0323 0.0298 -30 0 0 0
0.5280 0.0319 0.0311 -30 0 0 0
0.5040 0.0320 0.0288 -30 0 0 0
0.5400 0.0324 0.0290 -30 0 0 0
0.5400 0.0324 0.0290 -30 0 0 0
0.5400 0.0324 0.0290 -30 0 0 0
0.5400 0.0324 0.0290 -30 0 0 0
0.5400 0.0324 0.0290 -30 0 0 0
0.5100 0.0322 0.0284 -30 0 0 0
0.5120 0.0319 0.0281 -30 0 0 0
0.5300 0.0316 0.0285 -30 0 0 0
0.5300 0.0316 0.0285 -30 0 0 0
0.5300 0.0316 0.0285 -30 0 0 0
0.5300 0.0316 0.0285 -30 0 0 0
0.5260 0.0316 0.0297 -30 0 0 0
0.5260 0.0316 0.0297 -30 0 0 0
0.5260 0.0316 0.0297 -30 0 0 0
0.5160 0.0317 0.0299 -30 0 0 0
0.5160 0.0317 0.0299 -30 0 0 0
0.5160 0.0317 0.0299 -30 0 0 0
0.5160 0.0317 0.0299 -30 0 0 0
0.5160 0.0317 0.0299 -30 0 0 0
0.5260 0.0318 0.0301 -30 0 0 0
0.5260 0.0318 0.0301 -30 0 0 0
0.5260 0.0318 0.0301 -30 0 0 0
0.5260 0.0318 0.0301 -30 0 0 0
0.5260 0.0318 0.0301 -30 0 0 0
0.5260 0.0318 0.0301 -30 0 0 0
0.5200 0.0316 0.0286 -30 0 0 0
0.5200 0.0316 0.0294 -30 0 0 0
0.5200 0.0316 0.0294 -30 0 0 0
0.5200 0.0316 0.0294 -30 0 0 0
0.5200 0.0316 0.0294 -30 0 0 0
0.5200 0.0316 0.0294 -30 0 0 0
0.5200 0.0316 0.0294 -30 0 0 0
0.5200 0.0316 0.0294 -30 0 0 0
0.4900 0.0316 0.0297 -30 0 0 0
0.4900 0.0316 0.0297 -30 0 0 0
0.4900 0.0316 0.0297 -30 0 0 0
0.4900 0.0316 0.0297 -30 0 0 0
0.4940 0.0318 0.0283 -30 0 0 0
0.4940 0.0318 0.0283 -30 0 0 0
0.4940 0.0318 0.0283 -30 0 0 0
0.4960 0.0318 0.0284 -30 0 0 0
0.4960 0.0318 0.0284 -30 0 0 0
0.4960 0.0318 0.0284 -30 0 0 0
0.4960 0.0318 0.0284 -30 0 0 0
0.4960 0.0318 0.0284 -30 0 0 0
0.4960 0.0318 0.0284 -30 0 0 0
0.5040 0.0319 0.0245 -30 0 0 0
0.5040 0.0319 0.0245 -30 0 0 0
0.5040 0.0319 0.0245 -30 0 0 0
0.5040 0.0319 0.0245 -30 0 0 0
0.5040 0.0319 0.0245 -30 0 0 0
0.5040 0.0319 0.0245 -30 0 0 0
0.5000 0.0320 0.0246 0 0 0 0
0.5440 0.0322 0.0306 -30 0 0 0
0.4980 0.0321 0.0315 -30 0 0 0
0.5200 0.0321 0.0360 -30 0 0 0
0.5040 0.0320 0.0355 -30 0 0 0
0.5080 0.0317 0.0394 -30 0 0 0
0.5080 0.0317 0.0394 -30 0 0 0
0.5080 0.0317 0.0394 -30 0 0 0
0.5080 0.0317 0.0394 -30 0 0 0
0.5080 0.0317 0.0394 0 0 0 0
0.5080 0.0318 0.0392 -30 0 0 0
0.5140 0.0320 0.0409 -30 0 0 0
0.4980 0.0322 0.0406 -30 0 0 0
0.4980 0.0323 0.0406 -30 0 0 0
0.4980 0.0323 0.0406 -30 0 0 0
0.4980 0.0323 0.0406 -30 0 0 0
0.5000 0.0323 0.0406 -30 0 0 0
0.5000 0.0323 0.0406 -30 0 0 0
0.5000 0.0323 0.0406 -30 0 0 0
0.5000 0.0323 0.0406 -30 0 0 0
0.5000 0.0323 0.0406 -30 0 0 0
0.5020 0.0321 0.0387 -30 0 0 0
0.5020 0.0321 0.0387 0 0 0 0
0.5040 0.0326 0.0390 -30 0 0 0
0.4900 0.0322 0.0398 -30 0 0 0
0.5080 0.0320 0.0395 -30 0 0 0
0.5040 0.0320 0.0402 -30 0 0 0
0.5040 0.0320 0.0402 -30 0 0 0
0.5040 0.0320 0.0402 -30 0 0 0
0.5080 0.0323 0.0422 -30 0 0 0
0.5080 0.0323 0.0422 -30 0 0 0
0.5080 0.0323 0.0422 -30 0 0 0
0.5080 0.0323 0.0422 -30 0 0 0
0.5080 0.0328 0.0435 -30 0 0 0
0.5080 0.0328 0.0435 0 0 0 0
0.5020 0.0319 0.0372 -30 0 0 0
0.5100 0.0320 0.0293 -30 0 0 0
0.5260 0.0318 0.0246 -30 0 0 0
0.5300 0.0316 0.0245 -30 0 0 0
0.5140 0.0314 0.0230 -30 0 0 0
0.5240 0.0311 0.0239 -30 0 0 0
0.5240 0.0311 0.0239 -30 0 0 0
0.5300 0.0309 0.0237 -30 0 0 0
0.5300 0.0309 0.0237 -30 0 0 0
0.5080 0.0310 0.0229 -30 0 0 0
0.5080 0.0310 0.0229 -30 0 0 0
0.5080 0.0310 0.0229 -30 0 0 0
0.5080 0.0310 0.0229 -30 0 0 0
0.5080 0.0310 0.0229 -30 0 0 0
0.5280 0.0313 0.0226 -30 0 0 0
0.5280 0.0313 0.0226 -30 0 0 0
0.5280 0.0313 0.0226 -30 0 0 0
0.5280 0.0313 0.0226 0 0 0 0
0.5040 0.0317 0.0094 0 -30 0 0
0.5220 0.0315 0.0099 0 -30 0 0
0.5000 0.0312 0.0114 0 -30 0 0
0.5180 0.0310 0.0179 0 -30 0 0
0.4900 0.0314 0.0243 0 -30 0 0
0.5140 0.0314 0.0243 0 -30 0 0
0.5140 0.0314 0.0243 0 -30 0 0
0.5140 0.0315 0.0253 0 -30 0 0
0.5140 0.0315 0.0253 0 -30 0 0
0.5140 0.0315 0.0253 0 -30 0 0
0.5240 0.0315 0.0246 0 -30 0 0
0.5240 0.0315 0.0246 0 -30 0 0
0.5240 0.0315 0.0246 0 -30 0 0
0.5240 0.0315 0.0246 0 -30 0 0
0.5300 0.0314 0.0246 0 -30 0 0
0.5300 0.0314 0.0246 0 -30 0 0
0.5300 0.0314 0.0246 0 -30 0 0
0.5300 0.0314 0.0246 0 -30 0 0
0.5300 0.0314 0.0246 0 -30 0 0
0.5300 0.0314 0.0246 0 -30 0 0
0.5380 0.0309 0.0255 0 -30 0 0
0.5380 0.0309 0.0255 0 -30 0 0
0.5380 0.0307 0.0258 0 -30 0 0
0.5260 0.0307 0.0258 0 -30 0 0
0.5260 0.0307 0.0258 0 -30 0 0
0.5260 0.0307 0.0258 0 -30 0 0
0.5260 0.0307 0.0258 0 -30 0 0
0.5100 0.0305 0.0264 0 -30 0 0
0.5100 0.0305 0.0264 0 -30 0 0
0.5100 0.0305 0.0264 0 -30 0 0
0.5100 0.0305 0.0264 0 -30 0 0
0.5100 0.0305 0.0264 0 -30 0 0
0.5100 0.0305 0.0264 0 -30 0 0
0.5100 0.0305 0.0264 0 -30 0 0
0.5180 0.0308 0.0259 0 -30 0 0
0.5180 0.0308 0.0259 0 -30 0 0
0.5340 0.0310 0.0258 0 -30 0 0
0.5340 0.0310 0.0258 0 -30 0 0
0.5340 0.0310 0.0258 0 -30 0 0
0.5340 0.0310 0.0258 0 -30 0 0
0.5200 0.0313 0.0258 0 -30 0 0
0.5200 0.0313 0.0258 0 -30 0 0
0.5200 0.0313 0.0258 0 -30 0 0
0.5200 0.0313 0.0258 0 -30 0 0
0.5200 0.0313 0.0258 0 -30 0 0
0.5200 0.0313 0.0258 0 -30 0 0
0.5200 0.0313 0.0258 0 -30 0 0
0.5180 0.0318 0.0255 0 -30 0 0
0.5180 0.0318 0.0255 0 -30 0 0
0.5180 0.0318 0.0255 0 -30 0 0
0.5100 0.0320 0.0248 0 -30 0 0
0.5100 0.0320 0.0248 0 -30 0 0
0.5100 0.0320 0.0248 0 -30 0 0
0.5100 0.0320 0.0248 0 -30 0 0
0.5100 0.0320 0.0248 0 -30 0 0
0.5100 0.0320 0.0248 0 -30 0 0
0.5100 0.0320 0.0248 0 -30 0 0
0.5100 0.0320 0.0248 0 -30 0 0
0.5100 0.0320 0.0248 0 -30 0 0
0.5100 0.0320 0.0248 0 -30 0 0
0.5100 0.0320 0.0248 0 -30 0 0
0.5100 0.0320 0.0248 0 -30 0 0
0.5100 0.0320 0.0248 0 -30 0 0
0.5100 0.0320 0.0248 0 -30 0 0
0.5100 0.0316 0.0242 0 -30 0 0
0.5100 0.0313 0.0245 0 -30 0 0
0.5100 0.0313 0.0245 0 -30 0 0
0.5200 0.0313 0.0250 0 -30 0 0
0.5200 0.0313 0.0250 0 -30 0 0
0.5200 0.0313 0.0250 0 -30 0 0
0.5200 0.0313 0.0250 0 -30 0 0
0.5200 0.0313 0.0250 0 -30 0 0
0.5200 0.0313 0.0250 0 -30 0 0
0.5240 0.0313 0.0249 0 -30 0 0
0.5240 0.0313 0.0249 0 -30 0 0
0.5240 0.0313 0.0249 0 -30 0 0
0.5280 0.0315 0.0237 0 -30 0 0
0.5280 0.0315 0.0237 0 -30 0 0
0.5280 0.0315 0.0237 0 -30 0 0
0.5280 0.0315 0.0237 0 -30 0 0
0.5280 0.0315 0.0237 0 -30 0 0
0.5240 0.0319 0.0239 0 -30 0 0
0.5240 0.0319 0.0239 0 -30 0 0
0.5240 0.0319 0.0239 0 -30 0 0
0.5240 0.0319 0.0239 0 -30 0 0
0.5240 0.0319 0.0239 0 -30 0 0
0.5380 0.0321 0.0250 0 -30 0 0
0.5380 0.0321 0.0250 0 -30 0 0
0.5380 0.0320 0.0252 0 -30 0 0
0.5160 0.0320 0.0252 0 -30 0 0
0.5160 0.0320 0.0252 0 -30 0 0
0.5160 0.0320 0.0252 0 -30 0 0
0.5160 0.0320 0.0252 0 -30 0 0
0.5160 0.0320 0.0252 0 -30 0 0
0.5160 0.0320 0.0252 0 -30 0 0
0.5100 0.0321 0.0253 0 -30 0 0
0.5100 0.0321 0.0253 0 -30 0 0
0.5100 0.0321 0.0253 0 -30 0 0
0.5100 0.0321 0.0253 0 -30 0 0
0.5420 0.0322 0.0254 0 -30 0 0
0.5420 0.0322 0.0254 0 -30 0 0
0.5420 0.0322 0.0254 0 -30 0 0
0.5140 0.0323 0.0246 0 -30 0 0
0.5140 0.0323 0.0246 0 -30 0 0
0.5140 0.0323 0.0246 0 -30 0 0
0.5140 0.0323 0.0246 0 -30 0 0
0.5140 0.0323 0.0246 0 -30 0 0
0.5140 0.0324 0.0239 0 -30 0 0
0.5140 0.0324 0.0239 0 -30 0 0
0.5140 0.0324 0.0239 0 -30 0 0
0.5140 0.0324 0.0239 0 -30 0 0
0.5140 0.0324 0.0239 0 -30 0 0
0.5140 0.0324 0.0239 0 -30 0 0
0.5120 0.0322 0.0214 0 -30 0 0
0.5120 0.0322 0.0214 0 -30 0 0
0.5080 0.0322 0.0213 0 -30 0 0
0.5080 0.0322 0.0213 0 -30 0 0
0.5080 0.0322 0.0213 0 -30 0 0
0.5080 0.0322 0.0213 0 -30 0 0
0.5080 0.0322 0.0213 0 -30 0 0
0.5080 0.0322 0.0193 0 -30 0 0
0.4940 0.0322 0.0193 0 -30 0 0
0.4940 0.0322 0.0193 0 -30 0 0
0.4940 0.0322 0.0193 0 -30 0 0
0.4940 0.0322 0.0193 0 -30 0 0
0.4940 0.0322 0.0193 0 -30 0 0
0.5220 0.0323 0.0194 0 -30 0 0
0.5220 0.0323 0.0194 0 -30 0 0
0.5220 0.0323 0.0194 0 -30 0 0
0.5160 0.0324 0.0202 0 -30 0 0
0.5160 0.0324 0.0202 0 -30 0 0
0.5160 0.0324 0.0202 0 -30 0 0
0.5160 0.0324 0.0202 0 -30 0 0
0.5160 0.0324 0.0202 0 -30 0 0
0.5300 0.0326 0.0218 0 -30 0 0
0.5300 0.0326 0.0218 0 -30 0 0
0.5300 0.0326 0.0218 0 -30 0 0
0.5300 0.0326 0.0218 0 -30 0 0
0.5300 0.0326 0.0218 0 -30 0 0
0.5300 0.0326 0.0218 0 -30 0 0
0.5080 0.0325 0.0200 0 -30 0 0
0.5080 0.0325 0.0200 0 0 0 0
0.5180 0.0333 0.0174 0 -30 0 0
0.5240 0.0333 0.0174 0 -30 0 0
0.5240 0.0333 0.0174 0 -30 0 0
0.5240 0.0333 0.0174 0 -30 0 0
0.5240 0.0333 0.0174 0 -30 0 0
0.5240 0.0333 0.0174 0 -30 0 0
0.5240 0.0333 0.0174 0 -30 0 0
0.5240 0.0333 0.0174 0 -30 0 0
0.5240 0.0333 0.0174 0 -30 0 0
0.5240 0.0336 0.0191 0 -30 0 0
0.4920 0.0340 0.0193 0 -30 0 0
0.4920 0.0340 0.0185 0 -30 0 0
0.5040 0.0340 0.0185 0 -30 0 0
0.5040 0.0340 0.0185 0 -30 0 0
0.5040 0.0337 0.0175 0 -30 0 0
0.5120 0.0337 0.0175 0 -30 0 0
0.5120 0.0337 0.0175 0 -30 0 0
0.5120 0.0337 0.0175 0 -30 0 0
0.4920 0.0331 0.0180 0 -30 0 0
0.4920 0.0331 0.0180 0 -30 0 0
0.4920 0.0331 0.0180 0 -30 0 0
0.4920 0.0331 0.0180 0 -30 0 0
0.4920 0.0331 0.0180 0 -30 0 0
0.4920 0.0331 0.0180 0 -30 0 0
0.5080 0.0331 0.0151 0 -30 0 0
0.5080 0.0331 0.0151 0 -30 0 0
0.5080 0.0331 0.0151 0 -30 0 0
0.5080 0.0331 0.0151 0 -30 0 0
0.5080 0.0331 0.0151 0 -30 0 0
0.5140 0.0330 0.0133 0 -30 0 0
0.5140 0.0330 0.0133 0 -30 0 0
0.5140 0.0330 0.0133 0 -30 0 0
0.5140 0.0332 0.0133 0 -30 0 0
0.5140 0.0332 0.0133 0 -30 0 0
0.5140 0.0332 0.0133 0 -30 0 0
0.5140 0.0332 0.0133 0 -30 0 0
0.5140 0.0332 0.0133 0 -30 0 0
0.5040 0.0337 0.0176 0 -30 0 0
0.5040 0.0337 0.0176 0 -30 0 0
0.5040 0.0337 0.0176 0 -30 0 0
0.5040 0.0337 0.0176 0 -30 0 0
0.5040 0.0339 0.0176 0 -30 0 0
0.5140 0.0339 0.0176 0 -30 0 0
0.5140 0.0339 0.0176 0 -30 0 0
0.5040 0.0340 0.0169 0 -30 0 0
0.5040 0.0340 0.0169 0 -30 0 0
0.5040 0.0340 0.0169 0 -30 0 0
0.5040 0.0340 0.0169 0 -30 0 0
0.5040 0.0340 0.0169 0 -30 0 0
0.4940 0.0335 0.0167 0 -30 0 0
0.4940 0.0335 0.0167 0 -30 0 0
0.4940 0.0335 0.0167 0 -30 0 0
0.4940 0.0335 0.0167 0 -30 0 0
0.4940 0.0335 0.0167 0 -30 0 0
0.4940 0.0332 0.0155 0 -30 0 0
0.5080 0.0332 0.0155 0 -30 0 0
0.5080 0.0332 0.0155 0 -30 0 0
0.5060 0.0332 0.0155 0 -30 0 0
0.5060 0.0332 0.0155 0 -30 0 0
0.5060 0.0332 0.0155 0 -30 0 0
0.5060 0.0332 0.0155 0 -30 0 0
0.5060 0.0332 0.0155 0 -30 0 0
0.5060 0.0334 0.0156 0 -30 0 0
0.5060 0.0334 0.0156 0 -30 0 0
0.5060 0.0334 0.0156 0 -30 0 0
0.5060 0.0334 0.0156 0 -30 0 0
0.5140 0.0337 0.0144 0 -30 0 0
0.5140 0.0337 0.0144 0 -30 0 0
0.5140 0.0337 0.0144 0 -30 0 0
0.5140 0.0337 0.0144 0 -30 0 0
0.5260 0.0341 0.0099 0 -30 0 0
0.5260 0.0341 0.0099 0 -30 0 0
0.5260 0.0341 0.0099 0 -30 0 0
0.5260 0.0341 0.0099 0 -30 0 0
0.5260 0.0341 0.0099 0 -30 0 0
0.5080 0.0344 0.0108 0 -30 0 0
0.5080 0.0344 0.0108 0 -30 0 0
0.5080 0.0344 0.0108 0 -30 0 0
0.5080 0.0344 0.0108 0 -30 0 0
0.5180 0.0343 0.0081 0 -30 0 0
0.5180 0.0343 0.0081 0 -30 0 0
0.5180 0.0343 0.0081 0 -30 0 0
0.5180 0.0343 0.0081 0 -30 0 0
0.5240 0.0342 0.0084 0 -30 0 0
0.5240 0.0342 0.0084 0 -30 0 0
0.5240 0.0342 0.0084 0 -30 0 0
0.5240 0.0342 0.0084 0 -30 0 0
0.5240 0.0342 0.0084 0 -30 0 0
0.5140 0.0344 0.0077 0 -30 0 0
0.5140 0.0344 0.0077 0 -30 0 0
0.5140 0.0344 0.0077 0 -30 0 0
0.5140 0.0344 0.0077 0 -30 0 0
0.5140 0.0344 0.0077 0 -30 0 0
0.5020 0.0343 0.0045 0 -30 0 0
0.5020 0.0343 0.0045 0 -30 0 0
0.5020 0.0343 0.0045 0 -30 0 0
0.4960 0.0343 0.0053 0 -30 0 0
0.4960 0.0343 0.0053 0 -30 0 0
0.4960 0.0343 0.0053 0 -30 0 0
0.4960 0.0343 0.0053 0 -30 0 0
0.4960 0.0343 0.0053 0 -30 0 0
0.5240 0.0341 0.0068 0 -30 0 0
0.5240 0.0341 0.0068 0 -30 0 0
0.5240 0.0341 0.0068 0 -30 0 0
0.5240 0.0341 0.0068 0 -30 0 0
0.5240 0.0341 0.0068 0 -30 0 0
0.5060 0.0341 0.0073 0 -30 0 0
0.5060 0.0341 0.0073 0 -30 0 0
0.5060 0.0341 0.0073 0 -30 0 0
0.5080 0.0344 0.0071 0 -30 0 0
0.5080 0.0344 0.0071 0 -30 0 0
0.5080 0.0344 0.0071 0 -30 0 0
0.5080 0.0344 0.0071 0 -30 0 0
0.5080 0.0344 0.0071 0 -30 0 0
0.5080 0.0344 0.0071 0 -30 0 0
0.4940 0.0348 0.0080 0 -30 0 0
0.4940 0.0348 0.0080 0 -30 0 0
0.4940 0.0348 0.0080 0 -30 0 0
0.4940 0.0348 0.0080 0 -30 0 0
0.5380 0.0345 0.0106 0 -30 0 0
0.5380 0.0345 0.0106 0 -30 0 0
0.5380 0.0345 0.0106 0 -30 0 0
0.5380 0.0345 0.0106 0 -30 0 0
0.5380 0.0345 0.0106 0 -30 0 0
0.5380 0.0345 0.0106 0 -30 0 0
0.5380 0.0345 0.0106 0 -30 0 0
0.5380 0.0345 0.0106 0 -30 0 0
0.5380 0.0345 0.0106 0 -30 0 0
0.5380 0.0345 0.0106 0 -30 0 0
0.5380 0.0345 0.0106 0 -30 0 0
0.5120 0.0345 0.0121 0 -30 0 0
0.5120 0.0345 0.0121 0 -30 0 0
0.5080 0.0345 0.0136 0 -30 0 0
0.5080 0.0349 0.0147 0 -30 0 0
0.5080 0.0349 0.0147 0 -30 0 0
0.4860 0.0353 0.0159 0 -30 0 0
0.4860 0.0353 0.0159 0 -30 0 0
0.4860 0.0353 0.0159 0 -30 0 0
0.4860 0.0353 0.0159 0 -30 0 0
0.5000 0.0357 0.0169 0 -30 0 0
0.5000 0.0357 0.0169 0 -30 0 0
0.5000 0.0357 0.0169 0 -30 0 0
0.5000 0.0357 0.0169 0 -30 0 0
0.5000 0.0357 0.0169 0 -30 0 0
0.5000 0.0354 0.0176 0 -30 0 0
0.4900 0.0354 0.0176 0 -30 0 0
0.4900 0.0354 0.0176 0 -30 0 0
0.4900 0.0354 0.0176 0 -30 0 0
0.4900 0.0354 0.0176 0 -30 0 0
0.5300 0.0348 0.0182 0 -30 0 0
0.5300 0.0348 0.0182 0 -30 0 0
0.5300 0.0348 0.0182 0 -30 0 0
0.5300 0.0348 0.0182 0 -30 0 0
0.5300 0.0348 0.0182 0 -30 0 0
0.5140 0.0343 0.0188 0 -30 0 0
0.5140 0.0343 0.0188 0 -30 0 0
0.5140 0.0343 0.0188 0 -30 0 0
0.5140 0.0343 0.0188 0 -30 0 0
0.5200 0.0339 0.0183 0 -30 0 0
0.5200 0.0339 0.0183 0 -30 0 0
0.5200 0.0339 0.0183 0 -30 0 0
0.5160 0.0337 0.0182 0 -30 0 0
0.5160 0.0337 0.0182 0 -30 0 0
0.5160 0.0337 0.0182 0 -30 0 0
0.5160 0.0337 0.0182 0 -30 0 0
0.5100 0.0338 0.5534 0 -30 0 0
0.5100 0.0338 0.5534 0 -30 0 0
0.5100 0.0338 0.5534 0 -30 0 0
0.5100 0.0338 0.5534 0 -30 0 0
0.5100 0.0338 0.5534 0 -30 0 0
0.5100 0.0338 0.5534 0 -30 0 0
0.5100 0.0338 0.5534 0 -30 0 0
0.5100 0.0338 0.5534 0 -30 0 0
0.5260 0.0334 0.5524 0 -30 0 0
0.5260 0.0334 0.5524 0 -30 0 0
0.5260 0.0334 0.5524 0 -30 0 0
0.5240 0.0327 0.5520 0 -30 0 0
0.5240 0.0327 0.5520 0 -30 0 0
0.5160 0.0322 0.5517 0 -30 0 0
0.5160 0.0322 0.5517 0 -30 0 0
0.5160 0.0322 0.5517 0 -30 0 0
0.5200 0.0319 0.5508 0 -30 0 0
0.5200 0.0319 0.5508 0 -30 0 0
0.5200 0.0319 0.5508 0 -30 0 0
0.5200 0.0319 0.5508 0 -30 0 0
0.5300 0.0316 0.5500 0 -30 0 0
0.5300 0.0316 0.5500 0 -30 0 0
0.5300 0.0316 0.5500 0 -30 0 0
0.5300 0.0316 0.5500 0 -30 0 0
0.5300 0.0316 0.5500 0 -30 0 0
0.5100 0.0318 0.5503 0 -30 0 0
0.5100 0.0318 0.5503 0 -30 0 0
0.5100 0.0318 0.5503 0 -30 0 0
0.5100 0.0318 0.5503 0 -30 0 0
0.5100 0.0319 0.5517 0 -30 0 0
0.5220 0.0319 0.5517 0 -30 0 0
0.5220 0.0319 0.5517 0 -30 0 0
0.5220 0.0319 0.5517 0 -30 0 0
0.5220 0.0319 0.5517 0 -30 0 0
0.5160 0.0322 0.5521 0 -30 0 0
0.5160 0.0322 0.5521 0 -30 0 0
0.5160 0.0322 0.5521 0 -30 0 0
0.5160 0.0322 0.5521 0 -30 0 0
0.5120 0.0324 0.5515 0 -30 0 0
0.5120 0.0324 0.5515 0 -30 0 0
0.5120 0.0324 0.5515 0 -30 0 0
0.5120 0.0324 0.5515 0 -30 0 0
0.5120 0.0324 0.5515 0 -30 0 0
0.5200 0.0324 0.5514 0 -30 0 0
0.5200 0.0324 0.5514 0 -30 0 0
0.5200 0.0324 0.5514 0 -30 0 0
0.5200 0.0326 0.0099 0 -30 0 0
0.5200 0.0326 0.0099 0 -30 0 0
0.5200 0.0326 0.0099 0 -30 0 0
0.5200 0.0326 0.0099 0 0 0 0
0.5240 0.0327 0.0027 -30 0 0 0
0.5040 0.0327 0.0035 -30 0 0 0
0.4980 0.0328 -0.0016 -30 0 0 0
0.5240 0.0326 -0.0072 -30 0 0 0
0.4940 0.0324 -0.0069 -30 0 0 0
0.5100 0.0322 -0.0080 -30 0 0 0
0.5100 0.0322 -0.0080 -30 0 0 0
0.5100 0.0322 -0.0080 -30 0 0 0
0.5100 0.0322 -0.0080 -30 0 0 0
0.5100 0.0322 -0.0080 -30 0 0 0
0.5100 0.0322 -0.0080 -30 0 0 0
0.5100 0.0322 -0.0080 -30 0 0 0
0.5100 0.0322 -0.0080 -30 0 0 0
0.5100 0.0322 -0.0080 -30 0 0 0
0.5100 0.0322 -0.0080 -30 0 0 0
0.5100 0.0322 -0.0080 -30 0 0 0
0.5100 0.0324 -0.0068 -30 0 0 0
0.5100 0.0324 -0.0068 -30 0 0 0
0.5100 0.0325 -0.0072 -30 0 0 0
0.5060 0.0324 -0.0067 -30 0 0 0
0.5120 0.0324 -0.0067 0 0 0 0
0.4900 0.0319 -0.0046 -30 0 0 0
0.5160 0.0314 -0.0035 -30 0 0 0
0.5040 0.0309 0.0015 -30 0 0 0
0.5000 0.0309 0.0015 -30 0 0 0
0.5000 0.0309 0.0015 -30 0 0 0
0.5000 0.0309 0.0015 -30 0 0 0
0.5000 0.0309 0.0015 -30 0 0 0
0.4980 0.0311 0.0025 -30 0 0 0
0.4980 0.0311 0.0025 -30 0 0 0
0.4980 0.0311 0.0025 -30 0 0 0
0.4980 0.0311 0.0025 -30 0 0 0
0.4980 0.0311 0.0025 -30 0 0 0
0.5200 0.0311 0.0022 -30 0 0 0
0.5200 0.0311 0.0022 -30 0 0 0
0.5180 0.0313 0.0038 -30 0 0 0
0.5180 0.0313 0.0038 -30 0 0 0
0.5180 0.0313 0.0038 -30 0 0 0
0.4920 0.0315 -0.0012 -30 0 0 0
0.4920 0.0315 -0.0012 -30 0 0 0
0.4920 0.0315 -0.0012 -30 0 0 0
0.4920 0.0315 -0.0012 -30 0 0 0
0.4920 0.0315 -0.0012 -30 0 0 0
0.4920 0.0315 -0.0012 -30 0 0 0
0.5040 0.0317 -0.0003 -30 0 0 0
0.5040 0.0317 -0.0003 -30 0 0 0
0.5040 0.0317 -0.0003 -30 0 0 0
0.5180 0.0317 0.0015 -30 0 0 0
0.5180 0.0317 0.0015 -30 0 0 0
0.5180 0.0317 0.0015 -30 0 0 0
0.5180 0.0317 0.0015 -30 0 0 0
0.5140 0.0315 0.0015 -30 0 0 0
0.5140 0.0315 0.0015 -30 0 0 0
0.5140 0.0315 0.0015 -30 0 0 0
0.5140 0.0315 0.0015 -30 0 0 0
0.5140 0.0315 0.0015 -30 0 0 0
0.5140 0.0315 0.0015 -30 0 0 0
0.5140 0.0315 0.0015 -30 0 0 0
0.4940 0.0314 0.0049 -30 0 0 0
0.4940 0.0314 0.0049 -30 0 0 0
0.5140 0.0313 0.0076 -30 0 0 0
0.5140 0.0313 0.0076 -30 0 0 0
0.5140 0.0313 0.0076 -30 0 0 0
0.5140 0.0313 0.0076 -30 0 0 0
0.5180 0.0312 0.0074 -30 0 0 0
0.5180 0.0312 0.0074 -30 0 0 0
0.5180 0.0312 0.0074 -30 0 0 0
0.5180 0.0312 0.0074 -30 0 0 0
0.5180 0.0312 0.0074 -30 0 0 0
0.5180 0.0312 0.0074 -30 0 0 0
0.5180 0.0311 0.0086 -30 0 0 0
0.5280 0.0311 0.0086 -30 0 0 0
0.5280 0.0311 0.0086 -30 0 0 0
0.5280 0.0312 0.0086 -30 0 0 0
0.5220 0.0312 0.0086 -30 0 0 0
0.5220 0.0312 0.0086 -30 0 0 0
0.5220 0.0312 0.0086 -30 0 0 0
0.5220 0.0312 0.0086 -30 0 0 0
0.5320 0.0314 0.0091 -30 0 0 0
0.5320 0.0314 0.0091 -30 0 0 0
0.5320 0.0314 0.0091 -30 0 0 0
0.5320 0.0314 0.0091 -30 0 0 0
0.5320 0.0314 0.0091 -30 0 0 0
0.5320 0.0314 0.0091 -30 0 0 0
0.5300 0.0316 0.0083 -30 0 0 0
0.5300 0.0316 0.0083 -30 0 0 0
0.5300 0.0316 0.0083 -30 0 0 0
0.5260 0.0316 0.0081 -30 0 0 0
0.5260 0.0316 0.0081 -30 0 0 0
0.5260 0.0316 0.0081 -30 0 0 0
0.5260 0.0316 0.0081 -30 0 0 0
0.5160 0.0315 0.0087 -30 0 0 0
0.5160 0.0315 0.0087 -30 0 0 0
0.5160 0.0315 0.0087 -30 0 0 0
0.5160 0.0315 0.0087 -30 0 0 0
0.5160 0.0315 0.0087 -30 0 0 0
0.5160 0.0315 0.0087 -30 0 0 0
0.5160 0.0315 0.0087 -30 0 0 0
0.5260 0.0312 0.0093 -30 0 0 0
0.5260 0.0312 0.0093 -30 0 0 0
0.5260 0.0313 0.0097 -30 0 0 0
0.5260 0.0313 0.0097 -30 0 0 0
0.5260 0.0313 0.0097 -30 0 0 0
0.5260 0.0313 0.0097 -30 0 0 0
0.5260 0.0313 0.0097 -30 0 0 0
0.5260 0.0313 0.0097 -30 0 0 0
0.5260 0.0313 0.0097 -30 0 0 0
0.5260 0.0313 0.0097 -30 0 0 0
0.5260 0.0313 0.0097 -30 0 0 0
0.5340 0.0317 0.0097 -30 0 0 0
0.5340 0.0317 0.0097 -30 0 0 0
0.5180 0.0322 0.0086 -30 0 0 0
0.5180 0.0322 0.0086 -30 0 0 0
0.5120 0.0327 0.0075 -30 0 0 0
0.5120 0.0327 0.0075 -30 0 0 0
0.5120 0.0327 0.0075 -30 0 0 0
0.5120 0.0327 0.0075 -30 0 0 0
0.5120 0.0327 0.0075 -30 0 0 0
0.5340 0.0329 0.0084 -30 0 0 0
0.5340 0.0329 0.0084 -30 0 0 0
0.5340 0.0329 0.0084 -30 0 0 0
0.5340 0.0329 0.0084 -30 0 0 0
0.5340 0.0329 0.0084 -30 0 0 0
0.5340 0.0329 0.0084 -30 0 0 0
0.5340 0.0329 0.0084 -30 0 0 0
0.5220 0.0330 0.0080 -30 0 0 0
0.5200 0.0330 0.0081 -30 0 0 0
0.5200 0.0330 0.0081 -30 0 0 0
0.5200 0.0330 0.0081 -30 0 0 0
0.5200 0.0330 0.0081 -30 0 0 0
0.5200 0.0330 0.0081 -30 0 0 0
0.5160 0.0330 0.0079 -30 0 0 0
0.5160 0.0330 0.0079 -30 0 0 0
0.5160 0.0330 0.0079 -30 0 0 0
0.5160 0.0330 0.0079 -30 0 0 0
0.5160 0.0330 0.0079 -30 0 0 0
0.5160 0.0330 0.0079 -30 0 0 0
0.5160 0.0330 0.0079 -30 0 0 0
0.5160 0.0330 0.0079 -30 0 0 0
0.5160 0.0330 0.0079 -30 0 0 0
0.5160 0.0330 0.0079 -30 0 0 0
0.5160 0.0330 0.0079 -30 0 0 0
0.5160 0.0330 0.0079 -30 0 0 0
0.5160 0.0330 0.0079 -30 0 0 0
0.5180 0.0330 0.0089 -30 0 0 0
0.5060 0.0329 0.0066 -30 0 0 0
0.5140 0.0328 0.0060 -30 0 0 0
0.5140 0.0328 0.0060 -30 0 0 0
0.5140 0.0328 0.0060 -30 0 0 0
0.5140 0.0328 0.0060 -30 0 0 0
0.5160 0.0330 0.0075 -30 0 0 0
0.5160 0.0330 0.0075 -30 0 0 0
0.5180 0.0335 0.0074 -30 0 0 0
0.5180 0.0335 0.0074 -30 0 0 0
0.5180 0.0335 0.0074 -30 0 0 0
0.5180 0.0335 0.0074 -30 0 0 0
0.5120 0.0337 0.0073 -30 0 0 0
0.5120 0.0337 0.0073 -30 0 0 0
0.5120 0.0337 0.0073 -30 0 0 0
0.5120 0.0337 0.0073 -30 0 0 0
0.5120 0.0337 0.0073 -30 0 0 0
0.5120 0.0337 0.0073 -30 0 0 0
0.5080 0.0337 0.0073 -30 0 0 0
0.5080 0.0337 0.0073 -30 0 0 0
0.5080 0.0335 0.0090 -30 0 0 0
0.4980 0.0335 0.0090 -30 0 0 0
0.4980 0.0335 0.0090 -30 0 0 0
0.4980 0.0335 0.0090 -30 0 0 0
0.4980 0.0335 0.0090 0 0 0 0
0.5160 0.0336 0.0045 -30 0 0 0
0.4920 0.0331 0.0030 -30 0 0 0
0.4900 0.0328 0.0063 -30 0 0 0
0.5180 0.0328 0.0063 -30 0 0 0
0.5200 0.0325 0.0052 -30 0 0 0
0.5200 0.0325 0.0052 -30 0 0 0
0.5200 0.0325 0.0052 -30 0 0 0
0.5020 0.0320 0.0070 -30 0 0 0
0.5020 0.0320 0.0070 -30 0 0 0
0.5020 0.0320 0.0070 -30 0 0 0
0.4940 0.0319 0.0080 -30 0 0 0
0.4940 0.0319 0.0080 -30 0 0 0
0.4940 0.0319 0.0080 -30 0 0 0
0.4940 0.0319 0.0080 -30 0 0 0
0.4940 0.0319 0.0080 -30 0 0 0
0.4940 0.0319 0.0080 0 0 0 0
0.5100 0.0320 0.0059 -30 0 0 0
0.5140 0.0321 0.0049 -30 0 0 0
0.5180 0.0323 -0.0041 -30 0 0 0
0.5140 0.0323 -0.0054 -30 0 0 0
0.5140 0.0323 -0.0054 -30 0 0 0
0.5040 0.0324 -0.0075 -30 0 0 0
0.5040 0.0324 -0.0075 -30 0 0 0
0.5040 0.0324 -0.0075 -30 0 0 0
0.5040 0.0324 -0.0075 -30 0 0 0
0.5040 0.0324 -0.0075 -30 0 0 0
0.5040 0.0324 -0.0075 -30 0 0 0
0.5280 0.0321 -0.0082 -30 0 0 0
0.5280 0.0321 -0.0082 -30 0 0 0
0.5280 0.0321 -0.0082 -30 0 0 0
0.5280 0.0321 -0.0082 -30 0 0 0
0.5140 0.0320 -0.0082 -30 0 0 0
0.5140 0.0320 -0.0082 -30 0 0 0
0.5140 0.0319 -0.0095 -30 0 0 0
0.4960 0.0319 -0.0095 -30 0 0 0
0.4960 0.0319 -0.0095 -30 0 0 0
0.4960 0.0319 -0.0095 -30 0 0 0
0.4960 0.0319 -0.0095 -30 0 0 0
0.4960 0.0319 -0.0095 -30 0 0 0
0.5120 0.0314 -0.0124 -30 0 0 0
0.5120 0.0314 -0.0124 -30 0 0 0
0.5120 0.0314 -0.0124 -30 0 0 0
0.5120 0.0314 -0.0124 -30 0 0 0
0.5120 0.0314 -0.0124 -30 0 0 0
0.5120 0.0314 -0.0124 -30 0 0 0
0.5220 0.0313 -0.0119 -30 0 0 0
0.5220 0.0313 -0.0119 -30 0 0 0
0.5220 0.0313 -0.0119 -30 0 0 0
0.5040 0.0312 -0.0123 -30 0 0 0
0.5040 0.0312 -0.0123 -30 0 0 0
0.5040 0.0312 -0.0123 -30 0 0 0
0.5040 0.0312 -0.0123 -30 0 0 0
0.5040 0.0312 -0.0123 -30 0 0 0
0.5240 0.0311 -0.0100 -30 0 0 0
0.5240 0.0311 -0.0100 -30 0 0 0
0.5240 0.0311 -0.0100 -30 0 0 0
0.5240 0.0311 -0.0100 -30 0 0 0
0.5240 0.0310 -0.0093 -30 0 0 0
0.5020 0.0310 -0.0093 -30 0 0 0
0.5020 0.0310 -0.0093 -30 0 0 0
0.5240 0.0311 -0.0093 -30 0 0 0
0.5240 0.0311 -0.0093 0 0 0 0
0.5260 0.0311 -0.0070 -30 0 0 0
0.4920 0.0311 -0.0087 -30 0 0 0
0.5100 0.0309 -0.0105 -30 0 0 0
0.5360 0.0310 -0.0092 -30 0 0 0
0.5040 0.0308 -0.0069 -30 0 0 0
0.5040 0.0308 -0.0069 -30 0 0 0
0.5040 0.0308 -0.0069 -30 0 0 0
0.5040 0.0308 -0.0069 -30 0 0 0
0.5040 0.0308 -0.0069 -30 0 0 0
0.5040 0.0308 -0.0069 -30 0 0 0
0.5040 0.0308 -0.0069 -30 0 0 0
0.5040 0.0308 -0.0069 -30 0 0 0
0.5040 0.0308 -0.0069 -30 0 0 0
0.5040 0.0308 -0.0069 -30 0 0 0
0.5200 0.0309 -0.0059 -30 0 0 0
0.5180 0.0315 -0.0063 -30 0 0 0
0.5040 0.0324 -0.0083 -30 0 0 0
0.5040 0.0324 -0.0083 -30 0 0 0
0.5040 0.0324 -0.0083 -30 0 0 0
0.5040 0.0324 -0.0083 -30 0 0 0
0.5040 0.0324 -0.0083 -30 0 0 0
0.5080 0.0331 -0.0104 -30 0 0 0
0.5080 0.0331 -0.0104 -30 0 0 0
0.5080 0.0331 -0.0104 -30 0 0 0
0.5080 0.0331 -0.0104 -30 0 0 0
0.4960 0.0328 -0.0126 0 0 0 0
0.5040 0.0319 -0.0119 -30 0 0 0
0.5020 0.0317 -0.0100 -30 0 0 0
0.5040 0.0319 -0.0085 -30 0 0 0
0.5040 0.0319 -0.0085 -30 0 0 0
0.5040 0.0319 -0.0085 -30 0 0 0
0.5120 0.0320 -0.0102 -30 0 0 0
0.5120 0.0320 -0.0102 -30 0 0 0
0.5120 0.0320 -0.0102 -30 0 0 0
0.5000 0.0317 -0.0101 -30 0 0 0
0.5000 0.0317 -0.0101 -30 0 0 0
0.5000 0.0317 -0.0101 -30 0 0 0
0.5000 0.0317 -0.0101 -30 0 0 0
0.5000 0.0317 -0.0101 -30 0 0 0
0.5000 0.0317 -0.0101 -30 0 0 0
0.5140 0.0314 -0.0122 -30 0 0 0
0.5140 0.0314 -0.0122 -30 0 0 0
0.5140 0.0314 -0.0122 -30 0 0 0
0.5140 0.0314 -0.0122 -30 0 0 0
0.5140 0.0314 -0.0122 -30 0 0 0
0.5140 0.0314 -0.0122 -30 0 0 0
0.5200 0.0311 -0.0128 -30 0 0 0
0.5200 0.0311 -0.0128 -30 0 0 0
0.5200 0.0311 -0.0128 -30 0 0 0
0.5200 0.0311 -0.0128 -30 0 0 0
0.5200 0.0311 -0.0128 -30 0 0 0
0.5200 0.0311 -0.0128 -30 0 0 0
0.5260 0.0306 -0.0108 -30 0 0 0
0.5260 0.0306 -0.0108 -30 0 0 0
0.5260 0.0306 -0.0108 -30 0 0 0
0.5260 0.0306 -0.0108 -30 0 0 0
0.5240 0.0304 -0.0111 -30 0 0 0
0.5240 0.0304 -0.0111 -30 0 0 0
0.4980 0.0305 -0.0118 -30 0 0 0
0.4980 0.0305 -0.0118 -30 0 0 0
0.4980 0.0308 -0.0144 -30 0 0 0
0.5100 0.0308 -0.0144 -30 0 0 0
0.5100 0.0308 -0.0144 -30 0 0 0
0.5100 0.0308 -0.0144 -30 0 0 0
0.5100 0.0308 -0.0144 -30 0 0 0
0.5100 0.0308 -0.0144 -30 0 0 0
0.5160 0.0315 -0.0146 -30 0 0 0
0.5160 0.0315 -0.0146 -30 0 0 0
0.5160 0.0315 -0.0146 -30 0 0 0
0.5160 0.0315 -0.0146 -30 0 0 0
0.5160 0.0315 -0.0146 -30 0 0 0
0.5160 0.0315 -0.0146 -30 0 0 0
0.4960 0.0319 -0.0175 -30 0 0 0
0.4960 0.0319 -0.0175 -30 0 0 0
0.4960 0.0319 -0.0175 -30 0 0 0
0.4840 0.0320 -0.0148 -30 0 0 0
0.4840 0.0320 -0.0148 -30 0 0 0
0.4840 0.0320 -0.0148 -30 0 0 0
0.4840 0.0320 -0.0148 -30 0 0 0
0.4840 0.0320 -0.0148 -30 0 0 0
0.4840 0.0319 -0.0177 -30 0 0 0
0.5020 0.0319 -0.0177 -30 0 0 0
0.5020 0.0319 -0.0177 -30 0 0 0
0.5020 0.0319 -0.0177 -30 0 0 0
0.5020 0.0319 -0.0177 -30 0 0 0
0.4940 0.0317 -0.0172 -30 0 0 0
0.4940 0.0317 -0.0172 -30 0 0 0
0.4940 0.0317 -0.0172 -30 0 0 0
0.4820 0.0317 -0.0172 -30 0 0 0
0.4820 0.0317 -0.0172 -30 0 0 0
0.4820 0.0317 -0.0172 -30 0 0 0
0.4820 0.0317 -0.0172 -30 0 0 0
0.4820 0.0317 -0.0172 -30 0 0 0
0.4920 0.0316 -0.0162 -30 0 0 0
0.4920 0.0316 -0.0162 -30 0 0 0
0.4920 0.0316 -0.0162 -30 0 0 0
0.4920 0.0316 -0.0162 -30 0 0 0
0.4920 0.0316 -0.0162 -30 0 0 0
0.5140 0.0317 -0.0140 -30 0 0 0
0.5140 0.0317 -0.0140 -30 0 0 0
0.5140 0.0317 -0.0140 -30 0 0 0
0.5140 0.0317 -0.0140 -30 0 0 0
0.5060 0.0320 -0.0130 -30 0 0 0
0.5060 0.0320 -0.0130 -30 0 0 0
0.5060 0.0320 -0.0130 -30 0 0 0
0.5060 0.0320 -0.0130 -30 0 0 0
0.5060 0.0320 -0.0130 -30 0 0 0
0.4980 0.0319 -0.0125 -30 0 0 0
0.4980 0.0319 -0.0125 -30 0 0 0
0.4980 0.0319 -0.0125 -30 0 0 0
0.4980 0.0319 -0.0125 -30 0 0 0
0.4980 0.0319 -0.0125 -30 0 0 0
0.4980 0.0319 -0.0125 -30 0 0 0
0.5120 0.0319 -0.0124 -30 0 0 0
0.5120 0.0319 -0.0124 -30 0 0 0
0.5120 0.0319 -0.0124 -30 0 0 0
0.5120 0.0319 -0.0124 -30 0 0 0
0.5120 0.0319 -0.0124 -30 0 0 0
0.5120 0.0319 -0.0124 -30 0 0 0
0.5120 0.0319 -0.0124 -30 0 0 0
0.5120 0.0319 -0.0124 -30 0 0 0
0.5120 0.0319 -0.0124 -30 0 0 0
0.5120 0.0319 -0.0124 -30 0 0 0
0.5120 0.0319 -0.0124 -30 0 0 0
0.4920 0.0319 -0.0113 -30 0 0 0
0.4920 0.0321 -0.0135 -30 0 0 0
0.5040 0.0325 -0.0126 -30 0 0 0
0.5040 0.0325 -0.0126 -30 0 0 0
0.5040 0.0325 -0.0126 -30 0 0 0
0.5060 0.0327 -0.0162 -30 0 0 0
0.5060 0.0327 -0.0162 -30 0 0 0
0.5060 0.0327 -0.0162 -30 0 0 0
0.5060 0.0327 -0.0162 -30 0 0 0
0.5100 0.0327 -0.0153 -30 0 0 0
0.5100 0.0327 -0.0153 -30 0 0 0
0.5100 0.0327 -0.0153 -30 0 0 0
0.5100 0.0327 -0.0153 -30 0 0 0
0.5100 0.0327 -0.0153 -30 0 0 0
0.5140 0.0329 -0.0161 -30 0 0 0
0.5140 0.0329 -0.0161 -30 0 0 0
0.5140 0.0329 -0.0161 -30 0 0 0
0.5140 0.0329 -0.0161 0 0 0 0
0.5280 0.0332 -0.0135 -30 0 0 0
0.5140 0.0333 -0.0115 -30 0 0 0
0.5180 0.0330 -0.0079 -30 0 0 0
0.5260 0.0328 -0.0073 -30 0 0 0
0.5260 0.0328 -0.0073 -30 0 0 0
0.5260 0.0328 -0.0073 -30 0 0 0
0.5260 0.0328 -0.0073 -30 0 0 0
0.5240 0.0322 -0.0073 -30 0 0 0
0.5240 0.0322 -0.0073 -30 0 0 0
0.5240 0.0322 -0.0073 -30 0 0 0
0.5240 0.0322 -0.0073 -30 0 0 0
0.5200 0.0319 -0.0067 -30 0 0 0
0.5200 0.0319 -0.0067 -30 0 0 0
0.5200 0.0319 -0.0067 -30 0 0 0
0.5200 0.0319 -0.0067 -30 0 0 0
0.5380 0.0320 -0.0077 -30 0 0 0
0.5380 0.0320 -0.0077 -30 0 0 0
0.5380 0.0320 -0.0077 -30 0 0 0
0.5380 0.0320 -0.0077 -30 0 0 0
0.4980 0.0323 -0.0067 0 0 0 0
0.4920 0.0327 -0.0083 -30 0 0 0
0.5260 0.0322 -0.0105 -30 0 0 0
0.5260 0.0322 -0.0105 -30 0 0 0
0.5260 0.0322 -0.0105 -30 0 0 0
0.5260 0.0322 -0.0105 -30 0 0 0
0.5020 0.0321 -0.0105 -30 0 0 0
0.5020 0.0321 -0.0105 -30 0 0 0
0.5020 0.0321 -0.0105 -30 0 0 0
0.5020 0.0321 -0.0105 -30 0 0 0
0.5240 0.0319 -0.0100 -30 0 0 0
0.5240 0.0319 -0.0100 -30 0 0 0
0.5240 0.0319 -0.0100 -30 0 0 0
0.5240 0.0319 -0.0100 -30 0 0 0
0.5140 0.0319 -0.0070 -30 0 0 0
0.5140 0.0319 -0.0070 -30 0 0 0
0.5140 0.0319 -0.0070 -30 0 0 0
0.5160 0.0318 -0.0064 -30 0 0 0
0.5160 0.0318 -0.0064 -30 0 0 0
0.5160 0.0318 -0.0064 -30 0 0 0
0.5160 0.0318 -0.0064 -30 0 0 0
0.5160 0.0318 -0.0064 -30 0 0 0
0.4920 0.0317 -0.0060 -30 0 0 0
0.4920 0.0317 -0.0060 -30 0 0 0
0.4920 0.0317 -0.0060 -30 0 0 0
0.4920 0.0317 -0.0060 0 0 0 0
0.5080 0.0330 -0.0041 0 0 0 30
0.5240 0.0328 -0.0039 0 0 0 30
0.5040 0.0327 -0.0034 0 0 0 30
0.5200 0.0321 -0.0024 0 0 0 30
0.5100 0.0318 -0.0008 0 0 0 30
0.5180 0.0313 0.0039 0 0 0 0
0.5100 0.0313 0.0050 0 0 0 30
0.5020 0.0315 0.0059 0 0 0 30
0.5000 0.0313 0.0069 0 0 0 30
0.5000 0.0313 0.0069 0 0 0 30
0.5000 0.0313 0.0069 0 0 0 0
0.5040 0.0308 0.0089 0 0 0 30
0.5140 0.0308 0.0089 0 0 0 30
0.5120 0.0308 0.0083 0 0 0 0
0.5180 0.0314 0.0233 -30 0 0 0
0.5240 0.0317 0.0246 -30 0 0 0
0.5080 0.0321 0.0246 -30 0 0 0
0.5320 0.0323 0.0229 -30 0 0 0
0.5260 0.0326 0.0226 -30 0 0 0
0.5180 0.0325 0.0227 -30 0 0 0
0.5180 0.0325 0.0227 -30 0 0 0
0.5020 0.0322 0.0213 -30 0 0 0
0.5020 0.0322 0.0213 -30 0 0 0
0.5020 0.0322 0.0213 -30 0 0 0
0.5020 0.0322 0.0213 -30 0 0 0
0.5020 0.0322 0.0213 -30 0 0 0
0.5020 0.0322 0.0213 -30 0 0 0
0.5020 0.0322 0.0213 -30 0 0 0
0.5020 0.0322 0.0213 -30 0 0 0
0.5020 0.0322 0.0213 -30 0 0 0
0.5020 0.0322 0.0213 -30 0 0 0
0.5040 0.0320 0.0200 0 0 0 0
0.5200 0.0319 0.0198 -30 0 0 0
0.5100 0.0317 0.0185 -30 0 0 0
0.5080 0.0319 0.0190 -30 0 0 0
0.5080 0.0319 0.0190 -30 0 0 0
0.5080 0.0319 0.0190 -30 0 0 0
0.5080 0.0319 0.0190 -30 0 0 0
0.5080 0.0319 0.0189 -30 0 0 0
0.5080 0.0319 0.0189 -30 0 0 0
0.5080 0.0319 0.0189 -30 0 0 0
0.5080 0.0319 0.0189 -30 0 0 0
0.5080 0.0319 0.0189 -30 0 0 0
0.5080 0.0319 0.0189 -30 0 0 0
0.5080 0.0319 0.0189 -30 0 0 0
0.5080 0.0319 0.0189 -30 0 0 0
0.5080 0.0319 0.0189 -30 0 0 0
0.5080 0.0319 0.0189 -30 0 0 0
0.5080 0.0319 0.0189 0 0 0 0
0.5260 0.0321 0.0234 -30 0 0 0
0.5280 0.0321 0.0262 -30 0 0 0
0.5560 0.0322 0.0242 -30 0 0 0
0.5080 0.0325 0.0237 -30 0 0 0
0.5060 0.0327 0.0239 -30 0 0 0
0.5060 0.0327 0.0239 -30 0 0 0
0.5060 0.0327 0.0239 -30 0 0 0
0.5060 0.0327 0.0239 -30 0 0 0
0.5140 0.0327 0.0251 -30 0 0 0
0.5140 0.0327 0.0251 -30 0 0 0
0.5140 0.0327 0.0251 -30 0 0 0
0.5140 0.0327 0.0251 -30 0 0 0
0.5140 0.0327 0.0251 -30 0 0 0
0.5140 0.0327 0.0251 -30 0 0 0
0.5140 0.0327 0.0251 -30 0 0 0
0.5180 0.0327 0.0240 -30 0 0 0
0.5180 0.0327 0.0240 0 0 0 0
0.5040 0.0331 0.0213 -30 0 0 0
0.5160 0.0332 0.0217 -30 0 0 0
0.5120 0.0332 0.0212 -30 0 0 0
0.5220 0.0332 0.0234 -30 0 0 0
0.5220 0.0332 0.0234 -30 0 0 0
0.5220 0.0330 0.0268 -30 0 0 0
0.5040 0.0330 0.0268 -30 0 0 0
0.5040 0.0330 0.0268 -30 0 0 0
0.5040 0.0330 0.0268 -30 0 0 0
0.5040 0.0330 0.0268 -30 0 0 0
0.5080 0.0329 0.0274 -30 0 0 0
0.5080 0.0329 0.0274 -30 0 0 0
0.5080 0.0329 0.0274 -30 0 0 0
0.5080 0.0329 0.0274 -30 0 0 0
0.5080 0.0329 0.0274 -30 0 0 0
0.5080 0.0329 0.0274 -30 0 0 0
0.5080 0.0329 0.0274 -30 0 0 0
0.5140 0.0326 0.0279 -30 0 0 0
0.5140 0.0326 0.0279 -30 0 0 0
0.5140 0.0326 0.0279 -30 0 0 0
0.5120 0.0323 0.0284 -30 0 0 0
0.5120 0.0323 0.0284 -30 0 0 0
0.5120 0.0323 0.0284 -30 0 0 0
0.5120 0.0323 0.0284 -30 0 0 0
0.5120 0.0322 0.0304 -30 0 0 0
0.5120 0.0322 0.0304 -30 0 0 0
0.5120 0.0322 0.0304 -30 0 0 0
0.5120 0.0322 0.0304 -30 0 0 0
0.5120 0.0322 0.0304 -30 0 0 0
0.5120 0.0322 0.0304 -30 0 0 0
0.5120 0.0322 0.0329 -30 0 0 0
0.5120 0.0322 0.0329 -30 0 0 0
0.5120 0.0322 0.0329 -30 0 0 0
0.5140 0.0325 0.0328 -30 0 0 0
0.5140 0.0325 0.0328 -30 0 0 0
0.5140 0.0325 0.0328 -30 0 0 0
0.5140 0.0325 0.0328 -30 0 0 0
0.5140 0.0325 0.0328 -30 0 0 0
0.4900 0.0328 0.0330 -30 0 0 0
0.4900 0.0328 0.0330 -30 0 0 0
0.4900 0.0328 0.0330 -30 0 0 0
0.4900 0.0328 0.0330 -30 0 0 0
0.4900 0.0329 0.0338 -30 0 0 0
0.5020 0.0329 0.0338 -30 0 0 0
0.5020 0.0329 0.0338 -30 0 0 0
0.4960 0.0335 0.0355 -30 0 0 0
0.4960 0.0335 0.0355 -30 0 0 0
0.4960 0.0335 0.0355 -30 0 0 0
0.4960 0.0335 0.0355 -30 0 0 0
0.4960 0.0335 0.0355 -30 0 0 0
0.4960 0.0335 0.0355 -30 0 0 0
0.5100 0.0343 0.0360 -30 0 0 0
0.5100 0.0343 0.0360 -30 0 0 0
0.5100 0.0343 0.0360 -30 0 0 0
0.5100 0.0343 0.0360 -30 0 0 0
0.5100 0.0343 0.0360 -30 0 0 0
0.5100 0.0343 0.0360 -30 0 0 0
0.5100 0.0343 0.0360 -30 0 0 0
0.5100 0.0343 0.0360 -30 0 0 0
0.5100 0.0343 0.0360 -30 0 0 0
0.5100 0.0343 0.0360 -30 0 0 0
0.5100 0.0343 0.0360 -30 0 0 0
0.5100 0.0343 0.0360 -30 0 0 0
0.5100 0.0343 0.0360 -30 0 0 0
0.4960 0.0345 0.0369 -30 0 0 0
0.5100 0.0346 0.0372 -30 0 0 0
0.4900 0.0346 0.0386 -30 0 0 0
0.4900 0.0346 0.0386 -30 0 0 0
0.4900 0.0346 0.0386 -30 0 0 0
0.4900 0.0346 0.0386 -30 0 0 0
0.5140 0.0344 0.0368 -30 0 0 0
0.5140 0.0344 0.0368 -30 0 0 0
0.5140 0.0344 0.0368 -30 0 0 0
0.5140 0.0344 0.0368 0 0 0 0
0.5140 0.0337 0.0449 0 30 0 0
0.5040 0.0337 0.0452 0 30 0 0
0.5140 0.0341 0.0416 0 30 0 0
0.5060 0.0339 0.0395 0 30 0 0
0.5140 0.0338 0.0363 0 30 0 0
0.5120 0.0329 0.0192 0 30 0 0
0.5080 0.0329 0.0170 0 30 0 0
0.5080 0.0329 0.0170 0 30 0 0
0.5140 0.0328 0.0153 0 30 0 0
0.5140 0.0328 0.0153 0 30 0 0
0.5140 0.0328 0.0153 0 30 0 0
0.5140 0.0328 0.0153 0 30 0 0
0.5160 0.0329 0.0144 0 30 0 0
0.5160 0.0329 0.0144 0 30 0 0
0.5160 0.0331 0.0097 0 30 0 0
0.5200 0.0331 0.0097 0 30 0 0
0.5200 0.0331 0.0097 0 30 0 0
0.5200 0.0331 0.0097 0 30 0 0
0.5200 0.0331 0.0097 0 30 0 0
0.5200 0.0331 0.0097 0 30 0 0
0.5060 0.0331 0.0059 0 30 0 0
0.5060 0.0331 0.0059 0 30 0 0
0.5060 0.0331 0.0059 0 30 0 0
0.5060 0.0331 0.0059 0 30 0 0
0.5060 0.0331 0.0059 0 30 0 0
0.5120 0.0327 0.0010 0 30 0 0
0.5120 0.0327 0.0010 0 30 0 0
0.5180 0.0325 -0.0002 0 30 0 0
0.5180 0.0325 -0.0002 0 30 0 0
0.5180 0.0325 -0.0002 0 30 0 0
0.5180 0.0325 -0.0002 0 30 0 0
0.5180 0.0325 -0.0002 0 30 0 0
0.5180 0.0325 -0.0002 0 30 0 0
0.5180 0.0325 -0.0002 0 30 0 0
0.5240 0.0321 -0.0011 0 30 0 0
0.5240 0.0321 -0.0011 0 30 0 0
0.5240 0.0321 -0.0011 0 30 0 0
0.5240 0.0321 -0.0011 0 30 0 0
0.5240 0.0321 -0.0011 0 30 0 0
0.5240 0.0321 -0.0011 0 30 0 0
0.5240 0.0321 -0.0011 0 30 0 0
0.5240 0.0321 -0.0011 0 30 0 0
0.5240 0.0321 -0.0011 0 30 0 0
0.5240 0.0321 -0.0011 0 30 0 0
0.5240 0.0320 -0.0014 0 30 0 0
0.5120 0.0320 -0.0014 0 30 0 0
0.5320 0.0320 -0.0010 0 30 0 0
0.4980 0.0323 0.0001 0 30 0 0
0.4980 0.0323 0.0001 0 30 0 0
0.4980 0.0323 0.0001 0 30 0 0
0.4980 0.0323 0.0001 0 30 0 0
0.5240 0.0327 0.0034 0 30 0 0
0.5240 0.0327 0.0034 0 30 0 0
0.5040 0.0332 0.0039 0 30 0 0
0.5040 0.0332 0.0039 0 30 0 0
0.5040 0.0332 0.0039 0 30 0 0
0.5040 0.0332 0.0039 0 30 0 0
0.5040 0.0332 0.0039 0 30 0 0
0.5240 0.0335 0.0057 0 30 0 0
0.5240 0.0335 0.0057 0 30 0 0
0.5240 0.0335 0.0057 0 30 0 0
0.5240 0.0335 0.0057 0 30 0 0
0.5240 0.0335 0.0057 0 30 0 0
0.5200 0.0330 0.0092 0 30 0 0
0.5200 0.0330 0.0092 0 30 0 0
0.4920 0.0328 0.0098 0 30 0 0
0.4920 0.0328 0.0098 0 30 0 0
0.4920 0.0328 0.0098 0 30 0 0
0.4920 0.0328 0.0098 0 30 0 0
0.4920 0.0328 0.0098 0 30 0 0
0.4920 0.0328 0.0098 0 30 0 0
0.5220 0.0322 0.0090 0 30 0 0
0.5220 0.0322 0.0090 0 0 0 0
0.5220 0.0334 0.0024 0 30 0 0
0.5180 0.0332 0.0020 0 30 0 0
0.5340 0.0323 -0.0012 0 30 0 0
0.5260 0.0325 -0.0052 0 30 0 0
0.5260 0.0325 -0.0052 0 30 0 0
0.5100 0.0332 -0.0024 0 30 0 0
0.5000 0.0336 -0.0030 0 30 0 0
0.5000 0.0336 -0.0030 0 30 0 0
0.5000 0.0336 -0.0030 0 30 0 0
0.5000 0.0341 -0.0021 0 30 0 0
0.5040 0.0341 -0.0021 0 30 0 0
0.5040 0.0341 -0.0021 0 30 0 0
0.5180 0.0344 -0.0030 0 30 0 0
0.5180 0.0344 -0.0030 0 30 0 0
0.5180 0.0344 -0.0030 0 30 0 0
0.5180 0.0344 -0.0030 0 30 0 0
0.5180 0.0344 -0.0030 0 30 0 0
0.4880 0.0347 -0.0074 0 30 0 0
0.4880 0.0347 -0.0074 0 30 0 0
0.4880 0.0347 -0.0074 0 30 0 0
0.4880 0.0347 -0.0074 0 30 0 0
0.4940 0.0348 -0.0025 0 30 0 0
0.4940 0.0348 -0.0025 0 30 0 0
0.4940 0.0348 -0.0025 0 0 0 0
0.4900 0.0341 0.0008 0 30 0 0
0.4980 0.0329 0.0031 0 30 0 0
0.4940 0.0329 0.0031 0 30 0 0
0.4940 0.0329 0.0031 0 30 0 0
0.4940 0.0329 0.0031 0 30 0 0
0.4940 0.0329 0.0031 0 30 0 0
0.4880 0.0326 0.0016 0 30 0 0
0.4880 0.0326 0.0016 0 30 0 0
0.4880 0.0326 0.0016 0 30 0 0
0.4880 0.0326 0.0016 0 30 0 0
0.5020 0.0323 0.0014 0 30 0 0
0.5120 0.0320 -0.0000 0 30 0 0
0.5120 0.0320 -0.0000 0 30 0 0
0.5040 0.0319 -0.0029 0 30 0 0
0.5040 0.0319 -0.0029 0 30 0 0
0.5040 0.0319 -0.0029 0 0 0 0
0.5240 0.0317 -0.0057 0 30 0 0
0.5300 0.0321 -0.0065 0 30 0 0
0.5180 0.0325 -0.0055 0 30 0 0
0.5460 0.0325 -0.0053 0 30 0 0
0.5260 0.0323 -0.0031 0 30 0 0
0.5260 0.0323 -0.0031 0 30 0 0
0.5140 0.0317 -0.0039 0 30 0 0
0.5140 0.0317 -0.0039 0 30 0 0
0.5140 0.0317 -0.0039 0 30 0 0
0.5140 0.0317 -0.0039 0 30 0 0
0.5140 0.0317 -0.0039 0 30 0 0
0.5140 0.0317 -0.0039 0 30 0 0
0.5140 0.0317 -0.0039 0 30 0 0
0.5140 0.0317 -0.0039 0 0 0 0
0.5080 0.0315 -0.0022 0 30 0 0
0.5180 0.0315 -0.0032 0 30 0 0
0.5180 0.0317 -0.0040 0 30 0 0
0.5080 0.0320 -0.0093 0 30 0 0
0.5140 0.0320 -0.0093 0 30 0 0
0.5140 0.0320 -0.0093 0 30 0 0
0.5100 0.0318 -0.0124 0 30 0 0
0.5100 0.0318 -0.0124 0 30 0 0
0.5100 0.0318 -0.0124 0 30 0 0
0.5140 0.0315 -0.0112 0 30 0 0
0.5140 0.0315 -0.0112 0 30 0 0
0.5140 0.0315 -0.0112 0 30 0 0
0.5140 0.0315 -0.0112 0 30 0 0
0.5040 0.0314 -0.0126 0 30 0 0
0.5040 0.0314 -0.0126 0 30 0 0
0.5040 0.0314 -0.0126 0 30 0 0
0.5040 0.0314 -0.0126 0 30 0 0
0.5040 0.0314 -0.0126 0 30 0 0
0.5060 0.0312 -0.0117 0 0 0 0
0.5100 0.0324 -0.0112 0 30 0 0
0.5040 0.0326 -0.0109 0 30 0 0
0.5140 0.0328 -0.0144 0 30 0 0
0.5100 0.0327 -0.0151 0 30 0 0
0.4880 0.0328 -0.0102 0 30 0 0
0.5060 0.0329 -0.0074 0 30 0 0
0.5060 0.0329 -0.0074 0 30 0 0
0.5060 0.0329 -0.0074 0 30 0 0
0.5000 0.0332 -0.0068 0 30 0 0
0.5000 0.0332 -0.0068 0 30 0 0
0.5000 0.0332 -0.0068 0 30 0 0
0.5000 0.0332 -0.0068 0 30 0 0
0.5000 0.0332 -0.0068 0 30 0 0
0.5000 0.0332 -0.0068 0 30 0 0
0.5080 0.0333 -0.0080 0 30 0 0
0.5080 0.0333 -0.0080 0 30 0 0
0.5080 0.0333 -0.0080 0 30 0 0
0.5020 0.0335 -0.0035 0 0 0 0
0.5160 0.0322 0.0092 0 0 0 30
0.4940 0.0330 0.0090 0 0 0 30
0.5120 0.0330 0.0090 0 0 0 30
0.5240 0.0329 0.0104 0 0 0 30
0.5040 0.0327 0.0082 0 0 0 30
0.5260 0.0322 0.0077 0 0 0 30
0.5260 0.0322 0.0077 0 0 0 0
0.5160 0.0318 0.0033 0 0 0 30
0.5040 0.0324 0.0040 0 0 0 30
0.5080 0.0322 0.0076 0 0 0 30
0.5080 0.0322 0.0076 0 0 0 30
0.5080 0.0322 0.0076 0 0 0 30
0.5080 0.0322 0.0076 0 0 0 0
0.5140 0.0329 0.0084 0 30 0 0
0.5080 0.0331 0.0126 0 30 0 0
0.5080 0.0335 0.0134 0 30 0 0
0.5160 0.0336 0.0143 0 30 0 0
0.5160 0.0335 0.0152 0 30 0 0
0.5080 0.0335 0.0152 0 30 0 0
0.5080 0.0335 0.0152 0 30 0 0
0.5080 0.0335 0.0152 0 30 0 0
0.5080 0.0335 0.0152 0 30 0 0
0.5080 0.0335 0.0152 0 30 0 0
0.5220 0.0333 0.0158 0 30 0 0
0.5220 0.0333 0.0158 0 30 0 0
0.5220 0.0333 0.0158 0 30 0 0
0.5220 0.0333 0.0168 0 0 0 0
0.5040 0.0326 0.0169 0 30 0 0
0.4880 0.0324 0.0175 0 30 0 0
0.5060 0.0323 0.0186 0 30 0 0
0.5100 0.0322 0.0181 0 30 0 0
0.5080 0.0321 0.0172 0 30 0 0
0.5080 0.0318 0.0179 0 30 0 0
0.5080 0.0318 0.0179 0 30 0 0
0.5080 0.0318 0.0179 0 30 0 0
0.5260 0.0318 0.0181 0 30 0 0
0.5260 0.0318 0.0181 0 30 0 0
0.5260 0.0318 0.0181 0 0 0 0
