0.5760 0.0140 -0.0041 0 0 0 -30
0.6020 0.0140 -0.0041 0 0 0 -30
0.5820 0.0137 -0.0053 0 0 0 -30
0.5980 0.0146 -0.0046 0 0 0 -30
0.5980 0.0146 -0.0051 0 0 0 -30
0.5700 0.0142 -0.0036 0 0 0 -30
0.5460 0.0142 -0.0036 0 0 0 -30
0.5640 0.0140 -0.0053 0 0 0 -30
0.5920 0.0140 -0.0050 0 0 0 0
0.5740 0.0152 -0.0036 0 0 0 30
0.5600 0.0152 -0.0036 0 0 0 30
0.5840 0.0152 -0.0030 0 0 0 30
0.5740 0.0146 -0.0038 0 0 0 30
0.5700 0.0146 -0.0036 0 0 0 30
0.5740 0.0145 -0.0040 0 0 0 30
0.5660 0.0144 -0.0053 0 0 0 30
0.5660 0.0144 -0.0053 0 0 0 30
0.5560 0.0144 -0.0059 0 0 0 0
0.5740 0.0145 -0.0023 0 0 0 30
0.5680 0.0149 -0.0009 0 0 0 30
0.5640 0.0154 -0.0003 0 0 0 30
0.5760 0.0163 -0.0003 0 0 0 0
0.5660 0.0147 0.0028 0 0 0 30
0.5660 0.0146 0.0014 0 0 0 30
0.5540 0.0146 0.0014 0 0 0 30
0.5580 0.0146 0.0008 0 0 0 0
0.5800 0.0149 0.0239 0 0 -30 0
0.5920 0.0150 0.0233 0 0 -30 0
0.5760 0.0148 0.0244 0 0 -30 0
0.5760 0.0148 0.0244 0 0 0 0
0.5620 0.0155 0.0321 0 0 -30 0
0.5740 0.0155 0.0321 0 0 -30 0
0.5740 0.0153 0.0302 0 0 -30 0
0.5720 0.0146 0.0294 0 0 -30 0
0.5540 0.0146 0.0294 0 0 -30 0
0.5620 0.0145 0.0305 0 0 0 0
0.5720 0.0138 0.0333 0 0 -30 0
0.5620 0.0129 0.0304 0 0 -30 0
0.5620 0.0130 0.0258 0 0 -30 0
0.5380 0.0141 0.0243 0 0 -30 0
0.5380 0.0141 0.0243 0 0 -30 0
0.5520 0.0152 0.0224 0 0 0 0
0.5480 0.0136 0.0205 0 0 -30 0
0.5480 0.0136 0.0205 0 0 0 0
0.5740 0.0126 0.0118 0 0 30 0
0.5300 0.0121 0.0101 0 0 30 0
0.5300 0.0121 0.0101 0 0 30 0
0.5520 0.0131 0.0108 0 0 30 0
0.5540 0.0139 0.0104 0 0 30 0
0.5540 0.0139 0.0104 0 0 30 0
0.5660 0.0143 0.0063 0 0 30 0
0.5640 0.0144 0.0052 0 0 0 0
0.5600 0.0124 0.0045 0 0 30 0
0.5700 0.0117 0.0040 0 0 30 0
0.5700 0.0117 0.0040 0 0 30 0
0.5820 0.0113 0.0031 0 0 30 0
0.5480 0.0108 0.0038 0 0 0 0
0.5460 0.0100 -0.0006 0 0 30 0
0.5460 0.0096 0.0010 0 0 30 0
0.5460 0.0096 0.0010 0 0 30 0
0.5640 0.0094 0.0012 0 0 30 0
0.5560 0.0094 0.0050 0 0 0 0
0.5740 0.0120 0.0032 0 0 30 0
0.5700 0.0120 0.0032 0 0 30 0
0.5640 0.0129 0.0035 0 0 30 0
0.5640 0.0130 0.0032 0 0 30 0
0.5700 0.0126 0.0036 0 0 30 0
0.5700 0.0121 0.0032 0 0 30 0
0.5700 0.0118 0.0034 0 0 30 0
0.5680 0.0118 0.0034 0 0 30 0
0.5680 0.0118 0.0034 0 0 30 0
0.5680 0.0118 0.0034 0 0 30 0
0.5680 0.0118 0.0034 0 0 0 0
0.5780 0.0126 0.0030 0 0 -30 0
0.5480 0.0126 0.0030 0 0 -30 0
0.5680 0.0135 0.0043 0 0 -30 0
0.5680 0.0135 0.0043 0 0 -30 0
0.5760 0.0145 0.0052 0 0 -30 0
0.5760 0.0157 0.0064 0 0 0 0
0.5640 0.0162 0.0124 0 0 -30 0
0.5480 0.0162 0.0124 0 0 -30 0
0.5680 0.0161 0.0119 0 0 -30 0
0.5740 0.0158 0.0125 0 0 -30 0
0.5740 0.0155 0.0130 0 0 -30 0
0.5780 0.0155 0.0130 0 0 -30 0
0.5780 0.0155 0.0130 0 0 0 0
0.5620 0.0156 0.0253 0 0 -30 0
0.5540 0.0161 0.0249 0 0 -30 0
0.5400 0.0167 0.0260 0 0 -30 0
0.5500 0.0168 0.0254 0 0 -30 0
0.5500 0.0168 0.0254 0 0 -30 0
0.5680 0.0161 0.0273 0 0 -30 0
0.5720 0.0158 0.0295 0 0 -30 0
0.5720 0.0158 0.0295 0 0 0 0
0.5400 0.0164 0.0312 0 0 -30 0
0.5400 0.0164 0.0312 0 0 -30 0
0.5460 0.0160 0.0303 0 0 -30 0
0.5680 0.0157 0.0298 0 0 -30 0
0.5440 0.0158 0.0282 0 0 -30 0
0.5440 0.0159 0.0285 0 0 -30 0
0.5720 0.0159 0.0285 0 0 -30 0
0.5720 0.0159 0.0285 0 0 0 0
0.5640 0.0115 0.0222 0 0 -30 0
0.5640 0.0115 0.0222 0 0 -30 0
0.5740 0.0111 0.0246 0 0 -30 0
0.5660 0.0111 0.0259 0 0 -30 0
0.5660 0.0116 0.0267 0 0 0 0
0.5580 0.0146 0.0252 0 0 -30 0
0.5860 0.0146 0.0252 0 0 -30 0
0.5800 0.0147 0.0258 0 0 -30 0
0.5720 0.0146 0.0262 0 0 0 0
0.5480 0.0129 0.0209 0 0 -30 0
0.5480 0.0129 0.0209 0 0 -30 0
0.5500 0.0126 0.0211 0 0 -30 0
0.5740 0.0124 0.0223 0 0 -30 0
0.5740 0.0125 0.0229 0 0 -30 0
0.5540 0.0126 0.0229 0 0 -30 0
0.5540 0.0128 0.0214 0 0 -30 0
0.5760 0.0128 0.0214 0 0 0 0
0.5780 0.0105 0.0278 0 0 -30 0
0.5560 0.0107 0.0293 0 0 -30 0
0.5600 0.0107 0.0302 0 0 0 0
0.5700 0.0045 0.0356 0 0 0 0
0.5660 0.0034 0.0247 0 0 30 0
0.5620 0.0041 0.0248 0 0 30 0
0.5620 0.0041 0.0248 0 0 30 0
0.5720 0.0059 0.0273 0 0 30 0
0.5720 0.0065 0.0275 0 0 30 0
0.5580 0.0072 0.0283 0 0 30 0
0.5740 0.0081 0.0281 0 0 30 0
0.5740 0.0083 0.0268 0 0 30 0
0.5740 0.0081 0.0270 0 0 30 0
0.5660 0.0081 0.0270 0 0 30 0
0.5660 0.0081 0.0270 0 0 30 0
0.5660 0.0081 0.0270 0 0 30 0
0.5660 0.0081 0.0270 0 0 30 0
0.5800 0.0071 0.0241 0 0 30 0
0.5800 0.0071 0.0241 0 0 30 0
0.5800 0.0071 0.0241 0 0 0 0
0.5840 0.0052 0.0196 0 0 30 0
0.5900 0.0053 0.0188 0 0 30 0
0.5720 0.0056 0.0193 0 0 30 0
0.5840 0.0065 0.0179 0 0 30 0
0.5840 0.0073 0.0209 0 0 30 0
0.5900 0.0073 0.0209 0 0 30 0
0.5760 0.0077 0.0207 0 0 0 0
0.5720 0.0096 0.0247 0 0 30 0
0.5880 0.0096 0.0247 0 0 30 0
0.5680 0.0106 0.0207 0 0 30 0
0.5820 0.0117 0.0164 0 0 30 0
0.5820 0.0117 0.0164 0 0 30 0
0.5740 0.0122 0.0155 0 0 30 0
0.5780 0.0128 0.0123 0 0 30 0
0.5780 0.0134 0.0060 0 0 0 0
0.5760 0.0116 0.0049 0 0 30 0
0.5860 0.0116 0.0049 0 0 30 0
0.5660 0.0115 0.0045 0 0 30 0
0.5780 0.0112 0.0102 0 0 30 0
0.5780 0.0112 0.0102 0 0 30 0
0.5760 0.0108 0.0108 0 0 30 0
0.5760 0.0105 0.0096 0 0 30 0
0.5720 0.0105 0.0096 0 0 0 0
0.5580 0.0107 0.0105 0 0 30 0
0.5640 0.0110 0.0109 0 0 30 0
0.5600 0.0114 0.0114 0 0 30 0
0.5520 0.0122 0.0108 0 0 30 0
0.5820 0.0126 0.0120 0 0 30 0
0.5600 0.0133 0.0138 0 0 0 0
0.5880 0.0139 0.0170 0 0 30 0
0.5840 0.0140 0.0159 0 0 30 0
0.5780 0.0140 0.0156 0 0 30 0
0.5780 0.0142 0.0156 0 0 30 0
0.5900 0.0142 0.0156 0 0 30 0
0.5520 0.0144 0.0154 0 0 30 0
0.5520 0.0144 0.0154 0 0 30 0
0.5520 0.0144 0.0154 0 0 30 0
0.5520 0.0144 0.0154 0 0 30 0
0.5800 0.0153 0.0157 0 0 30 0
0.5800 0.0153 0.0157 0 0 30 0
0.5800 0.0153 0.0157 0 0 30 0
0.5800 0.0153 0.0157 0 0 0 0
0.5800 0.0204 0.0130 0 0 -30 0
0.5860 0.0202 0.0135 0 0 -30 0
0.5640 0.0202 0.0141 0 0 -30 0
0.5740 0.0204 0.0135 0 0 -30 0
0.5620 0.0220 0.0130 0 0 0 0
0.5760 0.0197 0.0123 0 0 -30 0
0.5920 0.0199 0.0120 0 0 -30 0
0.5880 0.0203 0.0117 0 0 -30 0
0.5880 0.0203 0.0117 0 0 -30 0
0.5820 0.0207 0.0120 0 0 0 0
0.5720 0.0187 0.0160 0 0 -30 0
0.5560 0.0187 0.0160 0 0 -30 0
0.5820 0.0186 0.0149 0 0 -30 0
0.5560 0.0185 0.0157 0 0 0 0
0.5680 0.0183 0.0155 0 0 -30 0
0.5680 0.0184 0.0161 0 0 -30 0
0.5720 0.0184 0.0166 0 0 -30 0
0.6040 0.0180 0.0170 0 0 -30 0
0.5800 0.0178 0.0171 0 0 0 0
0.5600 0.0156 0.0221 0 0 -30 0
0.5720 0.0156 0.0221 0 0 -30 0
0.5720 0.0156 0.0221 0 0 -30 0
0.5780 0.0148 0.0220 0 0 -30 0
0.5660 0.0146 0.0281 0 0 -30 0
0.5660 0.0146 0.0281 0 0 0 0
0.5680 0.0123 0.0256 0 0 -30 0
0.5680 0.0123 0.0256 0 0 -30 0
0.5540 0.0125 0.0246 0 0 0 0
0.5760 0.0102 0.0164 0 0 -30 0
0.5680 0.0098 0.0181 0 0 -30 0
0.5680 0.0097 0.0183 0 0 -30 0
0.5720 0.0097 0.0183 0 0 -30 0
0.5580 0.0094 0.0170 0 0 0 0
0.5760 0.0069 0.0169 30 0 0 0
0.5780 0.0069 0.0169 30 0 0 0
0.5620 0.0070 0.0214 30 0 0 0
0.5660 0.0069 0.0183 30 0 0 0
0.5680 0.0069 0.0174 30 0 0 0
0.5660 0.0067 0.0158 30 0 0 0
0.5660 0.0067 0.0158 30 0 0 0
0.5560 0.0071 0.0114 30 0 0 0
0.5480 0.0075 0.0105 30 0 0 0
0.5480 0.0075 0.0105 30 0 0 0
0.5480 0.0075 0.0105 30 0 0 0
0.5480 0.0075 0.0105 30 0 0 0
0.5480 0.0075 0.0105 30 0 0 0
0.5520 0.0079 0.0106 30 0 0 0
0.5520 0.0079 0.0106 30 0 0 0
0.5520 0.0079 0.0106 30 0 0 0
0.5520 0.0079 0.0106 30 0 0 0
0.5520 0.0079 0.0106 30 0 0 0
0.5520 0.0079 0.0106 0 0 0 0
0.5780 0.0080 0.0118 30 0 0 0
0.5700 0.0081 0.0117 30 0 0 0
0.5680 0.0084 0.0118 30 0 0 0
0.5520 0.0086 0.0120 30 0 0 0
0.5480 0.0084 0.0088 30 0 0 0
0.5480 0.0084 0.0088 30 0 0 0
0.5480 0.0084 0.0088 30 0 0 0
0.5480 0.0084 0.0088 30 0 0 0
0.5480 0.0084 0.0088 30 0 0 0
0.5640 0.0079 0.0091 30 0 0 0
0.5640 0.0079 0.0091 30 0 0 0
0.5640 0.0079 0.0091 30 0 0 0
0.5640 0.0079 0.0091 30 0 0 0
0.5740 0.0074 0.0136 30 0 0 0
0.5740 0.0074 0.0136 30 0 0 0
0.5740 0.0074 0.0136 30 0 0 0
0.5720 0.0074 0.0141 30 0 0 0
0.5720 0.0074 0.0141 30 0 0 0
0.5720 0.0074 0.0141 30 0 0 0
0.5720 0.0074 0.0141 30 0 0 0
0.5720 0.0074 0.0141 30 0 0 0
0.5720 0.0074 0.0141 30 0 0 0
0.5420 0.0075 0.0168 30 0 0 0
0.5420 0.0075 0.0168 30 0 0 0
0.5420 0.0075 0.0168 30 0 0 0
0.5420 0.0075 0.0168 30 0 0 0
0.5420 0.0075 0.0168 30 0 0 0
0.5780 0.0074 0.0169 30 0 0 0
0.5780 0.0074 0.0169 30 0 0 0
0.5720 0.0072 0.0185 30 0 0 0
0.5720 0.0072 0.0185 30 0 0 0
0.5720 0.0072 0.0185 30 0 0 0
0.5720 0.0072 0.0185 30 0 0 0
0.5720 0.0072 0.0185 30 0 0 0
0.5680 0.0070 0.0178 30 0 0 0
0.5680 0.0070 0.0178 30 0 0 0
0.5680 0.0070 0.0178 30 0 0 0
0.5680 0.0070 0.0178 30 0 0 0
0.5680 0.0070 0.0178 30 0 0 0
0.5680 0.0070 0.0178 30 0 0 0
0.5860 0.0070 0.0175 30 0 0 0
0.5860 0.0070 0.0175 30 0 0 0
0.5880 0.0076 0.0177 30 0 0 0
0.5880 0.0076 0.0177 30 0 0 0
0.5880 0.0076 0.0177 30 0 0 0
0.5880 0.0076 0.0177 30 0 0 0
0.5880 0.0076 0.0177 30 0 0 0
0.5880 0.0076 0.0177 30 0 0 0
0.5780 0.0083 0.0163 30 0 0 0
0.5780 0.0083 0.0163 30 0 0 0
0.5780 0.0083 0.0163 30 0 0 0
0.5780 0.0083 0.0163 30 0 0 0
0.5780 0.0083 0.0163 30 0 0 0
0.5700 0.0088 0.0164 30 0 0 0
0.5700 0.0088 0.0164 30 0 0 0
0.5680 0.0091 0.0163 0 0 0 0
0.5700 0.0098 0.0164 30 0 0 0
0.5680 0.0098 0.0164 30 0 0 0
0.5900 0.0106 0.0170 30 0 0 0
0.5620 0.0104 0.0214 30 0 0 0
0.5580 0.0098 0.0278 30 0 0 0
0.5580 0.0093 0.0269 30 0 0 0
0.5660 0.0093 0.0269 0 0 0 0
0.5920 0.0134 0.0287 30 0 0 0
0.5920 0.0134 0.0287 30 0 0 0
0.5720 0.0138 0.0327 30 0 0 0
0.5720 0.0138 0.0327 30 0 0 0
0.5760 0.0123 0.0324 30 0 0 0
0.5700 0.0110 0.0320 30 0 0 0
0.5640 0.0097 0.0323 30 0 0 0
0.5640 0.0097 0.0323 30 0 0 0
0.5640 0.0097 0.0323 30 0 0 0
0.5640 0.0097 0.0323 30 0 0 0
0.5760 0.0092 0.0354 30 0 0 0
0.5760 0.0092 0.0354 30 0 0 0
0.5760 0.0092 0.0354 30 0 0 0
0.5760 0.0092 0.0354 30 0 0 0
0.5620 0.0091 0.0353 0 0 0 0
0.5420 0.0095 0.0431 30 0 0 0
0.5500 0.0095 0.0431 30 0 0 0
0.5620 0.0096 0.0429 30 0 0 0
0.5620 0.0096 0.0429 30 0 0 0
0.5680 0.0101 0.0461 30 0 0 0
0.5600 0.0104 0.0444 30 0 0 0
0.5720 0.0101 0.0425 30 0 0 0
0.5720 0.0101 0.0425 30 0 0 0
0.5720 0.0101 0.0425 30 0 0 0
0.5640 0.0100 0.0414 30 0 0 0
0.5640 0.0102 0.0421 0 0 0 0
0.5780 0.0127 0.0400 30 0 0 0
0.5740 0.0119 0.0393 30 0 0 0
0.5740 0.0119 0.0393 30 0 0 0
0.5740 0.0112 0.0387 30 0 0 0
0.5660 0.0107 0.0378 30 0 0 0
0.5660 0.0107 0.0378 30 0 0 0
0.5780 0.0101 0.0385 30 0 0 0
0.5660 0.0099 0.0371 30 0 0 0
0.5660 0.0099 0.0371 30 0 0 0
0.5660 0.0099 0.0371 30 0 0 0
0.5660 0.0100 0.0368 30 0 0 0
0.5860 0.0100 0.0368 30 0 0 0
0.5860 0.0100 0.0368 30 0 0 0
0.5820 0.0102 0.0381 30 0 0 0
0.5820 0.0102 0.0381 30 0 0 0
0.5820 0.0102 0.0381 0 0 0 0
0.5800 0.0101 0.0381 30 0 0 0
0.5900 0.0100 0.0371 30 0 0 0
0.5880 0.0093 0.0358 30 0 0 0
0.5880 0.0086 0.0348 30 0 0 0
0.5840 0.0079 0.0337 30 0 0 0
0.5920 0.0079 0.0337 30 0 0 0
0.5900 0.0083 0.0298 30 0 0 0
0.5900 0.0083 0.0298 30 0 0 0
0.5900 0.0083 0.0298 0 0 0 0
