0.5400 0.0164 0.0350 0 0 0 -30
0.5540 0.0164 0.0350 0 0 0 -30
0.5540 0.0170 0.0316 0 0 0 -30
0.5580 0.0170 0.0316 0 0 0 -30
0.5640 0.0172 0.0309 0 0 0 -30
0.5480 0.0174 0.0295 0 0 0 0
0.5520 0.0164 0.0242 0 0 0 30
0.5440 0.0167 0.0238 0 0 0 30
0.5560 0.0173 0.0232 0 0 0 30
0.5660 0.0176 0.0218 0 0 0 30
0.5720 0.0176 0.0215 0 0 0 30
0.5640 0.0175 0.0224 0 0 0 30
0.5640 0.0175 0.0224 0 0 0 30
0.5680 0.0172 0.0224 0 0 0 30
0.5680 0.0172 0.0224 0 0 0 30
0.5680 0.0172 0.0224 0 0 0 30
0.5680 0.0172 0.0224 0 0 0 30
0.5680 0.0172 0.0224 0 0 0 0
0.5740 0.0169 0.0217 0 0 0 30
0.5700 0.0165 0.0226 0 0 0 0
0.5660 0.0159 0.0239 0 0 0 -30
0.5840 0.0163 0.0229 0 0 0 -30
0.5920 0.0167 0.0181 0 0 0 -30
0.5700 0.0177 0.0197 0 0 0 -30
0.5480 0.0178 0.0186 0 0 0 -30
0.5760 0.0179 0.0225 0 0 0 -30
0.5760 0.0179 0.0225 0 0 0 0
0.5640 0.0180 0.0176 0 0 0 -30
0.5600 0.0181 0.0147 0 0 0 -30
0.5600 0.0180 0.0138 0 0 0 -30
0.5600 0.0180 0.0123 0 0 0 0
0.5560 0.0178 0.0104 0 0 0 -30
0.5740 0.0176 0.0087 0 0 0 -30
0.5660 0.0174 0.0087 0 0 0 -30
0.5660 0.0172 0.0068 0 0 0 -30
0.5660 0.0172 0.0068 0 0 0 0
0.5720 0.0166 -0.0020 0 30 0 0
0.5700 0.0166 -0.0024 0 30 0 0
0.5720 0.0164 -0.0035 0 30 0 0
0.5620 0.0160 -0.0042 0 30 0 0
0.5620 0.0156 -0.0086 0 30 0 0
0.5540 0.0151 -0.0085 0 30 0 0
0.5440 0.0148 -0.0077 0 30 0 0
0.5440 0.0148 -0.0077 0 30 0 0
0.5560 0.0147 -0.0071 0 30 0 0
0.5560 0.0147 -0.0071 0 30 0 0
0.5560 0.0147 -0.0071 0 30 0 0
0.5560 0.0147 -0.0071 0 30 0 0
0.5620 0.0149 -0.0075 0 30 0 0
0.5620 0.0149 -0.0075 0 30 0 0
0.5500 0.0153 -0.0068 0 30 0 0
0.5500 0.0153 -0.0068 0 30 0 0
0.5500 0.0153 -0.0068 0 30 0 0
0.5500 0.0153 -0.0068 0 30 0 0
0.5500 0.0153 -0.0068 0 30 0 0
0.5500 0.0153 -0.0068 0 30 0 0
0.5500 0.0153 -0.0068 0 30 0 0
0.5440 0.0157 -0.0054 0 30 0 0
0.5440 0.0157 -0.0054 0 30 0 0
0.5440 0.0157 -0.0054 0 30 0 0
0.5440 0.0157 -0.0054 0 30 0 0
0.5640 0.0160 -0.0027 0 30 0 0
0.5640 0.0160 -0.0027 0 30 0 0
0.5640 0.0160 -0.0027 0 30 0 0
0.5640 0.0160 -0.0027 0 30 0 0
0.5640 0.0160 -0.0027 0 30 0 0
0.5640 0.0160 -0.0027 0 30 0 0
0.5640 0.0160 -0.0027 0 30 0 0
0.5640 0.0160 -0.0027 0 30 0 0
0.5640 0.0160 -0.0027 0 30 0 0
0.5640 0.0160 -0.0027 0 30 0 0
0.5640 0.0160 -0.0027 0 30 0 0
0.5640 0.0160 -0.0027 0 30 0 0
0.5820 0.0160 -0.0016 0 30 0 0
0.5820 0.0160 -0.0016 0 30 0 0
0.5620 0.0157 -0.0033 0 30 0 0
0.5660 0.0157 -0.0021 0 30 0 0
0.5640 0.0157 -0.0039 0 30 0 0
0.5640 0.0157 -0.0039 0 30 0 0
0.5640 0.0157 -0.0039 0 30 0 0
0.5640 0.0157 -0.0039 0 30 0 0
0.5640 0.0157 -0.0039 0 30 0 0
0.5720 0.0158 -0.0038 0 30 0 0
0.5720 0.0158 -0.0038 0 30 0 0
0.5720 0.0158 -0.0038 0 30 0 0
0.5720 0.0158 -0.0038 0 30 0 0
0.5720 0.0158 -0.0038 0 30 0 0
0.5600 0.0159 -0.0050 0 30 0 0
0.5600 0.0159 -0.0050 0 30 0 0
0.5600 0.0159 -0.0050 0 30 0 0
0.5600 0.0159 -0.0050 0 30 0 0
0.5600 0.0160 -0.0055 0 30 0 0
0.5600 0.0160 -0.0055 0 30 0 0
0.5600 0.0160 -0.0055 0 30 0 0
0.5600 0.0160 -0.0055 0 30 0 0
0.5560 0.0162 -0.0052 0 30 0 0
0.5560 0.0162 -0.0052 0 30 0 0
0.5560 0.0162 -0.0052 0 30 0 0
0.5560 0.0162 -0.0052 0 30 0 0
0.5560 0.0162 -0.0052 0 30 0 0
0.5860 0.0164 -0.0047 0 30 0 0
0.5860 0.0164 -0.0047 0 30 0 0
0.5860 0.0164 -0.0047 0 30 0 0
0.5520 0.0170 -0.0059 0 30 0 0
0.5520 0.0170 -0.0059 0 30 0 0
0.5520 0.0170 -0.0059 0 30 0 0
0.5520 0.0170 -0.0059 0 30 0 0
0.5520 0.0170 -0.0060 0 30 0 0
0.5720 0.0170 -0.0060 0 30 0 0
0.5720 0.0170 -0.0060 0 30 0 0
0.5720 0.0170 -0.0060 0 30 0 0
0.5560 0.0167 -0.0086 0 30 0 0
0.5560 0.0167 -0.0086 0 30 0 0
0.5560 0.0167 -0.0086 0 30 0 0
0.5560 0.0167 -0.0086 0 30 0 0
0.5560 0.0167 -0.0086 0 30 0 0
0.5520 0.0165 -0.0090 0 30 0 0
0.5520 0.0165 -0.0090 0 30 0 0
0.5520 0.0165 -0.0090 0 30 0 0
0.5520 0.0165 -0.0090 0 30 0 0
0.5540 0.0165 -0.0121 0 30 0 0
0.5540 0.0165 -0.0121 0 30 0 0
0.5540 0.0165 -0.0121 0 30 0 0
0.5540 0.0165 -0.0121 0 30 0 0
0.5540 0.0165 -0.0121 0 30 0 0
0.5540 0.0165 -0.0121 0 30 0 0
0.5540 0.0168 -0.0133 0 30 0 0
0.5540 0.0168 -0.0133 0 30 0 0
0.5580 0.0166 -0.0130 0 30 0 0
0.5580 0.0166 -0.0130 0 30 0 0
0.5580 0.0166 -0.0130 0 30 0 0
0.5580 0.0166 -0.0130 0 30 0 0
0.5700 0.0165 -0.0139 0 30 0 0
0.5700 0.0165 -0.0139 0 30 0 0
0.5700 0.0165 -0.0139 0 30 0 0
0.5700 0.0165 -0.0139 0 30 0 0
0.5700 0.0165 -0.0139 0 30 0 0
0.5620 0.0162 -0.0151 0 30 0 0
0.5620 0.0162 -0.0151 0 30 0 0
0.5620 0.0162 -0.0151 0 30 0 0
0.5680 0.0160 -0.0142 0 30 0 0
0.5680 0.0160 -0.0142 0 30 0 0
0.5680 0.0160 -0.0142 0 30 0 0
0.5680 0.0160 -0.0142 0 30 0 0
0.5680 0.0160 -0.0142 0 30 0 0
0.5680 0.0160 -0.0142 0 30 0 0
0.5820 0.0157 -0.0141 0 30 0 0
0.5820 0.0157 -0.0141 0 30 0 0
0.5820 0.0157 -0.0141 0 30 0 0
0.5820 0.0157 -0.0141 0 30 0 0
0.5820 0.0157 -0.0141 0 30 0 0
0.5820 0.0157 -0.0141 0 30 0 0
0.5820 0.0155 -0.0140 0 30 0 0
0.5780 0.0155 -0.0140 0 30 0 0
0.5980 0.0153 -0.0131 0 30 0 0
0.5980 0.0153 -0.0131 0 30 0 0
0.5980 0.0153 -0.0131 0 30 0 0
0.5980 0.0153 -0.0131 0 30 0 0
0.5980 0.0153 -0.0131 0 30 0 0
0.5980 0.0153 -0.0131 0 30 0 0
0.5400 0.0150 -0.0107 0 30 0 0
0.5400 0.0150 -0.0107 0 30 0 0
0.5400 0.0150 -0.0107 0 30 0 0
0.5400 0.0150 -0.0107 0 30 0 0
0.5400 0.0150 -0.0107 0 30 0 0
0.5640 0.0147 -0.0095 0 30 0 0
0.5600 0.0149 -0.0100 0 30 0 0
0.5600 0.0149 -0.0100 0 30 0 0
0.5600 0.0149 -0.0100 0 30 0 0
0.5600 0.0149 -0.0100 0 30 0 0
0.5720 0.0150 -0.0100 0 30 0 0
0.5720 0.0150 -0.0100 0 30 0 0
0.5720 0.0150 -0.0100 0 30 0 0
0.5720 0.0150 -0.0100 0 30 0 0
0.5720 0.0150 -0.0100 0 30 0 0
0.5840 0.0155 -0.0119 0 30 0 0
0.5840 0.0155 -0.0119 0 30 0 0
0.5840 0.0155 -0.0119 0 30 0 0
0.5840 0.0155 -0.0119 0 30 0 0
0.5420 0.0162 -0.0114 0 30 0 0
0.5420 0.0162 -0.0114 0 30 0 0
0.5420 0.0162 -0.0114 0 30 0 0
0.5420 0.0162 -0.0114 0 30 0 0
0.5480 0.0165 -0.0120 0 30 0 0
0.5480 0.0165 -0.0120 0 30 0 0
0.5480 0.0165 -0.0120 0 30 0 0
0.5480 0.0165 -0.0120 0 30 0 0
0.5280 0.0165 -0.0117 0 30 0 0
0.5280 0.0165 -0.0117 0 30 0 0
0.5280 0.0165 -0.0117 0 30 0 0
0.5280 0.0165 -0.0117 0 30 0 0
0.5280 0.0165 -0.0117 0 30 0 0
0.5460 0.0160 -0.0139 0 30 0 0
0.5460 0.0160 -0.0139 0 30 0 0
0.5460 0.0160 -0.0139 0 30 0 0
0.5460 0.0160 -0.0139 0 30 0 0
0.5620 0.0161 -0.0135 0 30 0 0
0.5620 0.0161 -0.0135 0 30 0 0
0.5620 0.0161 -0.0135 0 30 0 0
0.5620 0.0161 -0.0135 0 30 0 0
0.5620 0.0161 -0.0135 0 30 0 0
0.5680 0.0165 -0.0141 0 30 0 0
0.5680 0.0165 -0.0141 0 30 0 0
0.5680 0.0165 -0.0141 0 30 0 0
0.5640 0.0171 -0.0140 0 30 0 0
0.5640 0.0171 -0.0140 0 30 0 0
0.5640 0.0171 -0.0140 0 30 0 0
0.5640 0.0171 -0.0140 0 30 0 0
0.5460 0.0176 -0.0170 0 30 0 0
0.5460 0.0176 -0.0170 0 30 0 0
0.5460 0.0176 -0.0170 0 30 0 0
0.5460 0.0176 -0.0170 0 30 0 0
0.5460 0.0176 -0.0170 0 30 0 0
0.5460 0.0176 -0.0170 0 30 0 0
0.5460 0.0176 -0.0170 0 30 0 0
0.5460 0.0176 -0.0170 0 30 0 0
0.5460 0.0176 -0.0170 0 30 0 0
0.5460 0.0176 -0.0170 0 30 0 0
0.5460 0.0176 -0.0170 0 30 0 0
0.5740 0.0179 -0.0202 0 30 0 0
0.5580 0.0176 -0.0196 0 30 0 0
0.5580 0.0174 -0.0228 0 30 0 0
0.5660 0.0174 -0.0228 0 30 0 0
0.5660 0.0174 -0.0228 0 30 0 0
0.5700 0.0172 -0.0233 0 30 0 0
0.5700 0.0172 -0.0233 0 30 0 0
0.5700 0.0172 -0.0233 0 30 0 0
0.5700 0.0172 -0.0233 0 30 0 0
0.5740 0.0170 -0.0187 0 30 0 0
0.5740 0.0170 -0.0187 0 30 0 0
0.5740 0.0170 -0.0187 0 30 0 0
0.5740 0.0170 -0.0187 0 30 0 0
0.5680 0.0169 -0.0190 0 30 0 0
0.5680 0.0169 -0.0190 0 30 0 0
0.5680 0.0169 -0.0190 0 30 0 0
0.5680 0.0169 -0.0190 0 30 0 0
0.5680 0.0169 -0.0190 0 30 0 0
0.5640 0.0167 -0.0186 0 30 0 0
0.5640 0.0167 -0.0186 0 30 0 0
0.5640 0.0167 -0.0186 0 30 0 0
0.5640 0.0169 -0.0208 0 30 0 0
0.5640 0.0169 -0.0208 0 30 0 0
0.5640 0.0169 -0.0208 0 30 0 0
0.5640 0.0169 -0.0208 0 30 0 0
0.5640 0.0169 -0.0208 0 30 0 0
0.5560 0.0170 -0.0191 0 30 0 0
0.5560 0.0170 -0.0191 0 30 0 0
0.5560 0.0170 -0.0191 0 30 0 0
0.5560 0.0170 -0.0191 0 30 0 0
0.5560 0.0170 -0.0191 0 30 0 0
0.5760 0.0170 -0.0197 0 30 0 0
0.5760 0.0170 -0.0197 0 30 0 0
0.5760 0.0171 -0.0193 0 30 0 0
0.5800 0.0171 -0.0193 0 30 0 0
0.5800 0.0171 -0.0193 0 30 0 0
0.5800 0.0171 -0.0193 0 30 0 0
0.5800 0.0168 -0.0188 0 30 0 0
0.5800 0.0168 -0.0188 0 30 0 0
0.5800 0.0168 -0.0188 0 30 0 0
0.5800 0.0168 -0.0188 0 30 0 0
0.5800 0.0168 -0.0188 0 30 0 0
0.5660 0.0166 -0.0175 0 30 0 0
0.5660 0.0166 -0.0175 0 30 0 0
0.5660 0.0166 -0.0175 0 30 0 0
0.5660 0.0166 -0.0175 0 30 0 0
0.5560 0.0164 -0.0183 0 30 0 0
0.5560 0.0164 -0.0183 0 30 0 0
0.5560 0.0164 -0.0183 0 30 0 0
0.5560 0.0164 -0.0183 0 30 0 0
0.5560 0.0161 -0.0166 0 30 0 0
0.5660 0.0161 -0.0166 0 30 0 0
0.5660 0.0161 -0.0166 0 30 0 0
0.5660 0.0161 -0.0166 0 30 0 0
0.5660 0.0161 -0.0166 0 30 0 0
0.5660 0.0161 -0.0166 0 30 0 0
0.5660 0.0161 -0.0205 0 30 0 0
0.5660 0.0161 -0.0205 0 30 0 0
0.5660 0.0161 -0.0205 0 30 0 0
0.5680 0.0164 -0.0182 0 30 0 0
0.5680 0.0164 -0.0182 0 30 0 0
0.5680 0.0164 -0.0182 0 30 0 0
0.5680 0.0164 -0.0182 0 30 0 0
0.5660 0.0166 -0.0182 0 30 0 0
0.5660 0.0166 -0.0182 0 30 0 0
0.5660 0.0166 -0.0182 0 30 0 0
0.5660 0.0166 -0.0182 0 30 0 0
0.5660 0.0166 -0.0182 0 30 0 0
0.5660 0.0166 -0.0182 0 30 0 0
0.5540 0.0171 -0.0187 0 30 0 0
0.5540 0.0171 -0.0187 0 30 0 0
0.5540 0.0171 -0.0187 0 30 0 0
0.5660 0.0175 -0.0203 0 30 0 0
0.5660 0.0175 -0.0203 0 30 0 0
0.5660 0.0175 -0.0203 0 30 0 0
0.5660 0.0175 -0.0203 0 30 0 0
0.5560 0.0176 -0.0206 0 30 0 0
0.5560 0.0176 -0.0206 0 30 0 0
0.5560 0.0176 -0.0206 0 30 0 0
0.5560 0.0176 -0.0206 0 30 0 0
0.5560 0.0176 -0.0206 0 30 0 0
0.5560 0.0176 -0.0206 0 30 0 0
0.5560 0.0176 -0.0206 0 30 0 0
0.5560 0.0176 -0.0206 0 30 0 0
0.5760 0.0176 -0.0211 0 30 0 0
0.5760 0.0176 -0.0211 0 30 0 0
0.5760 0.0173 -0.0224 0 30 0 0
0.5760 0.0173 -0.0224 0 30 0 0
0.5760 0.0173 -0.0224 0 30 0 0
0.5760 0.0173 -0.0224 0 30 0 0
0.5540 0.0168 -0.0224 0 30 0 0
0.5540 0.0168 -0.0224 0 30 0 0
0.5540 0.0168 -0.0224 0 30 0 0
0.5540 0.0168 -0.0224 0 30 0 0
0.5540 0.0168 -0.0224 0 30 0 0
0.5780 0.0164 -0.0260 0 30 0 0
0.5780 0.0164 -0.0260 0 30 0 0
0.5640 0.0164 -0.0259 0 30 0 0
0.5640 0.0164 -0.0259 0 30 0 0
0.5640 0.0164 -0.0259 0 30 0 0
0.5640 0.0164 -0.0259 0 30 0 0
0.5640 0.0166 -0.0287 0 30 0 0
0.5800 0.0166 -0.0287 0 30 0 0
0.5800 0.0166 -0.0287 0 30 0 0
0.5800 0.0166 -0.0287 0 30 0 0
0.5800 0.0166 -0.0287 0 30 0 0
0.5800 0.0166 -0.0287 0 30 0 0
0.5540 0.0165 -0.0284 0 30 0 0
0.5820 0.0163 -0.0245 0 30 0 0
0.5820 0.0163 -0.0245 0 30 0 0
0.5820 0.0163 -0.0245 0 30 0 0
0.5820 0.0163 -0.0245 0 30 0 0
0.5860 0.0162 -0.0240 0 30 0 0
0.5860 0.0162 -0.0240 0 30 0 0
0.5860 0.0162 -0.0240 0 30 0 0
0.5860 0.0162 -0.0240 0 30 0 0
0.5860 0.0162 -0.0240 0 30 0 0
0.5860 0.0162 -0.0240 0 30 0 0
0.5860 0.0162 -0.0240 0 30 0 0
0.5660 0.0164 -0.0194 0 30 0 0
0.5660 0.0164 -0.0194 0 30 0 0
0.5660 0.0164 -0.0194 0 30 0 0
0.5240 0.0167 -0.0149 0 30 0 0
0.5240 0.0167 -0.0149 0 30 0 0
0.5240 0.0167 -0.0149 0 30 0 0
0.5240 0.0167 -0.0149 0 30 0 0
0.5620 0.0172 -0.0149 0 30 0 0
0.5620 0.0172 -0.0149 0 30 0 0
0.5620 0.0172 -0.0149 0 30 0 0
0.5620 0.0172 -0.0149 0 30 0 0
0.5620 0.0172 -0.0149 0 30 0 0
0.5620 0.0172 -0.0149 0 30 0 0
0.5620 0.0178 -0.0128 0 30 0 0
0.5620 0.0178 -0.0127 0 30 0 0
0.5620 0.0178 -0.0127 0 30 0 0
0.5620 0.0178 -0.0127 0 30 0 0
0.5620 0.0178 -0.0127 0 30 0 0
0.5620 0.0178 -0.0127 0 30 0 0
0.5580 0.0177 -0.0157 0 30 0 0
0.5580 0.0177 -0.0157 0 30 0 0
0.5580 0.0177 -0.0157 0 30 0 0
0.5580 0.0177 -0.0157 0 30 0 0
0.5580 0.0177 -0.0157 0 30 0 0
0.5700 0.0177 -0.0159 0 30 0 0
0.5700 0.0177 -0.0159 0 30 0 0
0.5700 0.0177 -0.0159 0 30 0 0
0.5780 0.0174 -0.0163 0 30 0 0
0.5780 0.0174 -0.0163 0 30 0 0
0.5780 0.0174 -0.0163 0 30 0 0
0.5780 0.0174 -0.0163 0 30 0 0
0.5680 0.0174 -0.0161 0 30 0 0
0.5680 0.0174 -0.0161 0 30 0 0
0.5680 0.0174 -0.0161 0 30 0 0
0.5680 0.0174 -0.0161 0 30 0 0
0.5680 0.0174 -0.0161 0 30 0 0
0.5680 0.0174 -0.0161 0 30 0 0
0.5860 0.0172 -0.0178 0 30 0 0
0.5860 0.0172 -0.0178 0 30 0 0
0.5860 0.0168 -0.0175 0 30 0 0
0.5700 0.0168 -0.0175 0 30 0 0
0.5700 0.0168 -0.0175 0 30 0 0
0.5700 0.0168 -0.0175 0 30 0 0
0.5700 0.0168 -0.0175 0 30 0 0
0.5720 0.0164 -0.0175 0 30 0 0
0.5720 0.0164 -0.0175 0 30 0 0
0.5720 0.0164 -0.0175 0 30 0 0
0.5720 0.0164 -0.0175 0 30 0 0
0.5720 0.0164 -0.0175 0 30 0 0
0.5660 0.0163 -0.0176 0 30 0 0
0.5660 0.0163 -0.0176 0 30 0 0
0.5700 0.0164 -0.0173 0 30 0 0
0.5700 0.0164 -0.0173 0 30 0 0
0.5700 0.0164 -0.0173 0 30 0 0
0.5700 0.0164 -0.0173 0 30 0 0
0.5760 0.0166 -0.0171 0 30 0 0
0.5760 0.0166 -0.0171 0 30 0 0
0.5760 0.0166 -0.0171 0 30 0 0
0.5760 0.0166 -0.0171 0 30 0 0
0.5760 0.0166 -0.0171 0 30 0 0
0.5760 0.0166 -0.0171 0 30 0 0
0.5740 0.0171 -0.0172 0 30 0 0
0.5740 0.0171 -0.0172 0 30 0 0
0.5740 0.0176 -0.0171 0 30 0 0
0.5540 0.0176 -0.0171 0 30 0 0
0.5540 0.0176 -0.0171 0 30 0 0
0.5540 0.0176 -0.0171 0 30 0 0
0.5540 0.0176 -0.0171 0 30 0 0
0.5620 0.0179 -0.0166 0 30 0 0
0.5620 0.0179 -0.0166 0 30 0 0
0.5620 0.0179 -0.0166 0 30 0 0
0.5620 0.0179 -0.0166 0 30 0 0
0.5600 0.0182 -0.0174 0 30 0 0
0.5600 0.0182 -0.0174 0 30 0 0
0.5600 0.0182 -0.0174 0 30 0 0
0.5660 0.0178 -0.0166 0 30 0 0
0.5660 0.0178 -0.0166 0 30 0 0
0.5660 0.0178 -0.0166 0 30 0 0
0.5660 0.0178 -0.0166 0 30 0 0
0.5660 0.0178 -0.0166 0 30 0 0
0.5620 0.0176 -0.0168 0 30 0 0
0.5620 0.0176 -0.0168 0 30 0 0
0.5620 0.0176 -0.0168 0 30 0 0
0.5620 0.0176 -0.0168 0 30 0 0
0.5620 0.0176 -0.0168 0 30 0 0
0.5620 0.0174 -0.0158 0 30 0 0
0.5620 0.0174 -0.0158 0 30 0 0
0.5620 0.0172 -0.0147 0 30 0 0
0.5780 0.0172 -0.0147 0 30 0 0
0.5780 0.0172 -0.0147 0 30 0 0
0.5780 0.0172 -0.0147 0 30 0 0
0.5780 0.0172 -0.0147 0 30 0 0
0.5860 0.0170 -0.0135 0 30 0 0
0.5860 0.0170 -0.0135 0 30 0 0
0.5860 0.0170 -0.0135 0 30 0 0
0.5860 0.0170 -0.0135 0 30 0 0
0.5860 0.0170 -0.0135 0 30 0 0
0.5860 0.0170 -0.0135 0 30 0 0
0.5540 0.0170 -0.0159 0 30 0 0
0.5540 0.0170 -0.0159 0 30 0 0
0.5540 0.0170 -0.0159 0 30 0 0
0.5500 0.0172 -0.0167 0 30 0 0
0.5500 0.0172 -0.0167 0 30 0 0
0.5500 0.0172 -0.0167 0 30 0 0
0.5500 0.0172 -0.0167 0 30 0 0
0.5500 0.0174 -0.0144 0 30 0 0
0.5620 0.0174 -0.0144 0 30 0 0
0.5620 0.0174 -0.0144 0 30 0 0
0.5620 0.0174 -0.0144 0 30 0 0
0.5620 0.0174 -0.0144 0 30 0 0
0.5620 0.0174 -0.0144 0 30 0 0
0.5620 0.0174 -0.0144 0 30 0 0
0.5840 0.0172 -0.0149 0 30 0 0
0.5840 0.0172 -0.0149 0 30 0 0
0.5840 0.0172 -0.0149 0 30 0 0
0.5840 0.0172 -0.0149 0 30 0 0
0.5820 0.0169 -0.0152 0 30 0 0
0.5820 0.0169 -0.0152 0 30 0 0
0.5820 0.0169 -0.0152 0 30 0 0
0.5560 0.0166 -0.0155 0 30 0 0
0.5560 0.0166 -0.0155 0 30 0 0
0.5560 0.0166 -0.0155 0 30 0 0
0.5560 0.0166 -0.0155 0 30 0 0
0.5560 0.0166 -0.0155 0 30 0 0
0.5560 0.0166 -0.0155 0 30 0 0
0.5660 0.0165 -0.0167 0 30 0 0
0.5660 0.0165 -0.0167 0 30 0 0
0.5660 0.0165 -0.0167 0 30 0 0
0.5660 0.0167 -0.0153 0 30 0 0
0.5660 0.0167 -0.0153 0 30 0 0
0.5660 0.0167 -0.0153 0 30 0 0
0.5660 0.0167 -0.0153 0 30 0 0
0.5660 0.0172 -0.0150 0 30 0 0
0.5660 0.0172 -0.0150 0 30 0 0
0.5660 0.0172 -0.0150 0 30 0 0
0.5660 0.0172 -0.0150 0 30 0 0
0.5660 0.0172 -0.0150 0 30 0 0
0.5660 0.0172 -0.0150 0 30 0 0
0.5820 0.0178 -0.0155 0 30 0 0
0.5820 0.0178 -0.0155 0 30 0 0
0.5820 0.0178 -0.0155 0 30 0 0
0.5540 0.0185 -0.0165 0 30 0 0
0.5540 0.0185 -0.0165 0 30 0 0
0.5540 0.0185 -0.0165 0 30 0 0
0.5540 0.0185 -0.0165 0 30 0 0
0.5540 0.0185 -0.0165 0 30 0 0
0.5780 0.0188 -0.0191 0 30 0 0
0.5780 0.0188 -0.0191 0 30 0 0
0.5780 0.0188 -0.0191 0 30 0 0
0.5780 0.0188 -0.0191 0 30 0 0
0.5780 0.0181 -0.0191 0 30 0 0
0.5780 0.0181 -0.0191 0 30 0 0
0.5780 0.0170 -0.0194 0 30 0 0
0.5780 0.0170 -0.0194 0 30 0 0
0.5780 0.0170 -0.0194 0 30 0 0
0.5780 0.0170 -0.0194 0 30 0 0
0.5780 0.0170 -0.0194 0 30 0 0
0.5780 0.0170 -0.0194 0 30 0 0
0.5580 0.0157 -0.0182 0 30 0 0
0.5580 0.0157 -0.0182 0 30 0 0
0.5580 0.0157 -0.0182 0 30 0 0
0.5580 0.0157 -0.0182 0 30 0 0
0.5580 0.0157 -0.0182 0 30 0 0
0.5600 0.0153 -0.0174 0 30 0 0
0.5600 0.0153 -0.0174 0 30 0 0
0.5680 0.0153 -0.0176 0 30 0 0
0.5680 0.0153 -0.0176 0 30 0 0
0.5680 0.0153 -0.0176 0 30 0 0
0.5680 0.0153 -0.0176 0 30 0 0
0.5680 0.0153 -0.0176 0 30 0 0
0.5680 0.0153 -0.0176 0 30 0 0
0.5740 0.0158 -0.0166 0 30 0 0
0.5740 0.0158 -0.0166 0 30 0 0
0.5740 0.0158 -0.0166 0 30 0 0
0.5740 0.0158 -0.0166 0 30 0 0
0.5740 0.0158 -0.0166 0 30 0 0
0.5640 0.0164 -0.0167 0 30 0 0
0.5640 0.0164 -0.0167 0 30 0 0
0.5640 0.0171 -0.0163 0 30 0 0
0.5660 0.0171 -0.0163 0 30 0 0
0.5660 0.0171 -0.0163 0 30 0 0
0.5660 0.0171 -0.0163 0 30 0 0
0.5660 0.0171 -0.0163 0 30 0 0
0.5660 0.0171 -0.0163 0 30 0 0
0.5700 0.0175 -0.0157 0 30 0 0
0.5700 0.0175 -0.0157 0 30 0 0
0.5700 0.0175 -0.0157 0 30 0 0
0.5700 0.0175 -0.0157 0 30 0 0
0.5700 0.0175 -0.0157 0 30 0 0
0.5580 0.0178 -0.0160 0 30 0 0
0.5580 0.0178 -0.0160 0 30 0 0
0.5720 0.0179 -0.0159 0 30 0 0
0.5720 0.0179 -0.0159 0 30 0 0
0.5720 0.0179 -0.0159 0 30 0 0
0.5720 0.0179 -0.0159 0 30 0 0
0.5720 0.0179 -0.0159 0 30 0 0
0.5720 0.0179 -0.0159 0 30 0 0
0.5860 0.0181 -0.0151 0 30 0 0
0.5860 0.0181 -0.0151 0 30 0 0
0.5860 0.0181 -0.0151 0 30 0 0
0.5860 0.0181 -0.0151 0 30 0 0
0.6000 0.0182 -0.0151 0 30 0 0
0.6000 0.0182 -0.0151 0 30 0 0
0.6000 0.0182 -0.0151 0 30 0 0
0.5840 0.0185 -0.0140 0 30 0 0
0.5840 0.0185 -0.0140 0 30 0 0
0.5840 0.0185 -0.0140 0 30 0 0
0.5840 0.0185 -0.0140 0 30 0 0
0.5840 0.0185 -0.0140 0 30 0 0
0.5840 0.0185 -0.0140 0 30 0 0
0.5800 0.0186 -0.0180 0 30 0 0
0.5800 0.0186 -0.0180 0 30 0 0
0.5800 0.0186 -0.0180 0 30 0 0
0.5800 0.0186 -0.0180 0 30 0 0
0.5780 0.0187 -0.0172 0 30 0 0
0.5780 0.0187 -0.0172 0 30 0 0
0.5840 0.0189 -0.0173 0 30 0 0
0.5840 0.0189 -0.0173 0 30 0 0
0.5840 0.0189 -0.0173 0 30 0 0
0.5840 0.0189 -0.0173 0 30 0 0
0.5840 0.0189 -0.0173 0 30 0 0
0.5800 0.0190 -0.0184 0 30 0 0
0.5800 0.0190 -0.0184 0 30 0 0
0.5800 0.0190 -0.0184 0 30 0 0
0.5800 0.0190 -0.0184 0 30 0 0
0.5800 0.0190 -0.0184 0 30 0 0
0.5640 0.0194 -0.0190 0 30 0 0
0.5640 0.0194 -0.0190 0 30 0 0
0.5640 0.0196 -0.0172 0 30 0 0
0.5600 0.0196 -0.0172 0 30 0 0
0.5600 0.0196 -0.0172 0 30 0 0
0.5600 0.0196 -0.0172 0 30 0 0
0.5600 0.0196 -0.0172 0 30 0 0
0.5600 0.0196 -0.0172 0 30 0 0
0.5600 0.0196 -0.0172 0 30 0 0
0.5380 0.0206 -0.0189 0 30 0 0
0.5380 0.0206 -0.0189 0 30 0 0
0.5380 0.0206 -0.0189 0 30 0 0
0.5380 0.0206 -0.0189 0 30 0 0
0.5660 0.0214 -0.0210 0 30 0 0
0.5660 0.0214 -0.0210 0 30 0 0
0.5800 0.0218 -0.0213 0 30 0 0
0.5800 0.0218 -0.0213 0 30 0 0
0.5800 0.0218 -0.0213 0 30 0 0
0.5800 0.0218 -0.0213 0 30 0 0
0.5800 0.0218 -0.0213 0 30 0 0
0.5800 0.0218 -0.0213 0 30 0 0
0.5640 0.0219 -0.0197 0 30 0 0
0.5640 0.0219 -0.0197 0 30 0 0
0.5640 0.0219 -0.0197 0 30 0 0
0.5640 0.0219 -0.0197 0 30 0 0
0.5640 0.0219 -0.0199 0 30 0 0
0.5640 0.0219 -0.0199 0 30 0 0
0.5640 0.0219 -0.0199 0 30 0 0
0.5560 0.0218 -0.0201 0 30 0 0
0.5560 0.0218 -0.0201 0 30 0 0
0.5560 0.0218 -0.0201 0 30 0 0
0.5560 0.0218 -0.0201 0 30 0 0
0.5560 0.0218 -0.0201 0 30 0 0
0.5760 0.0215 -0.0215 0 30 0 0
0.5760 0.0215 -0.0215 0 30 0 0
0.5760 0.0215 -0.0215 0 30 0 0
0.5760 0.0215 -0.0215 0 30 0 0
0.5760 0.0215 -0.0215 0 30 0 0
0.5680 0.0213 -0.0210 0 30 0 0
0.5680 0.0213 -0.0210 0 30 0 0
0.5600 0.0209 -0.0208 0 30 0 0
0.5600 0.0209 -0.0208 0 30 0 0
0.5600 0.0209 -0.0208 0 30 0 0
0.5600 0.0209 -0.0208 0 30 0 0
0.5600 0.0209 -0.0208 0 30 0 0
0.5600 0.0209 -0.0208 0 30 0 0
0.5760 0.0205 -0.0207 0 30 0 0
0.5760 0.0205 -0.0207 0 30 0 0
0.5760 0.0205 -0.0207 0 30 0 0
0.5760 0.0205 -0.0207 0 30 0 0
0.5540 0.0199 -0.0217 0 30 0 0
0.5540 0.0199 -0.0217 0 30 0 0
0.5540 0.0199 -0.0217 0 30 0 0
0.5480 0.0197 -0.0231 0 30 0 0
0.5480 0.0197 -0.0231 0 30 0 0
0.5480 0.0197 -0.0231 0 30 0 0
0.5480 0.0197 -0.0231 0 30 0 0
0.5480 0.0195 -0.0236 0 30 0 0
0.5520 0.0195 -0.0236 0 30 0 0
0.5520 0.0195 -0.0236 0 30 0 0
0.5520 0.0195 -0.0236 0 30 0 0
0.5520 0.0195 -0.0236 0 30 0 0
0.5600 0.0195 -0.0271 0 30 0 0
0.5600 0.0195 -0.0271 0 30 0 0
0.5600 0.0195 -0.0271 0 30 0 0
0.5260 0.0196 -0.0283 0 30 0 0
0.5260 0.0196 -0.0283 0 30 0 0
0.5260 0.0196 -0.0283 0 30 0 0
0.5260 0.0196 -0.0283 0 30 0 0
0.5260 0.0196 -0.0283 0 30 0 0
0.5720 0.0197 -0.0361 0 30 0 0
0.5720 0.0197 -0.0361 0 30 0 0
0.5720 0.0197 -0.0361 0 30 0 0
0.5720 0.0197 -0.0361 0 30 0 0
0.5700 0.0197 -0.0372 0 30 0 0
0.5700 0.0197 -0.0372 0 30 0 0
0.5700 0.0197 -0.0372 0 30 0 0
0.5840 0.0195 -0.0350 0 30 0 0
0.5840 0.0195 -0.0350 0 30 0 0
0.5840 0.0195 -0.0350 0 30 0 0
0.5840 0.0195 -0.0350 0 30 0 0
0.5840 0.0195 -0.0350 0 30 0 0
0.5840 0.0195 -0.0350 0 30 0 0
0.5580 0.0192 -0.0350 0 30 0 0
0.5580 0.0192 -0.0350 0 30 0 0
0.5580 0.0192 -0.0350 0 30 0 0
0.5580 0.0192 -0.0350 0 30 0 0
0.5580 0.0192 -0.0350 0 30 0 0
0.5520 0.0193 -0.0330 0 30 0 0
0.5520 0.0193 -0.0330 0 30 0 0
0.5620 0.0194 -0.0315 0 30 0 0
0.5620 0.0194 -0.0315 0 30 0 0
0.5620 0.0194 -0.0315 0 30 0 0
0.5620 0.0194 -0.0315 0 30 0 0
0.5620 0.0194 -0.0315 0 30 0 0
0.5620 0.0194 -0.0315 0 30 0 0
0.5660 0.0193 -0.0318 0 30 0 0
0.5660 0.0193 -0.0318 0 30 0 0
0.5660 0.0193 -0.0318 0 30 0 0
0.5660 0.0193 -0.0318 0 30 0 0
0.5800 0.0191 -0.0341 0 30 0 0
0.5800 0.0191 -0.0341 0 30 0 0
0.5800 0.0191 -0.0341 0 30 0 0
0.5880 0.0189 -0.0330 0 30 0 0
0.5880 0.0189 -0.0330 0 30 0 0
0.5880 0.0189 -0.0330 0 30 0 0
0.5880 0.0189 -0.0330 0 30 0 0
0.5880 0.0189 -0.0330 0 30 0 0
0.6100 0.0188 -0.0303 0 30 0 0
0.6100 0.0188 -0.0303 0 30 0 0
0.6100 0.0188 -0.0303 0 30 0 0
0.6100 0.0188 -0.0303 0 30 0 0
0.6100 0.0188 -0.0303 0 30 0 0
0.5860 0.0188 -0.0308 0 30 0 0
0.5860 0.0188 -0.0308 0 30 0 0
0.5880 0.0187 -0.0294 0 30 0 0
0.5880 0.0187 -0.0294 0 30 0 0
0.5880 0.0187 -0.0294 0 30 0 0
0.5880 0.0187 -0.0294 0 30 0 0
0.5880 0.0187 -0.0294 0 30 0 0
0.5880 0.0187 -0.0294 0 30 0 0
0.5900 0.0188 -0.0335 0 30 0 0
0.5900 0.0188 -0.0335 0 30 0 0
0.5900 0.0188 -0.0335 0 30 0 0
0.5900 0.0188 -0.0335 0 30 0 0
0.5900 0.0188 -0.0335 0 30 0 0
0.5900 0.0188 -0.0335 0 30 0 0
0.5940 0.0188 -0.0298 0 30 0 0
0.5940 0.0188 -0.0298 0 30 0 0
0.5800 0.0188 -0.0298 0 30 0 0
0.5800 0.0188 -0.0298 0 30 0 0
0.5800 0.0188 -0.0298 0 30 0 0
0.5800 0.0188 -0.0298 0 30 0 0
0.5780 0.0188 -0.0301 0 30 0 0
0.5780 0.0188 -0.0301 0 30 0 0
0.5780 0.0188 -0.0301 0 30 0 0
0.5780 0.0188 -0.0301 0 30 0 0
0.5780 0.0188 -0.0301 0 30 0 0
0.5800 0.0185 -0.0329 0 30 0 0
0.5800 0.0185 -0.0329 0 30 0 0
0.5800 0.0185 -0.0329 0 30 0 0
0.5800 0.0185 -0.0329 0 30 0 0
0.6000 0.0182 -0.0345 0 30 0 0
0.6000 0.0182 -0.0345 0 30 0 0
0.6000 0.0182 -0.0345 0 30 0 0
0.6000 0.0182 -0.0345 0 30 0 0
0.6000 0.0182 -0.0345 0 30 0 0
0.6040 0.0179 -0.0333 0 30 0 0
0.6040 0.0179 -0.0333 0 30 0 0
0.6040 0.0179 -0.0333 0 30 0 0
0.6040 0.0179 -0.0333 0 30 0 0
0.5900 0.0176 -0.0341 0 30 0 0
0.5900 0.0176 -0.0341 0 30 0 0
0.5900 0.0176 -0.0341 0 30 0 0
0.5900 0.0176 -0.0341 0 30 0 0
0.5820 0.0170 -0.0362 0 30 0 0
0.5820 0.0170 -0.0362 0 30 0 0
0.5820 0.0170 -0.0362 0 30 0 0
0.5820 0.0166 -0.0367 0 30 0 0
0.5940 0.0166 -0.0367 0 30 0 0
0.5940 0.0166 -0.0367 0 30 0 0
0.5940 0.0166 -0.0367 0 30 0 0
0.5940 0.0166 -0.0367 0 30 0 0
0.5800 0.0163 -0.0363 0 30 0 0
0.5800 0.0163 -0.0363 0 30 0 0
0.5800 0.0163 -0.0363 0 30 0 0
0.5800 0.0163 -0.0363 0 30 0 0
0.5880 0.0160 -0.0337 0 30 0 0
0.5880 0.0160 -0.0337 0 30 0 0
0.5880 0.0160 -0.0337 0 30 0 0
0.5880 0.0160 -0.0337 0 30 0 0
0.5880 0.0161 -0.0335 0 30 0 0
0.5720 0.0161 -0.0335 0 30 0 0
0.5720 0.0161 -0.0335 0 30 0 0
0.5720 0.0161 -0.0335 0 0 0 0
0.5500 0.0164 0.0392 0 0 0 -30
0.5640 0.0165 0.0383 0 0 0 -30
0.5560 0.0166 0.0384 0 0 0 -30
0.5580 0.0159 0.0343 0 0 0 -30
0.5580 0.0154 0.0344 0 0 0 -30
0.5680 0.0149 0.0400 0 0 0 -30
0.5680 0.0149 0.0400 0 0 0 -30
0.5680 0.0149 0.0400 0 0 0 -30
0.5600 0.0151 0.0446 0 0 0 -30
0.5600 0.0151 0.0446 0 0 0 -30
0.5520 0.0151 0.0452 0 0 0 -30
0.5520 0.0151 0.0452 0 0 0 -30
0.5520 0.0151 0.0452 0 0 0 -30
0.5520 0.0151 0.0452 0 0 0 -30
0.5520 0.0151 0.0452 0 0 0 -30
0.5520 0.0151 0.0452 0 0 0 -30
0.5560 0.0152 0.0428 0 0 0 -30
0.5560 0.0152 0.0428 0 0 0 -30
0.5560 0.0152 0.0428 0 0 0 -30
0.5560 0.0152 0.0428 0 0 0 -30
0.5740 0.0152 0.0432 0 0 0 -30
0.5740 0.0152 0.0432 0 0 0 -30
0.5740 0.0152 0.0432 0 0 0 -30
0.5700 0.0153 0.0405 0 0 0 -30
0.5700 0.0153 0.0405 0 0 0 -30
0.5700 0.0153 0.0405 0 0 0 -30
0.5700 0.0153 0.0405 0 0 0 -30
0.5700 0.0153 0.0405 0 0 0 0
0.5520 0.0154 0.0306 0 0 0 -30
0.5520 0.0154 0.0306 0 0 0 -30
0.5620 0.0155 0.0322 0 0 0 -30
0.5540 0.0153 0.0294 0 0 0 -30
0.5540 0.0151 0.0254 0 0 0 -30
0.5700 0.0151 0.0254 0 0 0 -30
0.5540 0.0154 0.0237 0 0 0 -30
0.5580 0.0162 0.0230 0 0 0 -30
0.5560 0.0167 0.0244 0 0 0 -30
0.5660 0.0174 0.0232 0 0 0 -30
0.5660 0.0174 0.0232 0 0 0 0
0.5560 0.0176 0.0190 0 0 0 -30
0.5560 0.0176 0.0190 0 0 0 -30
0.5640 0.0172 0.0150 0 0 0 -30
0.5720 0.0168 0.0066 0 0 0 -30
0.5620 0.0162 0.0069 0 0 0 -30
0.5640 0.0157 0.0086 0 0 0 -30
0.5640 0.0157 0.0086 0 0 0 -30
0.5700 0.0158 0.0083 0 0 0 -30
0.5700 0.0158 0.0083 0 0 0 0
0.6040 0.0168 0.0102 0 0 0 -30
0.5820 0.0171 0.0091 0 0 0 -30
0.5800 0.0174 0.0059 0 0 0 -30
0.5800 0.0174 0.0059 0 0 0 -30
0.5960 0.0171 0.0035 0 0 0 -30
0.5900 0.0161 -0.0005 0 0 0 -30
0.5800 0.0155 -0.0021 0 0 0 -30
0.5700 0.0157 -0.0059 0 0 0 -30
0.5700 0.0157 -0.0059 0 0 0 0
0.5760 0.0182 -0.0091 0 0 0 -30
0.5560 0.0181 -0.0119 0 0 0 -30
0.5560 0.0181 -0.0119 0 0 0 0
0.5880 0.0197 -0.0160 0 0 0 30
0.5800 0.0187 -0.0163 0 0 0 30
0.5660 0.0168 -0.0183 0 0 0 30
0.5820 0.0161 -0.0222 0 0 0 0
0.5760 0.0162 -0.0159 0 0 0 30
0.5780 0.0151 -0.0160 0 0 0 30
0.5700 0.0151 -0.0160 0 0 0 30
0.5620 0.0152 -0.0155 0 0 0 30
0.5700 0.0154 -0.0189 0 0 0 0
0.5520 0.0160 -0.0210 0 0 0 30
0.5720 0.0161 -0.0218 0 0 0 30
0.5740 0.0159 -0.0202 0 0 0 30
0.5700 0.0161 -0.0206 0 0 0 30
0.5700 0.0161 -0.0206 0 0 0 30
0.5680 0.0167 -0.0177 0 0 0 0
0.5680 0.0162 -0.0197 0 0 0 30
0.5760 0.0152 -0.0254 0 0 0 30
0.5620 0.0144 -0.0260 0 0 0 30
0.5560 0.0144 -0.0257 0 0 0 30
0.5700 0.0154 -0.0239 0 0 0 30
0.5660 0.0160 -0.0288 0 0 0 30
0.5540 0.0156 -0.0272 0 0 0 0
0.5860 0.0148 -0.0229 0 0 0 30
0.5660 0.0155 -0.0104 0 0 0 30
0.5760 0.0155 -0.0104 0 0 0 30
0.5840 0.0160 -0.0116 0 0 0 30
0.5580 0.0162 -0.0136 0 0 0 30
0.5820 0.0155 -0.0129 0 0 0 0
0.5760 0.0149 -0.0162 0 0 0 30
0.5900 0.0150 -0.0204 0 0 0 30
0.5840 0.0151 -0.0186 0 0 0 30
0.5720 0.0150 -0.0146 0 0 0 30
0.5720 0.0150 -0.0146 0 0 0 0
0.5780 0.0160 -0.0156 0 0 0 30
0.5580 0.0177 -0.0157 0 0 0 30
0.5580 0.0177 -0.0157 0 0 0 30
0.5840 0.0178 -0.0163 0 0 0 30
0.5840 0.0180 -0.0164 0 0 0 0
0.5780 0.0188 -0.0164 0 0 0 30
0.5860 0.0188 -0.0164 0 0 0 30
0.5840 0.0195 -0.0177 0 0 0 30
0.5840 0.0195 -0.0177 0 0 0 30
0.5780 0.0193 -0.0125 0 0 0 30
0.5640 0.0198 -0.0123 0 0 0 30
0.5720 0.0218 -0.0092 0 0 0 30
0.5740 0.0224 -0.0126 0 0 0 0
0.5760 0.0183 -0.0038 0 0 0 30
0.5700 0.0188 -0.0029 0 0 0 30
0.5700 0.0188 -0.0029 0 0 0 30
0.5780 0.0197 -0.0042 0 0 0 0
0.5600 0.0180 0.0023 0 0 0 30
0.5500 0.0180 0.0023 0 0 0 30
0.5580 0.0182 0.0039 0 0 0 30
0.5700 0.0179 0.0059 0 0 0 30
0.5800 0.0178 0.0064 0 0 0 30
0.5720 0.0180 0.0071 0 0 0 0
0.5520 0.0184 0.0351 0 0 -30 0
0.5500 0.0172 0.0393 0 0 -30 0
0.5500 0.0172 0.0393 0 0 -30 0
0.5580 0.0175 0.0394 0 0 -30 0
0.5580 0.0179 0.0393 0 0 -30 0
0.5380 0.0184 0.0389 0 0 -30 0
0.5440 0.0197 0.0404 0 0 -30 0
0.5320 0.0200 0.0411 0 0 -30 0
0.5320 0.0200 0.0411 0 0 -30 0
0.5320 0.0200 0.0411 0 0 -30 0
0.5320 0.0200 0.0411 0 0 -30 0
0.5500 0.0204 0.0401 0 0 0 0
0.5500 0.0201 0.0397 0 0 -30 0
0.5560 0.0192 0.0391 0 0 -30 0
0.5580 0.0180 0.0363 0 0 -30 0
0.5520 0.0170 0.0360 0 0 -30 0
0.5520 0.0170 0.0360 0 0 -30 0
0.5700 0.0162 0.0355 0 0 -30 0
0.5720 0.0157 0.0354 0 0 -30 0
0.5600 0.0151 0.0382 0 0 -30 0
0.5600 0.0151 0.0382 0 0 -30 0
0.5440 0.0144 0.0382 0 0 0 0
0.5520 0.0132 0.0390 0 0 30 0
0.5720 0.0109 0.0400 0 0 30 0
0.5560 0.0107 0.0400 0 0 0 0
0.5380 0.0121 0.0397 0 0 -30 0
0.5620 0.0124 0.0388 0 0 -30 0
0.5540 0.0128 0.0396 0 0 -30 0
0.5620 0.0135 0.0387 0 0 -30 0
0.5620 0.0137 0.0391 0 0 -30 0
0.5680 0.0129 0.0405 0 0 -30 0
0.5680 0.0129 0.0405 0 0 0 0
0.5540 0.0123 0.0413 0 0 -30 0
0.5440 0.0116 0.0408 0 0 -30 0
0.5540 0.0111 0.0410 0 0 -30 0
0.5600 0.0109 0.0412 0 0 -30 0
0.5600 0.0109 0.0412 0 0 -30 0
0.5500 0.0107 0.0371 0 0 -30 0
0.5500 0.0107 0.0373 0 0 -30 0
0.5520 0.0107 0.0373 0 0 -30 0
0.5520 0.0107 0.0373 0 0 -30 0
0.5520 0.0107 0.0373 0 0 0 0
0.5400 0.0114 0.0372 0 0 -30 0
0.5320 0.0114 0.0372 0 0 -30 0
0.5320 0.0106 0.0358 0 0 -30 0
0.5220 0.0099 0.0372 0 0 -30 0
0.5540 0.0091 0.0365 0 0 -30 0
0.5600 0.0091 0.0368 0 0 -30 0
0.5600 0.0091 0.0368 0 0 -30 0
0.5460 0.0092 0.0363 0 0 -30 0
0.5460 0.0092 0.0363 0 0 -30 0
0.5460 0.0092 0.0363 0 0 0 0
0.5680 0.0097 0.0325 0 0 -30 0
0.5520 0.0097 0.0325 0 0 -30 0
0.5520 0.0090 0.0325 0 0 -30 0
0.5520 0.0090 0.0325 0 0 -30 0
0.5580 0.0080 0.0330 0 0 -30 0
0.5580 0.0080 0.0330 0 0 -30 0
0.5880 0.0074 0.0341 0 0 -30 0
0.5880 0.0074 0.0341 0 0 0 0
0.5600 0.0112 0.0092 30 0 0 0
0.5780 0.0119 0.0092 30 0 0 0
0.5640 0.0113 0.0111 30 0 0 0
0.5440 0.0107 0.0104 30 0 0 0
0.5820 0.0098 0.0104 30 0 0 0
0.5600 0.0097 0.0115 30 0 0 0
0.5780 0.0098 0.0139 30 0 0 0
0.5700 0.0101 0.0181 30 0 0 0
0.5700 0.0101 0.0181 30 0 0 0
0.5700 0.0101 0.0181 30 0 0 0
0.5700 0.0101 0.0181 30 0 0 0
0.5700 0.0101 0.0181 30 0 0 0
0.5700 0.0104 0.0186 30 0 0 0
0.5700 0.0104 0.0186 30 0 0 0
0.5700 0.0104 0.0186 30 0 0 0
0.5700 0.0103 0.0198 30 0 0 0
0.5700 0.0103 0.0198 30 0 0 0
0.5700 0.0103 0.0198 30 0 0 0
0.5700 0.0103 0.0198 30 0 0 0
0.5700 0.0101 0.0195 30 0 0 0
0.5760 0.0101 0.0195 30 0 0 0
0.5760 0.0101 0.0195 30 0 0 0
0.5760 0.0101 0.0195 30 0 0 0
0.5760 0.0101 0.0195 30 0 0 0
0.5740 0.0100 0.0199 30 0 0 0
0.5740 0.0100 0.0199 30 0 0 0
0.5740 0.0100 0.0199 30 0 0 0
0.5740 0.0100 0.0199 30 0 0 0
0.5740 0.0100 0.0200 30 0 0 0
0.5680 0.0100 0.0200 30 0 0 0
0.5680 0.0100 0.0200 30 0 0 0
0.5680 0.0100 0.0200 30 0 0 0
0.5760 0.0098 0.0242 30 0 0 0
0.5760 0.0098 0.0242 30 0 0 0
0.5760 0.0098 0.0242 30 0 0 0
0.5760 0.0098 0.0242 30 0 0 0
0.5760 0.0098 0.0242 30 0 0 0
0.5800 0.0096 0.0239 30 0 0 0
0.5800 0.0096 0.0239 30 0 0 0
0.5800 0.0096 0.0239 30 0 0 0
0.5800 0.0096 0.0239 30 0 0 0
0.5740 0.0092 0.0273 30 0 0 0
0.5740 0.0092 0.0273 30 0 0 0
0.5740 0.0092 0.0273 30 0 0 0
0.5740 0.0092 0.0273 30 0 0 0
0.5740 0.0092 0.0273 30 0 0 0
0.5740 0.0092 0.0273 30 0 0 0
0.5740 0.0092 0.0273 30 0 0 0
0.5740 0.0092 0.0273 30 0 0 0
0.5740 0.0092 0.0273 30 0 0 0
0.5740 0.0092 0.0273 30 0 0 0
0.5740 0.0092 0.0273 30 0 0 0
0.5860 0.0087 0.0277 30 0 0 0
0.5860 0.0087 0.0277 30 0 0 0
0.5640 0.0085 0.0302 30 0 0 0
0.5800 0.0082 0.0301 30 0 0 0
0.5800 0.0082 0.0301 30 0 0 0
0.5800 0.0082 0.0301 30 0 0 0
0.5780 0.0081 0.0331 30 0 0 0
0.5780 0.0081 0.0331 30 0 0 0
0.5780 0.0081 0.0331 30 0 0 0
0.5780 0.0081 0.0331 30 0 0 0
0.5780 0.0081 0.0331 30 0 0 0
0.5780 0.0086 0.0331 30 0 0 0
0.5780 0.0086 0.0331 30 0 0 0
0.5780 0.0086 0.0331 30 0 0 0
0.5940 0.0096 0.0336 30 0 0 0
0.5940 0.0096 0.0336 30 0 0 0
0.5940 0.0096 0.0336 30 0 0 0
0.5940 0.0096 0.0336 30 0 0 0
0.5940 0.0096 0.0336 30 0 0 0
0.5940 0.0096 0.0336 30 0 0 0
0.5940 0.0096 0.0336 30 0 0 0
0.5940 0.0096 0.0336 30 0 0 0
0.5940 0.0104 0.0332 30 0 0 0
0.5660 0.0104 0.0332 30 0 0 0
0.5820 0.0112 0.0340 30 0 0 0
0.5820 0.0112 0.0340 30 0 0 0
0.5900 0.0113 0.0324 30 0 0 0
0.5900 0.0113 0.0324 30 0 0 0
0.5900 0.0113 0.0324 30 0 0 0
0.5900 0.0113 0.0324 30 0 0 0
0.5900 0.0110 0.0320 30 0 0 0
0.5740 0.0110 0.0320 30 0 0 0
0.5740 0.0110 0.0320 30 0 0 0
0.5740 0.0110 0.0320 30 0 0 0
0.5740 0.0110 0.0320 30 0 0 0
0.5740 0.0110 0.0320 30 0 0 0
0.5820 0.0105 0.0278 30 0 0 0
0.5820 0.0105 0.0278 30 0 0 0
0.5820 0.0105 0.0278 30 0 0 0
0.5820 0.0105 0.0278 30 0 0 0
0.5820 0.0097 0.0272 30 0 0 0
0.5820 0.0097 0.0272 30 0 0 0
0.5820 0.0097 0.0272 30 0 0 0
0.5820 0.0097 0.0272 30 0 0 0
0.5780 0.0092 0.0279 30 0 0 0
0.5780 0.0092 0.0279 30 0 0 0
0.5780 0.0092 0.0279 30 0 0 0
0.5780 0.0092 0.0279 30 0 0 0
0.5780 0.0092 0.0279 30 0 0 0
0.5620 0.0091 0.0267 30 0 0 0
0.5620 0.0091 0.0267 30 0 0 0
0.5620 0.0091 0.0267 30 0 0 0
0.5760 0.0092 0.0275 30 0 0 0
0.5760 0.0092 0.0275 30 0 0 0
0.5760 0.0092 0.0275 30 0 0 0
0.5760 0.0092 0.0275 30 0 0 0
0.5760 0.0092 0.0275 30 0 0 0
0.5720 0.0094 0.0267 30 0 0 0
0.5720 0.0094 0.0267 30 0 0 0
0.5720 0.0094 0.0267 30 0 0 0
0.5760 0.0099 0.0270 30 0 0 0
0.5760 0.0099 0.0270 30 0 0 0
0.5760 0.0099 0.0270 30 0 0 0
0.5760 0.0099 0.0270 30 0 0 0
0.5620 0.0105 0.0266 30 0 0 0
0.5620 0.0105 0.0266 30 0 0 0
0.5620 0.0105 0.0266 30 0 0 0
0.5620 0.0105 0.0266 30 0 0 0
0.5620 0.0105 0.0266 30 0 0 0
0.5740 0.0106 0.0280 30 0 0 0
0.5740 0.0106 0.0280 30 0 0 0
0.5740 0.0106 0.0280 30 0 0 0
0.5740 0.0106 0.0280 30 0 0 0
0.5740 0.0106 0.0280 30 0 0 0
0.5680 0.0101 0.0303 30 0 0 0
0.5680 0.0101 0.0303 30 0 0 0
0.5680 0.0101 0.0303 30 0 0 0
0.5680 0.0101 0.0303 30 0 0 0
0.5680 0.0101 0.0303 30 0 0 0
0.5680 0.0101 0.0303 30 0 0 0
0.5680 0.0101 0.0303 30 0 0 0
0.5680 0.0101 0.0303 30 0 0 0
0.5680 0.0101 0.0303 30 0 0 0
0.5680 0.0101 0.0303 30 0 0 0
0.5680 0.0101 0.0303 30 0 0 0
0.5640 0.0096 0.0300 30 0 0 0
0.5640 0.0096 0.0300 30 0 0 0
0.5660 0.0095 0.0267 30 0 0 0
0.5700 0.0092 0.0261 30 0 0 0
0.5700 0.0089 0.0221 30 0 0 0
0.5680 0.0089 0.0221 30 0 0 0
0.5680 0.0089 0.0221 30 0 0 0
0.5680 0.0089 0.0221 30 0 0 0
0.5680 0.0089 0.0221 30 0 0 0
0.5760 0.0086 0.0215 30 0 0 0
0.5760 0.0086 0.0215 30 0 0 0
0.5760 0.0086 0.0215 30 0 0 0
0.5760 0.0086 0.0215 30 0 0 0
0.5760 0.0086 0.0215 30 0 0 0
0.5760 0.0086 0.0215 30 0 0 0
0.5760 0.0081 0.0244 30 0 0 0
0.5760 0.0081 0.0244 30 0 0 0
0.5760 0.0081 0.0244 30 0 0 0
0.5660 0.0077 0.0243 30 0 0 0
0.5660 0.0077 0.0243 30 0 0 0
0.5660 0.0077 0.0243 30 0 0 0
0.5660 0.0077 0.0243 30 0 0 0
0.5700 0.0073 0.0309 30 0 0 0
0.5700 0.0073 0.0309 30 0 0 0
0.5700 0.0073 0.0309 30 0 0 0
0.5700 0.0073 0.0309 30 0 0 0
0.5700 0.0073 0.0309 30 0 0 0
0.5700 0.0073 0.0309 30 0 0 0
0.5820 0.0064 0.0298 30 0 0 0
0.5820 0.0064 0.0298 30 0 0 0
0.5820 0.0064 0.0298 30 0 0 0
0.5600 0.0057 0.0303 30 0 0 0
0.5600 0.0057 0.0303 30 0 0 0
0.5600 0.0057 0.0303 30 0 0 0
0.5600 0.0057 0.0303 30 0 0 0
0.5740 0.0049 0.0304 30 0 0 0
0.5740 0.0049 0.0304 30 0 0 0
0.5740 0.0049 0.0304 30 0 0 0
0.5740 0.0049 0.0304 30 0 0 0
0.5740 0.0049 0.0304 30 0 0 0
0.5740 0.0049 0.0304 30 0 0 0
0.5780 0.0042 0.0301 30 0 0 0
0.5780 0.0042 0.0301 30 0 0 0
0.5740 0.0041 0.0320 0 0 0 0
0.5840 0.0039 0.0426 0 -30 0 0
0.5800 0.0040 0.0393 0 -30 0 0
0.5800 0.0040 0.0393 0 -30 0 0
0.5840 0.0045 0.0390 0 -30 0 0
0.5740 0.0057 0.0396 0 -30 0 0
0.5840 0.0072 0.0399 0 -30 0 0
0.5840 0.0072 0.0399 0 -30 0 0
0.5840 0.0072 0.0399 0 -30 0 0
0.5840 0.0072 0.0399 0 -30 0 0
0.5600 0.0087 0.0429 0 -30 0 0
0.5600 0.0087 0.0429 0 -30 0 0
0.5600 0.0087 0.0429 0 -30 0 0
0.5760 0.0089 0.0423 0 -30 0 0
0.5760 0.0089 0.0423 0 -30 0 0
0.5760 0.0089 0.0423 0 -30 0 0
0.5760 0.0089 0.0423 0 -30 0 0
0.5760 0.0089 0.0423 0 -30 0 0
0.5680 0.0084 0.0416 0 -30 0 0
0.5680 0.0084 0.0416 0 -30 0 0
0.5680 0.0084 0.0416 0 -30 0 0
0.5680 0.0084 0.0416 0 -30 0 0
0.5680 0.0084 0.0416 0 -30 0 0
0.5680 0.0084 0.0416 0 -30 0 0
0.5840 0.0071 0.0411 0 -30 0 0
0.5840 0.0071 0.0411 0 -30 0 0
0.5840 0.0058 0.0420 0 -30 0 0
0.5600 0.0058 0.0420 0 -30 0 0
0.5600 0.0058 0.0420 0 -30 0 0
0.5600 0.0058 0.0420 0 -30 0 0
0.5780 0.0048 0.0415 0 -30 0 0
0.5780 0.0048 0.0415 0 -30 0 0
0.5780 0.0048 0.0415 0 -30 0 0
0.5780 0.0048 0.0415 0 -30 0 0
0.5780 0.0048 0.0415 0 -30 0 0
0.5780 0.0048 0.0415 0 -30 0 0
0.5780 0.0041 0.0389 0 -30 0 0
0.5580 0.0041 0.0389 0 -30 0 0
0.5580 0.0041 0.0389 0 -30 0 0
0.5580 0.0041 0.0389 0 -30 0 0
0.5680 0.0041 0.0354 0 -30 0 0
0.5680 0.0041 0.0354 0 -30 0 0
0.5680 0.0041 0.0354 0 -30 0 0
0.5720 0.0043 0.0352 0 -30 0 0
0.5720 0.0043 0.0352 0 -30 0 0
0.5720 0.0043 0.0352 0 -30 0 0
0.5720 0.0043 0.0352 0 -30 0 0
0.5720 0.0043 0.0352 0 -30 0 0
0.5740 0.0047 0.0343 0 -30 0 0
0.5740 0.0047 0.0343 0 -30 0 0
0.5740 0.0047 0.0343 0 -30 0 0
0.5660 0.0047 0.0341 0 -30 0 0
0.5660 0.0047 0.0341 0 -30 0 0
0.5660 0.0047 0.0341 0 -30 0 0
0.5660 0.0046 0.0341 0 -30 0 0
0.5800 0.0046 0.0341 0 -30 0 0
0.5800 0.0046 0.0341 0 -30 0 0
0.5800 0.0046 0.0341 0 -30 0 0
0.5800 0.0046 0.0341 0 -30 0 0
0.5800 0.0046 0.0341 0 -30 0 0
0.5800 0.0046 0.0341 0 -30 0 0
0.5740 0.0040 0.0341 0 -30 0 0
0.5740 0.0040 0.0341 0 -30 0 0
0.5740 0.0040 0.0341 0 -30 0 0
0.5800 0.0035 0.0325 0 -30 0 0
0.5800 0.0035 0.0325 0 -30 0 0
0.5800 0.0035 0.0325 0 -30 0 0
0.5800 0.0035 0.0325 0 -30 0 0
0.6000 0.0031 0.0322 0 -30 0 0
0.6000 0.0031 0.0322 0 -30 0 0
0.6000 0.0031 0.0322 0 -30 0 0
0.6000 0.0031 0.0322 0 -30 0 0
0.6000 0.0031 0.0322 0 -30 0 0
0.5900 0.0031 0.0308 0 -30 0 0
0.5900 0.0031 0.0308 0 -30 0 0
0.5900 0.0031 0.0308 0 -30 0 0
0.5900 0.0031 0.0308 0 -30 0 0
0.6040 0.0032 0.0314 0 -30 0 0
0.6040 0.0032 0.0314 0 -30 0 0
0.6040 0.0032 0.0314 0 -30 0 0
0.6040 0.0030 0.0315 0 -30 0 0
0.6040 0.0030 0.0315 0 -30 0 0
0.6040 0.0030 0.0315 0 -30 0 0
0.6040 0.0030 0.0315 0 -30 0 0
0.6040 0.0030 0.0315 0 -30 0 0
0.6040 0.0030 0.0315 0 -30 0 0
0.5820 0.0025 0.0316 0 -30 0 0
0.5820 0.0025 0.0316 0 -30 0 0
0.5760 0.0021 0.0315 0 -30 0 0
0.5760 0.0021 0.0315 0 -30 0 0
0.5760 0.0021 0.0315 0 -30 0 0
0.5760 0.0021 0.0315 0 -30 0 0
0.5800 0.0019 0.0314 0 -30 0 0
0.5800 0.0019 0.0314 0 -30 0 0
0.5800 0.0019 0.0314 0 -30 0 0
0.5800 0.0019 0.0314 0 -30 0 0
0.5800 0.0019 0.0314 0 -30 0 0
0.5780 0.0021 0.0325 0 -30 0 0
0.5780 0.0021 0.0325 0 -30 0 0
0.5780 0.0021 0.0325 0 -30 0 0
0.5780 0.0026 0.0330 0 -30 0 0
0.5780 0.0026 0.0330 0 -30 0 0
0.5780 0.0026 0.0330 0 -30 0 0
0.5780 0.0026 0.0330 0 -30 0 0
0.5780 0.0026 0.0330 0 -30 0 0
0.5840 0.0031 0.0316 0 -30 0 0
0.5840 0.0031 0.0316 0 -30 0 0
0.5840 0.0031 0.0316 0 -30 0 0
0.5840 0.0031 0.0316 0 -30 0 0
0.5840 0.0031 0.0316 0 -30 0 0
0.5840 0.0031 0.0316 0 -30 0 0
0.5980 0.0034 0.0308 0 -30 0 0
0.5980 0.0034 0.0308 0 -30 0 0
0.5980 0.0034 0.0308 0 -30 0 0
0.5900 0.0034 0.0300 0 -30 0 0
0.5900 0.0034 0.0300 0 -30 0 0
0.5920 0.0034 0.0306 0 -30 0 0
0.5920 0.0034 0.0306 0 -30 0 0
0.5920 0.0034 0.0306 0 -30 0 0
0.5920 0.0034 0.0306 0 -30 0 0
0.5920 0.0034 0.0306 0 -30 0 0
0.5920 0.0034 0.0306 0 -30 0 0
0.5980 0.0036 0.0297 0 -30 0 0
0.5980 0.0036 0.0297 0 -30 0 0
0.5980 0.0036 0.0297 0 -30 0 0
0.5960 0.0040 0.0293 0 -30 0 0
0.5960 0.0040 0.0293 0 -30 0 0
0.5960 0.0040 0.0293 0 -30 0 0
0.5960 0.0040 0.0293 0 -30 0 0
0.5860 0.0046 0.0289 0 -30 0 0
0.5860 0.0046 0.0289 0 -30 0 0
0.5860 0.0046 0.0289 0 -30 0 0
0.5860 0.0046 0.0289 0 -30 0 0
0.5860 0.0046 0.0289 0 -30 0 0
0.5860 0.0046 0.0289 0 -30 0 0
0.5860 0.0056 0.0295 0 -30 0 0
0.5900 0.0056 0.0295 0 -30 0 0
0.5900 0.0056 0.0295 0 -30 0 0
0.5900 0.0056 0.0295 0 -30 0 0
0.6000 0.0065 0.0302 0 -30 0 0
0.6000 0.0065 0.0302 0 -30 0 0
0.6000 0.0065 0.0302 0 -30 0 0
0.6000 0.0065 0.0302 0 -30 0 0
0.6000 0.0065 0.0302 0 -30 0 0
0.5860 0.0076 0.0350 0 -30 0 0
0.5860 0.0076 0.0350 0 -30 0 0
0.5860 0.0076 0.0350 0 -30 0 0
0.5860 0.0076 0.0350 0 -30 0 0
0.5840 0.0082 0.0371 0 -30 0 0
0.5840 0.0082 0.0371 0 -30 0 0
0.5840 0.0088 0.0383 0 -30 0 0
0.5800 0.0088 0.0383 0 -30 0 0
0.5800 0.0088 0.0383 0 -30 0 0
0.5800 0.0088 0.0383 0 -30 0 0
0.5800 0.0088 0.0383 0 -30 0 0
0.5800 0.0088 0.0383 0 -30 0 0
0.5900 0.0099 0.0413 0 -30 0 0
0.5900 0.0099 0.0413 0 -30 0 0
0.5900 0.0099 0.0413 0 -30 0 0
0.5900 0.0099 0.0413 0 -30 0 0
0.5900 0.0099 0.0413 0 -30 0 0
0.5960 0.0109 0.0401 0 -30 0 0
0.5960 0.0109 0.0401 0 -30 0 0
0.5960 0.0109 0.0401 0 -30 0 0
0.6040 0.0120 0.0383 0 -30 0 0
0.6040 0.0120 0.0383 0 -30 0 0
0.6040 0.0120 0.0383 0 -30 0 0
0.6040 0.0120 0.0383 0 -30 0 0
0.6040 0.0120 0.0383 0 -30 0 0
0.6040 0.0120 0.0383 0 -30 0 0
0.6000 0.0126 0.0380 0 -30 0 0
0.6000 0.0126 0.0380 0 -30 0 0
0.6000 0.0126 0.0380 0 -30 0 0
0.6000 0.0126 0.0380 0 -30 0 0
0.6000 0.0126 0.0380 0 -30 0 0
0.5940 0.0127 0.0382 0 -30 0 0
0.5940 0.0127 0.0382 0 -30 0 0
0.5700 0.0124 0.0385 0 -30 0 0
0.5700 0.0124 0.0385 0 -30 0 0
0.5700 0.0124 0.0385 0 -30 0 0
0.5700 0.0124 0.0385 0 -30 0 0
0.5700 0.0124 0.0385 0 -30 0 0
0.5700 0.0124 0.0385 0 -30 0 0
0.5780 0.0116 0.0383 0 -30 0 0
0.5780 0.0116 0.0383 0 -30 0 0
0.5780 0.0116 0.0383 0 -30 0 0
0.5780 0.0116 0.0383 0 -30 0 0
0.5780 0.0111 0.0351 0 -30 0 0
0.5760 0.0111 0.0351 0 -30 0 0
0.5760 0.0111 0.0351 0 -30 0 0
0.5680 0.0108 0.0353 0 -30 0 0
0.5680 0.0108 0.0353 0 -30 0 0
0.5680 0.0108 0.0353 0 -30 0 0
0.5680 0.0108 0.0353 0 -30 0 0
0.5680 0.0108 0.0353 0 0 0 0
0.6020 0.0167 0.0336 0 0 0 -30
0.5800 0.0173 0.0329 0 0 0 -30
0.5800 0.0163 0.0316 0 0 0 -30
0.5740 0.0149 0.0316 0 0 0 -30
0.5740 0.0134 0.0371 0 0 0 -30
0.5760 0.0101 0.0512 0 0 0 -30
0.5760 0.0101 0.0512 0 0 0 -30
0.5960 0.0095 0.0512 0 0 0 -30
0.5980 0.0092 0.0496 0 0 0 -30
0.5980 0.0092 0.0496 0 0 0 -30
0.5980 0.0092 0.0496 0 0 0 -30
0.5980 0.0092 0.0496 0 0 0 0
0.5900 0.0089 0.0567 0 0 0 -30
0.5860 0.0088 0.0620 0 0 0 -30
0.6040 0.0084 0.0592 0 0 0 -30
0.5860 0.0078 0.0605 0 0 0 -30
0.5960 0.0076 0.0568 0 0 0 -30
0.5960 0.0076 0.0568 0 0 0 -30
0.5980 0.0080 0.0565 0 0 0 -30
0.5980 0.0080 0.0565 0 0 0 -30
0.5980 0.0080 0.0565 0 0 0 -30
0.5980 0.0080 0.0565 0 0 0 -30
0.5980 0.0080 0.0565 0 0 0 -30
0.5980 0.0089 0.0551 0 0 0 -30
0.5760 0.0089 0.0551 0 0 0 -30
0.5760 0.0089 0.0551 0 0 0 -30
0.5760 0.0089 0.0551 0 0 0 -30
0.5760 0.0089 0.0551 0 0 0 -30
0.6060 0.0097 0.0513 0 0 0 -30
0.6060 0.0097 0.0513 0 0 0 -30
0.6060 0.0097 0.0513 0 0 0 -30
0.6080 0.0099 0.0505 0 0 0 -30
0.6080 0.0099 0.0505 0 0 0 -30
0.6080 0.0099 0.0505 0 0 0 -30
0.6080 0.0099 0.0505 0 0 0 -30
0.6080 0.0099 0.0505 0 0 0 -30
0.5840 0.0093 0.0505 0 0 0 -30
0.5840 0.0093 0.0505 0 0 0 -30
0.5840 0.0093 0.0505 0 0 0 -30
0.5840 0.0093 0.0505 0 0 0 -30
0.5840 0.0085 0.0491 0 0 0 -30
0.5920 0.0085 0.0491 0 0 0 -30
0.5920 0.0085 0.0491 0 0 0 -30
0.5900 0.0079 0.0462 0 0 0 -30
0.5900 0.0079 0.0462 0 0 0 -30
0.5900 0.0079 0.0462 0 0 0 -30
0.5900 0.0079 0.0462 0 0 0 -30
0.5900 0.0079 0.0462 0 0 0 -30
0.6080 0.0078 0.0408 0 0 0 -30
0.6080 0.0078 0.0408 0 0 0 -30
0.6080 0.0078 0.0408 0 0 0 -30
0.6080 0.0078 0.0408 0 0 0 -30
0.6080 0.0078 0.0408 0 0 0 -30
0.5840 0.0083 0.0363 0 0 0 -30
0.5840 0.0083 0.0363 0 0 0 -30
0.5840 0.0083 0.0363 0 0 0 -30
0.5860 0.0091 0.0332 0 0 0 -30
0.5860 0.0091 0.0332 0 0 0 -30
0.5860 0.0091 0.0332 0 0 0 -30
0.5860 0.0091 0.0332 0 0 0 -30
0.5860 0.0091 0.0332 0 0 0 -30
0.5960 0.0098 0.0322 0 0 0 -30
0.5960 0.0098 0.0322 0 0 0 -30
0.5960 0.0098 0.0322 0 0 0 -30
0.5960 0.0098 0.0322 0 0 0 -30
0.5840 0.0097 0.0325 0 0 0 -30
0.5840 0.0097 0.0325 0 0 0 -30
0.5840 0.0097 0.0325 0 0 0 -30
0.5840 0.0097 0.0325 0 0 0 -30
0.5840 0.0097 0.0325 0 0 0 -30
0.5840 0.0097 0.0325 0 0 0 -30
0.5840 0.0097 0.0325 0 0 0 -30
0.5840 0.0097 0.0325 0 0 0 -30
0.5840 0.0097 0.0325 0 0 0 -30
0.5840 0.0097 0.0325 0 0 0 -30
0.5840 0.0097 0.0325 0 0 0 -30
0.5900 0.0090 0.0276 0 0 0 -30
0.5900 0.0090 0.0276 0 0 0 -30
0.5900 0.0090 0.0276 0 0 0 -30
0.5880 0.0082 0.0246 0 0 0 -30
0.5820 0.0075 0.0218 0 0 0 -30
0.5820 0.0075 0.0218 0 0 0 -30
0.5820 0.0072 0.0215 0 0 0 -30
0.5820 0.0072 0.0215 0 0 0 -30
0.5820 0.0072 0.0215 0 0 0 -30
0.5820 0.0072 0.0215 0 0 0 -30
0.5820 0.0072 0.0215 0 0 0 -30
0.6060 0.0072 0.0190 0 0 0 -30
0.6060 0.0072 0.0190 0 0 0 -30
0.6060 0.0072 0.0190 0 0 0 -30
0.6060 0.0072 0.0190 0 0 0 -30
0.6060 0.0072 0.0190 0 0 0 -30
0.5700 0.0072 0.0168 0 0 0 -30
0.5700 0.0072 0.0168 0 0 0 -30
0.5700 0.0072 0.0168 0 0 0 0
0.6020 0.0056 0.0057 0 0 0 -30
0.5840 0.0035 0.0051 0 0 0 -30
0.5900 0.0029 0.0039 0 0 0 -30
0.5900 0.0032 0.0030 0 0 0 -30
0.5900 0.0032 0.0030 0 0 0 -30
0.5780 0.0039 0.0036 0 0 0 -30
0.5820 0.0054 0.0038 0 0 0 -30
0.6040 0.0065 0.0052 0 0 0 -30
0.6040 0.0065 0.0052 0 0 0 0
0.5960 0.0026 -0.0004 0 0 0 -30
0.5940 0.0029 -0.0002 0 0 0 -30
0.5880 0.0056 -0.0016 0 0 0 -30
0.5800 0.0077 -0.0047 0 0 0 -30
0.5660 0.0061 -0.0046 0 0 0 0
0.5940 0.0043 -0.0286 30 0 0 0
0.5940 0.0051 -0.0290 30 0 0 0
0.5920 0.0051 -0.0290 30 0 0 0
0.5740 0.0056 -0.0283 30 0 0 0
0.5820 0.0059 -0.0256 30 0 0 0
0.5800 0.0053 -0.0231 30 0 0 0
0.5820 0.0046 -0.0229 30 0 0 0
0.5900 0.0034 -0.0231 30 0 0 0
0.5980 0.0029 -0.0269 30 0 0 0
0.5980 0.0029 -0.0269 30 0 0 0
0.5980 0.0029 -0.0269 30 0 0 0
0.5840 0.0029 -0.0281 30 0 0 0
0.5840 0.0029 -0.0281 30 0 0 0
0.5840 0.0029 -0.0281 30 0 0 0
0.5840 0.0029 -0.0281 30 0 0 0
0.5840 0.0029 -0.0281 30 0 0 0
0.5840 0.0029 -0.0281 30 0 0 0
0.5880 0.0027 -0.0265 30 0 0 0
0.5880 0.0027 -0.0265 30 0 0 0
0.5880 0.0027 -0.0265 30 0 0 0
0.5740 0.0025 -0.0262 30 0 0 0
0.5740 0.0025 -0.0262 30 0 0 0
0.5740 0.0025 -0.0262 30 0 0 0
0.5740 0.0025 -0.0262 30 0 0 0
0.5900 0.0023 -0.0260 30 0 0 0
0.5900 0.0023 -0.0260 30 0 0 0
0.5900 0.0023 -0.0260 30 0 0 0
0.5900 0.0023 -0.0260 30 0 0 0
0.5900 0.0023 -0.0260 30 0 0 0
0.5840 0.0023 -0.0257 30 0 0 0
0.5840 0.0023 -0.0257 30 0 0 0
0.5840 0.0023 -0.0257 30 0 0 0
0.5920 0.0027 -0.0282 30 0 0 0
0.5920 0.0027 -0.0282 30 0 0 0
0.5920 0.0027 -0.0282 30 0 0 0
0.5920 0.0027 -0.0282 30 0 0 0
0.5840 0.0034 -0.0286 30 0 0 0
0.5840 0.0034 -0.0286 30 0 0 0
0.5840 0.0034 -0.0286 30 0 0 0
0.5840 0.0034 -0.0286 30 0 0 0
0.5840 0.0034 -0.0286 30 0 0 0
0.5840 0.0034 -0.0286 30 0 0 0
0.5840 0.0034 -0.0286 30 0 0 0
0.5760 0.0041 -0.0299 30 0 0 0
0.5880 0.0042 -0.0299 30 0 0 0
0.5880 0.0042 -0.0299 30 0 0 0
0.5880 0.0042 -0.0299 30 0 0 0
0.6000 0.0039 -0.0331 30 0 0 0
0.6000 0.0039 -0.0331 30 0 0 0
0.6000 0.0039 -0.0331 30 0 0 0
0.6000 0.0039 -0.0331 30 0 0 0
0.6000 0.0039 -0.0331 30 0 0 0
0.6000 0.0039 -0.0331 30 0 0 0
0.6000 0.0039 -0.0331 30 0 0 0
0.5840 0.0038 -0.0325 30 0 0 0
0.5840 0.0038 -0.0325 30 0 0 0
0.5700 0.0045 -0.0345 30 0 0 0
0.5700 0.0045 -0.0345 30 0 0 0
0.5700 0.0045 -0.0345 30 0 0 0
0.5700 0.0045 -0.0345 30 0 0 0
0.5700 0.0045 -0.0345 30 0 0 0
0.5920 0.0054 -0.0340 30 0 0 0
0.5920 0.0054 -0.0340 30 0 0 0
0.5920 0.0054 -0.0340 30 0 0 0
0.5920 0.0054 -0.0340 30 0 0 0
0.5920 0.0054 -0.0340 30 0 0 0
0.5920 0.0054 -0.0340 30 0 0 0
0.5660 0.0061 -0.0327 30 0 0 0
0.5660 0.0061 -0.0327 30 0 0 0
0.5660 0.0060 -0.0300 30 0 0 0
0.5540 0.0060 -0.0300 30 0 0 0
0.5540 0.0060 -0.0300 30 0 0 0
0.5540 0.0060 -0.0300 30 0 0 0
0.5540 0.0060 -0.0300 30 0 0 0
0.5700 0.0050 -0.0295 30 0 0 0
0.5700 0.0050 -0.0295 30 0 0 0
0.5700 0.0050 -0.0295 30 0 0 0
0.5700 0.0050 -0.0295 30 0 0 0
0.5700 0.0050 -0.0295 30 0 0 0
0.5700 0.0050 -0.0295 30 0 0 0
0.5700 0.0032 -0.0293 0 0 0 0
0.5900 0.0017 -0.0251 30 0 0 0
0.5900 0.0022 -0.0244 30 0 0 0
0.5860 0.0027 -0.0230 30 0 0 0
0.5820 0.0028 -0.0223 30 0 0 0
0.5820 0.0028 -0.0223 30 0 0 0
0.6040 0.0030 -0.0215 30 0 0 0
0.5840 0.0033 -0.0210 30 0 0 0
0.5900 0.0037 -0.0205 30 0 0 0
0.5900 0.0037 -0.0205 30 0 0 0
0.5900 0.0037 -0.0205 30 0 0 0
0.5480 0.0046 -0.0204 30 0 0 0
0.5480 0.0046 -0.0204 30 0 0 0
0.5480 0.0046 -0.0204 30 0 0 0
0.5480 0.0046 -0.0204 30 0 0 0
0.5480 0.0046 -0.0204 30 0 0 0
0.5480 0.0046 -0.0204 30 0 0 0
0.5480 0.0046 -0.0204 30 0 0 0
0.5660 0.0057 -0.0200 30 0 0 0
0.5660 0.0057 -0.0200 30 0 0 0
0.5780 0.0060 -0.0195 30 0 0 0
0.5780 0.0060 -0.0195 30 0 0 0
0.5780 0.0060 -0.0195 30 0 0 0
0.5780 0.0060 -0.0195 30 0 0 0
0.5780 0.0060 -0.0195 30 0 0 0
0.5780 0.0060 -0.0195 30 0 0 0
0.5780 0.0060 -0.0195 30 0 0 0
0.5780 0.0060 -0.0195 30 0 0 0
0.5780 0.0060 -0.0195 30 0 0 0
0.5780 0.0062 -0.0196 30 0 0 0
0.5780 0.0062 -0.0196 30 0 0 0
0.5780 0.0062 -0.0196 30 0 0 0
0.5780 0.0062 -0.0196 30 0 0 0
0.5840 0.0065 -0.0185 30 0 0 0
0.5960 0.0063 -0.0175 30 0 0 0
0.5960 0.0063 -0.0175 30 0 0 0
0.5960 0.0063 -0.0175 30 0 0 0
0.5960 0.0063 -0.0175 30 0 0 0
0.5800 0.0055 -0.0162 30 0 0 0
0.5800 0.0055 -0.0162 30 0 0 0
0.5800 0.0055 -0.0162 30 0 0 0
0.5800 0.0055 -0.0162 30 0 0 0
0.5800 0.0055 -0.0162 30 0 0 0
0.5800 0.0055 -0.0162 30 0 0 0
0.5920 0.0040 -0.0158 30 0 0 0
0.5920 0.0040 -0.0158 30 0 0 0
0.6040 0.0034 -0.0164 30 0 0 0
0.6040 0.0034 -0.0164 30 0 0 0
0.6040 0.0034 -0.0164 30 0 0 0
0.6040 0.0034 -0.0164 30 0 0 0
0.6040 0.0034 -0.0164 30 0 0 0
0.6040 0.0034 -0.0164 30 0 0 0
0.5860 0.0031 -0.0168 30 0 0 0
0.5860 0.0031 -0.0168 30 0 0 0
0.5860 0.0031 -0.0168 30 0 0 0
0.5860 0.0031 -0.0168 30 0 0 0
0.5860 0.0031 -0.0168 0 0 0 0
0.6200 0.0050 -0.0087 0 30 0 0
0.5960 0.0050 -0.0087 0 30 0 0
0.6200 0.0030 -0.0089 0 30 0 0
0.5880 0.0027 -0.0081 0 30 0 0
0.5980 0.0027 -0.0081 0 30 0 0
0.5940 0.0038 -0.0073 0 30 0 0
0.5940 0.0038 -0.0073 0 30 0 0
0.5940 0.0038 -0.0073 0 30 0 0
0.5980 0.0035 -0.0085 0 30 0 0
0.5980 0.0035 -0.0085 0 30 0 0
0.6040 0.0031 -0.0086 0 30 0 0
0.6040 0.0031 -0.0086 0 30 0 0
0.6040 0.0031 -0.0086 0 30 0 0
0.6040 0.0031 -0.0086 0 30 0 0
0.6040 0.0031 -0.0086 0 30 0 0
0.5940 0.0026 -0.0090 0 30 0 0
0.5940 0.0026 -0.0090 0 30 0 0
0.5940 0.0026 -0.0090 0 30 0 0
0.5940 0.0026 -0.0090 0 30 0 0
0.5940 0.0026 -0.0090 0 30 0 0
0.6020 0.0023 -0.0082 0 30 0 0
0.6020 0.0023 -0.0082 0 30 0 0
0.5880 0.0018 -0.0078 0 30 0 0
0.5880 0.0018 -0.0078 0 30 0 0
0.5880 0.0018 -0.0078 0 30 0 0
0.5880 0.0018 -0.0078 0 30 0 0
0.5880 0.0018 -0.0078 0 30 0 0
0.6020 0.0012 -0.0069 0 30 0 0
0.6020 0.0012 -0.0069 0 30 0 0
0.6020 0.0012 -0.0069 0 30 0 0
0.6020 0.0012 -0.0069 0 30 0 0
0.6020 0.0012 -0.0069 0 30 0 0
0.6140 0.0011 -0.0059 0 30 0 0
0.6140 0.0011 -0.0059 0 30 0 0
0.6060 0.0015 -0.0051 0 0 0 0
0.6180 0.0019 -0.0045 0 -30 0 0
0.6000 0.0035 -0.0061 0 -30 0 0
0.6000 0.0060 -0.0058 0 -30 0 0
0.5740 0.0060 -0.0058 0 -30 0 0
0.5840 0.0083 -0.0108 0 -30 0 0
0.5840 0.0083 -0.0108 0 -30 0 0
0.5840 0.0094 -0.0101 0 -30 0 0
0.5840 0.0103 -0.0151 0 -30 0 0
0.5720 0.0106 -0.0160 0 -30 0 0
0.5720 0.0106 -0.0160 0 -30 0 0
0.5900 0.0107 -0.0169 0 -30 0 0
0.5900 0.0107 -0.0169 0 -30 0 0
0.5900 0.0107 -0.0169 0 -30 0 0
0.5860 0.0104 -0.0170 0 -30 0 0
0.5860 0.0104 -0.0170 0 -30 0 0
0.5860 0.0104 -0.0170 0 -30 0 0
0.5860 0.0098 -0.0163 0 -30 0 0
0.5600 0.0098 -0.0163 0 -30 0 0
0.5600 0.0098 -0.0163 0 -30 0 0
0.5600 0.0098 -0.0163 0 -30 0 0
0.5600 0.0098 -0.0163 0 -30 0 0
0.5800 0.0094 -0.0155 0 -30 0 0
0.5800 0.0094 -0.0155 0 -30 0 0
0.5800 0.0094 -0.0155 0 -30 0 0
0.5800 0.0094 -0.0155 0 -30 0 0
0.5940 0.0095 -0.0195 0 -30 0 0
0.5940 0.0095 -0.0195 0 -30 0 0
0.5940 0.0095 -0.0195 0 -30 0 0
0.5940 0.0095 -0.0195 0 -30 0 0
0.5840 0.0099 -0.0191 0 -30 0 0
0.5840 0.0099 -0.0191 0 -30 0 0
0.5840 0.0099 -0.0191 0 -30 0 0
0.5840 0.0099 -0.0191 0 -30 0 0
0.5840 0.0099 -0.0191 0 -30 0 0
0.5900 0.0101 -0.0214 0 -30 0 0
0.5900 0.0101 -0.0214 0 -30 0 0
0.5900 0.0101 -0.0214 0 -30 0 0
0.5900 0.0101 -0.0214 0 -30 0 0
0.5900 0.0101 -0.0214 0 -30 0 0
0.5740 0.0100 -0.0209 0 -30 0 0
0.5740 0.0100 -0.0209 0 -30 0 0
0.5740 0.0098 -0.0243 0 -30 0 0
0.5860 0.0098 -0.0243 0 -30 0 0
0.5860 0.0098 -0.0243 0 -30 0 0
0.5860 0.0098 -0.0243 0 -30 0 0
0.5860 0.0098 -0.0243 0 -30 0 0
0.5660 0.0094 -0.0289 0 -30 0 0
0.5660 0.0094 -0.0289 0 -30 0 0
0.5660 0.0094 -0.0289 0 -30 0 0
0.5660 0.0094 -0.0289 0 -30 0 0
0.5860 0.0093 -0.0286 0 0 0 0
0.6020 0.0083 -0.0287 0 0 0 -30
0.5800 0.0077 -0.0282 0 0 0 -30
0.5540 0.0068 -0.0277 0 0 0 -30
0.5540 0.0068 -0.0277 0 0 0 -30
0.5540 0.0068 -0.0277 0 0 0 -30
0.5640 0.0054 -0.0274 0 0 0 -30
0.5640 0.0054 -0.0274 0 0 0 -30
0.5640 0.0054 -0.0274 0 0 0 -30
0.5640 0.0054 -0.0274 0 0 0 -30
0.5820 0.0048 -0.0270 0 0 0 0
0.5840 0.0039 -0.0296 0 0 0 -30
0.5840 0.0049 -0.0293 0 0 0 -30
0.5820 0.0056 -0.0294 0 0 0 -30
0.5820 0.0056 -0.0294 0 0 0 0
0.5940 0.0031 -0.0409 0 0 0 30
0.5900 0.0031 -0.0409 0 0 0 30
0.5900 0.0053 -0.0404 0 0 0 30
0.5840 0.0085 -0.0409 0 0 0 0
0.5720 0.0085 -0.0418 0 0 0 30
0.5760 0.0085 -0.0418 0 0 0 30
0.5760 0.0081 -0.0420 0 0 0 30
0.5760 0.0081 -0.0420 0 0 0 30
0.5680 0.0080 -0.0432 0 0 0 30
0.5920 0.0087 -0.0420 0 0 0 0
0.5800 0.0070 -0.0392 0 0 0 30
0.5660 0.0070 -0.0392 0 0 0 30
0.5700 0.0080 -0.0388 0 0 0 30
0.5680 0.0093 -0.0388 0 0 0 0
0.5880 0.0099 -0.0396 0 0 0 30
0.5900 0.0104 -0.0429 0 0 0 30
0.5820 0.0104 -0.0429 0 0 0 30
0.5820 0.0104 -0.0429 0 0 0 30
0.5820 0.0104 -0.0429 0 0 0 0
0.5900 0.0089 -0.0439 0 0 0 30
0.5760 0.0081 -0.0457 0 0 0 30
0.5780 0.0073 -0.0458 0 0 0 30
0.5720 0.0064 -0.0443 0 0 0 30
0.5600 0.0083 -0.0400 0 0 0 30
0.5600 0.0081 -0.0409 0 0 0 30
0.5700 0.0081 -0.0409 0 0 0 0
0.5660 0.0049 -0.0179 0 30 0 0
0.5780 0.0047 -0.0188 0 30 0 0
0.5780 0.0047 -0.0188 0 30 0 0
0.5620 0.0045 -0.0220 0 30 0 0
0.5620 0.0045 -0.0220 0 30 0 0
0.5680 0.0049 -0.0222 0 30 0 0
0.5800 0.0064 -0.0233 0 30 0 0
0.6040 0.0064 -0.0221 0 30 0 0
0.5800 0.0058 -0.0216 0 30 0 0
0.5800 0.0058 -0.0216 0 30 0 0
0.5800 0.0058 -0.0216 0 30 0 0
0.5800 0.0058 -0.0216 0 30 0 0
0.5820 0.0056 -0.0134 0 30 0 0
0.5820 0.0056 -0.0134 0 30 0 0
0.5820 0.0056 -0.0134 0 30 0 0
0.5820 0.0056 -0.0134 0 30 0 0
0.5780 0.0060 -0.0126 0 30 0 0
0.5780 0.0060 -0.0126 0 30 0 0
0.5780 0.0060 -0.0126 0 30 0 0
0.5780 0.0060 -0.0126 0 30 0 0
0.5640 0.0067 -0.0140 0 30 0 0
0.5640 0.0067 -0.0140 0 30 0 0
0.5640 0.0067 -0.0140 0 30 0 0
0.5640 0.0067 -0.0140 0 30 0 0
0.5640 0.0067 -0.0140 0 30 0 0
0.5660 0.0074 -0.0124 0 30 0 0
0.5660 0.0074 -0.0124 0 30 0 0
0.5660 0.0074 -0.0124 0 30 0 0
0.5660 0.0074 -0.0124 0 30 0 0
0.5660 0.0081 -0.0122 0 30 0 0
0.5720 0.0081 -0.0122 0 30 0 0
0.5720 0.0081 -0.0122 0 30 0 0
0.5720 0.0081 -0.0122 0 30 0 0
0.5720 0.0081 -0.0122 0 0 0 0
0.5620 0.0079 -0.0143 -30 0 0 0
0.5700 0.0074 -0.0120 -30 0 0 0
0.5700 0.0069 -0.0127 -30 0 0 0
0.5740 0.0068 -0.0126 -30 0 0 0
0.5820 0.0076 -0.0146 -30 0 0 0
0.5820 0.0079 -0.0185 -30 0 0 0
0.5940 0.0080 -0.0175 -30 0 0 0
0.5920 0.0081 -0.0190 -30 0 0 0
0.5920 0.0081 -0.0190 -30 0 0 0
0.5920 0.0081 -0.0190 -30 0 0 0
0.5920 0.0081 -0.0190 -30 0 0 0
0.5940 0.0081 -0.0200 -30 0 0 0
0.5940 0.0081 -0.0200 -30 0 0 0
0.5940 0.0081 -0.0200 -30 0 0 0
0.5940 0.0081 -0.0200 -30 0 0 0
0.6020 0.0082 -0.0198 -30 0 0 0
0.6020 0.0082 -0.0198 -30 0 0 0
0.6020 0.0082 -0.0198 -30 0 0 0
0.6020 0.0082 -0.0198 -30 0 0 0
0.6000 0.0084 -0.0195 -30 0 0 0
0.6000 0.0084 -0.0195 -30 0 0 0
0.6000 0.0084 -0.0195 -30 0 0 0
0.6000 0.0084 -0.0195 -30 0 0 0
0.6000 0.0084 -0.0195 -30 0 0 0
0.6000 0.0090 -0.0192 -30 0 0 0
0.6000 0.0090 -0.0192 -30 0 0 0
0.6000 0.0090 -0.0192 -30 0 0 0
0.6000 0.0090 -0.0192 0 0 0 0
0.5820 0.0106 -0.0278 -30 0 0 0
0.6080 0.0105 -0.0276 -30 0 0 0
0.5980 0.0102 -0.0287 -30 0 0 0
0.5980 0.0094 -0.0279 -30 0 0 0
0.5860 0.0094 -0.0279 -30 0 0 0
0.5860 0.0094 -0.0279 -30 0 0 0
0.5860 0.0094 -0.0279 -30 0 0 0
0.5860 0.0094 -0.0279 -30 0 0 0
0.5860 0.0094 -0.0279 -30 0 0 0
0.5800 0.0082 -0.0278 -30 0 0 0
0.5800 0.0082 -0.0278 -30 0 0 0
0.5800 0.0082 -0.0278 -30 0 0 0
0.5800 0.0082 -0.0278 -30 0 0 0
0.5800 0.0082 -0.0278 -30 0 0 0
0.5800 0.0082 -0.0278 -30 0 0 0
0.5920 0.0074 -0.0273 -30 0 0 0
0.5920 0.0074 -0.0273 -30 0 0 0
0.5900 0.0068 -0.0265 -30 0 0 0
0.5900 0.0068 -0.0265 -30 0 0 0
0.5880 0.0070 -0.0259 -30 0 0 0
0.5880 0.0070 -0.0259 -30 0 0 0
0.5880 0.0070 -0.0259 -30 0 0 0
0.5860 0.0074 -0.0253 -30 0 0 0
0.5860 0.0074 -0.0253 -30 0 0 0
0.5860 0.0074 -0.0253 -30 0 0 0
0.5860 0.0074 -0.0253 -30 0 0 0
0.5860 0.0074 -0.0253 -30 0 0 0
0.5860 0.0074 -0.0253 -30 0 0 0
0.5820 0.0081 -0.0233 -30 0 0 0
0.5820 0.0081 -0.0233 -30 0 0 0
0.5820 0.0081 -0.0233 -30 0 0 0
0.5900 0.0085 -0.0236 -30 0 0 0
0.5900 0.0085 -0.0236 -30 0 0 0
0.5900 0.0085 -0.0236 -30 0 0 0
0.5900 0.0090 -0.0228 -30 0 0 0
0.5880 0.0090 -0.0228 -30 0 0 0
0.5880 0.0090 -0.0228 -30 0 0 0
0.5880 0.0090 -0.0228 -30 0 0 0
0.5880 0.0090 -0.0228 -30 0 0 0
0.5880 0.0090 -0.0228 -30 0 0 0
0.5880 0.0090 -0.0228 -30 0 0 0
0.5880 0.0090 -0.0228 -30 0 0 0
0.5880 0.0090 -0.0228 -30 0 0 0
0.5880 0.0090 -0.0228 -30 0 0 0
0.5920 0.0094 -0.0231 -30 0 0 0
0.5920 0.0094 -0.0231 -30 0 0 0
0.5940 0.0095 -0.0239 -30 0 0 0
0.5820 0.0093 -0.0241 -30 0 0 0
0.5820 0.0093 -0.0241 -30 0 0 0
0.5820 0.0093 -0.0241 -30 0 0 0
0.5820 0.0093 -0.0241 -30 0 0 0
0.5820 0.0093 -0.0241 -30 0 0 0
0.5820 0.0093 -0.0241 -30 0 0 0
0.5820 0.0093 -0.0241 -30 0 0 0
0.5800 0.0087 -0.0242 -30 0 0 0
0.5800 0.0087 -0.0242 -30 0 0 0
0.5800 0.0087 -0.0242 -30 0 0 0
0.5760 0.0082 -0.0242 -30 0 0 0
0.5760 0.0082 -0.0242 -30 0 0 0
0.5760 0.0082 -0.0242 -30 0 0 0
0.5760 0.0082 -0.0242 -30 0 0 0
0.5760 0.0078 -0.0229 -30 0 0 0
0.6180 0.0078 -0.0229 -30 0 0 0
0.6180 0.0078 -0.0229 -30 0 0 0
0.6180 0.0078 -0.0229 -30 0 0 0
0.6180 0.0078 -0.0229 -30 0 0 0
0.6180 0.0078 -0.0229 -30 0 0 0
0.5980 0.0073 -0.0218 -30 0 0 0
0.5980 0.0073 -0.0218 -30 0 0 0
0.5980 0.0073 -0.0218 -30 0 0 0
0.5900 0.0074 -0.0207 -30 0 0 0
0.5900 0.0074 -0.0207 -30 0 0 0
0.5900 0.0074 -0.0207 -30 0 0 0
0.5900 0.0074 -0.0207 -30 0 0 0
0.5860 0.0079 -0.0204 0 0 0 0
0.5760 0.0089 -0.0185 -30 0 0 0
0.5920 0.0089 -0.0185 -30 0 0 0
0.5860 0.0085 -0.0214 -30 0 0 0
0.5860 0.0078 -0.0209 -30 0 0 0
0.5740 0.0068 -0.0252 -30 0 0 0
0.5700 0.0057 -0.0253 -30 0 0 0
0.5800 0.0066 -0.0294 -30 0 0 0
0.5800 0.0066 -0.0294 -30 0 0 0
0.5800 0.0066 -0.0294 -30 0 0 0
0.5820 0.0079 -0.0322 -30 0 0 0
0.5820 0.0079 -0.0322 -30 0 0 0
0.5820 0.0079 -0.0322 -30 0 0 0
0.5700 0.0089 -0.0335 -30 0 0 0
0.5700 0.0089 -0.0335 -30 0 0 0
0.5700 0.0089 -0.0335 -30 0 0 0
0.5700 0.0089 -0.0335 0 0 0 0
0.5920 0.0101 -0.0344 -30 0 0 0
0.5780 0.0096 -0.0350 -30 0 0 0
0.5880 0.0091 -0.0350 -30 0 0 0
0.5820 0.0086 -0.0362 -30 0 0 0
0.5820 0.0086 -0.0362 -30 0 0 0
0.5880 0.0082 -0.0360 -30 0 0 0
0.5800 0.0082 -0.0343 -30 0 0 0
0.5800 0.0082 -0.0343 -30 0 0 0
0.5660 0.0090 -0.0316 -30 0 0 0
0.5660 0.0090 -0.0316 -30 0 0 0
0.5960 0.0094 -0.0351 -30 0 0 0
0.5960 0.0094 -0.0351 -30 0 0 0
0.5960 0.0094 -0.0351 -30 0 0 0
0.5960 0.0094 -0.0351 0 0 0 0
0.5900 0.0104 -0.0429 0 30 0 0
0.5720 0.0099 -0.0420 0 30 0 0
0.5780 0.0089 -0.0471 0 30 0 0
0.5800 0.0073 -0.0485 0 30 0 0
0.5800 0.0051 -0.0512 0 30 0 0
0.5680 0.0041 -0.0561 0 30 0 0
0.5820 0.0031 -0.0557 0 30 0 0
0.5880 0.0031 -0.0557 0 30 0 0
0.5880 0.0031 -0.0557 0 30 0 0
0.5880 0.0031 -0.0557 0 30 0 0
0.5880 0.0031 -0.0557 0 30 0 0
0.5900 0.0026 -0.0569 0 30 0 0
0.5900 0.0026 -0.0569 0 30 0 0
0.5860 0.0029 -0.0580 0 30 0 0
0.5860 0.0029 -0.0580 0 0 0 0
