0.6360 2.2363 0.0708 0 0 0 -10
0.7100 2.2367 0.0723 0 0 0 -10
0.7040 2.2371 0.0772 0 0 0 -10
0.7040 2.2371 0.0772 0 0 0 0
0.6720 2.2378 0.0753 0 0 0 -10
0.6960 2.2379 0.0755 0 0 0 -10
0.7060 2.2375 0.0780 0 0 0 0
0.6980 2.2381 0.0865 0 0 0 -10
0.6940 2.2390 0.0808 0 0 0 0
0.7080 2.2397 0.0751 0 0 0 -10
0.7180 2.2379 0.0741 0 0 0 0
0.7080 2.2373 0.0722 0 0 0 -10
0.7180 2.2388 0.0642 0 0 0 -10
0.7020 2.2387 0.0642 0 0 0 0
0.7000 2.2391 0.0617 0 0 0 -10
0.6940 2.2388 0.0552 0 0 0 -10
0.6980 2.2386 0.0588 0 0 0 0
0.6920 2.2385 0.0624 0 0 0 -10
0.7020 2.2383 0.0563 0 0 0 -10
0.7080 2.2383 0.0555 0 0 0 0
0.7040 2.2381 0.0500 0 0 0 -10
0.6980 2.2387 0.0479 0 0 0 -10
0.6920 2.2384 0.0471 0 0 0 0
0.6980 2.2382 0.0416 0 0 0 -10
0.7300 2.2384 0.0388 0 0 0 0
0.7320 2.2393 0.0405 0 0 0 -10
0.7300 2.2386 0.0419 0 0 0 -10
0.7220 2.2386 0.0419 0 0 0 0
0.7060 2.2390 0.0510 0 0 0 0
0.7080 2.2387 0.0520 0 0 0 0
0.7140 2.2382 0.0475 0 0 0 -10
0.7260 2.2384 0.0539 0 0 0 -10
0.7260 2.2384 0.0539 0 0 0 0
0.7120 2.2387 0.0518 0 0 0 -10
0.7140 2.2385 0.0549 0 0 0 -10
0.7160 2.2388 0.0435 0 0 0 0
0.7300 2.2384 0.0384 0 0 0 0
0.7480 2.2381 0.0332 0 0 0 -10
0.7240 2.2378 0.0300 0 0 0 0
0.7360 2.2365 0.0316 0 0 0 -10
0.7320 2.2386 0.0345 0 0 0 -10
0.7300 2.2385 0.0396 0 0 0 0
0.7200 2.2382 0.0326 0 0 0 -10
0.7260 2.2387 0.0286 0 0 0 -10
0.7180 2.2367 0.0233 0 0 0 0
0.7160 2.2377 0.0193 0 0 0 -10
0.7140 2.2391 0.0117 0 0 0 0
0.7180 2.2372 0.0163 0 0 0 -10
0.7060 2.2370 0.0185 0 0 0 0
0.7160 2.2381 0.0201 0 0 0 -10
0.7240 2.2370 0.0124 0 0 0 0
0.7180 2.2379 0.0152 0 0 0 -10
0.7140 2.2381 0.0177 0 0 0 -10
0.7240 2.2374 0.0163 0 0 0 0
0.7200 2.2368 0.0096 0 0 0 -10
0.7220 2.2366 0.0060 0 0 0 0
0.7320 2.2377 0.0019 0 0 0 -10
0.6940 2.2371 0.0024 0 0 0 0
0.6960 2.2376 -0.0183 0 0 0 -10
0.7060 2.2381 -0.0153 0 0 0 0
0.7020 2.2382 -0.0248 0 0 0 10
0.6960 2.2372 -0.0336 0 0 0 0
0.7040 2.2376 -0.0130 0 0 0 10
0.7080 2.2370 -0.0152 0 0 0 0
0.7140 2.2376 -0.0123 0 0 -10 0
0.7000 2.2376 -0.0190 0 0 -10 0
0.6980 2.2375 -0.0185 0 0 0 0
0.7340 2.2375 -0.0120 0 0 0 0
0.6880 2.2361 -0.0039 0 0 -10 0
0.7040 2.2351 -0.0026 0 0 0 0
0.7100 2.2350 -0.0043 0 0 -10 0
0.7140 2.2345 -0.0092 0 0 0 0
0.7020 2.2331 -0.0156 0 0 -10 0
0.6980 2.2334 -0.0101 0 0 0 0
0.7120 2.2323 -0.0032 0 0 10 0
0.6940 2.2322 -0.0058 0 0 0 0
0.6920 2.2341 -0.0125 0 0 10 0
0.6800 2.2331 -0.0152 0 0 10 0
0.6980 2.2329 -0.0113 0 0 0 0
0.7040 2.2320 -0.0173 0 0 10 0
0.7020 2.2333 -0.0108 0 0 10 0
0.7160 2.2343 -0.0074 0 0 10 0
0.7120 2.2344 -0.0069 0 0 0 0
