0.5660 2.2353 0.2986 0 0 0 -10
0.5680 2.2349 0.3009 0 0 0 -10
0.5680 2.2342 0.3024 0 0 0 -10
0.5720 2.2344 0.3030 0 0 0 -10
0.5720 2.2344 0.3030 0 0 0 -10
0.5680 2.2341 0.3059 0 0 0 -10
0.5600 2.2340 0.3049 0 0 0 -10
0.5680 2.2342 0.3023 0 0 0 -10
0.5680 2.2342 0.3023 0 0 0 -10
0.5440 2.2345 0.2982 0 0 0 -10
0.5440 2.2345 0.2982 0 0 0 -10
0.5740 2.2347 0.2953 0 0 0 -10
0.5680 2.2350 0.2969 0 0 0 -10
0.5660 2.2358 0.2953 0 0 0 -10
0.5620 2.2359 0.2935 0 0 0 -10
0.5620 2.2359 0.2935 0 0 0 -10
0.5840 2.2359 0.2897 0 0 0 -10
0.5840 2.2359 0.2897 0 0 0 -10
0.5760 2.2357 0.2860 0 0 0 -10
0.5760 2.2355 0.2779 0 0 0 -10
0.5780 2.2357 0.2766 0 0 0 -10
0.5680 2.2354 0.2757 0 0 0 -10
0.5680 2.2354 0.2757 0 0 0 -10
0.5460 2.2347 0.2682 0 0 0 -10
0.5460 2.2347 0.2682 0 0 0 -10
0.5700 2.2348 0.2705 0 0 0 -10
0.5620 2.2348 0.2685 0 0 0 -10
0.5620 2.2348 0.2685 0 0 0 -10
0.5620 2.2352 0.2669 0 0 0 -10
0.5520 2.2352 0.2655 0 0 0 -10
0.5320 2.2351 0.2638 0 0 0 -10
0.5460 2.2352 0.2580 0 0 0 -10
0.5560 2.2352 0.2553 0 0 0 -10
0.5340 2.2349 0.2535 0 0 0 -10
0.5540 2.2349 0.2502 0 0 0 -10
0.5540 2.2349 0.2502 0 0 0 -10
0.5840 2.2341 0.2491 0 0 0 -10
0.5320 2.2333 0.2459 0 0 0 -10
0.5440 2.2332 0.2413 0 0 0 -10
0.5440 2.2335 0.2387 0 0 0 -10
0.5560 2.2335 0.2387 0 0 0 -10
0.5680 2.2338 0.2352 0 0 0 -10
0.5760 2.2347 0.2326 0 0 0 -10
0.5920 2.2356 0.2319 0 0 0 -10
0.5740 2.2356 0.2308 0 0 0 -10
0.5740 2.2352 0.2306 0 0 0 -10
0.5740 2.2352 0.2306 0 0 0 -10
0.6000 2.2354 0.2330 0 0 0 -10
0.5840 2.2359 0.2344 0 0 0 -10
0.5800 2.2367 0.2312 0 0 0 -10
0.5760 2.2371 0.2283 0 0 0 -10
0.5820 2.2368 0.2250 0 0 0 -10
0.5820 2.2368 0.2250 0 0 0 -10
0.5740 2.2362 0.2239 0 0 0 -10
0.5860 2.2365 0.2223 0 0 0 -10
0.5800 2.2370 0.2203 0 0 0 -10
0.5900 2.2377 0.2197 0 0 0 -10
0.5920 2.2376 0.2166 0 0 0 -10
0.5680 2.2375 0.2215 0 0 0 -10
0.5680 2.2375 0.2215 0 0 0 -10
0.5900 2.2368 0.2174 0 0 0 -10
0.5760 2.2360 0.2162 0 0 0 -10
0.5840 2.2353 0.2150 0 0 0 -10
0.5980 2.2351 0.2127 0 0 0 -10
0.5720 2.2356 0.2096 0 0 0 -10
0.5920 2.2354 0.2077 0 0 0 -10
0.5760 2.2350 0.2009 0 0 0 -10
0.5760 2.2350 0.2009 0 0 0 -10
0.5800 2.2343 0.1985 0 0 0 -10
0.5780 2.2339 0.1983 0 0 0 -10
0.5820 2.2338 0.2015 0 0 0 -10
0.6000 2.2347 0.2002 0 0 0 -10
0.5980 2.2353 0.1987 0 0 0 -10
0.5980 2.2353 0.1987 0 0 0 -10
0.5980 2.2352 0.1956 0 0 0 -10
0.5860 2.2353 0.1909 0 0 0 -10
0.5840 2.2354 0.1903 0 0 0 -10
0.6100 2.2357 0.1898 0 0 0 -10
0.5840 2.2363 0.1893 0 0 0 -10
0.5840 2.2363 0.1893 0 0 0 -10
0.6080 2.2363 0.1906 0 0 0 -10
0.6100 2.2359 0.1880 0 0 0 -10
0.5780 2.2355 0.1862 0 0 0 -10
0.5900 2.2357 0.1842 0 0 0 -10
0.5900 2.2357 0.1842 0 0 0 -10
0.6020 2.2365 0.1788 0 0 0 -10
0.5980 2.2365 0.1788 0 0 0 -10
0.5980 2.2367 0.1775 0 0 0 -10
0.5800 2.2361 0.1766 0 0 0 -10
0.5860 2.2363 0.1753 0 0 0 -10
0.5760 2.2363 0.1731 0 0 0 -10
0.5760 2.2363 0.1731 0 0 0 -10
0.5840 2.2369 0.1656 0 0 0 -10
0.5840 2.2369 0.1656 0 0 0 -10
0.5940 2.2372 0.1677 0 0 0 -10
0.5940 2.2372 0.1686 0 0 0 -10
0.5900 2.2363 0.1656 0 0 0 -10
0.5780 2.2357 0.1637 0 0 0 -10
0.5780 2.2357 0.1637 0 0 0 -10
0.5920 2.2348 0.1625 0 0 0 -10
0.5780 2.2350 0.1588 0 0 0 -10
0.6040 2.2352 0.1554 0 0 0 -10
0.6060 2.2356 0.1520 0 0 0 -10
0.6060 2.2364 0.1504 0 0 0 -10
0.6060 2.2364 0.1504 0 0 0 -10
0.6180 2.2361 0.1560 0 0 0 -10
0.6280 2.2357 0.1526 0 0 0 -10
0.6100 2.2352 0.1472 0 0 0 -10
0.6280 2.2353 0.1443 0 0 0 -10
0.6280 2.2353 0.1443 0 0 0 -10
0.6260 2.2366 0.1355 0 0 0 -10
0.6360 2.2366 0.1355 0 0 0 -10
0.6360 2.2368 0.1333 0 0 0 -10
0.6320 2.2370 0.1307 0 0 0 -10
0.6380 2.2366 0.1319 0 0 0 -10
0.6500 2.2367 0.1292 0 0 0 -10
0.6500 2.2367 0.1292 0 0 0 -10
0.6400 2.2361 0.1233 0 0 0 -10
0.6340 2.2361 0.1223 0 0 0 -10
0.6340 2.2361 0.1223 0 0 0 -10
0.6300 2.2365 0.1241 0 0 0 -10
0.6460 2.2370 0.1215 0 0 0 -10
0.6600 2.2367 0.1148 0 0 0 -10
0.6600 2.2367 0.1148 0 0 0 -10
0.6420 2.2362 0.1058 0 0 0 -10
0.6520 2.2361 0.1032 0 0 0 -10
0.6440 2.2360 0.1024 0 0 0 -10
0.6500 2.2361 0.1014 0 0 0 -10
0.6420 2.2358 0.0999 0 0 0 -10
0.6560 2.2353 0.0987 0 0 0 -10
0.6560 2.2358 0.0971 0 0 0 -10
0.6480 2.2356 0.0959 0 0 0 -10
0.6480 2.2358 0.0934 0 0 0 -10
0.6520 2.2358 0.0934 0 0 0 -10
0.6480 2.2359 0.0913 0 0 0 -10
0.6640 2.2356 0.0944 0 0 0 -10
0.6640 2.2352 0.0898 0 0 0 -10
0.6700 2.2349 0.0897 0 0 0 -10
0.6660 2.2348 0.0876 0 0 0 -10
0.6660 2.2348 0.0876 0 0 0 -10
0.6420 2.2349 0.0847 0 0 0 -10
0.6720 2.2352 0.0826 0 0 0 -10
0.6520 2.2352 0.0848 0 0 0 -10
0.6520 2.2352 0.0848 0 0 0 -10
0.6520 2.2351 0.0826 0 0 0 -10
0.6580 2.2355 0.0828 0 0 0 -10
0.6440 2.2356 0.0807 0 0 0 -10
0.6540 2.2357 0.0786 0 0 0 -10
0.6600 2.2360 0.0770 0 0 0 -10
0.6560 2.2365 0.0764 0 0 0 -10
0.6560 2.2365 0.0764 0 0 0 -10
0.6520 2.2367 0.0729 0 0 0 -10
0.6700 2.2375 0.0660 0 0 0 -10
0.6680 2.2372 0.0575 0 0 0 -10
0.6680 2.2372 0.0575 0 0 0 -10
0.6840 2.2371 0.0547 0 0 0 -10
0.6840 2.2371 0.0547 0 0 0 -10
0.6680 2.2372 0.0544 0 0 0 -10
0.6620 2.2370 0.0531 0 0 0 -10
0.6680 2.2372 0.0532 0 0 0 -10
0.6680 2.2372 0.0539 0 0 0 -10
0.6580 2.2372 0.0527 0 0 0 -10
0.6560 2.2372 0.0551 0 0 0 -10
0.6560 2.2372 0.0551 0 0 0 -10
0.6640 2.2368 0.0546 0 0 0 -10
0.6480 2.2363 0.0529 0 0 0 -10
0.6860 2.2361 0.0532 0 0 0 -10
0.6620 2.2359 0.0522 0 0 0 -10
0.6700 2.2360 0.0530 0 0 0 -10
0.6700 2.2360 0.0530 0 0 0 -10
0.6420 2.2363 0.0514 0 0 0 -10
0.6560 2.2368 0.0490 0 0 0 -10
0.6640 2.2366 0.0466 0 0 0 -10
0.6640 2.2366 0.0466 0 0 0 -10
0.6720 2.2361 0.0421 0 0 0 -10
0.6720 2.2361 0.0421 0 0 0 -10
0.6700 2.2361 0.0406 0 0 0 -10
0.6720 2.2363 0.0393 0 0 0 -10
0.6720 2.2365 0.0373 0 0 0 -10
0.6720 2.2365 0.0373 0 0 0 0
0.6740 2.2373 0.0296 0 0 0 -10
0.6800 2.2370 0.0254 0 0 0 0
0.7000 2.2363 0.0335 0 0 0 -10
0.6960 2.2361 0.0273 0 0 0 -10
0.6840 2.2362 0.0262 0 0 0 -10
0.6840 2.2362 0.0262 0 0 0 0
0.6780 2.2363 0.0225 0 0 0 -10
0.6660 2.2367 0.0190 0 0 0 0
0.6860 2.2369 0.0167 0 0 0 -10
0.6780 2.2371 0.0134 0 0 0 -10
0.6820 2.2370 0.0121 0 0 0 0
0.6800 2.2374 0.0101 0 0 0 -10
0.6760 2.2370 0.0064 0 0 0 -10
0.6780 2.2372 0.0049 0 0 0 0
0.6880 2.2373 0.0055 0 0 0 -10
0.7020 2.2375 0.0118 0 0 0 -10
0.7020 2.2375 0.0118 0 0 0 0
0.6860 2.2352 0.0033 0 0 0 -10
0.6940 2.2362 -0.0041 0 0 0 0
0.6760 2.2370 -0.0088 0 0 0 10
0.6780 2.2359 -0.0094 0 0 0 0
0.6920 2.2368 -0.0102 0 0 0 10
0.6760 2.2352 -0.0108 0 0 0 0
0.6720 2.2354 -0.0039 0 0 0 10
0.6780 2.2345 -0.0044 0 0 0 0
0.6780 2.2349 -0.0021 0 0 0 10
0.6800 2.2353 0.0009 0 0 0 0
0.6740 2.2358 0.0016 0 0 0 10
0.6580 2.2364 0.0063 0 0 0 0
0.6560 2.2353 0.0030 0 0 0 0
0.6980 2.2356 0.0302 0 0 -10 0
0.7100 2.2352 0.0262 0 0 -10 0
0.6940 2.2360 0.0319 0 0 -10 0
0.6980 2.2360 0.0319 0 0 0 0
0.6740 2.2359 0.0325 0 0 -10 0
0.6820 2.2365 0.0285 0 0 -10 0
0.6780 2.2361 0.0269 0 0 -10 0
0.6740 2.2356 0.0268 0 0 0 0
0.6900 2.2352 0.0200 0 0 -10 0
0.6880 2.2343 0.0227 0 0 -10 0
0.6880 2.2338 0.0227 0 0 0 0
0.7020 2.2331 0.0189 0 0 -10 0
0.6900 2.2319 0.0196 0 0 -10 0
0.6940 2.2318 0.0188 0 0 0 0
0.6860 2.2319 0.0235 0 0 -10 0
0.6960 2.2315 0.0241 0 0 0 0
0.7020 2.2311 0.0235 0 0 -10 0
0.6820 2.2303 0.0226 0 0 0 0
0.6760 2.2290 0.0082 0 0 0 -10
0.6780 2.2306 0.0118 0 0 0 -10
0.6800 2.2306 0.0141 0 0 0 -10
0.6780 2.2305 0.0144 0 0 0 0
0.6800 2.2294 0.0029 0 0 0 -10
0.6700 2.2295 0.0074 0 0 0 0
0.6680 2.2302 0.0014 0 0 10 0
0.6940 2.2295 0.0025 0 0 10 0
0.6960 2.2299 0.0008 0 0 10 0
0.6980 2.2299 0.0008 0 0 0 0
0.6940 2.2296 0.0092 0 0 10 0
0.6940 2.2306 0.0078 0 0 10 0
0.6840 2.2307 0.0079 0 0 0 0
0.7040 2.2315 0.0066 0 0 10 0
0.6900 2.2309 0.0040 0 0 10 0
0.6780 2.2306 0.0033 0 0 10 0
0.6900 2.2308 0.0032 0 0 0 0
0.6760 2.2302 0.0022 0 0 10 0
0.6800 2.2304 0.0029 0 0 10 0
0.6780 2.2315 0.0029 0 0 10 0
0.6800 2.2324 0.0012 0 0 10 0
0.6580 2.2324 0.0012 0 0 0 0
0.6660 2.2330 0.0020 0 0 10 0
0.6720 2.2327 0.0021 0 0 10 0
0.6500 2.2354 -0.0022 0 0 0 0
0.6780 2.2345 -0.0151 0 0 10 0
0.6660 2.2358 -0.0162 0 0 10 0
0.6760 2.2359 -0.0156 0 0 0 0
0.6740 2.2361 -0.0018 0 0 0 10
0.6780 2.2363 0.0001 0 0 0 10
0.6740 2.2380 -0.0010 0 0 0 0
0.6600 2.2382 0.0031 0 0 0 10
0.6660 2.2379 0.0057 0 0 0 0
0.6720 2.2367 0.0091 0 0 10 0
0.6620 2.2369 0.0061 0 0 10 0
0.6700 2.2373 0.0061 0 0 0 0
0.6560 2.2385 0.0130 0 0 -10 0
0.6660 2.2381 0.0126 0 0 -10 0
0.6680 2.2377 0.0089 0 0 0 0
0.6620 2.2385 0.0093 0 0 -10 0
0.6500 2.2390 0.0096 0 0 0 0
0.6780 2.2346 0.0115 0 0 -10 0
0.6880 2.2352 0.0107 0 0 -10 0
0.6900 2.2351 0.0086 0 0 0 0
0.6700 2.2361 0.0128 0 0 -10 0
0.6900 2.2361 0.0171 0 0 -10 0
0.6680 2.2356 0.0210 0 0 0 0
0.6880 2.2340 0.0267 0 0 0 -10
0.6680 2.2350 0.0186 0 0 0 -10
0.6740 2.2345 0.0176 0 0 0 0
0.6740 2.2340 0.0183 0 0 0 -10
0.6680 2.2343 0.0188 0 0 0 0
0.6860 2.2336 0.0152 0 0 0 -10
0.6680 2.2352 -0.0033 0 0 0 0
