0.6700 2.2343 0.0097 0 0 0 -10
0.6580 2.2335 0.0103 0 0 0 -10
0.6420 2.2334 0.0109 0 0 0 -10
0.6520 2.2333 0.0113 0 0 0 -10
0.6440 2.2328 0.0137 0 0 0 0
0.6320 2.2328 0.0128 0 0 0 -10
0.6400 2.2318 0.0089 0 0 0 -10
0.6520 2.2323 0.0107 0 0 0 0
0.6500 2.2338 -0.0002 0 0 0 -10
0.6560 2.2331 -0.0068 0 0 0 0
0.6420 2.2336 -0.0076 0 0 0 -10
0.6500 2.2346 -0.0080 0 0 0 -10
0.6520 2.2352 -0.0079 0 0 0 0
0.6580 2.2350 -0.0096 0 0 0 -10
0.6660 2.2348 -0.0124 0 0 0 -10
0.6620 2.2338 -0.0129 0 0 0 0
0.6720 2.2358 -0.0081 0 0 -10 0
0.6820 2.2352 -0.0081 0 0 -10 0
0.6860 2.2347 -0.0076 0 0 0 0
0.6740 2.2350 -0.0092 0 0 -10 0
0.6860 2.2338 -0.0114 0 0 -10 0
0.6700 2.2342 -0.0112 0 0 0 0
0.6680 2.2311 -0.0100 0 0 -10 0
0.6660 2.2310 0.0037 0 0 -10 0
0.6780 2.2314 0.0039 0 0 0 0
0.6920 2.2321 0.0066 0 0 0 -10
0.6540 2.2324 0.0106 0 0 0 0
0.6860 2.2305 0.0061 0 0 0 -10
0.6700 2.2317 0.0068 0 0 0 0
0.6540 2.2320 0.0054 0 0 0 -10
0.6880 2.2318 0.0072 0 0 0 -10
0.6880 2.2315 0.0074 0 0 0 0
0.6960 2.2300 0.0026 0 0 0 -10
0.6700 2.2301 0.0035 0 0 0 0
0.6340 2.2295 -0.0115 0 0 -10 0
0.6320 2.2288 -0.0074 0 0 -10 0
0.6580 2.2288 -0.0069 0 0 0 0
0.6700 2.2300 -0.0026 0 0 0 10
0.6620 2.2303 -0.0005 0 0 0 10
0.6820 2.2305 -0.0011 0 0 0 0
0.6920 2.2298 0.0003 0 0 0 0
0.6660 2.2302 0.0045 0 0 10 0
0.6580 2.2295 0.0034 0 0 10 0
0.6580 2.2277 0.0035 0 0 0 0
0.6720 2.2299 0.0067 0 0 10 0
0.6640 2.2297 0.0100 0 0 10 0
0.6420 2.2301 0.0081 0 0 0 0
0.6580 2.2304 0.0076 0 0 10 0
0.6540 2.2308 0.0050 0 0 10 0
0.6360 2.2309 -0.0042 0 0 0 0
0.6760 2.2313 -0.0025 0 0 10 0
0.6540 2.2320 0.0036 0 0 10 0
0.6600 2.2315 0.0012 0 0 0 0
0.6820 2.2327 0.0061 0 0 10 0
0.6680 2.2314 -0.0030 0 0 10 0
0.6560 2.2316 -0.0015 0 0 0 0
0.6600 2.2319 -0.0009 0 0 10 0
0.6580 2.2324 -0.0020 0 0 0 0
0.6500 2.2343 -0.0005 0 0 10 0
0.6500 2.2335 -0.0011 0 0 10 0
0.6640 2.2338 -0.0008 0 0 0 0
0.6760 2.2347 0.0035 0 0 10 0
0.6600 2.2354 -0.0006 0 0 10 0
0.6800 2.2357 -0.0009 0 0 0 0
0.6400 2.2365 -0.0055 0 0 10 0
0.6520 2.2367 -0.0087 0 0 10 0
0.6600 2.2360 -0.0152 0 0 0 0
0.6680 2.2379 -0.0156 0 0 10 0
0.6480 2.2372 -0.0132 0 0 10 0
0.6660 2.2378 -0.0115 0 0 0 0
0.6800 2.2374 -0.0143 0 0 10 0
0.6620 2.2381 -0.0095 0 0 10 0
0.6600 2.2380 -0.0079 0 0 0 0
0.6560 2.2378 -0.0134 0 0 10 0
0.6620 2.2389 -0.0137 0 0 10 0
0.6440 2.2394 -0.0141 0 0 0 0
0.6600 2.2377 -0.0140 0 0 10 0
0.6420 2.2393 -0.0202 0 0 10 0
0.6480 2.2393 -0.0202 0 0 0 0
0.6440 2.2420 -0.0174 0 0 10 0
0.6540 2.2421 -0.0105 0 0 10 0
0.6480 2.2419 -0.0101 0 0 0 0
0.6580 2.2436 0.0056 0 0 0 10
0.6400 2.2441 0.0020 0 0 0 10
0.6360 2.2442 0.0026 0 0 0 10
0.6480 2.2440 0.0018 0 0 0 0
0.6440 2.2429 0.0083 0 0 0 10
0.6440 2.2438 0.0068 0 0 0 10
0.6560 2.2436 0.0068 0 0 0 0
0.6400 2.2432 0.0091 0 0 -10 0
0.6480 2.2426 0.0149 0 0 -10 0
0.6480 2.2426 0.0149 0 0 -10 0
0.6600 2.2427 0.0157 0 0 0 0
0.6660 2.2427 0.0101 0 0 -10 0
0.6700 2.2441 0.0133 0 0 -10 0
0.6860 2.2440 0.0151 0 0 0 0
0.6800 2.2431 0.0196 0 0 -10 0
0.6520 2.2409 0.0184 0 0 -10 0
0.6680 2.2403 0.0182 0 0 -10 0
0.6680 2.2403 0.0182 0 0 0 0
0.6540 2.2409 0.0172 0 0 -10 0
0.6560 2.2394 0.0156 0 0 -10 0
0.6600 2.2392 0.0157 0 0 -10 0
0.6600 2.2392 0.0157 0 0 0 0
0.6700 2.2420 0.0160 0 0 -10 0
0.6820 2.2409 0.0172 0 0 -10 0
0.6900 2.2408 0.0173 0 0 -10 0
0.6740 2.2404 0.0153 0 0 0 0
0.6900 2.2376 0.0190 0 0 -10 0
0.6660 2.2377 0.0146 0 0 -10 0
0.6700 2.2378 0.0129 0 0 0 0
0.6520 2.2378 0.0119 0 0 -10 0
0.6620 2.2377 0.0104 0 0 -10 0
0.6620 2.2370 0.0118 0 0 0 0
0.6720 2.2359 0.0063 0 0 0 0
0.6800 2.2354 0.0085 0 0 0 -10
0.6860 2.2381 0.0047 0 0 0 0
