0.5620 2.2346 0.2359 0 0 0 -10
0.5820 2.2336 0.2442 0 0 0 -10
0.5820 2.2336 0.2442 0 0 0 -10
0.5820 2.2336 0.2442 0 0 0 -10
0.5820 2.2336 0.2442 0 0 0 -10
0.5800 2.2333 0.2495 0 0 0 -10
0.5520 2.2338 0.2477 0 0 0 -10
0.5620 2.2347 0.2458 0 0 0 -10
0.5620 2.2347 0.2458 0 0 0 -10
0.5580 2.2352 0.2476 0 0 0 -10
0.5640 2.2351 0.2446 0 0 0 -10
0.5760 2.2347 0.2494 0 0 0 -10
0.5800 2.2347 0.2493 0 0 0 -10
0.5800 2.2347 0.2493 0 0 0 -10
0.5500 2.2343 0.2481 0 0 0 -10
0.5680 2.2344 0.2421 0 0 0 -10
0.5720 2.2345 0.2373 0 0 0 -10
0.5660 2.2347 0.2343 0 0 0 -10
0.5520 2.2345 0.2292 0 0 0 -10
0.5580 2.2343 0.2269 0 0 0 -10
0.5820 2.2339 0.2263 0 0 0 -10
0.5900 2.2331 0.2221 0 0 0 -10
0.5800 2.2336 0.2162 0 0 0 -10
0.5900 2.2338 0.2136 0 0 0 -10
0.5800 2.2341 0.2079 0 0 0 -10
0.5800 2.2341 0.2079 0 0 0 -10
0.5760 2.2345 0.2035 0 0 0 -10
0.5580 2.2343 0.1993 0 0 0 -10
0.5600 2.2339 0.1966 0 0 0 -10
0.5840 2.2333 0.1951 0 0 0 -10
0.6000 2.2331 0.1922 0 0 0 -10
0.6040 2.2331 0.1881 0 0 0 -10
0.6040 2.2331 0.1881 0 0 0 -10
0.5820 2.2336 0.1864 0 0 0 -10
0.5840 2.2344 0.1837 0 0 0 -10
0.5760 2.2349 0.1813 0 0 0 -10
0.6020 2.2350 0.1774 0 0 0 -10
0.6020 2.2350 0.1774 0 0 0 -10
0.5900 2.2349 0.1783 0 0 0 -10
0.5720 2.2356 0.1758 0 0 0 -10
0.5980 2.2361 0.1740 0 0 0 -10
0.6100 2.2367 0.1691 0 0 0 -10
0.5940 2.2368 0.1662 0 0 0 -10
0.5920 2.2359 0.1613 0 0 0 -10
0.5780 2.2354 0.1605 0 0 0 -10
0.5900 2.2348 0.1618 0 0 0 -10
0.6140 2.2346 0.1604 0 0 0 -10
0.6260 2.2348 0.1593 0 0 0 -10
0.6080 2.2347 0.1605 0 0 0 -10
0.5900 2.2347 0.1586 0 0 0 -10
0.5900 2.2347 0.1586 0 0 0 -10
0.5940 2.2349 0.1570 0 0 0 -10
0.6060 2.2352 0.1543 0 0 0 -10
0.6000 2.2352 0.1518 0 0 0 -10
0.6000 2.2360 0.1452 0 0 0 -10
0.5980 2.2361 0.1427 0 0 0 -10
0.5960 2.2365 0.1441 0 0 0 -10
0.5960 2.2365 0.1441 0 0 0 -10
0.6020 2.2363 0.1416 0 0 0 -10
0.6180 2.2359 0.1404 0 0 0 -10
0.6080 2.2361 0.1386 0 0 0 -10
0.6020 2.2367 0.1353 0 0 0 -10
0.6120 2.2369 0.1327 0 0 0 -10
0.6060 2.2369 0.1336 0 0 0 -10
0.6060 2.2369 0.1336 0 0 0 -10
0.6200 2.2366 0.1333 0 0 0 -10
0.6200 2.2363 0.1323 0 0 0 -10
0.6180 2.2373 0.1335 0 0 0 -10
0.6180 2.2373 0.1335 0 0 0 -10
0.6120 2.2385 0.1319 0 0 0 -10
0.6220 2.2384 0.1294 0 0 0 -10
0.6240 2.2380 0.1255 0 0 0 -10
0.6100 2.2374 0.1241 0 0 0 -10
0.6140 2.2368 0.1205 0 0 0 -10
0.6180 2.2365 0.1178 0 0 0 -10
0.6180 2.2365 0.1178 0 0 0 -10
0.6320 2.2362 0.1148 0 0 0 -10
0.6180 2.2369 0.1155 0 0 0 -10
0.6040 2.2377 0.1135 0 0 0 -10
0.6500 2.2388 0.1099 0 0 0 -10
0.6080 2.2389 0.1129 0 0 0 -10
0.6080 2.2389 0.1129 0 0 0 -10
0.6000 2.2383 0.1109 0 0 0 -10
0.6020 2.2370 0.1082 0 0 0 -10
0.6240 2.2363 0.1063 0 0 0 -10
0.6060 2.2363 0.1053 0 0 0 -10
0.6060 2.2363 0.1053 0 0 0 -10
0.6000 2.2371 0.1022 0 0 0 -10
0.6320 2.2377 0.0965 0 0 0 -10
0.6340 2.2375 0.0932 0 0 0 -10
0.6400 2.2358 0.0844 0 0 0 -10
0.6220 2.2359 0.0814 0 0 0 -10
0.6220 2.2359 0.0814 0 0 0 -10
0.6540 2.2360 0.0785 0 0 0 -10
0.6300 2.2367 0.0755 0 0 0 -10
0.6300 2.2370 0.0733 0 0 0 -10
0.6520 2.2370 0.0728 0 0 0 -10
0.6520 2.2372 0.0707 0 0 0 -10
0.6280 2.2372 0.0707 0 0 0 -10
0.6260 2.2374 0.0677 0 0 0 -10
0.6380 2.2371 0.0657 0 0 0 -10
0.6600 2.2366 0.0650 0 0 0 -10
0.6520 2.2357 0.0630 0 0 0 -10
0.6300 2.2362 0.0630 0 0 0 -10
0.6280 2.2369 0.0600 0 0 0 -10
0.6540 2.2377 0.0568 0 0 0 -10
0.6460 2.2375 0.0538 0 0 0 -10
0.6460 2.2375 0.0538 0 0 0 -10
0.6500 2.2372 0.0509 0 0 0 -10
0.6460 2.2370 0.0475 0 0 0 -10
0.6380 2.2372 0.0468 0 0 0 0
0.6340 2.2364 0.0246 0 0 0 -10
0.6580 2.2377 0.0138 0 0 0 -10
0.6460 2.2374 0.0148 0 0 0 0
0.6440 2.2386 0.0170 0 0 0 -10
0.6620 2.2373 0.0112 0 0 0 0
0.6280 2.2379 0.0008 0 0 0 -10
0.6260 2.2387 -0.0111 0 0 0 0
0.6420 2.2395 -0.0256 0 0 0 -10
0.6560 2.2399 -0.0317 0 0 0 0
0.6560 2.2375 -0.0293 0 0 0 10
0.6420 2.2366 -0.0271 0 0 0 10
0.6640 2.2368 -0.0262 0 0 0 0
0.6500 2.2372 -0.0257 0 0 0 10
0.6420 2.2363 -0.0222 0 0 0 10
0.6340 2.2363 -0.0202 0 0 0 0
0.6740 2.2373 -0.0157 0 0 0 10
0.6640 2.2379 -0.0126 0 0 0 0
0.6600 2.2352 -0.0127 0 0 0 10
0.6820 2.2365 -0.0060 0 0 0 10
0.6500 2.2365 -0.0047 0 0 0 0
0.6660 2.2356 -0.0038 0 0 0 10
0.6540 2.2345 0.0007 0 0 0 10
0.6600 2.2354 -0.0003 0 0 0 0
0.6540 2.2358 -0.0018 0 0 0 10
0.6660 2.2361 0.0008 0 0 0 10
0.6580 2.2364 0.0041 0 0 0 0
0.6680 2.2351 0.0193 0 0 0 10
0.6640 2.2345 0.0203 0 0 0 0
0.6500 2.2356 0.0275 0 0 0 -10
0.6660 2.2367 0.0255 0 0 0 -10
0.6620 2.2366 0.0274 0 0 0 0
0.6800 2.2351 0.0224 0 0 0 -10
0.6620 2.2358 0.0258 0 0 0 0
0.6760 2.2356 0.0352 0 0 0 -10
0.6600 2.2372 0.0358 0 0 0 0
0.6480 2.2342 0.0321 0 0 0 -10
0.6580 2.2333 0.0307 0 0 0 -10
0.6640 2.2333 0.0307 0 0 0 0
0.6540 2.2346 0.0327 0 0 0 -10
0.6540 2.2345 0.0325 0 0 0 0
0.6640 2.2350 0.0341 0 0 0 -10
0.6840 2.2369 0.0352 0 0 0 0
0.6720 2.2346 0.0397 0 0 0 -10
0.6740 2.2338 0.0381 0 0 0 0
0.6700 2.2361 0.0313 0 0 0 -10
0.6760 2.2355 0.0257 0 0 0 0
0.6740 2.2370 0.0219 0 0 0 -10
0.6540 2.2363 0.0296 0 0 0 0
0.6620 2.2361 0.0249 0 0 0 0
0.6520 2.2368 0.0192 0 0 0 -10
0.6440 2.2354 0.0079 0 0 0 -10
0.6520 2.2358 0.0040 0 0 0 0
0.6460 2.2352 -0.0153 0 0 0 -10
0.6380 2.2367 -0.0165 0 0 0 0
0.6200 2.2359 -0.0292 0 0 0 10
0.6240 2.2369 -0.0286 0 0 0 10
0.6160 2.2370 -0.0261 0 0 0 0
0.6340 2.2374 -0.0176 0 0 0 10
0.6680 2.2361 -0.0188 0 0 0 0
0.6700 2.2361 -0.0161 0 0 0 10
0.6480 2.2356 -0.0086 0 0 0 0
0.6580 2.2363 -0.0115 0 0 -10 0
0.6380 2.2366 -0.0133 0 0 -10 0
0.6380 2.2363 -0.0116 0 0 0 0
0.6520 2.2350 -0.0091 0 0 -10 0
0.6440 2.2332 -0.0068 0 0 0 0
