0.5500 2.2313 0.2426 0 0 0 -10
0.5580 2.2315 0.2466 0 0 0 -10
0.5600 2.2320 0.2470 0 0 0 -10
0.5600 2.2322 0.2471 0 0 0 -10
0.5580 2.2326 0.2468 0 0 0 -10
0.5580 2.2326 0.2468 0 0 0 -10
0.5520 2.2329 0.2468 0 0 0 -10
0.5540 2.2331 0.2451 0 0 0 -10
0.5580 2.2329 0.2448 0 0 0 -10
0.5580 2.2329 0.2448 0 0 0 -10
0.5600 2.2325 0.2430 0 0 0 -10
0.5660 2.2328 0.2418 0 0 0 -10
0.5320 2.2334 0.2403 0 0 0 -10
0.5540 2.2333 0.2388 0 0 0 -10
0.5600 2.2327 0.2375 0 0 0 -10
0.5800 2.2320 0.2344 0 0 0 -10
0.5480 2.2311 0.2317 0 0 0 -10
0.5480 2.2311 0.2317 0 0 0 -10
0.5800 2.2312 0.2283 0 0 0 -10
0.5580 2.2312 0.2283 0 0 0 -10
0.5540 2.2328 0.2249 0 0 0 -10
0.5300 2.2336 0.2222 0 0 0 -10
0.5540 2.2332 0.2208 0 0 0 -10
0.5540 2.2332 0.2208 0 0 0 -10
0.5400 2.2316 0.2191 0 0 0 -10
0.5500 2.2316 0.2160 0 0 0 -10
0.5500 2.2316 0.2160 0 0 0 -10
0.5460 2.2326 0.2144 0 0 0 -10
0.5380 2.2338 0.2112 0 0 0 -10
0.5520 2.2344 0.2035 0 0 0 -10
0.5520 2.2332 0.1992 0 0 0 -10
0.5640 2.2332 0.1992 0 0 0 -10
0.5520 2.2324 0.1885 0 0 0 -10
0.5580 2.2324 0.1885 0 0 0 -10
0.5780 2.2332 0.1829 0 0 0 -10
0.5700 2.2341 0.1786 0 0 0 -10
0.5740 2.2348 0.1759 0 0 0 -10
0.5740 2.2348 0.1759 0 0 0 -10
0.5540 2.2354 0.1727 0 0 0 -10
0.5720 2.2351 0.1704 0 0 0 -10
0.5520 2.2347 0.1687 0 0 0 -10
0.5360 2.2338 0.1651 0 0 0 -10
0.5360 2.2338 0.1651 0 0 0 -10
0.5460 2.2351 0.1600 0 0 0 -10
0.5460 2.2351 0.1600 0 0 0 -10
0.5480 2.2362 0.1558 0 0 0 -10
0.5560 2.2361 0.1544 0 0 0 -10
0.5680 2.2352 0.1520 0 0 0 -10
0.5640 2.2344 0.1497 0 0 0 -10
0.5580 2.2344 0.1439 0 0 0 -10
0.5580 2.2344 0.1439 0 0 0 -10
0.5620 2.2355 0.1411 0 0 0 -10
0.5540 2.2364 0.1361 0 0 0 -10
0.5360 2.2357 0.1318 0 0 0 -10
0.5360 2.2357 0.1318 0 0 0 -10
0.5400 2.2348 0.1278 0 0 0 -10
0.5320 2.2339 0.1268 0 0 0 -10
0.5540 2.2332 0.1232 0 0 0 -10
0.5620 2.2334 0.1207 0 0 0 -10
0.5540 2.2346 0.1173 0 0 0 -10
0.5540 2.2346 0.1173 0 0 0 -10
0.5600 2.2356 0.1120 0 0 0 -10
0.5220 2.2355 0.1110 0 0 0 -10
0.5520 2.2341 0.1090 0 0 0 -10
0.5440 2.2332 0.1069 0 0 0 -10
0.5440 2.2332 0.1069 0 0 0 -10
0.5640 2.2333 0.1056 0 0 0 -10
0.5520 2.2340 0.1016 0 0 0 -10
0.5280 2.2349 0.1001 0 0 0 -10
0.5420 2.2356 0.0951 0 0 0 -10
0.5380 2.2355 0.0933 0 0 0 -10
0.5380 2.2355 0.0933 0 0 0 -10
0.5380 2.2347 0.0924 0 0 0 -10
0.5600 2.2338 0.0926 0 0 0 -10
0.5500 2.2335 0.0921 0 0 0 -10
0.5600 2.2342 0.0910 0 0 0 -10
0.5340 2.2355 0.0915 0 0 0 -10
0.5280 2.2364 0.0899 0 0 0 -10
0.5280 2.2364 0.0899 0 0 0 -10
0.5520 2.2370 0.0886 0 0 0 -10
0.5300 2.2368 0.0855 0 0 0 -10
0.5300 2.2360 0.0853 0 0 0 -10
0.5300 2.2360 0.0853 0 0 0 -10
0.5380 2.2353 0.0808 0 0 0 -10
0.5420 2.2352 0.0795 0 0 0 -10
0.5680 2.2358 0.0760 0 0 0 -10
0.5620 2.2369 0.0741 0 0 0 -10
0.5620 2.2369 0.0741 0 0 0 -10
0.5600 2.2379 0.0701 0 0 0 -10
0.5600 2.2379 0.0701 0 0 0 -10
0.5540 2.2373 0.0684 0 0 0 -10
0.5700 2.2368 0.0657 0 0 0 -10
0.5680 2.2353 0.0622 0 0 0 -10
0.5440 2.2350 0.0614 0 0 0 -10
0.5640 2.2354 0.0575 0 0 0 -10
0.5620 2.2366 0.0559 0 0 0 -10
0.5500 2.2370 0.0517 0 0 0 -10
0.5500 2.2370 0.0517 0 0 0 -10
0.5580 2.2364 0.0509 0 0 0 -10
0.5480 2.2354 0.0498 0 0 0 -10
0.5640 2.2358 0.0476 0 0 0 -10
0.5520 2.2360 0.0455 0 0 0 -10
0.5560 2.2363 0.0444 0 0 0 -10
0.5560 2.2363 0.0444 0 0 0 -10
0.5500 2.2367 0.0412 0 0 0 -10
0.5460 2.2365 0.0412 0 0 0 -10
0.5580 2.2356 0.0393 0 0 0 -10
0.5520 2.2355 0.0374 0 0 0 -10
0.5520 2.2355 0.0374 0 0 0 -10
0.5540 2.2358 0.0346 0 0 0 -10
0.5460 2.2360 0.0333 0 0 0 -10
0.5520 2.2360 0.0302 0 0 0 -10
0.5480 2.2354 0.0275 0 0 0 -10
0.5420 2.2351 0.0246 0 0 0 -10
0.5480 2.2349 0.0235 0 0 0 -10
0.5480 2.2349 0.0235 0 0 0 -10
0.5520 2.2347 0.0221 0 0 0 -10
0.5600 2.2359 0.0199 0 0 0 -10
0.5360 2.2373 0.0163 0 0 0 -10
0.5520 2.2377 0.0097 0 0 0 -10
0.5520 2.2377 0.0097 0 0 0 -10
0.5620 2.2369 0.0066 0 0 0 -10
0.5720 2.2355 0.0047 0 0 0 -10
0.5600 2.2346 0.0037 0 0 0 -10
0.5540 2.2353 0.0025 0 0 0 -10
0.5540 2.2353 0.0025 0 0 0 -10
0.5500 2.2371 -0.0002 0 0 0 -10
0.5620 2.2384 -0.0036 0 0 0 -10
0.5580 2.2388 -0.0061 0 0 0 -10
0.5540 2.2380 -0.0119 0 0 0 -10
0.5480 2.2366 -0.0136 0 0 0 -10
0.5480 2.2366 -0.0136 0 0 0 -10
0.5620 2.2346 -0.0202 0 0 0 -10
0.5620 2.2347 -0.0221 0 0 0 -10
0.5480 2.2347 -0.0221 0 0 0 -10
0.5580 2.2360 -0.0242 0 0 0 -10
0.5660 2.2366 -0.0235 0 0 0 -10
0.5640 2.2369 -0.0244 0 0 0 -10
0.5640 2.2369 -0.0244 0 0 0 -10
0.5560 2.2372 -0.0270 0 0 0 -10
0.5500 2.2371 -0.0285 0 0 0 -10
0.5500 2.2371 -0.0285 0 0 0 -10
0.5680 2.2353 -0.0303 0 0 0 -10
0.5500 2.2347 -0.0332 0 0 0 -10
0.5540 2.2348 -0.0348 0 0 0 -10
0.5540 2.2348 -0.0348 0 0 0 -10
0.5720 2.2366 -0.0392 0 0 0 -10
0.5720 2.2366 -0.0392 0 0 0 -10
0.5620 2.2368 -0.0424 0 0 0 -10
0.5520 2.2358 -0.0429 0 0 0 -10
0.5680 2.2350 -0.0443 0 0 0 -10
0.5580 2.2344 -0.0443 0 0 0 -10
0.5580 2.2344 -0.0443 0 0 0 -10
0.5880 2.2352 -0.0489 0 0 0 -10
0.5440 2.2359 -0.0490 0 0 0 -10
0.5420 2.2363 -0.0526 0 0 0 -10
0.5700 2.2361 -0.0559 0 0 0 -10
0.5400 2.2359 -0.0591 0 0 0 -10
0.5400 2.2356 -0.0587 0 0 0 0
0.5480 2.2374 -0.0670 0 0 0 -10
0.5460 2.2379 -0.0733 0 0 0 -10
0.5360 2.2373 -0.0765 0 0 0 -10
0.5520 2.2370 -0.0799 0 0 0 0
0.5420 2.2366 -0.0788 0 0 0 -10
0.5360 2.2370 -0.0850 0 0 0 0
0.5260 2.2358 -0.0987 0 0 0 -10
0.5420 2.2356 -0.0981 0 0 0 -10
0.5280 2.2361 -0.0962 0 0 0 0
0.5360 2.2340 -0.0979 0 0 0 10
0.5600 2.2322 -0.0966 0 0 0 0
0.5240 2.2330 -0.0970 0 0 0 10
0.5460 2.2317 -0.0980 0 0 0 10
0.5460 2.2318 -0.0981 0 0 0 0
0.5400 2.2335 -0.0979 0 0 0 10
0.5520 2.2338 -0.0969 0 0 0 10
0.5340 2.2333 -0.0957 0 0 0 0
0.5440 2.2335 -0.0945 0 0 0 10
0.5420 2.2337 -0.0874 0 0 0 10
0.5320 2.2339 -0.0850 0 0 0 0
0.5580 2.2335 -0.0847 0 0 0 10
0.5600 2.2328 -0.0778 0 0 0 10
0.5580 2.2328 -0.0778 0 0 0 0
0.5560 2.2326 -0.0752 0 0 0 10
0.5660 2.2337 -0.0732 0 0 0 0
0.5620 2.2327 -0.0749 0 0 0 10
0.5700 2.2325 -0.0697 0 0 0 10
0.5360 2.2322 -0.0688 0 0 0 0
0.5640 2.2317 -0.0647 0 0 0 10
0.5680 2.2317 -0.0651 0 0 0 0
0.5580 2.2318 -0.0659 0 0 0 10
0.5800 2.2313 -0.0595 0 0 0 0
0.5760 2.2324 -0.0556 0 0 0 10
0.5620 2.2325 -0.0458 0 0 0 0
0.5800 2.2324 -0.0414 0 0 0 10
0.5700 2.2323 -0.0386 0 0 0 0
0.5960 2.2331 -0.0377 0 0 0 10
0.6120 2.2317 -0.0327 0 0 0 0
0.5760 2.2317 -0.0335 0 0 0 10
0.6000 2.2308 -0.0342 0 0 0 0
0.5940 2.2327 -0.0349 0 10 0 0
0.5860 2.2328 -0.0397 0 10 0 0
0.5840 2.2327 -0.0399 0 10 0 0
0.5860 2.2327 -0.0421 0 10 0 0
0.5920 2.2330 -0.0421 0 10 0 0
0.5920 2.2330 -0.0421 0 0 0 0
0.5920 2.2333 -0.0427 0 10 0 0
0.5760 2.2334 -0.0421 0 10 0 0
0.5760 2.2334 -0.0421 0 10 0 0
0.5740 2.2334 -0.0421 0 10 0 0
0.5820 2.2334 -0.0420 0 10 0 0
0.5660 2.2333 -0.0436 0 10 0 0
0.5820 2.2329 -0.0432 0 10 0 0
0.5960 2.2325 -0.0430 0 10 0 0
0.6160 2.2322 -0.0426 0 10 0 0
0.6160 2.2322 -0.0426 0 10 0 0
0.5980 2.2334 -0.0425 0 0 0 0
0.5960 2.2341 -0.0422 0 10 0 0
0.5900 2.2324 -0.0400 0 10 0 0
0.5860 2.2330 -0.0400 0 10 0 0
0.5780 2.2342 -0.0390 0 10 0 0
0.5820 2.2349 -0.0391 0 10 0 0
0.5820 2.2349 -0.0391 0 10 0 0
0.5680 2.2347 -0.0401 0 10 0 0
0.5960 2.2345 -0.0402 0 10 0 0
0.5820 2.2344 -0.0400 0 10 0 0
0.5900 2.2348 -0.0406 0 10 0 0
0.5800 2.2351 -0.0422 0 10 0 0
0.5620 2.2358 -0.0423 0 0 0 0
0.5820 2.2343 -0.0378 10 0 0 0
0.5680 2.2351 -0.0409 10 0 0 0
0.5720 2.2337 -0.0380 10 0 0 0
0.5720 2.2337 -0.0380 10 0 0 0
0.5640 2.2346 -0.0324 10 0 0 0
0.5640 2.2348 -0.0325 10 0 0 0
0.5720 2.2348 -0.0325 0 0 0 0
0.5800 2.2344 -0.0333 10 0 0 0
0.5560 2.2338 -0.0329 10 0 0 0
0.5560 2.2338 -0.0329 10 0 0 0
0.5760 2.2348 -0.0327 10 0 0 0
0.5760 2.2348 -0.0327 10 0 0 0
0.5740 2.2352 -0.0321 0 0 0 0
0.5620 2.2345 -0.0335 10 0 0 0
0.5640 2.2339 -0.0379 10 0 0 0
0.5600 2.2341 -0.0402 10 0 0 0
0.5600 2.2341 -0.0402 10 0 0 0
0.5680 2.2333 -0.0415 10 0 0 0
0.5720 2.2332 -0.0410 10 0 0 0
0.5720 2.2332 -0.0410 0 0 0 0
0.5640 2.2341 -0.0415 10 0 0 0
0.5820 2.2331 -0.0434 10 0 0 0
0.5720 2.2331 -0.0434 10 0 0 0
0.5700 2.2326 -0.0430 10 0 0 0
0.5660 2.2328 -0.0434 10 0 0 0
0.5720 2.2329 -0.0429 10 0 0 0
0.5740 2.2334 -0.0446 10 0 0 0
0.5800 2.2336 -0.0449 10 0 0 0
0.5800 2.2336 -0.0449 10 0 0 0
0.5640 2.2332 -0.0443 10 0 0 0
0.5780 2.2331 -0.0450 0 0 0 0
0.5760 2.2335 -0.0458 10 0 0 0
0.5900 2.2331 -0.0460 10 0 0 0
0.5900 2.2331 -0.0460 10 0 0 0
0.5840 2.2338 -0.0456 10 0 0 0
0.5900 2.2339 -0.0448 10 0 0 0
0.5800 2.2338 -0.0435 10 0 0 0
0.5800 2.2338 -0.0435 10 0 0 0
0.5820 2.2337 -0.0424 10 0 0 0
0.5820 2.2337 -0.0424 10 0 0 0
0.5900 2.2338 -0.0414 10 0 0 0
0.5900 2.2336 -0.0398 10 0 0 0
0.5780 2.2335 -0.0392 10 0 0 0
0.5760 2.2332 -0.0376 10 0 0 0
0.5760 2.2332 -0.0376 10 0 0 0
0.5980 2.2324 -0.0388 10 0 0 0
0.5980 2.2324 -0.0388 0 0 0 0
0.6140 2.2331 -0.0224 10 0 0 0
0.5920 2.2333 -0.0265 10 0 0 0
0.6040 2.2330 -0.0333 10 0 0 0
0.5760 2.2321 -0.0356 10 0 0 0
0.5940 2.2321 -0.0352 0 0 0 0
0.5940 2.2338 -0.0365 -10 0 0 0
0.6000 2.2334 -0.0426 -10 0 0 0
0.5900 2.2338 -0.0440 -10 0 0 0
0.5820 2.2344 -0.0435 -10 0 0 0
0.5820 2.2344 -0.0435 0 0 0 0
0.5980 2.2347 -0.0413 -10 0 0 0
0.5880 2.2344 -0.0391 -10 0 0 0
0.5980 2.2345 -0.0392 -10 0 0 0
0.5840 2.2342 -0.0401 -10 0 0 0
0.6020 2.2341 -0.0387 0 0 0 0
0.5980 2.2333 -0.0388 -10 0 0 0
0.5680 2.2332 -0.0391 -10 0 0 0
0.5900 2.2332 -0.0385 -10 0 0 0
0.5900 2.2332 -0.0385 -10 0 0 0
0.5900 2.2334 -0.0394 -10 0 0 0
0.5900 2.2334 -0.0394 0 0 0 0
0.5700 2.2325 -0.0387 0 0 0 10
0.5800 2.2330 -0.0396 0 0 0 10
0.5640 2.2330 -0.0397 0 0 0 0
0.5840 2.2315 -0.0367 0 0 0 10
0.5820 2.2328 -0.0331 0 0 0 0
0.5700 2.2317 -0.0371 0 0 0 10
0.5780 2.2314 -0.0332 0 0 0 10
0.5780 2.2314 -0.0332 0 0 0 0
0.5600 2.2314 -0.0265 0 0 0 10
0.5700 2.2319 -0.0214 0 0 0 10
0.5740 2.2328 -0.0209 0 0 0 0
0.5780 2.2309 -0.0172 0 0 0 10
0.5860 2.2324 -0.0168 0 0 0 10
0.5680 2.2323 -0.0163 0 0 0 0
0.5680 2.2317 -0.0173 0 0 0 10
0.5800 2.2316 -0.0145 0 0 0 10
0.5840 2.2315 -0.0143 0 0 0 0
0.5860 2.2319 -0.0121 0 0 0 10
0.5620 2.2336 -0.0106 0 0 0 0
0.5720 2.2344 -0.0042 0 0 0 10
0.5560 2.2311 0.0003 0 0 0 0
0.5540 2.2319 0.0023 0 0 0 10
0.5700 2.2322 0.0031 0 0 0 0
0.5680 2.2333 0.0010 10 0 0 0
0.5480 2.2342 0.0071 10 0 0 0
0.5440 2.2341 0.0065 10 0 0 0
0.5440 2.2341 0.0065 10 0 0 0
0.5720 2.2342 0.0049 10 0 0 0
0.5720 2.2345 0.0052 10 0 0 0
0.5460 2.2347 0.0027 0 0 0 0
0.5740 2.2345 0.0027 10 0 0 0
0.5600 2.2354 -0.0020 10 0 0 0
0.5600 2.2354 -0.0036 10 0 0 0
0.5600 2.2354 -0.0036 10 0 0 0
0.5720 2.2355 -0.0033 10 0 0 0
0.5680 2.2354 -0.0055 10 0 0 0
0.5600 2.2351 -0.0052 0 0 0 0
0.5600 2.2354 -0.0059 10 0 0 0
0.5480 2.2350 -0.0050 10 0 0 0
0.5380 2.2349 -0.0032 10 0 0 0
0.5280 2.2352 -0.0022 10 0 0 0
0.5540 2.2358 -0.0016 10 0 0 0
0.5400 2.2366 -0.0012 10 0 0 0
0.5360 2.2370 -0.0009 10 0 0 0
0.5360 2.2370 -0.0009 0 0 0 0
0.5460 2.2377 0.0012 10 0 0 0
0.5760 2.2366 0.0039 10 0 0 0
0.5660 2.2365 0.0040 10 0 0 0
0.5660 2.2365 0.0040 10 0 0 0
0.5560 2.2370 0.0039 10 0 0 0
0.5560 2.2366 0.0043 10 0 0 0
0.5640 2.2360 0.0030 0 0 0 0
0.5500 2.2338 0.0025 10 0 0 0
0.5580 2.2338 0.0019 10 0 0 0
0.5580 2.2340 0.0020 10 0 0 0
0.5580 2.2340 0.0020 10 0 0 0
0.5560 2.2342 0.0021 10 0 0 0
0.5500 2.2338 0.0027 10 0 0 0
0.5420 2.2338 0.0030 10 0 0 0
0.5420 2.2338 0.0030 10 0 0 0
0.5640 2.2336 -0.0007 0 0 0 0
0.5620 2.2332 0.0015 10 0 0 0
0.5700 2.2326 0.0040 10 0 0 0
0.5700 2.2326 0.0040 10 0 0 0
0.5380 2.2322 0.0062 10 0 0 0
0.5380 2.2322 0.0062 10 0 0 0
0.5340 2.2320 0.0062 10 0 0 0
0.5440 2.2322 0.0066 10 0 0 0
0.5380 2.2320 0.0082 0 0 0 0
0.5620 2.2322 0.0089 10 0 0 0
0.5480 2.2330 0.0093 10 0 0 0
0.5540 2.2330 0.0093 10 0 0 0
0.5500 2.2325 0.0101 10 0 0 0
0.5540 2.2317 0.0099 10 0 0 0
0.5560 2.2316 0.0080 0 0 0 0
0.5500 2.2324 0.0071 10 0 0 0
0.5380 2.2327 0.0083 10 0 0 0
0.5580 2.2319 0.0082 10 0 0 0
0.5680 2.2315 0.0075 10 0 0 0
0.5680 2.2315 0.0075 0 0 0 0
0.5580 2.2319 0.0070 10 0 0 0
0.5600 2.2315 0.0069 10 0 0 0
0.5480 2.2315 0.0065 10 0 0 0
0.5400 2.2320 0.0069 0 0 0 0
0.5740 2.2330 0.0124 -10 0 0 0
0.5580 2.2310 0.0115 -10 0 0 0
0.5560 2.2313 0.0104 -10 0 0 0
0.5420 2.2319 0.0132 -10 0 0 0
0.5460 2.2319 0.0135 -10 0 0 0
0.5520 2.2316 0.0162 -10 0 0 0
0.5520 2.2315 0.0206 -10 0 0 0
0.5720 2.2311 0.0205 -10 0 0 0
0.5260 2.2304 0.0231 -10 0 0 0
0.5260 2.2304 0.0231 -10 0 0 0
0.5440 2.2305 0.0251 -10 0 0 0
0.5440 2.2305 0.0251 -10 0 0 0
0.5500 2.2315 0.0234 -10 0 0 0
0.5520 2.2324 0.0257 -10 0 0 0
0.5520 2.2324 0.0257 -10 0 0 0
0.5440 2.2325 0.0257 -10 0 0 0
0.5520 2.2327 0.0258 -10 0 0 0
0.5240 2.2328 0.0255 -10 0 0 0
0.5400 2.2328 0.0276 -10 0 0 0
0.5400 2.2328 0.0276 -10 0 0 0
0.5060 2.2325 0.0276 -10 0 0 0
0.5360 2.2325 0.0278 -10 0 0 0
0.5280 2.2325 0.0285 0 0 0 0
0.5400 2.2331 0.0277 -10 0 0 0
0.5360 2.2318 0.0278 -10 0 0 0
0.5260 2.2317 0.0276 -10 0 0 0
0.5080 2.2318 0.0273 -10 0 0 0
0.5080 2.2318 0.0273 -10 0 0 0
0.5240 2.2324 0.0261 -10 0 0 0
0.5240 2.2324 0.0261 -10 0 0 0
0.5240 2.2336 0.0229 -10 0 0 0
0.5240 2.2336 0.0229 -10 0 0 0
0.5260 2.2335 0.0219 -10 0 0 0
0.5380 2.2328 0.0204 -10 0 0 0
0.5380 2.2328 0.0204 -10 0 0 0
0.5300 2.2327 0.0198 -10 0 0 0
0.5340 2.2326 0.0195 -10 0 0 0
0.5180 2.2324 0.0186 -10 0 0 0
0.5180 2.2324 0.0186 -10 0 0 0
0.5340 2.2319 0.0174 -10 0 0 0
0.5360 2.2315 0.0185 -10 0 0 0
0.5320 2.2313 0.0181 -10 0 0 0
0.5240 2.2317 0.0196 -10 0 0 0
0.5380 2.2318 0.0192 -10 0 0 0
0.5380 2.2318 0.0192 -10 0 0 0
0.5320 2.2315 0.0215 -10 0 0 0
0.5060 2.2309 0.0213 -10 0 0 0
0.5040 2.2307 0.0217 -10 0 0 0
0.5080 2.2303 0.0208 0 0 0 0
0.5260 2.2300 0.0183 -10 0 0 0
0.5100 2.2326 0.0194 -10 0 0 0
0.5100 2.2326 0.0194 -10 0 0 0
0.5160 2.2321 0.0197 -10 0 0 0
0.5200 2.2311 0.0216 -10 0 0 0
0.5200 2.2305 0.0212 -10 0 0 0
0.5260 2.2307 0.0224 -10 0 0 0
0.5260 2.2310 0.0221 0 0 0 0
0.5340 2.2327 0.0212 -10 0 0 0
0.5160 2.2311 0.0193 -10 0 0 0
0.5200 2.2318 0.0193 -10 0 0 0
0.5080 2.2331 0.0170 -10 0 0 0
0.5300 2.2334 0.0161 0 0 0 0
0.5120 2.2332 0.0160 -10 0 0 0
0.5120 2.2318 0.0171 -10 0 0 0
0.5320 2.2318 0.0164 -10 0 0 0
0.5380 2.2315 0.0158 0 0 0 0
0.5220 2.2319 0.0137 -10 0 0 0
0.5080 2.2319 0.0151 -10 0 0 0
0.4980 2.2323 0.0145 -10 0 0 0
0.4980 2.2323 0.0145 -10 0 0 0
0.5180 2.2322 0.0142 0 0 0 0
0.5160 2.2302 0.0155 -10 0 0 0
0.5180 2.2304 0.0150 -10 0 0 0
0.4780 2.2306 0.0154 -10 0 0 0
0.4780 2.2306 0.0154 -10 0 0 0
0.5080 2.2311 0.0139 0 0 0 0
0.5160 2.2310 0.0115 -10 0 0 0
0.5140 2.2315 0.0114 -10 0 0 0
0.5240 2.2317 0.0109 -10 0 0 0
0.5320 2.2320 0.0096 0 0 0 0
0.5320 2.2323 0.0094 -10 0 0 0
0.5180 2.2318 0.0043 -10 0 0 0
0.4860 2.2323 0.0046 -10 0 0 0
0.5020 2.2326 0.0033 -10 0 0 0
0.5040 2.2324 0.0035 0 0 0 0
0.5000 2.2325 0.0052 -10 0 0 0
0.5040 2.2317 0.0032 -10 0 0 0
0.5160 2.2323 0.0034 -10 0 0 0
0.5040 2.2327 0.0043 0 0 0 0
0.4680 2.2337 0.0054 10 0 0 0
0.5140 2.2337 0.0033 10 0 0 0
0.4960 2.2350 -0.0004 10 0 0 0
0.4740 2.2350 -0.0025 10 0 0 0
0.4740 2.2350 -0.0025 10 0 0 0
0.4900 2.2343 -0.0032 10 0 0 0
0.4900 2.2343 -0.0032 0 0 0 0
0.4880 2.2343 -0.0031 10 0 0 0
0.4980 2.2350 -0.0004 10 0 0 0
0.4940 2.2347 -0.0003 10 0 0 0
0.4940 2.2347 -0.0003 10 0 0 0
0.4940 2.2345 -0.0009 10 0 0 0
0.4880 2.2347 -0.0006 10 0 0 0
0.4980 2.2344 0.0007 10 0 0 0
0.4760 2.2342 0.0010 0 0 0 0
0.5120 2.2336 0.0105 0 0 -10 0
0.4920 2.2347 0.0057 0 0 -10 0
0.4780 2.2356 0.0052 0 0 -10 0
0.5140 2.2357 0.0051 0 0 0 0
0.4680 2.2345 0.0045 0 0 -10 0
0.5100 2.2354 0.0045 0 0 -10 0
0.4960 2.2338 0.0038 0 0 0 0
0.4980 2.2326 0.0111 10 0 0 0
0.4800 2.2306 0.0097 10 0 0 0
0.4720 2.2297 0.0105 10 0 0 0
0.4920 2.2299 0.0100 10 0 0 0
0.4960 2.2304 0.0096 10 0 0 0
0.5060 2.2302 0.0057 0 0 0 0
0.4820 2.2296 0.0098 0 10 0 0
0.4740 2.2313 0.0144 0 10 0 0
0.4820 2.2322 0.0167 0 10 0 0
0.4900 2.2326 0.0162 0 10 0 0
0.4720 2.2332 0.0161 0 10 0 0
0.4960 2.2333 0.0167 0 10 0 0
0.4960 2.2337 0.0162 0 10 0 0
0.4940 2.2337 0.0162 0 10 0 0
0.4920 2.2333 0.0161 0 10 0 0
0.4880 2.2326 0.0162 0 10 0 0
0.4780 2.2322 0.0166 0 10 0 0
0.5000 2.2318 0.0164 0 10 0 0
0.5000 2.2318 0.0164 0 10 0 0
0.4860 2.2313 0.0161 0 10 0 0
0.4740 2.2318 0.0168 0 10 0 0
0.4740 2.2318 0.0168 0 10 0 0
0.4720 2.2320 0.0160 0 10 0 0
0.4880 2.2319 0.0181 0 10 0 0
0.4880 2.2319 0.0181 0 10 0 0
0.4700 2.2317 0.0175 0 10 0 0
0.4860 2.2316 0.0167 0 10 0 0
0.4820 2.2315 0.0146 0 10 0 0
0.4820 2.2315 0.0146 0 10 0 0
0.4720 2.2317 0.0142 0 10 0 0
0.4920 2.2323 0.0125 0 10 0 0
0.4920 2.2327 0.0121 0 10 0 0
0.4980 2.2327 0.0114 0 10 0 0
0.4980 2.2327 0.0114 0 10 0 0
0.4780 2.2319 0.0113 0 10 0 0
0.4780 2.2319 0.0113 0 10 0 0
0.5020 2.2318 0.0116 0 10 0 0
0.4980 2.2316 0.0118 0 10 0 0
0.4940 2.2319 0.0117 0 10 0 0
0.4880 2.2319 0.0110 0 10 0 0
0.4880 2.2319 0.0110 0 10 0 0
0.4800 2.2318 0.0101 0 10 0 0
0.4800 2.2318 0.0101 0 10 0 0
0.4660 2.2315 0.0095 0 10 0 0
0.4600 2.2311 0.0096 0 10 0 0
0.4780 2.2311 0.0108 0 10 0 0
0.4900 2.2316 0.0110 0 10 0 0
0.4900 2.2316 0.0110 0 10 0 0
0.4700 2.2318 0.0104 0 10 0 0
0.4640 2.2320 0.0103 0 10 0 0
0.4760 2.2322 0.0085 0 10 0 0
0.4960 2.2322 0.0071 0 10 0 0
0.4960 2.2322 0.0071 0 10 0 0
0.5000 2.2329 0.0072 0 10 0 0
0.4920 2.2334 0.0078 0 10 0 0
0.4900 2.2336 0.0079 0 10 0 0
0.4900 2.2341 0.0076 0 10 0 0
0.4900 2.2341 0.0076 0 10 0 0
0.4800 2.2344 0.0097 0 10 0 0
0.4800 2.2344 0.0097 0 10 0 0
0.4980 2.2341 0.0105 0 10 0 0
0.4940 2.2341 0.0103 0 10 0 0
0.5100 2.2333 0.0094 0 10 0 0
0.5060 2.2335 0.0097 0 10 0 0
0.5060 2.2335 0.0097 0 10 0 0
0.5080 2.2339 0.0096 0 10 0 0
0.5080 2.2339 0.0096 0 10 0 0
0.4960 2.2343 0.0097 0 10 0 0
0.4940 2.2339 0.0103 0 10 0 0
0.4940 2.2339 0.0103 0 10 0 0
0.4960 2.2335 0.0110 0 10 0 0
0.4920 2.2335 0.0105 0 10 0 0
0.4920 2.2335 0.0105 0 10 0 0
0.4840 2.2331 0.0108 0 10 0 0
0.4960 2.2327 0.0126 0 10 0 0
0.4960 2.2327 0.0126 0 10 0 0
0.4880 2.2322 0.0128 0 10 0 0
0.4820 2.2326 0.0144 0 10 0 0
0.4760 2.2333 0.0141 0 10 0 0
0.4760 2.2342 0.0144 0 10 0 0
0.4780 2.2347 0.0141 0 10 0 0
0.4900 2.2345 0.0129 0 10 0 0
0.4880 2.2340 0.0127 0 10 0 0
0.4880 2.2340 0.0127 0 10 0 0
0.4860 2.2341 0.0132 0 10 0 0
0.4760 2.2345 0.0118 0 10 0 0
0.4820 2.2351 0.0114 0 10 0 0
0.4920 2.2361 0.0103 0 10 0 0
0.4920 2.2361 0.0103 0 10 0 0
0.5020 2.2361 0.0103 0 10 0 0
0.4960 2.2352 0.0082 0 10 0 0
0.5080 2.2341 0.0079 0 10 0 0
0.5180 2.2341 0.0071 0 10 0 0
0.4960 2.2348 0.0069 0 10 0 0
0.4960 2.2348 0.0069 0 10 0 0
0.5000 2.2354 0.0070 0 10 0 0
0.5100 2.2358 0.0071 0 10 0 0
0.4940 2.2364 0.0088 0 10 0 0
0.4980 2.2359 0.0086 0 10 0 0
0.5160 2.2357 0.0070 0 10 0 0
0.5100 2.2355 0.0053 0 10 0 0
0.5100 2.2355 0.0053 0 10 0 0
0.4980 2.2353 0.0061 0 10 0 0
0.4780 2.2353 0.0065 0 10 0 0
0.5000 2.2353 0.0059 0 10 0 0
0.4920 2.2351 0.0065 0 10 0 0
0.4920 2.2351 0.0065 0 10 0 0
0.4960 2.2352 0.0069 0 10 0 0
0.5100 2.2354 0.0054 0 10 0 0
0.5060 2.2355 0.0052 0 10 0 0
0.5100 2.2356 0.0059 0 10 0 0
0.4980 2.2350 0.0061 0 10 0 0
0.4900 2.2347 0.0067 0 10 0 0
0.4900 2.2347 0.0067 0 0 0 0
0.5140 2.2341 0.0110 0 10 0 0
0.5000 2.2354 0.0115 0 10 0 0
0.5000 2.2353 0.0111 0 10 0 0
0.5020 2.2356 0.0113 0 10 0 0
0.4960 2.2361 0.0116 0 10 0 0
0.5160 2.2361 0.0112 0 10 0 0
0.5160 2.2361 0.0112 0 0 0 0
0.5000 2.2364 0.0088 0 10 0 0
0.4980 2.2370 0.0072 0 10 0 0
0.5100 2.2370 0.0072 0 10 0 0
0.5100 2.2370 0.0072 0 10 0 0
0.5260 2.2365 0.0098 0 10 0 0
0.5100 2.2362 0.0097 0 10 0 0
0.4860 2.2362 0.0117 0 0 0 0
0.5120 2.2338 0.0165 0 10 0 0
0.5220 2.2345 0.0143 0 10 0 0
0.4980 2.2343 0.0169 0 10 0 0
0.5060 2.2336 0.0182 0 0 0 0
0.5100 2.2333 0.0155 0 10 0 0
0.4960 2.2335 0.0144 0 10 0 0
0.5240 2.2326 0.0131 0 10 0 0
0.5140 2.2318 0.0119 0 0 0 0
0.5220 2.2312 0.0052 0 10 0 0
0.5060 2.2313 0.0066 0 10 0 0
0.5260 2.2313 0.0063 0 10 0 0
0.5220 2.2313 0.0064 0 10 0 0
0.5220 2.2313 0.0064 0 10 0 0
0.5200 2.2311 0.0064 0 10 0 0
0.5040 2.2313 0.0063 0 10 0 0
0.5140 2.2314 0.0051 0 10 0 0
0.5140 2.2314 0.0051 0 10 0 0
0.4820 2.2316 0.0033 0 10 0 0
0.5240 2.2319 0.0018 0 10 0 0
0.5240 2.2319 0.0018 0 10 0 0
0.5200 2.2312 0.0009 0 10 0 0
0.5240 2.2310 -0.0023 0 10 0 0
0.5140 2.2310 -0.0021 0 10 0 0
0.5180 2.2317 -0.0026 0 10 0 0
0.5180 2.2317 -0.0026 0 10 0 0
0.5100 2.2317 -0.0007 0 10 0 0
0.5100 2.2317 -0.0007 0 10 0 0
0.5260 2.2316 -0.0009 0 10 0 0
0.4960 2.2317 0.0021 0 10 0 0
0.5040 2.2318 0.0021 0 10 0 0
0.5220 2.2324 0.0056 0 10 0 0
0.5220 2.2329 0.0053 0 10 0 0
0.5000 2.2329 0.0053 0 10 0 0
0.5120 2.2329 0.0023 0 10 0 0
0.5060 2.2328 0.0029 0 10 0 0
0.5020 2.2327 0.0034 0 0 0 0
0.5440 2.2322 0.0045 0 10 0 0
0.5220 2.2318 0.0028 0 10 0 0
0.5520 2.2320 0.0026 0 10 0 0
0.5320 2.2327 0.0024 0 10 0 0
0.5360 2.2330 0.0008 0 0 0 0
0.5560 2.2327 0.0005 0 10 0 0
0.5580 2.2322 0.0008 0 10 0 0
0.5220 2.2323 0.0012 0 10 0 0
0.5400 2.2326 0.0015 0 10 0 0
0.5160 2.2325 0.0013 0 10 0 0
0.5260 2.2327 0.0022 0 10 0 0
0.5580 2.2322 0.0023 0 0 0 0
0.5400 2.2317 0.0033 0 10 0 0
0.5620 2.2318 0.0019 0 10 0 0
0.5420 2.2321 -0.0024 0 10 0 0
0.5420 2.2322 -0.0023 0 10 0 0
0.5380 2.2324 -0.0004 0 10 0 0
0.5480 2.2326 -0.0000 0 0 0 0
0.5380 2.2327 -0.0008 0 10 0 0
0.5580 2.2323 0.0011 0 10 0 0
0.5460 2.2327 0.0033 0 10 0 0
0.5420 2.2328 -0.0010 0 0 0 0
0.5600 2.2334 0.0034 0 10 0 0
0.5620 2.2325 0.0071 0 10 0 0
0.5500 2.2317 0.0126 0 10 0 0
0.5500 2.2315 0.0130 0 10 0 0
0.5480 2.2319 0.0124 0 10 0 0
0.5540 2.2322 0.0120 0 0 0 0
0.5480 2.2341 0.0067 0 10 0 0
0.5660 2.2330 0.0073 0 10 0 0
0.5660 2.2330 0.0073 0 0 0 0
0.5500 2.2337 0.0074 0 10 0 0
0.5500 2.2328 0.0053 0 10 0 0
0.5380 2.2316 0.0036 0 0 0 0
0.6180 2.2295 0.0156 0 0 0 -10
0.5860 2.2281 0.0160 0 0 0 0
0.6120 2.2294 0.0093 0 0 0 10
0.5820 2.2296 0.0088 0 0 0 0
0.5940 2.2315 -0.0022 0 0 10 0
0.5860 2.2310 -0.0030 0 0 10 0
0.5880 2.2297 -0.0034 0 0 10 0
0.6060 2.2299 -0.0044 0 0 0 0
0.5920 2.2300 -0.0024 0 0 10 0
0.6040 2.2294 -0.0002 0 0 10 0
0.5940 2.2290 0.0000 0 0 10 0
0.5980 2.2291 0.0009 0 0 10 0
0.5980 2.2291 0.0009 0 0 10 0
0.5900 2.2291 0.0030 0 0 10 0
0.6060 2.2293 0.0031 0 0 10 0
0.6120 2.2294 0.0035 0 0 10 0
0.5980 2.2295 0.0061 0 0 10 0
0.5880 2.2298 0.0079 0 0 10 0
0.5880 2.2298 0.0079 0 0 10 0
0.5900 2.2300 0.0085 0 0 10 0
0.6100 2.2305 0.0100 0 0 10 0
0.5940 2.2307 0.0103 0 0 10 0
0.5940 2.2307 0.0103 0 0 10 0
0.5820 2.2311 0.0099 0 0 10 0
0.5820 2.2311 0.0099 0 0 10 0
0.6060 2.2315 0.0123 0 0 10 0
0.5740 2.2323 0.0126 0 0 10 0
0.6020 2.2326 0.0130 0 0 10 0
0.5880 2.2333 0.0133 0 0 10 0
0.5880 2.2333 0.0133 0 0 10 0
0.5900 2.2344 0.0158 0 0 10 0
0.5940 2.2349 0.0164 0 0 10 0
0.5960 2.2352 0.0154 0 0 10 0
0.6060 2.2359 0.0164 0 0 10 0
0.5900 2.2359 0.0162 0 0 10 0
0.5900 2.2359 0.0162 0 0 0 0
0.5980 2.2378 0.0142 0 0 10 0
0.5740 2.2406 0.0125 0 0 10 0
0.5760 2.2411 0.0138 0 0 0 0
0.6000 2.2407 0.0143 0 0 10 0
0.5900 2.2404 0.0131 0 0 0 0
0.5800 2.2408 0.0102 0 0 10 0
0.5880 2.2408 0.0116 0 0 0 0
0.5960 2.2455 0.0124 0 0 -10 0
0.5880 2.2460 0.0099 0 0 -10 0
0.5740 2.2467 0.0112 0 0 -10 0
0.5880 2.2467 0.0105 0 0 0 0
0.5640 2.2468 0.0083 0 0 -10 0
0.5680 2.2465 0.0081 0 0 0 0
0.5920 2.2463 0.0084 0 0 -10 0
0.5620 2.2454 0.0086 0 0 -10 0
0.5620 2.2454 0.0086 0 0 0 0
0.5700 2.2453 0.0065 0 0 -10 0
0.5700 2.2449 0.0079 0 0 0 0
0.5820 2.2449 0.0079 0 0 -10 0
0.5700 2.2445 0.0066 0 0 -10 0
0.5600 2.2440 0.0067 0 0 0 0
0.5600 2.2438 0.0074 0 0 -10 0
0.5700 2.2438 0.0060 0 0 -10 0
0.5700 2.2438 0.0060 0 0 0 0
0.5780 2.2434 0.0046 0 0 -10 0
0.5880 2.2427 0.0179 0 0 -10 0
0.5800 2.2428 0.0158 0 0 0 0
0.5960 2.2409 0.0073 0 0 -10 0
0.5980 2.2409 0.0021 0 0 -10 0
0.5860 2.2405 0.0027 0 0 0 0
0.6180 2.2401 -0.0009 0 0 -10 0
0.5820 2.2398 -0.0025 0 0 -10 0
0.5900 2.2383 -0.0067 0 0 0 0
0.5900 2.2368 -0.0094 0 0 -10 0
0.6160 2.2367 -0.0128 0 0 -10 0
0.5980 2.2364 -0.0128 0 0 0 0
