0.5000 -0.0002 0.2957 0 0 0 -10
0.4919 -0.0009 0.3007 0 0 0 -10
0.4899 -0.0007 0.3021 0 0 0 -10
0.4879 -0.0004 0.3040 0 0 0 -10
0.4819 -0.0002 0.3049 0 0 0 -10
0.4819 -0.0002 0.3049 0 0 0 -10
0.4758 -0.0006 0.3069 0 0 0 -10
0.4758 -0.0006 0.3069 0 0 0 -10
0.4536 -0.0018 0.3067 0 0 0 -10
0.4597 -0.0024 0.3053 0 0 0 -10
0.4698 -0.0028 0.3043 0 0 0 -10
0.4839 -0.0033 0.3036 0 0 0 -10
0.4839 -0.0033 0.3036 0 0 0 -10
0.4738 -0.0032 0.3021 0 0 0 -10
0.4657 -0.0028 0.3014 0 0 0 -10
0.4637 -0.0020 0.3015 0 0 0 -10
0.4637 -0.0020 0.3015 0 0 0 -10
0.4798 -0.0018 0.3021 0 0 0 -10
0.4738 -0.0018 0.2999 0 0 0 -10
0.4698 -0.0019 0.2939 0 0 0 -10
0.4899 -0.0021 0.2916 0 0 0 -10
0.4556 -0.0022 0.2890 0 0 0 -10
0.4758 -0.0014 0.2875 0 0 0 -10
0.4778 -0.0008 0.2870 0 0 0 -10
0.4798 -0.0007 0.2847 0 0 0 -10
0.4919 -0.0006 0.2816 0 0 0 -10
0.4819 -0.0004 0.2808 0 0 0 -10
0.4798 -0.0003 0.2823 0 0 0 -10
0.4798 -0.0003 0.2823 0 0 0 -10
0.4839 -0.0002 0.2811 0 0 0 -10
0.4778 0.0005 0.2791 0 0 0 -10
0.4698 0.0004 0.2773 0 0 0 -10
0.4798 0.0000 0.2760 0 0 0 -10
0.4798 0.0000 0.2760 0 0 0 -10
0.4718 0.0001 0.2722 0 0 0 -10
0.4839 0.0005 0.2687 0 0 0 -10
0.4819 0.0005 0.2657 0 0 0 -10
0.4778 0.0008 0.2650 0 0 0 -10
0.4556 0.0008 0.2643 0 0 0 -10
0.4556 0.0008 0.2643 0 0 0 -10
0.4577 0.0008 0.2615 0 0 0 -10
0.4677 0.0003 0.2572 0 0 0 -10
0.4496 0.0004 0.2561 0 0 0 -10
0.4637 0.0006 0.2533 0 0 0 -10
0.4556 0.0004 0.2486 0 0 0 -10
0.4556 0.0003 0.2479 0 0 0 -10
0.4657 0.0003 0.2479 0 0 0 -10
0.4516 0.0006 0.2465 0 0 0 -10
0.4435 0.0012 0.2438 0 0 0 -10
0.4577 0.0015 0.2422 0 0 0 -10
0.4577 0.0015 0.2422 0 0 0 -10
0.4617 0.0011 0.2412 0 0 0 -10
0.4758 0.0012 0.2379 0 0 0 -10
0.4435 0.0005 0.2296 0 0 0 -10
0.4677 0.0006 0.2274 0 0 0 -10
0.4556 0.0006 0.2251 0 0 0 -10
0.4556 0.0009 0.2236 0 0 0 -10
0.4556 0.0009 0.2236 0 0 0 -10
0.4476 0.0015 0.2230 0 0 0 -10
0.4415 0.0017 0.2214 0 0 0 -10
0.4778 0.0019 0.2132 0 0 0 -10
0.4778 0.0018 0.2118 0 0 0 -10
0.4435 0.0018 0.2118 0 0 0 -10
0.4718 0.0017 0.2105 0 0 0 -10
0.4516 0.0017 0.2072 0 0 0 -10
0.4617 0.0017 0.2062 0 0 0 -10
0.4617 0.0017 0.2005 0 0 0 -10
0.4798 0.0017 0.2005 0 0 0 -10
0.4758 0.0013 0.1942 0 0 0 -10
0.4758 0.0013 0.1942 0 0 0 -10
0.4718 0.0015 0.1910 0 0 0 -10
0.4577 0.0018 0.1902 0 0 0 -10
0.4637 0.0021 0.1877 0 0 0 -10
0.4637 0.0021 0.1877 0 0 0 -10
0.4718 0.0020 0.1879 0 0 0 -10
0.4718 0.0019 0.1870 0 0 0 -10
0.4577 0.0019 0.1870 0 0 0 -10
0.4677 0.0015 0.1849 0 0 0 -10
0.4798 0.0019 0.1832 0 0 0 -10
0.4798 0.0019 0.1787 0 0 0 -10
0.4798 0.0019 0.1787 0 0 0 -10
0.4798 0.0022 0.1736 0 0 0 -10
0.4657 0.0026 0.1730 0 0 0 -10
0.4657 0.0026 0.1730 0 0 0 -10
0.4798 0.0025 0.1723 0 0 0 -10
0.4758 0.0023 0.1704 0 0 0 -10
0.4839 0.0017 0.1662 0 0 0 -10
0.4839 0.0017 0.1662 0 0 0 -10
0.4839 0.0022 0.1617 0 0 0 -10
0.4839 0.0022 0.1617 0 0 0 -10
0.4758 0.0024 0.1540 0 0 0 -10
0.4919 0.0021 0.1528 0 0 0 -10
0.5101 0.0018 0.1503 0 0 0 -10
0.5101 0.0018 0.1503 0 0 0 -10
0.4859 0.0013 0.1495 0 0 0 -10
0.4819 0.0022 0.1482 0 0 0 -10
0.5060 0.0024 0.1474 0 0 0 -10
0.5060 0.0024 0.1474 0 0 0 -10
0.5101 0.0028 0.1410 0 0 0 -10
0.5101 0.0028 0.1410 0 0 0 -10
0.5020 0.0027 0.1385 0 0 0 -10
0.5121 0.0015 0.1355 0 0 0 -10
0.4940 0.0009 0.1322 0 0 0 -10
0.4940 0.0009 0.1322 0 0 0 -10
0.4718 0.0005 0.1304 0 0 0 -10
0.5040 0.0010 0.1269 0 0 0 -10
0.5040 0.0010 0.1269 0 0 0 -10
0.4839 0.0015 0.1210 0 0 0 -10
0.4940 0.0018 0.1188 0 0 0 -10
0.5121 0.0018 0.1169 0 0 0 -10
0.5121 0.0017 0.1160 0 0 0 -10
0.5121 0.0017 0.1160 0 0 0 -10
0.4980 0.0020 0.1114 0 0 0 -10
0.4980 0.0020 0.1114 0 0 0 -10
0.4798 0.0021 0.1121 0 0 0 -10
0.4940 0.0021 0.1085 0 0 0 -10
0.5101 0.0020 0.1038 0 0 0 -10
0.5081 0.0013 0.1023 0 0 0 -10
0.5081 0.0013 0.1023 0 0 0 -10
0.4980 0.0009 0.1012 0 0 0 -10
0.4798 0.0011 0.0997 0 0 0 0
0.4899 0.0031 0.0857 0 0 0 -10
0.4899 0.0027 0.0815 0 0 0 -10
0.4899 0.0028 0.0786 0 0 0 -10
0.4919 0.0029 0.0780 0 0 0 0
0.4778 0.0032 0.0782 0 0 0 -10
0.4778 0.0038 0.0755 0 0 0 -10
0.4980 0.0036 0.0726 0 0 0 -10
0.5040 0.0025 0.0691 0 0 0 0
0.5040 0.0024 0.0680 0 0 0 -10
0.4839 0.0020 0.0664 0 0 0 -10
0.4839 0.0020 0.0664 0 0 0 -10
0.4758 0.0022 0.0653 0 0 0 0
0.4919 0.0017 0.0577 0 0 0 -10
0.5262 0.0026 0.0560 0 0 0 -10
0.5060 0.0026 0.0537 0 0 0 0
0.5060 0.0019 0.0505 0 0 0 -10
0.4960 0.0020 0.0478 0 0 0 -10
0.4940 0.0020 0.0478 0 0 0 -10
0.5020 0.0020 0.0497 0 0 0 0
0.5101 0.0021 0.0473 0 0 0 -10
0.5161 0.0031 0.0482 0 0 0 -10
0.4819 0.0024 0.0450 0 0 0 0
0.5081 0.0020 0.0466 0 0 0 -10
0.5000 0.0026 0.0518 0 0 0 -10
0.5040 0.0026 0.0513 0 0 0 0
0.5040 0.0019 0.0441 0 0 0 -10
0.5282 0.0018 0.0375 0 0 0 -10
0.5222 0.0017 0.0373 0 0 0 0
0.5222 0.0005 0.0345 0 0 0 -10
0.5242 0.0014 0.0307 0 0 0 -10
0.5343 0.0015 0.0292 0 0 0 0
0.5464 0.0016 0.0278 0 0 0 -10
0.5242 0.0021 0.0274 0 0 0 -10
0.5363 0.0025 0.0272 0 0 0 0
0.5202 0.0013 0.0273 0 0 0 -10
0.5302 -0.0004 0.0240 0 0 0 -10
0.5302 -0.0004 0.0240 0 0 0 0
0.5141 0.0015 0.0186 0 0 0 -10
0.5282 0.0011 0.0127 0 0 0 0
0.5363 0.0014 0.0105 0 0 0 -10
0.5524 0.0013 0.0089 0 0 0 -10
0.5504 0.0008 0.0074 0 0 0 0
0.5484 0.0005 0.0067 0 0 0 -10
0.5524 0.0006 0.0044 0 0 0 -10
0.5383 0.0001 0.0036 0 0 0 0
0.5383 0.0015 -0.0012 0 0 0 -10
0.5403 0.0003 0.0015 0 0 0 0
0.5625 0.0026 0.0048 0 0 10 0
0.5665 0.0028 0.0018 0 0 10 0
0.5464 0.0027 0.0025 0 0 0 0
0.5181 -0.0009 -0.0026 0 0 10 0
0.5081 -0.0018 -0.0043 0 0 10 0
0.5222 -0.0014 -0.0056 0 0 0 0
0.5323 -0.0018 0.0092 0 0 -10 0
0.5242 -0.0013 0.0027 0 0 -10 0
0.5363 -0.0011 0.0036 0 0 0 0
0.5242 0.0000 0.0014 0 0 0 -10
0.5222 -0.0012 0.0031 0 0 0 -10
0.5161 -0.0011 0.0023 0 0 0 0
0.5363 -0.0013 -0.0054 0 0 -10 0
0.5282 -0.0004 -0.0056 0 0 0 0
0.5222 0.0015 -0.0135 0 0 0 10
0.5323 0.0020 -0.0116 0 0 0 10
0.5323 0.0010 -0.0097 0 0 0 0
0.5081 0.0010 -0.0077 0 0 0 10
0.5161 0.0001 -0.0060 0 0 0 10
0.5161 0.0010 -0.0054 0 0 0 0
0.5323 0.0008 -0.0016 0 0 -10 0
0.5403 0.0013 -0.0008 0 0 -10 0
0.5222 0.0013 -0.0009 0 0 0 0
0.5302 0.0005 -0.0019 0 0 10 0
0.5323 0.0019 -0.0005 0 0 10 0
0.5202 0.0022 -0.0000 0 0 10 0
0.5202 0.0023 -0.0031 0 0 0 0
0.5302 0.0017 -0.0039 0 0 0 10
0.5242 0.0016 -0.0054 0 0 0 0
0.5222 0.0002 -0.0085 0 0 0 10
0.5141 0.0008 -0.0073 0 0 0 0
0.5484 0.0013 0.0013 0 0 0 10
0.5544 0.0009 0.0013 0 0 0 0
