0.4516 -0.0044 0.2182 0 0 0 -10
0.4758 -0.0050 0.2172 0 0 0 -10
0.4577 -0.0044 0.2186 0 0 0 -10
0.4698 -0.0048 0.2177 0 0 0 -10
0.4698 -0.0048 0.2177 0 0 0 -10
0.4536 -0.0050 0.2169 0 0 0 -10
0.4577 -0.0051 0.2192 0 0 0 -10
0.4536 -0.0052 0.2180 0 0 0 -10
0.4536 -0.0052 0.2180 0 0 0 -10
0.4617 -0.0048 0.2154 0 0 0 -10
0.4617 -0.0048 0.2154 0 0 0 -10
0.4496 -0.0047 0.2143 0 0 0 -10
0.4738 -0.0051 0.2115 0 0 0 -10
0.4516 -0.0053 0.2105 0 0 0 -10
0.4435 -0.0059 0.2075 0 0 0 -10
0.4435 -0.0059 0.2075 0 0 0 -10
0.4435 -0.0061 0.2048 0 0 0 -10
0.4677 -0.0061 0.2016 0 0 0 -10
0.4657 -0.0063 0.1992 0 0 0 -10
0.4294 -0.0063 0.1973 0 0 0 -10
0.4677 -0.0062 0.1968 0 0 0 -10
0.4677 -0.0062 0.1968 0 0 0 -10
0.4637 -0.0063 0.1959 0 0 0 -10
0.4839 -0.0066 0.1941 0 0 0 -10
0.4879 -0.0070 0.1939 0 0 0 -10
0.4657 -0.0071 0.1896 0 0 0 -10
0.4435 -0.0072 0.1873 0 0 0 -10
0.4657 -0.0073 0.1882 0 0 0 -10
0.4657 -0.0073 0.1882 0 0 0 -10
0.4657 -0.0068 0.1867 0 0 0 -10
0.4738 -0.0068 0.1845 0 0 0 -10
0.4677 -0.0063 0.1816 0 0 0 -10
0.4556 -0.0065 0.1785 0 0 0 -10
0.4556 -0.0065 0.1785 0 0 0 -10
0.4879 -0.0062 0.1754 0 0 0 -10
0.4677 -0.0058 0.1705 0 0 0 -10
0.4778 -0.0056 0.1674 0 0 0 -10
0.4940 -0.0054 0.1671 0 0 0 -10
0.4980 -0.0050 0.1659 0 0 0 -10
0.4980 -0.0050 0.1659 0 0 0 -10
0.5020 -0.0048 0.1635 0 0 0 -10
0.4798 -0.0049 0.1611 0 0 0 -10
0.4758 -0.0049 0.1596 0 0 0 -10
0.4819 -0.0052 0.1560 0 0 0 -10
0.4819 -0.0053 0.1534 0 0 0 -10
0.4778 -0.0052 0.1516 0 0 0 -10
0.4778 -0.0052 0.1516 0 0 0 -10
0.4718 -0.0053 0.1497 0 0 0 -10
0.4819 -0.0048 0.1468 0 0 0 -10
0.4819 -0.0048 0.1468 0 0 0 -10
0.4940 -0.0053 0.1460 0 0 0 -10
0.4698 -0.0059 0.1446 0 0 0 -10
0.4677 -0.0063 0.1419 0 0 0 -10
0.4980 -0.0065 0.1402 0 0 0 -10
0.4980 -0.0065 0.1402 0 0 0 -10
0.4617 -0.0062 0.1375 0 0 0 -10
0.5000 -0.0056 0.1323 0 0 0 -10
0.4476 -0.0057 0.1291 0 0 0 -10
0.4476 -0.0057 0.1291 0 0 0 -10
0.4839 -0.0054 0.1261 0 0 0 -10
0.4738 -0.0058 0.1217 0 0 0 -10
0.4778 -0.0059 0.1188 0 0 0 -10
0.4919 -0.0061 0.1167 0 0 0 -10
0.4919 -0.0056 0.1134 0 0 0 -10
0.4879 -0.0056 0.1134 0 0 0 -10
0.4677 -0.0053 0.1114 0 0 0 -10
0.4899 -0.0051 0.1084 0 0 0 -10
0.4919 -0.0060 0.1049 0 0 0 -10
0.4778 -0.0063 0.1044 0 0 0 -10
0.4758 -0.0063 0.1010 0 0 0 -10
0.4698 -0.0061 0.0972 0 0 0 -10
0.4859 -0.0054 0.0950 0 0 0 -10
0.4859 -0.0054 0.0950 0 0 0 -10
0.4859 -0.0051 0.0924 0 0 0 -10
0.4819 -0.0054 0.0892 0 0 0 -10
0.4738 -0.0059 0.0847 0 0 0 -10
0.4637 -0.0058 0.0840 0 0 0 -10
0.4819 -0.0058 0.0825 0 0 0 -10
0.4819 -0.0058 0.0825 0 0 0 -10
0.4960 -0.0054 0.0775 0 0 0 -10
0.4919 -0.0056 0.0743 0 0 0 -10
0.4798 -0.0062 0.0718 0 0 0 -10
0.4798 -0.0062 0.0718 0 0 0 -10
0.4778 -0.0070 0.0689 0 0 0 -10
0.5161 -0.0073 0.0671 0 0 0 -10
0.5000 -0.0070 0.0667 0 0 0 -10
0.4899 -0.0071 0.0655 0 0 0 -10
0.5000 -0.0064 0.0637 0 0 0 -10
0.4919 -0.0060 0.0620 0 0 0 -10
0.4919 -0.0060 0.0620 0 0 0 -10
0.5020 -0.0053 0.0600 0 0 0 -10
0.5040 -0.0051 0.0533 0 0 0 -10
0.4839 -0.0054 0.0525 0 0 0 -10
0.5040 -0.0057 0.0510 0 0 0 -10
0.4960 -0.0054 0.0479 0 0 0 -10
0.4819 -0.0052 0.0469 0 0 0 -10
0.4819 -0.0052 0.0469 0 0 0 -10
0.4859 -0.0057 0.0467 0 0 0 -10
0.4879 -0.0062 0.0450 0 0 0 -10
0.4698 -0.0062 0.0428 0 0 0 -10
0.4879 -0.0060 0.0402 0 0 0 -10
0.4778 -0.0059 0.0394 0 0 0 -10
0.4778 -0.0059 0.0394 0 0 0 -10
0.4919 -0.0057 0.0364 0 0 0 -10
0.4960 -0.0056 0.0322 0 0 0 -10
0.4899 -0.0053 0.0290 0 0 0 -10
0.5081 -0.0051 0.0264 0 0 0 -10
0.5081 -0.0051 0.0264 0 0 0 -10
0.4819 -0.0050 0.0212 0 0 0 -10
0.5242 -0.0052 0.0177 0 0 0 -10
0.4940 -0.0054 0.0174 0 0 0 -10
0.4980 -0.0055 0.0161 0 0 0 -10
0.4980 -0.0055 0.0161 0 0 0 -10
0.5020 -0.0053 0.0147 0 0 0 -10
0.5181 -0.0058 0.0126 0 0 0 -10
0.5040 -0.0059 0.0104 0 0 0 -10
0.4778 -0.0055 0.0070 0 0 0 -10
0.4778 -0.0055 0.0070 0 0 0 -10
0.4980 -0.0053 0.0013 0 0 0 -10
0.5060 -0.0050 -0.0013 0 0 0 -10
0.4960 -0.0047 -0.0040 0 0 0 -10
0.4940 -0.0050 -0.0069 0 0 0 -10
0.5020 -0.0057 -0.0093 0 0 0 -10
0.5020 -0.0060 -0.0116 0 0 0 -10
0.4899 -0.0060 -0.0116 0 0 0 -10
0.5161 -0.0057 -0.0139 0 0 0 0
0.4919 -0.0047 -0.0299 0 0 0 10
0.5101 -0.0045 -0.0276 0 0 0 10
0.5101 -0.0042 -0.0270 0 0 0 10
0.5101 -0.0040 -0.0273 0 0 0 0
0.5101 -0.0038 -0.0278 0 0 0 10
0.5121 -0.0035 -0.0257 0 0 0 10
0.5141 -0.0039 -0.0320 0 0 0 0
0.5101 -0.0050 -0.0298 0 0 0 10
0.4778 -0.0062 -0.0235 0 0 0 10
0.4778 -0.0052 -0.0195 0 0 0 0
0.4940 -0.0067 -0.0182 0 0 0 10
0.4859 -0.0054 -0.0124 0 0 0 0
0.5121 -0.0061 -0.0071 0 0 0 10
0.5141 -0.0051 -0.0026 0 0 0 10
0.5141 -0.0051 -0.0026 0 0 0 0
0.5181 -0.0062 0.0003 0 0 0 10
0.4839 -0.0063 0.0051 0 0 0 0
0.5020 -0.0070 0.0065 0 0 0 10
0.5081 -0.0064 0.0098 0 0 0 10
0.5060 -0.0066 0.0105 0 0 0 0
0.5302 -0.0077 0.0225 0 0 0 -10
0.5040 -0.0071 0.0203 0 0 0 -10
0.5141 -0.0077 0.0199 0 0 0 0
0.5282 -0.0080 0.0197 0 0 0 0
0.5141 -0.0064 0.0104 0 0 0 0
0.4980 -0.0061 0.0120 0 0 0 -10
0.5141 -0.0058 0.0139 0 0 0 0
0.5020 -0.0052 0.0110 0 0 0 -10
0.5161 -0.0057 0.0152 0 0 0 0
0.5121 -0.0068 0.0115 0 0 0 -10
0.5444 -0.0068 0.0114 0 0 0 0
0.5020 -0.0077 0.0066 0 0 0 -10
0.5121 -0.0066 0.0075 0 0 0 0
