0.5741 -0.0018 0.0316 -10 0 0 0
0.5846 -0.0022 0.0354 -10 0 0 0
0.6096 -0.0020 0.0339 -10 0 0 0
0.5846 -0.0020 0.0349 -10 0 0 0
0.5783 -0.0023 0.0346 -10 0 0 0
0.5887 -0.0021 0.0340 -10 0 0 0
0.5866 -0.0021 0.0345 -10 0 0 0
0.5866 -0.0021 0.0345 -10 0 0 0
0.6013 -0.0023 0.0342 -10 0 0 0
0.6138 -0.0025 0.0337 -10 0 0 0
0.5950 -0.0021 0.0334 -10 0 0 0
0.5887 -0.0016 0.0356 -10 0 0 0
0.5804 -0.0012 0.0359 -10 0 0 0
0.5720 -0.0010 0.0380 -10 0 0 0
0.5783 -0.0012 0.0405 -10 0 0 0
0.5783 -0.0012 0.0405 -10 0 0 0
0.5658 -0.0009 0.0401 -10 0 0 0
0.5783 -0.0006 0.0409 -10 0 0 0
0.5678 -0.0008 0.0413 -10 0 0 0
0.5678 -0.0008 0.0413 -10 0 0 0
0.5678 -0.0008 0.0410 -10 0 0 0
0.5825 -0.0008 0.0422 -10 0 0 0
0.5720 -0.0012 0.0452 -10 0 0 0
0.5720 -0.0012 0.0452 -10 0 0 0
0.5929 -0.0013 0.0450 -10 0 0 0
0.5929 -0.0012 0.0448 -10 0 0 0
0.5887 -0.0012 0.0441 -10 0 0 0
0.5846 -0.0010 0.0472 -10 0 0 0
0.5741 -0.0008 0.0475 -10 0 0 0
0.5637 -0.0009 0.0497 -10 0 0 0
0.5908 -0.0002 0.0505 -10 0 0 0
0.5637 -0.0002 0.0505 -10 0 0 0
0.5804 0.0001 0.0508 -10 0 0 0
0.5678 -0.0000 0.0484 -10 0 0 0
0.5908 -0.0002 0.0491 -10 0 0 0
0.5804 -0.0002 0.0487 -10 0 0 0
0.5804 -0.0002 0.0487 -10 0 0 0
0.5804 -0.0002 0.0497 -10 0 0 0
0.5762 -0.0005 0.0497 -10 0 0 0
0.5762 -0.0012 0.0493 -10 0 0 0
0.5762 -0.0012 0.0493 -10 0 0 0
0.5699 -0.0012 0.0492 -10 0 0 0
0.5532 -0.0012 0.0492 -10 0 0 0
0.5846 -0.0009 0.0487 -10 0 0 0
0.5699 -0.0008 0.0504 -10 0 0 0
0.5825 -0.0008 0.0499 -10 0 0 0
0.5825 -0.0008 0.0499 -10 0 0 0
0.5741 -0.0010 0.0479 -10 0 0 0
0.5887 -0.0007 0.0486 -10 0 0 0
0.5866 -0.0008 0.0493 -10 0 0 0
0.5866 -0.0008 0.0493 -10 0 0 0
0.5783 -0.0012 0.0495 -10 0 0 0
0.5825 -0.0014 0.0500 -10 0 0 0
0.5637 -0.0014 0.0494 -10 0 0 0
0.5804 -0.0013 0.0488 -10 0 0 0
0.5637 -0.0012 0.0486 -10 0 0 0
0.5637 -0.0012 0.0486 -10 0 0 0
0.5741 -0.0010 0.0485 -10 0 0 0
0.5846 -0.0010 0.0480 -10 0 0 0
0.5866 -0.0010 0.0482 -10 0 0 0
0.5866 -0.0012 0.0470 -10 0 0 0
0.5741 -0.0012 0.0479 -10 0 0 0
0.5804 -0.0016 0.0476 -10 0 0 0
0.5699 -0.0020 0.0480 -10 0 0 0
0.5699 -0.0020 0.0480 -10 0 0 0
0.5866 -0.0024 0.0506 -10 0 0 0
0.5929 -0.0021 0.0503 -10 0 0 0
0.5846 -0.0018 0.0502 -10 0 0 0
0.5846 -0.0018 0.0502 -10 0 0 0
0.5846 -0.0015 0.0489 -10 0 0 0
0.5846 -0.0015 0.0489 -10 0 0 0
0.5908 -0.0012 0.0480 -10 0 0 0
0.5950 -0.0010 0.0464 -10 0 0 0
0.5804 -0.0008 0.0454 -10 0 0 0
0.5804 -0.0008 0.0454 -10 0 0 0
0.5929 -0.0009 0.0434 -10 0 0 0
0.5804 -0.0009 0.0429 -10 0 0 0
0.5678 -0.0010 0.0433 -10 0 0 0
0.5532 -0.0013 0.0427 -10 0 0 0
0.5532 -0.0013 0.0427 -10 0 0 0
0.5783 -0.0015 0.0427 -10 0 0 0
0.5783 -0.0015 0.0427 -10 0 0 0
0.5699 -0.0012 0.0418 -10 0 0 0
0.5762 -0.0009 0.0414 -10 0 0 0
0.5741 -0.0007 0.0404 -10 0 0 0
0.5741 0.0001 0.0405 -10 0 0 0
0.5741 0.0001 0.0405 -10 0 0 0
0.5678 -0.0003 0.0405 -10 0 0 0
0.5720 -0.0004 0.0424 -10 0 0 0
0.5699 -0.0009 0.0419 -10 0 0 0
0.5783 -0.0010 0.0437 -10 0 0 0
0.5658 -0.0013 0.0437 -10 0 0 0
0.5658 -0.0013 0.0437 -10 0 0 0
0.5908 -0.0015 0.0443 -10 0 0 0
0.5762 -0.0015 0.0439 -10 0 0 0
0.5804 -0.0017 0.0428 -10 0 0 0
0.5804 -0.0017 0.0428 -10 0 0 0
0.5720 -0.0016 0.0423 -10 0 0 0
0.5616 -0.0016 0.0432 -10 0 0 0
0.5658 -0.0015 0.0427 -10 0 0 0
0.5929 -0.0020 0.0423 -10 0 0 0
0.5658 -0.0018 0.0422 -10 0 0 0
0.5658 -0.0018 0.0422 -10 0 0 0
0.5511 -0.0023 0.0416 -10 0 0 0
0.5846 -0.0026 0.0398 -10 0 0 0
0.5595 -0.0023 0.0406 -10 0 0 0
0.5491 -0.0020 0.0402 -10 0 0 0
0.5491 -0.0020 0.0402 -10 0 0 0
0.5720 -0.0019 0.0417 -10 0 0 0
0.5783 -0.0020 0.0419 -10 0 0 0
0.5699 -0.0025 0.0442 -10 0 0 0
0.5741 -0.0030 0.0442 -10 0 0 0
0.5804 -0.0030 0.0450 -10 0 0 0
0.5741 -0.0028 0.0451 -10 0 0 0
0.5720 -0.0022 0.0457 -10 0 0 0
0.5720 -0.0020 0.0453 -10 0 0 0
0.5720 -0.0020 0.0453 -10 0 0 0
0.5616 -0.0020 0.0444 -10 0 0 0
0.5449 -0.0020 0.0439 -10 0 0 0
0.5386 -0.0019 0.0434 -10 0 0 0
0.5574 -0.0022 0.0410 -10 0 0 0
0.5574 -0.0022 0.0410 -10 0 0 0
0.5762 -0.0023 0.0403 -10 0 0 0
0.5658 -0.0020 0.0387 -10 0 0 0
0.5929 -0.0017 0.0383 -10 0 0 0
0.5846 -0.0015 0.0358 -10 0 0 0
0.5846 -0.0015 0.0358 -10 0 0 0
0.5783 -0.0013 0.0371 -10 0 0 0
0.5658 -0.0013 0.0369 -10 0 0 0
0.5720 -0.0013 0.0369 0 0 0 0
0.5741 -0.0018 0.0414 0 0 0 -10
0.5678 -0.0021 0.0423 0 0 0 -10
0.5678 -0.0019 0.0420 0 0 0 0
0.5658 -0.0014 0.0388 0 0 0 -10
0.5825 -0.0019 0.0342 0 0 0 0
0.5741 -0.0020 0.0312 0 0 0 -10
0.5887 -0.0023 0.0282 0 0 0 0
0.5804 -0.0020 0.0268 0 0 0 -10
0.5825 -0.0020 0.0242 0 0 0 0
0.5762 -0.0022 0.0207 0 0 0 -10
0.5846 -0.0020 0.0197 0 0 0 -10
0.5762 -0.0019 0.0201 0 0 0 0
0.5741 -0.0013 0.0151 0 0 0 -10
0.5595 -0.0017 0.0150 0 0 0 0
0.5574 -0.0017 0.0127 0 0 0 -10
0.5887 -0.0019 0.0143 0 0 0 0
0.5678 -0.0012 0.0150 0 0 0 -10
0.5825 -0.0024 0.0120 0 0 0 0
0.5971 -0.0023 0.0069 0 0 0 -10
0.5846 0.0000 0.0085 0 0 0 0
0.6013 -0.0018 0.0092 -10 0 0 0
0.5804 -0.0010 0.0109 -10 0 0 0
0.5804 -0.0010 0.0109 -10 0 0 0
0.5678 -0.0008 0.0107 -10 0 0 0
0.6075 -0.0007 0.0116 -10 0 0 0
0.5908 -0.0012 0.0111 -10 0 0 0
0.5992 -0.0012 0.0114 -10 0 0 0
0.5992 -0.0013 0.0113 -10 0 0 0
0.5992 -0.0013 0.0113 -10 0 0 0
0.5992 -0.0021 0.0120 -10 0 0 0
0.5929 -0.0015 0.0117 -10 0 0 0
0.6033 -0.0013 0.0110 -10 0 0 0
0.6033 -0.0013 0.0110 -10 0 0 0
0.6033 -0.0012 0.0105 -10 0 0 0
0.6180 -0.0015 0.0107 -10 0 0 0
0.6117 -0.0016 0.0098 -10 0 0 0
0.5971 -0.0019 0.0091 -10 0 0 0
0.5929 -0.0022 0.0083 -10 0 0 0
0.5929 -0.0022 0.0083 -10 0 0 0
0.6013 -0.0009 0.0096 -10 0 0 0
0.6054 -0.0006 0.0111 -10 0 0 0
0.5971 0.0000 0.0119 -10 0 0 0
0.5971 -0.0004 0.0114 -10 0 0 0
0.5971 -0.0004 0.0114 -10 0 0 0
0.5846 -0.0010 0.0104 -10 0 0 0
0.5783 -0.0020 0.0130 -10 0 0 0
0.6013 -0.0012 0.0126 -10 0 0 0
0.5929 -0.0003 0.0125 -10 0 0 0
0.5992 -0.0000 0.0118 -10 0 0 0
0.5971 -0.0002 0.0126 -10 0 0 0
0.5971 -0.0002 0.0126 -10 0 0 0
0.6033 -0.0009 0.0110 -10 0 0 0
0.5929 -0.0010 0.0106 -10 0 0 0
0.5783 -0.0009 0.0111 -10 0 0 0
0.5783 -0.0009 0.0111 -10 0 0 0
0.5846 -0.0009 0.0106 -10 0 0 0
0.5762 -0.0014 0.0095 -10 0 0 0
0.5971 -0.0016 0.0101 -10 0 0 0
0.5887 -0.0017 0.0094 -10 0 0 0
0.5887 -0.0017 0.0094 -10 0 0 0
0.6242 -0.0007 0.0089 -10 0 0 0
0.6033 -0.0007 0.0092 -10 0 0 0
0.6033 -0.0007 0.0092 -10 0 0 0
0.6117 -0.0004 0.0090 -10 0 0 0
0.5887 -0.0006 0.0076 -10 0 0 0
0.5887 -0.0006 0.0076 -10 0 0 0
0.6013 -0.0008 0.0079 -10 0 0 0
0.5887 -0.0006 0.0076 -10 0 0 0
0.5866 -0.0003 0.0075 -10 0 0 0
0.5762 -0.0003 0.0074 -10 0 0 0
0.5825 -0.0002 0.0093 -10 0 0 0
0.6096 -0.0006 0.0089 -10 0 0 0
0.6096 -0.0006 0.0089 -10 0 0 0
0.6075 -0.0007 0.0095 -10 0 0 0
0.5992 -0.0010 0.0097 -10 0 0 0
0.6033 -0.0010 0.0087 -10 0 0 0
0.6033 -0.0010 0.0087 -10 0 0 0
0.5741 -0.0012 0.0078 -10 0 0 0
0.5950 -0.0012 0.0092 -10 0 0 0
0.5825 -0.0010 0.0085 -10 0 0 0
0.6221 -0.0009 0.0081 -10 0 0 0
0.6221 -0.0009 0.0081 -10 0 0 0
0.5950 -0.0011 0.0076 -10 0 0 0
0.5846 -0.0016 0.0076 -10 0 0 0
0.5992 -0.0016 0.0073 -10 0 0 0
0.5887 -0.0017 0.0077 -10 0 0 0
0.5887 -0.0017 0.0077 -10 0 0 0
0.5908 -0.0012 0.0073 -10 0 0 0
0.6096 -0.0011 0.0045 -10 0 0 0
0.6096 -0.0011 0.0045 -10 0 0 0
0.6096 -0.0009 0.0024 -10 0 0 0
0.6221 -0.0013 0.0023 -10 0 0 0
0.6033 -0.0017 -0.0009 -10 0 0 0
0.5992 -0.0015 -0.0009 -10 0 0 0
0.6096 -0.0013 0.0020 -10 0 0 0
0.6096 -0.0014 0.0019 -10 0 0 0
0.5950 -0.0012 0.0017 -10 0 0 0
0.5971 -0.0017 0.0018 -10 0 0 0
0.6013 -0.0016 0.0005 -10 0 0 0
0.6075 -0.0016 0.0003 -10 0 0 0
0.6159 -0.0013 -0.0028 -10 0 0 0
0.6159 -0.0013 -0.0028 -10 0 0 0
0.6180 -0.0010 -0.0008 -10 0 0 0
0.6138 -0.0009 -0.0016 -10 0 0 0
0.6180 -0.0010 -0.0018 -10 0 0 0
0.6117 -0.0013 -0.0012 -10 0 0 0
0.6221 -0.0016 -0.0012 -10 0 0 0
0.6263 -0.0016 -0.0019 -10 0 0 0
0.6242 -0.0010 -0.0037 -10 0 0 0
0.6054 -0.0010 -0.0036 -10 0 0 0
0.6054 -0.0010 -0.0038 -10 0 0 0
0.6284 -0.0010 -0.0038 -10 0 0 0
0.6305 -0.0022 -0.0033 -10 0 0 0
0.5908 -0.0024 -0.0036 -10 0 0 0
0.5908 -0.0024 -0.0036 -10 0 0 0
0.6367 -0.0021 -0.0002 0 0 0 0
0.6221 0.0002 0.0032 -10 0 0 0
0.6305 -0.0002 0.0010 -10 0 0 0
0.6472 -0.0001 0.0034 -10 0 0 0
0.6159 -0.0002 0.0010 -10 0 0 0
0.6138 -0.0002 0.0015 -10 0 0 0
0.6138 -0.0002 0.0015 -10 0 0 0
0.6263 -0.0004 0.0016 -10 0 0 0
0.6347 -0.0005 0.0011 -10 0 0 0
0.6284 -0.0003 0.0014 -10 0 0 0
0.6493 -0.0005 -0.0000 -10 0 0 0
0.6388 -0.0005 -0.0000 -10 0 0 0
0.6555 -0.0003 -0.0000 -10 0 0 0
0.6117 -0.0005 -0.0005 -10 0 0 0
0.6388 -0.0010 -0.0001 -10 0 0 0
0.6117 -0.0012 -0.0012 -10 0 0 0
0.6117 -0.0010 -0.0000 -10 0 0 0
0.6409 -0.0010 0.0010 -10 0 0 0
0.6409 -0.0010 0.0010 -10 0 0 0
0.6514 -0.0005 0.0002 -10 0 0 0
0.6493 0.0001 0.0005 -10 0 0 0
0.6493 0.0001 0.0005 -10 0 0 0
0.6284 -0.0002 0.0007 -10 0 0 0
0.6347 -0.0005 -0.0015 -10 0 0 0
0.6263 -0.0008 -0.0019 -10 0 0 0
0.6284 -0.0012 -0.0013 -10 0 0 0
0.6284 -0.0012 -0.0013 -10 0 0 0
0.6305 -0.0009 -0.0009 -10 0 0 0
0.6305 -0.0009 -0.0009 -10 0 0 0
0.6305 -0.0005 -0.0006 -10 0 0 0
0.6284 -0.0007 0.0004 -10 0 0 0
0.6284 -0.0012 0.0003 -10 0 0 0
0.6221 -0.0017 0.0001 -10 0 0 0
0.6221 -0.0017 0.0001 -10 0 0 0
0.6117 -0.0016 0.0018 -10 0 0 0
0.6117 -0.0016 0.0018 -10 0 0 0
0.6263 -0.0004 0.0003 -10 0 0 0
0.6305 -0.0005 0.0001 -10 0 0 0
0.6347 -0.0009 -0.0002 -10 0 0 0
0.6347 -0.0009 -0.0002 -10 0 0 0
0.6305 -0.0010 -0.0004 -10 0 0 0
0.6200 -0.0008 -0.0002 -10 0 0 0
0.6200 -0.0009 -0.0004 -10 0 0 0
0.6200 -0.0009 -0.0004 -10 0 0 0
0.6159 -0.0010 -0.0021 -10 0 0 0
0.6284 -0.0012 -0.0021 -10 0 0 0
0.6159 -0.0016 -0.0018 -10 0 0 0
0.6305 -0.0019 -0.0020 -10 0 0 0
0.6347 -0.0023 -0.0036 -10 0 0 0
0.6347 -0.0023 -0.0036 0 0 0 0
0.6242 -0.0019 -0.0044 -10 0 0 0
0.6221 -0.0014 -0.0034 -10 0 0 0
0.6138 -0.0015 -0.0034 -10 0 0 0
0.6472 -0.0013 -0.0038 -10 0 0 0
0.6534 -0.0010 -0.0034 -10 0 0 0
0.6117 -0.0011 -0.0033 -10 0 0 0
0.6180 -0.0013 -0.0038 -10 0 0 0
0.6180 -0.0013 -0.0038 -10 0 0 0
0.6430 -0.0012 -0.0035 -10 0 0 0
0.6326 -0.0012 -0.0027 -10 0 0 0
0.6514 -0.0013 -0.0022 -10 0 0 0
0.6493 -0.0016 -0.0022 -10 0 0 0
0.6514 -0.0017 -0.0019 -10 0 0 0
0.6534 -0.0020 -0.0014 -10 0 0 0
0.6534 -0.0020 -0.0014 -10 0 0 0
0.6409 -0.0027 -0.0019 -10 0 0 0
0.6159 -0.0027 -0.0011 -10 0 0 0
0.6367 -0.0022 -0.0011 -10 0 0 0
0.6284 -0.0016 0.0001 -10 0 0 0
0.6284 -0.0016 0.0001 -10 0 0 0
0.6430 -0.0007 -0.0004 -10 0 0 0
0.6388 -0.0005 0.0003 -10 0 0 0
0.6534 -0.0002 0.0003 -10 0 0 0
0.6472 -0.0006 0.0002 -10 0 0 0
0.6200 -0.0013 -0.0014 -10 0 0 0
0.6200 -0.0013 -0.0014 -10 0 0 0
0.6409 -0.0012 -0.0030 -10 0 0 0
0.6367 -0.0007 -0.0025 -10 0 0 0
0.6367 -0.0007 -0.0025 -10 0 0 0
0.6159 -0.0002 -0.0008 -10 0 0 0
0.6117 -0.0005 -0.0017 -10 0 0 0
0.6263 -0.0012 -0.0022 -10 0 0 0
0.6096 -0.0020 -0.0016 -10 0 0 0
0.6493 -0.0023 -0.0009 -10 0 0 0
0.6493 -0.0023 -0.0009 -10 0 0 0
0.6493 -0.0025 -0.0060 -10 0 0 0
0.6367 -0.0022 -0.0060 0 0 0 0
0.6326 -0.0010 -0.0048 -10 0 0 0
0.6367 -0.0011 -0.0072 -10 0 0 0
0.6284 -0.0008 -0.0104 -10 0 0 0
0.6367 -0.0008 -0.0104 -10 0 0 0
0.6597 -0.0007 -0.0101 -10 0 0 0
0.6472 -0.0015 -0.0092 -10 0 0 0
0.6472 -0.0016 -0.0089 -10 0 0 0
0.6472 -0.0014 -0.0078 -10 0 0 0
0.6639 -0.0014 -0.0078 -10 0 0 0
0.6388 -0.0010 -0.0082 -10 0 0 0
0.6451 -0.0009 -0.0094 -10 0 0 0
0.6764 -0.0007 -0.0098 -10 0 0 0
0.6639 -0.0005 -0.0074 -10 0 0 0
0.6534 -0.0006 -0.0064 -10 0 0 0
0.6555 -0.0005 -0.0061 -10 0 0 0
0.6555 -0.0005 -0.0061 -10 0 0 0
0.6701 -0.0007 -0.0022 -10 0 0 0
0.6639 -0.0008 -0.0028 -10 0 0 0
0.6555 -0.0006 -0.0030 -10 0 0 0
0.6555 -0.0006 -0.0030 -10 0 0 0
0.6326 -0.0012 -0.0015 -10 0 0 0
0.6326 -0.0013 -0.0005 -10 0 0 0
0.6743 -0.0013 -0.0005 -10 0 0 0
0.6868 -0.0020 -0.0018 -10 0 0 0
0.6722 -0.0023 0.0016 0 0 0 0
0.6555 -0.0012 0.0004 -10 0 0 0
0.6618 -0.0010 0.0013 -10 0 0 0
0.6514 -0.0008 0.0009 -10 0 0 0
0.6514 -0.0011 -0.0025 -10 0 0 0
0.6806 -0.0015 -0.0037 -10 0 0 0
0.6806 -0.0015 -0.0037 -10 0 0 0
0.6618 -0.0017 -0.0005 -10 0 0 0
0.6701 -0.0015 0.0017 -10 0 0 0
0.6681 -0.0014 0.0064 -10 0 0 0
0.6681 -0.0014 0.0064 0 0 0 0
0.6138 -0.0016 0.0135 -10 0 0 0
0.6054 -0.0024 0.0161 -10 0 0 0
0.6033 -0.0022 0.0172 -10 0 0 0
0.6033 -0.0021 0.0175 -10 0 0 0
0.6075 -0.0020 0.0193 -10 0 0 0
0.6096 -0.0018 0.0194 0 0 0 0
0.5992 -0.0015 0.0217 -10 0 0 0
0.6180 -0.0023 0.0294 -10 0 0 0
0.6117 -0.0024 0.0292 -10 0 0 0
0.6409 -0.0025 0.0279 -10 0 0 0
0.5971 -0.0031 0.0276 -10 0 0 0
0.5908 -0.0035 0.0295 -10 0 0 0
0.5866 -0.0035 0.0295 0 0 0 0
0.5929 -0.0017 0.0660 0 0 0 -10
0.5699 -0.0023 0.0660 0 0 0 -10
0.5950 -0.0023 0.0663 0 0 0 -10
0.5950 -0.0023 0.0663 0 0 0 0
0.6159 -0.0023 0.0672 0 0 0 -10
0.5908 -0.0021 0.0596 0 0 0 -10
0.5720 -0.0026 0.0592 0 0 0 0
0.5866 -0.0015 0.0577 0 0 0 -10
0.5720 -0.0010 0.0571 0 0 0 0
0.5846 -0.0017 0.0467 0 0 0 -10
0.5783 -0.0013 0.0440 0 0 0 -10
0.6180 -0.0012 0.0432 0 0 0 0
0.5971 -0.0017 0.0399 0 0 0 -10
0.6159 -0.0023 0.0380 0 0 0 0
0.6138 -0.0022 0.0320 0 0 0 -10
0.6117 -0.0027 0.0281 0 0 0 -10
0.6159 -0.0021 0.0267 0 0 0 0
0.5908 -0.0017 0.0282 0 0 0 -10
0.6033 -0.0016 0.0246 0 0 0 -10
0.6367 -0.0019 0.0246 0 0 0 0
0.6117 -0.0015 0.0246 0 0 0 -10
0.6200 -0.0020 0.0164 0 0 0 0
0.6221 -0.0022 0.0101 0 0 0 -10
0.6514 -0.0016 0.0042 0 0 0 0
0.6409 -0.0011 0.0011 0 0 0 -10
0.6681 -0.0015 -0.0023 0 0 0 0
0.6660 0.0000 -0.0078 0 0 0 10
0.6597 0.0000 -0.0099 0 0 0 0
0.6660 -0.0017 -0.0049 0 0 0 10
0.6493 -0.0021 -0.0095 0 0 0 10
0.6347 -0.0029 -0.0089 0 0 0 0
0.6701 -0.0008 0.0072 0 0 0 10
0.6555 0.0000 0.0051 0 0 0 0
0.6597 0.0002 0.0178 -10 0 0 0
0.6180 -0.0005 0.0177 -10 0 0 0
0.6305 -0.0012 0.0178 -10 0 0 0
0.6221 -0.0017 0.0183 -10 0 0 0
0.6305 -0.0014 0.0178 -10 0 0 0
0.6388 -0.0014 0.0180 0 0 0 0
0.6472 -0.0017 0.0140 -10 0 0 0
0.6221 -0.0014 0.0138 -10 0 0 0
0.6555 -0.0022 0.0103 -10 0 0 0
0.6180 -0.0025 0.0106 -10 0 0 0
0.6180 -0.0025 0.0106 0 0 0 0
0.6409 -0.0015 0.0118 -10 0 0 0
0.6534 -0.0017 0.0113 -10 0 0 0
0.6576 -0.0015 0.0095 -10 0 0 0
0.6701 -0.0021 0.0077 -10 0 0 0
0.6555 -0.0023 0.0073 0 0 0 0
0.6451 -0.0013 0.0127 -10 0 0 0
0.6534 -0.0009 0.0102 -10 0 0 0
0.6534 -0.0017 0.0048 0 0 0 0
0.6639 -0.0010 0.0048 -10 0 0 0
0.6785 -0.0017 0.0080 -10 0 0 0
0.6242 -0.0017 0.0088 0 0 0 0
0.6430 -0.0017 0.0081 -10 0 0 0
0.6493 -0.0019 0.0085 -10 0 0 0
0.6534 -0.0017 0.0091 -10 0 0 0
0.6347 -0.0018 0.0091 -10 0 0 0
0.6534 -0.0017 0.0088 0 0 0 0
0.6367 -0.0015 0.0089 -10 0 0 0
0.6221 -0.0005 0.0115 -10 0 0 0
0.6221 -0.0006 0.0126 0 0 0 0
0.6576 -0.0007 0.0126 10 0 0 0
0.6576 -0.0017 0.0150 10 0 0 0
0.6597 -0.0008 0.0148 10 0 0 0
0.6347 -0.0007 0.0149 10 0 0 0
0.6347 -0.0007 0.0149 10 0 0 0
0.6284 -0.0012 0.0156 0 0 0 0
0.6534 -0.0013 0.0158 10 0 0 0
0.6534 -0.0007 0.0153 10 0 0 0
0.6681 -0.0012 0.0164 10 0 0 0
0.6597 -0.0010 0.0162 10 0 0 0
0.6639 -0.0004 0.0184 10 0 0 0
0.6514 -0.0002 0.0182 10 0 0 0
0.6514 -0.0002 0.0182 0 0 0 0
0.6639 0.0001 0.0208 10 0 0 0
0.6597 0.0001 0.0218 10 0 0 0
0.6451 -0.0005 0.0238 10 0 0 0
0.6576 -0.0016 0.0232 10 0 0 0
0.6472 -0.0018 0.0231 0 0 0 0
0.6618 -0.0013 0.0195 10 0 0 0
0.6806 -0.0023 0.0205 10 0 0 0
0.6263 -0.0017 0.0227 10 0 0 0
0.6451 -0.0017 0.0244 10 0 0 0
0.6451 -0.0018 0.0246 10 0 0 0
0.6514 -0.0011 0.0230 0 0 0 0
0.6242 -0.0003 0.0228 10 0 0 0
0.6326 -0.0013 0.0250 10 0 0 0
0.6430 -0.0017 0.0245 10 0 0 0
0.6493 -0.0020 0.0247 10 0 0 0
0.6367 -0.0014 0.0241 0 0 0 0
0.6326 -0.0003 0.0232 10 0 0 0
0.6472 -0.0011 0.0192 10 0 0 0
0.6367 -0.0013 0.0189 10 0 0 0
0.6514 -0.0006 0.0205 10 0 0 0
0.6200 0.0005 0.0203 0 0 0 0
0.6138 0.0004 0.0240 10 0 0 0
0.6534 -0.0004 0.0247 10 0 0 0
0.6430 0.0013 0.0222 10 0 0 0
0.6388 -0.0003 0.0183 10 0 0 0
0.6388 -0.0003 0.0183 10 0 0 0
0.6347 -0.0005 0.0175 0 0 0 0
0.6472 0.0010 0.0187 10 0 0 0
0.6242 -0.0007 0.0215 10 0 0 0
0.6367 -0.0006 0.0215 0 0 0 0
0.6347 -0.0010 0.0228 10 0 0 0
0.6013 -0.0018 0.0247 10 0 0 0
0.6263 -0.0009 0.0238 10 0 0 0
0.6263 -0.0009 0.0238 0 0 0 0
0.6054 -0.0006 0.0251 10 0 0 0
0.6096 -0.0015 0.0263 10 0 0 0
0.6451 -0.0015 0.0279 10 0 0 0
0.6242 -0.0011 0.0279 10 0 0 0
0.6200 -0.0014 0.0267 0 0 0 0
0.6159 -0.0019 0.0276 10 0 0 0
0.6075 -0.0017 0.0276 10 0 0 0
0.6013 -0.0020 0.0266 10 0 0 0
0.6138 -0.0022 0.0255 10 0 0 0
0.6138 -0.0022 0.0255 0 0 0 0
0.6054 -0.0024 0.0255 10 0 0 0
0.6075 -0.0035 0.0236 10 0 0 0
0.5971 -0.0035 0.0219 10 0 0 0
0.5971 -0.0035 0.0219 10 0 0 0
0.5971 -0.0033 0.0218 10 0 0 0
0.5866 -0.0028 0.0218 0 0 0 0
0.6117 -0.0027 0.0211 10 0 0 0
0.6013 -0.0027 0.0205 10 0 0 0
0.6305 -0.0029 0.0192 10 0 0 0
0.6305 -0.0030 0.0190 10 0 0 0
0.6284 -0.0030 0.0190 0 0 0 0
0.6013 -0.0033 0.0186 10 0 0 0
0.6180 -0.0026 0.0201 10 0 0 0
0.6159 -0.0024 0.0210 10 0 0 0
0.6221 -0.0024 0.0201 10 0 0 0
0.6096 -0.0025 0.0178 0 0 0 0
0.6180 -0.0023 0.0181 10 0 0 0
0.6305 -0.0011 0.0164 10 0 0 0
0.6284 -0.0009 0.0160 10 0 0 0
0.6180 -0.0005 0.0190 10 0 0 0
0.6200 -0.0010 0.0188 0 0 0 0
0.6117 -0.0011 0.0198 10 0 0 0
0.6242 -0.0015 0.0210 10 0 0 0
0.6096 -0.0021 0.0227 10 0 0 0
0.6159 -0.0018 0.0234 10 0 0 0
0.6096 -0.0015 0.0250 0 0 0 0
0.6075 -0.0020 0.0250 10 0 0 0
0.5804 -0.0015 0.0233 10 0 0 0
0.5616 -0.0005 0.0226 10 0 0 0
0.6013 -0.0009 0.0222 10 0 0 0
0.5971 -0.0015 0.0225 10 0 0 0
0.5971 -0.0015 0.0225 0 0 0 0
0.6075 -0.0015 0.0217 10 0 0 0
0.6117 -0.0019 0.0190 10 0 0 0
0.6117 -0.0020 0.0186 10 0 0 0
0.6054 -0.0020 0.0186 10 0 0 0
0.6033 -0.0022 0.0182 0 0 0 0
0.5971 -0.0003 0.0184 10 0 0 0
0.5783 -0.0005 0.0170 10 0 0 0
0.6054 -0.0009 0.0170 10 0 0 0
0.6200 -0.0006 0.0182 10 0 0 0
0.6138 -0.0000 0.0181 0 0 0 0
0.6075 -0.0003 0.0238 10 0 0 0
0.5950 -0.0006 0.0244 10 0 0 0
0.5866 -0.0005 0.0231 10 0 0 0
0.5971 -0.0003 0.0223 10 0 0 0
0.5992 -0.0003 0.0223 10 0 0 0
0.5825 -0.0000 0.0227 0 0 0 0
0.5908 -0.0014 0.0178 10 0 0 0
0.5846 -0.0010 0.0140 10 0 0 0
0.6075 -0.0006 0.0150 10 0 0 0
0.6075 -0.0006 0.0150 10 0 0 0
0.6180 -0.0007 0.0157 0 0 0 0
0.5908 -0.0017 0.0121 10 0 0 0
0.5992 -0.0012 0.0108 10 0 0 0
0.6138 -0.0017 0.0106 10 0 0 0
0.6263 -0.0022 0.0107 0 0 0 0
0.6326 -0.0018 0.0072 10 0 0 0
0.6138 -0.0009 0.0027 10 0 0 0
0.6200 -0.0013 0.0028 0 0 0 0
0.6200 -0.0012 0.0038 10 0 0 0
0.6200 -0.0020 0.0042 10 0 0 0
0.6263 -0.0026 0.0058 0 0 0 0
0.6200 -0.0016 0.0078 10 0 0 0
0.6221 -0.0008 0.0089 10 0 0 0
0.6284 -0.0009 0.0090 0 0 0 0
0.6242 0.0001 0.0063 10 0 0 0
0.6221 -0.0012 0.0055 10 0 0 0
0.6305 -0.0011 0.0060 10 0 0 0
0.6534 -0.0010 0.0044 10 0 0 0
0.6534 -0.0007 0.0047 0 0 0 0
0.6493 -0.0001 0.0025 10 0 0 0
0.6555 -0.0009 0.0026 10 0 0 0
0.6221 -0.0014 0.0045 10 0 0 0
0.6555 -0.0013 0.0049 10 0 0 0
0.6555 -0.0014 0.0053 0 0 0 0
0.6305 -0.0005 0.0068 10 0 0 0
0.6138 -0.0005 0.0068 10 0 0 0
0.5950 -0.0010 0.0081 10 0 0 0
0.6159 -0.0015 0.0098 10 0 0 0
0.6013 -0.0016 0.0124 0 0 0 0
0.6033 -0.0006 0.0141 10 0 0 0
0.6117 0.0001 0.0144 10 0 0 0
0.6180 -0.0007 0.0163 0 0 0 0
0.5971 0.0005 0.0169 10 0 0 0
0.6013 -0.0003 0.0168 10 0 0 0
0.6075 -0.0010 0.0163 10 0 0 0
0.5908 -0.0010 0.0163 0 0 0 0
0.5804 0.0006 0.0160 10 0 0 0
0.5971 0.0006 0.0158 10 0 0 0
0.5866 0.0008 0.0154 10 0 0 0
0.5783 0.0010 0.0159 0 0 0 0
0.5678 -0.0006 0.0157 10 0 0 0
0.5950 -0.0002 0.0190 10 0 0 0
0.5804 0.0002 0.0249 10 0 0 0
0.5804 0.0002 0.0249 0 0 0 0
0.5762 -0.0014 0.0284 -10 0 0 0
0.5741 -0.0017 0.0286 -10 0 0 0
0.5804 -0.0011 0.0283 -10 0 0 0
0.5846 -0.0010 0.0276 -10 0 0 0
0.5804 -0.0007 0.0289 -10 0 0 0
0.5846 -0.0004 0.0270 -10 0 0 0
0.5908 -0.0002 0.0272 -10 0 0 0
0.5783 -0.0004 0.0255 -10 0 0 0
0.5825 -0.0006 0.0281 -10 0 0 0
0.5720 -0.0011 0.0286 -10 0 0 0
0.5720 -0.0011 0.0286 -10 0 0 0
0.5929 -0.0016 0.0307 -10 0 0 0
0.5929 -0.0022 0.0322 -10 0 0 0
0.6013 -0.0025 0.0409 -10 0 0 0
0.5783 -0.0018 0.0432 -10 0 0 0
0.5783 -0.0018 0.0432 -10 0 0 0
0.5595 -0.0015 0.0484 -10 0 0 0
0.5595 -0.0010 0.0482 0 0 0 0
0.5762 -0.0023 0.0547 -10 0 0 0
0.5992 -0.0025 0.0516 -10 0 0 0
0.5866 -0.0018 0.0457 -10 0 0 0
0.5866 -0.0018 0.0457 -10 0 0 0
0.5658 -0.0015 0.0434 -10 0 0 0
0.5491 -0.0012 0.0424 0 0 0 0
0.5637 -0.0015 0.0338 -10 0 0 0
0.5658 -0.0016 0.0296 -10 0 0 0
0.5783 -0.0015 0.0292 -10 0 0 0
0.5511 -0.0012 0.0262 -10 0 0 0
0.5720 -0.0012 0.0260 0 0 0 0
0.5699 -0.0013 0.0249 -10 0 0 0
0.5825 -0.0011 0.0246 -10 0 0 0
0.5866 -0.0005 0.0247 0 0 0 0
0.5804 -0.0014 0.0243 -10 0 0 0
0.5866 -0.0011 0.0228 -10 0 0 0
0.5825 -0.0011 0.0228 0 0 0 0
0.5699 -0.0020 0.0239 -10 0 0 0
0.5866 -0.0022 0.0234 -10 0 0 0
0.5929 -0.0018 0.0181 -10 0 0 0
0.5846 -0.0014 0.0186 -10 0 0 0
0.5846 -0.0014 0.0186 0 0 0 0
0.6033 -0.0015 0.0197 -10 0 0 0
0.5825 -0.0005 0.0206 -10 0 0 0
0.5887 -0.0003 0.0204 -10 0 0 0
0.5678 -0.0009 0.0205 -10 0 0 0
0.5950 -0.0010 0.0202 -10 0 0 0
0.5908 -0.0009 0.0203 0 0 0 0
0.5846 -0.0007 0.0229 -10 0 0 0
0.5637 -0.0008 0.0217 -10 0 0 0
0.6075 -0.0013 0.0176 -10 0 0 0
0.6075 -0.0018 0.0177 0 0 0 0
0.5929 -0.0015 0.0185 -10 0 0 0
0.6054 -0.0009 0.0187 -10 0 0 0
0.6096 -0.0008 0.0180 -10 0 0 0
0.5908 -0.0009 0.0178 -10 0 0 0
0.5804 -0.0007 0.0179 0 0 0 0
0.6075 -0.0010 0.0165 -10 0 0 0
0.5992 -0.0019 0.0152 -10 0 0 0
0.6180 -0.0016 0.0150 -10 0 0 0
0.6033 -0.0012 0.0153 -10 0 0 0
0.5971 -0.0012 0.0155 0 0 0 0
0.6033 -0.0010 0.0155 -10 0 0 0
0.6117 -0.0010 0.0152 -10 0 0 0
0.6117 -0.0010 0.0152 0 0 0 0
0.6138 -0.0010 0.0148 -10 0 0 0
0.5804 -0.0010 0.0149 -10 0 0 0
0.5992 -0.0013 0.0147 0 0 0 0
0.5992 -0.0019 0.0150 -10 0 0 0
0.6117 -0.0022 0.0137 0 0 0 0
0.5992 -0.0030 0.0117 -10 0 0 0
0.6409 -0.0020 0.0048 -10 0 0 0
0.6409 -0.0020 0.0048 -10 0 0 0
0.6159 -0.0022 0.0046 0 0 0 0
0.6138 -0.0020 0.0021 -10 0 0 0
0.6180 -0.0020 0.0064 -10 0 0 0
0.6221 -0.0021 0.0071 -10 0 0 0
0.6221 -0.0021 0.0071 0 0 0 0
0.5992 -0.0010 0.0093 -10 0 0 0
0.5950 -0.0008 0.0113 -10 0 0 0
0.6054 -0.0005 0.0113 -10 0 0 0
0.6013 -0.0000 0.0122 -10 0 0 0
0.6013 -0.0000 0.0122 0 0 0 0
0.6326 -0.0017 0.0066 -10 0 0 0
0.6180 -0.0016 0.0080 -10 0 0 0
0.6138 -0.0022 0.0066 -10 0 0 0
0.5950 -0.0025 0.0088 -10 0 0 0
0.5950 -0.0025 0.0088 0 0 0 0
0.5846 -0.0005 0.0096 -10 0 0 0
0.5929 -0.0015 0.0061 -10 0 0 0
0.6075 -0.0007 0.0032 -10 0 0 0
0.6075 -0.0007 0.0032 -10 0 0 0
0.6096 -0.0009 0.0035 -10 0 0 0
0.6200 -0.0009 0.0017 -10 0 0 0
0.6013 -0.0010 0.0022 0 0 0 0
0.6075 -0.0011 0.0121 -10 0 0 0
0.6054 -0.0017 0.0130 -10 0 0 0
0.5908 -0.0013 0.0135 -10 0 0 0
0.6096 -0.0012 0.0116 -10 0 0 0
0.6221 -0.0012 0.0114 0 0 0 0
0.6388 -0.0017 0.0066 0 0 0 -10
0.6326 -0.0007 0.0043 0 0 0 -10
0.6326 -0.0012 0.0057 0 0 0 0
0.6514 -0.0000 0.0026 0 0 0 -10
0.6284 0.0007 -0.0000 0 0 0 -10
0.6430 0.0002 -0.0002 0 0 0 0
0.6451 -0.0014 -0.0021 -10 0 0 0
0.6597 -0.0011 -0.0057 -10 0 0 0
0.6347 0.0002 -0.0069 -10 0 0 0
0.6367 0.0005 -0.0076 -10 0 0 0
0.6138 0.0003 -0.0057 -10 0 0 0
0.6284 -0.0003 -0.0076 0 0 0 0
0.6367 -0.0005 -0.0073 -10 0 0 0
0.6534 -0.0019 -0.0079 -10 0 0 0
0.6555 -0.0018 -0.0080 -10 0 0 0
0.6305 -0.0019 -0.0076 -10 0 0 0
0.6326 -0.0020 -0.0095 -10 0 0 0
0.6326 -0.0012 -0.0091 -10 0 0 0
0.6451 -0.0008 -0.0086 0 0 0 0
0.6347 -0.0012 -0.0104 -10 0 0 0
0.6138 -0.0008 -0.0082 -10 0 0 0
0.6305 -0.0008 -0.0035 -10 0 0 0
0.6367 -0.0013 -0.0030 -10 0 0 0
0.6367 -0.0013 -0.0030 0 0 0 0
0.6305 -0.0011 -0.0022 -10 0 0 0
0.6221 -0.0025 -0.0023 -10 0 0 0
0.6409 -0.0017 -0.0022 -10 0 0 0
0.6242 -0.0020 -0.0025 -10 0 0 0
0.6221 -0.0017 -0.0016 0 0 0 0
0.6221 -0.0019 -0.0055 -10 0 0 0
0.6013 -0.0018 -0.0061 -10 0 0 0
0.6013 -0.0018 -0.0061 -10 0 0 0
0.6284 -0.0020 -0.0078 -10 0 0 0
0.6117 -0.0023 -0.0098 -10 0 0 0
0.6388 -0.0025 -0.0102 0 0 0 0
0.6347 -0.0026 -0.0103 -10 0 0 0
0.6284 -0.0017 -0.0150 -10 0 0 0
0.6242 -0.0019 -0.0173 -10 0 0 0
0.6305 -0.0020 -0.0189 -10 0 0 0
0.6409 -0.0016 -0.0178 0 0 0 0
0.5971 -0.0017 0.0210 0 0 0 10
0.5992 -0.0005 0.0218 0 0 0 10
0.5846 -0.0008 0.0225 0 0 0 0
0.6013 -0.0020 0.0260 0 0 0 10
0.5866 -0.0010 0.0250 0 0 0 0
0.6263 -0.0009 0.0237 0 0 0 -10
0.6180 -0.0020 0.0242 0 0 0 0
0.5825 -0.0012 0.0254 0 0 0 -10
0.5887 -0.0015 0.0218 0 0 0 0
0.6033 -0.0017 0.0213 0 0 0 -10
0.5992 -0.0015 0.0180 0 0 0 -10
0.6075 -0.0006 0.0151 0 0 0 0
0.6117 -0.0006 0.0110 0 0 0 -10
0.6305 0.0010 0.0092 0 0 0 -10
0.6180 -0.0002 0.0093 0 0 0 0
0.6159 -0.0013 0.0015 -10 0 0 0
0.6075 -0.0023 -0.0008 -10 0 0 0
0.6200 -0.0017 -0.0020 -10 0 0 0
0.6347 -0.0025 0.0019 -10 0 0 0
0.6075 -0.0031 0.0023 0 0 0 0
0.6221 -0.0015 0.0015 -10 0 0 0
0.6242 -0.0018 0.0021 -10 0 0 0
0.6138 -0.0022 0.0020 -10 0 0 0
0.6263 -0.0021 0.0016 -10 0 0 0
0.6180 -0.0022 0.0008 0 0 0 0
0.6305 -0.0027 0.0005 -10 0 0 0
0.6242 -0.0028 0.0007 -10 0 0 0
0.6159 -0.0022 -0.0010 -10 0 0 0
0.6159 -0.0022 -0.0010 -10 0 0 0
0.6221 -0.0021 -0.0018 -10 0 0 0
0.6367 -0.0027 -0.0025 0 0 0 0
0.6305 -0.0023 -0.0018 -10 0 0 0
0.6284 -0.0014 -0.0017 -10 0 0 0
0.6159 -0.0013 -0.0022 -10 0 0 0
0.6138 -0.0016 -0.0014 -10 0 0 0
0.6138 -0.0021 0.0009 0 0 0 0
0.6284 -0.0009 0.0086 -10 0 0 0
0.6180 -0.0014 0.0069 -10 0 0 0
0.6033 -0.0006 0.0073 -10 0 0 0
0.6033 -0.0006 0.0073 -10 0 0 0
0.6221 -0.0004 0.0091 0 0 0 0
0.6138 -0.0003 0.0096 -10 0 0 0
0.6347 0.0002 0.0114 -10 0 0 0
0.5992 -0.0005 0.0107 -10 0 0 0
0.5992 -0.0005 0.0107 -10 0 0 0
0.6117 -0.0008 0.0107 0 0 0 0
0.6159 -0.0012 0.0192 -10 0 0 0
0.6033 -0.0022 0.0267 -10 0 0 0
0.6138 -0.0013 0.0266 -10 0 0 0
0.5971 -0.0017 0.0275 0 0 0 0
0.5992 -0.0020 0.0239 -10 0 0 0
0.5783 -0.0012 0.0246 -10 0 0 0
0.6054 -0.0016 0.0236 -10 0 0 0
0.5992 -0.0023 0.0208 0 0 0 0
0.6033 -0.0016 0.0229 -10 0 0 0
0.6075 -0.0018 0.0234 -10 0 0 0
0.6075 -0.0022 0.0223 0 0 0 0
0.6117 -0.0020 0.0129 -10 0 0 0
0.5887 -0.0015 0.0177 -10 0 0 0
0.6180 -0.0018 0.0191 -10 0 0 0
0.6159 -0.0018 0.0166 -10 0 0 0
0.6159 -0.0018 0.0166 0 0 0 0
0.6138 -0.0018 0.0169 -10 0 0 0
0.6033 -0.0020 0.0185 -10 0 0 0
0.6033 -0.0020 0.0185 -10 0 0 0
0.5866 -0.0015 0.0192 -10 0 0 0
0.5971 -0.0017 0.0200 0 0 0 0
0.6409 -0.0021 0.0188 -10 0 0 0
0.6138 -0.0020 0.0160 -10 0 0 0
0.5971 -0.0017 0.0164 -10 0 0 0
0.6138 -0.0012 0.0168 -10 0 0 0
0.5887 -0.0014 0.0172 0 0 0 0
0.6013 -0.0004 0.0303 -10 0 0 0
0.6033 -0.0030 0.0309 -10 0 0 0
0.5825 -0.0007 0.0322 -10 0 0 0
0.5992 -0.0007 0.0316 0 0 0 0
0.5699 -0.0020 0.0271 -10 0 0 0
0.5908 -0.0020 0.0260 -10 0 0 0
0.5908 -0.0016 0.0262 -10 0 0 0
0.5908 -0.0016 0.0262 0 0 0 0
0.5678 -0.0020 0.0299 0 -10 0 0
0.5825 -0.0023 0.0367 0 -10 0 0
0.5971 -0.0012 0.0370 0 -10 0 0
0.5992 -0.0010 0.0374 0 -10 0 0
0.6075 -0.0014 0.0377 0 -10 0 0
0.5992 -0.0017 0.0378 0 -10 0 0
0.6138 -0.0017 0.0382 0 0 0 0
0.5992 -0.0017 0.0371 0 -10 0 0
0.5908 -0.0003 0.0389 0 -10 0 0
0.5908 -0.0003 0.0391 0 -10 0 0
0.5950 -0.0003 0.0391 0 -10 0 0
0.5887 0.0000 0.0391 0 -10 0 0
0.5971 -0.0001 0.0394 0 -10 0 0
0.5971 -0.0001 0.0394 0 -10 0 0
0.6054 0.0000 0.0404 0 -10 0 0
0.5992 0.0005 0.0377 0 -10 0 0
0.5992 0.0005 0.0377 0 -10 0 0
0.5950 0.0005 0.0391 0 -10 0 0
0.6013 0.0002 0.0401 0 -10 0 0
0.5825 -0.0000 0.0365 0 -10 0 0
0.5866 -0.0005 0.0372 0 -10 0 0
0.5866 -0.0005 0.0372 0 -10 0 0
0.6075 -0.0002 0.0394 0 -10 0 0
0.5971 0.0002 0.0392 0 -10 0 0
0.5992 0.0007 0.0397 0 -10 0 0
0.5992 0.0007 0.0397 0 0 0 0
0.5908 0.0004 0.0415 0 -10 0 0
0.5908 -0.0008 0.0424 0 -10 0 0
0.5783 -0.0013 0.0415 0 -10 0 0
0.5783 -0.0013 0.0415 0 -10 0 0
0.6096 -0.0009 0.0361 0 -10 0 0
0.6096 -0.0009 0.0361 0 -10 0 0
0.5971 -0.0010 0.0357 0 -10 0 0
0.6138 -0.0010 0.0340 0 -10 0 0
0.6033 -0.0010 0.0341 0 -10 0 0
0.5992 -0.0010 0.0335 0 -10 0 0
0.5992 -0.0010 0.0335 0 -10 0 0
0.6096 -0.0007 0.0330 0 -10 0 0
0.6326 -0.0003 0.0332 0 -10 0 0
0.6117 0.0002 0.0341 0 -10 0 0
0.5992 0.0003 0.0358 0 -10 0 0
0.6138 0.0005 0.0363 0 -10 0 0
0.6138 0.0008 0.0365 0 -10 0 0
0.6138 0.0008 0.0365 0 -10 0 0
0.6054 0.0006 0.0333 0 -10 0 0
0.6221 0.0004 0.0322 0 -10 0 0
0.6221 0.0004 0.0322 0 -10 0 0
0.6075 0.0004 0.0330 0 -10 0 0
0.6096 0.0002 0.0331 0 -10 0 0
0.6326 0.0001 0.0340 0 -10 0 0
0.6326 0.0001 0.0340 0 -10 0 0
0.6221 0.0006 0.0340 0 -10 0 0
0.6326 0.0011 0.0346 0 -10 0 0
0.6221 0.0014 0.0316 0 -10 0 0
0.6054 0.0011 0.0317 0 -10 0 0
0.6409 0.0006 0.0312 0 -10 0 0
0.6409 0.0006 0.0312 0 -10 0 0
0.6305 0.0001 0.0311 0 -10 0 0
0.6242 -0.0002 0.0307 0 -10 0 0
0.6347 -0.0009 0.0284 0 -10 0 0
0.6409 -0.0008 0.0285 0 -10 0 0
0.6409 -0.0008 0.0285 0 -10 0 0
0.6180 -0.0008 0.0243 0 -10 0 0
0.6430 -0.0005 0.0246 0 -10 0 0
0.6555 -0.0006 0.0240 0 -10 0 0
0.6555 -0.0006 0.0240 0 -10 0 0
0.6388 -0.0004 0.0246 0 -10 0 0
0.6388 -0.0004 0.0246 0 -10 0 0
0.6242 -0.0000 0.0261 0 -10 0 0
0.6200 0.0003 0.0271 0 0 0 0
0.6263 -0.0011 0.0279 0 -10 0 0
0.6159 -0.0018 0.0280 0 -10 0 0
0.6221 -0.0019 0.0281 0 -10 0 0
0.6221 -0.0019 0.0281 0 -10 0 0
0.6347 -0.0018 0.0284 0 -10 0 0
0.6347 -0.0018 0.0284 0 -10 0 0
0.6263 -0.0014 0.0285 0 -10 0 0
0.6451 -0.0014 0.0292 0 -10 0 0
0.6555 -0.0013 0.0297 0 0 0 0
0.6451 -0.0010 0.0335 0 -10 0 0
0.6326 -0.0015 0.0344 0 -10 0 0
0.6430 -0.0012 0.0348 0 -10 0 0
0.6284 -0.0009 0.0333 0 -10 0 0
0.6514 -0.0009 0.0324 0 -10 0 0
0.6514 -0.0009 0.0324 0 -10 0 0
0.6367 -0.0011 0.0315 0 -10 0 0
0.6493 -0.0012 0.0312 0 -10 0 0
0.6555 -0.0012 0.0298 0 -10 0 0
0.6451 -0.0010 0.0272 0 -10 0 0
0.6472 -0.0011 0.0275 0 -10 0 0
0.6555 -0.0015 0.0287 0 -10 0 0
0.6555 -0.0015 0.0287 0 -10 0 0
0.6451 -0.0023 0.0260 0 -10 0 0
0.6430 -0.0024 0.0236 0 0 0 0
0.6388 -0.0003 0.0196 -10 0 0 0
0.6305 -0.0002 0.0147 -10 0 0 0
0.6242 -0.0002 0.0142 -10 0 0 0
0.6075 -0.0002 0.0152 -10 0 0 0
0.6075 -0.0002 0.0152 -10 0 0 0
0.6388 -0.0005 0.0125 -10 0 0 0
0.6430 -0.0002 0.0130 0 0 0 0
0.6263 -0.0004 0.0127 -10 0 0 0
0.6305 -0.0011 0.0124 -10 0 0 0
0.6263 -0.0017 0.0113 -10 0 0 0
0.6326 -0.0014 0.0124 -10 0 0 0
0.6200 -0.0014 0.0112 -10 0 0 0
0.6472 -0.0007 0.0120 0 0 0 0
0.6388 -0.0006 0.0164 -10 0 0 0
0.6326 -0.0008 0.0183 -10 0 0 0
0.6451 -0.0006 0.0180 -10 0 0 0
0.6451 -0.0006 0.0180 -10 0 0 0
0.6388 -0.0003 0.0184 -10 0 0 0
0.6534 0.0001 0.0178 -10 0 0 0
0.6493 0.0005 0.0180 -10 0 0 0
0.6764 0.0005 0.0169 0 0 0 0
0.6451 -0.0011 0.0179 -10 0 0 0
0.6451 -0.0013 0.0238 -10 0 0 0
0.6409 -0.0015 0.0246 -10 0 0 0
0.6430 -0.0016 0.0248 -10 0 0 0
0.6430 -0.0016 0.0248 -10 0 0 0
0.6430 -0.0019 0.0241 0 0 0 0
0.6326 -0.0006 0.0224 -10 0 0 0
0.6555 -0.0010 0.0236 -10 0 0 0
0.6555 -0.0010 0.0236 -10 0 0 0
0.6493 -0.0017 0.0241 -10 0 0 0
0.6451 -0.0020 0.0244 -10 0 0 0
0.6221 -0.0025 0.0246 -10 0 0 0
0.6263 -0.0021 0.0241 -10 0 0 0
0.6263 -0.0021 0.0241 -10 0 0 0
0.6263 -0.0015 0.0244 -10 0 0 0
0.6347 -0.0009 0.0241 -10 0 0 0
0.6263 -0.0003 0.0243 -10 0 0 0
0.6326 0.0001 0.0244 -10 0 0 0
0.6347 -0.0003 0.0241 -10 0 0 0
0.6639 -0.0004 0.0243 -10 0 0 0
0.6409 -0.0007 0.0243 -10 0 0 0
0.6409 -0.0007 0.0243 0 0 0 0
0.6555 -0.0008 0.0246 -10 0 0 0
0.6263 -0.0017 0.0253 -10 0 0 0
0.6263 -0.0017 0.0253 -10 0 0 0
0.6555 -0.0017 0.0273 -10 0 0 0
0.6180 -0.0013 0.0286 -10 0 0 0
0.6305 -0.0013 0.0278 -10 0 0 0
0.6305 -0.0013 0.0278 0 0 0 0
0.6472 -0.0024 0.0259 -10 0 0 0
0.6159 -0.0021 0.0293 -10 0 0 0
0.6284 -0.0024 0.0294 -10 0 0 0
0.6367 -0.0025 0.0323 -10 0 0 0
0.6221 -0.0025 0.0326 0 0 0 0
0.6284 -0.0022 0.0363 -10 0 0 0
0.6305 -0.0016 0.0372 -10 0 0 0
0.6242 -0.0010 0.0357 -10 0 0 0
0.6305 -0.0010 0.0357 -10 0 0 0
0.6326 -0.0012 0.0356 0 0 0 0
0.6305 -0.0015 0.0359 -10 0 0 0
0.6555 -0.0005 0.0352 -10 0 0 0
0.6221 -0.0002 0.0333 -10 0 0 0
0.5950 0.0000 0.0321 -10 0 0 0
0.5929 -0.0002 0.0296 0 0 0 0
0.6242 -0.0000 0.0334 -10 0 0 0
0.6054 -0.0001 0.0335 -10 0 0 0
0.6054 -0.0000 0.0352 -10 0 0 0
0.6138 0.0001 0.0388 -10 0 0 0
0.5992 -0.0003 0.0371 -10 0 0 0
0.5992 -0.0003 0.0371 0 0 0 0
0.6096 -0.0014 0.0494 -10 0 0 0
0.5992 -0.0003 0.0554 -10 0 0 0
0.6013 -0.0002 0.0579 -10 0 0 0
0.5992 -0.0003 0.0631 0 0 0 0
0.6326 -0.0003 0.0598 -10 0 0 0
0.6159 -0.0009 0.0584 -10 0 0 0
0.6284 -0.0009 0.0584 -10 0 0 0
0.6284 -0.0018 0.0567 -10 0 0 0
0.6367 -0.0018 0.0567 0 0 0 0
0.6221 -0.0004 0.0550 -10 0 0 0
0.6284 -0.0020 0.0504 -10 0 0 0
0.6242 -0.0024 0.0493 -10 0 0 0
0.6221 -0.0023 0.0480 -10 0 0 0
0.6263 -0.0025 0.0486 0 0 0 0
0.6451 -0.0019 0.0484 -10 0 0 0
0.6597 -0.0036 0.0395 -10 0 0 0
0.6681 -0.0021 0.0397 -10 0 0 0
0.6326 -0.0020 0.0395 -10 0 0 0
0.6388 -0.0021 0.0395 0 0 0 0
0.6764 -0.0026 0.0384 -10 0 0 0
0.6493 -0.0021 0.0397 -10 0 0 0
0.6200 -0.0032 0.0398 -10 0 0 0
0.6284 -0.0031 0.0422 -10 0 0 0
0.6326 -0.0034 0.0412 0 0 0 0
0.6514 -0.0038 0.0448 -10 0 0 0
0.6326 -0.0030 0.0497 -10 0 0 0
0.6284 -0.0025 0.0501 -10 0 0 0
0.6284 -0.0025 0.0501 -10 0 0 0
0.6263 -0.0030 0.0541 -10 0 0 0
0.6305 -0.0032 0.0570 0 0 0 0
0.6138 -0.0031 0.0575 -10 0 0 0
0.6388 -0.0022 0.0566 -10 0 0 0
0.6326 -0.0020 0.0543 -10 0 0 0
0.6221 -0.0023 0.0536 -10 0 0 0
0.6347 -0.0024 0.0526 -10 0 0 0
0.6326 -0.0020 0.0482 0 0 0 0
0.6493 -0.0028 0.0537 -10 0 0 0
0.6326 -0.0023 0.0595 -10 0 0 0
0.6367 -0.0002 0.0634 -10 0 0 0
0.6409 -0.0001 0.0645 0 0 0 0
0.6326 -0.0018 0.0649 -10 0 0 0
0.6618 -0.0002 0.0624 -10 0 0 0
0.6200 -0.0004 0.0616 -10 0 0 0
0.6159 -0.0007 0.0623 -10 0 0 0
0.6451 -0.0011 0.0613 -10 0 0 0
0.6326 -0.0010 0.0608 0 0 0 0
0.6472 -0.0005 0.0523 -10 0 0 0
0.6221 -0.0011 0.0498 -10 0 0 0
0.6221 -0.0013 0.0490 -10 0 0 0
0.6472 -0.0010 0.0492 -10 0 0 0
0.6430 -0.0006 0.0526 0 0 0 0
0.6576 -0.0014 0.0549 0 0 0 -10
0.6555 -0.0023 0.0589 0 0 0 -10
0.6743 -0.0022 0.0548 0 0 0 0
0.6305 -0.0020 0.0528 0 0 0 -10
0.6493 -0.0015 0.0423 0 0 0 -10
0.6367 -0.0016 0.0416 0 0 0 0
0.6493 -0.0011 0.0441 0 0 0 -10
0.6514 -0.0010 0.0424 0 0 0 -10
0.6347 -0.0012 0.0430 0 0 0 0
0.6430 -0.0008 0.0420 0 0 0 -10
0.6430 -0.0015 0.0390 0 0 0 -10
0.6242 -0.0025 0.0375 0 0 0 0
0.6284 -0.0027 0.0391 0 0 0 -10
0.6263 -0.0010 0.0353 0 0 0 -10
0.6263 -0.0010 0.0353 0 0 0 0
0.6430 -0.0016 0.0356 0 0 0 -10
0.6660 -0.0026 0.0336 0 0 0 -10
0.6576 -0.0022 0.0333 0 0 0 0
0.6555 -0.0022 0.0335 0 0 0 -10
0.6827 -0.0015 0.0278 0 0 0 -10
0.6931 -0.0014 0.0277 0 0 0 0
0.6764 -0.0014 0.0172 0 0 0 -10
0.6722 -0.0024 0.0159 0 0 0 0
0.6806 -0.0020 0.0005 0 0 0 -10
0.6764 -0.0015 0.0007 0 0 0 -10
0.6764 -0.0019 0.0004 0 0 0 0
0.6973 -0.0022 -0.0044 -10 0 0 0
0.6660 -0.0005 -0.0027 -10 0 0 0
0.6848 -0.0018 -0.0044 -10 0 0 0
0.6889 -0.0022 -0.0045 -10 0 0 0
0.6827 -0.0021 -0.0042 -10 0 0 0
0.6848 -0.0013 -0.0045 0 0 0 0
0.6701 -0.0021 -0.0061 -10 0 0 0
0.6722 -0.0016 -0.0089 -10 0 0 0
0.6743 -0.0013 -0.0057 -10 0 0 0
0.6764 -0.0015 -0.0042 -10 0 0 0
0.6576 -0.0017 -0.0040 -10 0 0 0
0.6576 -0.0017 -0.0031 0 0 0 0
0.6931 -0.0008 0.0001 -10 0 0 0
0.6722 -0.0008 -0.0007 -10 0 0 0
0.6743 -0.0009 -0.0008 -10 0 0 0
0.6722 -0.0008 -0.0007 0 0 0 0
0.6889 0.0010 -0.0031 -10 0 0 0
0.6889 0.0004 -0.0027 -10 0 0 0
