0.6159 -0.0027 0.0040 -10 0 0 0
0.6284 -0.0022 0.0027 -10 0 0 0
0.6326 -0.0022 0.0017 -10 0 0 0
0.6200 -0.0020 0.0012 -10 0 0 0
0.6347 -0.0016 0.0031 -10 0 0 0
0.6347 -0.0013 0.0019 -10 0 0 0
0.6242 -0.0012 0.0020 -10 0 0 0
0.6200 -0.0008 0.0024 -10 0 0 0
0.6200 -0.0008 0.0024 -10 0 0 0
0.6138 -0.0010 0.0027 -10 0 0 0
0.6138 -0.0010 0.0018 -10 0 0 0
0.6284 -0.0014 0.0017 -10 0 0 0
0.6242 -0.0015 0.0035 -10 0 0 0
0.6242 -0.0015 0.0035 -10 0 0 0
0.6180 -0.0021 0.0035 -10 0 0 0
0.6096 -0.0021 0.0066 -10 0 0 0
0.6138 -0.0024 0.0073 -10 0 0 0
0.6305 -0.0027 0.0094 -10 0 0 0
0.6305 -0.0027 0.0094 -10 0 0 0
0.6096 -0.0026 0.0077 -10 0 0 0
0.6075 -0.0026 0.0077 -10 0 0 0
0.6263 -0.0021 0.0078 -10 0 0 0
0.6472 -0.0013 0.0069 -10 0 0 0
0.6284 -0.0009 0.0052 -10 0 0 0
0.6347 -0.0011 0.0055 -10 0 0 0
0.6347 -0.0011 0.0055 -10 0 0 0
0.6367 -0.0007 0.0054 -10 0 0 0
0.6263 -0.0005 0.0055 -10 0 0 0
0.6242 -0.0005 0.0055 -10 0 0 0
0.6242 -0.0005 0.0055 -10 0 0 0
0.6263 -0.0005 0.0055 -10 0 0 0
0.6180 -0.0007 0.0056 -10 0 0 0
0.6284 -0.0010 0.0058 -10 0 0 0
0.6138 -0.0011 0.0065 -10 0 0 0
0.6117 -0.0010 0.0065 -10 0 0 0
0.6284 -0.0000 0.0071 -10 0 0 0
0.6284 -0.0000 0.0071 -10 0 0 0
0.6347 0.0007 0.0071 -10 0 0 0
0.6054 0.0008 0.0068 -10 0 0 0
0.6305 0.0007 0.0077 -10 0 0 0
0.6054 0.0001 0.0087 -10 0 0 0
0.6493 -0.0001 0.0089 -10 0 0 0
0.6221 0.0000 0.0092 -10 0 0 0
0.6221 0.0000 0.0092 -10 0 0 0
0.6263 0.0000 0.0091 -10 0 0 0
0.6326 -0.0000 0.0095 -10 0 0 0
0.6242 -0.0005 0.0084 -10 0 0 0
0.6242 -0.0005 0.0084 -10 0 0 0
0.6326 -0.0008 0.0105 -10 0 0 0
0.6326 -0.0008 0.0105 -10 0 0 0
0.6388 -0.0002 0.0100 -10 0 0 0
0.6242 -0.0002 0.0102 -10 0 0 0
0.6242 -0.0004 0.0095 -10 0 0 0
0.6200 -0.0004 0.0095 -10 0 0 0
0.6305 -0.0009 0.0082 -10 0 0 0
0.6388 -0.0011 0.0083 -10 0 0 0
0.6472 -0.0016 0.0065 -10 0 0 0
0.6472 -0.0016 0.0065 -10 0 0 0
0.6514 -0.0014 0.0063 -10 0 0 0
0.6430 -0.0007 0.0038 -10 0 0 0
0.6430 -0.0002 0.0038 -10 0 0 0
0.6409 0.0002 0.0037 -10 0 0 0
0.6430 0.0000 0.0041 -10 0 0 0
0.6430 0.0000 0.0041 -10 0 0 0
0.6555 -0.0002 0.0035 -10 0 0 0
0.6430 -0.0007 0.0040 -10 0 0 0
0.6347 -0.0011 0.0044 -10 0 0 0
0.6472 -0.0015 0.0047 -10 0 0 0
0.6472 -0.0015 0.0047 -10 0 0 0
0.6451 -0.0012 0.0043 0 0 0 0
0.6305 -0.0003 0.0038 -10 0 0 0
0.6597 -0.0003 0.0056 -10 0 0 0
0.6618 -0.0005 0.0044 -10 0 0 0
0.6534 -0.0005 0.0058 -10 0 0 0
0.6388 -0.0005 0.0057 -10 0 0 0
0.6472 -0.0006 0.0060 -10 0 0 0
0.6409 -0.0009 0.0064 0 0 0 0
0.6889 -0.0012 0.0045 -10 0 0 0
0.6493 -0.0007 0.0036 -10 0 0 0
0.6367 -0.0010 0.0039 -10 0 0 0
0.6493 -0.0015 0.0022 -10 0 0 0
0.6430 -0.0015 0.0019 -10 0 0 0
0.6367 -0.0015 0.0004 0 0 0 0
0.6534 -0.0004 -0.0014 -10 0 0 0
0.6472 -0.0011 0.0004 -10 0 0 0
0.6639 -0.0017 -0.0000 -10 0 0 0
0.6639 -0.0014 0.0006 -10 0 0 0
0.6994 -0.0015 0.0006 0 0 0 0
0.6576 -0.0022 0.0010 -10 0 0 0
0.6764 -0.0025 0.0021 -10 0 0 0
0.6910 -0.0026 0.0024 -10 0 0 0
0.6931 -0.0032 0.0025 0 0 0 0
0.6681 -0.0034 0.0027 -10 0 0 0
0.6681 -0.0033 0.0033 -10 0 0 0
0.6681 -0.0033 0.0033 -10 0 0 0
0.6681 -0.0028 0.0036 0 0 0 0
0.6576 -0.0025 0.0073 -10 0 0 0
0.6409 -0.0025 0.0065 -10 0 0 0
0.6555 -0.0019 0.0063 0 0 0 0
0.6639 -0.0009 0.0081 -10 0 0 0
0.6639 -0.0008 0.0109 -10 0 0 0
0.6534 -0.0019 0.0083 -10 0 0 0
0.6493 -0.0015 0.0125 0 0 0 0
0.6597 -0.0013 0.0129 -10 0 0 0
0.6701 -0.0015 0.0119 -10 0 0 0
0.6764 -0.0015 0.0117 0 0 0 0
0.6514 -0.0010 0.0133 -10 0 0 0
0.6743 0.0002 0.0153 -10 0 0 0
0.6931 -0.0002 0.0172 -10 0 0 0
0.6618 -0.0002 0.0184 0 0 0 0
0.6701 -0.0022 0.0163 -10 0 0 0
