0.5887 -0.0005 -0.0213 -10 0 0 0
0.5866 -0.0001 0.0182 -10 0 0 0
0.5825 -0.0005 0.0376 -10 0 0 0
0.5887 -0.0011 0.0355 -10 0 0 0
0.5846 -0.0019 0.0331 -10 0 0 0
0.5866 -0.0022 0.0323 -10 0 0 0
0.5720 -0.0020 0.0312 -10 0 0 0
0.5720 -0.0020 0.0312 -10 0 0 0
0.5804 -0.0016 0.0422 -10 0 0 0
0.5846 -0.0015 0.0421 -10 0 0 0
0.5658 -0.0014 0.0292 -10 0 0 0
0.5699 -0.0021 0.0153 -10 0 0 0
0.5678 -0.0021 0.0153 -10 0 0 0
0.5720 -0.0022 0.0116 -10 0 0 0
0.5595 -0.0022 0.0129 -10 0 0 0
0.5532 -0.0019 0.0339 -10 0 0 0
0.5741 -0.0019 0.0349 -10 0 0 0
0.5741 -0.0019 0.0349 -10 0 0 0
0.5574 -0.0024 0.0340 -10 0 0 0
0.5720 -0.0024 0.0340 -10 0 0 0
0.5825 -0.0025 0.0334 -10 0 0 0
0.5762 -0.0022 0.0328 -10 0 0 0
0.5720 -0.0023 0.0323 -10 0 0 0
0.5741 -0.0023 0.0338 -10 0 0 0
0.5741 -0.0023 0.0338 -10 0 0 0
0.5532 -0.0023 0.0337 -10 0 0 0
0.5678 -0.0022 0.0331 -10 0 0 0
0.5678 -0.0023 0.0336 -10 0 0 0
0.5678 -0.0023 0.0336 -10 0 0 0
0.5511 -0.0021 0.2105 -10 0 0 0
0.5637 -0.0018 0.2098 -10 0 0 0
0.5658 -0.0013 0.2059 -10 0 0 0
0.5741 -0.0014 0.2052 -10 0 0 0
0.5720 -0.0015 0.2032 -10 0 0 0
0.5720 -0.0015 0.2032 -10 0 0 0
0.5783 -0.0015 0.2023 -10 0 0 0
0.5846 -0.0012 -0.0220 -10 0 0 0
0.5741 -0.0010 -0.0217 -10 0 0 0
0.5741 -0.0010 -0.0217 -10 0 0 0
0.5783 -0.0009 -0.0220 -10 0 0 0
0.5825 -0.0013 -0.0234 -10 0 0 0
0.5720 -0.0018 -0.0210 -10 0 0 0
0.5720 -0.0020 -0.0218 -10 0 0 0
0.5720 -0.0023 -0.0228 0 0 0 0
0.5866 -0.0007 -0.0085 -10 0 0 0
0.5908 -0.0011 -0.0072 -10 0 0 0
0.5762 -0.0009 -0.0036 -10 0 0 0
0.5908 -0.0006 -0.0046 -10 0 0 0
0.5908 -0.0005 -0.0058 0 0 0 0
0.5908 -0.0004 0.0322 -10 0 0 0
0.5846 -0.0005 0.0317 -10 0 0 0
0.5929 -0.0006 0.0558 0 0 0 0
0.5908 -0.0005 0.0598 -10 0 0 0
0.5929 -0.0011 0.0372 -10 0 0 0
0.6075 -0.0012 0.0262 0 0 0 0
0.5762 -0.0013 0.0160 -10 0 0 0
0.5804 -0.0015 0.0185 -10 0 0 0
0.5804 -0.0017 0.0144 -10 0 0 0
0.5574 -0.0017 0.0144 -10 0 0 0
0.5741 -0.0021 0.0120 0 0 0 0
0.5929 -0.0004 0.1136 -10 0 0 0
0.5762 -0.0010 0.1179 -10 0 0 0
0.5971 -0.0005 0.1199 -10 0 0 0
0.5971 -0.0013 0.1420 -10 0 0 0
0.5783 -0.0013 0.1420 -10 0 0 0
0.5992 -0.0015 0.1092 -10 0 0 0
0.5804 -0.0019 0.1091 -10 0 0 0
0.5658 -0.0017 0.0811 -10 0 0 0
0.5658 -0.0017 0.0811 -10 0 0 0
0.6013 -0.0014 0.0792 -10 0 0 0
0.5678 -0.0013 0.0545 -10 0 0 0
0.5720 -0.0012 0.0557 -10 0 0 0
0.5741 -0.0015 0.0403 0 0 0 0
0.5866 -0.0020 0.0400 -10 0 0 0
0.5887 -0.0024 0.0317 -10 0 0 0
0.5887 -0.0024 0.0317 -10 0 0 0
0.5992 -0.0027 0.0191 -10 0 0 0
0.5950 -0.0023 0.0085 -10 0 0 0
0.5950 -0.0023 -0.0031 -10 0 0 0
0.5950 -0.0023 -0.0031 -10 0 0 0
0.5762 -0.0025 -0.0049 -10 0 0 0
0.5846 -0.0027 -0.0119 -10 0 0 0
0.5762 -0.0026 -0.0115 -10 0 0 0
0.5929 -0.0028 -0.0186 -10 0 0 0
0.5887 -0.0027 -0.0182 -10 0 0 0
0.5887 -0.0027 -0.0182 -10 0 0 0
0.5887 -0.0022 -0.0205 -10 0 0 0
0.5616 -0.0017 -0.0189 -10 0 0 0
0.5637 -0.0010 -0.0203 -10 0 0 0
0.5511 -0.0005 -0.0188 -10 0 0 0
0.5866 -0.0003 -0.0199 -10 0 0 0
0.5866 -0.0003 -0.0199 -10 0 0 0
0.5595 -0.0002 -0.0196 -10 0 0 0
0.5595 -0.0010 -0.0229 -10 0 0 0
0.5678 -0.0013 -0.0221 -10 0 0 0
0.5449 -0.0018 -0.0229 -10 0 0 0
0.5846 -0.0018 -0.0240 -10 0 0 0
0.5846 -0.0018 -0.0240 -10 0 0 0
0.5866 -0.0022 -0.0232 -10 0 0 0
0.5783 -0.0015 -0.0232 0 0 0 0
0.5762 -0.0011 -0.0247 -10 0 0 0
0.5929 -0.0013 -0.0235 -10 0 0 0
0.5804 -0.0015 -0.0229 -10 0 0 0
0.6138 -0.0015 -0.0227 -10 0 0 0
0.6138 -0.0015 -0.0227 -10 0 0 0
0.6033 -0.0013 -0.0225 -10 0 0 0
0.5762 -0.0010 -0.0222 0 0 0 0
0.6054 -0.0008 -0.0225 -10 0 0 0
0.5992 -0.0008 -0.0213 -10 0 0 0
0.6013 -0.0012 -0.0207 -10 0 0 0
0.5971 -0.0013 -0.0210 -10 0 0 0
0.5887 -0.0018 -0.0217 0 0 0 0
0.5804 -0.0028 -0.0221 -10 0 0 0
0.5783 -0.0025 -0.0217 -10 0 0 0
0.6138 -0.0023 -0.0218 -10 0 0 0
0.6033 -0.0016 -0.0221 -10 0 0 0
0.5846 -0.0012 -0.0204 -10 0 0 0
0.5846 -0.0012 -0.0204 -10 0 0 0
0.6159 -0.0008 -0.0205 -10 0 0 0
0.6033 -0.0009 -0.0208 -10 0 0 0
0.5699 -0.0012 -0.0197 -10 0 0 0
0.5699 -0.0012 -0.0197 -10 0 0 0
0.5720 -0.0017 -0.0188 -10 0 0 0
0.6180 -0.0017 -0.0188 -10 0 0 0
0.6033 -0.0019 -0.0171 -10 0 0 0
0.5866 -0.0013 -0.0178 -10 0 0 0
0.5908 -0.0010 -0.0182 -10 0 0 0
0.5887 -0.0009 -0.0200 -10 0 0 0
0.5887 -0.0009 -0.0200 0 0 0 0
0.5846 -0.0020 -0.0195 0 0 0 10
0.6200 0.0003 -0.0128 0 0 0 10
0.6054 -0.0005 -0.0087 0 0 0 0
0.6367 0.0010 -0.0074 0 0 0 10
0.6305 0.0009 -0.0044 0 0 0 0
0.6347 0.0000 -0.0000 0 0 0 10
0.6347 0.0003 0.0006 0 0 0 0
0.6180 -0.0010 0.0023 -10 0 0 0
0.6367 -0.0017 0.0016 -10 0 0 0
0.6451 -0.0024 0.0022 -10 0 0 0
0.6514 -0.0030 0.0026 -10 0 0 0
0.6409 -0.0033 0.0028 -10 0 0 0
0.6388 -0.0030 0.0025 -10 0 0 0
0.6388 -0.0023 0.0030 -10 0 0 0
0.6388 -0.0023 0.0030 -10 0 0 0
0.6263 -0.0024 0.0026 -10 0 0 0
0.6430 -0.0028 0.0034 -10 0 0 0
0.6284 -0.0028 0.0033 -10 0 0 0
0.6221 -0.0025 0.0031 0 0 0 0
0.6305 -0.0017 0.0040 -10 0 0 0
0.6284 -0.0022 0.0048 -10 0 0 0
0.6326 -0.0017 0.0049 -10 0 0 0
0.6221 -0.0017 0.0049 -10 0 0 0
0.6117 -0.0012 0.0047 -10 0 0 0
0.6305 -0.0006 0.0053 -10 0 0 0
0.6096 -0.0007 0.0060 -10 0 0 0
0.6284 -0.0005 0.0061 -10 0 0 0
0.6326 -0.0007 0.0052 -10 0 0 0
0.6263 -0.0012 0.0055 -10 0 0 0
0.6388 -0.0012 0.0049 -10 0 0 0
0.6159 -0.0013 0.0055 -10 0 0 0
0.6159 -0.0013 0.0055 -10 0 0 0
0.6075 -0.0008 0.0060 -10 0 0 0
0.6263 0.0000 0.0057 -10 0 0 0
0.6263 0.0002 0.0074 -10 0 0 0
0.6388 0.0003 0.0074 -10 0 0 0
0.6388 0.0003 0.0074 -10 0 0 0
0.6180 -0.0003 0.0075 -10 0 0 0
0.6242 -0.0005 0.0081 -10 0 0 0
0.6242 -0.0002 0.0107 0 0 0 0
0.6138 -0.0006 0.0106 -10 0 0 0
0.6159 -0.0020 0.0107 -10 0 0 0
0.6367 -0.0014 0.0107 -10 0 0 0
0.6347 -0.0008 0.0098 -10 0 0 0
0.6033 0.0001 0.0095 -10 0 0 0
0.6033 0.0001 0.0095 -10 0 0 0
0.6013 -0.0001 0.0094 -10 0 0 0
0.5887 -0.0005 0.0095 0 0 0 0
0.6013 -0.0006 0.0097 -10 0 0 0
0.6054 -0.0014 0.0103 -10 0 0 0
0.6367 -0.0013 0.0098 -10 0 0 0
0.6159 -0.0010 0.0100 -10 0 0 0
0.6159 -0.0010 0.0100 -10 0 0 0
0.6159 -0.0010 0.0114 -10 0 0 0
0.6284 -0.0009 0.0116 -10 0 0 0
0.6180 -0.0019 0.0139 -10 0 0 0
0.6180 -0.0024 0.0135 -10 0 0 0
0.6180 -0.0024 0.0135 -10 0 0 0
0.6117 -0.0024 0.0150 -10 0 0 0
0.6180 -0.0026 0.0156 -10 0 0 0
0.6075 -0.0022 0.0159 -10 0 0 0
0.6075 -0.0022 0.0159 0 0 0 0
0.5825 -0.0005 0.0173 -10 0 0 0
0.6242 -0.0011 0.0178 -10 0 0 0
0.5866 -0.0013 0.0164 -10 0 0 0
0.5992 -0.0010 0.0163 -10 0 0 0
0.5971 -0.0006 0.0160 -10 0 0 0
0.5971 -0.0006 0.0160 -10 0 0 0
0.5929 -0.0005 0.0160 -10 0 0 0
0.6180 -0.0004 0.0137 -10 0 0 0
0.6138 -0.0005 0.0134 -10 0 0 0
0.6117 -0.0005 0.0121 -10 0 0 0
0.5971 -0.0007 0.0117 -10 0 0 0
0.5887 -0.0006 0.0110 -10 0 0 0
0.5887 -0.0006 0.0110 -10 0 0 0
0.6409 -0.0004 0.0104 -10 0 0 0
0.6054 -0.0005 0.0102 -10 0 0 0
0.6013 -0.0005 0.0101 -10 0 0 0
0.6013 -0.0005 0.0101 -10 0 0 0
0.5971 -0.0002 0.0093 -10 0 0 0
0.5971 -0.0002 0.0093 0 0 0 0
0.5971 -0.0004 0.0086 -10 0 0 0
0.5887 -0.0002 0.0061 -10 0 0 0
0.6117 -0.0002 0.0060 -10 0 0 0
0.6033 -0.0002 0.0060 -10 0 0 0
0.5866 -0.0008 0.0070 -10 0 0 0
0.6033 -0.0010 0.0067 -10 0 0 0
0.5929 -0.0012 0.0062 -10 0 0 0
0.5929 -0.0012 0.0067 -10 0 0 0
0.5950 -0.0010 0.0070 -10 0 0 0
0.6159 -0.0007 0.0067 -10 0 0 0
0.6159 -0.0007 0.0067 -10 0 0 0
0.6242 -0.0004 0.0061 -10 0 0 0
0.6242 -0.0007 0.0055 -10 0 0 0
0.6138 -0.0013 0.0053 -10 0 0 0
0.6138 -0.0013 0.0053 -10 0 0 0
0.6263 -0.0018 0.0043 -10 0 0 0
0.6138 -0.0015 0.0049 -10 0 0 0
0.5992 -0.0003 0.0056 -10 0 0 0
0.5992 -0.0003 0.0056 -10 0 0 0
0.6388 -0.0002 0.0068 -10 0 0 0
0.6388 -0.0002 0.0068 -10 0 0 0
0.6180 -0.0006 0.0055 -10 0 0 0
0.6263 -0.0013 0.0050 -10 0 0 0
0.6263 -0.0013 0.0050 -10 0 0 0
0.6200 -0.0020 0.0046 -10 0 0 0
0.6200 -0.0020 0.0046 -10 0 0 0
0.6388 -0.0023 0.0038 -10 0 0 0
0.6263 -0.0020 0.0049 -10 0 0 0
0.6305 -0.0018 0.0037 -10 0 0 0
0.6305 -0.0018 0.0037 -10 0 0 0
0.6263 -0.0018 0.0047 -10 0 0 0
0.6305 -0.0021 0.0043 -10 0 0 0
0.6159 -0.0022 0.0054 -10 0 0 0
0.6159 -0.0028 0.0069 -10 0 0 0
0.6033 -0.0030 0.0069 -10 0 0 0
0.6033 -0.0030 0.0069 -10 0 0 0
0.5929 -0.0026 0.0079 -10 0 0 0
0.6013 -0.0020 0.0121 -10 0 0 0
0.6242 -0.0017 0.0132 -10 0 0 0
0.6284 -0.0014 0.0134 -10 0 0 0
0.6367 -0.0019 0.0162 -10 0 0 0
0.6367 -0.0019 0.0162 -10 0 0 0
0.6054 -0.0015 0.0193 -10 0 0 0
0.6054 -0.0015 0.0193 -10 0 0 0
0.6305 -0.0012 0.0200 -10 0 0 0
0.6451 -0.0007 0.0182 -10 0 0 0
0.6096 -0.0007 0.0174 -10 0 0 0
0.6096 -0.0007 0.0174 -10 0 0 0
0.6180 -0.0008 0.0168 -10 0 0 0
0.6451 -0.0015 0.0130 -10 0 0 0
0.6159 -0.0023 0.0136 -10 0 0 0
0.6075 -0.0027 0.0150 -10 0 0 0
0.6075 -0.0027 0.0150 0 0 0 0
0.6305 -0.0020 0.0150 -10 0 0 0
0.6388 -0.0027 0.0117 -10 0 0 0
0.6221 -0.0026 0.0106 -10 0 0 0
0.6347 -0.0024 0.0096 -10 0 0 0
0.6388 -0.0023 0.0097 -10 0 0 0
0.6180 -0.0021 0.0106 -10 0 0 0
0.6180 -0.0021 0.0106 -10 0 0 0
0.6367 -0.0014 0.0098 -10 0 0 0
0.6367 -0.0014 0.0098 -10 0 0 0
0.6284 -0.0015 0.0106 -10 0 0 0
0.6242 -0.0011 0.0116 0 0 0 0
0.6388 -0.0010 0.0225 -10 0 0 0
0.6347 -0.0011 0.0292 -10 0 0 0
0.6388 -0.0018 0.0311 -10 0 0 0
0.6451 -0.0014 0.0328 -10 0 0 0
0.6534 -0.0012 0.0316 -10 0 0 0
0.6534 -0.0012 0.0316 0 0 0 0
0.6284 -0.0001 0.0314 -10 0 0 0
0.6054 -0.0017 0.0283 -10 0 0 0
0.6054 -0.0017 0.0283 -10 0 0 0
0.6180 -0.0012 0.0294 0 0 0 0
0.6326 -0.0008 0.0267 -10 0 0 0
0.6284 -0.0000 0.0263 -10 0 0 0
0.6305 -0.0005 0.0228 -10 0 0 0
0.6138 -0.0007 0.0226 -10 0 0 0
0.6138 -0.0007 0.0226 0 0 0 0
0.6096 -0.0006 0.0208 -10 0 0 0
0.6200 -0.0013 0.0254 -10 0 0 0
0.6200 -0.0013 0.0254 -10 0 0 0
0.6159 -0.0009 0.0250 0 0 0 0
0.6054 0.0005 0.0249 -10 0 0 0
0.6200 0.0006 0.0218 -10 0 0 0
0.5992 0.0004 0.0204 -10 0 0 0
0.6033 0.0005 0.0213 -10 0 0 0
0.6326 -0.0000 0.0209 -10 0 0 0
0.5992 -0.0003 0.0197 0 0 0 0
0.6075 -0.0010 0.0192 -10 0 0 0
0.6200 -0.0016 0.0168 -10 0 0 0
0.6200 -0.0016 0.0168 -10 0 0 0
0.6180 -0.0012 0.0145 -10 0 0 0
0.6075 -0.0010 0.0147 -10 0 0 0
0.6221 -0.0007 0.0146 0 0 0 0
0.6221 -0.0007 0.0146 -10 0 0 0
0.6200 -0.0004 0.0154 -10 0 0 0
0.6159 -0.0002 0.0155 -10 0 0 0
0.6096 -0.0000 0.0155 -10 0 0 0
0.6388 0.0001 0.0157 -10 0 0 0
0.6388 0.0001 0.0157 0 0 0 0
0.6138 -0.0000 0.0161 -10 0 0 0
0.6013 -0.0004 0.0175 -10 0 0 0
0.6347 -0.0005 0.0170 -10 0 0 0
0.6284 -0.0004 0.0180 -10 0 0 0
0.6075 -0.0002 0.0183 -10 0 0 0
0.6096 -0.0003 0.0193 0 0 0 0
0.6221 0.0002 0.0208 -10 0 0 0
0.6159 -0.0000 0.0183 -10 0 0 0
0.6242 -0.0008 0.0150 -10 0 0 0
0.6242 -0.0008 0.0150 -10 0 0 0
0.6284 -0.0010 0.0157 -10 0 0 0
0.6514 -0.0010 0.0157 -10 0 0 0
0.6284 -0.0012 0.0154 -10 0 0 0
0.6493 -0.0015 0.0142 -10 0 0 0
0.6493 -0.0016 0.0135 -10 0 0 0
0.6117 -0.0018 0.0114 -10 0 0 0
0.6117 -0.0018 0.0114 -10 0 0 0
0.6075 -0.0016 0.0103 0 0 0 0
0.6430 -0.0026 0.0029 0 0 0 -10
0.6096 -0.0026 0.0034 0 0 0 0
0.6221 -0.0025 0.0014 0 0 0 -10
0.6326 -0.0028 0.0002 0 0 0 0
0.6159 -0.0032 0.0016 -10 0 0 0
0.6326 -0.0035 0.0025 -10 0 0 0
0.6347 -0.0035 0.0060 -10 0 0 0
0.6388 -0.0035 0.0064 -10 0 0 0
0.6180 -0.0035 0.0045 -10 0 0 0
0.6180 -0.0035 0.0045 -10 0 0 0
0.6284 -0.0028 0.0058 0 0 0 0
0.6347 -0.0016 0.0055 -10 0 0 0
0.6493 -0.0012 0.0056 -10 0 0 0
0.6367 -0.0012 0.0064 -10 0 0 0
0.6472 -0.0012 0.0059 -10 0 0 0
0.6242 -0.0011 0.0055 -10 0 0 0
0.6242 -0.0011 0.0055 0 0 0 0
0.6388 -0.0011 0.0066 -10 0 0 0
0.6367 -0.0011 0.0089 -10 0 0 0
0.6430 -0.0013 0.0080 -10 0 0 0
0.6347 -0.0014 0.0076 -10 0 0 0
0.6347 -0.0014 0.0076 -10 0 0 0
0.6409 -0.0016 0.0059 0 0 0 0
0.6409 -0.0011 0.0052 -10 0 0 0
0.6242 -0.0010 0.0031 -10 0 0 0
0.6284 -0.0008 0.0042 -10 0 0 0
0.6117 -0.0012 0.0040 0 0 0 0
0.6221 -0.0010 0.0075 -10 0 0 0
0.6284 -0.0010 0.0065 -10 0 0 0
0.6326 -0.0005 0.0075 0 0 0 0
0.6451 -0.0008 0.0079 -10 0 0 0
0.6367 -0.0023 0.0094 -10 0 0 0
0.6409 -0.0023 0.0111 -10 0 0 0
0.6388 -0.0022 0.0111 0 0 0 0
0.6472 -0.0018 0.0114 -10 0 0 0
0.6451 -0.0025 0.0126 -10 0 0 0
0.6388 -0.0029 0.0137 -10 0 0 0
0.6159 -0.0030 0.0137 0 0 0 0
0.6242 -0.0025 0.0117 -10 0 0 0
0.6138 -0.0020 0.0107 -10 0 0 0
0.6451 -0.0023 0.0106 -10 0 0 0
0.6367 -0.0027 0.0101 0 0 0 0
0.6388 -0.0026 0.0092 -10 0 0 0
0.6305 -0.0026 0.0092 -10 0 0 0
0.6367 -0.0031 0.0088 -10 0 0 0
0.6388 -0.0024 0.0080 0 0 0 0
0.6221 -0.0022 0.0083 -10 0 0 0
0.6138 -0.0023 0.0085 -10 0 0 0
0.6326 -0.0025 0.0072 -10 0 0 0
0.6200 -0.0024 0.0037 -10 0 0 0
0.6430 -0.0022 0.0031 0 0 0 0
0.6472 -0.0019 -0.0023 -10 0 0 0
0.6618 -0.0006 -0.0023 -10 0 0 0
0.6367 0.0000 -0.0023 -10 0 0 0
0.6409 0.0000 -0.0059 0 0 0 0
0.6639 -0.0010 -0.0045 -10 0 0 0
0.6764 -0.0023 -0.0055 -10 0 0 0
0.6764 -0.0023 -0.0055 -10 0 0 0
0.6493 -0.0012 -0.0037 -10 0 0 0
0.6305 -0.0007 -0.0038 0 0 0 0
0.6388 -0.0005 -0.0041 -10 0 0 0
0.6367 -0.0018 -0.0055 -10 0 0 0
0.6284 -0.0025 -0.0050 -10 0 0 0
0.6284 -0.0032 -0.0056 0 0 0 0
0.6096 -0.0029 -0.0074 -10 0 0 0
0.6305 -0.0022 -0.0066 -10 0 0 0
0.6326 -0.0025 -0.0065 -10 0 0 0
0.6514 -0.0025 -0.0059 -10 0 0 0
0.6514 -0.0025 -0.0059 -10 0 0 0
0.6221 -0.0023 -0.0074 0 0 0 0
0.6430 -0.0015 -0.0054 -10 0 0 0
0.6451 -0.0011 -0.0044 -10 0 0 0
0.6451 -0.0011 -0.0044 -10 0 0 0
0.6326 -0.0012 -0.0025 0 0 0 0
0.6597 -0.0014 -0.0003 -10 0 0 0
0.6451 -0.0012 0.0016 -10 0 0 0
0.6493 -0.0010 0.0016 0 0 0 0
0.6200 -0.0013 0.0033 -10 0 0 0
0.6409 -0.0022 0.0018 -10 0 0 0
0.6367 -0.0023 0.0005 -10 0 0 0
0.6576 -0.0025 0.0006 -10 0 0 0
0.6514 -0.0023 0.0008 -10 0 0 0
0.6514 -0.0023 0.0008 0 0 0 0
0.6451 -0.0027 0.0005 -10 0 0 0
0.6681 -0.0025 0.0010 -10 0 0 0
0.6681 -0.0025 0.0010 -10 0 0 0
0.6681 -0.0025 0.0010 -10 0 0 0
0.6681 -0.0025 0.0010 0 0 0 0
0.6472 -0.0027 -0.0023 -10 0 0 0
0.6493 -0.0016 -0.0005 -10 0 0 0
0.6639 -0.0016 -0.0003 -10 0 0 0
0.6576 -0.0016 0.0022 -10 0 0 0
0.6367 -0.0015 0.0024 0 0 0 0
0.6284 -0.0011 0.0000 -10 0 0 0
0.6430 -0.0005 0.0009 -10 0 0 0
0.6263 -0.0010 0.0019 -10 0 0 0
0.6242 -0.0017 0.0006 -10 0 0 0
0.6534 -0.0017 -0.0001 -10 0 0 0
0.6534 -0.0017 -0.0001 0 0 0 0
0.6493 -0.0019 0.0003 -10 0 0 0
0.6534 -0.0007 0.0016 -10 0 0 0
0.6639 -0.0010 0.0018 -10 0 0 0
0.6639 -0.0010 0.0018 -10 0 0 0
0.6681 -0.0015 0.0022 0 0 0 0
0.6555 -0.0020 0.0022 -10 0 0 0
0.6639 -0.0012 -0.0001 -10 0 0 0
0.6639 -0.0010 0.0005 -10 0 0 0
0.6785 -0.0010 0.0005 -10 0 0 0
0.6660 -0.0014 -0.0025 0 0 0 0
0.6910 -0.0020 -0.0025 -10 0 0 0
0.6284 -0.0017 -0.0038 -10 0 0 0
0.6347 -0.0014 -0.0029 0 0 0 0
0.6159 -0.0005 -0.0005 -10 0 0 0
0.6451 -0.0013 0.0005 0 0 0 0
0.6597 -0.0005 -0.0016 -10 0 0 0
0.6242 0.0001 -0.0019 -10 0 0 0
0.6180 -0.0000 -0.0029 0 0 0 0
0.6514 -0.0004 0.0015 -10 0 0 0
0.6493 -0.0010 0.0028 -10 0 0 0
0.6639 -0.0002 0.0028 0 0 0 0
0.6534 -0.0015 0.0030 -10 0 0 0
0.6493 -0.0020 0.0037 -10 0 0 0
0.6493 -0.0020 0.0037 -10 0 0 0
0.6284 -0.0020 0.0036 0 0 0 0
0.6597 -0.0022 0.0039 -10 0 0 0
0.6639 -0.0029 0.0034 -10 0 0 0
0.6555 -0.0030 0.0036 -10 0 0 0
0.6639 -0.0030 -0.0010 -10 0 0 0
0.6660 -0.0031 -0.0010 0 0 0 0
0.6555 -0.0024 -0.0037 -10 0 0 0
0.6305 -0.0023 -0.0052 -10 0 0 0
0.6514 -0.0030 -0.0045 -10 0 0 0
0.6514 -0.0030 -0.0045 -10 0 0 0
0.6681 -0.0032 -0.0046 0 0 0 0
0.6514 -0.0022 -0.0067 -10 0 0 0
0.6534 -0.0012 -0.0117 -10 0 0 0
0.6347 -0.0018 -0.0121 -10 0 0 0
0.6514 -0.0022 -0.0116 -10 0 0 0
0.6555 -0.0019 -0.0118 0 0 0 0
0.6701 -0.0017 -0.0134 -10 0 0 0
0.6618 -0.0021 -0.0083 -10 0 0 0
0.6472 -0.0022 -0.0060 -10 0 0 0
0.6472 -0.0022 -0.0060 0 0 0 0
0.6660 -0.0022 -0.0063 -10 0 0 0
0.6618 -0.0028 -0.0034 -10 0 0 0
0.6493 -0.0025 -0.0026 0 0 0 0
0.6743 -0.0011 0.0107 -10 0 0 0
0.6743 -0.0002 0.0132 -10 0 0 0
0.6576 -0.0005 0.0135 -10 0 0 0
0.6597 0.0002 0.0102 0 0 0 0
0.6848 -0.0003 0.0092 0 0 0 -10
