0.6013 0.0001 0.0067 -10 0 0 0
0.5846 -0.0002 0.1964 -10 0 0 0
0.6138 -0.0007 0.0167 -10 0 0 0
0.6138 -0.0007 0.0167 -10 0 0 0
0.6159 -0.0005 0.1792 -10 0 0 0
0.6013 -0.0003 0.1792 -10 0 0 0
0.6138 -0.0003 0.1795 -10 0 0 0
0.5908 0.0003 0.1793 -10 0 0 0
0.5908 0.0003 0.1793 -10 0 0 0
0.5971 0.0003 0.1793 -10 0 0 0
0.5887 0.0002 0.1795 -10 0 0 0
0.5887 -0.0000 0.1796 -10 0 0 0
0.6033 -0.0000 0.1795 -10 0 0 0
0.6033 -0.0000 0.1795 -10 0 0 0
0.6159 -0.0001 0.0206 -10 0 0 0
0.6054 0.0005 0.0209 -10 0 0 0
0.5929 0.0004 0.0213 -10 0 0 0
0.5950 0.0006 0.0209 -10 0 0 0
0.5950 0.0006 0.0209 -10 0 0 0
0.6013 -0.0000 0.0212 -10 0 0 0
0.5950 -0.0003 0.0196 -10 0 0 0
0.5971 -0.0007 0.0202 -10 0 0 0
0.5866 -0.0007 0.0204 -10 0 0 0
0.5866 -0.0007 0.0204 -10 0 0 0
0.6033 -0.0003 0.0199 -10 0 0 0
0.6138 -0.0003 0.0204 -10 0 0 0
0.6033 0.0000 0.0193 -10 0 0 0
0.6138 0.0003 0.0189 -10 0 0 0
0.6054 0.0005 0.0185 -10 0 0 0
0.6054 0.0005 0.0185 -10 0 0 0
0.6138 0.0006 0.0182 -10 0 0 0
0.6159 0.0003 0.0176 -10 0 0 0
0.6180 0.0003 0.0177 -10 0 0 0
0.6284 -0.0002 0.0166 -10 0 0 0
0.6284 -0.0002 0.0166 -10 0 0 0
0.6326 -0.0008 0.0170 -10 0 0 0
0.6159 -0.0013 0.0165 -10 0 0 0
0.6242 -0.0011 0.0165 -10 0 0 0
0.6054 -0.0008 0.0162 -10 0 0 0
0.6138 -0.0006 0.0148 -10 0 0 0
0.6138 -0.0006 0.0148 -10 0 0 0
0.5992 -0.0012 0.0148 -10 0 0 0
0.5992 -0.0012 0.0143 -10 0 0 0
0.5971 -0.0011 0.0140 -10 0 0 0
0.5783 -0.0011 0.0125 -10 0 0 0
0.5783 -0.0011 0.0125 -10 0 0 0
0.6033 -0.0005 0.0137 -10 0 0 0
0.6075 -0.0002 0.0119 -10 0 0 0
0.6138 0.0001 0.0121 -10 0 0 0
0.6138 0.0001 0.0121 -10 0 0 0
0.6138 0.0002 0.0118 -10 0 0 0
0.5992 -0.0002 0.0114 -10 0 0 0
0.6075 -0.0004 0.0121 -10 0 0 0
0.6033 -0.0010 0.0136 -10 0 0 0
0.6180 -0.0016 0.0157 -10 0 0 0
0.6180 -0.0016 0.0157 -10 0 0 0
0.6159 -0.0018 0.0163 -10 0 0 0
0.6159 -0.0018 0.0163 -10 0 0 0
0.6054 -0.0018 0.0137 -10 0 0 0
0.6054 -0.0017 0.0130 -10 0 0 0
0.6054 -0.0017 0.0130 -10 0 0 0
0.5846 -0.0023 0.0103 -10 0 0 0
0.5846 -0.0023 0.0103 -10 0 0 0
0.5929 -0.0023 0.0093 -10 0 0 0
0.6138 -0.0021 0.0091 -10 0 0 0
0.6033 -0.0014 0.0098 -10 0 0 0
0.6138 -0.0014 0.0109 -10 0 0 0
0.6138 -0.0014 0.0109 -10 0 0 0
0.6075 -0.0015 0.0112 0 0 0 0
0.6242 -0.0020 0.0158 -10 0 0 0
0.6159 -0.0021 0.0178 -10 0 0 0
0.6117 -0.0023 0.0135 -10 0 0 0
0.6117 -0.0023 0.0135 -10 0 0 0
0.6159 -0.0020 0.0020 -10 0 0 0
0.6159 -0.0020 0.0020 -10 0 0 0
0.6117 -0.0015 -0.0003 -10 0 0 0
0.6200 -0.0012 0.0014 -10 0 0 0
0.6159 -0.0007 0.0033 -10 0 0 0
0.6033 -0.0004 0.0052 -10 0 0 0
0.6033 -0.0004 0.0052 -10 0 0 0
0.6117 -0.0005 0.0043 -10 0 0 0
0.6326 -0.0008 0.0079 -10 0 0 0
0.6180 -0.0009 0.0086 -10 0 0 0
0.6180 -0.0009 0.0086 0 0 0 0
0.6388 -0.0025 0.0198 -10 0 0 0
0.6409 -0.0024 0.0197 -10 0 0 0
0.6409 -0.0024 0.0197 -10 0 0 0
0.6075 -0.0020 0.0148 -10 0 0 0
0.6221 -0.0012 0.0177 -10 0 0 0
0.6033 -0.0013 0.0184 -10 0 0 0
0.6096 -0.0017 0.0208 -10 0 0 0
0.6221 -0.0018 0.0208 -10 0 0 0
0.6221 -0.0018 0.0208 -10 0 0 0
0.6514 -0.0026 0.0194 -10 0 0 0
0.6242 -0.0019 0.0199 0 0 0 0
0.6242 -0.0017 0.0233 -10 0 0 0
0.6138 -0.0024 0.0246 -10 0 0 0
0.6180 -0.0025 0.0234 -10 0 0 0
0.6054 -0.0026 0.0230 -10 0 0 0
0.6054 -0.0026 0.0230 -10 0 0 0
0.5971 -0.0025 0.0227 -10 0 0 0
0.5908 -0.0022 0.0235 -10 0 0 0
0.5887 -0.0017 0.0235 -10 0 0 0
0.5887 -0.0017 0.0235 -10 0 0 0
0.5908 -0.0018 0.0235 -10 0 0 0
0.6159 -0.0024 0.0236 0 0 0 0
0.6305 -0.0012 0.0226 0 0 0 -10
0.6514 -0.0019 0.0216 0 0 0 0
0.5992 -0.0019 0.0190 -10 0 0 0
0.6033 -0.0008 0.0152 -10 0 0 0
0.6096 -0.0006 0.0125 -10 0 0 0
0.6117 -0.0002 0.0124 -10 0 0 0
0.6054 -0.0000 0.0124 -10 0 0 0
0.6054 0.0003 0.0121 -10 0 0 0
0.6054 0.0003 0.0121 0 0 0 0
0.5908 -0.0009 0.0133 -10 0 0 0
0.6096 -0.0008 0.0137 -10 0 0 0
0.6159 -0.0005 0.0140 -10 0 0 0
0.6221 -0.0002 0.0136 -10 0 0 0
0.6221 -0.0005 0.0129 -10 0 0 0
0.6221 -0.0005 0.0129 0 0 0 0
0.6242 0.0013 0.0114 -10 0 0 0
0.6075 0.0010 0.0138 -10 0 0 0
0.6075 0.0010 0.0138 -10 0 0 0
0.6409 0.0000 0.0133 0 0 0 0
0.6263 -0.0007 0.0145 -10 0 0 0
0.6159 -0.0005 0.0153 -10 0 0 0
0.6075 -0.0005 0.0144 -10 0 0 0
0.6326 -0.0005 0.0138 -10 0 0 0
0.6326 -0.0005 0.0138 0 0 0 0
0.6117 -0.0013 0.0152 -10 0 0 0
0.6200 -0.0015 0.0169 -10 0 0 0
0.6200 -0.0015 0.0169 -10 0 0 0
0.6054 -0.0014 0.0174 -10 0 0 0
0.6096 -0.0017 0.0168 0 0 0 0
0.6263 -0.0018 0.0158 0 0 0 -10
0.6284 -0.0015 0.0154 0 0 0 -10
0.6180 -0.0008 0.0136 0 0 0 -10
0.6221 -0.0008 0.0121 0 0 0 0
0.6180 -0.0012 0.0104 -10 0 0 0
0.6347 -0.0012 0.0092 -10 0 0 0
0.6451 -0.0013 0.0062 -10 0 0 0
0.6263 -0.0015 0.0058 -10 0 0 0
0.6430 -0.0012 0.0048 -10 0 0 0
0.6367 -0.0011 0.0046 -10 0 0 0
0.6409 -0.0008 0.0070 -10 0 0 0
0.6117 -0.0007 0.0091 -10 0 0 0
0.6159 -0.0007 0.0090 -10 0 0 0
0.6096 -0.0015 0.0106 0 0 0 0
0.6138 -0.0016 0.0129 0 0 0 -10
0.6096 -0.0014 0.0129 0 0 0 -10
0.6200 -0.0019 0.0112 0 0 0 0
0.6388 -0.0009 0.0113 -10 0 0 0
0.6430 -0.0017 0.0101 -10 0 0 0
0.6430 -0.0017 0.0101 -10 0 0 0
0.6430 -0.0017 0.0101 -10 0 0 0
0.6430 -0.0017 0.0101 0 0 0 0
0.6409 -0.0021 0.0083 -10 0 0 0
0.6347 -0.0043 0.0080 -10 0 0 0
0.6409 -0.0031 0.0080 -10 0 0 0
0.6451 -0.0028 0.0091 0 0 0 0
0.6284 -0.0031 0.0090 -10 0 0 0
0.6284 -0.0030 0.0084 -10 0 0 0
0.6493 -0.0027 0.0074 -10 0 0 0
0.6180 -0.0025 0.0071 -10 0 0 0
0.6388 -0.0026 0.0064 0 0 0 0
0.6639 -0.0025 0.0060 -10 0 0 0
0.6409 -0.0022 0.0047 -10 0 0 0
0.6388 -0.0020 0.0046 -10 0 0 0
0.6555 -0.0020 0.0039 -10 0 0 0
0.6701 -0.0022 0.0038 0 0 0 0
0.6409 -0.0023 0.0035 -10 0 0 0
0.6388 -0.0017 -0.0013 -10 0 0 0
0.6409 -0.0014 -0.0012 -10 0 0 0
0.6472 -0.0013 -0.0047 0 0 0 0
0.6388 -0.0032 -0.0061 -10 0 0 0
0.6660 -0.0037 -0.0075 -10 0 0 0
0.6639 -0.0030 -0.0077 -10 0 0 0
0.6618 -0.0022 -0.0090 -10 0 0 0
0.6722 -0.0017 -0.0084 0 0 0 0
0.6701 -0.0012 -0.0047 -10 0 0 0
0.6534 -0.0030 -0.0021 -10 0 0 0
0.6430 -0.0030 -0.0011 -10 0 0 0
0.6430 -0.0030 -0.0011 0 0 0 0
0.6430 -0.0016 0.0014 -10 0 0 0
0.6326 -0.0016 0.0026 -10 0 0 0
0.6326 -0.0016 0.0026 0 0 0 0
0.6514 -0.0013 0.0054 -10 0 0 0
0.6326 -0.0003 0.0058 -10 0 0 0
0.6347 -0.0007 0.0103 -10 0 0 0
0.6430 -0.0007 0.0103 0 0 0 0
0.6326 -0.0007 0.0120 -10 0 0 0
0.6597 -0.0012 0.0145 -10 0 0 0
0.6743 -0.0011 0.0180 -10 0 0 0
0.6722 -0.0011 0.0199 0 0 0 0
0.6493 -0.0015 0.0228 -10 0 0 0
0.6347 -0.0013 0.0204 -10 0 0 0
0.6639 -0.0012 0.0205 -10 0 0 0
0.6534 -0.0013 0.0203 0 0 0 0
0.6618 -0.0016 0.0224 -10 0 0 0
0.6388 -0.0016 0.0215 -10 0 0 0
0.6388 -0.0013 0.0211 0 0 0 0
0.6618 -0.0010 0.0184 -10 0 0 0
0.6451 -0.0007 0.0163 0 0 0 0
0.6493 -0.0008 0.0132 -10 0 0 0
0.6263 -0.0009 0.0117 -10 0 0 0
0.6367 -0.0010 0.0107 0 0 0 0
0.6367 -0.0009 0.0090 -10 0 0 0
0.6347 -0.0016 0.0066 -10 0 0 0
0.6284 -0.0017 0.0081 0 0 0 0
0.6305 -0.0009 0.0089 -10 0 0 0
0.6451 -0.0002 0.0078 -10 0 0 0
0.6618 0.0002 0.0036 0 0 0 0
0.6221 0.0010 0.0047 -10 0 0 0
0.6597 -0.0002 0.0046 -10 0 0 0
0.6514 -0.0002 0.0046 -10 0 0 0
0.6639 0.0000 0.0047 0 0 0 0
0.6409 0.0004 0.0043 -10 0 0 0
0.6451 0.0005 0.0054 -10 0 0 0
0.6618 0.0006 0.0059 0 0 0 0
0.6409 0.0000 0.0034 -10 0 0 0
0.6221 -0.0013 0.0016 -10 0 0 0
0.6451 -0.0012 -0.0059 0 0 0 0
0.6159 -0.0014 -0.0060 -10 0 0 0
0.6409 -0.0007 -0.0075 -10 0 0 0
0.6472 -0.0009 -0.0065 -10 0 0 0
0.6472 -0.0009 -0.0065 0 0 0 0
0.6451 -0.0007 -0.0049 -10 0 0 0
0.6347 -0.0013 -0.0007 -10 0 0 0
0.6305 -0.0012 -0.0007 0 0 0 0
0.6159 -0.0010 -0.0018 -10 0 0 0
0.6347 -0.0016 0.0036 -10 0 0 0
0.6200 -0.0016 0.0036 -10 0 0 0
0.6367 -0.0017 0.0045 0 0 0 0
0.6430 -0.0017 0.0034 -10 0 0 0
0.6347 -0.0028 -0.0016 -10 0 0 0
0.6493 -0.0028 -0.0034 0 0 0 0
0.6493 -0.0025 0.0016 -10 0 0 0
0.6221 -0.0013 -0.0027 0 0 0 0
0.6326 -0.0015 -0.0033 -10 0 0 0
0.6367 -0.0015 -0.0028 -10 0 0 0
0.6117 -0.0012 -0.0037 -10 0 0 0
0.5908 -0.0010 -0.0039 0 0 0 0
0.6263 -0.0014 -0.0090 -10 0 0 0
0.6075 -0.0023 -0.0095 0 0 0 0
0.6159 -0.0011 -0.0075 -10 0 0 0
0.6347 -0.0017 -0.0070 -10 0 0 0
0.6180 -0.0010 -0.0150 -10 0 0 0
0.6284 -0.0010 -0.0135 -10 0 0 0
0.6138 -0.0013 -0.0202 0 0 0 0
0.6263 -0.0017 -0.0220 -10 0 0 0
0.6096 -0.0015 -0.0292 -10 0 0 0
0.6388 -0.0014 -0.0260 -10 0 0 0
0.6054 -0.0012 -0.0257 -10 0 0 0
0.5992 -0.0012 -0.0252 0 0 0 0
0.6367 -0.0015 -0.0162 0 0 0 10
0.6284 -0.0011 -0.0206 0 0 0 10
0.6284 -0.0011 -0.0206 0 0 0 10
0.6305 -0.0008 -0.0264 0 0 0 0
0.6096 -0.0026 -0.0380 0 0 0 10
0.6159 -0.0012 -0.0312 0 0 0 0
0.6200 -0.0015 -0.0345 0 0 0 10
0.6138 0.0007 -0.0403 0 0 0 0
0.6054 0.0003 -0.0443 0 0 0 10
0.6033 -0.0004 -0.0457 0 0 0 10
0.6033 -0.0018 -0.0468 0 0 0 0
0.6117 -0.0013 -0.0403 0 0 0 10
0.6159 -0.0021 -0.0411 0 0 0 0
0.6242 -0.0024 -0.0385 0 0 0 10
0.6200 -0.0024 -0.0349 0 0 0 10
0.6326 -0.0032 -0.0354 0 0 0 0
0.6075 -0.0020 -0.0344 0 0 0 10
0.6284 -0.0030 -0.0338 0 0 0 0
0.6326 -0.0001 -0.0293 0 0 0 0
0.6430 0.0005 -0.0301 0 0 0 10
0.6305 -0.0004 -0.0279 0 0 0 0
0.6388 -0.0006 -0.0208 0 0 0 10
0.6347 -0.0002 -0.0178 0 0 0 0
0.6555 -0.0017 -0.0120 0 0 0 10
0.6597 -0.0022 -0.0060 0 0 0 0
0.6493 -0.0018 0.0024 -10 0 0 0
0.6430 -0.0014 0.0005 -10 0 0 0
0.6367 -0.0003 0.0004 -10 0 0 0
0.6576 0.0003 0.0014 -10 0 0 0
0.6451 0.0007 0.0008 -10 0 0 0
0.6326 0.0006 -0.0004 0 0 0 0
0.6263 0.0006 -0.0007 -10 0 0 0
0.6013 -0.0003 -0.0025 -10 0 0 0
0.6096 -0.0002 -0.0021 -10 0 0 0
0.6200 -0.0003 -0.0032 -10 0 0 0
0.6263 -0.0006 -0.0029 0 0 0 0
0.6200 -0.0011 -0.0023 -10 0 0 0
0.6451 -0.0004 -0.0005 0 0 0 0
0.6347 -0.0001 -0.0001 -10 0 0 0
0.6221 -0.0007 -0.0004 -10 0 0 0
0.6221 -0.0007 -0.0004 0 0 0 0
0.6409 0.0003 0.0009 -10 0 0 0
0.6242 -0.0003 0.0040 -10 0 0 0
0.6388 -0.0014 0.0052 0 0 0 0
0.6451 -0.0004 0.0108 -10 0 0 0
0.6618 -0.0008 0.0134 -10 0 0 0
0.6409 -0.0023 0.0157 0 0 0 0
0.6555 -0.0013 0.0158 -10 0 0 0
0.6555 -0.0017 0.0204 -10 0 0 0
0.6430 -0.0017 0.0213 -10 0 0 0
0.6430 -0.0017 0.0213 -10 0 0 0
0.6534 -0.0020 0.0238 0 0 0 0
0.6764 -0.0017 0.0261 -10 0 0 0
0.6639 -0.0005 0.0289 -10 0 0 0
0.6534 -0.0013 0.0282 -10 0 0 0
0.6534 -0.0013 0.0282 0 0 0 0
0.7015 -0.0005 0.0302 -10 0 0 0
0.6618 0.0001 0.0311 0 0 0 0
0.6493 -0.0005 0.0327 -10 0 0 0
0.6472 -0.0005 0.0311 -10 0 0 0
0.6534 -0.0004 0.0308 0 0 0 0
0.6534 -0.0005 0.0301 -10 0 0 0
0.6618 0.0010 0.0287 -10 0 0 0
0.6848 0.0003 0.0285 0 0 0 0
0.6618 -0.0003 0.0363 -10 0 0 0
0.6827 -0.0012 0.0369 -10 0 0 0
0.6848 0.0004 0.0375 0 0 0 0
0.6785 -0.0001 0.0362 -10 0 0 0
0.6910 -0.0007 0.0320 -10 0 0 0
0.6931 0.0002 0.0316 0 0 0 0
0.6743 -0.0015 0.0333 -10 0 0 0
0.6848 -0.0020 0.0276 -10 0 0 0
0.6910 -0.0027 0.0315 -10 0 0 0
0.6764 -0.0020 0.0326 0 0 0 0
0.7056 -0.0016 0.0347 -10 0 0 0
0.6910 -0.0018 0.0332 -10 0 0 0
0.6743 -0.0022 0.0320 -10 0 0 0
0.6701 -0.0022 0.0319 0 0 0 0
0.7098 -0.0015 0.0353 0 0 0 -10
0.6889 -0.0010 0.0364 0 0 0 -10
0.6952 -0.0018 0.0363 0 0 0 0
0.6868 -0.0020 0.0348 0 0 0 -10
0.6806 -0.0003 0.0305 0 0 0 -10
0.7098 -0.0005 0.0306 0 0 0 -10
0.6952 -0.0005 0.0297 0 0 0 0
0.6785 -0.0020 0.0249 0 0 0 -10
0.7119 -0.0015 0.0232 0 0 0 -10
0.7140 -0.0015 0.0230 0 0 0 -10
0.7015 -0.0021 0.0226 0 0 0 0
0.6848 -0.0009 0.0212 0 0 0 -10
0.6764 0.0001 0.0176 0 0 0 -10
0.6889 -0.0007 0.0164 0 0 0 0
0.6785 -0.0018 0.0092 0 0 0 -10
0.6576 -0.0014 0.0060 0 0 0 0
0.6555 -0.0003 0.0018 0 0 0 -10
0.6618 -0.0008 0.0029 0 0 0 0
0.6743 -0.0034 0.0085 0 0 0 -10
0.6660 -0.0027 0.0086 0 0 0 0
0.6576 -0.0020 -0.0034 10 0 0 0
0.6555 -0.0013 0.0009 10 0 0 0
0.6618 -0.0015 0.0011 0 0 0 0
0.6388 -0.0023 0.0067 10 0 0 0
0.6493 -0.0022 0.0056 10 0 0 0
0.6597 -0.0015 0.0053 0 0 0 0
0.6555 -0.0011 0.0053 10 0 0 0
0.6514 -0.0008 0.0047 10 0 0 0
0.6597 -0.0023 0.0049 10 0 0 0
0.6785 -0.0032 0.0048 0 0 0 0
0.6639 -0.0019 0.0058 10 0 0 0
0.6722 -0.0019 0.0042 10 0 0 0
0.6597 -0.0016 0.0051 10 0 0 0
0.6472 -0.0012 0.0052 0 0 0 0
0.6806 -0.0012 0.0011 10 0 0 0
0.6701 -0.0004 0.0028 10 0 0 0
0.6848 -0.0004 0.0009 10 0 0 0
0.6618 -0.0014 0.0014 0 0 0 0
0.6618 -0.0018 -0.0047 0 0 0 0
0.6367 -0.0020 -0.0084 -10 0 0 0
0.6722 -0.0012 -0.0096 -10 0 0 0
0.6493 -0.0017 -0.0165 -10 0 0 0
0.6618 -0.0017 -0.0165 -10 0 0 0
0.6660 -0.0014 -0.0166 -10 0 0 0
0.6660 -0.0014 -0.0166 0 0 0 0
0.6555 -0.0010 -0.0179 -10 0 0 0
0.6618 -0.0007 -0.0175 -10 0 0 0
0.6618 -0.0007 -0.0175 -10 0 0 0
0.6618 -0.0007 -0.0175 -10 0 0 0
0.6576 -0.0010 -0.0180 0 0 0 0
0.6701 -0.0009 -0.0213 -10 0 0 0
0.6472 -0.0005 -0.0189 -10 0 0 0
0.6597 -0.0009 -0.0195 -10 0 0 0
0.6555 -0.0014 -0.0195 -10 0 0 0
0.6701 -0.0013 -0.0195 0 0 0 0
0.6639 -0.0005 -0.0209 -10 0 0 0
0.6305 -0.0003 -0.0201 -10 0 0 0
0.6639 -0.0009 -0.0196 -10 0 0 0
0.6597 -0.0013 -0.0209 -10 0 0 0
0.6534 -0.0018 -0.0208 0 0 0 0
0.6409 -0.0017 -0.0181 0 0 0 10
0.6138 -0.0017 -0.0174 0 0 0 10
0.6722 -0.0022 -0.0201 0 0 0 0
0.6430 -0.0032 -0.0197 0 0 0 10
0.6701 -0.0018 -0.0168 0 0 0 0
0.6827 -0.0009 -0.0061 0 0 0 0
0.6701 -0.0004 0.0018 -10 0 0 0
0.6681 -0.0002 -0.0037 -10 0 0 0
0.6660 -0.0015 -0.0033 -10 0 0 0
0.6660 -0.0015 -0.0031 -10 0 0 0
0.6660 -0.0015 -0.0031 0 0 0 0
0.6681 -0.0002 -0.0024 -10 0 0 0
0.6701 -0.0008 -0.0025 -10 0 0 0
0.6764 -0.0015 -0.0022 -10 0 0 0
0.6639 -0.0019 -0.0018 0 0 0 0
0.6743 -0.0017 -0.0046 -10 0 0 0
0.6785 -0.0016 -0.0075 -10 0 0 0
0.6806 -0.0018 -0.0041 -10 0 0 0
0.6701 -0.0019 -0.0036 -10 0 0 0
0.6618 -0.0020 -0.0010 0 0 0 0
0.6597 -0.0011 0.0025 -10 0 0 0
0.6597 -0.0010 0.0010 -10 0 0 0
0.6597 -0.0010 0.0010 -10 0 0 0
0.6597 -0.0010 0.0010 0 0 0 0
0.6722 -0.0005 -0.0036 -10 0 0 0
0.6576 0.0001 -0.0042 -10 0 0 0
0.6701 0.0003 -0.0031 -10 0 0 0
0.6660 -0.0002 -0.0025 0 0 0 0
0.6701 -0.0010 -0.0038 -10 0 0 0
0.6848 -0.0007 -0.0033 -10 0 0 0
0.6618 -0.0014 0.0035 -10 0 0 0
0.6618 -0.0014 0.0035 0 0 0 0
0.6660 -0.0020 -0.0005 -10 0 0 0
0.6514 -0.0017 -0.0019 -10 0 0 0
0.6242 -0.0014 -0.0017 -10 0 0 0
0.6534 -0.0018 -0.0020 0 0 0 0
0.6576 -0.0018 -0.0014 -10 0 0 0
0.6597 -0.0019 -0.0032 -10 0 0 0
0.6472 -0.0012 -0.0039 -10 0 0 0
0.6618 -0.0009 -0.0044 0 0 0 0
0.6514 -0.0005 -0.0069 -10 0 0 0
0.6472 -0.0008 -0.0032 -10 0 0 0
0.6367 -0.0010 -0.0039 -10 0 0 0
0.6514 -0.0010 -0.0039 0 0 0 0
0.6451 -0.0012 -0.0074 -10 0 0 0
0.6639 -0.0004 -0.0040 -10 0 0 0
0.6681 -0.0005 -0.0038 -10 0 0 0
0.6681 -0.0005 -0.0038 0 0 0 0
0.6660 -0.0001 -0.0039 -10 0 0 0
0.6514 -0.0007 -0.0019 -10 0 0 0
0.6618 -0.0009 -0.0026 -10 0 0 0
0.6701 -0.0011 -0.0023 0 0 0 0
0.6848 -0.0003 -0.0045 -10 0 0 0
0.6722 0.0013 -0.0053 -10 0 0 0
0.6743 0.0004 -0.0077 -10 0 0 0
0.6806 -0.0001 -0.0085 0 0 0 0
0.6681 -0.0012 -0.0093 -10 0 0 0
0.6743 -0.0010 -0.0102 -10 0 0 0
0.6827 -0.0018 -0.0104 -10 0 0 0
0.6868 -0.0025 -0.0106 0 0 0 0
0.6764 -0.0024 -0.0089 -10 0 0 0
0.6534 -0.0017 -0.0120 -10 0 0 0
0.6576 -0.0016 -0.0112 -10 0 0 0
0.6681 -0.0018 -0.0105 0 0 0 0
0.6597 -0.0006 -0.0095 -10 0 0 0
0.6618 -0.0007 -0.0102 -10 0 0 0
0.6660 -0.0003 -0.0097 0 0 0 0
0.6555 -0.0003 -0.0095 -10 0 0 0
0.6472 -0.0008 -0.0108 -10 0 0 0
0.6555 -0.0013 -0.0111 0 0 0 0
0.6576 -0.0017 -0.0141 -10 0 0 0
0.6430 -0.0020 -0.0173 -10 0 0 0
0.6430 -0.0020 -0.0173 0 0 0 0
0.6785 -0.0019 -0.0156 -10 0 0 0
0.6868 -0.0024 -0.0169 -10 0 0 0
0.6806 -0.0022 -0.0163 -10 0 0 0
0.6806 -0.0022 -0.0163 0 0 0 0
0.6868 -0.0018 -0.0152 -10 0 0 0
