0.3740 0.0083 0.5875 0 0 0 -30
0.3740 0.0083 0.5875 0 0 0 -30
0.3480 0.0086 0.5860 0 0 0 -30
0.3340 0.0107 0.5839 0 0 0 -30
0.3340 0.0107 0.5839 0 0 0 -30
0.3400 0.0107 0.5844 0 0 0 -30
0.3300 0.0092 0.5827 0 0 0 -30
0.3380 0.0079 0.5811 0 0 0 -30
0.3440 0.0071 0.5837 0 0 0 0
0.3560 0.0073 0.5819 0 0 0 -30
0.3560 0.0073 0.5819 0 0 0 -30
0.3320 0.0080 0.5789 0 0 0 -30
0.3380 0.0087 0.5765 0 0 0 -30
0.3400 0.0096 0.5745 0 0 0 -30
0.3400 0.0096 0.5745 0 0 0 -30
0.3400 0.0096 0.5745 0 0 0 -30
0.3420 0.0101 0.5731 0 0 0 -30
0.3420 0.0101 0.5731 0 0 0 -30
0.3420 0.0101 0.5731 0 0 0 -30
0.3420 0.0101 0.5731 0 0 0 -30
0.3420 0.0101 0.5731 0 0 0 0
0.3420 0.0127 0.6079 0 0 0 -30
0.3500 0.0127 0.6079 0 0 0 -30
0.3280 0.0132 0.6174 0 0 0 -30
0.3700 0.0138 0.6212 0 0 0 -30
0.3700 0.0138 0.6187 0 0 0 -30
0.3560 0.0138 0.6187 0 0 0 -30
0.3680 0.0138 0.6238 0 0 0 -30
0.3740 0.0139 0.6222 0 0 0 -30
0.3740 0.0139 0.6222 0 0 0 0
0.3700 0.0143 0.6307 0 0 0 -30
0.3640 0.0145 0.6270 0 0 0 -30
0.3460 0.0148 0.6251 0 0 0 -30
0.3460 0.0148 0.6251 0 0 0 -30
0.3460 0.0148 0.6251 0 0 0 -30
0.3480 0.0144 0.6204 0 0 0 -30
0.3480 0.0144 0.6204 0 0 0 -30
0.3480 0.0144 0.6204 0 0 0 -30
0.3480 0.0144 0.6204 0 0 0 -30
0.3480 0.0144 0.6204 0 0 0 -30
0.3480 0.0144 0.6204 0 0 0 0
0.3400 0.0139 0.6190 0 0 0 -30
0.3320 0.0133 0.6165 0 0 0 -30
0.3460 0.0126 0.6150 0 0 0 -30
0.3460 0.0116 0.6095 0 0 0 -30
0.3200 0.0111 0.6061 0 0 0 -30
0.3200 0.0111 0.6061 0 0 0 0
0.3440 0.0110 0.5814 0 0 0 30
0.3360 0.0103 0.5894 0 0 0 30
0.3400 0.0095 0.5910 0 0 0 30
0.3180 0.0090 0.5875 0 0 0 30
0.3340 0.0089 0.5845 0 0 0 0
0.3400 0.0092 0.5934 0 0 0 30
0.3440 0.0091 0.5906 0 0 0 30
0.3180 0.0089 0.5925 0 0 0 30
0.3320 0.0090 0.5917 0 0 0 30
0.3180 0.0090 0.5942 0 0 0 30
0.3180 0.0090 0.5942 0 0 0 30
0.3260 0.0099 0.5962 0 0 0 30
0.3260 0.0099 0.5962 0 0 0 30
0.3260 0.0099 0.5962 0 0 0 0
0.3280 0.0114 0.5995 0 0 0 30
0.3460 0.0117 0.6025 0 0 0 30
0.3460 0.0115 0.6069 0 0 0 30
0.3180 0.0114 0.6060 0 0 0 0
0.3380 0.0110 0.6197 0 0 0 30
0.3260 0.0114 0.6217 0 0 0 30
0.3200 0.0122 0.6220 0 0 0 30
0.3220 0.0126 0.6212 0 0 0 30
0.3220 0.0126 0.6212 0 0 0 30
0.3220 0.0126 0.6212 0 0 0 0
0.3440 0.0123 0.6338 0 0 0 30
0.3460 0.0123 0.6338 0 0 0 30
0.3460 0.0126 0.6303 0 0 0 30
0.3460 0.0126 0.6303 0 0 0 30
0.3580 0.0126 0.6362 0 0 0 30
0.3460 0.0119 0.6418 0 0 0 30
0.3300 0.0113 0.6390 0 0 0 30
0.3520 0.0115 0.6405 0 0 0 30
0.3520 0.0120 0.6370 0 0 0 0
0.3140 0.0114 0.5369 0 0 -30 0
0.3120 0.0108 0.5319 0 0 -30 0
0.3100 0.0091 0.5286 0 0 -30 0
0.3280 0.0081 0.5263 0 0 -30 0
0.3000 0.0082 0.5274 0 0 -30 0
0.3000 0.0082 0.5274 0 0 -30 0
0.3000 0.0082 0.5274 0 0 -30 0
0.3000 0.0082 0.5274 0 0 -30 0
0.3000 0.0082 0.5274 0 0 -30 0
0.3400 0.0080 0.5272 0 0 0 0
0.3240 0.0082 0.5191 0 0 -30 0
0.3260 0.0091 0.5187 0 0 -30 0
0.3300 0.0098 0.5135 0 0 -30 0
0.3740 0.0113 0.5070 0 0 -30 0
0.3740 0.0113 0.5058 0 0 -30 0
0.3300 0.0108 0.5030 0 0 -30 0
0.3300 0.0108 0.5030 0 0 0 0
0.3160 0.0054 0.5037 0 0 30 0
0.3000 0.0058 0.5093 0 0 0 0
0.3620 0.0067 0.5125 0 0 0 -30
0.3780 0.0047 0.5145 0 0 0 -30
0.3720 0.0045 0.5168 0 0 0 -30
0.3460 0.0053 0.5174 0 0 0 -30
0.3520 0.0075 0.5160 0 0 0 -30
0.3500 0.0078 0.5124 0 0 0 -30
0.3460 0.0082 0.5120 0 0 0 -30
0.3460 0.0082 0.5120 0 0 0 -30
0.3600 0.0081 0.5170 0 0 0 0
0.3660 0.0082 0.5061 0 0 0 30
0.3660 0.0082 0.5061 0 0 0 30
0.3720 0.0068 0.5062 0 0 0 30
0.3580 0.0080 0.4981 0 0 0 30
0.3580 0.0080 0.4991 0 0 0 30
0.3740 0.0069 0.4945 0 0 0 30
0.3640 0.0069 0.4945 0 0 0 30
0.3720 0.0067 0.4924 0 0 0 30
0.3860 0.0064 0.4944 0 0 0 0
0.3600 0.0047 0.4967 0 0 0 30
0.3640 0.0043 0.4975 0 0 0 30
0.3640 0.0043 0.4975 0 0 0 30
0.3620 0.0048 0.4967 0 0 0 30
0.3620 0.0049 0.5006 0 0 0 30
0.3660 0.0049 0.5006 0 0 0 30
0.3500 0.0049 0.5023 0 0 0 30
0.3500 0.0049 0.5023 0 0 0 0
0.3840 0.0092 0.5276 0 -30 0 0
0.3660 0.0096 0.5279 0 -30 0 0
0.3840 0.0096 0.5279 0 -30 0 0
0.3840 0.0101 0.5192 0 -30 0 0
0.3440 0.0113 0.5006 0 -30 0 0
0.3800 0.0113 0.5006 0 -30 0 0
0.3740 0.0114 0.5012 0 -30 0 0
0.3740 0.0113 0.4877 0 -30 0 0
0.3840 0.0110 0.4779 0 -30 0 0
0.3680 0.0110 0.4779 0 -30 0 0
0.3860 0.0107 0.4780 0 -30 0 0
0.3860 0.0107 0.4780 0 -30 0 0
0.3860 0.0107 0.4780 0 -30 0 0
0.3860 0.0107 0.4780 0 -30 0 0
0.3860 0.0107 0.4780 0 -30 0 0
0.3860 0.0107 0.4780 0 -30 0 0
0.4060 0.0108 0.4760 0 -30 0 0
0.4060 0.0108 0.4760 0 -30 0 0
0.4060 0.0108 0.4760 0 -30 0 0
0.4060 0.0108 0.4760 0 -30 0 0
0.3920 0.0110 0.4768 0 -30 0 0
0.3920 0.0110 0.4768 0 -30 0 0
0.3920 0.0110 0.4768 0 -30 0 0
0.3920 0.0110 0.4768 0 -30 0 0
0.3720 0.0109 0.4853 0 -30 0 0
0.3720 0.0109 0.4853 0 -30 0 0
0.3720 0.0109 0.4853 0 -30 0 0
0.3720 0.0109 0.4853 0 -30 0 0
0.3720 0.0109 0.4853 0 -30 0 0
0.3720 0.0109 0.4853 0 -30 0 0
0.3720 0.0109 0.4853 0 -30 0 0
0.3700 0.0103 0.4851 0 -30 0 0
0.3700 0.0103 0.4851 0 -30 0 0
0.3700 0.0103 0.4851 0 -30 0 0
0.3700 0.0103 0.4851 0 -30 0 0
0.3700 0.0103 0.4851 0 -30 0 0
0.3700 0.0103 0.4851 0 -30 0 0
0.3700 0.0103 0.4851 0 -30 0 0
0.3580 0.0094 0.4816 0 -30 0 0
0.3580 0.0094 0.4816 0 -30 0 0
0.3580 0.0094 0.4816 0 -30 0 0
0.3580 0.0094 0.4816 0 -30 0 0
0.3580 0.0094 0.4816 0 -30 0 0
0.3580 0.0094 0.4816 0 -30 0 0
0.3660 0.0088 0.4823 0 -30 0 0
0.3780 0.0082 0.4916 0 -30 0 0
0.3780 0.0082 0.4916 0 -30 0 0
0.3780 0.0082 0.4916 0 -30 0 0
0.3820 0.0078 0.4925 0 -30 0 0
0.3820 0.0078 0.4925 0 -30 0 0
0.3820 0.0078 0.4925 0 -30 0 0
0.3820 0.0078 0.4925 0 -30 0 0
0.3820 0.0078 0.4925 0 -30 0 0
0.3860 0.0077 0.4999 0 -30 0 0
0.3860 0.0077 0.4999 0 -30 0 0
0.3860 0.0077 0.4999 0 -30 0 0
0.3860 0.0077 0.4999 0 -30 0 0
0.3860 0.0077 0.4999 0 -30 0 0
0.3860 0.0077 0.4999 0 -30 0 0
0.3860 0.0077 0.4999 0 -30 0 0
0.3680 0.0077 0.5007 0 -30 0 0
0.3680 0.0077 0.5007 0 -30 0 0
0.3680 0.0077 0.5007 0 -30 0 0
0.3680 0.0075 0.4929 0 -30 0 0
0.3600 0.0075 0.4929 0 -30 0 0
0.3600 0.0075 0.4929 0 -30 0 0
0.3600 0.0075 0.4929 0 -30 0 0
0.3740 0.0071 0.4930 0 -30 0 0
0.3740 0.0071 0.4930 0 -30 0 0
0.3740 0.0071 0.4930 0 -30 0 0
0.3740 0.0071 0.4930 0 -30 0 0
0.3740 0.0071 0.4930 0 -30 0 0
0.3740 0.0071 0.4930 0 -30 0 0
0.3740 0.0071 0.4930 0 -30 0 0
0.3740 0.0066 0.5040 0 -30 0 0
0.3740 0.0066 0.5040 0 -30 0 0
0.3740 0.0066 0.5040 0 -30 0 0
0.3740 0.0066 0.5040 0 -30 0 0
0.3780 0.0065 0.5039 0 -30 0 0
0.3780 0.0065 0.5039 0 -30 0 0
0.3780 0.0065 0.5039 0 -30 0 0
0.3780 0.0065 0.5039 0 -30 0 0
0.3680 0.0064 0.5035 0 -30 0 0
0.3680 0.0064 0.5035 0 -30 0 0
0.3680 0.0064 0.5035 0 -30 0 0
0.3680 0.0064 0.5035 0 -30 0 0
0.3680 0.0064 0.5035 0 -30 0 0
0.3680 0.0064 0.5035 0 -30 0 0
0.3680 0.0067 0.5047 0 -30 0 0
0.3680 0.0067 0.5047 0 -30 0 0
0.3680 0.0067 0.5047 0 -30 0 0
0.3680 0.0067 0.5047 0 -30 0 0
0.3680 0.0067 0.5047 0 -30 0 0
0.3800 0.0072 0.5059 0 -30 0 0
0.3800 0.0072 0.5059 0 -30 0 0
0.3800 0.0072 0.5059 0 -30 0 0
0.3800 0.0072 0.5059 0 -30 0 0
0.3800 0.0075 0.5047 0 -30 0 0
0.3600 0.0075 0.5047 0 -30 0 0
0.3600 0.0075 0.5047 0 -30 0 0
0.3600 0.0075 0.5047 0 -30 0 0
0.3600 0.0075 0.5047 0 -30 0 0
0.3600 0.0075 0.5047 0 -30 0 0
0.3600 0.0075 0.5047 0 -30 0 0
0.3720 0.0078 0.5055 0 -30 0 0
0.3720 0.0078 0.5055 0 -30 0 0
0.3720 0.0078 0.5055 0 -30 0 0
0.3720 0.0078 0.5055 0 -30 0 0
0.3800 0.0075 0.5053 0 -30 0 0
0.3800 0.0075 0.5053 0 -30 0 0
0.3800 0.0075 0.5053 0 -30 0 0
0.3800 0.0075 0.5053 0 -30 0 0
0.3940 0.0071 0.5052 0 -30 0 0
0.3940 0.0071 0.5052 0 -30 0 0
0.3940 0.0071 0.5052 0 -30 0 0
0.3940 0.0071 0.5052 0 -30 0 0
0.3940 0.0071 0.5052 0 -30 0 0
0.3760 0.0067 0.5056 0 -30 0 0
0.3760 0.0067 0.5056 0 -30 0 0
0.3760 0.0067 0.5056 0 -30 0 0
0.3760 0.0067 0.5056 0 -30 0 0
0.3620 0.0068 0.5084 0 -30 0 0
0.3620 0.0068 0.5084 0 -30 0 0
0.3620 0.0068 0.5084 0 -30 0 0
0.3620 0.0068 0.5084 0 -30 0 0
0.3660 0.0072 0.5066 0 -30 0 0
0.3660 0.0072 0.5066 0 -30 0 0
0.3660 0.0072 0.5066 0 -30 0 0
0.3660 0.0072 0.5066 0 -30 0 0
0.3660 0.0072 0.5066 0 -30 0 0
0.3660 0.0072 0.5066 0 -30 0 0
0.3660 0.0072 0.5066 0 -30 0 0
0.3900 0.0078 0.5061 0 -30 0 0
0.3900 0.0078 0.5061 0 -30 0 0
0.3900 0.0078 0.5061 0 -30 0 0
0.3900 0.0078 0.5061 0 -30 0 0
0.3780 0.0084 0.5051 0 -30 0 0
0.3780 0.0084 0.5051 0 -30 0 0
0.3780 0.0084 0.5051 0 -30 0 0
0.3780 0.0084 0.5051 0 -30 0 0
0.3780 0.0084 0.5051 0 -30 0 0
0.3840 0.0086 0.5046 0 -30 0 0
0.3840 0.0086 0.5046 0 -30 0 0
0.3840 0.0086 0.5046 0 -30 0 0
0.3840 0.0086 0.5046 0 -30 0 0
0.3840 0.0086 0.5046 0 -30 0 0
0.3840 0.0086 0.5046 0 -30 0 0
0.3920 0.0087 0.4924 0 -30 0 0
0.3920 0.0087 0.4924 0 -30 0 0
0.3920 0.0087 0.4924 0 -30 0 0
0.3580 0.0087 0.5059 0 -30 0 0
0.3580 0.0087 0.5059 0 -30 0 0
0.3580 0.0087 0.5059 0 -30 0 0
0.3580 0.0087 0.5059 0 -30 0 0
0.3780 0.0088 0.5083 0 -30 0 0
0.3780 0.0088 0.5083 0 -30 0 0
0.3780 0.0088 0.5083 0 -30 0 0
0.3780 0.0088 0.5083 0 -30 0 0
0.3780 0.0088 0.5083 0 -30 0 0
0.3780 0.0088 0.5083 0 -30 0 0
0.3660 0.0086 0.5097 0 -30 0 0
0.3660 0.0086 0.5097 0 -30 0 0
0.3660 0.0086 0.5097 0 -30 0 0
0.3680 0.0085 0.5103 0 -30 0 0
0.3680 0.0085 0.5103 0 -30 0 0
0.3680 0.0085 0.5103 0 -30 0 0
0.3680 0.0085 0.5103 0 -30 0 0
0.3760 0.0084 0.5240 0 -30 0 0
0.3760 0.0084 0.5240 0 -30 0 0
0.3760 0.0084 0.5240 0 -30 0 0
0.3760 0.0084 0.5240 0 -30 0 0
0.3760 0.0084 0.5240 0 -30 0 0
0.3760 0.0084 0.5240 0 -30 0 0
0.3760 0.0080 0.5246 0 -30 0 0
0.4140 0.0080 0.5246 0 -30 0 0
0.4140 0.0080 0.5246 0 -30 0 0
0.4140 0.0080 0.5246 0 -30 0 0
0.4140 0.0080 0.5246 0 -30 0 0
0.3960 0.0074 0.5276 0 -30 0 0
0.3960 0.0074 0.5276 0 -30 0 0
0.3960 0.0074 0.5276 0 -30 0 0
0.3960 0.0072 0.5269 0 -30 0 0
0.4080 0.0072 0.5269 0 -30 0 0
0.4080 0.0072 0.5269 0 -30 0 0
0.4080 0.0072 0.5269 0 -30 0 0
0.4080 0.0072 0.5269 0 -30 0 0
0.4080 0.0072 0.5269 0 -30 0 0
0.4080 0.0072 0.5269 0 -30 0 0
0.3860 0.0071 0.5375 0 -30 0 0
0.3860 0.0071 0.5375 0 -30 0 0
0.3860 0.0071 0.5375 0 -30 0 0
0.3860 0.0071 0.5375 0 -30 0 0
0.3920 0.0071 0.5374 0 -30 0 0
0.3920 0.0071 0.5374 0 -30 0 0
0.3920 0.0071 0.5374 0 -30 0 0
0.3920 0.0071 0.5374 0 -30 0 0
0.3920 0.0072 0.5398 0 -30 0 0
0.3980 0.0072 0.5398 0 -30 0 0
0.3980 0.0072 0.5398 0 -30 0 0
0.3980 0.0072 0.5398 0 -30 0 0
0.3980 0.0072 0.5398 0 -30 0 0
0.3980 0.0072 0.5398 0 -30 0 0
0.3920 0.0071 0.5392 0 -30 0 0
0.3920 0.0071 0.5392 0 -30 0 0
0.3920 0.0071 0.5392 0 -30 0 0
0.3920 0.0071 0.5392 0 -30 0 0
0.3860 0.0070 0.5476 0 -30 0 0
0.3860 0.0070 0.5476 0 -30 0 0
0.3860 0.0070 0.5476 0 -30 0 0
0.3860 0.0070 0.5476 0 -30 0 0
0.3860 0.0070 0.5476 0 -30 0 0
0.3920 0.0073 0.5626 0 -30 0 0
0.3920 0.0073 0.5626 0 -30 0 0
0.3920 0.0073 0.5626 0 -30 0 0
0.3920 0.0073 0.5626 0 -30 0 0
0.3920 0.0073 0.5626 0 -30 0 0
0.3920 0.0073 0.5626 0 -30 0 0
0.3980 0.0079 0.5620 0 -30 0 0
0.3980 0.0079 0.5620 0 -30 0 0
0.3980 0.0079 0.5620 0 -30 0 0
0.3980 0.0088 0.5588 0 -30 0 0
0.3980 0.0088 0.5588 0 -30 0 0
0.3980 0.0088 0.5588 0 -30 0 0
0.3980 0.0088 0.5588 0 -30 0 0
0.3980 0.0088 0.5588 0 -30 0 0
0.3980 0.0088 0.5588 0 -30 0 0
0.4040 0.0093 0.5568 0 -30 0 0
0.4040 0.0093 0.5568 0 -30 0 0
0.4040 0.0093 0.5568 0 -30 0 0
0.4040 0.0093 0.5568 0 -30 0 0
0.4040 0.0093 0.5568 0 -30 0 0
0.3940 0.0094 0.5626 0 -30 0 0
0.3940 0.0094 0.5626 0 -30 0 0
0.3940 0.0094 0.5626 0 -30 0 0
0.3700 0.0094 0.5610 0 -30 0 0
0.3700 0.0094 0.5610 0 -30 0 0
0.3700 0.0094 0.5610 0 -30 0 0
0.3700 0.0094 0.5610 0 -30 0 0
0.3700 0.0094 0.5610 0 -30 0 0
0.3700 0.0094 0.5610 0 -30 0 0
0.3860 0.0093 0.5781 0 -30 0 0
0.3860 0.0093 0.5781 0 -30 0 0
0.3860 0.0093 0.5781 0 -30 0 0
0.3860 0.0093 0.5781 0 -30 0 0
0.3860 0.0091 0.5766 0 -30 0 0
0.3880 0.0091 0.5766 0 -30 0 0
0.3880 0.0091 0.5766 0 -30 0 0
0.3880 0.0091 0.5766 0 -30 0 0
0.3920 0.0090 0.6036 0 -30 0 0
0.3920 0.0090 0.6036 0 -30 0 0
0.3920 0.0090 0.6036 0 -30 0 0
0.3920 0.0090 0.6036 0 -30 0 0
0.3920 0.0090 0.6036 0 -30 0 0
0.3920 0.0090 0.6036 0 -30 0 0
0.4140 0.0088 0.6030 0 -30 0 0
0.4140 0.0088 0.6030 0 -30 0 0
0.4140 0.0088 0.6030 0 -30 0 0
0.4140 0.0088 0.6030 0 -30 0 0
0.4140 0.0088 0.6030 0 -30 0 0
0.3840 0.0085 0.6010 0 -30 0 0
0.3840 0.0085 0.6010 0 -30 0 0
0.3840 0.0085 0.6010 0 -30 0 0
0.3840 0.0085 0.6010 0 -30 0 0
0.3840 0.0085 0.6010 0 -30 0 0
0.3840 0.0085 0.6010 0 -30 0 0
0.4020 0.0082 0.5992 0 -30 0 0
0.4020 0.0082 0.5992 0 -30 0 0
0.4020 0.0082 0.5985 0 -30 0 0
0.3900 0.0082 0.5985 0 -30 0 0
0.3900 0.0082 0.5985 0 -30 0 0
0.3900 0.0082 0.5985 0 -30 0 0
0.3900 0.0082 0.5985 0 -30 0 0
0.3840 0.0081 0.6008 0 0 0 0
0.4140 0.0067 0.6229 0 -30 0 0
0.4000 0.0065 0.6257 0 -30 0 0
0.4020 0.0063 0.6257 0 -30 0 0
0.4020 0.0065 0.6274 0 -30 0 0
0.3980 0.0082 0.6204 0 -30 0 0
0.3880 0.0097 0.6225 0 -30 0 0
0.3880 0.0097 0.6225 0 -30 0 0
0.3880 0.0097 0.6225 0 -30 0 0
0.3880 0.0097 0.6225 0 -30 0 0
0.3820 0.0109 0.6141 0 -30 0 0
0.3820 0.0109 0.6141 0 -30 0 0
0.3820 0.0109 0.6141 0 -30 0 0
0.3820 0.0109 0.6141 0 -30 0 0
0.3820 0.0109 0.6141 0 -30 0 0
0.3800 0.0115 0.6146 0 -30 0 0
0.3800 0.0115 0.6146 0 -30 0 0
0.3800 0.0115 0.6146 0 -30 0 0
0.3800 0.0115 0.6146 0 -30 0 0
0.3800 0.0115 0.6146 0 -30 0 0
0.4020 0.0117 0.6041 0 -30 0 0
0.4020 0.0117 0.6041 0 -30 0 0
0.4020 0.0117 0.6041 0 -30 0 0
0.4020 0.0117 0.6041 0 -30 0 0
0.3860 0.0111 0.6053 0 -30 0 0
0.3860 0.0111 0.6053 0 -30 0 0
0.3860 0.0111 0.6053 0 -30 0 0
0.3860 0.0111 0.6053 0 -30 0 0
0.3860 0.0111 0.6053 0 -30 0 0
0.3860 0.0111 0.6053 0 -30 0 0
0.3860 0.0111 0.6053 0 -30 0 0
0.3860 0.0111 0.6053 0 -30 0 0
0.3860 0.0111 0.6053 0 -30 0 0
0.3860 0.0111 0.6053 0 -30 0 0
0.3860 0.0111 0.6053 0 -30 0 0
0.3860 0.0111 0.6053 0 -30 0 0
0.4100 0.0099 0.5940 0 -30 0 0
0.4100 0.0099 0.5940 0 -30 0 0
0.4100 0.0099 0.5940 0 -30 0 0
0.4020 0.0080 0.5957 0 -30 0 0
0.4020 0.0080 0.5957 0 -30 0 0
0.4020 0.0080 0.5957 0 -30 0 0
0.4020 0.0074 0.5961 0 -30 0 0
0.3940 0.0074 0.5961 0 -30 0 0
0.3940 0.0074 0.5961 0 -30 0 0
0.3940 0.0074 0.5961 0 -30 0 0
0.3940 0.0074 0.5961 0 -30 0 0
0.3940 0.0074 0.5961 0 -30 0 0
0.3720 0.0069 0.5932 0 -30 0 0
0.3720 0.0069 0.5932 0 -30 0 0
0.3720 0.0069 0.5932 0 -30 0 0
0.4280 0.0065 0.5952 0 -30 0 0
0.4280 0.0065 0.5952 0 -30 0 0
0.4280 0.0065 0.5952 0 0 0 0
0.3960 0.0086 0.6011 0 -30 0 0
0.4040 0.0107 0.6019 0 -30 0 0
0.3980 0.0116 0.6005 0 -30 0 0
0.4080 0.0118 0.5991 0 -30 0 0
0.4140 0.0111 0.5825 0 -30 0 0
0.4140 0.0111 0.5825 0 -30 0 0
0.4140 0.0111 0.5853 0 -30 0 0
0.4160 0.0111 0.5853 0 -30 0 0
0.4160 0.0111 0.5853 0 -30 0 0
0.4160 0.0111 0.5853 0 -30 0 0
0.4160 0.0111 0.5853 0 -30 0 0
0.4160 0.0116 0.5785 0 -30 0 0
0.4060 0.0116 0.5785 0 -30 0 0
0.4060 0.0116 0.5785 0 -30 0 0
0.4060 0.0116 0.5785 0 -30 0 0
0.4060 0.0116 0.5785 0 -30 0 0
0.4160 0.0118 0.5779 0 -30 0 0
0.4160 0.0118 0.5779 0 -30 0 0
0.4160 0.0118 0.5779 0 -30 0 0
0.4160 0.0118 0.5779 0 -30 0 0
0.4160 0.0118 0.5779 0 -30 0 0
0.4020 0.0113 0.5768 0 -30 0 0
0.4020 0.0113 0.5768 0 -30 0 0
0.4020 0.0113 0.5768 0 -30 0 0
0.4020 0.0113 0.5768 0 -30 0 0
0.4020 0.0113 0.5768 0 -30 0 0
0.3980 0.0102 0.5751 0 -30 0 0
0.3980 0.0102 0.5751 0 -30 0 0
0.3980 0.0102 0.5751 0 -30 0 0
0.3980 0.0102 0.5751 0 -30 0 0
0.4160 0.0091 0.5647 0 -30 0 0
0.4160 0.0091 0.5647 0 -30 0 0
0.4160 0.0091 0.5647 0 -30 0 0
0.4160 0.0091 0.5647 0 -30 0 0
0.4160 0.0091 0.5647 0 -30 0 0
0.4180 0.0081 0.5715 0 -30 0 0
0.4180 0.0081 0.5715 0 -30 0 0
0.4180 0.0081 0.5715 0 -30 0 0
0.4180 0.0081 0.5715 0 -30 0 0
0.4180 0.0081 0.5715 0 -30 0 0
0.4140 0.0071 0.5662 0 -30 0 0
0.4140 0.0071 0.5662 0 -30 0 0
0.4140 0.0071 0.5662 0 -30 0 0
0.4140 0.0071 0.5662 0 -30 0 0
0.4140 0.0071 0.5662 0 -30 0 0
0.4140 0.0066 0.5616 0 -30 0 0
0.4140 0.0066 0.5616 0 -30 0 0
0.4140 0.0066 0.5616 0 -30 0 0
0.4140 0.0066 0.5616 0 -30 0 0
0.4060 0.0065 0.5656 0 -30 0 0
0.4060 0.0065 0.5656 0 -30 0 0
0.4060 0.0065 0.5656 0 -30 0 0
0.4060 0.0065 0.5656 0 -30 0 0
0.4060 0.0065 0.5656 0 -30 0 0
0.4080 0.0064 0.5730 0 -30 0 0
0.4080 0.0064 0.5730 0 -30 0 0
0.4080 0.0064 0.5730 0 -30 0 0
0.4080 0.0064 0.5730 0 -30 0 0
0.4080 0.0062 0.5776 0 -30 0 0
0.4080 0.0062 0.5776 0 -30 0 0
0.4080 0.0062 0.5776 0 -30 0 0
0.4080 0.0062 0.5776 0 -30 0 0
0.4080 0.0058 0.5945 0 -30 0 0
0.4080 0.0058 0.5945 0 -30 0 0
0.4080 0.0058 0.5945 0 -30 0 0
0.4080 0.0058 0.5945 0 -30 0 0
0.4080 0.0058 0.5945 0 -30 0 0
0.4080 0.0058 0.5945 0 -30 0 0
0.3980 0.0057 0.6013 0 -30 0 0
0.3980 0.0057 0.6013 0 -30 0 0
0.3980 0.0057 0.6013 0 -30 0 0
0.3980 0.0057 0.6013 0 -30 0 0
0.4120 0.0060 0.6044 0 -30 0 0
0.4120 0.0060 0.6044 0 -30 0 0
0.4120 0.0060 0.6044 0 -30 0 0
0.4120 0.0060 0.6044 0 -30 0 0
0.4160 0.0062 0.6085 0 -30 0 0
0.4160 0.0062 0.6085 0 -30 0 0
0.4160 0.0062 0.6085 0 -30 0 0
0.4160 0.0062 0.6085 0 -30 0 0
0.4160 0.0062 0.6085 0 -30 0 0
0.4000 0.0061 0.6268 0 -30 0 0
0.4000 0.0061 0.6268 0 -30 0 0
0.4000 0.0061 0.6268 0 -30 0 0
0.4000 0.0061 0.6268 0 -30 0 0
0.4000 0.0061 0.6268 0 -30 0 0
0.4200 0.0060 0.6258 0 -30 0 0
0.4200 0.0060 0.6258 0 0 0 0
0.4040 0.0123 0.6066 0 -30 0 0
0.4040 0.0128 0.6057 0 -30 0 0
0.4280 0.0123 0.6070 0 -30 0 0
0.4100 0.0116 0.6094 0 -30 0 0
0.4120 0.0106 0.6141 0 -30 0 0
0.4160 0.0092 0.6162 0 -30 0 0
0.4160 0.0092 0.6162 0 -30 0 0
0.4440 0.0084 0.6169 0 -30 0 0
0.4440 0.0084 0.6169 0 -30 0 0
0.4440 0.0084 0.6169 0 -30 0 0
0.4440 0.0084 0.6169 0 -30 0 0
0.4440 0.0084 0.6169 0 -30 0 0
0.4380 0.0077 0.6183 0 -30 0 0
0.4380 0.0077 0.6183 0 -30 0 0
0.4380 0.0077 0.6183 0 -30 0 0
0.4380 0.0077 0.6183 0 -30 0 0
0.4380 0.0077 0.6183 0 -30 0 0
0.4200 0.0072 0.6200 0 -30 0 0
0.4200 0.0072 0.6200 0 -30 0 0
0.4200 0.0072 0.6200 0 -30 0 0
0.4200 0.0072 0.6200 0 -30 0 0
0.4160 0.0065 0.6212 0 -30 0 0
0.4160 0.0065 0.6212 0 -30 0 0
0.4160 0.0065 0.6212 0 -30 0 0
0.4160 0.0065 0.6212 0 -30 0 0
0.4320 0.0057 0.6239 0 -30 0 0
0.4320 0.0057 0.6239 0 -30 0 0
0.4320 0.0057 0.6239 0 -30 0 0
0.4320 0.0057 0.6239 0 -30 0 0
0.4160 0.0049 0.6225 0 -30 0 0
0.4160 0.0049 0.6225 0 -30 0 0
0.4160 0.0049 0.6225 0 -30 0 0
0.4160 0.0049 0.6225 0 -30 0 0
0.4160 0.0049 0.6225 0 -30 0 0
0.4040 0.0047 0.6214 0 -30 0 0
0.4040 0.0047 0.6214 0 -30 0 0
0.4040 0.0047 0.6214 0 -30 0 0
0.4040 0.0047 0.6214 0 -30 0 0
0.4040 0.0047 0.6214 0 -30 0 0
0.4120 0.0048 0.6187 0 -30 0 0
0.4120 0.0048 0.6187 0 -30 0 0
0.4120 0.0048 0.6187 0 -30 0 0
0.4240 0.0049 0.6174 0 -30 0 0
0.4240 0.0049 0.6174 0 -30 0 0
0.4240 0.0049 0.6174 0 -30 0 0
0.4240 0.0049 0.6174 0 -30 0 0
0.4240 0.0049 0.6174 0 -30 0 0
0.4240 0.0049 0.6174 0 -30 0 0
0.4260 0.0051 0.6186 0 -30 0 0
0.4260 0.0051 0.6186 0 -30 0 0
0.4260 0.0051 0.6186 0 -30 0 0
0.4260 0.0051 0.6186 0 -30 0 0
0.4240 0.0055 0.6215 0 -30 0 0
0.4240 0.0055 0.6215 0 -30 0 0
0.4240 0.0055 0.6215 0 -30 0 0
0.4240 0.0060 0.6228 0 -30 0 0
0.4220 0.0060 0.6228 0 -30 0 0
0.4220 0.0060 0.6228 0 -30 0 0
0.4220 0.0060 0.6228 0 -30 0 0
0.4220 0.0060 0.6228 0 -30 0 0
0.4300 0.0063 0.6230 0 -30 0 0
0.4300 0.0063 0.6230 0 -30 0 0
0.4300 0.0063 0.6230 0 -30 0 0
0.4300 0.0063 0.6230 0 -30 0 0
0.4300 0.0063 0.6230 0 -30 0 0
0.4380 0.0066 0.6261 0 -30 0 0
0.4380 0.0066 0.6261 0 -30 0 0
0.4380 0.0066 0.6261 0 -30 0 0
0.4380 0.0066 0.6261 0 -30 0 0
0.4380 0.0066 0.6261 0 -30 0 0
0.4280 0.0071 0.6230 0 -30 0 0
0.4280 0.0071 0.6230 0 -30 0 0
0.4280 0.0071 0.6230 0 -30 0 0
0.4280 0.0071 0.6230 0 -30 0 0
0.4280 0.0071 0.6230 0 -30 0 0
0.4220 0.0077 0.6220 0 -30 0 0
0.4220 0.0077 0.6220 0 -30 0 0
0.4220 0.0077 0.6220 0 -30 0 0
0.4220 0.0077 0.6220 0 -30 0 0
0.4220 0.0077 0.6220 0 -30 0 0
0.4220 0.0077 0.6220 0 -30 0 0
0.4260 0.0084 0.6202 0 -30 0 0
0.4260 0.0084 0.6202 0 -30 0 0
0.4260 0.0084 0.6202 0 -30 0 0
0.4260 0.0084 0.6202 0 -30 0 0
0.4260 0.0084 0.6202 0 -30 0 0
0.4260 0.0084 0.6202 0 -30 0 0
0.4260 0.0084 0.6202 0 -30 0 0
0.4260 0.0084 0.6202 0 -30 0 0
0.4260 0.0084 0.6202 0 -30 0 0
0.4260 0.0084 0.6202 0 -30 0 0
0.4260 0.0084 0.6202 0 -30 0 0
0.4300 0.0087 0.6190 0 -30 0 0
0.4300 0.0087 0.6190 0 -30 0 0
0.4100 0.0086 0.6200 0 -30 0 0
0.4280 0.0082 0.6250 0 -30 0 0
0.4280 0.0082 0.6250 0 -30 0 0
0.4300 0.0075 0.6262 0 -30 0 0
0.4300 0.0075 0.6262 0 -30 0 0
0.4300 0.0075 0.6262 0 -30 0 0
0.4300 0.0075 0.6262 0 -30 0 0
0.4360 0.0066 0.6305 0 -30 0 0
0.4360 0.0066 0.6305 0 -30 0 0
0.4360 0.0066 0.6305 0 -30 0 0
0.4360 0.0066 0.6305 0 -30 0 0
0.4360 0.0066 0.6305 0 -30 0 0
0.4360 0.0066 0.6305 0 -30 0 0
0.4360 0.0066 0.6305 0 -30 0 0
0.4340 0.0055 0.6304 0 -30 0 0
0.4340 0.0055 0.6304 0 -30 0 0
0.4340 0.0055 0.6304 0 -30 0 0
0.4460 0.0049 0.6312 0 -30 0 0
0.4460 0.0049 0.6312 0 -30 0 0
0.4460 0.0049 0.6312 0 -30 0 0
0.4460 0.0049 0.6312 0 -30 0 0
0.4460 0.0049 0.6312 0 -30 0 0
0.4460 0.0049 0.6312 0 -30 0 0
0.4400 0.0046 0.6330 0 -30 0 0
0.4400 0.0046 0.6330 0 -30 0 0
0.4400 0.0046 0.6330 0 -30 0 0
0.4400 0.0046 0.6330 0 -30 0 0
0.4400 0.0046 0.6330 0 -30 0 0
0.4340 0.0046 0.6263 0 -30 0 0
0.4340 0.0046 0.6263 0 -30 0 0
0.4480 0.0045 0.6258 0 -30 0 0
0.4480 0.0045 0.6258 0 -30 0 0
0.4480 0.0045 0.6258 0 -30 0 0
0.4480 0.0045 0.6258 0 -30 0 0
0.4480 0.0045 0.6258 0 -30 0 0
0.4460 0.0045 0.6259 0 -30 0 0
0.4460 0.0045 0.6259 0 -30 0 0
0.4460 0.0045 0.6259 0 -30 0 0
0.4460 0.0045 0.6259 0 -30 0 0
0.4460 0.0045 0.6259 0 -30 0 0
0.4400 0.0045 0.6254 0 -30 0 0
0.4400 0.0045 0.6254 0 -30 0 0
0.4400 0.0045 0.6254 0 -30 0 0
0.4400 0.0045 0.6279 0 -30 0 0
0.4200 0.0045 0.6279 0 -30 0 0
0.4200 0.0045 0.6279 0 -30 0 0
0.4200 0.0045 0.6279 0 -30 0 0
0.4520 0.0046 0.6283 0 -30 0 0
0.4520 0.0046 0.6283 0 -30 0 0
0.4520 0.0046 0.6283 0 -30 0 0
0.4520 0.0046 0.6283 0 -30 0 0
0.4520 0.0046 0.6283 0 -30 0 0
0.4520 0.0046 0.6283 0 -30 0 0
0.4680 0.0048 0.6199 0 -30 0 0
0.4680 0.0048 0.6199 0 -30 0 0
0.4680 0.0048 0.6199 0 -30 0 0
0.4680 0.0048 0.6199 0 -30 0 0
0.4440 0.0056 0.6120 0 -30 0 0
0.4440 0.0056 0.6120 0 -30 0 0
0.4440 0.0056 0.6120 0 -30 0 0
0.4440 0.0056 0.6120 0 -30 0 0
0.4440 0.0064 0.6116 0 -30 0 0
0.4440 0.0064 0.6116 0 -30 0 0
0.4440 0.0064 0.6116 0 -30 0 0
0.4440 0.0064 0.6116 0 -30 0 0
0.4440 0.0064 0.6116 0 -30 0 0
0.4440 0.0064 0.6116 0 -30 0 0
0.4520 0.0069 0.6120 0 -30 0 0
0.4520 0.0069 0.6120 0 -30 0 0
0.4520 0.0069 0.6120 0 -30 0 0
0.4540 0.0071 0.6139 0 -30 0 0
0.4540 0.0071 0.6139 0 -30 0 0
0.4540 0.0071 0.6139 0 -30 0 0
0.4540 0.0071 0.6139 0 -30 0 0
0.4540 0.0071 0.6139 0 -30 0 0
0.4320 0.0072 0.6133 0 -30 0 0
0.4320 0.0072 0.6133 0 -30 0 0
0.4320 0.0072 0.6133 0 -30 0 0
0.4320 0.0072 0.6133 0 -30 0 0
0.4320 0.0072 0.6133 0 -30 0 0
0.4320 0.0072 0.6133 0 -30 0 0
0.4520 0.0070 0.6182 0 -30 0 0
0.4520 0.0070 0.6182 0 -30 0 0
0.4520 0.0070 0.6182 0 -30 0 0
0.4520 0.0068 0.6153 0 -30 0 0
0.4480 0.0068 0.6153 0 -30 0 0
0.4480 0.0068 0.6153 0 -30 0 0
0.4480 0.0068 0.6153 0 -30 0 0
0.4480 0.0068 0.6153 0 -30 0 0
0.4480 0.0063 0.6181 0 -30 0 0
0.4480 0.0063 0.6181 0 -30 0 0
0.4480 0.0063 0.6181 0 -30 0 0
0.4480 0.0063 0.6181 0 -30 0 0
0.4480 0.0063 0.6181 0 -30 0 0
0.4740 0.0053 0.6189 0 -30 0 0
0.4740 0.0053 0.6189 0 -30 0 0
0.4740 0.0053 0.6189 0 -30 0 0
0.4740 0.0044 0.6246 0 -30 0 0
0.4380 0.0044 0.6246 0 -30 0 0
0.4380 0.0044 0.6246 0 -30 0 0
0.4380 0.0044 0.6246 0 -30 0 0
0.4380 0.0044 0.6246 0 -30 0 0
0.4420 0.0040 0.6270 0 -30 0 0
0.4420 0.0040 0.6270 0 -30 0 0
0.4420 0.0040 0.6270 0 -30 0 0
0.4420 0.0040 0.6270 0 -30 0 0
0.4420 0.0040 0.6270 0 -30 0 0
0.4420 0.0040 0.6270 0 -30 0 0
0.4540 0.0041 0.6244 0 -30 0 0
0.4540 0.0041 0.6244 0 -30 0 0
0.4540 0.0041 0.6244 0 -30 0 0
0.4540 0.0041 0.6244 0 -30 0 0
0.4320 0.0044 0.6268 0 -30 0 0
0.4320 0.0044 0.6268 0 -30 0 0
0.4320 0.0044 0.6268 0 -30 0 0
0.4320 0.0044 0.6268 0 -30 0 0
0.4320 0.0044 0.6268 0 -30 0 0
0.4320 0.0044 0.6268 0 -30 0 0
0.4320 0.0044 0.6268 0 -30 0 0
0.4320 0.0044 0.6268 0 -30 0 0
0.4320 0.0044 0.6268 0 -30 0 0
0.4320 0.0044 0.6268 0 -30 0 0
0.4320 0.0044 0.6268 0 -30 0 0
0.4320 0.0044 0.6268 0 -30 0 0
0.4320 0.0044 0.6268 0 -30 0 0
0.4360 0.0048 0.6291 0 -30 0 0
0.4360 0.0048 0.6291 0 -30 0 0
0.4540 0.0053 0.6258 0 -30 0 0
0.4480 0.0058 0.6254 0 -30 0 0
0.4300 0.0062 0.6278 0 -30 0 0
0.4300 0.0062 0.6278 0 -30 0 0
0.4300 0.0062 0.6278 0 -30 0 0
0.4300 0.0062 0.6278 0 -30 0 0
0.4300 0.0062 0.6278 0 -30 0 0
0.4300 0.0062 0.6278 0 -30 0 0
0.4300 0.0062 0.6278 0 -30 0 0
0.4460 0.0067 0.6264 0 -30 0 0
0.4460 0.0067 0.6264 0 -30 0 0
0.4460 0.0067 0.6264 0 -30 0 0
0.4500 0.0065 0.6283 0 -30 0 0
0.4500 0.0065 0.6283 0 -30 0 0
0.4500 0.0065 0.6283 0 -30 0 0
0.4500 0.0065 0.6283 0 -30 0 0
0.4500 0.0063 0.6256 0 -30 0 0
0.4420 0.0063 0.6256 0 -30 0 0
0.4420 0.0063 0.6256 0 -30 0 0
0.4420 0.0063 0.6256 0 -30 0 0
0.4420 0.0063 0.6256 0 -30 0 0
0.4420 0.0063 0.6256 0 -30 0 0
0.4420 0.0063 0.6256 0 -30 0 0
0.4420 0.0063 0.6256 0 -30 0 0
0.4420 0.0063 0.6256 0 -30 0 0
0.4420 0.0063 0.6256 0 -30 0 0
0.4420 0.0063 0.6256 0 -30 0 0
0.4420 0.0063 0.6256 0 -30 0 0
0.4420 0.0063 0.6256 0 -30 0 0
0.4420 0.0063 0.6256 0 -30 0 0
0.4560 0.0062 0.6286 0 -30 0 0
0.4480 0.0063 0.6295 0 -30 0 0
0.4500 0.0064 0.6326 0 -30 0 0
0.4500 0.0064 0.6326 0 -30 0 0
0.4500 0.0064 0.6326 0 -30 0 0
0.4520 0.0061 0.6365 0 -30 0 0
0.4520 0.0061 0.6365 0 -30 0 0
0.4520 0.0061 0.6365 0 -30 0 0
0.4520 0.0061 0.6365 0 -30 0 0
0.4520 0.0057 0.6377 0 -30 0 0
0.4520 0.0057 0.6377 0 -30 0 0
0.4520 0.0057 0.6377 0 -30 0 0
0.4520 0.0057 0.6377 0 -30 0 0
0.4620 0.0051 0.6391 0 -30 0 0
0.4620 0.0051 0.6391 0 -30 0 0
0.4620 0.0051 0.6391 0 -30 0 0
0.4620 0.0051 0.6391 0 -30 0 0
0.4620 0.0051 0.6391 0 -30 0 0
0.4620 0.0051 0.6391 0 -30 0 0
0.4620 0.0044 0.6405 0 -30 0 0
0.4620 0.0044 0.6405 0 -30 0 0
0.4620 0.0044 0.6405 0 -30 0 0
0.4620 0.0040 0.6415 0 -30 0 0
0.4620 0.0040 0.6415 0 -30 0 0
0.4620 0.0040 0.6415 0 -30 0 0
0.4380 0.0042 0.6446 0 -30 0 0
0.4380 0.0042 0.6446 0 -30 0 0
0.4380 0.0042 0.6446 0 -30 0 0
0.4380 0.0042 0.6446 0 -30 0 0
0.4380 0.0042 0.6446 0 0 0 0
0.4660 0.0035 0.6484 0 -30 0 0
0.4760 0.0048 0.6527 0 -30 0 0
0.4920 0.0048 0.6527 0 -30 0 0
0.4680 0.0070 0.6512 0 -30 0 0
0.4680 0.0091 0.6546 0 -30 0 0
0.4800 0.0091 0.6546 0 -30 0 0
0.4640 0.0112 0.6563 0 -30 0 0
0.4920 0.0124 0.6556 0 -30 0 0
0.4780 0.0124 0.6556 0 -30 0 0
0.4780 0.0124 0.6556 0 -30 0 0
0.4780 0.0124 0.6556 0 -30 0 0
0.4880 0.0121 0.6550 0 -30 0 0
0.4880 0.0121 0.6550 0 -30 0 0
0.4880 0.0121 0.6550 0 -30 0 0
0.4880 0.0121 0.6550 0 -30 0 0
0.4880 0.0121 0.6550 0 -30 0 0
0.4880 0.0119 0.6522 0 -30 0 0
0.4880 0.0119 0.6522 0 -30 0 0
0.4880 0.0119 0.6522 0 -30 0 0
0.4880 0.0119 0.6522 0 -30 0 0
0.4840 0.0116 0.6524 0 -30 0 0
0.4840 0.0116 0.6524 0 -30 0 0
0.4840 0.0116 0.6524 0 -30 0 0
0.4840 0.0116 0.6524 0 -30 0 0
0.4840 0.0116 0.6524 0 -30 0 0
0.4840 0.0116 0.6524 0 -30 0 0
0.4560 0.0106 0.6531 0 -30 0 0
0.4560 0.0106 0.6531 0 -30 0 0
0.4560 0.0106 0.6531 0 -30 0 0
0.4920 0.0098 0.6513 0 -30 0 0
0.4920 0.0098 0.6513 0 -30 0 0
0.4920 0.0098 0.6513 0 -30 0 0
0.4820 0.0089 0.6519 0 -30 0 0
0.4820 0.0089 0.6519 0 -30 0 0
0.4820 0.0089 0.6519 0 -30 0 0
0.4820 0.0089 0.6519 0 -30 0 0
0.4820 0.0089 0.6519 0 -30 0 0
0.4820 0.0083 0.6508 0 -30 0 0
0.4760 0.0083 0.6508 0 -30 0 0
0.4760 0.0083 0.6508 0 -30 0 0
0.4760 0.0083 0.6508 0 -30 0 0
0.4760 0.0083 0.6508 0 -30 0 0
0.4760 0.0083 0.6508 0 -30 0 0
0.5180 0.0078 0.6540 0 -30 0 0
0.5180 0.0078 0.6540 0 -30 0 0
0.5180 0.0078 0.6540 0 -30 0 0
0.5080 0.0073 0.6571 0 -30 0 0
0.5080 0.0073 0.6571 0 0 0 0
0.5000 0.0059 0.6758 0 0 0 -30
0.4860 0.0056 0.6885 0 0 0 -30
0.4940 0.0060 0.6877 0 0 0 -30
0.5060 0.0072 0.6883 0 0 0 -30
0.5060 0.0072 0.6883 0 0 0 -30
0.5060 0.0072 0.6883 0 0 0 -30
0.5060 0.0072 0.6883 0 0 0 -30
0.5100 0.0089 0.6870 0 0 0 -30
0.5100 0.0089 0.6870 0 0 0 -30
0.5100 0.0089 0.6870 0 0 0 -30
0.5100 0.0089 0.6870 0 0 0 -30
0.4920 0.0098 0.6851 0 0 0 0
0.4920 0.0105 0.6867 0 0 0 -30
0.5020 0.0104 0.6871 0 0 0 -30
0.4920 0.0104 0.6871 0 0 0 -30
0.4940 0.0102 0.6858 0 0 0 -30
0.4920 0.0100 0.6828 0 0 0 -30
0.5000 0.0098 0.6798 0 0 0 0
0.4860 0.0112 0.6808 0 0 0 -30
0.4840 0.0119 0.6778 0 0 0 -30
0.4840 0.0119 0.6778 0 0 0 -30
0.4840 0.0119 0.6778 0 0 0 -30
0.4920 0.0115 0.6777 0 0 0 -30
0.4920 0.0115 0.6777 0 0 0 -30
0.4980 0.0107 0.6777 0 0 0 -30
0.4980 0.0107 0.6777 0 0 0 -30
0.4980 0.0107 0.6777 0 0 0 0
0.4840 0.0100 0.6792 0 0 0 -30
0.5000 0.0100 0.6792 0 0 0 -30
0.4920 0.0100 0.6782 0 0 0 -30
0.4860 0.0098 0.6747 0 0 0 -30
0.4860 0.0098 0.6747 0 0 0 -30
0.4860 0.0098 0.6747 0 0 0 -30
0.4600 0.0097 0.6734 0 0 0 -30
0.4600 0.0097 0.6734 0 0 0 -30
0.4600 0.0097 0.6734 0 0 0 -30
0.4880 0.0099 0.6742 0 0 0 0
0.4880 0.0098 0.6733 0 0 0 -30
0.5000 0.0096 0.6746 0 0 0 -30
0.5060 0.0093 0.6719 0 0 0 -30
0.5060 0.0093 0.6719 0 0 0 -30
0.5060 0.0093 0.6719 0 0 0 -30
0.5060 0.0093 0.6719 0 0 0 -30
0.5080 0.0088 0.6664 0 0 0 -30
0.5080 0.0088 0.6664 0 0 0 -30
0.5080 0.0088 0.6664 0 0 0 0
0.5080 0.0092 0.6630 0 0 0 -30
0.4740 0.0093 0.6611 0 0 0 -30
0.4740 0.0093 0.6611 0 0 0 -30
0.4940 0.0089 0.6582 0 0 0 -30
0.4940 0.0089 0.6582 0 0 0 -30
0.4940 0.0089 0.6582 0 0 0 -30
0.4940 0.0089 0.6582 0 0 0 -30
0.4980 0.0085 0.6584 0 0 0 -30
0.4980 0.0085 0.6584 0 0 0 -30
0.4980 0.0085 0.6584 0 0 0 -30
0.4980 0.0085 0.6584 0 0 0 -30
0.4980 0.0085 0.6584 0 0 0 0
0.5100 0.0089 0.6582 0 -30 0 0
0.4860 0.0094 0.6572 0 -30 0 0
0.5040 0.0095 0.6535 0 -30 0 0
0.5040 0.0095 0.6535 0 -30 0 0
0.5040 0.0095 0.6535 0 -30 0 0
0.5040 0.0095 0.6535 0 -30 0 0
0.4980 0.0091 0.6526 0 -30 0 0
0.4980 0.0091 0.6526 0 -30 0 0
0.4980 0.0091 0.6526 0 -30 0 0
0.4980 0.0091 0.6526 0 -30 0 0
0.4980 0.0091 0.6526 0 -30 0 0
0.4940 0.0089 0.6520 0 -30 0 0
0.4940 0.0089 0.6520 0 -30 0 0
0.4940 0.0089 0.6520 0 -30 0 0
0.4940 0.0089 0.6520 0 -30 0 0
0.4920 0.0092 0.6506 0 -30 0 0
0.4920 0.0092 0.6506 0 -30 0 0
0.4920 0.0092 0.6506 0 -30 0 0
0.4920 0.0092 0.6506 0 -30 0 0
0.4720 0.0097 0.6523 0 -30 0 0
0.4720 0.0097 0.6523 0 -30 0 0
0.4720 0.0097 0.6523 0 -30 0 0
0.4720 0.0097 0.6523 0 -30 0 0
0.4720 0.0097 0.6523 0 -30 0 0
0.4760 0.0095 0.6506 0 -30 0 0
0.4760 0.0095 0.6506 0 -30 0 0
0.4760 0.0095 0.6506 0 -30 0 0
0.4760 0.0095 0.6506 0 -30 0 0
0.4760 0.0095 0.6506 0 -30 0 0
0.4760 0.0095 0.6506 0 -30 0 0
0.4760 0.0095 0.6506 0 -30 0 0
0.4760 0.0095 0.6506 0 -30 0 0
0.4860 0.0086 0.6513 0 -30 0 0
0.4860 0.0086 0.6513 0 -30 0 0
0.4860 0.0086 0.6513 0 -30 0 0
0.4860 0.0086 0.6513 0 -30 0 0
0.4820 0.0080 0.6563 0 -30 0 0
0.4820 0.0080 0.6563 0 -30 0 0
0.4860 0.0074 0.6585 0 -30 0 0
0.4860 0.0074 0.6585 0 -30 0 0
0.4860 0.0074 0.6585 0 -30 0 0
0.5000 0.0071 0.6603 0 -30 0 0
0.5000 0.0071 0.6603 0 -30 0 0
0.5000 0.0071 0.6603 0 -30 0 0
0.5000 0.0071 0.6603 0 -30 0 0
0.5000 0.0071 0.6594 0 -30 0 0
0.4880 0.0071 0.6594 0 -30 0 0
0.4880 0.0071 0.6594 0 -30 0 0
0.4880 0.0071 0.6594 0 -30 0 0
0.4880 0.0071 0.6594 0 -30 0 0
0.4880 0.0071 0.6594 0 -30 0 0
0.5140 0.0069 0.6597 0 -30 0 0
0.5140 0.0069 0.6597 0 -30 0 0
0.5140 0.0069 0.6597 0 -30 0 0
0.5140 0.0069 0.6597 0 -30 0 0
0.4900 0.0067 0.6551 0 -30 0 0
0.4900 0.0067 0.6551 0 -30 0 0
0.4900 0.0067 0.6551 0 -30 0 0
0.4900 0.0067 0.6551 0 -30 0 0
0.4900 0.0067 0.6551 0 -30 0 0
0.5120 0.0065 0.6584 0 -30 0 0
0.5120 0.0065 0.6584 0 -30 0 0
0.5120 0.0065 0.6584 0 -30 0 0
0.5120 0.0065 0.6584 0 -30 0 0
0.5080 0.0065 0.6575 0 -30 0 0
0.5080 0.0065 0.6575 0 -30 0 0
0.5080 0.0065 0.6575 0 0 0 0
0.4800 0.0079 0.6563 0 -30 0 0
0.4840 0.0073 0.6556 0 -30 0 0
0.4860 0.0066 0.6567 0 -30 0 0
0.4840 0.0062 0.6560 0 -30 0 0
0.4780 0.0060 0.6580 0 -30 0 0
0.4880 0.0056 0.6495 0 -30 0 0
0.4880 0.0056 0.6495 0 -30 0 0
0.4880 0.0049 0.6535 0 -30 0 0
0.4900 0.0049 0.6535 0 -30 0 0
0.4900 0.0049 0.6535 0 -30 0 0
0.4900 0.0049 0.6535 0 -30 0 0
0.4900 0.0049 0.6535 0 -30 0 0
0.4920 0.0044 0.6389 0 -30 0 0
0.4920 0.0044 0.6389 0 -30 0 0
0.4920 0.0044 0.6389 0 -30 0 0
0.4920 0.0044 0.6389 0 -30 0 0
0.5100 0.0041 0.6361 0 -30 0 0
0.5100 0.0041 0.6361 0 -30 0 0
0.5100 0.0041 0.6361 0 -30 0 0
0.5100 0.0041 0.6361 0 -30 0 0
0.5100 0.0041 0.6361 0 -30 0 0
0.5040 0.0039 0.6276 0 -30 0 0
0.5040 0.0039 0.6276 0 -30 0 0
0.5040 0.0039 0.6276 0 -30 0 0
0.5040 0.0039 0.6276 0 -30 0 0
0.5040 0.0039 0.6259 0 -30 0 0
0.4700 0.0039 0.6259 0 -30 0 0
0.4700 0.0039 0.6259 0 -30 0 0
0.4700 0.0039 0.6259 0 -30 0 0
0.4700 0.0039 0.6259 0 -30 0 0
0.4700 0.0037 0.6133 0 -30 0 0
0.4840 0.0037 0.6133 0 -30 0 0
0.4840 0.0037 0.6133 0 -30 0 0
0.4840 0.0037 0.6133 0 -30 0 0
0.4840 0.0037 0.6133 0 -30 0 0
0.4920 0.0031 0.6089 0 -30 0 0
0.4920 0.0031 0.6089 0 -30 0 0
0.4920 0.0031 0.6089 0 -30 0 0
0.4920 0.0031 0.6089 0 -30 0 0
0.4920 0.0031 0.6089 0 -30 0 0
0.4880 0.0025 0.6075 0 -30 0 0
0.4880 0.0025 0.6075 0 -30 0 0
0.4880 0.0025 0.6075 0 -30 0 0
0.4880 0.0025 0.6075 0 -30 0 0
0.4880 0.0025 0.6075 0 -30 0 0
0.4880 0.0025 0.6075 0 -30 0 0
0.4880 0.0025 0.6075 0 -30 0 0
0.4880 0.0025 0.6075 0 -30 0 0
0.4880 0.0025 0.6075 0 -30 0 0
0.4880 0.0025 0.6075 0 -30 0 0
0.4880 0.0025 0.6075 0 -30 0 0
0.4880 0.0025 0.6075 0 -30 0 0
0.5000 0.0023 0.6099 0 -30 0 0
0.5060 0.0023 0.6063 0 -30 0 0
0.4900 0.0026 0.6057 0 -30 0 0
0.4900 0.0026 0.6057 0 -30 0 0
0.4900 0.0026 0.6057 0 -30 0 0
0.4860 0.0028 0.6048 0 -30 0 0
0.4860 0.0028 0.6048 0 -30 0 0
0.4860 0.0028 0.6048 0 -30 0 0
0.4860 0.0028 0.6048 0 -30 0 0
0.4660 0.0032 0.6035 0 -30 0 0
0.4660 0.0032 0.6035 0 -30 0 0
0.4660 0.0032 0.6035 0 -30 0 0
0.4660 0.0032 0.6035 0 -30 0 0
0.4660 0.0032 0.6035 0 -30 0 0
0.5060 0.0032 0.6067 0 -30 0 0
0.5060 0.0032 0.6067 0 -30 0 0
0.5060 0.0032 0.6067 0 -30 0 0
0.5060 0.0032 0.6067 0 -30 0 0
0.5060 0.0032 0.6067 0 -30 0 0
0.5160 0.0032 0.6096 0 -30 0 0
0.5160 0.0032 0.6096 0 -30 0 0
0.5160 0.0032 0.6096 0 -30 0 0
0.4920 0.0037 0.6133 0 -30 0 0
0.4920 0.0037 0.6133 0 -30 0 0
0.4920 0.0037 0.6133 0 -30 0 0
0.4920 0.0037 0.6133 0 -30 0 0
0.4860 0.0044 0.6147 0 -30 0 0
0.4860 0.0044 0.6147 0 -30 0 0
0.4860 0.0044 0.6147 0 -30 0 0
0.4860 0.0044 0.6147 0 -30 0 0
0.4860 0.0054 0.6144 0 -30 0 0
0.4900 0.0054 0.6144 0 -30 0 0
0.4900 0.0054 0.6144 0 -30 0 0
0.4900 0.0054 0.6144 0 -30 0 0
0.4900 0.0054 0.6144 0 -30 0 0
0.4780 0.0060 0.6132 0 -30 0 0
0.4780 0.0060 0.6132 0 0 0 0
0.4900 0.0047 0.6164 0 -30 0 0
0.5020 0.0047 0.6164 0 -30 0 0
0.5020 0.0053 0.6143 0 -30 0 0
0.4880 0.0053 0.6143 0 -30 0 0
0.4920 0.0064 0.6143 0 -30 0 0
0.4920 0.0064 0.6143 0 -30 0 0
0.4860 0.0075 0.6215 0 -30 0 0
0.4880 0.0075 0.6215 0 -30 0 0
0.4880 0.0075 0.6215 0 -30 0 0
0.4880 0.0075 0.6215 0 -30 0 0
0.5100 0.0079 0.6189 0 -30 0 0
0.5100 0.0079 0.6189 0 -30 0 0
0.5100 0.0079 0.6189 0 -30 0 0
0.5100 0.0079 0.6189 0 -30 0 0
0.5060 0.0077 0.6207 0 -30 0 0
0.5060 0.0077 0.6207 0 -30 0 0
0.5060 0.0077 0.6207 0 -30 0 0
0.5060 0.0077 0.6207 0 -30 0 0
0.4860 0.0069 0.6169 0 -30 0 0
0.4860 0.0069 0.6169 0 -30 0 0
0.4860 0.0069 0.6169 0 -30 0 0
0.4860 0.0069 0.6169 0 -30 0 0
0.4860 0.0069 0.6169 0 -30 0 0
0.4860 0.0069 0.6169 0 -30 0 0
0.4820 0.0052 0.6174 0 -30 0 0
0.4820 0.0052 0.6174 0 -30 0 0
0.4820 0.0052 0.6174 0 -30 0 0
0.5060 0.0042 0.6174 0 -30 0 0
0.5060 0.0042 0.6174 0 -30 0 0
0.5060 0.0042 0.6174 0 -30 0 0
0.5060 0.0042 0.6174 0 -30 0 0
0.5060 0.0042 0.6174 0 -30 0 0
0.5060 0.0042 0.6174 0 -30 0 0
0.5060 0.0042 0.6174 0 -30 0 0
0.5060 0.0042 0.6174 0 -30 0 0
0.5060 0.0042 0.6174 0 -30 0 0
0.5060 0.0042 0.6174 0 -30 0 0
0.5060 0.0042 0.6174 0 -30 0 0
0.5060 0.0042 0.6174 0 -30 0 0
0.4900 0.0036 0.6194 0 -30 0 0
0.4900 0.0036 0.6194 0 -30 0 0
0.4900 0.0036 0.6194 0 -30 0 0
0.4760 0.0034 0.6225 0 -30 0 0
0.4900 0.0034 0.6227 0 -30 0 0
0.5160 0.0033 0.6250 0 -30 0 0
0.5160 0.0033 0.6250 0 -30 0 0
0.5160 0.0033 0.6250 0 -30 0 0
0.5160 0.0033 0.6250 0 -30 0 0
0.5160 0.0033 0.6250 0 -30 0 0
0.4960 0.0030 0.6263 0 -30 0 0
0.4960 0.0030 0.6263 0 -30 0 0
0.4960 0.0030 0.6263 0 -30 0 0
0.4960 0.0030 0.6263 0 -30 0 0
0.4900 0.0026 0.6280 0 -30 0 0
0.4900 0.0026 0.6280 0 -30 0 0
0.4900 0.0026 0.6280 0 -30 0 0
0.4900 0.0026 0.6280 0 -30 0 0
0.5020 0.0026 0.6293 0 -30 0 0
0.5020 0.0026 0.6293 0 -30 0 0
0.5020 0.0026 0.6293 0 -30 0 0
0.5020 0.0026 0.6293 0 -30 0 0
0.5020 0.0026 0.6293 0 -30 0 0
0.5020 0.0026 0.6293 0 -30 0 0
0.5400 0.0026 0.6309 0 -30 0 0
0.5400 0.0026 0.6309 0 -30 0 0
0.5400 0.0026 0.6309 0 -30 0 0
0.5160 0.0030 0.6317 0 -30 0 0
0.5160 0.0030 0.6317 0 -30 0 0
0.5160 0.0030 0.6317 0 -30 0 0
0.5160 0.0030 0.6317 0 -30 0 0
0.4940 0.0034 0.6320 0 -30 0 0
0.4940 0.0034 0.6320 0 -30 0 0
0.4940 0.0034 0.6320 0 -30 0 0
0.4940 0.0034 0.6320 0 -30 0 0
0.4940 0.0034 0.6320 0 -30 0 0
0.5040 0.0038 0.6335 0 -30 0 0
0.5040 0.0038 0.6335 0 -30 0 0
0.5040 0.0038 0.6335 0 -30 0 0
0.5040 0.0038 0.6335 0 -30 0 0
0.5040 0.0040 0.6336 0 -30 0 0
0.5040 0.0040 0.6336 0 -30 0 0
0.5040 0.0040 0.6336 0 -30 0 0
0.5040 0.0039 0.6360 0 -30 0 0
0.4860 0.0039 0.6360 0 -30 0 0
0.4860 0.0039 0.6360 0 -30 0 0
0.4860 0.0039 0.6360 0 -30 0 0
0.4860 0.0039 0.6360 0 -30 0 0
0.4860 0.0039 0.6360 0 -30 0 0
0.4860 0.0039 0.6360 0 -30 0 0
0.4840 0.0037 0.6368 0 -30 0 0
0.4840 0.0037 0.6368 0 -30 0 0
0.4840 0.0037 0.6368 0 -30 0 0
0.4840 0.0037 0.6368 0 -30 0 0
0.4840 0.0037 0.6368 0 -30 0 0
0.4840 0.0037 0.6368 0 -30 0 0
0.4840 0.0037 0.6368 0 -30 0 0
0.5060 0.0034 0.6357 0 -30 0 0
0.5060 0.0034 0.6357 0 -30 0 0
0.5060 0.0034 0.6357 0 -30 0 0
0.5060 0.0034 0.6357 0 -30 0 0
0.5060 0.0034 0.6357 0 -30 0 0
0.5100 0.0030 0.6341 0 -30 0 0
0.5100 0.0030 0.6341 0 -30 0 0
0.5100 0.0025 0.6335 0 -30 0 0
0.5100 0.0025 0.6335 0 -30 0 0
0.5100 0.0025 0.6335 0 -30 0 0
0.5000 0.0023 0.6334 0 -30 0 0
0.5000 0.0023 0.6334 0 -30 0 0
0.5000 0.0023 0.6334 0 -30 0 0
0.5000 0.0023 0.6334 0 -30 0 0
0.5000 0.0023 0.6334 0 -30 0 0
0.5000 0.0023 0.6334 0 -30 0 0
0.5000 0.0023 0.6334 0 -30 0 0
0.5040 0.0026 0.6335 0 -30 0 0
0.5040 0.0026 0.6335 0 -30 0 0
0.5120 0.0026 0.6322 0 -30 0 0
0.5120 0.0026 0.6322 0 -30 0 0
0.5120 0.0026 0.6322 0 -30 0 0
0.5240 0.0025 0.6301 0 -30 0 0
0.5240 0.0025 0.6301 0 -30 0 0
0.5240 0.0025 0.6301 0 -30 0 0
0.5240 0.0025 0.6301 0 -30 0 0
0.5140 0.0024 0.6310 0 -30 0 0
0.5140 0.0024 0.6310 0 -30 0 0
0.5140 0.0024 0.6310 0 -30 0 0
0.5140 0.0024 0.6310 0 -30 0 0
0.5140 0.0024 0.6310 0 -30 0 0
0.5140 0.0024 0.6310 0 -30 0 0
0.5140 0.0028 0.6306 0 -30 0 0
0.5160 0.0028 0.6306 0 -30 0 0
0.5160 0.0028 0.6306 0 -30 0 0
0.5160 0.0028 0.6306 0 -30 0 0
0.5160 0.0028 0.6306 0 -30 0 0
0.5060 0.0032 0.6305 0 -30 0 0
0.5060 0.0032 0.6305 0 -30 0 0
0.5060 0.0032 0.6305 0 -30 0 0
0.4940 0.0035 0.6308 0 -30 0 0
0.4940 0.0035 0.6308 0 -30 0 0
0.4940 0.0035 0.6308 0 -30 0 0
0.4940 0.0035 0.6308 0 -30 0 0
0.4940 0.0035 0.6308 0 -30 0 0
0.4940 0.0035 0.6308 0 -30 0 0
0.4940 0.0035 0.6308 0 -30 0 0
0.5080 0.0040 0.6327 0 -30 0 0
0.5080 0.0040 0.6327 0 -30 0 0
0.5080 0.0040 0.6327 0 -30 0 0
0.5040 0.0042 0.6311 0 -30 0 0
0.5040 0.0042 0.6311 0 -30 0 0
0.5040 0.0042 0.6311 0 -30 0 0
0.5040 0.0042 0.6311 0 -30 0 0
0.5040 0.0045 0.6302 0 -30 0 0
0.5040 0.0045 0.6302 0 -30 0 0
0.5040 0.0045 0.6302 0 -30 0 0
0.5040 0.0045 0.6302 0 -30 0 0
0.5040 0.0045 0.6290 0 -30 0 0
0.5260 0.0045 0.6290 0 -30 0 0
0.5260 0.0045 0.6290 0 -30 0 0
0.5260 0.0045 0.6290 0 -30 0 0
0.5260 0.0045 0.6290 0 -30 0 0
0.5260 0.0045 0.6290 0 -30 0 0
0.5120 0.0044 0.6262 0 -30 0 0
0.5120 0.0044 0.6262 0 -30 0 0
0.5120 0.0044 0.6262 0 -30 0 0
0.5120 0.0044 0.6262 0 -30 0 0
0.5180 0.0043 0.6264 0 -30 0 0
0.5180 0.0043 0.6264 0 -30 0 0
0.5180 0.0043 0.6264 0 -30 0 0
0.5180 0.0043 0.6264 0 -30 0 0
0.5180 0.0043 0.6264 0 -30 0 0
0.4960 0.0041 0.6267 0 -30 0 0
0.4960 0.0041 0.6267 0 -30 0 0
0.4960 0.0041 0.6267 0 -30 0 0
0.4960 0.0041 0.6267 0 -30 0 0
0.5060 0.0038 0.6298 0 -30 0 0
0.5060 0.0038 0.6298 0 -30 0 0
0.5060 0.0038 0.6298 0 -30 0 0
0.5060 0.0038 0.6298 0 -30 0 0
0.5040 0.0036 0.6306 0 -30 0 0
0.5040 0.0036 0.6306 0 -30 0 0
0.5040 0.0036 0.6306 0 -30 0 0
0.5040 0.0036 0.6306 0 -30 0 0
0.5040 0.0036 0.6306 0 -30 0 0
0.5040 0.0036 0.6306 0 -30 0 0
0.5100 0.0035 0.6285 0 -30 0 0
0.5100 0.0035 0.6285 0 -30 0 0
0.5260 0.0030 0.6288 0 -30 0 0
0.5260 0.0030 0.6288 0 -30 0 0
0.5260 0.0030 0.6288 0 -30 0 0
0.5260 0.0030 0.6288 0 -30 0 0
0.5260 0.0030 0.6288 0 -30 0 0
0.5380 0.0026 0.6322 0 -30 0 0
0.5380 0.0026 0.6322 0 -30 0 0
0.5380 0.0026 0.6322 0 -30 0 0
0.5380 0.0026 0.6322 0 -30 0 0
0.5380 0.0026 0.6322 0 -30 0 0
0.5040 0.0024 0.6323 0 -30 0 0
0.5040 0.0024 0.6323 0 -30 0 0
0.5040 0.0024 0.6323 0 -30 0 0
0.5260 0.0023 0.6275 0 -30 0 0
0.5260 0.0023 0.6275 0 -30 0 0
0.5260 0.0023 0.6275 0 -30 0 0
0.5260 0.0023 0.6275 0 -30 0 0
0.5260 0.0023 0.6275 0 -30 0 0
0.5260 0.0023 0.6275 0 -30 0 0
0.5260 0.0023 0.6275 0 -30 0 0
0.5260 0.0023 0.6275 0 -30 0 0
0.5260 0.0023 0.6275 0 -30 0 0
0.5040 0.0025 0.6290 0 -30 0 0
0.5040 0.0025 0.6290 0 -30 0 0
0.5040 0.0025 0.6290 0 -30 0 0
0.5140 0.0026 0.6306 0 -30 0 0
0.5140 0.0026 0.6306 0 -30 0 0
0.5080 0.0024 0.6332 0 -30 0 0
0.5080 0.0024 0.6332 0 -30 0 0
0.5080 0.0024 0.6332 0 -30 0 0
0.5200 0.0017 0.6296 0 -30 0 0
0.5200 0.0017 0.6296 0 -30 0 0
0.5200 0.0017 0.6296 0 -30 0 0
0.5200 0.0017 0.6296 0 -30 0 0
0.5200 0.0017 0.6296 0 -30 0 0
0.5200 0.0012 0.6247 0 -30 0 0
0.5200 0.0012 0.6247 0 -30 0 0
0.5200 0.0012 0.6247 0 -30 0 0
0.5160 0.0010 0.6218 0 -30 0 0
0.5160 0.0010 0.6218 0 -30 0 0
0.5160 0.0010 0.6218 0 -30 0 0
0.5160 0.0010 0.6218 0 -30 0 0
0.5160 0.0010 0.6218 0 -30 0 0
0.5160 0.0010 0.6218 0 -30 0 0
0.4940 0.0014 0.6163 0 -30 0 0
0.4940 0.0014 0.6163 0 -30 0 0
0.4940 0.0014 0.6163 0 -30 0 0
0.4940 0.0014 0.6163 0 -30 0 0
0.4940 0.0014 0.6163 0 -30 0 0
0.4940 0.0014 0.6163 0 -30 0 0
0.4940 0.0014 0.6163 0 -30 0 0
0.5100 0.0013 0.6170 0 -30 0 0
0.5100 0.0013 0.6170 0 -30 0 0
0.5100 0.0013 0.6170 0 -30 0 0
0.5100 0.0013 0.6170 0 -30 0 0
0.5100 0.0013 0.6170 0 -30 0 0
0.5180 0.0014 0.6133 0 -30 0 0
0.5180 0.0014 0.6133 0 -30 0 0
0.5080 0.0021 0.6126 0 -30 0 0
0.5080 0.0021 0.6126 0 -30 0 0
0.5080 0.0021 0.6126 0 -30 0 0
0.5080 0.0021 0.6126 0 -30 0 0
0.5200 0.0027 0.6073 0 -30 0 0
0.5200 0.0027 0.6073 0 -30 0 0
0.5200 0.0027 0.6073 0 -30 0 0
0.4940 0.0030 0.6105 0 -30 0 0
0.4940 0.0030 0.6105 0 -30 0 0
0.4940 0.0030 0.6105 0 -30 0 0
0.4940 0.0030 0.6105 0 -30 0 0
0.4940 0.0030 0.6105 0 -30 0 0
0.4940 0.0030 0.6105 0 -30 0 0
0.5040 0.0025 0.6103 0 -30 0 0
0.5040 0.0025 0.6103 0 -30 0 0
0.5040 0.0025 0.6103 0 -30 0 0
0.5040 0.0025 0.6103 0 -30 0 0
0.5220 0.0022 0.6102 0 -30 0 0
0.5220 0.0022 0.6102 0 -30 0 0
0.5220 0.0022 0.6102 0 -30 0 0
0.5220 0.0022 0.6102 0 -30 0 0
0.5400 0.0018 0.6109 0 -30 0 0
0.5400 0.0018 0.6109 0 -30 0 0
0.5400 0.0018 0.6109 0 -30 0 0
0.5400 0.0018 0.6109 0 -30 0 0
0.5400 0.0018 0.6109 0 -30 0 0
0.5320 0.0014 0.6112 0 -30 0 0
0.5320 0.0014 0.6112 0 -30 0 0
0.5320 0.0014 0.6112 0 -30 0 0
0.5320 0.0014 0.6112 0 -30 0 0
0.5240 0.0014 0.6125 0 -30 0 0
0.5240 0.0014 0.6125 0 -30 0 0
0.5240 0.0014 0.6125 0 -30 0 0
0.5240 0.0014 0.6125 0 -30 0 0
0.5300 0.0019 0.6169 0 -30 0 0
0.5300 0.0019 0.6169 0 -30 0 0
0.5300 0.0019 0.6169 0 -30 0 0
0.5300 0.0019 0.6169 0 -30 0 0
0.5300 0.0019 0.6169 0 -30 0 0
0.4940 0.0027 0.6173 0 -30 0 0
0.4940 0.0027 0.6173 0 -30 0 0
0.4940 0.0027 0.6173 0 -30 0 0
0.4940 0.0027 0.6173 0 -30 0 0
0.5100 0.0030 0.6210 0 -30 0 0
0.5100 0.0030 0.6210 0 -30 0 0
0.5100 0.0030 0.6210 0 -30 0 0
0.5100 0.0030 0.6210 0 -30 0 0
0.5220 0.0031 0.6217 0 -30 0 0
0.5220 0.0031 0.6217 0 -30 0 0
0.5220 0.0031 0.6217 0 -30 0 0
0.5220 0.0031 0.6217 0 -30 0 0
0.5220 0.0031 0.6217 0 -30 0 0
0.5220 0.0029 0.6253 0 -30 0 0
0.5260 0.0029 0.6253 0 -30 0 0
0.5260 0.0029 0.6253 0 -30 0 0
0.5260 0.0029 0.6253 0 -30 0 0
0.5260 0.0029 0.6253 0 -30 0 0
0.5100 0.0026 0.6275 0 -30 0 0
0.5100 0.0026 0.6275 0 -30 0 0
0.5140 0.0025 0.6281 0 -30 0 0
0.5140 0.0025 0.6281 0 -30 0 0
0.5140 0.0025 0.6281 0 -30 0 0
0.5140 0.0025 0.6281 0 -30 0 0
0.5140 0.0025 0.6281 0 -30 0 0
0.5120 0.0024 0.6294 0 -30 0 0
0.5120 0.0024 0.6294 0 -30 0 0
0.5120 0.0024 0.6294 0 -30 0 0
0.5120 0.0024 0.6294 0 -30 0 0
0.5120 0.0024 0.6294 0 -30 0 0
0.5220 0.0026 0.6286 0 -30 0 0
0.5220 0.0026 0.6286 0 -30 0 0
0.5220 0.0026 0.6286 0 -30 0 0
0.5200 0.0028 0.6305 0 -30 0 0
0.5200 0.0028 0.6305 0 -30 0 0
0.5200 0.0028 0.6305 0 -30 0 0
0.5200 0.0028 0.6305 0 -30 0 0
0.5200 0.0028 0.6305 0 -30 0 0
0.5200 0.0028 0.6305 0 -30 0 0
0.5160 0.0032 0.6332 0 -30 0 0
0.5160 0.0032 0.6332 0 -30 0 0
0.5160 0.0032 0.6332 0 -30 0 0
0.5160 0.0032 0.6332 0 -30 0 0
0.5160 0.0032 0.6332 0 -30 0 0
0.5240 0.0031 0.6352 0 -30 0 0
0.5240 0.0031 0.6352 0 -30 0 0
0.5240 0.0031 0.6390 0 -30 0 0
0.5220 0.0031 0.6390 0 -30 0 0
0.5220 0.0031 0.6390 0 -30 0 0
0.5220 0.0031 0.6390 0 -30 0 0
0.5220 0.0031 0.6390 0 -30 0 0
0.5220 0.0031 0.6390 0 -30 0 0
0.5040 0.0035 0.6423 0 -30 0 0
0.5040 0.0035 0.6423 0 -30 0 0
0.5040 0.0035 0.6423 0 -30 0 0
0.5040 0.0035 0.6423 0 -30 0 0
0.5040 0.0041 0.6439 0 -30 0 0
0.5300 0.0041 0.6439 0 -30 0 0
0.5300 0.0041 0.6439 0 -30 0 0
0.5300 0.0041 0.6439 0 -30 0 0
0.5340 0.0045 0.6447 0 -30 0 0
0.5340 0.0045 0.6447 0 -30 0 0
0.5340 0.0045 0.6447 0 -30 0 0
0.5340 0.0045 0.6447 0 -30 0 0
0.5340 0.0045 0.6447 0 -30 0 0
0.5220 0.0046 0.6482 0 -30 0 0
0.5220 0.0046 0.6482 0 -30 0 0
0.5220 0.0046 0.6482 0 -30 0 0
0.5220 0.0046 0.6482 0 -30 0 0
0.5300 0.0043 0.6502 0 -30 0 0
0.5300 0.0043 0.6502 0 -30 0 0
0.5300 0.0043 0.6502 0 -30 0 0
0.5520 0.0040 0.6516 0 -30 0 0
0.5520 0.0040 0.6516 0 -30 0 0
0.5520 0.0040 0.6516 0 -30 0 0
0.5520 0.0040 0.6516 0 -30 0 0
0.5520 0.0040 0.6516 0 -30 0 0
0.5520 0.0040 0.6516 0 -30 0 0
0.5260 0.0038 0.6585 0 -30 0 0
0.5260 0.0038 0.6585 0 -30 0 0
0.5260 0.0038 0.6585 0 -30 0 0
0.5260 0.0038 0.6585 0 -30 0 0
0.5020 0.0043 0.6593 0 -30 0 0
0.5020 0.0043 0.6593 0 -30 0 0
0.5020 0.0043 0.6593 0 -30 0 0
0.5020 0.0043 0.6593 0 -30 0 0
0.5300 0.0046 0.6603 0 -30 0 0
0.5300 0.0046 0.6603 0 -30 0 0
0.5300 0.0046 0.6603 0 -30 0 0
0.5300 0.0046 0.6603 0 -30 0 0
0.5440 0.0049 0.6609 0 -30 0 0
0.5440 0.0049 0.6609 0 -30 0 0
0.5440 0.0049 0.6609 0 -30 0 0
0.5440 0.0049 0.6609 0 -30 0 0
0.5440 0.0049 0.6609 0 -30 0 0
0.5300 0.0049 0.6626 0 -30 0 0
0.5300 0.0049 0.6626 0 -30 0 0
0.5300 0.0049 0.6626 0 -30 0 0
0.5300 0.0049 0.6626 0 -30 0 0
0.5300 0.0049 0.6626 0 -30 0 0
0.5300 0.0049 0.6626 0 -30 0 0
0.5300 0.0049 0.6626 0 -30 0 0
0.5440 0.0047 0.6634 0 -30 0 0
0.5440 0.0047 0.6634 0 0 0 0
0.5500 0.0042 0.3394 0 -30 0 0
0.5480 0.0035 0.3399 0 -30 0 0
0.5560 0.0036 0.3404 0 -30 0 0
0.5580 0.0039 0.3400 0 -30 0 0
0.5340 0.0040 0.3406 0 -30 0 0
0.5460 0.0039 0.3419 0 -30 0 0
0.5420 0.0038 0.3407 0 -30 0 0
0.5420 0.0038 0.3407 0 -30 0 0
0.5400 0.0035 0.3401 0 -30 0 0
0.5400 0.0035 0.3401 0 -30 0 0
0.5400 0.0035 0.3401 0 -30 0 0
0.5400 0.0035 0.3401 0 -30 0 0
0.5400 0.0035 0.3401 0 -30 0 0
0.5400 0.0035 0.3401 0 -30 0 0
0.5460 0.0030 0.3396 0 -30 0 0
0.5460 0.0030 0.3396 0 -30 0 0
0.5460 0.0030 0.3396 0 -30 0 0
0.5460 0.0030 0.3396 0 -30 0 0
0.5620 0.0028 0.3406 0 -30 0 0
0.5620 0.0028 0.3406 0 -30 0 0
0.5620 0.0028 0.3406 0 -30 0 0
0.5620 0.0028 0.3406 0 -30 0 0
0.5420 0.0027 0.3424 0 -30 0 0
0.5420 0.0027 0.3424 0 -30 0 0
0.5420 0.0027 0.3424 0 -30 0 0
0.5420 0.0027 0.3424 0 -30 0 0
0.5420 0.0027 0.3424 0 -30 0 0
0.5420 0.0027 0.3424 0 -30 0 0
0.5280 0.0027 0.6694 0 -30 0 0
0.5280 0.0027 0.6694 0 -30 0 0
0.5280 0.0027 0.6694 0 -30 0 0
0.5580 0.0028 0.6706 0 -30 0 0
0.5580 0.0028 0.6706 0 -30 0 0
0.5580 0.0028 0.6706 0 -30 0 0
0.5580 0.0028 0.6706 0 -30 0 0
0.5580 0.0031 0.6720 0 -30 0 0
0.5660 0.0031 0.6720 0 -30 0 0
0.5660 0.0031 0.6720 0 -30 0 0
0.5660 0.0031 0.6720 0 -30 0 0
0.5660 0.0031 0.6720 0 -30 0 0
0.5660 0.0031 0.6720 0 -30 0 0
0.5380 0.0031 0.6726 0 -30 0 0
0.5380 0.0031 0.6726 0 -30 0 0
0.5380 0.0029 0.6727 0 -30 0 0
0.5420 0.0029 0.6727 0 -30 0 0
0.5420 0.0029 0.6727 0 -30 0 0
0.5420 0.0029 0.6727 0 -30 0 0
0.5220 0.0026 0.6724 0 -30 0 0
0.5220 0.0026 0.6724 0 -30 0 0
0.5220 0.0026 0.6724 0 -30 0 0
0.5220 0.0026 0.6724 0 -30 0 0
0.5220 0.0026 0.6724 0 -30 0 0
0.5220 0.0026 0.6724 0 -30 0 0
0.5220 0.0026 0.6724 0 -30 0 0
0.5300 0.0025 0.6728 0 -30 0 0
0.5300 0.0025 0.6728 0 -30 0 0
0.5300 0.0025 0.6728 0 -30 0 0
0.5500 0.0028 0.6723 0 -30 0 0
0.5500 0.0028 0.6723 0 -30 0 0
0.5500 0.0028 0.6723 0 -30 0 0
0.5520 0.0031 0.6710 0 -30 0 0
0.5520 0.0031 0.6710 0 -30 0 0
0.5520 0.0031 0.6710 0 -30 0 0
0.5520 0.0031 0.6710 0 -30 0 0
0.5520 0.0031 0.6710 0 -30 0 0
0.5520 0.0031 0.6710 0 -30 0 0
0.5620 0.0036 0.6709 0 -30 0 0
0.5620 0.0036 0.6709 0 -30 0 0
0.5620 0.0036 0.6709 0 -30 0 0
0.5660 0.0036 0.6723 0 -30 0 0
0.5660 0.0036 0.6723 0 -30 0 0
0.5660 0.0036 0.6723 0 -30 0 0
0.5660 0.0036 0.6723 0 -30 0 0
0.5460 0.0036 0.6734 0 -30 0 0
0.5460 0.0036 0.6734 0 -30 0 0
0.5460 0.0036 0.6734 0 -30 0 0
0.5460 0.0036 0.6734 0 -30 0 0
0.5460 0.0036 0.6734 0 -30 0 0
0.5460 0.0034 0.6739 0 -30 0 0
0.5300 0.0034 0.6739 0 -30 0 0
0.5300 0.0034 0.6739 0 -30 0 0
0.5440 0.0031 0.6731 0 -30 0 0
0.5440 0.0031 0.6731 0 -30 0 0
0.5440 0.0031 0.6731 0 -30 0 0
0.5440 0.0031 0.6731 0 -30 0 0
0.5440 0.0029 0.6746 0 -30 0 0
0.5440 0.0029 0.6746 0 -30 0 0
0.5440 0.0029 0.6746 0 -30 0 0
0.5440 0.0029 0.6746 0 -30 0 0
0.5440 0.0029 0.6746 0 -30 0 0
0.5440 0.0029 0.6746 0 -30 0 0
0.5620 0.0024 0.6763 0 -30 0 0
0.5620 0.0024 0.6763 0 -30 0 0
0.5620 0.0024 0.6763 0 -30 0 0
0.5540 0.0023 0.6748 0 -30 0 0
0.5540 0.0023 0.6748 0 -30 0 0
0.5540 0.0023 0.6748 0 -30 0 0
0.5540 0.0023 0.6748 0 -30 0 0
0.5400 0.0022 0.6758 0 -30 0 0
0.5400 0.0022 0.6758 0 -30 0 0
0.5400 0.0022 0.6758 0 -30 0 0
0.5400 0.0022 0.6758 0 -30 0 0
0.5400 0.0022 0.6758 0 -30 0 0
0.5400 0.0022 0.6758 0 -30 0 0
0.5700 0.0022 0.6775 0 -30 0 0
0.5700 0.0022 0.6775 0 -30 0 0
0.5700 0.0022 0.6775 0 -30 0 0
0.5540 0.0025 0.6806 0 -30 0 0
0.5540 0.0025 0.6806 0 -30 0 0
0.5540 0.0025 0.6806 0 -30 0 0
0.5540 0.0026 0.6834 0 -30 0 0
0.5480 0.0026 0.6834 0 -30 0 0
0.5480 0.0026 0.6834 0 -30 0 0
0.5480 0.0026 0.6834 0 -30 0 0
0.5480 0.0026 0.6834 0 -30 0 0
0.5480 0.0026 0.6834 0 -30 0 0
0.5480 0.0028 0.6818 0 -30 0 0
0.5480 0.0028 0.6818 0 -30 0 0
0.5480 0.0028 0.6818 0 -30 0 0
0.5480 0.0028 0.6818 0 -30 0 0
0.5320 0.0028 0.6822 0 -30 0 0
0.5320 0.0028 0.6822 0 -30 0 0
0.5320 0.0028 0.6822 0 -30 0 0
0.5320 0.0028 0.6822 0 -30 0 0
0.5320 0.0024 0.6845 0 -30 0 0
0.5320 0.0024 0.6845 0 -30 0 0
0.5320 0.0024 0.6845 0 -30 0 0
0.5320 0.0024 0.6845 0 -30 0 0
0.5320 0.0024 0.6845 0 -30 0 0
0.5320 0.0024 0.6845 0 -30 0 0
0.5340 0.0023 0.6889 0 -30 0 0
0.5340 0.0023 0.6889 0 -30 0 0
0.5340 0.0023 0.6889 0 -30 0 0
0.5280 0.0021 0.6917 0 0 0 0
0.5140 0.0071 0.5994 0 30 0 0
0.5200 0.0055 0.5953 0 30 0 0
0.5100 0.0041 0.5922 0 30 0 0
0.5040 0.0032 0.5915 0 30 0 0
0.4980 0.0045 0.5928 0 30 0 0
0.5060 0.0077 0.5925 0 30 0 0
0.5060 0.0077 0.5925 0 30 0 0
0.5060 0.0077 0.5925 0 30 0 0
0.5060 0.0082 0.5947 0 30 0 0
0.5140 0.0082 0.5947 0 30 0 0
0.5140 0.0078 0.5977 0 30 0 0
0.5180 0.0078 0.5977 0 30 0 0
0.5180 0.0078 0.5977 0 30 0 0
0.5180 0.0078 0.5977 0 30 0 0
0.5180 0.0067 0.6032 0 30 0 0
0.5040 0.0067 0.6032 0 30 0 0
0.5040 0.0067 0.6032 0 30 0 0
0.5040 0.0067 0.6032 0 30 0 0
0.5040 0.0067 0.6032 0 30 0 0
0.5200 0.0061 0.6026 0 30 0 0
0.5200 0.0061 0.6026 0 30 0 0
0.5200 0.0061 0.6026 0 30 0 0
0.5200 0.0059 0.6012 0 30 0 0
0.5280 0.0059 0.6012 0 30 0 0
0.5280 0.0059 0.6012 0 30 0 0
0.5280 0.0059 0.6012 0 30 0 0
0.5280 0.0059 0.6012 0 30 0 0
0.5220 0.0058 0.6022 0 30 0 0
0.5220 0.0058 0.6022 0 30 0 0
0.5220 0.0058 0.6022 0 30 0 0
0.5220 0.0058 0.6022 0 30 0 0
0.5180 0.0057 0.6026 0 30 0 0
0.5180 0.0057 0.6026 0 30 0 0
0.5180 0.0057 0.6026 0 30 0 0
0.5180 0.0057 0.6026 0 30 0 0
0.5260 0.0056 0.6041 0 30 0 0
0.5260 0.0056 0.6041 0 30 0 0
0.5260 0.0056 0.6041 0 30 0 0
0.5260 0.0056 0.6041 0 30 0 0
0.5260 0.0056 0.6041 0 30 0 0
0.5300 0.0059 0.6030 0 30 0 0
0.5300 0.0059 0.6030 0 30 0 0
0.5300 0.0059 0.6030 0 30 0 0
0.5300 0.0059 0.6030 0 30 0 0
0.5060 0.0064 0.6000 0 30 0 0
0.5060 0.0064 0.6000 0 30 0 0
0.5060 0.0064 0.6000 0 30 0 0
0.5060 0.0064 0.6000 0 30 0 0
0.5060 0.0077 0.5987 0 0 0 0
0.5180 0.0087 0.5990 0 30 0 0
0.5160 0.0065 0.5960 0 30 0 0
0.5100 0.0052 0.5955 0 30 0 0
0.5380 0.0052 0.5955 0 30 0 0
0.5140 0.0054 0.5965 0 30 0 0
0.5140 0.0054 0.5965 0 30 0 0
0.5000 0.0055 0.5973 0 30 0 0
0.5000 0.0055 0.5973 0 30 0 0
0.5000 0.0055 0.5973 0 30 0 0
0.5340 0.0055 0.5969 0 30 0 0
0.5340 0.0055 0.5969 0 30 0 0
0.5340 0.0055 0.5969 0 30 0 0
0.5340 0.0055 0.5969 0 30 0 0
0.5280 0.0055 0.5953 0 30 0 0
0.5280 0.0055 0.5953 0 0 0 0
0.5180 0.0070 0.6040 0 0 0 30
0.5240 0.0079 0.6040 0 0 0 30
0.5240 0.0079 0.6040 0 0 0 0
0.5180 0.0086 0.6193 0 0 0 30
0.5060 0.0091 0.6208 0 0 0 30
0.5180 0.0097 0.6174 0 0 0 30
0.5240 0.0097 0.6146 0 0 0 30
0.5400 0.0092 0.6140 0 0 0 30
0.5400 0.0092 0.6140 0 0 0 30
0.5400 0.0092 0.6140 0 0 0 30
0.5400 0.0092 0.6140 0 0 0 0
0.5400 0.0090 0.6089 0 0 0 -30
0.5480 0.0084 0.6123 0 0 0 -30
0.5240 0.0087 0.6157 0 0 0 -30
0.5480 0.0088 0.6146 0 0 0 -30
0.5240 0.0087 0.6179 0 0 0 -30
0.5280 0.0090 0.6192 0 0 0 -30
0.5280 0.0090 0.6192 0 0 0 -30
0.5280 0.0090 0.6192 0 0 0 -30
0.5280 0.0090 0.6192 0 0 0 0
0.5140 0.0093 0.6216 0 0 0 -30
0.5140 0.0094 0.6265 0 0 0 -30
0.5320 0.0094 0.6255 0 0 0 -30
0.5320 0.0094 0.6255 0 0 0 -30
0.5320 0.0094 0.6255 0 0 0 -30
0.5080 0.0095 0.6252 0 0 0 -30
0.5080 0.0095 0.6252 0 0 0 -30
0.5080 0.0095 0.6252 0 0 0 -30
0.5080 0.0095 0.6252 0 0 0 0
0.5240 0.0115 0.6280 0 0 0 -30
0.5360 0.0116 0.6303 0 0 0 -30
0.5380 0.0101 0.6234 0 0 0 -30
0.5380 0.0101 0.6234 0 0 0 -30
0.5380 0.0087 0.6233 0 0 0 -30
0.5520 0.0087 0.6233 0 0 0 -30
0.5520 0.0087 0.6233 0 0 0 -30
0.5520 0.0087 0.6233 0 0 0 -30
0.5520 0.0087 0.6233 0 0 0 0
0.5180 0.0079 0.6228 0 0 0 -30
0.5460 0.0079 0.6172 0 0 0 -30
0.5240 0.0081 0.6168 0 0 0 -30
0.5220 0.0080 0.6158 0 0 0 -30
0.5220 0.0080 0.6158 0 0 0 -30
0.5300 0.0075 0.6127 0 0 0 -30
0.5300 0.0075 0.6127 0 0 0 -30
0.5300 0.0075 0.6127 0 0 0 -30
0.5300 0.0075 0.6127 0 0 0 0
0.5520 0.0076 0.6276 0 -30 0 0
0.5380 0.0090 0.6353 0 -30 0 0
0.5340 0.0109 0.6380 0 -30 0 0
0.5340 0.0118 0.6396 0 -30 0 0
0.5460 0.0120 0.6318 0 -30 0 0
0.5100 0.0118 0.6275 0 -30 0 0
0.5100 0.0118 0.6275 0 -30 0 0
0.5100 0.0118 0.6275 0 -30 0 0
0.5100 0.0118 0.6275 0 -30 0 0
0.5100 0.0118 0.6275 0 -30 0 0
0.5320 0.0116 0.6252 0 -30 0 0
0.5320 0.0116 0.6252 0 -30 0 0
0.5320 0.0116 0.6252 0 -30 0 0
0.5680 0.0117 0.6245 0 -30 0 0
0.5680 0.0117 0.6245 0 -30 0 0
0.5680 0.0117 0.6245 0 -30 0 0
0.5680 0.0117 0.6245 0 -30 0 0
0.5260 0.0118 0.6247 0 -30 0 0
0.5260 0.0118 0.6247 0 -30 0 0
0.5260 0.0118 0.6247 0 -30 0 0
0.5260 0.0118 0.6247 0 -30 0 0
0.5260 0.0118 0.6247 0 -30 0 0
0.5260 0.0118 0.6247 0 -30 0 0
0.5340 0.0118 0.6247 0 -30 0 0
0.5340 0.0118 0.6247 0 -30 0 0
0.5340 0.0118 0.6247 0 -30 0 0
0.5400 0.0114 0.6257 0 -30 0 0
0.5400 0.0114 0.6257 0 -30 0 0
0.5400 0.0114 0.6257 0 -30 0 0
0.5400 0.0114 0.6257 0 -30 0 0
0.5260 0.0109 0.6241 0 -30 0 0
0.5260 0.0109 0.6241 0 -30 0 0
0.5260 0.0109 0.6241 0 -30 0 0
0.5260 0.0109 0.6241 0 -30 0 0
0.5260 0.0109 0.6241 0 -30 0 0
0.5260 0.0109 0.6241 0 -30 0 0
0.5440 0.0103 0.6229 0 -30 0 0
0.5440 0.0103 0.6229 0 -30 0 0
0.5440 0.0103 0.6229 0 -30 0 0
0.5440 0.0103 0.6229 0 -30 0 0
0.5340 0.0100 0.6243 0 -30 0 0
0.5340 0.0100 0.6243 0 -30 0 0
0.5340 0.0100 0.6243 0 -30 0 0
0.5340 0.0098 0.6238 0 -30 0 0
0.5500 0.0098 0.6238 0 -30 0 0
0.5500 0.0098 0.6238 0 -30 0 0
0.5500 0.0098 0.6238 0 -30 0 0
0.5500 0.0098 0.6238 0 -30 0 0
0.5500 0.0098 0.6238 0 -30 0 0
0.5440 0.0101 0.6236 0 -30 0 0
0.5440 0.0101 0.6236 0 -30 0 0
0.5440 0.0101 0.6236 0 -30 0 0
0.5480 0.0105 0.6234 0 -30 0 0
0.5480 0.0105 0.6234 0 -30 0 0
0.5480 0.0105 0.6234 0 -30 0 0
0.5480 0.0105 0.6234 0 -30 0 0
0.5480 0.0105 0.6234 0 -30 0 0
0.5720 0.0108 0.6228 0 -30 0 0
0.5720 0.0108 0.6228 0 -30 0 0
0.5720 0.0108 0.6228 0 -30 0 0
0.5720 0.0108 0.6228 0 -30 0 0
0.5720 0.0108 0.6228 0 -30 0 0
0.5720 0.0108 0.6228 0 -30 0 0
0.5340 0.0106 0.6212 0 -30 0 0
0.5340 0.0106 0.6212 0 -30 0 0
0.5340 0.0106 0.6212 0 -30 0 0
0.5340 0.0106 0.6212 0 -30 0 0
0.5340 0.0106 0.6212 0 -30 0 0
0.5340 0.0106 0.6212 0 -30 0 0
0.5340 0.0106 0.6212 0 -30 0 0
0.5340 0.0106 0.6212 0 -30 0 0
0.5340 0.0106 0.6212 0 0 0 0
0.5260 0.0061 0.6152 0 30 0 0
0.5520 0.0061 0.6139 0 30 0 0
0.5200 0.0062 0.6114 0 30 0 0
0.5360 0.0066 0.6094 0 30 0 0
0.5120 0.0082 0.6038 0 30 0 0
0.5120 0.0082 0.6038 0 30 0 0
0.5300 0.0090 0.5995 0 30 0 0
0.5300 0.0090 0.5995 0 30 0 0
0.5300 0.0090 0.5995 0 30 0 0
0.5500 0.0093 0.5996 0 30 0 0
0.5500 0.0093 0.5996 0 30 0 0
0.5500 0.0093 0.5996 0 30 0 0
0.5340 0.0096 0.5994 0 30 0 0
0.5340 0.0096 0.5994 0 30 0 0
0.5340 0.0096 0.5994 0 30 0 0
0.5340 0.0096 0.5994 0 30 0 0
0.5340 0.0096 0.5994 0 30 0 0
0.5200 0.0096 0.5997 0 30 0 0
0.5200 0.0096 0.5997 0 30 0 0
0.5200 0.0096 0.5997 0 30 0 0
0.5200 0.0096 0.5997 0 30 0 0
0.5300 0.0095 0.6002 0 30 0 0
0.5300 0.0095 0.6002 0 30 0 0
0.5300 0.0095 0.6002 0 30 0 0
0.5280 0.0095 0.5981 0 30 0 0
0.5280 0.0095 0.5981 0 30 0 0
0.5280 0.0095 0.5981 0 30 0 0
0.5280 0.0095 0.5981 0 30 0 0
0.5280 0.0095 0.5981 0 30 0 0
0.5280 0.0095 0.5981 0 30 0 0
0.5360 0.0095 0.5977 0 30 0 0
0.5360 0.0095 0.5977 0 30 0 0
0.5360 0.0095 0.5977 0 30 0 0
0.5360 0.0095 0.5977 0 30 0 0
0.5460 0.0092 0.5988 0 30 0 0
0.5460 0.0092 0.5988 0 30 0 0
0.5460 0.0092 0.5988 0 30 0 0
0.5300 0.0087 0.5989 0 30 0 0
0.5300 0.0087 0.5989 0 30 0 0
0.5300 0.0087 0.5989 0 30 0 0
0.5300 0.0087 0.5989 0 0 0 0
0.5120 0.0104 0.6015 0 30 0 0
0.5500 0.0103 0.6017 0 30 0 0
0.5220 0.0098 0.6015 0 30 0 0
0.5060 0.0092 0.6063 0 30 0 0
0.5100 0.0093 0.6115 0 30 0 0
0.5240 0.0096 0.6107 0 30 0 0
0.5240 0.0096 0.6107 0 30 0 0
0.5240 0.0096 0.6107 0 30 0 0
0.5240 0.0096 0.6107 0 30 0 0
0.5240 0.0096 0.6107 0 30 0 0
0.5240 0.0096 0.6107 0 30 0 0
0.5240 0.0096 0.6107 0 30 0 0
0.5240 0.0096 0.6107 0 30 0 0
0.5260 0.0098 0.6161 0 30 0 0
0.5260 0.0098 0.6161 0 30 0 0
0.5260 0.0098 0.6161 0 30 0 0
0.5260 0.0098 0.6161 0 30 0 0
0.5300 0.0099 0.6170 0 30 0 0
0.5320 0.0100 0.6176 0 30 0 0
0.5320 0.0100 0.6176 0 30 0 0
0.5320 0.0100 0.6176 0 30 0 0
0.5320 0.0105 0.6185 0 30 0 0
0.5480 0.0105 0.6185 0 30 0 0
0.5480 0.0105 0.6185 0 30 0 0
0.5480 0.0105 0.6185 0 30 0 0
0.5480 0.0105 0.6185 0 30 0 0
0.5480 0.0105 0.6185 0 30 0 0
0.5400 0.0111 0.6212 0 30 0 0
0.5400 0.0111 0.6212 0 30 0 0
0.5520 0.0111 0.6208 0 30 0 0
0.5520 0.0111 0.6208 0 30 0 0
0.5520 0.0111 0.6208 0 30 0 0
0.5520 0.0111 0.6208 0 30 0 0
0.5520 0.0111 0.6208 0 30 0 0
0.5520 0.0111 0.6208 0 30 0 0
0.5300 0.0104 0.6237 0 30 0 0
0.5300 0.0104 0.6237 0 30 0 0
0.5300 0.0104 0.6237 0 30 0 0
0.5300 0.0104 0.6237 0 30 0 0
0.5300 0.0104 0.6237 0 30 0 0
0.5300 0.0104 0.6237 0 30 0 0
0.5300 0.0104 0.6237 0 30 0 0
0.5300 0.0104 0.6237 0 0 0 0
0.5280 0.0105 0.6181 0 30 0 0
0.5280 0.0099 0.6172 0 30 0 0
0.5200 0.0099 0.6172 0 30 0 0
0.5160 0.0065 0.6186 0 30 0 0
0.5300 0.0049 0.6152 0 30 0 0
0.5300 0.0049 0.6152 0 30 0 0
0.5300 0.0045 0.6130 0 30 0 0
0.5300 0.0045 0.6130 0 30 0 0
0.5300 0.0045 0.6130 0 30 0 0
0.5300 0.0045 0.6130 0 30 0 0
0.5300 0.0045 0.6130 0 30 0 0
0.5300 0.0045 0.6130 0 30 0 0
0.5300 0.0050 0.6112 0 30 0 0
0.5300 0.0050 0.6112 0 30 0 0
0.5300 0.0050 0.6112 0 30 0 0
0.5300 0.0050 0.6112 0 30 0 0
0.5200 0.0056 0.6099 0 30 0 0
0.5200 0.0056 0.6099 0 30 0 0
0.5200 0.0056 0.6099 0 30 0 0
0.5200 0.0056 0.6099 0 30 0 0
0.5320 0.0067 0.6093 0 30 0 0
0.5320 0.0067 0.6093 0 30 0 0
0.5320 0.0067 0.6093 0 30 0 0
0.5320 0.0072 0.6093 0 30 0 0
0.5140 0.0072 0.6093 0 30 0 0
0.5140 0.0072 0.6093 0 30 0 0
0.5140 0.0072 0.6093 0 30 0 0
0.5140 0.0072 0.6093 0 30 0 0
0.5140 0.0072 0.6093 0 30 0 0
0.5080 0.0075 0.6092 0 30 0 0
0.5080 0.0075 0.6092 0 30 0 0
0.5080 0.0075 0.6092 0 30 0 0
0.5080 0.0075 0.6092 0 30 0 0
0.5200 0.0076 0.6086 0 30 0 0
0.5200 0.0076 0.6086 0 30 0 0
0.5200 0.0076 0.6086 0 30 0 0
0.5200 0.0076 0.6086 0 30 0 0
0.5200 0.0076 0.6086 0 30 0 0
0.5460 0.0076 0.6130 0 30 0 0
0.5460 0.0076 0.6130 0 30 0 0
0.5460 0.0076 0.6130 0 30 0 0
0.5460 0.0076 0.6130 0 30 0 0
0.5280 0.0077 0.6104 0 30 0 0
0.5280 0.0077 0.6104 0 30 0 0
0.5280 0.0077 0.6104 0 30 0 0
0.5280 0.0077 0.6104 0 30 0 0
0.5420 0.0074 0.6101 0 30 0 0
0.5420 0.0074 0.6101 0 30 0 0
0.5420 0.0074 0.6101 0 30 0 0
0.5420 0.0074 0.6101 0 30 0 0
0.5260 0.0070 0.6072 0 30 0 0
0.5260 0.0070 0.6072 0 30 0 0
0.5260 0.0070 0.6072 0 30 0 0
0.5260 0.0070 0.6072 0 0 0 0
0.5580 0.0066 0.6076 0 30 0 0
0.5660 0.0065 0.6054 0 30 0 0
0.5340 0.0064 0.6033 0 30 0 0
0.5580 0.0058 0.6018 0 30 0 0
0.5360 0.0051 0.6013 0 30 0 0
0.5360 0.0051 0.6013 0 30 0 0
0.5420 0.0050 0.6037 0 30 0 0
0.5420 0.0050 0.6060 0 30 0 0
0.5460 0.0050 0.6060 0 30 0 0
0.5580 0.0048 0.6053 0 30 0 0
0.5580 0.0048 0.6053 0 30 0 0
0.5580 0.0048 0.6053 0 30 0 0
0.5580 0.0048 0.6053 0 30 0 0
0.5220 0.0046 0.6075 0 0 0 0
0.5360 0.0038 0.6042 0 30 0 0
0.5440 0.0038 0.6042 0 30 0 0
0.5460 0.0032 0.6023 0 30 0 0
0.5420 0.0031 0.6049 0 30 0 0
0.5300 0.0038 0.6063 0 30 0 0
0.5300 0.0038 0.6063 0 30 0 0
0.5300 0.0038 0.6063 0 30 0 0
0.5300 0.0038 0.6063 0 30 0 0
0.5320 0.0045 0.6138 0 30 0 0
0.5320 0.0045 0.6138 0 30 0 0
0.5320 0.0045 0.6138 0 30 0 0
0.5320 0.0045 0.6138 0 30 0 0
0.5320 0.0045 0.6138 0 30 0 0
0.5300 0.0055 0.6128 0 30 0 0
0.5300 0.0055 0.6128 0 30 0 0
0.5300 0.0055 0.6128 0 30 0 0
0.5300 0.0055 0.6128 0 30 0 0
0.5280 0.0066 0.6186 0 0 0 0
0.5620 0.0069 0.6237 0 30 0 0
0.5360 0.0076 0.6175 0 30 0 0
0.5460 0.0080 0.6154 0 30 0 0
0.5300 0.0081 0.6169 0 30 0 0
0.5300 0.0081 0.6169 0 30 0 0
0.5300 0.0081 0.6169 0 30 0 0
0.5300 0.0081 0.6169 0 30 0 0
0.5300 0.0081 0.6169 0 30 0 0
0.5300 0.0081 0.6169 0 30 0 0
0.5300 0.0081 0.6169 0 30 0 0
0.5300 0.0081 0.6169 0 30 0 0
0.5300 0.0081 0.6169 0 30 0 0
0.5300 0.0081 0.6169 0 30 0 0
0.5300 0.0081 0.6169 0 30 0 0
0.5360 0.0083 0.6169 0 30 0 0
0.5360 0.0084 0.6177 0 0 0 0
