0.6604 0.0035 0.0401 0 30 0 0
0.6698 0.0032 0.0409 0 30 0 0
0.6604 0.0044 0.0410 0 30 0 0
0.6604 0.0045 0.0405 0 30 0 0
0.6792 0.0042 0.0414 0 30 0 0
0.6792 0.0042 0.0414 0 0 0 0
0.6698 0.0023 0.0399 0 30 0 0
0.6887 0.0028 0.0395 0 30 0 0
0.6509 0.0034 0.0333 0 30 0 0
0.6415 0.0038 0.0337 0 0 0 0
0.6509 0.0057 0.0265 0 30 0 0
0.6604 0.0061 0.0277 0 30 0 0
0.6792 0.0037 0.0257 0 30 0 0
0.6698 0.0037 0.0266 0 0 0 0
0.6604 0.0042 0.0256 0 30 0 0
0.6698 0.0036 0.0260 0 30 0 0
0.6792 0.0039 0.0243 0 30 0 0
0.6415 0.0037 0.0269 0 30 0 0
0.6792 0.0028 0.0270 0 0 0 0
0.6792 0.0031 0.0264 0 30 0 0
0.6792 0.0034 0.0249 0 30 0 0
0.6792 0.0034 0.0249 0 30 0 0
0.6415 0.0034 0.0252 0 30 0 0
0.6887 0.0036 0.0242 0 30 0 0
0.6698 0.0036 0.0245 0 30 0 0
0.6415 0.0037 0.0234 0 30 0 0
0.6415 0.0037 0.0234 0 30 0 0
0.6509 0.0037 0.0233 0 30 0 0
0.6509 0.0040 0.0210 0 30 0 0
0.6509 0.0043 0.0211 0 30 0 0
0.6604 0.0044 0.0201 0 30 0 0
0.6604 0.0046 0.0177 0 30 0 0
0.6792 0.0046 0.0177 0 30 0 0
0.6604 0.0044 0.0177 0 30 0 0
0.7264 0.0040 0.0164 0 30 0 0
0.7075 0.0038 0.0164 0 30 0 0
0.7453 0.0035 0.0143 0 30 0 0
