0.5640 -0.0008 -0.0181 10 0 0 0
0.5760 0.0004 -0.0195 10 0 0 0
0.5920 -0.0005 -0.0168 10 0 0 0
0.5920 -0.0005 -0.0168 10 0 0 0
0.5640 -0.0007 -0.0177 10 0 0 0
0.5800 -0.0008 -0.0176 10 0 0 0
0.5800 -0.0010 -0.0179 10 0 0 0
0.5660 -0.0013 -0.0189 10 0 0 0
0.5660 -0.0013 -0.0189 10 0 0 0
0.5800 -0.0015 -0.0191 10 0 0 0
0.5600 -0.0014 -0.0188 10 0 0 0
0.5840 -0.0014 -0.0182 10 0 0 0
0.5600 -0.0015 -0.0186 10 0 0 0
0.5600 -0.0015 -0.0193 10 0 0 0
0.5720 -0.0017 -0.0195 10 0 0 0
0.5560 -0.0023 -0.0194 10 0 0 0
0.5620 -0.0024 -0.0197 10 0 0 0
0.5620 -0.0024 -0.0197 10 0 0 0
0.5760 -0.0024 -0.0205 10 0 0 0
0.5800 -0.0021 -0.0212 10 0 0 0
0.5800 -0.0021 -0.0211 10 0 0 0
0.5600 -0.0023 -0.0226 10 0 0 0
0.5740 -0.0026 -0.0231 10 0 0 0
0.5540 -0.0023 -0.0224 10 0 0 0
0.5540 -0.0023 -0.0224 10 0 0 0
0.5740 -0.0018 -0.0226 10 0 0 0
0.5720 -0.0023 -0.0238 10 0 0 0
0.6060 -0.0027 -0.0242 10 0 0 0
0.6060 -0.0028 -0.0248 10 0 0 0
0.5860 -0.0028 -0.0248 10 0 0 0
0.5800 -0.0024 -0.0246 10 0 0 0
0.5620 -0.0019 -0.0252 10 0 0 0
0.5680 -0.0014 -0.0236 10 0 0 0
0.5680 -0.0014 -0.0236 10 0 0 0
0.5660 -0.0007 -0.0237 10 0 0 0
0.5660 -0.0007 -0.0237 10 0 0 0
0.5880 0.0000 -0.0241 10 0 0 0
0.5680 0.0009 -0.0237 10 0 0 0
0.5680 0.0009 -0.0237 10 0 0 0
0.5640 0.0003 -0.0241 10 0 0 0
0.5640 -0.0003 -0.0243 10 0 0 0
0.5680 -0.0007 -0.0240 10 0 0 0
0.5880 -0.0011 -0.0245 10 0 0 0
0.5880 -0.0011 -0.0245 10 0 0 0
0.5780 -0.0012 -0.0237 10 0 0 0
0.5700 -0.0012 -0.0237 10 0 0 0
0.5600 -0.0012 -0.0242 10 0 0 0
0.5760 -0.0011 -0.0242 10 0 0 0
0.5780 -0.0012 -0.0261 10 0 0 0
0.5780 -0.0012 -0.0261 10 0 0 0
0.5840 -0.0010 -0.0263 0 0 0 0
0.5720 -0.0008 -0.0227 10 0 0 0
0.5620 -0.0012 -0.0224 10 0 0 0
0.5700 -0.0019 -0.0232 10 0 0 0
0.5560 -0.0017 -0.0233 10 0 0 0
0.5920 -0.0010 -0.0272 10 0 0 0
0.5800 -0.0004 -0.0267 0 0 0 0
0.5780 -0.0006 -0.0268 10 0 0 0
0.5700 -0.0015 -0.0293 10 0 0 0
0.5680 -0.0015 -0.0288 10 0 0 0
0.5820 -0.0015 -0.0284 10 0 0 0
0.5820 -0.0014 -0.0289 10 0 0 0
0.5640 -0.0014 -0.0289 0 0 0 0
0.5660 0.0007 -0.0261 0 0 0 10
0.5760 0.0006 -0.0207 0 0 0 10
0.5680 -0.0013 -0.0177 0 0 0 10
0.5860 -0.0015 -0.0173 0 0 0 0
0.5940 -0.0013 -0.0160 0 0 0 10
0.5980 -0.0017 -0.0135 0 0 0 0
0.5700 -0.0011 -0.0125 0 0 0 10
0.5760 -0.0012 -0.0113 0 0 0 0
0.5840 0.0004 -0.0103 0 0 0 10
0.5940 -0.0010 -0.0079 0 0 0 0
0.5940 -0.0017 -0.0049 0 0 0 10
0.5880 -0.0019 -0.0025 0 0 0 10
0.5900 -0.0004 -0.0045 0 0 0 0
0.6020 -0.0017 0.0100 0 0 0 10
0.5840 -0.0017 0.0238 0 0 0 0
0.5980 -0.0018 0.0202 0 0 0 -10
0.5900 -0.0010 0.0183 0 0 0 -10
0.5860 -0.0017 0.0220 0 0 0 0
0.5720 -0.0007 0.0101 0 0 0 -10
0.5880 -0.0004 0.0152 0 0 0 0
0.5640 -0.0010 0.0086 0 0 0 -10
0.5860 -0.0004 0.0065 0 0 0 0
0.5880 -0.0016 0.0032 10 0 0 0
0.6060 -0.0012 0.0004 10 0 0 0
0.5880 -0.0015 0.0008 10 0 0 0
0.5900 -0.0015 -0.0001 10 0 0 0
0.5900 -0.0015 -0.0001 10 0 0 0
0.5860 -0.0015 0.0038 10 0 0 0
0.6020 -0.0017 0.0041 10 0 0 0
0.6020 -0.0017 0.0041 10 0 0 0
0.5840 -0.0014 0.0021 10 0 0 0
0.5820 -0.0013 0.0018 10 0 0 0
0.5980 -0.0011 0.0017 10 0 0 0
0.5980 -0.0011 0.0017 10 0 0 0
0.5700 -0.0014 0.0010 10 0 0 0
0.5800 -0.0018 0.0012 10 0 0 0
0.5840 -0.0016 0.0022 10 0 0 0
0.5840 -0.0014 0.0018 10 0 0 0
0.5980 -0.0011 -0.0004 10 0 0 0
0.5780 -0.0012 -0.0002 10 0 0 0
0.5780 -0.0012 -0.0002 10 0 0 0
0.6000 -0.0021 -0.0016 10 0 0 0
0.5920 -0.0022 -0.0023 10 0 0 0
0.5920 -0.0019 -0.0016 10 0 0 0
0.5660 -0.0015 -0.0018 10 0 0 0
0.5660 -0.0015 -0.0018 10 0 0 0
0.5860 -0.0009 -0.0018 10 0 0 0
0.5880 -0.0005 -0.0021 10 0 0 0
0.5680 -0.0008 -0.0033 10 0 0 0
0.5860 -0.0013 -0.0034 10 0 0 0
0.5860 -0.0013 -0.0034 10 0 0 0
0.5720 -0.0012 -0.0054 10 0 0 0
0.5800 -0.0009 -0.0056 0 0 0 0
0.5700 -0.0000 -0.0067 10 0 0 0
0.5860 -0.0017 -0.0067 10 0 0 0
0.5880 -0.0014 -0.0081 10 0 0 0
0.5840 -0.0007 -0.0049 10 0 0 0
0.5840 -0.0007 -0.0049 10 0 0 0
0.5860 -0.0010 -0.0046 10 0 0 0
0.6000 -0.0019 -0.0038 10 0 0 0
0.5740 -0.0021 -0.0041 10 0 0 0
0.5900 -0.0023 -0.0040 10 0 0 0
0.5900 -0.0023 -0.0040 10 0 0 0
0.5920 -0.0023 -0.0071 10 0 0 0
0.5940 -0.0020 -0.0065 10 0 0 0
0.5720 -0.0024 -0.0062 10 0 0 0
0.5500 -0.0023 -0.0059 10 0 0 0
0.5900 -0.0021 -0.0047 10 0 0 0
0.5940 -0.0023 -0.0043 10 0 0 0
0.5940 -0.0023 -0.0043 10 0 0 0
0.5940 -0.0023 -0.0033 10 0 0 0
0.5960 -0.0020 -0.0032 10 0 0 0
0.5820 -0.0019 -0.0026 10 0 0 0
0.5880 -0.0014 -0.0016 10 0 0 0
0.6040 -0.0014 -0.0014 10 0 0 0
0.5960 -0.0013 -0.0005 10 0 0 0
0.6040 -0.0016 -0.0006 10 0 0 0
0.5760 -0.0020 0.0002 10 0 0 0
0.5760 -0.0020 0.0002 10 0 0 0
0.6200 -0.0019 0.0004 10 0 0 0
0.6260 -0.0012 -0.0003 10 0 0 0
0.6260 -0.0012 -0.0003 10 0 0 0
0.6200 -0.0008 0.0007 10 0 0 0
0.6120 -0.0006 0.0011 0 0 0 0
0.6140 -0.0015 0.0035 10 0 0 0
0.6080 -0.0014 0.0007 10 0 0 0
0.6260 -0.0008 -0.0046 10 0 0 0
0.6140 -0.0011 -0.0040 10 0 0 0
0.6000 -0.0014 -0.0051 0 0 0 0
0.5980 -0.0004 -0.0079 10 0 0 0
0.6080 -0.0002 -0.0099 10 0 0 0
0.5860 -0.0012 -0.0068 10 0 0 0
0.5900 -0.0015 -0.0045 10 0 0 0
0.5900 -0.0014 -0.0039 0 0 0 0
0.5940 -0.0013 -0.0004 10 0 0 0
0.6000 -0.0018 0.0021 10 0 0 0
0.5840 -0.0015 0.0013 10 0 0 0
0.5840 -0.0015 0.0013 0 0 0 0
0.6060 -0.0016 -0.0025 10 0 0 0
0.6060 -0.0023 -0.0083 10 0 0 0
0.6040 -0.0020 -0.0097 10 0 0 0
0.5920 -0.0023 -0.0094 0 0 0 0
0.6080 -0.0009 -0.0109 10 0 0 0
0.6220 -0.0005 -0.0020 10 0 0 0
0.6140 -0.0003 -0.0029 10 0 0 0
0.6160 -0.0009 -0.0032 10 0 0 0
0.6320 -0.0016 -0.0049 0 0 0 0
0.6140 -0.0009 -0.0062 10 0 0 0
0.6360 -0.0003 -0.0065 10 0 0 0
0.6420 -0.0008 -0.0107 0 0 0 0
0.6500 -0.0006 -0.0122 10 0 0 0
0.6620 -0.0013 -0.0104 10 0 0 0
0.6440 -0.0017 -0.0113 0 0 0 0
0.6320 -0.0005 -0.0118 10 0 0 0
0.6420 -0.0013 -0.0094 10 0 0 0
0.6360 -0.0007 -0.0063 10 0 0 0
0.6580 -0.0009 -0.0061 0 0 0 0
0.6280 -0.0019 -0.0050 10 0 0 0
0.6300 -0.0029 -0.0035 10 0 0 0
0.6360 -0.0030 -0.0033 10 0 0 0
0.6260 -0.0035 -0.0036 0 0 0 0
0.6280 -0.0030 -0.0040 10 0 0 0
0.6220 -0.0016 -0.0004 10 0 0 0
0.6280 -0.0016 0.0016 10 0 0 0
0.6260 -0.0015 0.0019 0 0 0 0
0.6160 -0.0003 0.0019 10 0 0 0
0.6240 -0.0010 0.0025 10 0 0 0
0.6240 -0.0012 0.0029 10 0 0 0
0.6160 -0.0010 0.0030 0 0 0 0
0.6160 -0.0014 0.0009 10 0 0 0
0.6440 -0.0012 0.0007 10 0 0 0
0.6200 -0.0010 0.0010 10 0 0 0
0.6160 -0.0014 0.0009 10 0 0 0
0.6160 -0.0014 0.0009 0 0 0 0
0.5980 -0.0012 0.0005 10 0 0 0
0.6240 -0.0003 0.0022 10 0 0 0
0.6300 -0.0003 0.0024 10 0 0 0
0.6320 -0.0003 0.0017 0 0 0 0
0.6160 -0.0002 0.0009 10 0 0 0
0.6140 -0.0001 0.0026 10 0 0 0
0.6180 -0.0002 0.0035 10 0 0 0
0.6080 -0.0004 0.0036 10 0 0 0
0.6160 -0.0002 0.0046 0 0 0 0
0.6160 -0.0000 0.0041 10 0 0 0
0.5920 0.0004 0.0018 10 0 0 0
0.6000 -0.0002 0.0022 10 0 0 0
0.6100 -0.0005 0.0016 10 0 0 0
0.6100 -0.0005 0.0016 0 0 0 0
0.6240 -0.0006 0.0018 10 0 0 0
0.6260 0.0001 -0.0007 10 0 0 0
0.6220 -0.0003 -0.0008 10 0 0 0
0.6220 -0.0008 -0.0027 10 0 0 0
0.6400 -0.0014 -0.0028 0 0 0 0
0.6180 -0.0013 -0.0057 10 0 0 0
0.6240 -0.0008 -0.0050 10 0 0 0
0.6360 -0.0008 -0.0064 10 0 0 0
0.6340 -0.0009 -0.0064 0 0 0 0
0.6360 -0.0009 -0.0059 10 0 0 0
0.6120 -0.0005 -0.0042 10 0 0 0
0.6120 -0.0005 -0.0042 10 0 0 0
0.6120 -0.0005 -0.0042 0 0 0 0
0.5860 0.0001 -0.0023 10 0 0 0
0.6060 -0.0006 -0.0031 10 0 0 0
0.5900 -0.0011 -0.0009 10 0 0 0
0.6000 -0.0012 -0.0009 10 0 0 0
0.6060 -0.0012 -0.0009 0 0 0 0
0.6140 -0.0014 -0.0005 10 0 0 0
0.6040 -0.0013 0.0000 10 0 0 0
0.6120 -0.0012 0.0012 10 0 0 0
0.6120 -0.0012 0.0012 0 0 0 0
0.6160 -0.0021 0.0035 10 0 0 0
0.6300 -0.0026 -0.0029 10 0 0 0
0.6260 -0.0025 -0.0029 10 0 0 0
0.6420 -0.0025 -0.0026 0 0 0 0
0.6280 -0.0024 0.0015 10 0 0 0
0.6300 -0.0031 0.0026 10 0 0 0
0.6240 -0.0032 0.0014 10 0 0 0
0.6340 -0.0030 0.0005 10 0 0 0
0.6160 -0.0026 0.0018 0 0 0 0
0.6000 -0.0023 0.0032 10 0 0 0
0.6020 -0.0028 0.0085 10 0 0 0
0.6440 -0.0030 0.0159 10 0 0 0
0.6440 -0.0030 0.0159 10 0 0 0
0.6420 -0.0029 0.0131 0 0 0 0
0.6280 -0.0028 0.0119 10 0 0 0
0.6480 -0.0024 0.0060 10 0 0 0
0.6320 -0.0026 0.0022 0 0 0 0
0.6260 -0.0032 0.0014 10 0 0 0
0.6180 -0.0027 0.0028 10 0 0 0
0.6280 -0.0026 0.0049 10 0 0 0
0.6280 -0.0026 0.0049 10 0 0 0
0.6320 -0.0029 0.0069 0 0 0 0
0.6240 -0.0028 0.0072 10 0 0 0
0.6340 -0.0037 0.0097 10 0 0 0
0.6260 -0.0033 0.0080 10 0 0 0
0.6380 -0.0029 0.0006 10 0 0 0
0.6480 -0.0028 0.0004 0 0 0 0
0.6500 -0.0016 0.0069 10 0 0 0
0.6380 -0.0010 0.0078 10 0 0 0
0.6360 -0.0018 0.0076 10 0 0 0
0.6400 -0.0021 0.0071 0 0 0 0
0.6240 -0.0020 0.0006 10 0 0 0
0.6380 -0.0024 0.0013 10 0 0 0
0.6340 -0.0026 0.0024 10 0 0 0
0.6460 -0.0029 0.0025 10 0 0 0
0.6400 -0.0026 0.0031 0 0 0 0
0.6420 -0.0020 0.0036 10 0 0 0
0.6200 -0.0008 0.0034 10 0 0 0
0.6440 -0.0009 0.0033 10 0 0 0
0.6400 -0.0008 0.0033 10 0 0 0
0.6440 -0.0010 0.0033 10 0 0 0
0.6460 -0.0012 0.0032 0 0 0 0
0.6280 -0.0023 0.0033 10 0 0 0
0.6440 -0.0022 0.0007 10 0 0 0
0.6440 -0.0012 -0.0005 10 0 0 0
0.6360 -0.0009 -0.0003 10 0 0 0
0.6380 -0.0009 -0.0013 10 0 0 0
0.6380 -0.0009 -0.0013 0 0 0 0
0.6440 -0.0023 0.0004 10 0 0 0
0.6360 -0.0021 -0.0005 10 0 0 0
0.6580 -0.0022 0.0002 10 0 0 0
0.6700 -0.0023 -0.0007 10 0 0 0
0.6700 -0.0023 -0.0007 0 0 0 0
0.6320 -0.0013 0.0012 10 0 0 0
0.6500 -0.0016 0.0064 10 0 0 0
0.6360 -0.0014 0.0067 10 0 0 0
0.6460 -0.0012 0.0075 10 0 0 0
0.6580 -0.0010 0.0099 0 0 0 0
0.6680 -0.0006 0.0067 10 0 0 0
0.6660 -0.0005 0.0053 10 0 0 0
0.6620 -0.0005 0.0064 10 0 0 0
0.6720 -0.0006 0.0062 10 0 0 0
0.6680 -0.0006 0.0061 0 0 0 0
0.6840 -0.0010 0.0070 10 0 0 0
0.6900 -0.0005 0.0048 10 0 0 0
0.6820 0.0006 0.0056 10 0 0 0
0.6740 0.0006 0.0044 0 0 0 0
0.6820 0.0006 0.0056 10 0 0 0
0.6800 0.0001 0.0012 10 0 0 0
