0.6200 0.0000 -0.0040 -10 0 0 0
0.6120 0.0006 0.0007 -10 0 0 0
0.6160 0.0004 -0.0014 -10 0 0 0
0.6060 0.0006 -0.0020 -10 0 0 0
0.5960 0.0009 -0.0021 -10 0 0 0
0.5960 0.0009 -0.0021 -10 0 0 0
0.5960 0.0011 -0.0024 -10 0 0 0
0.5960 0.0011 -0.0024 -10 0 0 0
0.6140 0.0007 -0.0018 -10 0 0 0
0.6160 0.0000 -0.0016 -10 0 0 0
0.6200 -0.0003 -0.0034 -10 0 0 0
0.6200 -0.0003 -0.0034 -10 0 0 0
0.6260 -0.0000 0.0006 -10 0 0 0
0.5960 0.0004 0.0003 -10 0 0 0
0.6120 0.0005 0.0005 0 0 0 0
0.6000 0.0013 -0.0015 -10 0 0 0
0.5880 0.0009 -0.0003 -10 0 0 0
0.6060 0.0004 0.0011 -10 0 0 0
0.5980 0.0005 0.0017 -10 0 0 0
0.5900 0.0007 0.0044 -10 0 0 0
0.6060 0.0009 0.0052 -10 0 0 0
0.6120 0.0009 0.0094 -10 0 0 0
0.6120 0.0009 0.0094 -10 0 0 0
0.6180 0.0011 0.0094 -10 0 0 0
0.6060 0.0009 0.0124 -10 0 0 0
0.6020 0.0008 0.0119 -10 0 0 0
0.5860 0.0005 0.0159 -10 0 0 0
0.5860 0.0001 0.0148 -10 0 0 0
0.5960 -0.0002 0.0184 -10 0 0 0
0.5960 -0.0002 0.0184 0 0 0 0
0.5720 -0.0005 0.0268 -10 0 0 0
0.6100 -0.0009 0.0269 -10 0 0 0
0.6120 -0.0003 0.0247 -10 0 0 0
0.5960 -0.0001 0.0238 -10 0 0 0
0.6080 0.0004 0.0239 -10 0 0 0
0.6080 0.0004 0.0239 -10 0 0 0
0.6160 0.0008 0.0210 -10 0 0 0
0.6060 0.0009 0.0195 -10 0 0 0
0.5940 0.0004 0.0198 -10 0 0 0
0.6080 -0.0004 0.0186 -10 0 0 0
0.5920 -0.0000 0.0169 -10 0 0 0
0.5920 -0.0000 0.0169 0 0 0 0
0.6000 -0.0005 0.0156 0 0 0 -10
0.6100 -0.0003 0.0137 0 0 0 -10
0.5960 -0.0009 0.0150 0 0 0 -10
0.6060 -0.0010 0.0155 0 0 0 -10
0.6060 -0.0010 0.0155 0 0 0 0
0.6100 -0.0003 0.0124 0 0 0 -10
0.5980 0.0017 0.0114 0 0 0 -10
0.5900 0.0015 0.0153 0 0 0 -10
0.5760 0.0014 0.0187 0 0 0 0
0.5800 0.0008 0.0153 0 0 0 -10
0.6060 0.0008 0.0109 0 0 0 -10
0.6120 0.0015 0.0126 0 0 0 0
0.6040 0.0010 0.0091 -10 0 0 0
0.6000 0.0010 0.0031 -10 0 0 0
0.6100 0.0004 0.0025 -10 0 0 0
0.6000 0.0001 0.0002 -10 0 0 0
0.6200 0.0000 0.0040 -10 0 0 0
0.6000 0.0002 0.0022 -10 0 0 0
0.6000 0.0004 0.0065 -10 0 0 0
0.5920 0.0000 0.0075 -10 0 0 0
0.5920 0.0000 0.0075 -10 0 0 0
0.5960 -0.0003 0.0108 -10 0 0 0
0.5920 0.0000 0.0113 -10 0 0 0
0.5940 -0.0001 0.0131 -10 0 0 0
0.5800 -0.0003 0.0138 -10 0 0 0
0.5940 -0.0001 0.0139 -10 0 0 0
0.6020 -0.0002 0.0148 -10 0 0 0
0.6020 -0.0003 0.0147 -10 0 0 0
0.5800 -0.0003 0.0147 -10 0 0 0
0.5820 -0.0005 0.0133 -10 0 0 0
0.5920 -0.0005 0.0125 -10 0 0 0
0.5820 -0.0007 0.0149 -10 0 0 0
0.5940 -0.0003 0.0144 -10 0 0 0
0.5900 -0.0003 0.0144 -10 0 0 0
0.5900 -0.0003 0.0134 -10 0 0 0
0.5960 -0.0003 0.0137 -10 0 0 0
0.5960 -0.0003 0.0137 -10 0 0 0
0.5880 -0.0006 0.0146 -10 0 0 0
0.6100 -0.0006 0.0149 -10 0 0 0
0.5760 -0.0002 0.0158 -10 0 0 0
0.5880 0.0008 0.0154 -10 0 0 0
0.5880 0.0008 0.0154 -10 0 0 0
0.5860 0.0013 0.0166 -10 0 0 0
0.5960 0.0017 0.0179 -10 0 0 0
0.5980 0.0010 0.0185 -10 0 0 0
0.5940 -0.0004 0.0197 -10 0 0 0
0.5940 -0.0004 0.0197 0 0 0 0
0.6020 0.0007 0.0206 -10 0 0 0
0.6260 0.0002 0.0198 -10 0 0 0
0.6240 0.0004 0.0191 -10 0 0 0
0.6180 0.0023 0.0200 -10 0 0 0
0.5900 0.0022 0.0221 -10 0 0 0
0.6160 0.0009 0.0226 -10 0 0 0
0.6180 0.0005 0.0240 -10 0 0 0
0.6180 0.0005 0.0240 -10 0 0 0
0.6320 0.0003 0.0256 -10 0 0 0
0.6180 0.0006 0.0235 -10 0 0 0
0.6180 0.0012 0.0233 -10 0 0 0
0.6200 0.0012 0.0233 -10 0 0 0
0.6300 0.0021 0.0239 -10 0 0 0
0.6240 0.0020 0.0247 -10 0 0 0
0.6200 0.0013 0.0244 -10 0 0 0
0.6340 0.0008 0.0239 -10 0 0 0
0.6340 0.0008 0.0239 -10 0 0 0
0.6240 0.0006 0.0246 -10 0 0 0
0.6380 0.0002 0.0264 -10 0 0 0
0.6320 0.0007 0.0253 -10 0 0 0
0.6320 0.0006 0.0231 -10 0 0 0
0.6320 0.0006 0.0231 -10 0 0 0
0.6340 -0.0001 0.0223 -10 0 0 0
0.6300 -0.0006 0.0229 -10 0 0 0
0.6420 -0.0012 0.0241 -10 0 0 0
0.6300 -0.0011 0.0253 -10 0 0 0
0.6260 -0.0012 0.0259 -10 0 0 0
0.6260 -0.0012 0.0259 -10 0 0 0
0.6300 -0.0010 0.0271 -10 0 0 0
0.6440 -0.0012 0.0243 -10 0 0 0
0.6280 -0.0012 0.0222 -10 0 0 0
0.6380 -0.0010 0.0211 -10 0 0 0
0.6460 -0.0010 0.0213 -10 0 0 0
0.6460 -0.0010 0.0213 -10 0 0 0
0.6400 -0.0009 0.0208 -10 0 0 0
0.6380 -0.0010 0.0206 -10 0 0 0
0.6300 -0.0012 0.0209 -10 0 0 0
0.6400 -0.0010 0.0203 -10 0 0 0
0.6220 -0.0010 0.0192 -10 0 0 0
0.6220 -0.0010 0.0192 -10 0 0 0
0.6140 -0.0010 0.0196 -10 0 0 0
0.6340 -0.0012 0.0194 -10 0 0 0
0.6180 -0.0011 0.0191 -10 0 0 0
0.6240 -0.0007 0.0181 -10 0 0 0
0.6340 -0.0004 0.0188 -10 0 0 0
0.6340 -0.0004 0.0188 -10 0 0 0
0.6400 -0.0011 0.0214 -10 0 0 0
0.6400 -0.0011 0.0214 -10 0 0 0
0.6500 -0.0017 0.0211 -10 0 0 0
0.6320 -0.0013 0.0238 -10 0 0 0
0.6360 -0.0005 0.0233 -10 0 0 0
0.6320 0.0000 0.0246 -10 0 0 0
0.6320 0.0000 0.0246 -10 0 0 0
0.6400 0.0003 0.0253 0 0 0 0
0.6380 -0.0002 0.0258 -10 0 0 0
0.6340 0.0002 0.0282 -10 0 0 0
0.6520 -0.0008 0.0295 -10 0 0 0
0.6660 -0.0011 0.0272 -10 0 0 0
0.6480 -0.0012 0.0264 -10 0 0 0
0.6480 -0.0012 0.0264 -10 0 0 0
0.6200 -0.0012 0.0250 -10 0 0 0
0.6500 -0.0009 0.0232 -10 0 0 0
0.6520 -0.0005 0.0228 -10 0 0 0
0.6380 -0.0002 0.0240 -10 0 0 0
0.6680 -0.0004 0.0239 -10 0 0 0
0.6680 -0.0004 0.0239 0 0 0 0
0.6420 0.0003 0.0245 -10 0 0 0
0.6700 0.0003 0.0220 -10 0 0 0
0.6220 0.0001 0.0219 -10 0 0 0
0.6440 0.0004 0.0226 -10 0 0 0
0.6420 0.0004 0.0226 -10 0 0 0
0.6580 0.0006 0.0233 -10 0 0 0
0.6560 0.0007 0.0230 -10 0 0 0
0.6700 0.0008 0.0244 -10 0 0 0
0.6620 0.0005 0.0243 -10 0 0 0
0.6620 0.0005 0.0243 -10 0 0 0
0.6740 0.0004 0.0238 0 0 0 0
0.6800 -0.0004 0.0243 -10 0 0 0
0.6820 -0.0000 0.0234 -10 0 0 0
0.6780 -0.0001 0.0239 -10 0 0 0
0.6940 -0.0001 0.0254 -10 0 0 0
0.6960 -0.0005 0.0256 -10 0 0 0
0.6660 -0.0006 0.0257 -10 0 0 0
0.6660 -0.0006 0.0257 -10 0 0 0
0.6720 -0.0001 0.0268 -10 0 0 0
0.6720 -0.0001 0.0268 -10 0 0 0
0.6820 0.0002 0.0270 -10 0 0 0
0.6980 -0.0002 0.0267 0 0 0 0
0.6840 -0.0007 0.0285 -10 0 0 0
0.6900 0.0007 0.0279 -10 0 0 0
0.6900 0.0000 0.0293 -10 0 0 0
0.7020 -0.0003 0.0288 -10 0 0 0
0.6960 -0.0000 0.0313 -10 0 0 0
0.6860 0.0001 0.0309 -10 0 0 0
0.7040 0.0005 0.0308 -10 0 0 0
0.7040 0.0005 0.0308 -10 0 0 0
0.7100 0.0011 0.0305 -10 0 0 0
0.7100 0.0013 0.0311 -10 0 0 0
0.6920 0.0011 0.0324 0 0 0 0
0.6960 0.0025 0.0326 -10 0 0 0
0.7000 0.0010 0.0322 -10 0 0 0
0.7060 0.0007 0.0300 -10 0 0 0
0.7120 0.0011 0.0310 -10 0 0 0
0.7020 0.0014 0.0303 -10 0 0 0
0.7020 0.0014 0.0299 -10 0 0 0
0.7020 0.0011 0.0296 -10 0 0 0
0.7020 0.0011 0.0296 0 0 0 0
0.7220 0.0008 0.0286 -10 0 0 0
0.7240 -0.0002 0.0294 -10 0 0 0
0.7300 0.0000 0.0295 -10 0 0 0
0.7580 0.0003 0.0302 -10 0 0 0
0.7360 0.0004 0.0301 -10 0 0 0
0.7460 0.0003 0.0316 -10 0 0 0
0.7460 0.0003 0.0316 -10 0 0 0
0.7360 0.0004 0.0303 -10 0 0 0
0.7300 0.0008 0.0299 -10 0 0 0
0.7300 0.0011 0.0292 0 0 0 0
0.7200 0.0009 0.0257 -10 0 0 0
0.7260 -0.0005 0.0241 -10 0 0 0
0.7300 0.0011 0.0227 -10 0 0 0
0.7480 0.0009 0.0202 -10 0 0 0
0.7400 -0.0001 0.0203 -10 0 0 0
0.7400 -0.0001 0.0203 -10 0 0 0
0.7300 -0.0005 0.0193 0 0 0 0
0.7280 -0.0004 0.0269 0 0 0 -10
0.7400 0.0001 0.0271 0 0 0 0
0.7220 -0.0000 0.0246 0 0 0 -10
0.7500 -0.0004 0.0252 0 0 0 0
0.7440 -0.0000 0.0192 0 0 0 0
0.7460 -0.0005 0.0169 0 0 0 0
0.7380 -0.0003 0.0185 0 0 0 -10
0.7440 0.0006 0.0163 0 0 0 0
