0.6120 -0.0030 -0.0293 -10 0 0 0
0.5900 -0.0024 -0.0313 -10 0 0 0
0.5920 -0.0019 -0.0306 -10 0 0 0
0.6020 -0.0017 -0.0327 -10 0 0 0
0.6020 -0.0017 -0.0327 -10 0 0 0
0.5820 -0.0019 -0.0324 -10 0 0 0
0.5900 -0.0020 -0.0342 -10 0 0 0
0.5760 -0.0018 -0.0348 -10 0 0 0
0.5740 -0.0015 -0.0365 -10 0 0 0
0.5740 -0.0015 -0.0365 -10 0 0 0
0.5960 -0.0016 -0.0364 -10 0 0 0
0.5760 -0.0017 -0.0372 -10 0 0 0
0.5600 -0.0017 -0.0378 -10 0 0 0
0.5600 -0.0017 -0.0378 -10 0 0 0
0.5840 -0.0007 -0.0388 -10 0 0 0
0.5740 -0.0007 -0.0391 -10 0 0 0
0.5720 -0.0009 -0.0417 -10 0 0 0
0.5740 -0.0016 -0.0431 -10 0 0 0
0.5620 -0.0014 -0.0427 -10 0 0 0
0.5620 -0.0014 -0.0427 -10 0 0 0
0.5620 -0.0014 -0.0420 -10 0 0 0
0.5480 -0.0012 -0.0421 -10 0 0 0
0.5660 -0.0010 -0.0419 -10 0 0 0
0.5760 0.0000 -0.0416 -10 0 0 0
0.5720 0.0006 -0.0415 -10 0 0 0
0.5760 0.0005 -0.0415 -10 0 0 0
0.5760 0.0005 -0.0415 -10 0 0 0
0.5820 0.0000 -0.0431 -10 0 0 0
0.5740 -0.0001 -0.0424 -10 0 0 0
0.5640 0.0002 -0.0414 -10 0 0 0
0.5660 0.0000 -0.0408 -10 0 0 0
0.5700 -0.0001 -0.0431 -10 0 0 0
0.5700 -0.0001 -0.0431 -10 0 0 0
0.5720 0.0001 -0.0435 -10 0 0 0
0.5680 -0.0003 -0.0417 -10 0 0 0
0.5700 -0.0003 -0.0432 -10 0 0 0
0.5700 -0.0003 -0.0432 -10 0 0 0
0.5660 -0.0001 -0.0437 -10 0 0 0
0.5480 0.0004 -0.0421 -10 0 0 0
0.5680 0.0004 -0.0425 -10 0 0 0
0.5620 0.0004 -0.0419 -10 0 0 0
0.5520 0.0004 -0.0418 -10 0 0 0
0.5720 0.0000 -0.0421 -10 0 0 0
0.5720 0.0000 -0.0421 -10 0 0 0
0.5820 -0.0003 -0.0425 -10 0 0 0
0.5840 -0.0004 -0.0453 -10 0 0 0
0.5620 -0.0004 -0.0440 -10 0 0 0
0.5620 -0.0004 -0.0459 -10 0 0 0
0.5780 -0.0004 -0.0454 -10 0 0 0
0.5780 -0.0004 -0.0454 -10 0 0 0
0.5700 -0.0002 -0.0453 -10 0 0 0
0.5620 -0.0002 -0.0434 -10 0 0 0
0.5780 -0.0005 -0.0420 -10 0 0 0
0.5620 -0.0002 -0.0429 -10 0 0 0
0.5620 -0.0002 -0.0429 -10 0 0 0
0.5660 0.0002 -0.0427 -10 0 0 0
0.5720 0.0003 -0.0433 -10 0 0 0
0.5820 -0.0001 -0.0425 -10 0 0 0
0.5820 -0.0001 -0.0425 -10 0 0 0
0.5800 -0.0010 -0.0423 -10 0 0 0
0.5800 -0.0010 -0.0423 -10 0 0 0
0.5660 -0.0011 -0.0436 -10 0 0 0
0.5880 -0.0008 -0.0436 -10 0 0 0
0.5860 -0.0002 -0.0470 -10 0 0 0
0.5860 -0.0003 -0.0465 -10 0 0 0
0.5680 -0.0003 -0.0465 -10 0 0 0
0.6000 -0.0004 -0.0483 -10 0 0 0
0.5800 -0.0004 -0.0515 -10 0 0 0
0.6040 -0.0007 -0.0511 -10 0 0 0
0.6100 -0.0008 -0.0506 -10 0 0 0
0.5700 -0.0007 -0.0510 -10 0 0 0
0.5700 -0.0007 -0.0510 -10 0 0 0
0.5960 -0.0005 -0.0503 -10 0 0 0
0.5860 -0.0001 -0.0507 -10 0 0 0
0.5680 0.0002 -0.0499 -10 0 0 0
0.5700 0.0003 -0.0486 -10 0 0 0
0.5700 0.0003 -0.0486 -10 0 0 0
0.5840 0.0002 -0.0472 -10 0 0 0
0.5760 0.0002 -0.0472 -10 0 0 0
0.5900 0.0004 -0.0477 -10 0 0 0
0.5720 0.0004 -0.0479 -10 0 0 0
0.5760 0.0004 -0.0468 -10 0 0 0
0.5760 0.0003 -0.0469 -10 0 0 0
0.5820 0.0003 -0.0469 -10 0 0 0
0.5780 0.0009 -0.0459 -10 0 0 0
0.5780 0.0009 -0.0459 -10 0 0 0
0.5900 0.0009 -0.0460 -10 0 0 0
0.5900 0.0009 -0.0460 -10 0 0 0
0.5900 0.0008 -0.0473 -10 0 0 0
0.5900 0.0008 -0.0473 -10 0 0 0
0.5980 0.0008 -0.0451 -10 0 0 0
0.5860 0.0012 -0.0447 -10 0 0 0
0.5960 0.0018 -0.0421 -10 0 0 0
0.5760 0.0018 -0.0423 -10 0 0 0
0.5760 0.0018 -0.0423 -10 0 0 0
0.5960 0.0018 -0.0400 -10 0 0 0
0.5960 0.0018 -0.0400 -10 0 0 0
0.5960 0.0016 -0.0378 -10 0 0 0
0.5800 0.0013 -0.0375 -10 0 0 0
0.5800 0.0013 -0.0375 -10 0 0 0
0.5960 0.0020 -0.0346 -10 0 0 0
0.6140 0.0026 -0.0354 -10 0 0 0
0.6140 0.0025 -0.0329 -10 0 0 0
0.5860 0.0025 -0.0329 -10 0 0 0
0.6080 0.0018 -0.0300 -10 0 0 0
0.6080 0.0018 -0.0300 -10 0 0 0
0.6060 0.0013 -0.0309 -10 0 0 0
0.6040 0.0006 -0.0309 -10 0 0 0
0.5920 0.0002 -0.0313 -10 0 0 0
0.5920 0.0002 -0.0313 -10 0 0 0
0.6060 0.0005 -0.0312 -10 0 0 0
0.5980 0.0011 -0.0323 -10 0 0 0
0.6160 0.0019 -0.0326 -10 0 0 0
0.6300 0.0025 -0.0324 -10 0 0 0
0.6160 0.0026 -0.0329 -10 0 0 0
0.6160 0.0026 -0.0329 -10 0 0 0
0.6100 0.0020 -0.0332 -10 0 0 0
0.6040 0.0015 -0.0317 -10 0 0 0
0.6060 0.0020 -0.0309 -10 0 0 0
0.6060 0.0020 -0.0309 -10 0 0 0
0.6100 0.0025 -0.0309 -10 0 0 0
0.6000 0.0025 -0.0295 -10 0 0 0
0.6140 0.0022 -0.0299 -10 0 0 0
0.6000 0.0023 -0.0300 -10 0 0 0
0.6120 0.0018 -0.0300 -10 0 0 0
0.6100 0.0014 -0.0285 -10 0 0 0
0.5980 0.0014 -0.0278 -10 0 0 0
0.6240 0.0016 -0.0282 -10 0 0 0
0.6060 0.0018 -0.0276 -10 0 0 0
0.5900 0.0020 -0.0282 -10 0 0 0
0.6080 0.0021 -0.0282 -10 0 0 0
0.6020 0.0016 -0.0286 -10 0 0 0
0.6020 0.0015 -0.0280 -10 0 0 0
0.6020 0.0015 -0.0280 -10 0 0 0
0.5960 0.0016 -0.0281 -10 0 0 0
0.5960 0.0017 -0.0278 -10 0 0 0
0.5980 0.0016 -0.0280 -10 0 0 0
0.5960 0.0013 -0.0258 -10 0 0 0
0.6020 0.0007 -0.0264 -10 0 0 0
0.6160 0.0005 -0.0247 -10 0 0 0
0.6320 0.0003 -0.0249 -10 0 0 0
0.6100 -0.0001 -0.0247 -10 0 0 0
0.6160 -0.0001 -0.0251 -10 0 0 0
0.6160 -0.0001 -0.0251 -10 0 0 0
0.6120 0.0004 -0.0250 -10 0 0 0
0.6000 0.0005 -0.0256 0 0 0 0
0.6240 -0.0007 -0.0295 0 0 0 10
0.6240 -0.0001 -0.0334 0 0 0 10
0.6220 0.0013 -0.0322 0 0 0 10
0.6320 0.0019 -0.0314 0 0 0 0
0.6160 0.0012 -0.0358 0 0 0 10
0.6160 0.0009 -0.0293 0 0 0 10
0.6480 -0.0001 -0.0255 0 0 0 0
0.6360 0.0011 -0.0267 0 0 0 10
0.6540 -0.0010 -0.0243 0 0 0 10
0.6460 0.0004 -0.0245 0 0 0 0
0.6660 0.0006 -0.0214 0 0 0 10
0.6400 0.0001 -0.0217 0 0 0 0
0.6080 0.0002 -0.0176 0 0 0 10
0.6320 0.0002 -0.0189 0 0 0 10
0.6320 0.0002 -0.0189 0 0 0 0
0.6440 0.0004 -0.0184 0 0 0 10
0.6320 -0.0004 -0.0164 0 0 0 10
0.6260 0.0008 -0.0087 0 0 0 10
0.6380 0.0002 -0.0076 0 0 0 0
0.6140 0.0012 -0.0050 0 0 0 10
0.6320 -0.0004 -0.0061 0 0 0 10
0.6240 -0.0004 -0.0066 0 0 0 0
0.6280 -0.0008 0.0026 -10 0 0 0
0.6600 -0.0014 0.0027 -10 0 0 0
0.6280 -0.0010 0.0033 -10 0 0 0
0.6140 -0.0009 0.0039 -10 0 0 0
0.6420 -0.0007 0.0041 -10 0 0 0
0.6420 -0.0007 0.0041 -10 0 0 0
0.6300 -0.0008 0.0053 -10 0 0 0
0.6340 -0.0009 0.0052 -10 0 0 0
0.6220 -0.0013 0.0066 -10 0 0 0
0.6220 -0.0013 0.0066 -10 0 0 0
0.6460 -0.0016 0.0063 -10 0 0 0
0.6100 -0.0015 0.0084 -10 0 0 0
0.6160 -0.0011 0.0087 -10 0 0 0
0.6160 -0.0011 0.0084 -10 0 0 0
0.6240 -0.0011 0.0084 -10 0 0 0
0.6300 -0.0011 0.0077 -10 0 0 0
0.6240 -0.0013 0.0079 -10 0 0 0
0.6360 -0.0010 0.0076 -10 0 0 0
0.6360 -0.0010 0.0076 0 0 0 0
0.6360 -0.0003 0.0071 -10 0 0 0
0.6100 -0.0000 0.0064 -10 0 0 0
0.6280 0.0002 0.0044 -10 0 0 0
0.6420 0.0002 0.0044 -10 0 0 0
0.6220 0.0001 0.0031 -10 0 0 0
0.6260 0.0002 0.0031 -10 0 0 0
0.6360 0.0001 0.0016 -10 0 0 0
0.6500 -0.0003 0.0000 0 0 0 0
0.6900 -0.0000 0.0124 -10 0 0 0
0.6860 0.0006 0.0109 -10 0 0 0
0.6800 0.0007 0.0114 -10 0 0 0
0.6680 -0.0000 0.0112 -10 0 0 0
0.6940 -0.0001 0.0105 0 0 0 0
0.6880 0.0002 0.0126 -10 0 0 0
0.6800 0.0000 0.0051 -10 0 0 0
0.6700 0.0004 0.0013 -10 0 0 0
0.6720 0.0002 0.0009 -10 0 0 0
0.6820 0.0000 -0.0014 0 0 0 0
0.6880 0.0002 -0.0061 -10 0 0 0
0.6800 0.0002 -0.0057 -10 0 0 0
0.6900 -0.0008 -0.0064 -10 0 0 0
0.6940 -0.0004 -0.0061 -10 0 0 0
0.6940 -0.0004 -0.0061 -10 0 0 0
0.6860 -0.0001 -0.0070 0 0 0 0
0.6620 0.0011 -0.0174 -10 0 0 0
0.6580 0.0005 -0.0207 -10 0 0 0
0.6500 0.0009 -0.0228 -10 0 0 0
0.6740 0.0013 -0.0218 -10 0 0 0
0.6740 0.0013 -0.0218 -10 0 0 0
0.6640 0.0008 -0.0223 -10 0 0 0
0.6640 0.0008 -0.0223 0 0 0 0
0.6600 -0.0011 -0.0216 -10 0 0 0
0.6860 -0.0003 -0.0267 -10 0 0 0
0.6700 -0.0003 -0.0268 -10 0 0 0
0.6700 -0.0003 -0.0268 -10 0 0 0
0.6560 0.0004 -0.0283 -10 0 0 0
0.6560 0.0004 -0.0283 -10 0 0 0
0.6600 0.0006 -0.0290 0 0 0 0
0.6580 -0.0005 -0.0288 -10 0 0 0
0.6760 0.0009 -0.0272 -10 0 0 0
0.6760 0.0010 -0.0272 -10 0 0 0
0.6700 0.0009 -0.0269 -10 0 0 0
0.6740 0.0010 -0.0275 -10 0 0 0
0.6740 0.0010 -0.0275 0 0 0 0
0.6640 0.0006 -0.0253 -10 0 0 0
0.6540 0.0009 -0.0230 -10 0 0 0
0.6680 0.0020 -0.0249 -10 0 0 0
0.6640 0.0017 -0.0249 -10 0 0 0
0.6820 0.0016 -0.0247 -10 0 0 0
0.6820 0.0016 -0.0247 -10 0 0 0
0.6640 0.0016 -0.0248 0 0 0 0
0.6520 0.0012 -0.0263 -10 0 0 0
0.6480 0.0007 -0.0259 -10 0 0 0
0.6620 0.0006 -0.0267 -10 0 0 0
0.6700 0.0003 -0.0279 -10 0 0 0
0.6700 0.0003 -0.0279 -10 0 0 0
0.6720 0.0008 -0.0289 0 0 0 0
0.7060 0.0006 -0.0306 -10 0 0 0
0.6880 -0.0008 -0.0242 -10 0 0 0
0.6880 -0.0003 -0.0189 -10 0 0 0
0.6840 -0.0000 -0.0155 -10 0 0 0
0.6700 -0.0005 -0.0164 -10 0 0 0
0.6700 -0.0007 -0.0156 0 0 0 0
0.6960 -0.0007 -0.0153 0 0 0 10
