0.5100 0.0085 0.1517 0 0 0 -30
0.5100 0.0085 0.1517 0 0 0 -30
0.4880 0.0084 0.1514 0 0 0 -30
0.4859 0.0086 0.1511 0 0 0 -30
0.4819 0.0098 0.1533 0 0 0 -30
0.4739 0.0118 0.1543 0 0 0 -30
0.4739 0.0118 0.1543 0 0 0 -30
0.4839 0.0121 0.1544 0 0 0 -30
0.4839 0.0121 0.1544 0 0 0 -30
0.4659 0.0120 0.1546 0 0 0 -30
0.4659 0.0120 0.1546 0 0 0 -30
0.4659 0.0120 0.1546 0 0 0 -30
0.4659 0.0120 0.1546 0 0 0 -30
0.4739 0.0116 0.1537 0 0 0 -30
0.4739 0.0116 0.1537 0 0 0 -30
0.4739 0.0116 0.1537 0 0 0 -30
0.4739 0.0116 0.1537 0 0 0 -30
0.4739 0.0116 0.1537 0 0 0 0
0.5261 0.0124 0.1310 0 0 0 -30
0.5241 0.0124 0.1310 0 0 0 -30
0.4880 0.0131 0.1297 0 0 0 -30
0.5020 0.0135 0.1298 0 0 0 -30
0.4900 0.0137 0.1286 0 0 0 -30
0.4779 0.0133 0.1283 0 0 0 0
0.4618 0.0125 0.1272 0 0 0 -30
0.4819 0.0133 0.1266 0 0 0 -30
0.4759 0.0138 0.1262 0 0 0 -30
0.4759 0.0138 0.1262 0 0 0 -30
0.4739 0.0137 0.1263 0 0 0 -30
0.4920 0.0128 0.1267 0 0 0 0
0.4980 0.0124 0.1252 0 0 0 -30
0.5000 0.0127 0.1261 0 0 0 -30
0.5000 0.0127 0.1261 0 0 0 -30
0.4960 0.0130 0.1262 0 0 0 -30
0.4960 0.0130 0.1262 0 0 0 -30
0.4940 0.0147 0.1246 0 0 0 0
0.5020 0.0151 0.1182 0 0 0 -30
0.5020 0.0146 0.1203 0 0 0 -30
0.5040 0.0138 0.1166 0 0 0 -30
0.5040 0.0138 0.1166 0 0 0 0
0.5161 0.0116 0.1080 0 0 0 -30
0.5161 0.0116 0.1080 0 0 0 -30
0.4960 0.0104 0.1083 0 0 0 -30
0.4960 0.0104 0.1083 0 0 0 -30
0.5241 0.0090 0.1078 0 0 0 -30
0.5241 0.0090 0.1078 0 0 0 0
0.5060 0.0055 0.0973 0 0 0 -30
0.5060 0.0055 0.0973 0 0 0 -30
0.5402 0.0054 0.0981 0 0 0 -30
0.4960 0.0053 0.0980 0 0 0 0
0.5301 0.0054 0.0891 0 0 0 -30
0.5221 0.0054 0.0891 0 0 0 -30
0.5201 0.0054 0.0886 0 0 0 0
0.5100 0.0041 0.0897 0 0 0 -30
0.5100 0.0041 0.0897 0 0 0 -30
0.4980 0.0041 0.0896 0 0 0 -30
0.4980 0.0041 0.0907 0 0 0 -30
0.5241 0.0041 0.0907 0 0 0 0
0.5080 0.0092 0.0826 0 0 0 -30
0.5080 0.0092 0.0826 0 0 0 -30
0.5221 0.0094 0.0832 0 0 0 -30
0.5221 0.0094 0.0832 0 0 0 -30
0.5120 0.0082 0.0752 0 0 0 -30
0.5120 0.0082 0.0752 0 0 0 -30
0.4940 0.0078 0.0748 0 0 0 -30
0.4980 0.0085 0.0766 0 0 0 -30
0.4980 0.0085 0.0766 0 0 0 0
0.5301 0.0099 0.0724 0 0 0 -30
0.5181 0.0108 0.0697 0 0 0 0
0.5382 0.0078 0.5317 0 0 0 -30
0.5442 0.0078 0.5317 0 0 0 -30
0.5502 0.0073 0.5305 0 0 0 -30
0.5502 0.0073 0.5305 0 0 0 0
0.5201 0.0072 0.5289 0 0 0 -30
0.5281 0.0067 0.5289 0 0 0 -30
0.5241 0.0067 0.5298 0 0 0 0
0.5181 0.0069 0.5282 0 0 0 -30
0.5341 0.0064 0.5279 0 0 0 -30
0.5261 0.0059 0.5285 0 0 0 -30
0.5261 0.0057 0.5279 0 0 0 -30
0.5100 0.0057 0.5279 0 0 0 0
0.5100 0.0058 0.5273 0 0 0 -30
0.5141 0.0059 0.5260 0 0 0 -30
0.5120 0.0060 0.5265 0 0 0 -30
0.5181 0.0062 0.5265 0 0 0 -30
0.5181 0.0062 0.5265 0 0 0 -30
0.5181 0.0063 0.5264 0 0 0 -30
0.5201 0.0066 0.5264 0 0 0 0
0.5382 0.0040 0.5159 0 0 0 30
0.5281 0.0040 0.5159 0 0 0 30
0.5361 0.0050 0.5160 0 0 0 30
0.5301 0.0061 0.5132 0 0 0 30
0.5301 0.0064 0.5148 0 0 0 0
0.5321 0.0069 0.5157 0 0 0 30
0.5321 0.0072 0.5150 0 0 0 30
0.5301 0.0072 0.5150 0 0 0 30
0.5261 0.0076 0.5156 0 0 0 30
0.5261 0.0076 0.5156 0 0 0 30
0.5402 0.0078 0.5154 0 0 0 30
0.5321 0.0082 0.5180 0 0 0 30
0.5321 0.0082 0.5180 0 0 0 30
0.5321 0.0082 0.5180 0 0 0 0
0.5422 0.0106 0.5201 0 0 0 30
0.5141 0.0106 0.5201 0 0 0 30
0.5221 0.0113 0.5199 0 0 0 30
0.5221 0.0113 0.5199 0 0 0 30
0.5241 0.0125 0.5223 0 0 0 30
0.5120 0.0118 0.5216 0 0 0 30
0.5221 0.0109 0.5223 0 0 0 0
0.5361 0.0083 0.5232 0 0 0 30
0.5442 0.0083 0.5232 0 0 0 30
0.5422 0.0081 0.5246 0 0 0 30
0.5181 0.0082 0.5270 0 0 0 30
0.5181 0.0082 0.5270 0 0 0 30
0.5161 0.0075 0.5280 0 0 0 30
0.5161 0.0061 0.5277 0 0 0 30
0.5161 0.0061 0.5277 0 0 0 30
0.5161 0.0061 0.5277 0 0 0 0
0.5281 0.0049 0.5262 0 0 0 30
0.5321 0.0053 0.5264 0 0 0 30
0.5120 0.0056 0.5268 0 0 0 30
0.5181 0.0059 0.5292 0 0 0 30
0.5221 0.0057 0.5318 0 0 0 30
0.5221 0.0057 0.5318 0 0 0 30
0.5060 0.0051 0.5338 0 0 0 30
0.5060 0.0051 0.5338 0 0 0 0
0.5141 0.0059 0.5334 0 0 0 30
0.5040 0.0062 0.5338 0 0 0 30
0.5080 0.0063 0.5335 0 0 0 30
0.5100 0.0064 0.5340 0 0 0 30
0.5201 0.0073 0.5374 0 0 0 30
0.5201 0.0073 0.5374 0 0 0 30
0.5321 0.0072 0.5393 0 0 0 30
0.5321 0.0072 0.5393 0 0 0 30
0.5321 0.0072 0.5393 0 0 0 30
0.5241 0.0065 0.5395 0 0 0 0
0.5361 0.0056 0.5399 0 0 0 30
0.5482 0.0056 0.5422 0 0 0 30
0.5482 0.0056 0.5422 0 0 0 30
0.5341 0.0056 0.0868 0 0 0 30
0.5341 0.0056 0.0868 0 0 0 30
0.5341 0.0056 0.0868 0 0 0 30
0.5341 0.0048 0.0862 0 0 0 30
0.5341 0.0048 0.0862 0 0 0 30
0.5341 0.0048 0.0862 0 0 0 0
0.5161 0.0042 0.0890 0 0 0 30
0.5141 0.0043 0.0904 0 0 0 30
0.5341 0.0046 0.0931 0 0 0 30
0.5402 0.0049 0.0922 0 0 0 30
0.5402 0.0049 0.0922 0 0 0 30
0.5402 0.0049 0.0922 0 0 0 30
0.5402 0.0049 0.0922 0 0 0 30
0.5321 0.0051 0.0956 0 0 0 30
0.5321 0.0051 0.0956 0 0 0 30
0.5321 0.0051 0.0956 0 0 0 30
0.5321 0.0051 0.0956 0 0 0 0
0.4920 0.0076 0.1222 30 0 0 0
0.5000 0.0080 0.1161 30 0 0 0
0.5060 0.0082 0.1155 30 0 0 0
0.5141 0.0089 0.1132 30 0 0 0
0.4900 0.0077 0.1135 30 0 0 0
0.4900 0.0077 0.1135 30 0 0 0
0.5120 0.0059 0.1141 30 0 0 0
0.5120 0.0063 0.1142 30 0 0 0
0.5161 0.0063 0.1142 30 0 0 0
0.5161 0.0063 0.1142 30 0 0 0
0.5161 0.0063 0.1142 30 0 0 0
0.5060 0.0068 0.1151 30 0 0 0
0.5060 0.0068 0.1151 30 0 0 0
0.5060 0.0068 0.1151 30 0 0 0
0.5060 0.0068 0.1151 30 0 0 0
0.4960 0.0076 0.1141 30 0 0 0
0.4960 0.0076 0.1141 30 0 0 0
0.4960 0.0076 0.1141 30 0 0 0
0.4960 0.0076 0.1141 30 0 0 0
0.4960 0.0076 0.1141 30 0 0 0
0.5120 0.0078 0.1155 30 0 0 0
0.5120 0.0078 0.1155 30 0 0 0
0.5120 0.0078 0.1155 30 0 0 0
0.5120 0.0078 0.1155 30 0 0 0
0.5120 0.0080 0.1163 30 0 0 0
0.5120 0.0080 0.1163 30 0 0 0
0.5120 0.0080 0.1163 30 0 0 0
0.5120 0.0080 0.1163 30 0 0 0
0.5201 0.0078 0.1168 30 0 0 0
0.5201 0.0078 0.1168 30 0 0 0
0.5201 0.0078 0.1168 30 0 0 0
0.5201 0.0078 0.1168 30 0 0 0
0.5201 0.0078 0.1168 30 0 0 0
0.5080 0.0075 0.1180 30 0 0 0
0.5080 0.0075 0.1180 30 0 0 0
0.5080 0.0075 0.1180 30 0 0 0
0.5040 0.0071 0.1180 30 0 0 0
0.5040 0.0071 0.1180 30 0 0 0
0.5040 0.0071 0.1180 30 0 0 0
0.5040 0.0071 0.1180 30 0 0 0
0.4880 0.0068 0.5736 30 0 0 0
0.4880 0.0068 0.5736 30 0 0 0
0.4880 0.0068 0.5736 30 0 0 0
0.4880 0.0068 0.5736 30 0 0 0
0.4859 0.0069 0.5744 30 0 0 0
0.4859 0.0069 0.5744 30 0 0 0
0.4859 0.0069 0.5744 30 0 0 0
0.4859 0.0069 0.5744 30 0 0 0
0.4859 0.0069 0.5744 30 0 0 0
0.4779 0.0075 0.5758 30 0 0 0
0.4779 0.0075 0.5758 30 0 0 0
0.4779 0.0075 0.5758 30 0 0 0
0.4779 0.0075 0.5758 30 0 0 0
0.4859 0.0081 0.5784 30 0 0 0
0.4859 0.0081 0.5784 30 0 0 0
0.4859 0.0081 0.5784 30 0 0 0
0.4859 0.0081 0.5784 30 0 0 0
0.4859 0.0081 0.5784 30 0 0 0
0.4839 0.0088 0.5779 30 0 0 0
0.4839 0.0088 0.5779 30 0 0 0
0.4839 0.0088 0.5779 30 0 0 0
0.4839 0.0088 0.5779 30 0 0 0
0.4920 0.0089 0.5777 30 0 0 0
0.4920 0.0089 0.5777 30 0 0 0
0.4920 0.0089 0.5777 30 0 0 0
0.4920 0.0082 0.5776 30 0 0 0
0.5040 0.0082 0.5776 30 0 0 0
0.5040 0.0082 0.5776 30 0 0 0
0.5040 0.0082 0.5776 30 0 0 0
0.4960 0.0074 0.5776 30 0 0 0
0.4960 0.0074 0.5776 30 0 0 0
0.4960 0.0074 0.5776 30 0 0 0
0.4960 0.0074 0.5776 30 0 0 0
0.4960 0.0074 0.5776 30 0 0 0
0.5040 0.0064 0.5774 30 0 0 0
0.5040 0.0064 0.5774 30 0 0 0
0.5040 0.0064 0.5774 30 0 0 0
0.5040 0.0064 0.5774 30 0 0 0
0.5120 0.0057 0.5777 30 0 0 0
0.5120 0.0057 0.5777 30 0 0 0
0.5120 0.0057 0.5777 30 0 0 0
0.5120 0.0057 0.5777 30 0 0 0
0.5120 0.0057 0.5777 30 0 0 0
0.5100 0.0053 0.5771 30 0 0 0
0.5100 0.0053 0.5771 30 0 0 0
0.5100 0.0053 0.5771 30 0 0 0
0.5100 0.0051 0.5783 30 0 0 0
0.5161 0.0051 0.5783 30 0 0 0
0.5161 0.0051 0.5783 30 0 0 0
0.5161 0.0051 0.5783 30 0 0 0
0.5161 0.0051 0.5783 30 0 0 0
0.5161 0.0049 0.5781 30 0 0 0
0.5161 0.0049 0.5781 30 0 0 0
0.5161 0.0049 0.5781 30 0 0 0
0.5161 0.0049 0.5781 30 0 0 0
0.5161 0.0049 0.5781 30 0 0 0
0.5161 0.0049 0.5781 30 0 0 0
0.5161 0.0049 0.5781 30 0 0 0
0.5060 0.0051 0.5775 30 0 0 0
0.5060 0.0051 0.5775 30 0 0 0
0.5060 0.0051 0.5775 30 0 0 0
0.5060 0.0051 0.5775 30 0 0 0
0.5060 0.0051 0.5775 30 0 0 0
0.5141 0.0055 0.5788 30 0 0 0
0.5141 0.0055 0.5788 30 0 0 0
0.4980 0.0062 0.5774 30 0 0 0
0.4980 0.0062 0.5774 30 0 0 0
0.4980 0.0062 0.5774 30 0 0 0
0.4980 0.0062 0.5774 30 0 0 0
0.5181 0.0065 0.5751 30 0 0 0
0.5181 0.0065 0.5751 30 0 0 0
0.5181 0.0065 0.5751 30 0 0 0
0.5161 0.0065 0.5747 30 0 0 0
0.5161 0.0065 0.5747 30 0 0 0
0.5161 0.0065 0.5747 30 0 0 0
0.5161 0.0065 0.5747 30 0 0 0
0.5241 0.0066 0.5754 30 0 0 0
0.5241 0.0066 0.5754 30 0 0 0
0.5241 0.0066 0.5754 30 0 0 0
0.5241 0.0066 0.5754 30 0 0 0
0.5241 0.0066 0.5754 30 0 0 0
0.5241 0.0066 0.5754 30 0 0 0
0.5141 0.0067 0.5778 30 0 0 0
0.5141 0.0067 0.5778 30 0 0 0
0.5181 0.0071 0.5764 30 0 0 0
0.5181 0.0071 0.5764 30 0 0 0
0.5181 0.0071 0.5764 30 0 0 0
0.5181 0.0071 0.5764 30 0 0 0
0.5181 0.0071 0.5764 0 0 0 0
0.5221 0.0094 0.0899 30 0 0 0
0.5020 0.0095 0.0873 30 0 0 0
0.5141 0.0091 0.0861 30 0 0 0
0.5141 0.0091 0.0861 30 0 0 0
0.5361 0.0079 0.0885 30 0 0 0
0.5221 0.0074 0.0885 30 0 0 0
0.5120 0.0074 0.0885 30 0 0 0
0.5221 0.0072 0.0866 30 0 0 0
0.5221 0.0072 0.0866 30 0 0 0
0.5221 0.0072 0.0866 30 0 0 0
0.5080 0.0076 0.0819 30 0 0 0
0.5080 0.0076 0.0819 30 0 0 0
0.5080 0.0076 0.0819 30 0 0 0
0.5080 0.0076 0.0819 30 0 0 0
0.5080 0.0076 0.0819 30 0 0 0
0.5241 0.0080 0.0809 30 0 0 0
0.5241 0.0080 0.0809 30 0 0 0
0.5241 0.0080 0.0809 30 0 0 0
0.5080 0.0085 0.0799 30 0 0 0
0.5080 0.0085 0.0799 30 0 0 0
0.5080 0.0085 0.0799 30 0 0 0
0.5000 0.0087 0.0763 30 0 0 0
0.5000 0.0087 0.0763 30 0 0 0
0.5000 0.0087 0.0763 30 0 0 0
0.5000 0.0087 0.0763 30 0 0 0
0.5000 0.0087 0.0763 30 0 0 0
0.5100 0.0087 0.0788 30 0 0 0
0.5100 0.0087 0.0788 30 0 0 0
0.5100 0.0087 0.0788 30 0 0 0
0.5100 0.0087 0.0788 30 0 0 0
0.5100 0.0087 0.0788 30 0 0 0
0.5100 0.0087 0.0788 30 0 0 0
0.5261 0.0088 0.0789 30 0 0 0
0.5261 0.0088 0.0789 30 0 0 0
0.5261 0.0088 0.0789 30 0 0 0
0.5261 0.0088 0.0789 30 0 0 0
0.5261 0.0088 0.0789 30 0 0 0
0.5100 0.0088 0.0787 30 0 0 0
0.5100 0.0088 0.0787 30 0 0 0
0.5100 0.0088 0.0787 30 0 0 0
0.5181 0.0087 0.0803 30 0 0 0
0.5181 0.0087 0.0803 30 0 0 0
0.5181 0.0087 0.0803 30 0 0 0
0.5181 0.0087 0.0803 30 0 0 0
0.5181 0.0087 0.0803 30 0 0 0
0.5341 0.0090 0.0810 30 0 0 0
0.5341 0.0090 0.0810 30 0 0 0
0.5341 0.0090 0.0810 30 0 0 0
0.5221 0.0095 0.0806 30 0 0 0
0.5221 0.0095 0.0806 30 0 0 0
0.5221 0.0095 0.0806 30 0 0 0
0.5221 0.0095 0.0806 30 0 0 0
0.5221 0.0095 0.0806 30 0 0 0
0.5221 0.0095 0.0806 30 0 0 0
0.5221 0.0095 0.0806 30 0 0 0
0.5221 0.0095 0.0806 30 0 0 0
0.5221 0.0095 0.0806 30 0 0 0
0.5221 0.0095 0.0806 30 0 0 0
0.5221 0.0095 0.0806 30 0 0 0
0.5221 0.0100 0.0814 30 0 0 0
0.5080 0.0110 0.0817 30 0 0 0
0.5020 0.0116 0.0824 30 0 0 0
0.5020 0.0116 0.0824 30 0 0 0
0.5020 0.0116 0.0824 30 0 0 0
0.5181 0.0120 0.0825 30 0 0 0
0.5181 0.0120 0.0825 30 0 0 0
0.5181 0.0120 0.0825 30 0 0 0
0.5181 0.0120 0.0825 30 0 0 0
0.5181 0.0120 0.0825 30 0 0 0
0.5181 0.0120 0.0825 30 0 0 0
0.5181 0.0120 0.0825 30 0 0 0
0.5020 0.0118 0.0813 30 0 0 0
0.5020 0.0118 0.0813 30 0 0 0
0.5020 0.0118 0.0813 30 0 0 0
0.5120 0.0112 0.0817 30 0 0 0
0.5120 0.0112 0.0817 30 0 0 0
0.5120 0.0112 0.0817 30 0 0 0
0.5120 0.0112 0.0817 0 0 0 0
0.5241 0.0095 0.0803 30 0 0 0
0.5100 0.0091 0.0818 30 0 0 0
0.5281 0.0095 0.0826 30 0 0 0
0.5281 0.0095 0.0826 30 0 0 0
0.5261 0.0106 0.0809 30 0 0 0
0.5261 0.0106 0.0809 30 0 0 0
0.5261 0.0106 0.0809 30 0 0 0
0.5261 0.0106 0.0809 30 0 0 0
0.5382 0.0112 0.0827 30 0 0 0
0.5382 0.0112 0.0827 30 0 0 0
0.5382 0.0112 0.0827 30 0 0 0
0.5382 0.0112 0.0827 30 0 0 0
0.5382 0.0112 0.0827 30 0 0 0
0.5341 0.0118 0.0771 30 0 0 0
0.5341 0.0118 0.0771 30 0 0 0
0.5341 0.0119 0.0770 30 0 0 0
0.5161 0.0119 0.0770 30 0 0 0
0.5161 0.0119 0.0770 30 0 0 0
0.5161 0.0119 0.0770 30 0 0 0
0.5161 0.0119 0.0770 30 0 0 0
0.5241 0.0120 0.0732 30 0 0 0
0.5241 0.0120 0.0732 30 0 0 0
0.5241 0.0120 0.0732 30 0 0 0
0.5241 0.0120 0.0732 30 0 0 0
0.5241 0.0120 0.0732 30 0 0 0
0.5060 0.0122 0.0713 30 0 0 0
0.5060 0.0122 0.0713 30 0 0 0
0.5060 0.0122 0.0713 30 0 0 0
0.5060 0.0126 0.0645 30 0 0 0
0.5181 0.0126 0.0645 30 0 0 0
0.5181 0.0126 0.0645 30 0 0 0
0.5181 0.0126 0.0645 30 0 0 0
0.5181 0.0126 0.0645 30 0 0 0
0.5301 0.0133 0.0654 30 0 0 0
0.5301 0.0133 0.0654 30 0 0 0
0.5301 0.0133 0.0654 30 0 0 0
0.5301 0.0133 0.0654 30 0 0 0
0.5301 0.0133 0.0654 30 0 0 0
0.5301 0.0138 0.0657 30 0 0 0
0.5040 0.0138 0.0657 30 0 0 0
0.5040 0.0138 0.0657 30 0 0 0
0.5020 0.0138 0.0629 30 0 0 0
0.5020 0.0138 0.0629 30 0 0 0
0.5020 0.0138 0.0629 30 0 0 0
0.5020 0.0138 0.0629 30 0 0 0
0.5060 0.0134 0.0629 30 0 0 0
0.5060 0.0134 0.0629 30 0 0 0
0.5060 0.0134 0.0629 30 0 0 0
0.5060 0.0134 0.0629 30 0 0 0
0.5060 0.0134 0.0629 30 0 0 0
0.5060 0.0134 0.0629 30 0 0 0
0.5060 0.0123 0.0645 30 0 0 0
0.5060 0.0123 0.0645 30 0 0 0
0.5060 0.0123 0.0645 30 0 0 0
0.5201 0.0109 0.0624 30 0 0 0
0.5201 0.0109 0.0624 30 0 0 0
0.5201 0.0109 0.0624 30 0 0 0
0.5201 0.0109 0.0624 30 0 0 0
0.5241 0.0094 0.0652 30 0 0 0
0.5241 0.0094 0.0652 30 0 0 0
0.5241 0.0094 0.0652 0 0 0 0
0.5020 0.0068 0.0657 30 0 0 0
0.5141 0.0068 0.0657 30 0 0 0
0.5080 0.0067 0.0646 30 0 0 0
0.5100 0.0062 0.0653 30 0 0 0
0.5141 0.0060 0.0675 30 0 0 0
0.4819 0.0069 0.0732 30 0 0 0
0.5120 0.0082 0.0749 30 0 0 0
0.5181 0.0099 0.0745 30 0 0 0
0.5181 0.0099 0.0745 30 0 0 0
0.5181 0.0099 0.0745 30 0 0 0
0.5181 0.0099 0.0745 30 0 0 0
0.5181 0.0099 0.0745 30 0 0 0
0.5141 0.0119 0.0770 30 0 0 0
0.5141 0.0119 0.0770 30 0 0 0
0.5141 0.0123 0.0810 30 0 0 0
0.5221 0.0123 0.0810 30 0 0 0
0.5221 0.0123 0.0810 30 0 0 0
0.5221 0.0123 0.0810 30 0 0 0
0.5221 0.0117 0.0815 30 0 0 0
0.5201 0.0117 0.0815 30 0 0 0
0.5201 0.0117 0.0815 30 0 0 0
0.5201 0.0117 0.0815 30 0 0 0
0.5201 0.0117 0.0815 30 0 0 0
0.5201 0.0117 0.0815 30 0 0 0
0.5281 0.0104 0.0812 30 0 0 0
0.5281 0.0104 0.0812 30 0 0 0
0.5281 0.0104 0.0812 30 0 0 0
0.5201 0.0095 0.0814 30 0 0 0
0.5201 0.0095 0.0814 30 0 0 0
0.5201 0.0095 0.0814 30 0 0 0
0.5201 0.0095 0.0814 30 0 0 0
0.5201 0.0095 0.0814 30 0 0 0
0.5201 0.0095 0.0814 30 0 0 0
0.5201 0.0095 0.0814 30 0 0 0
0.5201 0.0095 0.0814 30 0 0 0
0.5201 0.0095 0.0814 30 0 0 0
0.5201 0.0095 0.0814 30 0 0 0
0.5201 0.0095 0.0814 30 0 0 0
0.5241 0.0085 0.0794 30 0 0 0
0.5241 0.0085 0.0794 30 0 0 0
0.5141 0.0083 0.0810 30 0 0 0
0.5141 0.0083 0.0810 30 0 0 0
0.5141 0.0083 0.0810 30 0 0 0
0.5141 0.0083 0.0810 30 0 0 0
0.5422 0.0086 0.0822 30 0 0 0
0.5422 0.0086 0.0822 30 0 0 0
0.5422 0.0086 0.0822 30 0 0 0
0.5422 0.0086 0.0822 30 0 0 0
0.5402 0.0086 0.0801 30 0 0 0
0.5402 0.0086 0.0801 30 0 0 0
0.5402 0.0086 0.0801 30 0 0 0
0.5141 0.0086 0.0790 30 0 0 0
0.5141 0.0086 0.0790 30 0 0 0
0.5141 0.0086 0.0790 30 0 0 0
0.5141 0.0086 0.0790 30 0 0 0
0.5141 0.0086 0.0790 30 0 0 0
0.5241 0.0090 0.0795 30 0 0 0
0.5241 0.0090 0.0795 30 0 0 0
0.5241 0.0090 0.0795 30 0 0 0
0.5241 0.0090 0.0795 30 0 0 0
0.5241 0.0090 0.0795 30 0 0 0
0.5181 0.0093 0.0786 30 0 0 0
0.5181 0.0093 0.0786 30 0 0 0
0.5080 0.0094 0.0781 30 0 0 0
0.5080 0.0094 0.0781 30 0 0 0
0.5080 0.0094 0.0781 30 0 0 0
0.5080 0.0094 0.0781 30 0 0 0
0.5080 0.0094 0.0781 30 0 0 0
0.5141 0.0094 0.0775 30 0 0 0
0.5141 0.0094 0.0775 30 0 0 0
0.5141 0.0094 0.0775 30 0 0 0
0.5141 0.0094 0.0775 30 0 0 0
0.5141 0.0094 0.0775 30 0 0 0
0.5382 0.0098 0.0786 30 0 0 0
0.5382 0.0098 0.0786 30 0 0 0
0.5382 0.0098 0.0786 30 0 0 0
0.5281 0.0100 0.0808 30 0 0 0
0.5281 0.0100 0.0808 30 0 0 0
0.5281 0.0100 0.0808 30 0 0 0
0.5281 0.0100 0.0808 30 0 0 0
0.5281 0.0100 0.0808 30 0 0 0
0.5060 0.0101 0.0823 30 0 0 0
0.5060 0.0101 0.0823 30 0 0 0
0.5060 0.0101 0.0823 30 0 0 0
0.5060 0.0101 0.0823 30 0 0 0
0.5060 0.0101 0.0823 30 0 0 0
0.5040 0.0104 0.0822 30 0 0 0
0.5040 0.0104 0.0822 30 0 0 0
0.5040 0.0104 0.0822 30 0 0 0
0.5201 0.0112 0.0771 30 0 0 0
0.5201 0.0112 0.0771 30 0 0 0
0.5201 0.0112 0.0771 30 0 0 0
0.5201 0.0112 0.0771 30 0 0 0
0.5201 0.0112 0.0771 30 0 0 0
0.5201 0.0112 0.0771 30 0 0 0
0.5201 0.0112 0.0771 30 0 0 0
0.5201 0.0112 0.0771 30 0 0 0
0.5161 0.0125 0.0732 30 0 0 0
0.5161 0.0125 0.0732 30 0 0 0
0.5161 0.0125 0.0732 30 0 0 0
0.5161 0.0125 0.0732 30 0 0 0
0.5161 0.0133 0.0721 30 0 0 0
0.5301 0.0133 0.0721 30 0 0 0
0.5201 0.0139 0.0712 30 0 0 0
0.5201 0.0139 0.0712 30 0 0 0
0.5201 0.0139 0.0712 30 0 0 0
0.5201 0.0139 0.0712 0 0 0 0
0.5201 0.0133 0.0711 30 0 0 0
0.5321 0.0123 0.0720 30 0 0 0
0.5120 0.0104 0.0581 30 0 0 0
0.5020 0.0088 0.0590 30 0 0 0
0.5120 0.0082 0.0494 30 0 0 0
0.5120 0.0068 0.0492 30 0 0 0
0.5080 0.0066 0.0510 30 0 0 0
0.5080 0.0066 0.0510 30 0 0 0
0.5080 0.0066 0.0510 30 0 0 0
0.5080 0.0066 0.0510 30 0 0 0
0.5080 0.0066 0.0510 30 0 0 0
0.5281 0.0069 0.0553 30 0 0 0
0.5281 0.0069 0.0553 30 0 0 0
0.5281 0.0069 0.0553 30 0 0 0
0.5281 0.0069 0.0553 30 0 0 0
0.5281 0.0068 0.0566 30 0 0 0
0.5221 0.0068 0.0566 30 0 0 0
0.5221 0.0065 0.0511 30 0 0 0
0.5241 0.0065 0.0511 30 0 0 0
0.5241 0.0065 0.0511 30 0 0 0
0.5241 0.0065 0.0511 30 0 0 0
0.5241 0.0062 0.0497 30 0 0 0
0.5241 0.0062 0.0497 30 0 0 0
0.5241 0.0062 0.0497 30 0 0 0
0.5241 0.0062 0.0497 30 0 0 0
0.5241 0.0062 0.0497 30 0 0 0
0.5301 0.0066 0.0510 30 0 0 0
0.5301 0.0066 0.0510 30 0 0 0
0.5422 0.0073 0.0475 30 0 0 0
0.5422 0.0073 0.0475 30 0 0 0
0.5422 0.0073 0.0475 30 0 0 0
0.5422 0.0073 0.0475 30 0 0 0
0.5422 0.0073 0.0475 30 0 0 0
0.5422 0.0073 0.0475 30 0 0 0
0.5422 0.0073 0.0475 30 0 0 0
0.5422 0.0088 0.0459 30 0 0 0
0.5120 0.0088 0.0459 30 0 0 0
0.5120 0.0088 0.0459 30 0 0 0
0.5120 0.0088 0.0459 30 0 0 0
0.5161 0.0098 0.0459 30 0 0 0
0.5161 0.0098 0.0459 30 0 0 0
0.5161 0.0106 0.0488 30 0 0 0
0.5482 0.0106 0.0488 30 0 0 0
0.5482 0.0106 0.0488 30 0 0 0
0.5482 0.0106 0.0488 30 0 0 0
0.5482 0.0106 0.0488 30 0 0 0
0.5482 0.0106 0.0488 30 0 0 0
0.5161 0.0110 0.0509 30 0 0 0
0.5161 0.0110 0.0509 30 0 0 0
0.5161 0.0110 0.0509 30 0 0 0
0.5161 0.0110 0.0509 30 0 0 0
0.5161 0.0110 0.0509 30 0 0 0
0.5161 0.0110 0.0509 30 0 0 0
0.5221 0.0104 0.0469 30 0 0 0
0.5221 0.0104 0.0469 30 0 0 0
0.5221 0.0104 0.0469 30 0 0 0
0.5201 0.0096 0.0497 30 0 0 0
0.5201 0.0096 0.0497 30 0 0 0
0.5201 0.0096 0.0497 30 0 0 0
0.5201 0.0096 0.0497 30 0 0 0
0.5201 0.0096 0.0497 30 0 0 0
0.5201 0.0096 0.0497 30 0 0 0
0.5201 0.0089 0.0458 30 0 0 0
0.5201 0.0089 0.0458 30 0 0 0
0.5201 0.0089 0.0458 30 0 0 0
0.5201 0.0089 0.0458 30 0 0 0
0.5221 0.0089 0.0453 30 0 0 0
0.5221 0.0089 0.0453 30 0 0 0
0.5120 0.0094 0.0308 30 0 0 0
0.5120 0.0094 0.0308 30 0 0 0
0.5120 0.0094 0.0308 30 0 0 0
0.5120 0.0094 0.0308 30 0 0 0
0.5120 0.0094 0.0308 30 0 0 0
0.5361 0.0102 0.0291 30 0 0 0
0.5361 0.0102 0.0291 30 0 0 0
0.5361 0.0102 0.0291 30 0 0 0
0.5361 0.0102 0.0291 30 0 0 0
0.5281 0.0113 0.0287 30 0 0 0
0.5281 0.0113 0.0287 30 0 0 0
0.5281 0.0113 0.0287 30 0 0 0
0.5281 0.0113 0.0287 30 0 0 0
0.5201 0.0123 0.0303 30 0 0 0
0.5201 0.0123 0.0303 30 0 0 0
0.5201 0.0123 0.0303 30 0 0 0
0.5201 0.0123 0.0303 30 0 0 0
0.5201 0.0123 0.0303 30 0 0 0
0.5100 0.0130 0.0310 30 0 0 0
0.5100 0.0130 0.0310 30 0 0 0
0.5100 0.0130 0.0310 30 0 0 0
0.5100 0.0130 0.0310 30 0 0 0
0.5181 0.0139 0.0297 30 0 0 0
0.5181 0.0139 0.0297 30 0 0 0
0.5181 0.0139 0.0297 30 0 0 0
0.5181 0.0139 0.0297 30 0 0 0
0.5181 0.0139 0.0297 30 0 0 0
0.4980 0.0154 0.0292 30 0 0 0
0.4980 0.0154 0.0292 30 0 0 0
0.4980 0.0154 0.0292 30 0 0 0
0.5141 0.0160 0.0288 30 0 0 0
0.5141 0.0160 0.0288 30 0 0 0
0.5141 0.0160 0.0288 30 0 0 0
0.5141 0.0160 0.0288 30 0 0 0
0.5141 0.0160 0.0288 30 0 0 0
0.5141 0.0160 0.0288 30 0 0 0
0.5141 0.0160 0.0288 30 0 0 0
0.5141 0.0160 0.0288 30 0 0 0
0.5281 0.0163 0.0279 30 0 0 0
0.5281 0.0163 0.0279 30 0 0 0
0.5281 0.0163 0.0279 30 0 0 0
0.5281 0.0163 0.0279 30 0 0 0
0.5100 0.0154 0.0319 30 0 0 0
0.5301 0.0143 0.0327 30 0 0 0
0.5301 0.0143 0.0327 30 0 0 0
0.5301 0.0143 0.0327 30 0 0 0
0.5301 0.0143 0.0327 30 0 0 0
0.5241 0.0134 0.0322 30 0 0 0
0.5241 0.0134 0.0322 30 0 0 0
0.5241 0.0134 0.0322 30 0 0 0
0.5241 0.0134 0.0322 30 0 0 0
0.5201 0.0129 0.0349 30 0 0 0
0.5201 0.0129 0.0349 30 0 0 0
0.5201 0.0129 0.0349 30 0 0 0
0.5201 0.0129 0.0349 30 0 0 0
0.5201 0.0129 0.0349 30 0 0 0
0.5080 0.0123 0.0351 30 0 0 0
0.5080 0.0123 0.0351 30 0 0 0
0.5080 0.0123 0.0351 30 0 0 0
0.5080 0.0123 0.0351 30 0 0 0
0.5301 0.0118 0.0344 30 0 0 0
0.5301 0.0118 0.0344 30 0 0 0
0.5301 0.0118 0.0344 30 0 0 0
0.5301 0.0118 0.0344 30 0 0 0
0.5301 0.0118 0.0344 30 0 0 0
0.5301 0.0118 0.0344 30 0 0 0
0.5301 0.0118 0.0344 30 0 0 0
0.5120 0.0118 0.0271 30 0 0 0
0.5120 0.0118 0.0271 30 0 0 0
0.5120 0.0118 0.0271 30 0 0 0
0.5120 0.0123 0.0269 30 0 0 0
0.4940 0.0123 0.0269 30 0 0 0
0.4940 0.0123 0.0269 30 0 0 0
0.5181 0.0134 0.0248 30 0 0 0
0.5181 0.0134 0.0248 30 0 0 0
0.5181 0.0134 0.0248 30 0 0 0
0.5120 0.0150 0.0232 30 0 0 0
0.5120 0.0150 0.0232 30 0 0 0
0.5120 0.0150 0.0232 30 0 0 0
0.5120 0.0150 0.0232 30 0 0 0
0.5120 0.0150 0.0232 30 0 0 0
0.5060 0.0160 0.0274 30 0 0 0
0.5060 0.0160 0.0274 30 0 0 0
0.5060 0.0160 0.0274 30 0 0 0
0.5060 0.0160 0.0274 30 0 0 0
0.5060 0.0163 0.0278 30 0 0 0
0.5060 0.0163 0.0278 30 0 0 0
0.5060 0.0163 0.0278 30 0 0 0
0.5060 0.0163 0.0278 30 0 0 0
0.4980 0.0158 0.0225 0 0 0 0
0.5261 0.0134 0.0249 30 0 0 0
0.5281 0.0121 0.0318 30 0 0 0
0.5281 0.0114 0.0342 30 0 0 0
0.5382 0.0110 0.0343 30 0 0 0
0.5241 0.0109 0.0464 30 0 0 0
0.5281 0.0112 0.0568 30 0 0 0
0.5281 0.0112 0.0568 30 0 0 0
0.5281 0.0112 0.0568 30 0 0 0
0.5281 0.0116 0.0581 30 0 0 0
0.5281 0.0116 0.0581 30 0 0 0
0.5281 0.0116 0.0581 30 0 0 0
0.5281 0.0116 0.0581 30 0 0 0
0.5281 0.0116 0.0581 30 0 0 0
0.5281 0.0116 0.0581 30 0 0 0
0.5281 0.0116 0.0581 30 0 0 0
0.5281 0.0116 0.0581 30 0 0 0
0.5141 0.0112 0.0671 30 0 0 0
0.5141 0.0112 0.0671 30 0 0 0
0.5141 0.0112 0.0671 30 0 0 0
0.5221 0.0100 0.0690 30 0 0 0
0.5221 0.0100 0.0690 30 0 0 0
0.5221 0.0087 0.0776 30 0 0 0
0.5100 0.0087 0.0776 30 0 0 0
0.5100 0.0087 0.0776 30 0 0 0
0.5100 0.0087 0.0776 30 0 0 0
0.5261 0.0079 0.0764 30 0 0 0
0.5261 0.0079 0.0764 30 0 0 0
0.5261 0.0079 0.0764 0 0 0 0
0.5060 0.0100 0.0813 30 0 0 0
0.5402 0.0110 0.0831 30 0 0 0
0.5402 0.0110 0.0831 30 0 0 0
0.5341 0.0104 0.0831 30 0 0 0
0.5241 0.0088 0.0824 30 0 0 0
0.5120 0.0072 0.0814 30 0 0 0
0.5201 0.0063 0.0846 30 0 0 0
0.5261 0.0061 0.0854 30 0 0 0
0.5402 0.0058 0.0856 30 0 0 0
0.5402 0.0058 0.0856 30 0 0 0
0.5281 0.0054 0.0874 30 0 0 0
0.5281 0.0054 0.0874 30 0 0 0
0.5281 0.0054 0.0874 30 0 0 0
0.5281 0.0054 0.0874 30 0 0 0
0.5281 0.0054 0.0874 30 0 0 0
0.5201 0.0057 0.0863 0 0 0 0
0.5281 0.0062 0.0864 0 30 0 0
0.5221 0.0062 0.0864 0 30 0 0
0.5221 0.0062 0.0864 0 30 0 0
0.5221 0.0070 0.0880 0 30 0 0
0.5361 0.0077 0.0880 0 30 0 0
0.5261 0.0077 0.0874 0 30 0 0
0.5382 0.0071 0.0897 0 30 0 0
0.5080 0.0067 0.0890 0 30 0 0
0.5080 0.0067 0.0890 0 30 0 0
0.5080 0.0067 0.0890 0 30 0 0
0.5080 0.0067 0.0890 0 30 0 0
0.5080 0.0067 0.0890 0 30 0 0
0.5080 0.0067 0.0879 0 30 0 0
0.5080 0.0067 0.0879 0 30 0 0
0.5080 0.0067 0.0879 0 30 0 0
0.5201 0.0070 0.0888 0 30 0 0
0.5201 0.0070 0.0888 0 30 0 0
0.5201 0.0070 0.0888 0 30 0 0
0.5201 0.0070 0.0888 0 30 0 0
0.5201 0.0070 0.0888 0 30 0 0
0.5221 0.0070 0.0901 0 30 0 0
0.5221 0.0070 0.0901 0 30 0 0
0.5221 0.0070 0.0901 0 30 0 0
0.5221 0.0070 0.0901 0 30 0 0
0.5221 0.0070 0.0901 0 30 0 0
0.5221 0.0070 0.0901 0 30 0 0
0.5060 0.0069 0.0856 0 30 0 0
0.5060 0.0069 0.0856 0 30 0 0
0.5120 0.0068 0.0883 0 30 0 0
0.5120 0.0068 0.0883 0 30 0 0
0.5120 0.0068 0.0883 0 30 0 0
0.5120 0.0068 0.0883 0 30 0 0
0.5120 0.0068 0.0883 0 30 0 0
0.4940 0.0072 0.0864 0 30 0 0
0.4940 0.0072 0.0864 0 30 0 0
0.4940 0.0072 0.0864 0 30 0 0
0.4940 0.0072 0.0864 0 30 0 0
0.4940 0.0072 0.0864 0 30 0 0
0.4940 0.0072 0.0864 0 30 0 0
0.5241 0.0082 0.0878 0 30 0 0
0.5241 0.0082 0.0878 0 30 0 0
0.5241 0.0082 0.0878 0 30 0 0
0.5241 0.0096 0.0913 0 30 0 0
0.5241 0.0096 0.0913 0 30 0 0
0.5241 0.0096 0.0913 0 30 0 0
0.5241 0.0096 0.0913 0 30 0 0
0.5241 0.0108 0.0930 0 30 0 0
0.5241 0.0108 0.0930 0 30 0 0
0.5241 0.0108 0.0930 0 30 0 0
0.5241 0.0108 0.0930 0 30 0 0
0.5241 0.0108 0.0930 0 30 0 0
0.5241 0.0108 0.0930 0 30 0 0
0.5241 0.0108 0.0930 0 30 0 0
0.5201 0.0127 0.0952 0 30 0 0
0.5201 0.0127 0.0952 0 30 0 0
0.5221 0.0133 0.0954 0 30 0 0
0.5221 0.0133 0.0954 0 30 0 0
0.5221 0.0133 0.0954 0 30 0 0
0.5221 0.0133 0.0954 0 30 0 0
0.5221 0.0133 0.0954 0 30 0 0
0.5020 0.0130 0.0949 0 30 0 0
0.5020 0.0130 0.0949 0 30 0 0
0.5020 0.0130 0.0949 0 30 0 0
0.5020 0.0130 0.0949 0 30 0 0
0.5020 0.0130 0.0949 0 30 0 0
0.5020 0.0116 0.0946 0 30 0 0
0.5141 0.0116 0.0946 0 30 0 0
0.5141 0.0116 0.0946 0 0 0 0
0.5221 0.0085 0.1027 0 30 0 0
0.5341 0.0085 0.1027 0 30 0 0
0.5161 0.0087 0.1084 0 30 0 0
0.5040 0.0095 0.1088 0 30 0 0
0.5060 0.0098 0.1140 0 30 0 0
0.5221 0.0101 0.1144 0 30 0 0
0.5000 0.0100 0.1159 0 30 0 0
0.5000 0.0100 0.1159 0 30 0 0
0.5000 0.0100 0.1159 0 30 0 0
0.5120 0.0098 0.1154 0 30 0 0
0.5120 0.0098 0.1154 0 30 0 0
0.5120 0.0098 0.1154 0 30 0 0
0.5120 0.0098 0.1154 0 30 0 0
0.5120 0.0098 0.1154 0 30 0 0
0.5120 0.0098 0.1154 0 30 0 0
0.5120 0.0098 0.1154 0 30 0 0
0.5120 0.0098 0.1154 0 30 0 0
0.5120 0.0098 0.1154 0 30 0 0
0.5120 0.0098 0.1154 0 30 0 0
0.5120 0.0098 0.1154 0 30 0 0
0.5201 0.0094 0.1160 0 30 0 0
0.5201 0.0089 0.1126 0 30 0 0
0.5060 0.0087 0.1097 0 30 0 0
0.5060 0.0087 0.1097 0 30 0 0
0.5060 0.0087 0.1097 0 30 0 0
0.5060 0.0087 0.1097 0 30 0 0
0.5040 0.0085 0.1078 0 30 0 0
0.5040 0.0085 0.1078 0 30 0 0
0.5040 0.0085 0.1078 0 30 0 0
0.5040 0.0085 0.1078 0 30 0 0
0.5040 0.0085 0.1078 0 30 0 0
0.5040 0.0085 0.1078 0 30 0 0
0.5181 0.0088 0.1053 0 30 0 0
0.5181 0.0088 0.1053 0 30 0 0
0.5181 0.0088 0.1053 0 30 0 0
0.5361 0.0090 0.1050 0 30 0 0
0.5361 0.0090 0.1050 0 30 0 0
0.5361 0.0090 0.1050 0 30 0 0
0.5361 0.0090 0.1050 0 30 0 0
0.5361 0.0090 0.1050 0 30 0 0
0.5341 0.0091 0.1023 0 30 0 0
0.5341 0.0091 0.1023 0 30 0 0
0.5341 0.0091 0.1023 0 30 0 0
0.5341 0.0091 0.1023 0 30 0 0
0.5341 0.0091 0.1023 0 30 0 0
0.5341 0.0091 0.1023 0 30 0 0
0.5080 0.0092 0.1052 0 30 0 0
0.5080 0.0092 0.1052 0 30 0 0
0.5060 0.0093 0.1045 0 30 0 0
0.5060 0.0093 0.1045 0 30 0 0
0.5060 0.0093 0.1045 0 30 0 0
0.5060 0.0093 0.1045 0 30 0 0
0.5261 0.0093 0.1027 0 30 0 0
0.5261 0.0093 0.1027 0 30 0 0
0.5261 0.0093 0.1027 0 30 0 0
0.5261 0.0093 0.1027 0 30 0 0
0.5261 0.0093 0.1027 0 30 0 0
0.5221 0.0095 0.1011 0 30 0 0
0.5221 0.0095 0.1011 0 30 0 0
0.5221 0.0095 0.1011 0 30 0 0
0.5221 0.0095 0.1011 0 30 0 0
0.5422 0.0100 0.0987 0 30 0 0
0.5422 0.0100 0.0987 0 30 0 0
0.5422 0.0100 0.0987 0 30 0 0
0.5422 0.0100 0.0987 0 30 0 0
0.5241 0.0108 0.0980 0 30 0 0
0.5241 0.0108 0.0980 0 30 0 0
0.5241 0.0108 0.0980 0 30 0 0
0.5241 0.0108 0.0980 0 30 0 0
0.5241 0.0108 0.0980 0 30 0 0
0.5241 0.0108 0.0980 0 30 0 0
0.5120 0.0118 0.0967 0 30 0 0
0.5120 0.0118 0.0967 0 30 0 0
0.5120 0.0118 0.0967 0 30 0 0
0.5120 0.0118 0.0967 0 30 0 0
0.5301 0.0119 0.0958 0 30 0 0
0.5301 0.0119 0.0958 0 30 0 0
0.5301 0.0119 0.0958 0 30 0 0
0.5301 0.0119 0.0958 0 30 0 0
0.5301 0.0118 0.0965 0 30 0 0
0.5301 0.0118 0.0965 0 30 0 0
0.5301 0.0118 0.0965 0 30 0 0
0.5301 0.0118 0.0965 0 30 0 0
0.5301 0.0118 0.0965 0 30 0 0
0.5100 0.0114 0.0974 0 30 0 0
0.5100 0.0114 0.0974 0 30 0 0
0.5100 0.0114 0.0974 0 30 0 0
0.5181 0.0107 0.0977 0 30 0 0
0.5181 0.0107 0.0977 0 30 0 0
0.5181 0.0107 0.0977 0 30 0 0
0.5181 0.0107 0.0977 0 30 0 0
0.5181 0.0107 0.0977 0 30 0 0
0.5181 0.0107 0.0977 0 0 0 0
0.5080 0.0091 0.0960 30 0 0 0
0.5080 0.0091 0.0960 30 0 0 0
0.5241 0.0093 0.0940 30 0 0 0
0.5281 0.0096 0.0941 30 0 0 0
0.5281 0.0096 0.0941 30 0 0 0
0.5241 0.0103 0.0931 30 0 0 0
0.5141 0.0109 0.0922 30 0 0 0
0.5141 0.0109 0.0902 30 0 0 0
0.5161 0.0109 0.0902 30 0 0 0
0.5161 0.0109 0.0902 30 0 0 0
0.5161 0.0109 0.0902 30 0 0 0
0.5161 0.0109 0.0902 30 0 0 0
0.5161 0.0109 0.0902 30 0 0 0
0.5161 0.0109 0.0902 30 0 0 0
0.5161 0.0109 0.0902 30 0 0 0
0.5161 0.0109 0.0902 30 0 0 0
0.5161 0.0107 0.0926 30 0 0 0
0.5201 0.0107 0.0908 30 0 0 0
0.5161 0.0107 0.0906 30 0 0 0
0.5161 0.0107 0.0906 30 0 0 0
0.5161 0.0107 0.0906 30 0 0 0
0.5161 0.0107 0.0906 30 0 0 0
0.5161 0.0107 0.0906 30 0 0 0
0.5141 0.0109 0.0905 30 0 0 0
0.5141 0.0109 0.0905 30 0 0 0
0.5141 0.0109 0.0905 30 0 0 0
0.5141 0.0109 0.0905 30 0 0 0
0.5141 0.0109 0.0905 30 0 0 0
0.5281 0.0109 0.0906 30 0 0 0
0.5281 0.0109 0.0906 30 0 0 0
0.5281 0.0109 0.0906 30 0 0 0
0.5281 0.0109 0.0906 30 0 0 0
0.5301 0.0106 0.0908 30 0 0 0
0.5301 0.0106 0.0908 30 0 0 0
0.5301 0.0106 0.0908 30 0 0 0
0.5301 0.0106 0.0908 30 0 0 0
0.5301 0.0106 0.0908 30 0 0 0
0.5080 0.0108 0.0939 30 0 0 0
0.5080 0.0108 0.0939 30 0 0 0
0.5080 0.0108 0.0939 30 0 0 0
0.5080 0.0108 0.0939 30 0 0 0
0.5060 0.0111 0.0937 30 0 0 0
0.5060 0.0111 0.0937 30 0 0 0
0.5060 0.0114 0.0952 30 0 0 0
0.5060 0.0114 0.0952 30 0 0 0
0.5060 0.0114 0.0952 30 0 0 0
0.5060 0.0114 0.0952 30 0 0 0
0.5060 0.0114 0.0952 30 0 0 0
0.5060 0.0114 0.0952 30 0 0 0
0.5221 0.0118 0.0929 30 0 0 0
0.5221 0.0118 0.0929 30 0 0 0
0.5221 0.0118 0.0929 30 0 0 0
0.5221 0.0118 0.0929 30 0 0 0
0.5221 0.0118 0.0929 30 0 0 0
0.5080 0.0120 0.0940 30 0 0 0
0.5080 0.0120 0.0940 30 0 0 0
0.5201 0.0120 0.0944 30 0 0 0
0.5201 0.0120 0.0944 30 0 0 0
0.5201 0.0120 0.0944 30 0 0 0
0.5201 0.0120 0.0944 30 0 0 0
0.5201 0.0120 0.0944 30 0 0 0
0.5201 0.0120 0.0944 30 0 0 0
0.5201 0.0120 0.0944 30 0 0 0
0.5261 0.0118 0.0963 30 0 0 0
0.5261 0.0118 0.0963 30 0 0 0
0.5261 0.0118 0.0963 30 0 0 0
0.5261 0.0118 0.0963 30 0 0 0
0.5221 0.0114 0.0975 30 0 0 0
0.5221 0.0114 0.0975 30 0 0 0
0.5301 0.0109 0.0988 30 0 0 0
0.5301 0.0109 0.0988 30 0 0 0
0.5301 0.0109 0.0988 30 0 0 0
0.5301 0.0109 0.0988 30 0 0 0
0.5301 0.0109 0.0988 30 0 0 0
0.5301 0.0109 0.0988 30 0 0 0
0.5181 0.0106 0.1016 30 0 0 0
0.5181 0.0106 0.1016 30 0 0 0
0.5181 0.0106 0.1016 30 0 0 0
0.5181 0.0106 0.1016 30 0 0 0
0.5181 0.0106 0.1016 30 0 0 0
0.5261 0.0107 0.1021 30 0 0 0
0.5261 0.0107 0.1021 30 0 0 0
0.5301 0.0107 0.1034 30 0 0 0
0.5301 0.0107 0.1034 30 0 0 0
0.5301 0.0107 0.1034 30 0 0 0
0.5301 0.0107 0.1034 30 0 0 0
0.5301 0.0107 0.1034 30 0 0 0
0.5301 0.0107 0.1034 30 0 0 0
0.5281 0.0109 0.1054 30 0 0 0
0.5281 0.0109 0.1054 30 0 0 0
0.5281 0.0109 0.1054 30 0 0 0
0.5281 0.0109 0.1054 30 0 0 0
0.5281 0.0109 0.1054 30 0 0 0
0.5161 0.0110 0.1095 30 0 0 0
0.5161 0.0110 0.1095 30 0 0 0
0.5080 0.0109 0.1093 30 0 0 0
0.5080 0.0109 0.1093 30 0 0 0
0.5080 0.0109 0.1093 30 0 0 0
0.5080 0.0109 0.1093 30 0 0 0
0.5080 0.0109 0.1093 30 0 0 0
0.5080 0.0109 0.1093 30 0 0 0
0.5120 0.0107 0.1107 30 0 0 0
0.5120 0.0107 0.1107 30 0 0 0
0.5120 0.0107 0.1107 30 0 0 0
0.5120 0.0107 0.1107 30 0 0 0
0.5120 0.0107 0.1107 30 0 0 0
0.5080 0.0102 0.1100 30 0 0 0
0.5080 0.0102 0.1100 30 0 0 0
0.5080 0.0095 0.1086 30 0 0 0
0.5100 0.0095 0.1086 30 0 0 0
0.5100 0.0095 0.1086 30 0 0 0
0.5100 0.0095 0.1086 30 0 0 0
0.5100 0.0095 0.1086 30 0 0 0
0.5221 0.0089 0.1072 30 0 0 0
0.5221 0.0089 0.1072 30 0 0 0
0.5221 0.0089 0.1072 30 0 0 0
0.5221 0.0089 0.1072 30 0 0 0
0.5221 0.0089 0.1072 30 0 0 0
0.5100 0.0086 0.1048 30 0 0 0
0.5100 0.0086 0.1048 30 0 0 0
0.5100 0.0086 0.1048 30 0 0 0
0.5100 0.0086 0.1041 30 0 0 0
0.5161 0.0086 0.1041 30 0 0 0
0.5161 0.0086 0.1041 30 0 0 0
0.5161 0.0086 0.1041 30 0 0 0
0.5161 0.0086 0.1041 30 0 0 0
0.5161 0.0086 0.1041 30 0 0 0
0.5100 0.0089 0.1017 30 0 0 0
0.5100 0.0089 0.1017 30 0 0 0
0.5100 0.0089 0.1017 30 0 0 0
0.5100 0.0089 0.1017 30 0 0 0
0.5161 0.0089 0.0972 30 0 0 0
0.5161 0.0089 0.0972 30 0 0 0
0.5161 0.0089 0.0972 30 0 0 0
0.5321 0.0090 0.0975 30 0 0 0
0.5321 0.0090 0.0975 30 0 0 0
0.5321 0.0090 0.0975 30 0 0 0
0.5321 0.0090 0.0975 30 0 0 0
0.5321 0.0090 0.0975 30 0 0 0
0.5201 0.0093 0.0982 30 0 0 0
0.5201 0.0093 0.0982 30 0 0 0
0.5201 0.0093 0.0982 30 0 0 0
0.5201 0.0093 0.0982 30 0 0 0
0.5201 0.0093 0.0982 30 0 0 0
0.5141 0.0095 0.0974 30 0 0 0
0.5141 0.0095 0.0974 30 0 0 0
0.5141 0.0095 0.0974 30 0 0 0
0.5060 0.0096 0.0947 30 0 0 0
0.5060 0.0096 0.0947 30 0 0 0
0.5060 0.0096 0.0947 30 0 0 0
0.5060 0.0096 0.0947 30 0 0 0
0.5060 0.0096 0.0947 30 0 0 0
0.5060 0.0096 0.0947 30 0 0 0
0.5060 0.0096 0.0947 30 0 0 0
0.4980 0.0099 0.0952 30 0 0 0
0.4980 0.0099 0.0952 30 0 0 0
0.4980 0.0099 0.0952 30 0 0 0
0.4920 0.0102 0.0957 30 0 0 0
0.4920 0.0102 0.0957 30 0 0 0
0.4920 0.0102 0.0957 30 0 0 0
0.4920 0.0102 0.0957 30 0 0 0
0.4960 0.0105 0.0925 0 0 0 0
0.4980 0.0109 0.0921 30 0 0 0
0.5120 0.0109 0.0921 30 0 0 0
0.5241 0.0104 0.0927 30 0 0 0
0.5241 0.0093 0.0949 30 0 0 0
0.5241 0.0093 0.0949 30 0 0 0
0.5241 0.0093 0.0949 30 0 0 0
0.5241 0.0093 0.0949 30 0 0 0
0.5241 0.0093 0.0949 30 0 0 0
0.5241 0.0093 0.0949 30 0 0 0
0.5241 0.0093 0.0949 30 0 0 0
0.5241 0.0093 0.0949 30 0 0 0
0.5241 0.0093 0.0949 30 0 0 0
0.5181 0.0082 0.0962 30 0 0 0
0.5080 0.0071 0.0993 30 0 0 0
0.4980 0.0052 0.0978 30 0 0 0
0.4980 0.0042 0.0979 30 0 0 0
0.5201 0.0042 0.0979 30 0 0 0
0.5000 0.0041 0.0961 30 0 0 0
0.5080 0.0046 0.0983 30 0 0 0
0.5080 0.0046 0.0983 30 0 0 0
0.5080 0.0046 0.0983 30 0 0 0
0.5100 0.0044 0.0962 30 0 0 0
0.5100 0.0044 0.0962 30 0 0 0
0.5100 0.0044 0.0962 30 0 0 0
0.5100 0.0044 0.0962 30 0 0 0
0.5040 0.0041 0.0943 30 0 0 0
0.5040 0.0041 0.0943 30 0 0 0
0.5040 0.0041 0.0943 30 0 0 0
0.5040 0.0041 0.0943 30 0 0 0
0.5080 0.0045 0.0952 30 0 0 0
0.5080 0.0045 0.0952 30 0 0 0
0.5080 0.0045 0.0952 30 0 0 0
0.5080 0.0045 0.0952 30 0 0 0
0.5080 0.0045 0.0952 30 0 0 0
0.5100 0.0051 0.0969 0 0 0 0
0.5181 0.0062 0.0949 30 0 0 0
0.4920 0.0065 0.0999 30 0 0 0
0.5100 0.0066 0.1008 30 0 0 0
0.5181 0.0062 0.0981 30 0 0 0
0.5120 0.0059 0.0970 30 0 0 0
0.5120 0.0059 0.0970 30 0 0 0
0.5120 0.0059 0.0970 30 0 0 0
0.5120 0.0059 0.0970 30 0 0 0
0.5120 0.0059 0.0970 30 0 0 0
0.5120 0.0059 0.0970 30 0 0 0
0.5120 0.0059 0.0970 30 0 0 0
0.5120 0.0059 0.0970 30 0 0 0
0.5120 0.0059 0.0970 30 0 0 0
0.5120 0.0059 0.0970 30 0 0 0
0.5120 0.0059 0.0970 30 0 0 0
0.5120 0.0059 0.0970 30 0 0 0
0.5020 0.0051 0.0960 30 0 0 0
0.5141 0.0040 0.0967 30 0 0 0
0.5020 0.0039 0.0971 30 0 0 0
0.5020 0.0039 0.0971 30 0 0 0
0.5181 0.0043 0.0974 30 0 0 0
0.5181 0.0043 0.0974 30 0 0 0
0.5181 0.0043 0.0974 30 0 0 0
0.5181 0.0043 0.0974 30 0 0 0
0.5181 0.0044 0.0972 30 0 0 0
0.5040 0.0044 0.0972 30 0 0 0
0.5040 0.0044 0.0972 30 0 0 0
0.5040 0.0044 0.0972 30 0 0 0
0.5040 0.0048 0.0957 30 0 0 0
0.5040 0.0048 0.0957 30 0 0 0
0.5040 0.0048 0.0957 30 0 0 0
0.5040 0.0048 0.0957 30 0 0 0
0.5040 0.0048 0.0957 30 0 0 0
0.5080 0.0052 0.1014 30 0 0 0
0.5080 0.0052 0.1014 30 0 0 0
0.5080 0.0052 0.1014 30 0 0 0
0.5080 0.0052 0.1014 30 0 0 0
0.5080 0.0052 0.1014 30 0 0 0
0.5141 0.0059 0.1053 30 0 0 0
0.5141 0.0059 0.1053 30 0 0 0
0.5141 0.0059 0.1053 30 0 0 0
0.5120 0.0063 0.1071 30 0 0 0
0.5120 0.0063 0.1071 30 0 0 0
0.5120 0.0063 0.1071 30 0 0 0
0.5120 0.0066 0.1042 30 0 0 0
0.5080 0.0066 0.1042 30 0 0 0
0.5080 0.0066 0.1042 30 0 0 0
0.5080 0.0066 0.1042 30 0 0 0
0.5080 0.0066 0.1042 30 0 0 0
0.5040 0.0069 0.1043 30 0 0 0
0.5040 0.0069 0.1043 30 0 0 0
0.5040 0.0069 0.1043 30 0 0 0
0.5040 0.0069 0.1043 30 0 0 0
0.5141 0.0076 0.1032 30 0 0 0
0.5141 0.0076 0.1032 30 0 0 0
0.5141 0.0076 0.1032 30 0 0 0
0.5141 0.0076 0.1032 30 0 0 0
0.5141 0.0076 0.1032 0 0 0 0
0.5020 0.0086 0.1019 0 -30 0 0
0.5020 0.0086 0.1019 0 -30 0 0
0.5120 0.0084 0.0996 0 -30 0 0
0.5120 0.0084 0.0996 0 -30 0 0
0.5161 0.0082 0.1010 0 -30 0 0
0.5181 0.0076 0.1011 0 -30 0 0
0.5201 0.0069 0.0967 0 -30 0 0
0.5301 0.0067 0.0975 0 -30 0 0
0.5201 0.0067 0.1018 0 -30 0 0
0.5261 0.0063 0.1016 0 -30 0 0
0.5261 0.0063 0.1016 0 -30 0 0
0.5261 0.0063 0.1016 0 -30 0 0
0.5261 0.0063 0.1016 0 -30 0 0
0.5261 0.0063 0.1016 0 -30 0 0
0.5221 0.0055 0.0997 0 -30 0 0
0.5221 0.0055 0.0997 0 -30 0 0
0.5221 0.0055 0.0997 0 -30 0 0
0.5221 0.0055 0.0997 0 -30 0 0
0.5422 0.0045 0.0999 0 -30 0 0
0.5422 0.0045 0.0999 0 -30 0 0
0.5422 0.0045 0.0999 0 -30 0 0
0.5100 0.0042 0.1033 0 -30 0 0
0.5100 0.0042 0.1033 0 -30 0 0
0.5100 0.0042 0.1033 0 -30 0 0
0.5100 0.0042 0.1033 0 -30 0 0
0.5100 0.0042 0.1033 0 -30 0 0
0.5321 0.0041 0.1041 0 -30 0 0
0.5321 0.0041 0.1041 0 -30 0 0
0.5321 0.0041 0.1041 0 -30 0 0
0.5321 0.0041 0.1041 0 -30 0 0
0.5361 0.0043 0.1049 0 -30 0 0
0.5361 0.0043 0.1049 0 -30 0 0
0.5361 0.0043 0.1049 0 -30 0 0
0.5141 0.0042 0.1043 0 -30 0 0
0.5141 0.0042 0.1043 0 -30 0 0
0.5141 0.0042 0.1043 0 -30 0 0
0.5141 0.0042 0.1043 0 -30 0 0
0.5141 0.0042 0.1043 0 -30 0 0
0.5161 0.0041 0.1017 0 -30 0 0
0.5161 0.0041 0.1017 0 -30 0 0
0.5161 0.0041 0.1017 0 -30 0 0
0.5161 0.0041 0.1017 0 0 0 0
0.4960 0.0070 0.0853 0 -30 0 0
0.5100 0.0070 0.0853 0 -30 0 0
0.4960 0.0109 0.0783 0 -30 0 0
0.5201 0.0116 0.0770 0 -30 0 0
0.5361 0.0126 0.5195 0 -30 0 0
0.5321 0.0129 0.5200 0 -30 0 0
0.5060 0.0136 0.5202 0 -30 0 0
0.5502 0.0138 0.5240 0 -30 0 0
0.5502 0.0138 0.5240 0 -30 0 0
0.5502 0.0138 0.5240 0 -30 0 0
0.5502 0.0138 0.5240 0 -30 0 0
0.5402 0.0143 0.5269 0 -30 0 0
0.5402 0.0143 0.5269 0 -30 0 0
0.5402 0.0143 0.5269 0 -30 0 0
0.5161 0.0147 0.5237 0 -30 0 0
0.5161 0.0147 0.5237 0 -30 0 0
0.5161 0.0147 0.5237 0 -30 0 0
0.5161 0.0147 0.5237 0 -30 0 0
0.5161 0.0143 0.5257 0 -30 0 0
0.5201 0.0143 0.5257 0 -30 0 0
0.5201 0.0143 0.5257 0 -30 0 0
0.5201 0.0143 0.5257 0 -30 0 0
0.5201 0.0143 0.5257 0 -30 0 0
0.5201 0.0143 0.5257 0 0 0 0
0.5141 0.0188 0.5471 0 -30 0 0
0.5141 0.0188 0.5471 0 -30 0 0
0.5201 0.0182 0.5486 0 -30 0 0
0.5221 0.0175 0.5490 0 -30 0 0
0.5221 0.0175 0.5490 0 -30 0 0
0.5040 0.0171 0.5493 0 -30 0 0
0.5201 0.0164 0.5490 0 -30 0 0
0.5201 0.0158 0.5482 0 -30 0 0
0.5040 0.0158 0.5482 0 -30 0 0
0.5080 0.0152 0.5490 0 -30 0 0
0.5080 0.0152 0.5490 0 -30 0 0
0.5080 0.0152 0.5490 0 -30 0 0
0.5080 0.0152 0.5490 0 -30 0 0
0.5020 0.0152 0.5493 0 -30 0 0
0.5020 0.0152 0.5493 0 -30 0 0
0.5020 0.0152 0.5493 0 -30 0 0
0.5080 0.0156 0.5500 0 -30 0 0
0.5080 0.0156 0.5500 0 -30 0 0
0.5080 0.0156 0.5500 0 -30 0 0
0.5080 0.0156 0.5500 0 -30 0 0
0.5080 0.0156 0.5500 0 -30 0 0
0.5161 0.0158 0.5494 0 -30 0 0
0.5161 0.0158 0.5494 0 -30 0 0
0.5161 0.0158 0.5494 0 -30 0 0
0.5161 0.0158 0.5494 0 -30 0 0
0.4920 0.0159 0.5505 0 -30 0 0
0.4920 0.0159 0.5505 0 -30 0 0
0.4920 0.0159 0.5505 0 -30 0 0
0.4920 0.0159 0.5505 0 -30 0 0
0.5100 0.0158 0.5505 0 -30 0 0
0.5100 0.0158 0.5505 0 -30 0 0
0.5100 0.0158 0.5505 0 -30 0 0
0.5100 0.0158 0.5505 0 -30 0 0
0.5100 0.0158 0.5505 0 -30 0 0
0.5060 0.0159 0.5520 0 -30 0 0
0.5060 0.0159 0.5520 0 -30 0 0
0.5060 0.0159 0.5520 0 -30 0 0
0.5060 0.0159 0.5520 0 -30 0 0
0.5060 0.0159 0.5520 0 -30 0 0
0.5080 0.0163 0.5509 0 -30 0 0
0.5080 0.0163 0.5509 0 -30 0 0
0.5120 0.0168 0.5505 0 -30 0 0
0.5120 0.0168 0.5505 0 -30 0 0
0.5120 0.0168 0.5505 0 -30 0 0
0.5120 0.0168 0.5505 0 -30 0 0
0.5120 0.0168 0.5505 0 -30 0 0
0.5120 0.0168 0.5505 0 -30 0 0
0.4960 0.0175 0.5504 0 -30 0 0
0.4960 0.0175 0.5504 0 -30 0 0
0.4960 0.0175 0.5504 0 -30 0 0
0.4960 0.0175 0.5504 0 -30 0 0
0.5000 0.0181 0.5503 0 -30 0 0
0.5000 0.0181 0.5503 0 -30 0 0
0.5000 0.0181 0.5503 0 -30 0 0
0.4980 0.0186 0.5501 0 -30 0 0
0.4980 0.0186 0.5501 0 -30 0 0
0.4980 0.0186 0.5501 0 -30 0 0
0.4980 0.0186 0.5501 0 -30 0 0
0.4980 0.0186 0.5501 0 -30 0 0
0.4980 0.0186 0.5501 0 -30 0 0
0.5020 0.0186 0.1071 0 -30 0 0
0.5020 0.0186 0.1071 0 -30 0 0
0.5020 0.0186 0.1071 0 -30 0 0
0.5020 0.0186 0.1071 0 -30 0 0
0.4859 0.0181 0.1085 0 -30 0 0
0.4859 0.0181 0.1085 0 -30 0 0
0.4859 0.0181 0.1085 0 -30 0 0
0.4859 0.0181 0.1085 0 0 0 0
0.5120 0.0118 0.1101 0 -30 0 0
0.5120 0.0118 0.1101 0 -30 0 0
0.4819 0.0113 0.1130 0 -30 0 0
0.5120 0.0116 0.1136 0 -30 0 0
0.4819 0.0122 0.1146 0 -30 0 0
0.5080 0.0125 0.1125 0 -30 0 0
0.4799 0.0123 0.1148 0 -30 0 0
0.4739 0.0116 0.1145 0 -30 0 0
0.4900 0.0107 0.1142 0 -30 0 0
0.4900 0.0107 0.1142 0 -30 0 0
0.4900 0.0107 0.1142 0 -30 0 0
0.4920 0.0097 0.1149 0 -30 0 0
0.4920 0.0097 0.1149 0 -30 0 0
0.4920 0.0097 0.1149 0 -30 0 0
0.4940 0.0091 0.1144 0 -30 0 0
0.4940 0.0091 0.1144 0 -30 0 0
0.4940 0.0091 0.1144 0 -30 0 0
0.4940 0.0091 0.1144 0 -30 0 0
0.4940 0.0091 0.1144 0 -30 0 0
0.4799 0.0088 0.1145 0 -30 0 0
0.4799 0.0088 0.1145 0 -30 0 0
0.4799 0.0088 0.1145 0 -30 0 0
0.4799 0.0088 0.1145 0 -30 0 0
0.4799 0.0088 0.1145 0 -30 0 0
0.4859 0.0090 0.1164 0 -30 0 0
0.4859 0.0090 0.1164 0 -30 0 0
0.4859 0.0090 0.1164 0 -30 0 0
0.4920 0.0095 0.1156 0 -30 0 0
0.4920 0.0095 0.1156 0 -30 0 0
0.4920 0.0095 0.1156 0 -30 0 0
0.4920 0.0095 0.1156 0 -30 0 0
0.4920 0.0095 0.1156 0 -30 0 0
0.4920 0.0095 0.1156 0 -30 0 0
0.4859 0.0101 0.1178 0 -30 0 0
0.4859 0.0101 0.1178 0 -30 0 0
0.4859 0.0101 0.1178 0 -30 0 0
0.4859 0.0101 0.1178 0 -30 0 0
0.4859 0.0101 0.1178 0 -30 0 0
0.4920 0.0105 0.1213 0 -30 0 0
0.4920 0.0105 0.1213 0 -30 0 0
0.4920 0.0108 0.1220 0 -30 0 0
0.4980 0.0108 0.1220 0 -30 0 0
0.4980 0.0108 0.1220 0 -30 0 0
0.4980 0.0108 0.1220 0 -30 0 0
0.4980 0.0108 0.1220 0 -30 0 0
0.4920 0.0113 0.1212 0 -30 0 0
0.4920 0.0113 0.1212 0 -30 0 0
0.4920 0.0113 0.1212 0 -30 0 0
0.4920 0.0113 0.1212 0 -30 0 0
0.4920 0.0113 0.1212 0 -30 0 0
0.5040 0.0117 0.1207 0 -30 0 0
0.5040 0.0117 0.1207 0 -30 0 0
0.5040 0.0117 0.1207 0 -30 0 0
0.5020 0.0118 0.1187 0 -30 0 0
0.5020 0.0118 0.1187 0 -30 0 0
0.5020 0.0118 0.1187 0 -30 0 0
0.5020 0.0118 0.1187 0 -30 0 0
0.5020 0.0118 0.1187 0 -30 0 0
0.5020 0.0118 0.1214 0 -30 0 0
0.5020 0.0118 0.1214 0 -30 0 0
0.5020 0.0118 0.1214 0 -30 0 0
0.5020 0.0118 0.1214 0 -30 0 0
0.5020 0.0118 0.1214 0 -30 0 0
0.4779 0.0117 0.1207 0 -30 0 0
0.4779 0.0117 0.1207 0 -30 0 0
0.4779 0.0117 0.1207 0 -30 0 0
0.4779 0.0111 0.1195 0 -30 0 0
0.5080 0.0111 0.1195 0 -30 0 0
0.5080 0.0111 0.1195 0 -30 0 0
0.5080 0.0111 0.1195 0 -30 0 0
0.5080 0.0103 0.1179 0 -30 0 0
0.4940 0.0103 0.1179 0 -30 0 0
0.4940 0.0103 0.1179 0 -30 0 0
0.4940 0.0103 0.1179 0 -30 0 0
0.4940 0.0103 0.1179 0 -30 0 0
0.5040 0.0093 0.1160 0 -30 0 0
0.5040 0.0093 0.1160 0 -30 0 0
0.5040 0.0093 0.1160 0 -30 0 0
0.5040 0.0093 0.1160 0 -30 0 0
0.5040 0.0093 0.1160 0 -30 0 0
0.5000 0.0077 0.1169 0 -30 0 0
0.5000 0.0077 0.1169 0 -30 0 0
0.5000 0.0077 0.1169 0 -30 0 0
0.5000 0.0077 0.1169 0 -30 0 0
0.5000 0.0070 0.1187 0 -30 0 0
0.4980 0.0070 0.1187 0 -30 0 0
0.4980 0.0070 0.1187 0 -30 0 0
0.4980 0.0070 0.1187 0 -30 0 0
0.4980 0.0070 0.1187 0 -30 0 0
0.5261 0.0066 0.1196 0 -30 0 0
0.5261 0.0066 0.1196 0 -30 0 0
0.5261 0.0066 0.1196 0 -30 0 0
0.5321 0.0069 0.1219 0 -30 0 0
0.5321 0.0069 0.1219 0 -30 0 0
0.5321 0.0069 0.1219 0 -30 0 0
0.5321 0.0069 0.1219 0 -30 0 0
0.5141 0.0068 0.1224 0 -30 0 0
0.5141 0.0068 0.1224 0 -30 0 0
0.5141 0.0068 0.1224 0 -30 0 0
0.5141 0.0068 0.1224 0 -30 0 0
0.5241 0.0065 0.1217 0 -30 0 0
0.5241 0.0065 0.1217 0 -30 0 0
0.5241 0.0065 0.1217 0 -30 0 0
0.5241 0.0065 0.1217 0 -30 0 0
0.5241 0.0065 0.1217 0 -30 0 0
0.5241 0.0065 0.1217 0 -30 0 0
0.5241 0.0065 0.1217 0 -30 0 0
0.5241 0.0065 0.1217 0 -30 0 0
0.5241 0.0065 0.1217 0 -30 0 0
0.5241 0.0065 0.1217 0 -30 0 0
0.5241 0.0065 0.1217 0 -30 0 0
0.5120 0.0061 0.1229 0 -30 0 0
0.5080 0.0062 0.1227 0 -30 0 0
0.5080 0.0068 0.1247 0 -30 0 0
0.5060 0.0068 0.1247 0 -30 0 0
0.5060 0.0068 0.1247 0 -30 0 0
0.5060 0.0068 0.1247 0 -30 0 0
0.5341 0.0072 0.1265 0 -30 0 0
0.5341 0.0072 0.1265 0 -30 0 0
0.5341 0.0072 0.1265 0 -30 0 0
0.5341 0.0072 0.1265 0 0 0 0
0.5161 0.0105 0.1157 0 -30 0 0
0.5201 0.0113 0.1151 0 -30 0 0
0.5000 0.0114 0.1162 0 -30 0 0
0.5000 0.0115 0.1127 0 -30 0 0
0.4940 0.0115 0.1127 0 -30 0 0
0.5060 0.0116 0.1124 0 -30 0 0
0.5120 0.0114 0.1125 0 -30 0 0
0.5120 0.0114 0.1125 0 -30 0 0
0.5120 0.0114 0.1125 0 -30 0 0
0.5382 0.0113 0.1098 0 -30 0 0
0.5382 0.0113 0.1098 0 -30 0 0
0.5382 0.0113 0.1098 0 -30 0 0
0.5382 0.0113 0.1098 0 -30 0 0
0.5382 0.0113 0.1098 0 -30 0 0
0.5201 0.0113 0.1107 0 -30 0 0
0.5201 0.0113 0.1107 0 -30 0 0
0.5201 0.0113 0.1107 0 -30 0 0
0.5201 0.0113 0.1107 0 -30 0 0
0.5201 0.0113 0.1107 0 -30 0 0
0.5201 0.0113 0.1107 0 -30 0 0
0.5161 0.0117 0.1115 0 -30 0 0
0.5161 0.0117 0.1115 0 -30 0 0
0.5161 0.0117 0.1115 0 -30 0 0
0.5201 0.0123 0.1098 0 -30 0 0
0.5201 0.0123 0.1098 0 -30 0 0
0.5201 0.0123 0.1098 0 -30 0 0
0.5201 0.0123 0.1098 0 -30 0 0
0.5281 0.0128 0.1080 0 -30 0 0
0.5281 0.0128 0.1080 0 -30 0 0
0.5281 0.0128 0.1080 0 -30 0 0
0.5281 0.0128 0.1080 0 -30 0 0
0.5120 0.0134 0.1120 0 -30 0 0
0.5120 0.0134 0.1120 0 -30 0 0
0.5120 0.0134 0.1120 0 -30 0 0
0.5120 0.0134 0.1120 0 -30 0 0
0.5120 0.0134 0.1120 0 -30 0 0
0.5341 0.0134 0.1126 0 -30 0 0
0.5341 0.0134 0.1126 0 -30 0 0
0.5341 0.0134 0.1126 0 -30 0 0
0.5341 0.0134 0.1126 0 -30 0 0
0.5341 0.0134 0.1126 0 -30 0 0
0.5382 0.0129 0.1140 0 -30 0 0
0.5382 0.0129 0.1140 0 -30 0 0
0.5382 0.0129 0.1140 0 -30 0 0
0.5382 0.0129 0.1140 0 -30 0 0
0.5382 0.0120 0.1124 0 -30 0 0
0.5382 0.0120 0.1124 0 -30 0 0
0.5382 0.0120 0.1124 0 -30 0 0
0.5382 0.0120 0.1124 0 -30 0 0
0.5080 0.0115 0.1121 0 -30 0 0
0.5080 0.0115 0.1121 0 -30 0 0
0.5080 0.0115 0.1121 0 -30 0 0
0.5080 0.0115 0.1121 0 -30 0 0
0.5221 0.0109 0.1131 0 -30 0 0
0.5221 0.0109 0.1131 0 -30 0 0
0.5221 0.0109 0.1131 0 -30 0 0
0.5221 0.0109 0.1131 0 -30 0 0
0.5221 0.0109 0.1131 0 -30 0 0
0.5201 0.0099 0.1132 0 -30 0 0
0.5201 0.0099 0.1132 0 -30 0 0
0.5201 0.0099 0.1132 0 -30 0 0
0.5201 0.0099 0.1132 0 -30 0 0
0.5201 0.0099 0.1132 0 -30 0 0
0.5241 0.0094 0.1136 0 -30 0 0
0.5241 0.0094 0.1136 0 -30 0 0
0.5241 0.0094 0.1136 0 -30 0 0
0.5241 0.0094 0.1136 0 -30 0 0
0.5201 0.0092 0.1140 0 -30 0 0
0.5201 0.0092 0.1140 0 -30 0 0
0.5201 0.0092 0.1140 0 -30 0 0
0.5201 0.0092 0.1140 0 -30 0 0
0.5201 0.0092 0.1140 0 -30 0 0
0.5100 0.0086 0.1169 0 -30 0 0
0.5100 0.0086 0.1169 0 -30 0 0
0.5100 0.0086 0.1169 0 -30 0 0
0.5100 0.0086 0.1169 0 0 0 0
0.5221 0.0097 0.1088 0 -30 0 0
0.5161 0.0098 0.1091 0 -30 0 0
0.5241 0.0099 0.1065 0 -30 0 0
0.5341 0.0104 0.1124 0 -30 0 0
0.5341 0.0104 0.1124 0 -30 0 0
0.5241 0.0113 0.1076 0 -30 0 0
0.5100 0.0115 0.1053 0 -30 0 0
0.5100 0.0115 0.1053 0 -30 0 0
0.5100 0.0115 0.1053 0 -30 0 0
0.5100 0.0115 0.1053 0 -30 0 0
0.5100 0.0116 0.1037 0 -30 0 0
0.5241 0.0116 0.1037 0 -30 0 0
0.5241 0.0116 0.1037 0 -30 0 0
0.5241 0.0116 0.1037 0 -30 0 0
0.5221 0.0121 0.0986 0 -30 0 0
0.5221 0.0121 0.0986 0 -30 0 0
0.5221 0.0121 0.0986 0 -30 0 0
0.5221 0.0121 0.0986 0 -30 0 0
0.5221 0.0122 0.1008 0 -30 0 0
0.5221 0.0122 0.1008 0 -30 0 0
0.5221 0.0122 0.1008 0 -30 0 0
0.5221 0.0122 0.1008 0 -30 0 0
0.5241 0.0117 0.1047 0 -30 0 0
0.5241 0.0117 0.1047 0 -30 0 0
0.5241 0.0117 0.1047 0 -30 0 0
0.5462 0.0112 0.1037 0 -30 0 0
0.5462 0.0112 0.1037 0 -30 0 0
0.5462 0.0112 0.1037 0 -30 0 0
0.5462 0.0112 0.1037 0 -30 0 0
0.5442 0.0102 0.1069 0 -30 0 0
0.5442 0.0102 0.1069 0 -30 0 0
0.5442 0.0102 0.1069 0 -30 0 0
0.5442 0.0102 0.1069 0 -30 0 0
0.5442 0.0102 0.1069 0 -30 0 0
0.5442 0.0102 0.1069 0 -30 0 0
0.5321 0.0091 0.1068 0 -30 0 0
0.5321 0.0091 0.1068 0 -30 0 0
0.5321 0.0091 0.1068 0 -30 0 0
0.5100 0.0088 0.1032 0 -30 0 0
0.5100 0.0088 0.1032 0 -30 0 0
0.5100 0.0088 0.1032 0 -30 0 0
0.5100 0.0088 0.1032 0 -30 0 0
0.5100 0.0088 0.1032 0 -30 0 0
0.5201 0.0087 0.0999 0 -30 0 0
0.5201 0.0087 0.0999 0 -30 0 0
0.5201 0.0087 0.0999 0 -30 0 0
0.5201 0.0087 0.0999 0 -30 0 0
0.5201 0.0087 0.0999 0 -30 0 0
0.5301 0.0090 0.1026 0 -30 0 0
0.5301 0.0090 0.1026 0 -30 0 0
0.5301 0.0090 0.1026 0 -30 0 0
0.5301 0.0090 0.1026 0 -30 0 0
0.5301 0.0090 0.1026 0 -30 0 0
0.5301 0.0090 0.1026 0 -30 0 0
0.5301 0.0090 0.1026 0 -30 0 0
0.5301 0.0090 0.1026 0 -30 0 0
0.5301 0.0090 0.1026 0 -30 0 0
0.5442 0.0094 0.1030 0 -30 0 0
0.5442 0.0094 0.1030 0 -30 0 0
0.5502 0.0097 0.1060 0 -30 0 0
0.5241 0.0098 0.1055 0 -30 0 0
0.5241 0.0098 0.1055 0 -30 0 0
0.5241 0.0099 0.0994 0 -30 0 0
0.5361 0.0099 0.0994 0 -30 0 0
0.5361 0.0099 0.0994 0 -30 0 0
0.5361 0.0099 0.0994 0 -30 0 0
0.5361 0.0099 0.0994 0 -30 0 0
0.5361 0.0098 0.0995 0 -30 0 0
0.5080 0.0098 0.0995 0 -30 0 0
0.5080 0.0098 0.0995 0 -30 0 0
0.5080 0.0098 0.0995 0 -30 0 0
0.5080 0.0098 0.0995 0 -30 0 0
0.5080 0.0099 0.0844 0 -30 0 0
0.5060 0.0099 0.0844 0 -30 0 0
0.5060 0.0099 0.0844 0 -30 0 0
0.5241 0.0097 0.0837 0 -30 0 0
0.5241 0.0097 0.0837 0 -30 0 0
0.5241 0.0097 0.0837 0 -30 0 0
0.5241 0.0097 0.0837 0 -30 0 0
0.5241 0.0097 0.0837 0 -30 0 0
0.5301 0.0095 0.0716 0 -30 0 0
0.5301 0.0095 0.0716 0 -30 0 0
0.5301 0.0095 0.0716 0 -30 0 0
0.5301 0.0095 0.0716 0 -30 0 0
0.5301 0.0095 0.0716 0 -30 0 0
0.5301 0.0095 0.0694 0 -30 0 0
0.5301 0.0095 0.0694 0 -30 0 0
0.5141 0.0098 0.0613 0 -30 0 0
0.5141 0.0098 0.0613 0 -30 0 0
0.5141 0.0098 0.0613 0 -30 0 0
0.5141 0.0098 0.0613 0 -30 0 0
0.5040 0.0101 0.0614 0 -30 0 0
0.5040 0.0101 0.0614 0 -30 0 0
0.5040 0.0101 0.0614 0 -30 0 0
0.5040 0.0101 0.0614 0 -30 0 0
0.5040 0.0101 0.0614 0 -30 0 0
0.5040 0.0101 0.0614 0 -30 0 0
0.5040 0.0101 0.0614 0 -30 0 0
0.5201 0.0106 0.0609 0 -30 0 0
0.5201 0.0106 0.0609 0 -30 0 0
0.5382 0.0106 0.0626 0 -30 0 0
0.5382 0.0106 0.0626 0 -30 0 0
0.5382 0.0106 0.0626 0 -30 0 0
0.5382 0.0106 0.0626 0 -30 0 0
0.5321 0.0103 0.0636 0 -30 0 0
0.5321 0.0103 0.0636 0 -30 0 0
0.5321 0.0103 0.0636 0 -30 0 0
0.5321 0.0103 0.0636 0 -30 0 0
0.5321 0.0103 0.0636 0 -30 0 0
0.5321 0.0103 0.0636 0 -30 0 0
0.5060 0.0094 0.0649 0 -30 0 0
0.5060 0.0094 0.0649 0 -30 0 0
0.5060 0.0094 0.0649 0 -30 0 0
0.5060 0.0094 0.0649 0 -30 0 0
0.5221 0.0088 0.0647 0 -30 0 0
0.5221 0.0088 0.0647 0 -30 0 0
0.5221 0.0088 0.0647 0 -30 0 0
0.5281 0.0087 0.0637 0 -30 0 0
0.5281 0.0087 0.0637 0 -30 0 0
0.5281 0.0087 0.0637 0 -30 0 0
0.5281 0.0087 0.0637 0 -30 0 0
0.5281 0.0087 0.0637 0 -30 0 0
0.5382 0.0089 0.0622 0 -30 0 0
0.5382 0.0089 0.0622 0 -30 0 0
0.5382 0.0089 0.0622 0 -30 0 0
0.5382 0.0089 0.0622 0 -30 0 0
0.5241 0.0094 0.0593 0 -30 0 0
0.5241 0.0094 0.0593 0 0 0 0
