0.4920 0.0120 0.0231 -30 0 0 0
0.4859 0.0120 0.0233 -30 0 0 0
0.4940 0.0127 0.0218 -30 0 0 0
0.4940 0.0127 0.0218 -30 0 0 0
0.4739 0.0132 0.0198 -30 0 0 0
0.4739 0.0132 0.0198 -30 0 0 0
0.4699 0.0130 0.0193 -30 0 0 0
0.4699 0.0126 0.0198 -30 0 0 0
0.4679 0.0126 0.0198 -30 0 0 0
0.4618 0.0129 0.2011 -30 0 0 0
0.4618 0.0129 0.2011 -30 0 0 0
0.4880 0.0135 0.2009 -30 0 0 0
0.4880 0.0139 0.2012 -30 0 0 0
0.5080 0.0139 0.2012 -30 0 0 0
0.5080 0.0139 0.2012 -30 0 0 0
0.5080 0.0139 0.2012 -30 0 0 0
0.5080 0.0139 0.2012 -30 0 0 0
0.5080 0.0139 0.2012 -30 0 0 0
0.5080 0.0139 0.2012 -30 0 0 0
0.5080 0.0142 0.2024 -30 0 0 0
0.4880 0.0142 0.2024 -30 0 0 0
0.4880 0.0142 0.2024 -30 0 0 0
0.4880 0.0142 0.2024 -30 0 0 0
0.4880 0.0142 0.2024 -30 0 0 0
0.4859 0.0138 0.2034 -30 0 0 0
0.4859 0.0138 0.2034 -30 0 0 0
0.4859 0.0133 0.2032 -30 0 0 0
0.4859 0.0133 0.2032 -30 0 0 0
0.4859 0.0133 0.2032 -30 0 0 0
0.4859 0.0133 0.2032 -30 0 0 0
0.4859 0.0133 0.2032 -30 0 0 0
0.4859 0.0133 0.2032 -30 0 0 0
0.4859 0.0133 0.2032 -30 0 0 0
0.4859 0.0133 0.2032 -30 0 0 0
0.4859 0.0133 0.2032 -30 0 0 0
0.4859 0.0133 0.2032 -30 0 0 0
0.4859 0.0133 0.2032 -30 0 0 0
0.4859 0.0133 0.2032 -30 0 0 0
0.4859 0.0133 0.2032 -30 0 0 0
0.4859 0.0133 0.2032 -30 0 0 0
0.4940 0.0127 0.2037 -30 0 0 0
0.4940 0.0127 0.2037 -30 0 0 0
0.5161 0.0123 0.2037 -30 0 0 0
0.5100 0.0122 0.0172 -30 0 0 0
0.5100 0.0122 0.0172 -30 0 0 0
0.4980 0.0124 0.0180 -30 0 0 0
0.4980 0.0124 0.0180 -30 0 0 0
0.4980 0.0124 0.0180 -30 0 0 0
0.4980 0.0124 0.0180 -30 0 0 0
0.4980 0.0124 0.0180 -30 0 0 0
0.4880 0.0126 0.0183 -30 0 0 0
0.4880 0.0126 0.0183 -30 0 0 0
0.4880 0.0126 0.0183 -30 0 0 0
0.4859 0.0129 0.0188 -30 0 0 0
0.4859 0.0129 0.0188 -30 0 0 0
0.4859 0.0129 0.0188 -30 0 0 0
0.4859 0.0129 0.0188 -30 0 0 0
0.4859 0.0129 0.0188 -30 0 0 0
0.4859 0.0129 0.0188 -30 0 0 0
0.4859 0.0129 0.0188 -30 0 0 0
0.4859 0.0129 0.0188 -30 0 0 0
0.4859 0.0129 0.0188 -30 0 0 0
0.4859 0.0129 0.0188 -30 0 0 0
0.4859 0.0129 0.0188 -30 0 0 0
0.4859 0.0129 0.0188 -30 0 0 0
0.4859 0.0129 0.0188 -30 0 0 0
0.4859 0.0129 0.0188 -30 0 0 0
0.4960 0.0136 0.0183 -30 0 0 0
0.4799 0.0140 0.0187 -30 0 0 0
0.4799 0.0138 0.0184 -30 0 0 0
0.4799 0.0138 0.0184 -30 0 0 0
0.4799 0.0138 0.0184 -30 0 0 0
0.4980 0.0129 0.0179 -30 0 0 0
0.4980 0.0129 0.0179 -30 0 0 0
0.4980 0.0129 0.0179 -30 0 0 0
0.4980 0.0129 0.0179 -30 0 0 0
0.4960 0.0122 0.0186 -30 0 0 0
0.4960 0.0122 0.0186 -30 0 0 0
0.4960 0.0118 0.0187 -30 0 0 0
0.4940 0.0118 0.0187 -30 0 0 0
0.4940 0.0118 0.0187 -30 0 0 0
0.4940 0.0118 0.0187 -30 0 0 0
0.4940 0.0118 0.0187 -30 0 0 0
0.4940 0.0118 0.0187 -30 0 0 0
0.4940 0.0118 0.0187 -30 0 0 0
0.4920 0.0118 0.0175 -30 0 0 0
0.4920 0.0118 0.0175 -30 0 0 0
0.4920 0.0118 0.0175 -30 0 0 0
0.4920 0.0118 0.0175 -30 0 0 0
0.4920 0.0118 0.0175 -30 0 0 0
0.4920 0.0118 0.0175 -30 0 0 0
0.4920 0.0118 0.0175 -30 0 0 0
0.4920 0.0118 0.0175 -30 0 0 0
0.4920 0.0118 0.0175 -30 0 0 0
0.4920 0.0119 0.0184 -30 0 0 0
0.4940 0.0119 0.0184 -30 0 0 0
0.4940 0.0119 0.0184 -30 0 0 0
0.4940 0.0119 0.0184 -30 0 0 0
0.4920 0.0118 0.0183 -30 0 0 0
0.4900 0.0117 0.0177 -30 0 0 0
0.4900 0.0117 0.0177 -30 0 0 0
0.4900 0.0117 0.0177 -30 0 0 0
0.4900 0.0117 0.0177 -30 0 0 0
0.4900 0.0117 0.0177 -30 0 0 0
0.4880 0.0117 0.0176 -30 0 0 0
0.4880 0.0117 0.0176 -30 0 0 0
0.4880 0.0117 0.0176 -30 0 0 0
0.4779 0.0117 0.0188 -30 0 0 0
0.4779 0.0117 0.0188 -30 0 0 0
0.4779 0.0117 0.0188 -30 0 0 0
0.4779 0.0117 0.0188 -30 0 0 0
0.4779 0.0117 0.0188 -30 0 0 0
0.4799 0.0117 0.0165 -30 0 0 0
0.4799 0.0117 0.0165 -30 0 0 0
0.4799 0.0117 0.0165 -30 0 0 0
0.4799 0.0117 0.0165 -30 0 0 0
0.4799 0.0117 0.0165 -30 0 0 0
0.4880 0.0116 0.0171 -30 0 0 0
0.4880 0.0116 0.0171 -30 0 0 0
0.4900 0.0118 0.0172 -30 0 0 0
0.4900 0.0118 0.0172 -30 0 0 0
0.4900 0.0118 0.0172 -30 0 0 0
0.4900 0.0118 0.0172 -30 0 0 0
0.4900 0.0118 0.0172 -30 0 0 0
0.4900 0.0118 0.0172 -30 0 0 0
0.4900 0.0118 0.0172 -30 0 0 0
0.4940 0.0120 0.0171 -30 0 0 0
0.4940 0.0120 0.0171 -30 0 0 0
0.4940 0.0120 0.0171 -30 0 0 0
0.4940 0.0120 0.0171 -30 0 0 0
0.4940 0.0120 0.0171 -30 0 0 0
0.5000 0.0122 0.0174 -30 0 0 0
0.5000 0.0122 0.0174 -30 0 0 0
0.4880 0.0122 0.0174 -30 0 0 0
0.4880 0.0122 0.0174 -30 0 0 0
0.4880 0.0122 0.0174 -30 0 0 0
0.4880 0.0122 0.0174 -30 0 0 0
0.4880 0.0122 0.0174 -30 0 0 0
0.4880 0.0122 0.0174 -30 0 0 0
0.4659 0.0118 0.0179 -30 0 0 0
0.4659 0.0118 0.0179 -30 0 0 0
0.4659 0.0118 0.0179 -30 0 0 0
0.4659 0.0118 0.0179 -30 0 0 0
0.4960 0.0116 0.0187 -30 0 0 0
0.4960 0.0116 0.0187 -30 0 0 0
0.4960 0.0116 0.0187 -30 0 0 0
0.4659 0.0114 0.0206 -30 0 0 0
0.4659 0.0114 0.0206 -30 0 0 0
0.4659 0.0114 0.0206 -30 0 0 0
0.4659 0.0114 0.0206 -30 0 0 0
0.4659 0.0114 0.0206 -30 0 0 0
0.4659 0.0114 0.0206 -30 0 0 0
0.4759 0.0111 0.0184 -30 0 0 0
0.4759 0.0111 0.0184 -30 0 0 0
0.4759 0.0111 0.0184 -30 0 0 0
0.4759 0.0111 0.0184 -30 0 0 0
0.4759 0.0111 0.0184 -30 0 0 0
0.4598 0.0115 0.0186 -30 0 0 0
0.4598 0.0115 0.0186 -30 0 0 0
0.4739 0.0118 0.0166 -30 0 0 0
0.4739 0.0118 0.0166 -30 0 0 0
0.4739 0.0118 0.0166 -30 0 0 0
0.4739 0.0118 0.0166 -30 0 0 0
0.4739 0.0118 0.0166 -30 0 0 0
0.4739 0.0118 0.0166 -30 0 0 0
0.4739 0.0118 0.0166 -30 0 0 0
0.4719 0.0123 0.0157 -30 0 0 0
0.4719 0.0123 0.0157 -30 0 0 0
0.4719 0.0123 0.0157 -30 0 0 0
0.4839 0.0123 0.0152 -30 0 0 0
0.4839 0.0123 0.0152 -30 0 0 0
0.4839 0.0123 0.0152 -30 0 0 0
0.4799 0.0122 0.0144 -30 0 0 0
0.4799 0.0122 0.0144 -30 0 0 0
0.4799 0.0122 0.0144 -30 0 0 0
0.4799 0.0122 0.0144 -30 0 0 0
0.4799 0.0122 0.0144 -30 0 0 0
0.4799 0.0122 0.0144 -30 0 0 0
0.4719 0.0124 0.0181 -30 0 0 0
0.4719 0.0124 0.0181 -30 0 0 0
0.4719 0.0124 0.0181 -30 0 0 0
0.4719 0.0124 0.0181 -30 0 0 0
0.4719 0.0124 0.0181 -30 0 0 0
0.4799 0.0122 0.0184 -30 0 0 0
0.4799 0.0122 0.0184 -30 0 0 0
0.4799 0.0122 0.0184 -30 0 0 0
0.4659 0.0124 0.0178 -30 0 0 0
0.4659 0.0124 0.0178 -30 0 0 0
0.4659 0.0124 0.0178 -30 0 0 0
0.4659 0.0124 0.0178 -30 0 0 0
0.4739 0.0127 0.0237 -30 0 0 0
0.4739 0.0127 0.0237 -30 0 0 0
0.4739 0.0127 0.0237 -30 0 0 0
0.4739 0.0127 0.0237 -30 0 0 0
0.4739 0.0127 0.0237 -30 0 0 0
0.4819 0.0133 0.0260 -30 0 0 0
0.4819 0.0133 0.0260 -30 0 0 0
0.4659 0.0136 0.0271 -30 0 0 0
0.4659 0.0136 0.0271 -30 0 0 0
0.4659 0.0136 0.0271 -30 0 0 0
0.4659 0.0136 0.0271 -30 0 0 0
0.4659 0.0136 0.0271 -30 0 0 0
0.4659 0.0136 0.0271 -30 0 0 0
0.4880 0.0140 0.0279 -30 0 0 0
0.4880 0.0140 0.0279 -30 0 0 0
0.4880 0.0140 0.0279 -30 0 0 0
0.4880 0.0140 0.0279 -30 0 0 0
0.4719 0.0137 0.0282 -30 0 0 0
0.4719 0.0137 0.0282 -30 0 0 0
0.4719 0.0137 0.0282 -30 0 0 0
0.4719 0.0137 0.0282 -30 0 0 0
0.4719 0.0137 0.0282 -30 0 0 0
0.4699 0.0133 0.0315 -30 0 0 0
0.4699 0.0133 0.0315 -30 0 0 0
0.4699 0.0133 0.0315 -30 0 0 0
0.4699 0.0133 0.0315 -30 0 0 0
0.4699 0.0131 0.0329 -30 0 0 0
0.4859 0.0131 0.0329 -30 0 0 0
0.4859 0.0131 0.0329 -30 0 0 0
0.4859 0.0131 0.0329 -30 0 0 0
0.4859 0.0131 0.0329 -30 0 0 0
0.4779 0.0130 0.0362 -30 0 0 0
0.4779 0.0130 0.0362 -30 0 0 0
0.4779 0.0130 0.0362 -30 0 0 0
0.4779 0.0130 0.0362 -30 0 0 0
0.4679 0.0135 0.0388 -30 0 0 0
0.4679 0.0135 0.0388 -30 0 0 0
0.4679 0.0135 0.0388 -30 0 0 0
0.4679 0.0135 0.0388 -30 0 0 0
0.4699 0.0141 0.0394 -30 0 0 0
0.4699 0.0141 0.0394 -30 0 0 0
0.4699 0.0141 0.0394 -30 0 0 0
0.4699 0.0141 0.0394 -30 0 0 0
0.4699 0.0141 0.0394 -30 0 0 0
0.4699 0.0141 0.0394 -30 0 0 0
0.4679 0.0145 0.0395 -30 0 0 0
0.4679 0.0145 0.0395 -30 0 0 0
0.4679 0.0149 0.0421 -30 0 0 0
0.5020 0.0149 0.0421 -30 0 0 0
0.5020 0.0149 0.0421 -30 0 0 0
0.5020 0.0149 0.0421 -30 0 0 0
0.5020 0.0149 0.0421 -30 0 0 0
0.4859 0.0151 0.0429 -30 0 0 0
0.4859 0.0151 0.0429 -30 0 0 0
0.4859 0.0151 0.0429 -30 0 0 0
0.4859 0.0151 0.0429 -30 0 0 0
0.4859 0.0151 0.0429 -30 0 0 0
0.4578 0.0151 0.0432 -30 0 0 0
0.4578 0.0151 0.0432 -30 0 0 0
0.4578 0.0151 0.0432 -30 0 0 0
0.4578 0.0151 0.0432 -30 0 0 0
0.4578 0.0151 0.0427 -30 0 0 0
0.4940 0.0151 0.0427 -30 0 0 0
0.4940 0.0151 0.0427 -30 0 0 0
0.4940 0.0151 0.0427 -30 0 0 0
0.4940 0.0151 0.0427 -30 0 0 0
0.4940 0.0151 0.0427 -30 0 0 0
0.4739 0.0148 0.0421 -30 0 0 0
0.4739 0.0148 0.0421 -30 0 0 0
0.4739 0.0148 0.0421 -30 0 0 0
0.4739 0.0148 0.0421 -30 0 0 0
0.4739 0.0145 0.0419 -30 0 0 0
0.4839 0.0145 0.0419 -30 0 0 0
0.4839 0.0145 0.0419 -30 0 0 0
0.4859 0.0142 0.0416 -30 0 0 0
0.4859 0.0142 0.0416 -30 0 0 0
0.4859 0.0142 0.0416 -30 0 0 0
0.4859 0.0142 0.0416 -30 0 0 0
0.4859 0.0142 0.0416 -30 0 0 0
0.4940 0.0142 0.0395 -30 0 0 0
0.4940 0.0142 0.0395 -30 0 0 0
0.4940 0.0142 0.0395 -30 0 0 0
0.4940 0.0142 0.0395 -30 0 0 0
0.4940 0.0142 0.0395 -30 0 0 0
0.4960 0.0143 0.0391 -30 0 0 0
0.4960 0.0143 0.0391 -30 0 0 0
0.4960 0.0143 0.0391 -30 0 0 0
0.4960 0.0143 0.0391 -30 0 0 0
0.4960 0.0143 0.0391 -30 0 0 0
0.4960 0.0143 0.0391 -30 0 0 0
0.4960 0.0143 0.0391 -30 0 0 0
0.4960 0.0143 0.0391 -30 0 0 0
0.4960 0.0143 0.0391 -30 0 0 0
0.4960 0.0143 0.0391 -30 0 0 0
0.4779 0.0143 0.0348 -30 0 0 0
0.4779 0.0143 0.0348 -30 0 0 0
0.4880 0.0142 0.0335 -30 0 0 0
0.4960 0.0140 0.0275 -30 0 0 0
0.4960 0.0140 0.0275 -30 0 0 0
0.4960 0.0140 0.0275 -30 0 0 0
0.4779 0.0138 0.0276 -30 0 0 0
0.4779 0.0138 0.0276 -30 0 0 0
0.4779 0.0138 0.0276 -30 0 0 0
0.4779 0.0138 0.0276 -30 0 0 0
0.4779 0.0138 0.0276 -30 0 0 0
0.4799 0.0137 0.0283 -30 0 0 0
0.4799 0.0137 0.0283 -30 0 0 0
0.4799 0.0137 0.0283 -30 0 0 0
0.4799 0.0137 0.0283 -30 0 0 0
0.4799 0.0137 0.0283 -30 0 0 0
0.4779 0.0137 0.0280 -30 0 0 0
0.4779 0.0137 0.0280 -30 0 0 0
0.4779 0.0137 0.0280 -30 0 0 0
0.4779 0.0137 0.0280 -30 0 0 0
0.4538 0.0136 0.0295 -30 0 0 0
0.4538 0.0136 0.0295 -30 0 0 0
0.4538 0.0136 0.0295 -30 0 0 0
0.4538 0.0136 0.0295 -30 0 0 0
0.4538 0.0136 0.0295 -30 0 0 0
0.4759 0.0136 0.0306 -30 0 0 0
0.4759 0.0136 0.0306 -30 0 0 0
0.4759 0.0136 0.0306 -30 0 0 0
0.4759 0.0136 0.0306 -30 0 0 0
0.4759 0.0136 0.0306 -30 0 0 0
0.4598 0.0137 0.0307 -30 0 0 0
0.4598 0.0137 0.0307 -30 0 0 0
0.4598 0.0137 0.0307 -30 0 0 0
0.4598 0.0137 0.0307 -30 0 0 0
0.4819 0.0140 0.0305 -30 0 0 0
0.4819 0.0140 0.0305 -30 0 0 0
0.4819 0.0140 0.0305 -30 0 0 0
0.4819 0.0142 0.0304 -30 0 0 0
0.4819 0.0142 0.0304 -30 0 0 0
0.4819 0.0142 0.0304 -30 0 0 0
0.4819 0.0142 0.0304 -30 0 0 0
0.4880 0.0145 0.0298 -30 0 0 0
0.4880 0.0145 0.0298 -30 0 0 0
0.4880 0.0145 0.0298 -30 0 0 0
0.4880 0.0145 0.0298 -30 0 0 0
0.4699 0.0146 0.0295 -30 0 0 0
0.4699 0.0146 0.0295 -30 0 0 0
0.4699 0.0146 0.0295 -30 0 0 0
0.4699 0.0146 0.0295 -30 0 0 0
0.4699 0.0146 0.0295 -30 0 0 0
0.4699 0.0146 0.0295 -30 0 0 0
0.4719 0.0147 0.0308 -30 0 0 0
0.4719 0.0147 0.0308 -30 0 0 0
0.4719 0.0147 0.0308 -30 0 0 0
0.4719 0.0147 0.0308 -30 0 0 0
0.4719 0.0147 0.0308 -30 0 0 0
0.4739 0.0147 0.0321 -30 0 0 0
0.4739 0.0147 0.0321 -30 0 0 0
0.4739 0.0147 0.0321 -30 0 0 0
0.4880 0.0148 0.0317 -30 0 0 0
0.4880 0.0148 0.0317 -30 0 0 0
0.4880 0.0148 0.0317 -30 0 0 0
0.4880 0.0148 0.0317 -30 0 0 0
0.4880 0.0151 0.0319 -30 0 0 0
0.4839 0.0151 0.0319 -30 0 0 0
0.4839 0.0151 0.0319 -30 0 0 0
0.4839 0.0151 0.0319 -30 0 0 0
0.4940 0.0154 0.0325 -30 0 0 0
0.4940 0.0154 0.0325 -30 0 0 0
0.4940 0.0154 0.0325 -30 0 0 0
0.4940 0.0154 0.0325 -30 0 0 0
0.4659 0.0157 0.0320 -30 0 0 0
0.4659 0.0157 0.0320 -30 0 0 0
0.4659 0.0157 0.0320 -30 0 0 0
0.4659 0.0157 0.0320 -30 0 0 0
0.4799 0.0157 0.0338 -30 0 0 0
0.4799 0.0157 0.0338 -30 0 0 0
0.4799 0.0157 0.0338 -30 0 0 0
0.4799 0.0157 0.0338 -30 0 0 0
0.4799 0.0157 0.0338 -30 0 0 0
0.4759 0.0159 0.0340 -30 0 0 0
0.4759 0.0159 0.0340 -30 0 0 0
0.4759 0.0159 0.0340 -30 0 0 0
0.4759 0.0159 0.0340 -30 0 0 0
0.5100 0.0154 0.0349 -30 0 0 0
0.5100 0.0154 0.0349 -30 0 0 0
0.5100 0.0154 0.0349 -30 0 0 0
0.5100 0.0154 0.0349 -30 0 0 0
0.5100 0.0154 0.0349 -30 0 0 0
0.5100 0.0150 0.0358 -30 0 0 0
0.4980 0.0150 0.0358 -30 0 0 0
0.4980 0.0150 0.0358 -30 0 0 0
0.4980 0.0150 0.0358 -30 0 0 0
0.4980 0.0150 0.0358 -30 0 0 0
0.4980 0.0150 0.0358 -30 0 0 0
0.4980 0.0150 0.0358 -30 0 0 0
0.4980 0.0150 0.0358 -30 0 0 0
0.4980 0.0150 0.0358 -30 0 0 0
0.4980 0.0150 0.0358 -30 0 0 0
0.4980 0.0150 0.0358 -30 0 0 0
0.4980 0.0150 0.0358 -30 0 0 0
0.4980 0.0150 0.0358 -30 0 0 0
0.4920 0.0147 0.0359 -30 0 0 0
0.4699 0.0146 0.0357 -30 0 0 0
0.4839 0.0147 0.0348 -30 0 0 0
0.4839 0.0147 0.0348 -30 0 0 0
0.4839 0.0147 0.0348 -30 0 0 0
0.4739 0.0151 0.0340 -30 0 0 0
0.4739 0.0151 0.0340 -30 0 0 0
0.4739 0.0151 0.0340 -30 0 0 0
0.4739 0.0151 0.0340 -30 0 0 0
0.4739 0.0151 0.0340 -30 0 0 0
0.4739 0.0151 0.0340 -30 0 0 0
0.4739 0.0151 0.0340 -30 0 0 0
0.4739 0.0151 0.0340 -30 0 0 0
0.4739 0.0151 0.0340 -30 0 0 0
0.4739 0.0151 0.0340 -30 0 0 0
0.4739 0.0151 0.0340 -30 0 0 0
0.4739 0.0151 0.0340 -30 0 0 0
0.4980 0.0158 0.0345 -30 0 0 0
0.4819 0.0163 0.0354 -30 0 0 0
0.4960 0.0164 0.0355 -30 0 0 0
0.4960 0.0164 0.0355 -30 0 0 0
0.4920 0.0163 0.0349 -30 0 0 0
0.4920 0.0163 0.0349 -30 0 0 0
0.4920 0.0163 0.0349 -30 0 0 0
0.4920 0.0163 0.0349 0 0 0 0
0.4739 0.0175 0.0357 0 30 0 0
0.4839 0.0175 0.0357 0 30 0 0
0.4639 0.0193 0.0354 0 30 0 0
0.4639 0.0193 0.0354 0 30 0 0
0.4920 0.0214 0.0388 0 30 0 0
0.4920 0.0222 0.0400 0 30 0 0
0.4699 0.0222 0.0400 0 30 0 0
0.4478 0.0225 0.0402 0 30 0 0
0.4478 0.0225 0.0402 0 30 0 0
0.4679 0.0221 0.0343 0 30 0 0
0.4679 0.0221 0.0343 0 30 0 0
0.4679 0.0221 0.0343 0 30 0 0
0.4518 0.0219 0.0342 0 30 0 0
0.4518 0.0219 0.0342 0 30 0 0
0.4518 0.0219 0.0342 0 30 0 0
0.4518 0.0219 0.0342 0 30 0 0
0.4478 0.0218 0.0330 0 30 0 0
0.4478 0.0218 0.0330 0 30 0 0
0.4478 0.0218 0.0330 0 30 0 0
0.4478 0.0218 0.0330 0 30 0 0
0.4478 0.0218 0.0330 0 30 0 0
0.4478 0.0218 0.0330 0 30 0 0
0.4699 0.0206 0.0258 0 30 0 0
0.4699 0.0206 0.0258 0 30 0 0
0.4699 0.0206 0.0258 0 30 0 0
0.4578 0.0194 0.0251 0 30 0 0
0.4578 0.0194 0.0251 0 30 0 0
0.4578 0.0194 0.0251 0 30 0 0
0.4699 0.0179 0.0245 0 30 0 0
0.4699 0.0179 0.0245 0 30 0 0
0.4699 0.0179 0.0245 0 30 0 0
0.4699 0.0179 0.0245 0 30 0 0
0.4699 0.0179 0.0245 0 30 0 0
0.4699 0.0179 0.0245 0 30 0 0
0.4699 0.0179 0.0245 0 30 0 0
0.4558 0.0166 0.0180 0 30 0 0
0.4558 0.0166 0.0180 0 30 0 0
0.4558 0.0166 0.0180 0 30 0 0
0.4438 0.0161 0.0123 0 30 0 0
0.4438 0.0161 0.0123 0 30 0 0
0.4438 0.0161 0.0123 0 30 0 0
0.4438 0.0161 0.0123 0 30 0 0
0.4438 0.0161 0.0123 0 30 0 0
0.4277 0.0161 0.0106 0 30 0 0
0.4277 0.0161 0.0106 0 30 0 0
0.4277 0.0161 0.0106 0 30 0 0
0.4277 0.0161 0.0106 0 30 0 0
0.4277 0.0161 0.0106 0 30 0 0
0.4458 0.0163 0.0089 0 30 0 0
0.4458 0.0163 0.0089 0 30 0 0
0.4458 0.0163 0.0089 0 30 0 0
0.4478 0.0166 0.0100 0 30 0 0
0.4478 0.0166 0.0100 0 30 0 0
0.4478 0.0166 0.0100 0 30 0 0
0.4478 0.0166 0.0100 0 30 0 0
0.4438 0.0170 0.0079 0 30 0 0
0.4438 0.0170 0.0079 0 30 0 0
0.4438 0.0170 0.0079 0 30 0 0
0.4438 0.0170 0.0079 0 30 0 0
0.4438 0.0170 0.0079 0 30 0 0
0.4438 0.0170 0.0079 0 30 0 0
0.4177 0.0177 0.0078 0 30 0 0
0.4177 0.0177 0.0078 0 30 0 0
0.4177 0.0177 0.0078 0 30 0 0
0.4317 0.0183 0.0072 0 30 0 0
0.4317 0.0183 0.0072 0 30 0 0
0.4317 0.0183 0.0072 0 30 0 0
0.4317 0.0183 0.0072 0 30 0 0
0.4317 0.0188 0.0057 0 30 0 0
0.4398 0.0188 0.0057 0 30 0 0
0.4398 0.0188 0.0057 0 30 0 0
0.4398 0.0188 0.0057 0 30 0 0
0.4398 0.0188 0.0057 0 30 0 0
0.4398 0.0188 0.0057 0 30 0 0
0.4398 0.0188 0.0057 0 30 0 0
0.4618 0.0195 0.0063 0 30 0 0
0.4618 0.0195 0.0063 0 30 0 0
0.4618 0.0195 0.0063 0 30 0 0
0.4518 0.0199 0.0062 0 30 0 0
0.4518 0.0199 0.0062 0 30 0 0
0.4518 0.0199 0.0062 0 30 0 0
0.4518 0.0199 0.0062 0 30 0 0
0.4518 0.0199 0.0062 0 30 0 0
0.4538 0.0201 0.0050 0 30 0 0
0.4538 0.0201 0.0050 0 30 0 0
0.4538 0.0201 0.0050 0 30 0 0
0.4538 0.0201 0.0050 0 30 0 0
0.4538 0.0201 0.0050 0 30 0 0
0.4679 0.0201 0.0032 0 30 0 0
0.4679 0.0201 0.0032 0 30 0 0
0.4679 0.0201 0.0032 0 30 0 0
0.4679 0.0201 0.0032 0 30 0 0
0.4598 0.0198 0.0017 0 30 0 0
0.4598 0.0198 0.0017 0 30 0 0
0.4598 0.0198 0.0017 0 30 0 0
0.4598 0.0198 0.0017 0 30 0 0
0.4618 0.0190 0.0009 0 30 0 0
0.4618 0.0190 0.0009 0 30 0 0
0.4618 0.0190 0.0009 0 30 0 0
0.4618 0.0190 0.0009 0 30 0 0
0.4618 0.0190 0.0009 0 30 0 0
0.4618 0.0190 0.0009 0 30 0 0
0.4578 0.0184 0.0051 0 30 0 0
0.4578 0.0184 0.0051 0 30 0 0
0.4578 0.0184 0.0051 0 30 0 0
0.4719 0.0179 0.0060 0 30 0 0
0.4719 0.0179 0.0060 0 30 0 0
0.4719 0.0179 0.0060 0 30 0 0
0.4719 0.0179 0.0060 0 30 0 0
0.4558 0.0174 0.0085 0 30 0 0
0.4558 0.0174 0.0085 0 30 0 0
0.4558 0.0174 0.0085 0 30 0 0
0.4558 0.0174 0.0085 0 30 0 0
0.4558 0.0174 0.0085 0 30 0 0
0.4558 0.0174 0.0085 0 30 0 0
0.4558 0.0174 0.0085 0 30 0 0
0.4598 0.0165 0.0104 0 30 0 0
0.4598 0.0161 0.0107 0 30 0 0
0.4819 0.0161 0.0107 0 30 0 0
0.4819 0.0161 0.0107 0 30 0 0
0.4819 0.0161 0.0107 0 30 0 0
0.4819 0.0161 0.0107 0 30 0 0
0.4659 0.0158 0.0102 0 30 0 0
0.4659 0.0158 0.0102 0 30 0 0
0.4659 0.0158 0.0102 0 30 0 0
0.4659 0.0158 0.0102 0 30 0 0
0.4659 0.0158 0.0102 0 30 0 0
0.4659 0.0158 0.0102 0 30 0 0
0.4618 0.0160 0.0143 0 30 0 0
0.4618 0.0160 0.0143 0 30 0 0
0.4618 0.0160 0.0143 0 30 0 0
0.4498 0.0165 0.0162 0 30 0 0
0.4498 0.0165 0.0162 0 30 0 0
0.4498 0.0165 0.0162 0 30 0 0
0.4498 0.0165 0.0162 0 30 0 0
0.4679 0.0171 0.0140 0 30 0 0
0.4679 0.0171 0.0140 0 30 0 0
0.4679 0.0171 0.0140 0 30 0 0
0.4679 0.0171 0.0140 0 30 0 0
0.4679 0.0171 0.0140 0 30 0 0
0.4558 0.0178 0.0144 0 30 0 0
0.4558 0.0178 0.0144 0 30 0 0
0.4558 0.0178 0.0144 0 30 0 0
0.4598 0.0185 0.0139 0 30 0 0
0.4598 0.0185 0.0139 0 30 0 0
0.4598 0.0185 0.0139 0 30 0 0
0.4598 0.0185 0.0139 0 30 0 0
0.4598 0.0185 0.0139 0 30 0 0
0.4839 0.0192 0.0141 0 30 0 0
0.4839 0.0192 0.0141 0 30 0 0
0.4839 0.0192 0.0141 0 30 0 0
0.4839 0.0192 0.0141 0 30 0 0
0.4839 0.0192 0.0141 0 30 0 0
0.4839 0.0196 0.0160 0 30 0 0
0.4498 0.0196 0.0160 0 30 0 0
0.4498 0.0196 0.0160 0 30 0 0
0.4498 0.0196 0.0160 0 30 0 0
0.4679 0.0195 0.0212 0 30 0 0
0.4679 0.0195 0.0212 0 30 0 0
0.4679 0.0195 0.0212 0 30 0 0
0.4679 0.0195 0.0212 0 30 0 0
0.4598 0.0192 0.0210 0 30 0 0
0.4598 0.0192 0.0210 0 30 0 0
0.4598 0.0192 0.0210 0 30 0 0
0.4598 0.0192 0.0210 0 30 0 0
0.4598 0.0192 0.0210 0 30 0 0
0.4598 0.0192 0.0210 0 30 0 0
0.4659 0.0182 0.0197 0 30 0 0
0.4659 0.0182 0.0197 0 30 0 0
0.4558 0.0175 0.0221 0 30 0 0
0.4558 0.0175 0.0221 0 30 0 0
0.4558 0.0175 0.0221 0 30 0 0
0.4558 0.0175 0.0221 0 30 0 0
0.4558 0.0175 0.0221 0 30 0 0
0.4799 0.0170 0.0210 0 30 0 0
0.4799 0.0170 0.0210 0 30 0 0
0.4799 0.0170 0.0210 0 30 0 0
0.4799 0.0170 0.0210 0 30 0 0
0.4799 0.0170 0.0210 0 30 0 0
0.4799 0.0168 0.0165 0 30 0 0
0.4699 0.0168 0.0165 0 30 0 0
0.4699 0.0168 0.0165 0 30 0 0
0.4699 0.0169 0.0165 0 30 0 0
0.4659 0.0169 0.0165 0 30 0 0
0.4659 0.0169 0.0165 0 30 0 0
0.4659 0.0169 0.0165 0 30 0 0
0.4659 0.0169 0.0165 0 30 0 0
0.4659 0.0169 0.0165 0 30 0 0
0.4538 0.0171 0.0130 0 30 0 0
0.4538 0.0171 0.0130 0 30 0 0
0.4538 0.0171 0.0130 0 30 0 0
0.4538 0.0171 0.0130 0 30 0 0
0.4538 0.0172 0.0136 0 30 0 0
0.4819 0.0172 0.0136 0 30 0 0
0.4819 0.0172 0.0136 0 30 0 0
0.4819 0.0176 0.0071 0 30 0 0
0.4699 0.0176 0.0071 0 30 0 0
0.4699 0.0176 0.0071 0 30 0 0
0.4699 0.0176 0.0071 0 30 0 0
0.4699 0.0176 0.0071 0 30 0 0
0.4699 0.0176 0.0071 0 30 0 0
0.4679 0.0176 -0.0028 0 30 0 0
0.4679 0.0176 -0.0028 0 30 0 0
0.4679 0.0176 -0.0028 0 30 0 0
0.4679 0.0176 -0.0028 0 30 0 0
0.4679 0.0176 -0.0028 0 30 0 0
0.4699 0.0175 -0.0061 0 30 0 0
0.4699 0.0175 -0.0061 0 30 0 0
0.4699 0.0175 -0.0061 0 30 0 0
0.4699 0.0171 -0.0102 0 30 0 0
0.4699 0.0171 -0.0102 0 30 0 0
0.4699 0.0171 -0.0102 0 30 0 0
0.4699 0.0171 -0.0102 0 30 0 0
0.4699 0.0171 -0.0102 0 30 0 0
0.4478 0.0168 -0.0097 0 30 0 0
0.4478 0.0168 -0.0097 0 30 0 0
0.4478 0.0168 -0.0097 0 30 0 0
0.4438 0.0166 -0.0133 0 30 0 0
0.4438 0.0166 -0.0133 0 30 0 0
0.4438 0.0166 -0.0133 0 30 0 0
0.4920 0.0165 -0.0087 0 30 0 0
0.4920 0.0165 -0.0087 0 30 0 0
0.4920 0.0165 -0.0087 0 30 0 0
0.4920 0.0165 -0.0087 0 30 0 0
0.4920 0.0165 -0.0087 0 30 0 0
0.4920 0.0165 -0.0087 0 30 0 0
0.4920 0.0165 -0.0087 0 30 0 0
0.4920 0.0165 -0.0087 0 30 0 0
0.4920 0.0165 -0.0087 0 30 0 0
0.4920 0.0165 -0.0087 0 30 0 0
0.4920 0.0165 -0.0087 0 30 0 0
0.4920 0.0165 -0.0087 0 30 0 0
0.4920 0.0165 -0.0087 0 30 0 0
0.4980 0.0164 -0.0110 0 30 0 0
0.4880 0.0165 -0.0082 0 30 0 0
0.4679 0.0167 -0.0101 0 30 0 0
0.4679 0.0167 -0.0101 0 30 0 0
0.4679 0.0167 -0.0101 0 30 0 0
0.4679 0.0167 -0.0101 0 30 0 0
0.4819 0.0170 -0.0083 0 30 0 0
0.4819 0.0170 -0.0083 0 30 0 0
0.4819 0.0170 -0.0083 0 30 0 0
0.4819 0.0170 -0.0083 0 30 0 0
0.4839 0.0170 -0.0087 0 30 0 0
0.4839 0.0170 -0.0087 0 30 0 0
0.4839 0.0170 -0.0087 0 30 0 0
0.4839 0.0170 -0.0087 0 30 0 0
0.4779 0.0169 -0.0078 0 30 0 0
0.4779 0.0169 -0.0078 0 30 0 0
0.4779 0.0169 -0.0078 0 30 0 0
0.4779 0.0169 -0.0078 0 30 0 0
0.4779 0.0169 -0.0078 0 30 0 0
0.4779 0.0164 -0.0143 0 30 0 0
0.4779 0.0164 -0.0143 0 30 0 0
0.4779 0.0164 -0.0143 0 30 0 0
0.4779 0.0164 -0.0143 0 30 0 0
0.4779 0.0164 -0.0143 0 30 0 0
0.4779 0.0164 -0.0143 0 30 0 0
0.4779 0.0164 -0.0143 0 30 0 0
0.4779 0.0164 -0.0143 0 30 0 0
0.4779 0.0164 -0.0143 0 30 0 0
0.4779 0.0164 -0.0143 0 30 0 0
0.4779 0.0164 -0.0143 0 30 0 0
0.4779 0.0164 -0.0143 0 30 0 0
0.4839 0.0159 -0.0132 0 30 0 0
0.4920 0.0152 -0.0174 0 30 0 0
0.4920 0.0149 -0.0184 0 30 0 0
0.4839 0.0149 -0.0184 0 30 0 0
0.4839 0.0149 -0.0184 0 30 0 0
0.4839 0.0149 -0.0184 0 30 0 0
0.4859 0.0150 -0.0154 0 30 0 0
0.4859 0.0150 -0.0154 0 30 0 0
0.4859 0.0150 -0.0154 0 30 0 0
0.5100 0.0153 -0.0133 0 30 0 0
0.5100 0.0153 -0.0133 0 30 0 0
0.5100 0.0153 -0.0133 0 30 0 0
0.5100 0.0153 -0.0133 0 30 0 0
0.5100 0.0153 -0.0133 0 30 0 0
0.4699 0.0156 -0.0114 0 30 0 0
0.4699 0.0156 -0.0114 0 30 0 0
0.4699 0.0156 -0.0114 0 30 0 0
0.4699 0.0156 -0.0114 0 30 0 0
0.4699 0.0156 -0.0114 0 30 0 0
0.4779 0.0159 -0.0125 0 30 0 0
0.4779 0.0159 -0.0125 0 30 0 0
0.4739 0.0160 -0.0127 0 30 0 0
0.4739 0.0160 -0.0127 0 30 0 0
0.4739 0.0160 -0.0127 0 30 0 0
0.4739 0.0160 -0.0127 0 30 0 0
0.4739 0.0160 -0.0127 0 30 0 0
0.4739 0.0160 -0.0127 0 30 0 0
0.4859 0.0158 -0.0121 0 30 0 0
0.4859 0.0158 -0.0121 0 30 0 0
0.4859 0.0158 -0.0121 0 30 0 0
0.4859 0.0158 -0.0121 0 30 0 0
0.4859 0.0158 -0.0121 0 30 0 0
0.4779 0.0157 -0.0115 0 30 0 0
0.4779 0.0157 -0.0115 0 30 0 0
0.4779 0.0157 -0.0115 0 30 0 0
0.4759 0.0154 -0.0092 0 30 0 0
0.4759 0.0154 -0.0092 0 30 0 0
0.4759 0.0154 -0.0092 0 30 0 0
0.4759 0.0154 -0.0092 0 30 0 0
0.4759 0.0154 -0.0092 0 30 0 0
0.4759 0.0154 -0.0092 0 30 0 0
0.4618 0.0150 -0.0074 0 30 0 0
0.4618 0.0150 -0.0074 0 30 0 0
0.4618 0.0150 -0.0074 0 30 0 0
0.4618 0.0150 -0.0074 0 30 0 0
0.4618 0.0146 -0.0063 0 30 0 0
0.4618 0.0146 -0.0063 0 30 0 0
0.4618 0.0143 -0.0042 0 30 0 0
0.4618 0.0143 -0.0042 0 30 0 0
0.4618 0.0143 -0.0042 0 30 0 0
0.4618 0.0143 -0.0042 0 30 0 0
0.4618 0.0143 -0.0042 0 30 0 0
0.4618 0.0143 -0.0042 0 30 0 0
0.4618 0.0140 -0.0024 0 30 0 0
0.4618 0.0140 -0.0024 0 30 0 0
0.4618 0.0140 -0.0024 0 30 0 0
0.4618 0.0140 -0.0024 0 30 0 0
0.4618 0.0140 -0.0024 0 30 0 0
0.4659 0.0141 -0.0010 0 30 0 0
0.4659 0.0141 -0.0010 0 30 0 0
0.4659 0.0141 -0.0010 0 30 0 0
0.5000 0.0139 -0.0005 0 30 0 0
0.5000 0.0139 -0.0005 0 30 0 0
0.5000 0.0139 -0.0005 0 30 0 0
0.5000 0.0139 -0.0005 0 30 0 0
0.5000 0.0139 -0.0005 0 30 0 0
0.5000 0.0139 -0.0005 0 30 0 0
0.4819 0.0142 -0.0002 0 30 0 0
0.4819 0.0142 -0.0002 0 30 0 0
0.4819 0.0142 -0.0002 0 30 0 0
0.4819 0.0142 -0.0002 0 30 0 0
0.4819 0.0142 -0.0002 0 30 0 0
0.4739 0.0144 -0.0002 0 30 0 0
0.4739 0.0144 -0.0002 0 30 0 0
0.5040 0.0146 0.0000 0 30 0 0
0.5040 0.0146 0.0000 0 30 0 0
0.5040 0.0146 0.0000 0 30 0 0
0.5040 0.0146 0.0000 0 30 0 0
0.5040 0.0146 0.0000 0 30 0 0
0.5040 0.0146 0.0000 0 30 0 0
0.4819 0.0150 0.0008 0 30 0 0
0.4819 0.0150 0.0008 0 30 0 0
0.4819 0.0150 0.0008 0 30 0 0
0.4819 0.0150 0.0008 0 30 0 0
0.4819 0.0150 0.0008 0 30 0 0
0.4779 0.0156 -0.0007 0 30 0 0
0.4779 0.0156 -0.0007 0 30 0 0
0.4900 0.0160 -0.0007 0 30 0 0
0.4900 0.0160 -0.0007 0 30 0 0
0.4900 0.0160 -0.0007 0 30 0 0
0.4900 0.0160 -0.0007 0 30 0 0
0.4900 0.0160 -0.0007 0 30 0 0
0.4900 0.0160 -0.0007 0 30 0 0
0.4900 0.0162 -0.0026 0 30 0 0
0.4859 0.0162 -0.0026 0 30 0 0
0.4859 0.0162 -0.0026 0 30 0 0
0.4859 0.0162 -0.0026 0 30 0 0
0.4859 0.0162 -0.0026 0 30 0 0
0.4639 0.0160 -0.0026 0 30 0 0
0.4639 0.0160 -0.0026 0 30 0 0
0.4639 0.0160 -0.0026 0 30 0 0
0.4659 0.0157 0.0021 0 30 0 0
0.4659 0.0157 0.0021 0 30 0 0
0.4659 0.0157 0.0021 0 30 0 0
0.4659 0.0157 0.0021 0 30 0 0
0.4659 0.0157 0.0021 0 30 0 0
0.4920 0.0152 0.0036 0 30 0 0
0.4920 0.0152 0.0036 0 30 0 0
0.4920 0.0152 0.0036 0 30 0 0
0.4920 0.0152 0.0036 0 30 0 0
0.4920 0.0152 0.0036 0 30 0 0
0.4900 0.0149 0.0096 0 30 0 0
0.4659 0.0150 0.0111 0 30 0 0
0.4659 0.0150 0.0111 0 30 0 0
0.4659 0.0150 0.0111 0 30 0 0
0.4659 0.0150 0.0111 0 30 0 0
0.4659 0.0150 0.0111 0 30 0 0
0.4659 0.0150 0.0111 0 30 0 0
0.4920 0.0156 0.0152 0 30 0 0
0.4920 0.0156 0.0152 0 30 0 0
0.4920 0.0156 0.0152 0 0 0 0
0.4618 0.0152 0.0210 30 0 0 0
0.4880 0.0146 0.0205 30 0 0 0
0.4819 0.0139 0.0286 30 0 0 0
0.4940 0.0131 0.0292 30 0 0 0
0.4719 0.0131 0.0266 30 0 0 0
0.4920 0.0136 0.0264 30 0 0 0
0.4920 0.0136 0.0264 30 0 0 0
0.4920 0.0136 0.0264 30 0 0 0
0.4920 0.0136 0.0264 30 0 0 0
0.4940 0.0137 0.0236 30 0 0 0
0.4940 0.0137 0.0236 30 0 0 0
0.4940 0.0137 0.0236 30 0 0 0
0.4940 0.0137 0.0236 30 0 0 0
0.4920 0.0137 0.0215 30 0 0 0
0.4920 0.0137 0.0215 30 0 0 0
0.4920 0.0137 0.0215 30 0 0 0
0.4920 0.0137 0.0215 30 0 0 0
0.4739 0.0138 0.0210 30 0 0 0
0.4739 0.0138 0.0210 30 0 0 0
0.4739 0.0138 0.0210 30 0 0 0
0.4779 0.0141 0.0201 30 0 0 0
0.4779 0.0141 0.0201 30 0 0 0
0.4779 0.0141 0.0201 30 0 0 0
0.4779 0.0141 0.0201 30 0 0 0
0.4779 0.0141 0.0201 30 0 0 0
0.4719 0.0147 0.0191 30 0 0 0
0.4719 0.0147 0.0191 30 0 0 0
0.4719 0.0147 0.0191 30 0 0 0
0.4719 0.0147 0.0191 30 0 0 0
0.4900 0.0149 0.0180 0 0 0 0
0.4940 0.0131 0.0192 30 0 0 0
0.4920 0.0121 0.0193 30 0 0 0
0.5080 0.0111 0.0197 30 0 0 0
0.4920 0.0105 0.0202 30 0 0 0
0.4960 0.0102 0.0215 30 0 0 0
0.4960 0.0102 0.0215 30 0 0 0
0.4759 0.0103 0.0217 30 0 0 0
0.4759 0.0103 0.0217 30 0 0 0
0.4759 0.0103 0.0217 30 0 0 0
0.4759 0.0103 0.0217 30 0 0 0
0.4759 0.0103 0.0217 30 0 0 0
0.4759 0.0103 0.0217 30 0 0 0
0.4759 0.0103 0.0217 30 0 0 0
0.4759 0.0103 0.0217 30 0 0 0
0.4759 0.0103 0.0217 30 0 0 0
0.4759 0.0103 0.0217 30 0 0 0
0.4759 0.0103 0.0217 30 0 0 0
0.4759 0.0103 0.0217 30 0 0 0
0.4880 0.0105 0.0227 30 0 0 0
0.4880 0.0105 0.0227 30 0 0 0
0.4859 0.0105 0.0242 30 0 0 0
0.4859 0.0105 0.0242 30 0 0 0
0.5040 0.0102 0.0250 30 0 0 0
0.5040 0.0104 0.0271 30 0 0 0
0.4859 0.0104 0.0271 30 0 0 0
0.4859 0.0104 0.0271 30 0 0 0
0.4859 0.0104 0.0271 30 0 0 0
0.4859 0.0104 0.0271 30 0 0 0
0.4859 0.0104 0.0271 30 0 0 0
0.4980 0.0103 0.0265 30 0 0 0
0.4980 0.0103 0.0265 30 0 0 0
0.5080 0.0103 0.0260 30 0 0 0
0.5080 0.0103 0.0260 30 0 0 0
0.5080 0.0103 0.0260 30 0 0 0
0.5080 0.0103 0.0260 30 0 0 0
0.5080 0.0103 0.0260 30 0 0 0
0.4900 0.0106 0.0266 30 0 0 0
0.4900 0.0106 0.0266 30 0 0 0
0.4900 0.0106 0.0266 30 0 0 0
0.4900 0.0106 0.0266 30 0 0 0
0.4900 0.0106 0.0266 30 0 0 0
0.4900 0.0106 0.0266 30 0 0 0
0.4900 0.0106 0.0266 30 0 0 0
0.4900 0.0106 0.0266 30 0 0 0
0.4900 0.0106 0.0266 30 0 0 0
0.4900 0.0106 0.0266 30 0 0 0
0.4900 0.0106 0.0266 30 0 0 0
0.4900 0.0106 0.0266 30 0 0 0
0.4900 0.0106 0.0266 30 0 0 0
0.5060 0.0108 0.0274 30 0 0 0
0.4940 0.0115 0.0271 30 0 0 0
0.4940 0.0115 0.0271 30 0 0 0
0.4880 0.0119 0.0270 30 0 0 0
0.4880 0.0119 0.0270 30 0 0 0
0.4799 0.0124 0.0262 30 0 0 0
0.4799 0.0124 0.0262 30 0 0 0
0.4799 0.0124 0.0262 30 0 0 0
0.4960 0.0125 0.0237 30 0 0 0
0.4960 0.0125 0.0237 30 0 0 0
0.4960 0.0125 0.0237 30 0 0 0
0.4960 0.0125 0.0237 30 0 0 0
0.4960 0.0125 0.0237 30 0 0 0
0.4679 0.0122 0.0250 0 0 0 0
0.4679 0.0100 0.0314 30 0 0 0
0.4980 0.0102 0.0318 30 0 0 0
0.4839 0.0107 0.0351 30 0 0 0
0.4739 0.0109 0.0343 30 0 0 0
0.4739 0.0113 0.0337 30 0 0 0
0.4699 0.0113 0.0337 30 0 0 0
0.4880 0.0120 0.0338 30 0 0 0
0.5000 0.0130 0.0347 30 0 0 0
0.5000 0.0130 0.0347 30 0 0 0
0.4960 0.0139 0.0364 30 0 0 0
0.4980 0.0139 0.0340 30 0 0 0
0.4980 0.0139 0.0340 30 0 0 0
0.4980 0.0139 0.0340 30 0 0 0
0.4980 0.0140 0.0347 30 0 0 0
0.5020 0.0140 0.0347 30 0 0 0
0.5020 0.0140 0.0347 30 0 0 0
0.5020 0.0140 0.0347 30 0 0 0
0.5020 0.0140 0.0347 30 0 0 0
0.5020 0.0140 0.0347 30 0 0 0
0.5040 0.0138 0.0349 30 0 0 0
0.5040 0.0138 0.0349 30 0 0 0
0.5040 0.0138 0.0349 30 0 0 0
0.5120 0.0138 0.0351 30 0 0 0
0.5120 0.0138 0.0351 30 0 0 0
0.5120 0.0138 0.0351 30 0 0 0
0.5120 0.0138 0.0351 30 0 0 0
0.5120 0.0138 0.0351 30 0 0 0
0.4960 0.0138 0.0329 30 0 0 0
0.4960 0.0138 0.0329 30 0 0 0
0.4960 0.0138 0.0329 30 0 0 0
0.4960 0.0138 0.0329 30 0 0 0
0.4960 0.0138 0.0329 30 0 0 0
0.4859 0.0141 0.0331 30 0 0 0
0.4859 0.0141 0.0331 30 0 0 0
0.5000 0.0146 0.0324 30 0 0 0
0.5000 0.0146 0.0324 30 0 0 0
0.5000 0.0146 0.0324 30 0 0 0
0.5000 0.0146 0.0324 30 0 0 0
0.4799 0.0155 0.0333 30 0 0 0
0.4799 0.0155 0.0333 30 0 0 0
0.4799 0.0155 0.0333 30 0 0 0
0.4799 0.0155 0.0333 30 0 0 0
0.4799 0.0155 0.0333 30 0 0 0
0.4799 0.0155 0.0333 30 0 0 0
0.4920 0.0162 0.0341 30 0 0 0
0.4920 0.0162 0.0341 30 0 0 0
0.4819 0.0166 0.0316 30 0 0 0
0.4819 0.0166 0.0316 30 0 0 0
0.4819 0.0166 0.0316 30 0 0 0
0.4819 0.0166 0.0316 30 0 0 0
0.4819 0.0166 0.0316 30 0 0 0
0.4859 0.0167 0.0337 30 0 0 0
0.4859 0.0167 0.0337 30 0 0 0
0.4859 0.0167 0.0337 30 0 0 0
0.4859 0.0167 0.0337 30 0 0 0
0.4859 0.0167 0.0337 30 0 0 0
0.4859 0.0168 0.0353 30 0 0 0
0.4799 0.0168 0.0353 30 0 0 0
0.4799 0.0168 0.0353 30 0 0 0
0.5060 0.0171 0.0323 30 0 0 0
0.5060 0.0171 0.0323 30 0 0 0
0.5060 0.0171 0.0323 30 0 0 0
0.5060 0.0171 0.0323 30 0 0 0
0.5000 0.0172 0.0318 30 0 0 0
0.5000 0.0172 0.0318 30 0 0 0
0.5000 0.0172 0.0318 30 0 0 0
0.5000 0.0172 0.0318 30 0 0 0
0.5000 0.0172 0.0318 30 0 0 0
0.5000 0.0172 0.0318 30 0 0 0
0.4880 0.0175 0.0311 30 0 0 0
0.4880 0.0175 0.0311 30 0 0 0
0.4880 0.0176 0.0310 30 0 0 0
0.4880 0.0176 0.0310 30 0 0 0
0.4880 0.0176 0.0310 30 0 0 0
0.4880 0.0176 0.0310 30 0 0 0
0.4880 0.0176 0.0310 30 0 0 0
0.4900 0.0175 0.0307 30 0 0 0
0.4900 0.0175 0.0307 30 0 0 0
0.4900 0.0175 0.0307 30 0 0 0
0.4900 0.0175 0.0307 30 0 0 0
0.4900 0.0175 0.0307 30 0 0 0
0.4900 0.0175 0.0307 30 0 0 0
0.4819 0.0172 0.0289 30 0 0 0
0.4819 0.0172 0.0289 30 0 0 0
0.4819 0.0172 0.0289 30 0 0 0
0.4839 0.0168 0.0250 30 0 0 0
0.4839 0.0168 0.0250 30 0 0 0
0.4839 0.0168 0.0250 30 0 0 0
0.4839 0.0168 0.0250 30 0 0 0
0.4880 0.0162 0.0247 30 0 0 0
0.4880 0.0162 0.0247 30 0 0 0
0.4880 0.0162 0.0247 30 0 0 0
0.4880 0.0162 0.0247 30 0 0 0
0.4880 0.0162 0.0247 30 0 0 0
0.4880 0.0162 0.0247 30 0 0 0
0.4759 0.0154 0.0235 30 0 0 0
0.4759 0.0154 0.0235 30 0 0 0
0.4759 0.0154 0.0235 30 0 0 0
0.4980 0.0147 0.0251 30 0 0 0
0.4980 0.0147 0.0251 30 0 0 0
0.4980 0.0147 0.0251 30 0 0 0
0.4980 0.0147 0.0251 30 0 0 0
0.4980 0.0147 0.0251 30 0 0 0
0.4980 0.0144 0.0261 30 0 0 0
0.4980 0.0144 0.0261 30 0 0 0
0.4980 0.0144 0.0261 30 0 0 0
0.4980 0.0144 0.0261 30 0 0 0
0.4920 0.0142 0.0266 30 0 0 0
0.4920 0.0142 0.0266 30 0 0 0
0.4920 0.0142 0.0266 30 0 0 0
0.4920 0.0142 0.0266 30 0 0 0
0.4940 0.0144 0.0238 30 0 0 0
0.4940 0.0144 0.0238 30 0 0 0
0.4940 0.0144 0.0238 30 0 0 0
0.4940 0.0144 0.0238 30 0 0 0
0.4739 0.0149 0.0254 30 0 0 0
0.4739 0.0149 0.0254 30 0 0 0
0.4739 0.0149 0.0254 30 0 0 0
0.4739 0.0149 0.0254 30 0 0 0
0.4739 0.0149 0.0254 30 0 0 0
0.4739 0.0149 0.0254 30 0 0 0
0.4819 0.0155 0.0216 30 0 0 0
0.4819 0.0155 0.0216 30 0 0 0
0.4759 0.0160 0.0199 30 0 0 0
0.4759 0.0160 0.0199 30 0 0 0
0.4759 0.0160 0.0199 0 0 0 0
0.4779 0.0167 0.0210 0 30 0 0
0.4659 0.0166 0.0221 0 30 0 0
0.4699 0.0163 0.0201 0 30 0 0
0.4699 0.0163 0.0201 0 30 0 0
0.4699 0.0163 0.0201 0 30 0 0
0.4699 0.0163 0.0201 0 30 0 0
0.4699 0.0163 0.0201 0 30 0 0
0.4739 0.0161 0.0174 0 30 0 0
0.4739 0.0161 0.0174 0 30 0 0
0.4739 0.0161 0.0174 0 30 0 0
0.4739 0.0161 0.0174 0 30 0 0
0.4518 0.0155 0.0188 0 30 0 0
0.4518 0.0155 0.0188 0 30 0 0
0.4598 0.0141 0.0160 0 30 0 0
0.4598 0.0120 0.0192 0 30 0 0
0.4639 0.0120 0.0192 0 30 0 0
0.4639 0.0107 0.0190 0 30 0 0
0.4739 0.0107 0.0190 0 30 0 0
0.4739 0.0107 0.0190 0 30 0 0
0.4739 0.0107 0.0190 0 30 0 0
0.4739 0.0107 0.0190 0 30 0 0
0.4739 0.0107 0.0190 0 30 0 0
0.4739 0.0107 0.0190 0 30 0 0
0.4739 0.0107 0.0190 0 30 0 0
0.4739 0.0107 0.0190 0 30 0 0
0.4719 0.0104 0.0208 0 30 0 0
0.4719 0.0104 0.0208 0 30 0 0
0.4719 0.0104 0.0208 0 30 0 0
0.4719 0.0110 0.0251 0 30 0 0
0.4719 0.0110 0.0251 0 30 0 0
0.4739 0.0116 0.0265 0 30 0 0
0.4739 0.0116 0.0265 0 30 0 0
0.4739 0.0116 0.0265 0 30 0 0
0.4739 0.0116 0.0265 0 30 0 0
0.4719 0.0123 0.0277 0 30 0 0
0.4719 0.0123 0.0277 0 30 0 0
0.4719 0.0123 0.0277 0 30 0 0
0.4719 0.0123 0.0277 0 30 0 0
0.4719 0.0123 0.0277 0 30 0 0
0.4719 0.0123 0.0277 0 30 0 0
0.4839 0.0133 0.0339 0 30 0 0
0.4839 0.0133 0.0339 0 30 0 0
0.4839 0.0133 0.0339 0 30 0 0
0.4839 0.0140 0.0390 0 30 0 0
0.4659 0.0140 0.0390 0 30 0 0
0.4659 0.0140 0.0390 0 30 0 0
0.4659 0.0140 0.0390 0 30 0 0
0.4659 0.0140 0.0390 0 30 0 0
0.4659 0.0147 0.0420 0 30 0 0
0.4719 0.0147 0.0420 0 30 0 0
0.4719 0.0147 0.0420 0 30 0 0
0.4719 0.0147 0.0420 0 30 0 0
0.4719 0.0147 0.0420 0 30 0 0
0.4679 0.0151 0.0413 0 30 0 0
0.4679 0.0151 0.0413 0 30 0 0
0.4679 0.0151 0.0413 0 30 0 0
0.4759 0.0153 0.0404 0 30 0 0
0.4759 0.0153 0.0404 0 30 0 0
0.4759 0.0153 0.0404 0 30 0 0
0.4759 0.0153 0.0404 0 30 0 0
0.4759 0.0153 0.0404 0 30 0 0
0.4759 0.0153 0.0404 0 30 0 0
0.4699 0.0152 0.0383 0 30 0 0
0.4699 0.0152 0.0383 0 30 0 0
0.4699 0.0152 0.0383 0 30 0 0
0.4699 0.0152 0.0383 0 30 0 0
0.4699 0.0152 0.0383 0 30 0 0
0.4699 0.0152 0.0383 0 30 0 0
0.4598 0.0152 0.0335 0 30 0 0
0.4598 0.0152 0.0335 0 30 0 0
0.4618 0.0148 0.0331 0 30 0 0
0.4618 0.0148 0.0331 0 30 0 0
0.4618 0.0148 0.0331 0 30 0 0
0.4618 0.0148 0.0331 0 30 0 0
0.4618 0.0148 0.0331 0 30 0 0
0.4618 0.0148 0.0331 0 30 0 0
0.4618 0.0145 0.0345 0 30 0 0
0.4759 0.0145 0.0345 0 30 0 0
0.4759 0.0145 0.0345 0 30 0 0
0.4759 0.0145 0.0345 0 30 0 0
0.4759 0.0145 0.0345 0 30 0 0
0.4719 0.0142 0.0355 0 30 0 0
0.4719 0.0142 0.0355 0 30 0 0
0.4719 0.0142 0.0355 0 30 0 0
0.4237 0.0142 0.0351 0 30 0 0
0.4237 0.0142 0.0351 0 30 0 0
0.4237 0.0142 0.0351 0 30 0 0
0.4237 0.0142 0.0351 0 30 0 0
0.4237 0.0142 0.0351 0 30 0 0
0.4237 0.0143 0.0348 0 30 0 0
0.4578 0.0143 0.0348 0 30 0 0
0.4578 0.0143 0.0348 0 30 0 0
0.4578 0.0143 0.0348 0 30 0 0
0.4578 0.0143 0.0348 0 30 0 0
0.4538 0.0142 0.0329 0 30 0 0
0.4538 0.0142 0.0329 0 30 0 0
0.4518 0.0136 0.0328 0 30 0 0
0.4518 0.0136 0.0328 0 30 0 0
0.4518 0.0136 0.0328 0 30 0 0
0.4518 0.0136 0.0328 0 30 0 0
0.4518 0.0136 0.0328 0 30 0 0
0.4518 0.0136 0.0328 0 30 0 0
0.4699 0.0125 0.0333 0 30 0 0
0.4699 0.0125 0.0333 0 30 0 0
0.4699 0.0125 0.0333 0 30 0 0
0.4699 0.0125 0.0333 0 30 0 0
0.4699 0.0125 0.0333 0 30 0 0
0.4759 0.0115 0.0336 0 30 0 0
0.4759 0.0115 0.0336 0 30 0 0
0.4759 0.0115 0.0336 0 30 0 0
0.4759 0.0109 0.0362 0 30 0 0
0.4739 0.0109 0.0362 0 30 0 0
0.4739 0.0109 0.0362 0 30 0 0
0.4739 0.0109 0.0362 0 30 0 0
0.4739 0.0109 0.0362 0 30 0 0
0.4739 0.0109 0.0362 0 30 0 0
0.4478 0.0107 0.0324 0 30 0 0
0.4478 0.0107 0.0324 0 30 0 0
0.4478 0.0107 0.0324 0 30 0 0
0.4478 0.0107 0.0324 0 30 0 0
0.4779 0.0107 0.0338 0 30 0 0
0.4779 0.0107 0.0338 0 30 0 0
0.4819 0.0110 0.0292 0 30 0 0
0.4819 0.0110 0.0292 0 30 0 0
0.4819 0.0110 0.0292 0 30 0 0
0.4819 0.0110 0.0292 0 30 0 0
0.4819 0.0110 0.0292 0 30 0 0
0.4819 0.0110 0.0292 0 30 0 0
0.4819 0.0110 0.0292 0 30 0 0
0.4659 0.0114 0.0368 0 30 0 0
0.4659 0.0114 0.0368 0 30 0 0
0.4659 0.0114 0.0368 0 30 0 0
0.4659 0.0114 0.0365 0 30 0 0
0.4900 0.0114 0.0365 0 30 0 0
0.4900 0.0114 0.0365 0 30 0 0
0.4799 0.0115 0.0346 0 30 0 0
0.4799 0.0115 0.0346 0 30 0 0
0.4799 0.0115 0.0346 0 30 0 0
0.4799 0.0115 0.0346 0 30 0 0
0.4799 0.0115 0.0346 0 30 0 0
0.4900 0.0118 0.0374 0 30 0 0
0.4900 0.0118 0.0374 0 30 0 0
0.4900 0.0118 0.0374 0 30 0 0
0.4900 0.0118 0.0374 0 30 0 0
0.4679 0.0120 0.0345 0 30 0 0
0.4679 0.0120 0.0345 0 30 0 0
0.4679 0.0121 0.0369 0 30 0 0
0.4659 0.0121 0.0369 0 30 0 0
0.4659 0.0121 0.0369 0 30 0 0
0.4659 0.0121 0.0369 0 30 0 0
0.4659 0.0121 0.0369 0 30 0 0
0.4659 0.0121 0.0369 0 30 0 0
0.4819 0.0120 0.0318 0 30 0 0
0.4819 0.0120 0.0318 0 30 0 0
0.4819 0.0120 0.0318 0 30 0 0
0.4819 0.0120 0.0318 0 30 0 0
0.4819 0.0120 0.0318 0 30 0 0
0.4779 0.0121 0.0321 0 30 0 0
0.4779 0.0121 0.0321 0 30 0 0
0.4779 0.0125 0.0330 0 30 0 0
0.5100 0.0125 0.0330 0 30 0 0
0.5100 0.0125 0.0330 0 30 0 0
0.5100 0.0125 0.0330 0 30 0 0
0.5100 0.0125 0.0330 0 30 0 0
0.5100 0.0125 0.0330 0 30 0 0
0.4920 0.0128 0.0293 0 30 0 0
0.4920 0.0128 0.0293 0 30 0 0
0.4920 0.0128 0.0293 0 30 0 0
0.4920 0.0128 0.0293 0 30 0 0
0.4920 0.0128 0.0293 0 30 0 0
0.4859 0.0127 0.0278 0 30 0 0
0.4859 0.0127 0.0278 0 30 0 0
0.4859 0.0127 0.0278 0 30 0 0
0.5000 0.0125 0.0270 0 30 0 0
0.5000 0.0125 0.0270 0 0 0 0
0.4799 0.0167 0.0260 0 30 0 0
0.5060 0.0164 0.0273 0 30 0 0
0.4900 0.0167 0.0271 0 30 0 0
0.4920 0.0173 0.0275 0 30 0 0
0.5000 0.0184 0.0275 0 30 0 0
0.5000 0.0192 0.0261 0 30 0 0
0.4779 0.0192 0.0261 0 30 0 0
0.4779 0.0196 0.0264 0 30 0 0
0.4779 0.0196 0.0264 0 30 0 0
0.4779 0.0196 0.0264 0 30 0 0
0.4779 0.0196 0.0264 0 30 0 0
0.4779 0.0196 0.0264 0 30 0 0
0.4779 0.0196 0.0264 0 30 0 0
0.4779 0.0196 0.0264 0 30 0 0
0.4779 0.0196 0.0264 0 30 0 0
0.4779 0.0196 0.0264 0 30 0 0
0.4779 0.0196 0.0264 0 0 0 0
0.4859 0.0205 0.0257 0 30 0 0
0.4819 0.0205 0.0257 0 30 0 0
0.4859 0.0205 0.0263 0 30 0 0
0.4699 0.0205 0.0269 0 30 0 0
0.4699 0.0205 0.0269 0 30 0 0
0.4940 0.0203 0.0267 0 30 0 0
0.4940 0.0200 0.0281 0 30 0 0
0.4940 0.0200 0.0281 0 30 0 0
0.5000 0.0197 0.0284 0 30 0 0
0.5000 0.0197 0.0284 0 30 0 0
0.4920 0.0199 0.0288 0 0 0 0
0.4719 0.0204 0.0316 0 30 0 0
0.4779 0.0204 0.0316 0 30 0 0
0.4779 0.0199 0.0313 0 30 0 0
0.4779 0.0199 0.0313 0 30 0 0
0.4759 0.0196 0.0323 0 30 0 0
0.4819 0.0197 0.0297 0 30 0 0
0.4819 0.0198 0.0289 0 30 0 0
0.4980 0.0196 0.0294 0 30 0 0
0.4719 0.0196 0.0291 0 30 0 0
0.4719 0.0196 0.0291 0 0 0 0
0.4980 0.0143 0.0760 0 0 0 -30
0.5000 0.0144 0.0758 0 0 0 -30
0.4940 0.0151 0.0747 0 0 0 -30
0.4759 0.0154 0.0738 0 0 0 -30
0.4759 0.0160 0.0729 0 0 0 -30
0.4759 0.0160 0.0729 0 0 0 -30
0.4880 0.0158 0.0724 0 0 0 -30
0.4880 0.0157 0.0728 0 0 0 -30
0.4880 0.0157 0.0728 0 0 0 -30
0.4719 0.0155 0.0725 0 0 0 0
0.4679 0.0150 0.0736 0 0 0 -30
0.4578 0.0144 0.0744 0 0 0 -30
0.4779 0.0139 0.0746 0 0 0 -30
0.4779 0.0139 0.0746 0 0 0 -30
0.4759 0.0133 0.0712 0 0 0 -30
0.4759 0.0133 0.0712 0 0 0 -30
0.4759 0.0136 0.0698 0 0 0 -30
0.4759 0.0136 0.0698 0 0 0 -30
0.4759 0.0136 0.0698 0 0 0 -30
0.4759 0.0136 0.0698 0 0 0 -30
0.4719 0.0147 0.0695 0 0 0 -30
0.4719 0.0147 0.0695 0 0 0 0
0.4779 0.0153 0.0695 0 0 0 -30
0.4759 0.0153 0.0693 0 0 0 -30
0.4618 0.0144 0.0672 0 0 0 -30
0.4618 0.0144 0.0672 0 0 0 -30
0.4618 0.0144 0.0672 0 0 0 -30
0.4558 0.0136 0.0652 0 0 0 -30
0.4558 0.0136 0.0652 0 0 0 -30
0.4618 0.0132 0.0639 0 0 0 -30
0.4618 0.0132 0.0639 0 0 0 -30
0.4618 0.0132 0.0639 0 0 0 -30
0.4618 0.0132 0.0639 0 0 0 -30
0.4618 0.0132 0.0639 0 0 0 0
0.4880 0.0132 0.0629 0 0 0 -30
0.4880 0.0132 0.0629 0 0 0 -30
0.4819 0.0132 0.0625 0 0 0 -30
0.4819 0.0132 0.0625 0 0 0 -30
0.4819 0.0130 0.0597 0 0 0 -30
0.4719 0.0130 0.0597 0 0 0 -30
0.4558 0.0128 0.0575 0 0 0 -30
0.4558 0.0128 0.0575 0 0 0 -30
0.4618 0.0127 0.0549 0 0 0 -30
0.4618 0.0127 0.0549 0 0 0 0
0.4839 0.0130 0.0534 0 0 0 -30
0.4779 0.0132 0.0522 0 0 0 -30
0.4779 0.0133 0.0513 0 0 0 -30
0.4880 0.0128 0.0497 0 0 0 -30
0.4880 0.0128 0.0497 0 0 0 -30
0.4880 0.0128 0.0497 0 0 0 -30
0.4759 0.0120 0.0474 0 0 0 -30
0.4759 0.0120 0.0474 0 0 0 -30
0.4759 0.0120 0.0474 0 0 0 -30
0.4759 0.0120 0.0474 0 0 0 0
0.4839 0.0122 0.0441 0 0 0 -30
0.4940 0.0127 0.0421 0 0 0 -30
0.5120 0.0126 0.0399 0 0 0 -30
0.5000 0.0125 0.0382 0 0 0 -30
0.5000 0.0125 0.0382 0 0 0 -30
0.5060 0.0126 0.0353 0 0 0 0
0.4920 0.0133 0.0320 0 0 0 -30
0.4799 0.0112 0.0299 0 0 0 -30
0.4980 0.0112 0.0299 0 0 0 -30
0.4980 0.0112 0.0299 0 0 0 -30
0.4940 0.0108 0.0281 0 0 0 -30
0.4940 0.0108 0.0281 0 0 0 0
0.5040 0.0109 0.0273 0 0 0 -30
0.5040 0.0109 0.0273 0 0 0 -30
0.5120 0.0111 0.0309 0 0 0 -30
0.5040 0.0112 0.0303 0 0 0 0
0.5080 0.0122 0.0285 0 0 0 -30
0.5060 0.0124 0.0284 0 0 0 -30
0.5060 0.0122 0.0283 0 0 0 -30
0.5120 0.0122 0.0283 0 0 0 -30
0.5120 0.0122 0.0259 0 0 0 -30
0.5000 0.0123 0.0255 0 0 0 -30
0.4960 0.0123 0.0255 0 0 0 -30
0.4960 0.0123 0.0255 0 0 0 -30
0.4839 0.0132 0.0214 0 0 0 -30
0.4839 0.0132 0.0214 0 0 0 0
0.4920 0.0148 0.0187 0 0 0 -30
0.4940 0.0148 0.0187 0 0 0 -30
0.4940 0.0150 0.0182 0 0 0 -30
0.4940 0.0146 0.0166 0 0 0 -30
0.4759 0.0141 0.0183 0 0 0 -30
0.4759 0.0141 0.0183 0 0 0 -30
0.4759 0.0141 0.0183 0 0 0 -30
0.4940 0.0137 0.0177 0 0 0 0
0.4699 0.0140 0.0214 0 0 0 -30
0.4799 0.0140 0.0214 0 0 0 -30
0.4739 0.0141 0.0203 0 0 0 -30
0.4859 0.0145 0.0184 0 0 0 -30
0.4839 0.0154 0.0187 0 0 0 -30
0.4759 0.0159 0.0182 0 0 0 -30
0.4759 0.0159 0.0182 0 0 0 -30
0.4940 0.0159 0.0197 0 0 0 -30
0.4980 0.0156 0.0199 0 0 0 -30
0.4980 0.0156 0.0199 0 0 0 -30
0.4980 0.0156 0.0199 0 0 0 0
0.4960 0.0129 0.0167 0 0 0 0
0.5080 0.0129 0.0245 0 0 0 -30
0.5080 0.0129 0.0245 0 0 0 -30
0.4960 0.0130 0.0290 0 0 0 -30
0.5060 0.0133 0.0295 0 0 0 -30
0.5060 0.0137 0.0299 0 0 0 0
0.4960 0.0131 0.0303 0 0 0 -30
0.4839 0.0131 0.0303 0 0 0 -30
0.4839 0.0131 0.0303 0 0 0 -30
0.4900 0.0131 0.0318 0 0 0 -30
0.5020 0.0133 0.0314 0 0 0 -30
0.4839 0.0135 0.0312 0 0 0 -30
0.4819 0.0136 0.0299 0 0 0 -30
0.4819 0.0135 0.0288 0 0 0 -30
0.4960 0.0135 0.0288 0 0 0 0
0.5020 0.0138 0.0269 0 0 0 -30
0.5181 0.0137 0.0270 0 0 0 -30
0.5060 0.0138 0.0260 0 0 0 -30
0.5141 0.0138 0.0264 0 0 0 -30
0.5141 0.0138 0.0264 0 0 0 -30
0.5141 0.0140 0.0257 0 0 0 -30
0.5201 0.0140 0.0257 0 0 0 -30
0.5201 0.0140 0.0257 0 0 0 -30
0.5201 0.0140 0.0257 0 0 0 0
0.4960 0.0162 0.0220 0 0 0 -30
0.5141 0.0168 0.0207 0 0 0 -30
0.5141 0.0175 0.0195 0 0 0 -30
0.4679 0.0175 0.0195 0 0 0 -30
0.4558 0.0177 0.0173 0 0 0 -30
0.4639 0.0176 0.0145 0 0 0 -30
0.4639 0.0176 0.0145 0 0 0 -30
0.4639 0.0174 0.0142 0 0 0 -30
0.4719 0.0174 0.0142 0 0 0 0
0.4759 0.0174 0.0117 0 0 0 -30
0.4799 0.0174 0.0117 0 0 0 -30
0.4799 0.0174 0.0112 0 0 0 -30
0.4759 0.0174 0.0093 0 0 0 -30
0.4859 0.0176 0.0070 0 0 0 -30
0.4859 0.0176 0.0070 0 0 0 -30
0.4960 0.0181 0.0059 0 0 0 -30
0.4960 0.0181 0.0059 0 0 0 0
0.4819 0.0184 0.0044 0 0 0 -30
0.4719 0.0185 0.0043 0 0 0 -30
0.4799 0.0183 0.0014 0 0 0 -30
0.4779 0.0183 -0.0011 0 0 0 -30
0.4699 0.0186 0.0001 0 0 0 -30
0.4699 0.0186 0.0001 0 0 0 0
0.4880 0.0196 0.0009 0 0 0 -30
0.4659 0.0199 0.0003 0 0 0 -30
0.4699 0.0197 -0.0003 0 0 0 -30
0.4699 0.0197 -0.0003 0 0 0 -30
0.4699 0.0197 -0.0003 0 0 0 -30
0.4719 0.0191 0.4445 0 0 0 -30
0.4719 0.0187 0.4436 0 0 0 0
0.4639 0.0113 0.4407 0 0 0 30
0.4679 0.0113 0.4407 0 0 0 30
0.4699 0.0114 0.4382 0 0 0 30
0.4839 0.0117 0.4373 0 0 0 30
0.4839 0.0117 0.4373 0 0 0 30
0.4839 0.0123 0.4368 0 0 0 0
0.4598 0.0134 0.4334 0 0 0 30
0.4538 0.0138 0.4316 0 0 0 30
0.4538 0.0142 0.4330 0 0 0 30
0.4538 0.0149 0.4314 0 0 0 30
0.4438 0.0164 0.4304 0 0 0 30
0.4438 0.0164 0.4304 0 0 0 30
0.4438 0.0164 0.4304 0 0 0 30
0.4438 0.0164 0.4304 0 0 0 30
0.4438 0.0164 0.4304 0 0 0 30
0.4438 0.0164 0.4304 0 0 0 30
0.4438 0.0164 0.4304 0 0 0 30
0.4438 0.0164 0.4304 0 0 0 0
0.4699 0.0188 0.4294 0 0 0 30
0.4699 0.0188 0.4307 0 0 0 30
0.4498 0.0188 0.4307 0 0 0 30
0.4679 0.0190 0.4342 0 0 0 30
0.4679 0.0192 0.4365 0 0 0 30
0.4679 0.0192 0.4365 0 0 0 30
0.4598 0.0192 -0.0211 0 0 0 30
0.4598 0.0192 -0.0211 0 0 0 30
0.4538 0.0195 -0.0219 0 0 0 0
0.4659 0.0207 -0.0208 0 0 0 30
0.4859 0.0214 -0.0193 0 0 0 30
0.4799 0.0214 -0.0193 0 0 0 30
0.4799 0.0214 -0.0193 0 0 0 30
0.4679 0.0221 -0.0188 0 0 0 30
0.4679 0.0221 -0.0188 0 0 0 30
0.4679 0.0221 -0.0188 0 0 0 30
0.4839 0.0223 -0.0175 0 0 0 30
0.4839 0.0223 -0.0175 0 0 0 0
0.4739 0.0147 0.4647 0 0 -30 0
0.4799 0.0147 0.4647 0 0 -30 0
0.4839 0.0154 0.4652 0 0 -30 0
0.4839 0.0154 0.4652 0 0 -30 0
0.4679 0.0169 0.4649 0 0 -30 0
0.4739 0.0172 0.4652 0 0 -30 0
0.4679 0.0173 0.4647 0 0 -30 0
0.4779 0.0173 0.4649 0 0 -30 0
0.4779 0.0173 0.4649 0 0 -30 0
0.4739 0.0174 0.4643 0 0 -30 0
0.4739 0.0174 0.4643 0 0 -30 0
0.4739 0.0174 0.4643 0 0 -30 0
0.4739 0.0174 0.4643 0 0 -30 0
0.4880 0.0176 0.4649 0 0 -30 0
0.4880 0.0176 0.4649 0 0 -30 0
0.4880 0.0176 0.4649 0 0 -30 0
0.4880 0.0176 0.4649 0 0 -30 0
0.4880 0.0176 0.4649 0 0 -30 0
0.4859 0.0185 0.4664 0 0 0 0
0.4799 0.0192 0.4668 0 0 -30 0
0.4839 0.0195 0.4671 0 0 -30 0
0.4799 0.0197 0.4668 0 0 -30 0
0.4839 0.0195 0.4666 0 0 -30 0
0.4839 0.0195 0.4666 0 0 -30 0
0.4839 0.0195 0.4666 0 0 -30 0
0.4839 0.0195 0.4666 0 0 -30 0
0.4839 0.0195 0.4666 0 0 -30 0
0.4679 0.0194 0.4658 0 0 -30 0
0.4679 0.0194 0.4658 0 0 -30 0
0.4679 0.0194 0.4658 0 0 -30 0
0.4679 0.0194 0.4658 0 0 -30 0
0.4679 0.0194 0.4658 0 0 -30 0
0.4578 0.0191 0.4660 0 0 -30 0
0.4578 0.0191 0.4660 0 0 -30 0
0.4578 0.0191 0.4660 0 0 -30 0
0.4578 0.0191 0.4660 0 0 0 0
0.4679 0.0195 0.4657 0 0 -30 0
0.4598 0.0197 0.4650 0 0 -30 0
0.4719 0.0197 0.4652 0 0 -30 0
0.4799 0.0202 0.4625 0 0 -30 0
0.4799 0.0208 0.4616 0 0 -30 0
0.4799 0.0208 0.4616 0 0 -30 0
0.4578 0.0210 0.4606 0 0 -30 0
0.4578 0.0210 0.4606 0 0 -30 0
0.4578 0.0210 0.4606 0 0 -30 0
0.4578 0.0210 0.4606 0 0 -30 0
0.4578 0.0210 0.4606 0 0 -30 0
0.4578 0.0210 0.4606 0 0 -30 0
0.4578 0.0207 0.4615 0 0 -30 0
0.4578 0.0207 0.4615 0 0 0 0
0.4859 0.0199 0.4608 0 0 -30 0
0.4779 0.0189 0.4601 0 0 -30 0
0.4839 0.0189 0.4601 0 0 -30 0
0.4839 0.0189 0.4601 0 0 -30 0
0.4880 0.0190 0.4615 0 0 -30 0
0.4880 0.0190 0.4615 0 0 -30 0
0.4819 0.0186 0.4608 0 0 -30 0
0.4819 0.0186 0.4608 0 0 -30 0
0.4819 0.0186 0.4608 0 0 -30 0
0.4819 0.0186 0.4608 0 0 -30 0
0.4819 0.0186 0.4608 0 0 -30 0
0.4819 0.0186 0.4608 0 0 -30 0
0.4819 0.0186 0.4608 0 0 -30 0
0.4940 0.0179 0.4603 0 0 -30 0
0.4940 0.0179 0.4603 0 0 -30 0
0.4940 0.0179 0.4603 0 0 -30 0
0.4940 0.0179 0.4603 0 0 0 0
0.4799 0.0169 -0.0012 0 0 -30 0
0.4880 0.0159 -0.0005 0 0 -30 0
0.4880 0.0159 -0.0005 0 0 -30 0
0.4900 0.0147 -0.0011 0 0 -30 0
0.4900 0.0142 -0.0020 0 0 -30 0
0.4880 0.0142 -0.0020 0 0 -30 0
0.4880 0.0142 -0.0020 0 0 -30 0
0.5000 0.0140 0.0002 0 0 -30 0
0.5000 0.0140 0.0002 0 0 0 0
0.4839 0.0149 0.0024 0 0 -30 0
0.4839 0.0149 0.0024 0 0 -30 0
0.4839 0.0148 0.0015 0 0 -30 0
0.4639 0.0148 0.0015 0 0 -30 0
0.4960 0.0147 0.0023 0 0 -30 0
0.4960 0.0147 0.0023 0 0 -30 0
0.4779 0.0145 0.0018 0 0 -30 0
0.4779 0.0145 0.0018 0 0 0 0
0.4759 0.0166 0.0041 0 0 -30 0
0.4739 0.0166 0.0041 0 0 -30 0
0.5000 0.0167 0.0045 0 0 -30 0
0.5000 0.0167 0.0045 0 0 -30 0
0.4759 0.0168 0.0045 0 0 -30 0
0.4759 0.0164 0.0044 0 0 -30 0
0.4880 0.0164 0.0044 0 0 -30 0
0.4679 0.0158 0.0043 0 0 -30 0
0.4679 0.0158 0.0043 0 0 -30 0
0.4900 0.0154 0.0050 0 0 0 0
0.4799 0.0151 0.0047 0 0 -30 0
0.4839 0.0151 0.0033 0 0 -30 0
0.4839 0.0151 0.0033 0 0 -30 0
0.5020 0.0151 0.0033 0 0 -30 0
0.4880 0.0149 0.0034 0 0 -30 0
0.4880 0.0149 0.0034 0 0 -30 0
0.4880 0.0150 0.0040 0 0 -30 0
0.4799 0.0150 0.0040 0 0 -30 0
0.4799 0.0150 0.0040 0 0 -30 0
0.4799 0.0150 0.0040 0 0 0 0
0.4699 0.0154 0.0030 0 0 -30 0
0.4719 0.0158 0.0029 0 0 -30 0
0.4719 0.0158 0.0029 0 0 -30 0
0.4719 0.0158 0.0029 0 0 -30 0
0.4719 0.0158 0.0029 0 0 -30 0
0.4719 0.0158 0.0029 0 0 -30 0
0.4719 0.0158 0.0029 0 0 0 0
0.4799 0.0174 0.0031 0 0 -30 0
0.4799 0.0174 0.0031 0 0 -30 0
0.4438 0.0180 0.0032 0 0 -30 0
0.4739 0.0184 0.0030 0 0 -30 0
0.4719 0.0182 0.0013 0 0 -30 0
0.4659 0.0181 0.0016 0 0 0 0
0.4598 0.0184 0.0018 0 0 -30 0
0.4659 0.0184 0.0018 0 0 -30 0
0.4759 0.0186 0.0030 0 0 -30 0
0.4779 0.0187 0.0027 0 0 -30 0
0.4779 0.0187 0.0027 0 0 -30 0
0.4779 0.0187 0.0027 0 0 -30 0
0.4779 0.0187 0.0027 0 0 0 0
0.4679 0.0202 0.0021 0 0 -30 0
0.4558 0.0202 0.0021 0 0 -30 0
0.4920 0.0205 0.0022 0 0 -30 0
0.4719 0.0210 0.0017 0 0 -30 0
0.4719 0.0210 0.0017 0 0 -30 0
0.4719 0.0210 0.0017 0 0 -30 0
0.4618 0.0212 0.0013 0 0 0 0
0.4699 0.0222 0.0020 0 0 -30 0
0.4859 0.0227 0.0032 0 0 -30 0
0.4900 0.0234 0.0021 0 0 -30 0
0.4819 0.0244 0.0041 0 0 -30 0
0.4819 0.0244 0.0041 0 0 -30 0
0.4819 0.0244 0.0041 0 0 0 0
0.4859 0.0257 0.0038 0 0 -30 0
0.4859 0.0257 0.0038 0 0 -30 0
0.4578 0.0258 0.0026 0 0 -30 0
0.4578 0.0258 0.0026 0 0 -30 0
0.4659 0.0259 0.0039 0 0 -30 0
0.4659 0.0259 0.0039 0 0 -30 0
0.4538 0.0264 0.0027 0 0 0 0
0.5000 0.0275 0.0022 0 0 30 0
0.4819 0.0272 0.0032 0 0 30 0
0.5020 0.0271 0.0028 0 0 30 0
0.5020 0.0271 0.0028 0 0 0 0
0.4859 0.0284 0.0041 0 0 30 0
0.4880 0.0284 0.0035 0 0 30 0
0.4880 0.0284 0.0035 0 0 30 0
0.4880 0.0288 0.0020 0 0 0 0
0.5000 0.0295 0.0020 0 0 30 0
0.4859 0.0297 0.0007 0 0 30 0
0.4799 0.0296 0.0010 0 0 30 0
0.4799 0.0296 0.0010 0 0 30 0
0.4819 0.0294 0.0002 0 0 30 0
0.4819 0.0294 0.0002 0 0 30 0
0.4900 0.0291 -0.0012 0 0 0 0
0.5020 0.0285 -0.0021 0 0 30 0
0.5020 0.0285 -0.0021 0 0 30 0
0.4960 0.0278 -0.0008 0 0 30 0
0.4679 0.0278 -0.0008 0 0 30 0
0.4679 0.0278 -0.0008 0 0 30 0
0.4679 0.0278 -0.0008 0 0 0 0
0.4980 0.0276 -0.0010 0 0 30 0
0.4819 0.0275 -0.0021 0 0 30 0
0.4819 0.0275 -0.0021 0 0 30 0
0.4940 0.0274 -0.0013 0 0 30 0
0.4940 0.0274 -0.0013 0 0 30 0
0.5120 0.0274 -0.0001 0 0 30 0
0.5040 0.0273 0.0007 0 0 30 0
0.4900 0.0271 0.0016 0 0 30 0
0.4920 0.0272 0.0031 0 0 30 0
0.4920 0.0272 0.0031 0 0 30 0
0.4920 0.0272 0.0031 0 0 0 0
0.5100 0.0271 0.0021 0 0 30 0
0.5100 0.0271 0.0021 0 0 30 0
0.5100 0.0269 0.0020 0 0 30 0
0.4618 0.0269 0.0020 0 0 30 0
0.4920 0.0268 0.0024 0 0 30 0
0.4920 0.0263 0.0031 0 0 0 0
0.4819 0.0259 0.4544 0 0 30 0
0.4819 0.0260 0.4518 0 0 30 0
0.4799 0.0260 0.4518 0 0 30 0
0.4880 0.0260 0.4516 0 0 0 0
0.4739 0.0257 0.4503 0 0 30 0
0.4739 0.0257 0.4503 0 0 30 0
0.4779 0.0256 0.4507 0 0 30 0
0.4779 0.0256 0.4507 0 0 30 0
0.4739 0.0255 0.4513 0 0 30 0
0.4739 0.0256 0.4519 0 0 30 0
0.4759 0.0256 0.4519 0 0 30 0
0.4819 0.0257 0.4526 0 0 30 0
0.4839 0.0258 0.4521 0 0 30 0
0.4839 0.0258 0.4521 0 0 0 0
0.4739 0.0255 0.4521 0 0 30 0
0.4859 0.0251 0.4519 0 0 30 0
0.4639 0.0244 0.4507 0 0 30 0
0.4639 0.0240 0.4509 0 0 30 0
0.4639 0.0240 0.4509 0 0 30 0
0.4639 0.0240 0.4509 0 0 30 0
0.4779 0.0238 0.4503 0 0 30 0
0.4779 0.0238 0.4503 0 0 30 0
0.4779 0.0238 0.4503 0 0 30 0
0.4779 0.0238 0.4503 0 0 0 0
0.4839 0.0251 0.4497 0 0 30 0
0.4839 0.0250 0.4478 0 0 30 0
0.4699 0.0250 0.4478 0 0 30 0
0.4699 0.0247 0.4471 0 0 30 0
0.4799 0.0238 0.4459 0 0 0 0
0.4719 0.0218 0.4457 0 0 30 0
0.4739 0.0216 0.4451 0 0 30 0
0.4719 0.0218 0.4462 0 0 30 0
0.4779 0.0213 0.4465 0 0 30 0
0.4739 0.0210 0.4473 0 0 30 0
0.4739 0.0210 0.4473 0 0 30 0
0.4739 0.0210 0.4473 0 0 0 0
0.4739 0.0210 0.4473 0 0 30 0
0.4819 0.0197 0.4480 0 0 30 0
0.4960 0.0185 0.4475 0 0 30 0
0.4980 0.0171 0.4467 0 0 30 0
0.4980 0.0171 0.4467 0 0 30 0
0.4759 0.0150 0.4459 0 0 30 0
0.5100 0.0136 0.4453 0 0 30 0
0.4940 0.0124 0.4460 0 0 30 0
0.4940 0.0124 0.4460 0 0 30 0
0.4940 0.0124 0.4460 0 0 30 0
0.4940 0.0124 0.4460 0 0 30 0
0.4940 0.0124 0.4460 0 0 0 0
0.4839 0.0076 -0.0002 0 0 30 0
0.4639 0.0071 0.0023 0 0 30 0
0.4759 0.0070 0.0020 0 0 30 0
0.4759 0.0070 0.0020 0 0 0 0
0.4799 0.0078 0.0106 0 30 0 0
0.4839 0.0113 0.0113 0 30 0 0
0.4839 0.0113 0.0113 0 30 0 0
0.4839 0.0128 0.0106 0 30 0 0
0.4839 0.0128 0.0106 0 30 0 0
0.4940 0.0172 0.0092 0 30 0 0
0.4880 0.0184 0.0099 0 30 0 0
0.4880 0.0184 0.0099 0 30 0 0
0.4819 0.0189 0.0094 0 30 0 0
0.4639 0.0176 0.0073 0 30 0 0
0.4639 0.0176 0.0073 0 30 0 0
0.4779 0.0183 0.0069 0 30 0 0
0.4779 0.0183 0.0069 0 30 0 0
0.4779 0.0183 0.0069 0 30 0 0
0.4639 0.0193 0.0064 0 30 0 0
0.4639 0.0193 0.0064 0 30 0 0
0.4639 0.0193 0.0064 0 30 0 0
0.4639 0.0193 0.0064 0 30 0 0
0.4639 0.0193 0.0064 0 30 0 0
0.4639 0.0193 0.0064 0 30 0 0
0.4819 0.0202 0.0061 0 30 0 0
0.4819 0.0202 0.0061 0 30 0 0
0.4819 0.0202 0.0061 0 30 0 0
0.4839 0.0203 0.0062 0 30 0 0
0.4839 0.0203 0.0062 0 30 0 0
0.4839 0.0203 0.0062 0 30 0 0
0.4839 0.0203 0.0062 0 30 0 0
0.4799 0.0201 0.0066 0 30 0 0
0.4799 0.0201 0.0066 0 30 0 0
0.4799 0.0201 0.0066 0 30 0 0
0.4799 0.0201 0.0066 0 30 0 0
0.4799 0.0201 0.0066 0 30 0 0
0.4799 0.0201 0.0066 0 30 0 0
0.4719 0.0196 0.0076 0 30 0 0
0.4719 0.0196 0.0076 0 30 0 0
0.4719 0.0196 0.0076 0 30 0 0
0.4799 0.0192 0.0067 0 30 0 0
0.4799 0.0192 0.0067 0 30 0 0
0.4799 0.0192 0.0067 0 30 0 0
0.4799 0.0192 0.0067 0 30 0 0
0.5100 0.0190 0.0070 0 30 0 0
0.5100 0.0190 0.0070 0 30 0 0
0.5100 0.0190 0.0070 0 30 0 0
0.5100 0.0190 0.0070 0 30 0 0
0.5100 0.0190 0.0070 0 30 0 0
0.5020 0.0192 0.0061 0 30 0 0
0.5020 0.0192 0.0061 0 30 0 0
0.5020 0.0192 0.0061 0 30 0 0
0.5020 0.0192 0.0061 0 30 0 0
0.5020 0.0199 0.0058 0 30 0 0
0.5020 0.0199 0.0058 0 30 0 0
0.5020 0.0199 0.0058 0 30 0 0
0.5020 0.0199 0.0058 0 30 0 0
0.5020 0.0199 0.0058 0 30 0 0
0.4960 0.0208 0.0053 0 30 0 0
0.4960 0.0208 0.0053 0 30 0 0
0.4960 0.0208 0.0053 0 30 0 0
0.4960 0.0208 0.0053 0 30 0 0
0.4960 0.0208 0.0053 0 30 0 0
0.5080 0.0221 0.0053 0 30 0 0
0.5080 0.0221 0.0053 0 30 0 0
0.5080 0.0224 0.0064 0 30 0 0
0.5020 0.0224 0.0064 0 30 0 0
0.5020 0.0224 0.0064 0 30 0 0
0.5020 0.0224 0.0064 0 30 0 0
0.5020 0.0222 0.0078 0 30 0 0
0.4960 0.0222 0.0078 0 30 0 0
0.4960 0.0222 0.0078 0 30 0 0
0.4960 0.0222 0.0078 0 30 0 0
0.4960 0.0222 0.0078 0 30 0 0
0.4920 0.0213 0.0076 0 30 0 0
0.4920 0.0213 0.0076 0 30 0 0
0.4920 0.0213 0.0076 0 30 0 0
0.4920 0.0201 0.0055 0 30 0 0
0.4920 0.0201 0.0055 0 30 0 0
0.4920 0.0201 0.0055 0 30 0 0
0.4920 0.0201 0.0055 0 30 0 0
0.4920 0.0201 0.0055 0 30 0 0
0.4920 0.0186 0.0045 0 30 0 0
0.4920 0.0186 0.0045 0 30 0 0
0.4920 0.0186 0.0045 0 30 0 0
0.4920 0.0186 0.0045 0 30 0 0
0.4920 0.0186 0.0045 0 30 0 0
0.4900 0.0170 0.0036 0 30 0 0
0.4900 0.0170 0.0036 0 30 0 0
0.4900 0.0170 0.0036 0 30 0 0
0.4900 0.0162 0.0045 0 30 0 0
0.4859 0.0162 0.0045 0 30 0 0
0.4859 0.0162 0.0045 0 0 0 0
0.4859 0.0131 0.0078 0 30 0 0
0.4839 0.0131 0.0078 0 30 0 0
0.4759 0.0123 0.0063 0 30 0 0
0.4920 0.0117 0.0055 0 30 0 0
0.4920 0.0110 0.0054 0 30 0 0
0.5120 0.0100 0.0051 0 30 0 0
0.4960 0.0101 0.0071 0 30 0 0
0.4799 0.0104 0.0097 0 30 0 0
0.4799 0.0104 0.0097 0 30 0 0
0.4799 0.0104 0.0097 0 30 0 0
0.4799 0.0104 0.0097 0 30 0 0
0.4799 0.0106 0.0104 0 30 0 0
0.4799 0.0106 0.0104 0 30 0 0
0.4799 0.0106 0.0104 0 0 0 0
0.4739 0.0118 0.0121 0 30 0 0
0.4900 0.0133 0.0118 0 30 0 0
0.5060 0.0147 0.0148 0 30 0 0
0.5060 0.0158 0.0134 0 30 0 0
0.4900 0.0158 0.0134 0 30 0 0
0.4900 0.0158 0.0134 0 30 0 0
0.4900 0.0158 0.0134 0 30 0 0
0.4819 0.0151 0.0130 0 30 0 0
0.4819 0.0151 0.0130 0 30 0 0
0.4819 0.0151 0.0130 0 30 0 0
0.4819 0.0151 0.0130 0 30 0 0
0.4900 0.0140 0.0131 0 0 0 0
0.5060 0.0057 0.0105 0 30 0 0
0.5060 0.0077 0.0095 0 30 0 0
0.4940 0.0074 0.0090 0 30 0 0
0.4960 0.0063 0.0068 0 30 0 0
0.4960 0.0063 0.0068 0 30 0 0
0.4799 0.0075 0.0026 0 30 0 0
0.4900 0.0075 0.0026 0 30 0 0
0.4900 0.0075 0.0026 0 30 0 0
0.4880 0.0080 0.0022 0 30 0 0
0.4880 0.0080 0.0022 0 30 0 0
0.4880 0.0080 0.0022 0 0 0 0
0.4839 0.0088 0.0016 0 30 0 0
0.4618 0.0087 0.0016 0 30 0 0
0.4679 0.0072 0.0025 0 30 0 0
0.4839 0.0060 0.0029 0 30 0 0
0.4799 0.0049 0.0034 0 30 0 0
0.4799 0.0049 0.0034 0 30 0 0
0.4799 0.0049 0.0034 0 30 0 0
0.4779 0.0044 0.0040 0 30 0 0
0.4779 0.0044 0.0040 0 0 0 0
0.5000 0.0046 0.0032 0 30 0 0
0.5241 0.0047 0.0045 0 30 0 0
0.5161 0.0054 0.0047 0 30 0 0
0.4980 0.0053 0.0046 0 30 0 0
0.4819 0.0037 0.0044 0 30 0 0
0.4880 0.0028 0.0032 0 30 0 0
0.5020 0.0022 0.0028 0 30 0 0
0.5020 0.0022 0.0028 0 30 0 0
0.5020 0.0022 0.0028 0 30 0 0
0.5020 0.0022 0.0028 0 30 0 0
0.4859 0.0024 0.0029 0 30 0 0
0.4859 0.0024 0.0029 0 30 0 0
0.4859 0.0024 0.0029 0 30 0 0
0.4859 0.0024 0.0029 0 0 0 0
0.4759 0.0064 -0.0318 -30 0 0 0
0.4799 0.0065 -0.0318 -30 0 0 0
0.4779 0.0065 -0.0318 -30 0 0 0
0.4779 0.0050 -0.0310 -30 0 0 0
0.4659 0.0050 -0.0310 -30 0 0 0
0.4618 0.0034 -0.0313 -30 0 0 0
0.4618 0.0018 -0.0322 -30 0 0 0
0.4819 0.0018 -0.0322 -30 0 0 0
0.4719 0.0009 -0.0303 -30 0 0 0
0.4719 0.0009 -0.0303 -30 0 0 0
0.4819 0.0015 -0.0289 -30 0 0 0
0.4819 0.0019 -0.0290 -30 0 0 0
0.4880 0.0019 -0.0290 -30 0 0 0
0.4880 0.0019 -0.0290 -30 0 0 0
0.4880 0.0021 -0.0280 -30 0 0 0
0.4940 0.0021 -0.0280 -30 0 0 0
0.4940 0.0021 -0.0280 -30 0 0 0
0.5000 0.0026 -0.0278 -30 0 0 0
0.5000 0.0026 -0.0278 -30 0 0 0
0.5000 0.0026 -0.0278 -30 0 0 0
0.5000 0.0026 -0.0278 -30 0 0 0
0.5000 0.0026 -0.0278 -30 0 0 0
0.5000 0.0026 -0.0278 -30 0 0 0
0.5000 0.0026 -0.0278 -30 0 0 0
0.4880 0.0033 -0.0277 -30 0 0 0
0.4880 0.0033 -0.0277 -30 0 0 0
0.4880 0.0033 -0.0277 -30 0 0 0
0.4900 0.0034 -0.0260 -30 0 0 0
0.4900 0.0034 -0.0260 -30 0 0 0
0.4900 0.0030 -0.0262 -30 0 0 0
0.4960 0.0030 -0.0262 -30 0 0 0
0.4960 0.0030 -0.0262 -30 0 0 0
0.4960 0.0030 -0.0262 -30 0 0 0
0.4960 0.0030 -0.0262 -30 0 0 0
0.4960 0.0030 -0.0262 -30 0 0 0
0.5201 0.0023 -0.0264 -30 0 0 0
0.5201 0.0023 -0.0264 -30 0 0 0
0.5201 0.0023 -0.0264 -30 0 0 0
0.5201 0.0023 -0.0264 -30 0 0 0
0.5201 0.0023 -0.0264 -30 0 0 0
0.4900 0.0016 -0.0267 -30 0 0 0
0.4900 0.0016 -0.0267 -30 0 0 0
0.4900 0.0016 -0.0267 -30 0 0 0
0.4960 0.0010 -0.0261 -30 0 0 0
0.4960 0.0010 -0.0261 -30 0 0 0
0.4960 0.0010 -0.0261 -30 0 0 0
0.4960 0.0010 -0.0261 -30 0 0 0
0.4960 0.0010 -0.0261 -30 0 0 0
0.4960 0.0010 -0.0261 -30 0 0 0
0.4859 0.0010 -0.0260 -30 0 0 0
0.4859 0.0010 -0.0260 -30 0 0 0
0.4859 0.0010 -0.0260 -30 0 0 0
0.4859 0.0010 -0.0260 -30 0 0 0
0.4839 0.0018 -0.0254 -30 0 0 0
0.4839 0.0018 -0.0254 -30 0 0 0
0.4839 0.0018 -0.0254 -30 0 0 0
0.4598 0.0029 -0.0248 -30 0 0 0
0.4598 0.0029 -0.0248 -30 0 0 0
0.4598 0.0029 -0.0248 -30 0 0 0
0.4598 0.0029 -0.0248 -30 0 0 0
0.4598 0.0029 -0.0248 -30 0 0 0
0.4598 0.0029 -0.0248 -30 0 0 0
0.4598 0.0029 -0.0248 -30 0 0 0
0.4920 0.0040 -0.0229 -30 0 0 0
0.4920 0.0040 -0.0229 -30 0 0 0
0.4920 0.0040 -0.0229 -30 0 0 0
0.4739 0.0045 -0.0221 -30 0 0 0
0.4739 0.0045 -0.0221 -30 0 0 0
0.4739 0.0045 -0.0221 -30 0 0 0
0.4739 0.0046 -0.0218 -30 0 0 0
0.4699 0.0046 -0.0218 -30 0 0 0
0.4699 0.0046 -0.0218 -30 0 0 0
0.4699 0.0046 -0.0218 -30 0 0 0
0.4699 0.0046 -0.0218 -30 0 0 0
0.4699 0.0046 -0.0218 -30 0 0 0
0.4699 0.0046 -0.0218 -30 0 0 0
0.4819 0.0044 -0.0218 -30 0 0 0
0.4819 0.0044 -0.0218 -30 0 0 0
0.4819 0.0044 -0.0218 -30 0 0 0
0.4819 0.0044 -0.0218 -30 0 0 0
0.4819 0.0042 -0.0220 -30 0 0 0
0.4759 0.0042 -0.0220 -30 0 0 0
0.4759 0.0042 -0.0220 -30 0 0 0
0.4759 0.0038 -0.0228 -30 0 0 0
0.4920 0.0038 -0.0228 -30 0 0 0
0.4920 0.0038 -0.0228 -30 0 0 0
0.4920 0.0038 -0.0228 -30 0 0 0
0.4920 0.0038 -0.0228 -30 0 0 0
0.4920 0.0038 -0.0228 -30 0 0 0
0.4558 0.0037 -0.0225 -30 0 0 0
0.4558 0.0037 -0.0225 -30 0 0 0
0.4558 0.0037 -0.0225 -30 0 0 0
0.4558 0.0037 -0.0225 -30 0 0 0
0.4558 0.0036 -0.0204 -30 0 0 0
0.4819 0.0036 -0.0204 -30 0 0 0
0.4719 0.0035 -0.0200 -30 0 0 0
0.4719 0.0035 -0.0200 -30 0 0 0
0.4719 0.0035 -0.0200 -30 0 0 0
0.4719 0.0035 -0.0200 -30 0 0 0
0.4719 0.0035 -0.0200 -30 0 0 0
0.4719 0.0035 -0.0200 -30 0 0 0
0.4719 0.0035 -0.0200 -30 0 0 0
0.4719 0.0034 -0.0205 -30 0 0 0
0.4900 0.0034 -0.0205 -30 0 0 0
0.4900 0.0034 -0.0205 -30 0 0 0
0.4900 0.0034 -0.0205 -30 0 0 0
0.4900 0.0034 -0.0205 -30 0 0 0
0.4779 0.0030 -0.0198 -30 0 0 0
0.4779 0.0030 -0.0198 -30 0 0 0
0.4779 0.0030 -0.0198 -30 0 0 0
0.4779 0.0030 -0.0198 -30 0 0 0
0.4779 0.0025 -0.0199 -30 0 0 0
0.4659 0.0025 -0.0199 -30 0 0 0
0.4659 0.0025 -0.0199 -30 0 0 0
0.4659 0.0025 -0.0199 -30 0 0 0
0.4659 0.0025 -0.0199 -30 0 0 0
0.4659 0.0025 -0.0199 -30 0 0 0
0.4659 0.0025 -0.0199 -30 0 0 0
0.4659 0.0025 -0.0199 -30 0 0 0
0.4759 0.0025 -0.0210 -30 0 0 0
0.4759 0.0025 -0.0210 -30 0 0 0
0.4759 0.0025 -0.0210 -30 0 0 0
0.4759 0.0025 -0.0210 -30 0 0 0
0.4759 0.0025 -0.0210 -30 0 0 0
0.4639 0.0029 -0.0211 -30 0 0 0
0.4639 0.0029 -0.0211 -30 0 0 0
0.4719 0.0038 -0.0226 -30 0 0 0
0.4719 0.0038 -0.0226 -30 0 0 0
0.4719 0.0038 -0.0226 -30 0 0 0
0.4679 0.0044 -0.0217 -30 0 0 0
0.4679 0.0044 -0.0217 -30 0 0 0
0.4679 0.0044 -0.0217 -30 0 0 0
0.4679 0.0044 -0.0217 -30 0 0 0
0.4679 0.0045 -0.0239 -30 0 0 0
0.4880 0.0045 -0.0239 -30 0 0 0
0.4880 0.0045 -0.0239 -30 0 0 0
0.4880 0.0045 -0.0239 -30 0 0 0
0.4880 0.0045 -0.0239 -30 0 0 0
0.4880 0.0045 -0.0239 -30 0 0 0
0.4779 0.0036 -0.0255 -30 0 0 0
0.4779 0.0036 -0.0255 -30 0 0 0
0.4779 0.0036 -0.0255 -30 0 0 0
0.4779 0.0036 -0.0255 -30 0 0 0
0.4779 0.0036 -0.0255 -30 0 0 0
0.5080 0.0031 -0.0231 -30 0 0 0
0.5080 0.0031 -0.0231 -30 0 0 0
0.5080 0.0031 -0.0231 -30 0 0 0
0.5080 0.0031 -0.0231 -30 0 0 0
0.4880 0.0035 -0.0231 -30 0 0 0
0.4880 0.0035 -0.0231 -30 0 0 0
0.4880 0.0035 -0.0231 -30 0 0 0
0.4880 0.0035 -0.0231 -30 0 0 0
0.4880 0.0035 -0.0231 -30 0 0 0
0.4880 0.0035 -0.0231 -30 0 0 0
0.4880 0.0035 -0.0231 -30 0 0 0
0.4880 0.0035 -0.0231 -30 0 0 0
0.4920 0.0046 -0.0257 -30 0 0 0
0.4920 0.0046 -0.0257 -30 0 0 0
0.4799 0.0051 -0.0262 -30 0 0 0
0.4799 0.0051 -0.0262 -30 0 0 0
0.4799 0.0051 -0.0262 -30 0 0 0
0.4960 0.0055 -0.0253 -30 0 0 0
0.4960 0.0055 -0.0253 -30 0 0 0
0.4960 0.0055 -0.0253 -30 0 0 0
0.4960 0.0055 -0.0253 -30 0 0 0
0.4960 0.0055 -0.0253 -30 0 0 0
0.4960 0.0056 -0.0289 -30 0 0 0
0.4839 0.0056 -0.0289 -30 0 0 0
0.4839 0.0056 -0.0289 -30 0 0 0
0.4839 0.0056 -0.0289 -30 0 0 0
0.4839 0.0055 -0.0273 -30 0 0 0
0.4739 0.0055 -0.0273 -30 0 0 0
0.4739 0.0055 -0.0273 -30 0 0 0
0.4739 0.0055 -0.0273 -30 0 0 0
0.4739 0.0052 -0.0266 -30 0 0 0
0.4739 0.0052 -0.0266 -30 0 0 0
0.4739 0.0052 -0.0266 -30 0 0 0
0.4739 0.0052 -0.0266 -30 0 0 0
0.4739 0.0051 -0.0260 -30 0 0 0
0.4719 0.0051 -0.0260 -30 0 0 0
0.4719 0.0051 -0.0260 -30 0 0 0
0.4719 0.0051 -0.0260 -30 0 0 0
0.4719 0.0051 -0.0260 0 0 0 0
0.4819 0.0137 -0.0283 -30 0 0 0
0.4799 0.0123 -0.0281 -30 0 0 0
0.4578 0.0109 -0.0228 -30 0 0 0
0.4578 0.0109 -0.0228 -30 0 0 0
0.4819 0.0117 -0.0266 -30 0 0 0
0.4920 0.0122 -0.0291 -30 0 0 0
0.4779 0.0126 -0.0292 -30 0 0 0
0.4880 0.0129 -0.0274 -30 0 0 0
0.4819 0.0131 -0.0282 -30 0 0 0
0.4819 0.0131 -0.0282 -30 0 0 0
0.4819 0.0131 -0.0282 -30 0 0 0
0.4719 0.0127 -0.0177 -30 0 0 0
0.4719 0.0127 -0.0177 -30 0 0 0
0.4719 0.0127 -0.0177 -30 0 0 0
0.4719 0.0127 -0.0177 -30 0 0 0
0.4739 0.0121 -0.0112 -30 0 0 0
0.4739 0.0121 -0.0112 -30 0 0 0
0.4739 0.0121 -0.0112 0 0 0 0
0.4759 0.0050 -0.0074 0 30 0 0
0.4598 0.0050 -0.0074 0 30 0 0
0.4679 0.0046 -0.0089 0 30 0 0
0.4779 0.0049 -0.0097 0 30 0 0
0.4779 0.0052 -0.0091 0 30 0 0
0.4920 0.0052 -0.0135 0 30 0 0
0.4659 0.0051 -0.0133 0 30 0 0
0.4659 0.0051 -0.0133 0 30 0 0
0.4659 0.0051 -0.0133 0 30 0 0
0.4659 0.0051 -0.0133 0 30 0 0
0.4618 0.0045 -0.0140 0 30 0 0
0.4618 0.0045 -0.0140 0 30 0 0
0.4618 0.0045 -0.0140 0 30 0 0
0.4618 0.0039 -0.0162 0 30 0 0
0.4618 0.0039 -0.0162 0 30 0 0
0.4618 0.0039 -0.0162 0 30 0 0
0.4618 0.0039 -0.0162 0 30 0 0
0.4618 0.0035 -0.0163 0 30 0 0
0.4699 0.0035 -0.0163 0 30 0 0
0.4699 0.0035 -0.0163 0 30 0 0
0.4699 0.0035 -0.0163 0 30 0 0
0.4699 0.0035 -0.0163 0 30 0 0
0.4699 0.0035 -0.0163 0 30 0 0
0.4699 0.0035 -0.0163 0 0 0 0
0.4739 0.0053 -0.0366 0 0 0 30
0.4779 0.0053 -0.0365 0 0 0 30
0.4880 0.0065 -0.0322 0 0 0 30
0.4819 0.0071 -0.0314 0 0 0 30
0.4639 0.0076 -0.0304 0 0 0 30
0.4639 0.0076 -0.0304 0 0 0 30
0.4639 0.0077 -0.0307 0 0 0 0
0.4618 0.0076 -0.0314 0 0 0 30
0.4639 0.0077 -0.0320 0 0 0 30
0.4558 0.0084 -0.0319 0 0 0 30
0.4699 0.0094 -0.0302 0 0 0 30
0.4699 0.0094 -0.0302 0 0 0 30
0.4598 0.0102 -0.0280 0 0 0 30
0.4598 0.0102 -0.0280 0 0 0 30
0.4598 0.0102 -0.0280 0 0 0 30
0.4598 0.0102 -0.0280 0 0 0 30
0.4598 0.0102 -0.0280 0 0 0 30
0.4598 0.0102 -0.0280 0 0 0 0
0.4598 0.0105 -0.0269 0 0 0 30
0.4799 0.0110 -0.0256 0 0 0 30
0.4578 0.0110 -0.0254 0 0 0 30
0.4578 0.0110 -0.0254 0 0 0 30
0.4859 0.0107 -0.0242 0 0 0 30
0.4859 0.0107 -0.0242 0 0 0 30
0.4618 0.0101 -0.0223 0 0 0 30
0.4618 0.0101 -0.0223 0 0 0 30
0.4699 0.0098 -0.0225 0 0 0 0
0.4719 0.0099 -0.0213 0 0 0 30
0.4639 0.0105 -0.0200 0 0 0 30
0.4639 0.0105 -0.0200 0 0 0 30
0.4578 0.0112 -0.0188 0 0 0 30
0.4618 0.0120 -0.0175 0 0 0 30
0.4759 0.0132 -0.0156 0 0 0 30
0.4759 0.0132 -0.0156 0 0 0 30
0.4759 0.0132 -0.0156 0 0 0 30
0.4759 0.0132 -0.0156 0 0 0 30
0.4759 0.0132 -0.0156 0 0 0 30
0.4679 0.0138 -0.0145 0 0 0 0
0.5000 0.0160 -0.0005 0 0 0 30
0.4859 0.0160 -0.0005 0 0 0 30
0.4940 0.0160 0.0002 0 0 0 30
0.4960 0.0159 0.0007 0 0 0 30
0.5080 0.0151 0.0010 0 0 0 30
0.4839 0.0139 0.0013 0 0 0 30
0.4839 0.0139 0.0013 0 0 0 30
0.4900 0.0129 0.0013 0 0 0 0
0.4659 0.0106 0.0030 0 0 0 30
0.4859 0.0132 0.0033 0 0 0 30
0.4839 0.0132 0.0033 0 0 0 30
0.4859 0.0160 0.0041 0 0 0 30
0.4859 0.0162 0.0044 0 0 0 30
0.4980 0.0162 0.0044 0 0 0 30
0.4980 0.0162 0.0044 0 0 0 30
0.4880 0.0142 0.0056 0 0 0 30
0.4980 0.0132 0.0056 0 0 0 0
0.5000 0.0111 0.0053 0 0 0 30
0.5000 0.0084 0.0058 0 0 0 30
0.5000 0.0084 0.0058 0 0 0 30
0.5000 0.0084 0.0058 0 0 0 30
0.5000 0.0084 0.0058 0 0 0 30
0.5000 0.0084 0.0058 0 0 0 30
0.4880 0.0079 0.0078 0 0 0 30
0.4880 0.0079 0.0078 0 0 0 30
0.4880 0.0079 0.0078 0 0 0 30
0.4880 0.0079 0.0078 0 0 0 0
0.4759 0.0072 0.0124 0 0 0 30
0.4739 0.0072 0.0124 0 0 0 30
0.4859 0.0063 0.0133 0 0 0 30
0.4940 0.0060 0.0149 0 0 0 30
0.4940 0.0060 0.0149 0 0 0 30
0.4940 0.0060 0.0149 0 0 0 30
0.4819 0.0061 0.0182 0 0 0 30
0.4819 0.0063 0.0192 0 0 0 30
0.4759 0.0063 0.0192 0 0 0 30
0.4759 0.0063 0.0192 0 0 0 30
0.4759 0.0063 0.0192 0 0 0 0
0.5020 0.0069 0.0218 0 0 0 30
0.5000 0.0076 0.0218 0 0 0 30
0.5000 0.0076 0.0218 0 0 0 30
0.5000 0.0076 0.0218 0 0 0 30
0.5000 0.0076 0.0218 0 0 0 30
0.5000 0.0076 0.0218 0 0 0 30
0.5000 0.0076 0.0218 0 0 0 30
0.5000 0.0076 0.0218 0 0 0 30
0.5000 0.0076 0.0218 0 0 0 30
0.5000 0.0076 0.0218 0 0 0 30
0.5000 0.0076 0.0218 0 0 0 30
0.5000 0.0076 0.0218 0 0 0 0
0.4759 0.0102 0.0220 -30 0 0 0
0.4779 0.0102 0.0220 -30 0 0 0
0.4839 0.0102 0.0210 -30 0 0 0
0.4759 0.0097 0.0217 -30 0 0 0
0.4759 0.0097 0.0217 -30 0 0 0
0.4940 0.0081 0.0255 -30 0 0 0
0.4940 0.0081 0.0255 -30 0 0 0
0.4839 0.0061 0.0285 -30 0 0 0
0.4900 0.0061 0.0285 -30 0 0 0
0.4839 0.0055 0.0281 -30 0 0 0
0.4940 0.0048 0.0281 -30 0 0 0
0.4940 0.0048 0.0281 -30 0 0 0
0.4940 0.0048 0.0281 -30 0 0 0
0.4558 0.0044 0.0277 -30 0 0 0
0.4558 0.0044 0.0277 -30 0 0 0
0.4558 0.0044 0.0277 -30 0 0 0
0.4558 0.0044 0.0277 -30 0 0 0
0.4558 0.0044 0.0277 -30 0 0 0
0.4558 0.0044 0.0277 -30 0 0 0
0.4799 0.0038 0.0265 -30 0 0 0
0.4799 0.0038 0.0265 -30 0 0 0
0.4759 0.0039 0.0266 -30 0 0 0
0.4759 0.0039 0.0266 -30 0 0 0
0.4759 0.0039 0.0266 -30 0 0 0
0.4759 0.0039 0.0266 -30 0 0 0
0.4759 0.0039 0.0266 -30 0 0 0
0.4779 0.0049 0.0265 -30 0 0 0
0.4779 0.0049 0.0265 -30 0 0 0
0.4779 0.0049 0.0265 -30 0 0 0
0.4779 0.0049 0.0265 -30 0 0 0
0.4779 0.0049 0.0265 -30 0 0 0
0.4779 0.0049 0.0265 -30 0 0 0
0.4900 0.0058 0.0275 -30 0 0 0
0.4900 0.0058 0.0275 -30 0 0 0
0.4900 0.0058 0.0275 -30 0 0 0
0.4900 0.0058 0.0275 -30 0 0 0
0.4980 0.0062 0.0270 -30 0 0 0
0.4980 0.0062 0.0270 -30 0 0 0
0.4980 0.0062 0.0270 -30 0 0 0
0.4980 0.0062 0.0270 -30 0 0 0
0.4960 0.0061 0.0262 -30 0 0 0
0.4960 0.0061 0.0262 -30 0 0 0
0.4960 0.0061 0.0262 -30 0 0 0
0.4960 0.0061 0.0262 -30 0 0 0
0.4960 0.0061 0.0262 -30 0 0 0
0.4920 0.0059 0.0244 -30 0 0 0
0.4920 0.0059 0.0244 -30 0 0 0
0.4859 0.0059 0.0249 -30 0 0 0
0.4859 0.0059 0.0249 -30 0 0 0
0.4859 0.0059 0.0249 -30 0 0 0
0.4859 0.0059 0.0249 -30 0 0 0
0.4859 0.0059 0.0249 -30 0 0 0
0.4859 0.0059 0.0249 -30 0 0 0
0.4739 0.0062 0.0254 -30 0 0 0
0.4739 0.0062 0.0254 -30 0 0 0
0.4739 0.0062 0.0254 -30 0 0 0
0.4739 0.0062 0.0254 -30 0 0 0
0.4739 0.0062 0.0254 -30 0 0 0
0.4900 0.0070 0.0269 -30 0 0 0
0.4900 0.0070 0.0269 -30 0 0 0
0.4900 0.0070 0.0269 -30 0 0 0
0.4779 0.0079 0.0268 -30 0 0 0
0.4779 0.0079 0.0268 -30 0 0 0
0.4779 0.0079 0.0268 -30 0 0 0
0.4779 0.0079 0.0268 -30 0 0 0
0.4779 0.0079 0.0268 -30 0 0 0
0.4779 0.0087 0.0276 -30 0 0 0
0.4799 0.0087 0.0276 -30 0 0 0
0.4799 0.0087 0.0276 -30 0 0 0
0.4799 0.0087 0.0276 -30 0 0 0
0.4799 0.0087 0.0276 0 0 0 0
0.4739 0.0061 0.0229 -30 0 0 0
0.4779 0.0058 0.0228 -30 0 0 0
0.4739 0.0053 0.0248 -30 0 0 0
0.4739 0.0053 0.0248 -30 0 0 0
0.4880 0.0048 0.0257 -30 0 0 0
0.4679 0.0044 0.0214 -30 0 0 0
0.4739 0.0045 0.0219 -30 0 0 0
0.4518 0.0045 0.0118 -30 0 0 0
0.4518 0.0045 0.0118 -30 0 0 0
0.4518 0.0046 0.0120 -30 0 0 0
0.4538 0.0046 0.0120 -30 0 0 0
0.4538 0.0046 0.0120 -30 0 0 0
0.4538 0.0046 0.0120 -30 0 0 0
0.4538 0.0046 0.0120 -30 0 0 0
0.4779 0.0044 0.0111 -30 0 0 0
0.4779 0.0044 0.0111 -30 0 0 0
0.4779 0.0044 0.0111 -30 0 0 0
0.4799 0.0040 0.0109 -30 0 0 0
0.4799 0.0040 0.0109 0 0 0 0
0.4618 0.0037 0.0106 -30 0 0 0
0.4558 0.0037 0.0106 -30 0 0 0
0.4418 0.0039 0.0093 -30 0 0 0
0.4498 0.0039 0.0081 -30 0 0 0
0.4498 0.0039 0.0081 -30 0 0 0
0.4498 0.0039 0.0081 -30 0 0 0
0.4498 0.0039 0.0081 -30 0 0 0
0.4498 0.0039 0.0081 -30 0 0 0
0.4498 0.0039 0.0081 -30 0 0 0
0.4498 0.0039 0.0081 -30 0 0 0
0.4598 0.0040 0.0093 -30 0 0 0
0.4598 0.0040 0.0093 -30 0 0 0
0.4639 0.0041 0.0114 -30 0 0 0
0.4639 0.0041 0.0114 -30 0 0 0
0.4639 0.0041 0.0114 -30 0 0 0
0.4639 0.0041 0.0114 -30 0 0 0
0.4639 0.0041 0.0114 -30 0 0 0
0.4639 0.0043 0.0128 -30 0 0 0
0.4598 0.0043 0.0128 -30 0 0 0
0.4598 0.0043 0.0128 -30 0 0 0
0.4598 0.0043 0.0128 -30 0 0 0
0.4598 0.0043 0.0128 0 0 0 0
0.4699 0.0022 0.0115 -30 0 0 0
0.4699 0.0029 0.0128 -30 0 0 0
0.4859 0.0039 0.0122 -30 0 0 0
0.4659 0.0046 0.0139 -30 0 0 0
0.4699 0.0049 0.0155 -30 0 0 0
0.4699 0.0047 0.0150 -30 0 0 0
0.4699 0.0047 0.0150 -30 0 0 0
0.4699 0.0043 0.0177 -30 0 0 0
0.4819 0.0043 0.0177 -30 0 0 0
0.4819 0.0043 0.0177 -30 0 0 0
0.4819 0.0043 0.0177 -30 0 0 0
0.4819 0.0043 0.0177 -30 0 0 0
0.4819 0.0043 0.0177 -30 0 0 0
0.4819 0.0043 0.0177 -30 0 0 0
0.4799 0.0042 0.0063 -30 0 0 0
0.4799 0.0042 0.0063 -30 0 0 0
0.4799 0.0042 0.0063 -30 0 0 0
0.4799 0.0042 0.0063 0 0 0 0
0.4398 0.0056 -0.0184 -30 0 0 0
0.4398 0.0056 -0.0184 -30 0 0 0
0.4438 0.0061 -0.0213 -30 0 0 0
0.4719 0.0059 -0.0272 -30 0 0 0
0.4558 0.0045 -0.0250 -30 0 0 0
0.4639 0.0038 -0.0236 -30 0 0 0
0.4679 0.0028 -0.0262 -30 0 0 0
0.4679 0.0028 -0.0262 -30 0 0 0
0.4679 0.0028 -0.0262 -30 0 0 0
0.4679 0.0028 -0.0262 -30 0 0 0
0.4940 0.0028 -0.0277 -30 0 0 0
0.4940 0.0028 -0.0277 -30 0 0 0
0.4940 0.0028 -0.0277 -30 0 0 0
0.4819 0.0028 -0.0243 -30 0 0 0
0.4819 0.0028 -0.0243 -30 0 0 0
0.4819 0.0028 -0.0243 -30 0 0 0
0.4819 0.0028 -0.0243 0 0 0 0
0.4839 0.0032 -0.0244 -30 0 0 0
0.4839 0.0034 -0.0218 -30 0 0 0
0.4759 0.0035 -0.0228 -30 0 0 0
0.4699 0.0036 -0.0256 -30 0 0 0
0.4518 0.0035 -0.0256 -30 0 0 0
0.4518 0.0035 -0.0256 -30 0 0 0
0.4759 0.0035 -0.0296 -30 0 0 0
0.4759 0.0035 -0.0296 -30 0 0 0
0.4759 0.0035 -0.0296 -30 0 0 0
0.4759 0.0035 -0.0296 -30 0 0 0
0.4759 0.0035 -0.0296 -30 0 0 0
0.4739 0.0040 -0.0277 -30 0 0 0
0.4739 0.0040 -0.0277 -30 0 0 0
0.4739 0.0040 -0.0277 -30 0 0 0
0.4739 0.0040 -0.0277 -30 0 0 0
0.4739 0.0040 -0.0277 -30 0 0 0
0.4859 0.0046 -0.0270 0 0 0 0
0.4719 0.0078 -0.0120 0 0 0 30
0.4759 0.0084 -0.0114 0 0 0 30
0.4859 0.0075 -0.0094 0 0 0 30
0.4759 0.0073 -0.0080 0 0 0 30
0.4839 0.0084 -0.0050 0 0 0 30
0.4759 0.0088 -0.0061 0 0 0 30
0.5080 0.0090 -0.0072 0 0 0 30
0.4839 0.0091 -0.0065 0 0 0 30
0.4839 0.0091 -0.0065 0 0 0 30
0.4839 0.0091 -0.0065 0 0 0 30
0.4839 0.0091 -0.0065 0 0 0 30
0.4839 0.0091 -0.0065 0 0 0 30
0.4819 0.0092 -0.0058 0 0 0 0
0.4819 0.0092 -0.0058 0 0 0 30
0.4639 0.0089 -0.0056 0 0 0 30
0.4920 0.0090 -0.0052 0 0 0 30
0.4859 0.0091 -0.0050 0 0 0 30
0.4779 0.0091 -0.0026 0 0 0 30
0.4839 0.0089 -0.0004 0 0 0 30
0.4839 0.0089 -0.0004 0 0 0 30
0.4839 0.0089 -0.0004 0 0 0 30
0.4839 0.0089 -0.0004 0 0 0 0
0.4819 0.0090 0.0004 0 0 0 30
0.4839 0.0098 0.0019 0 0 0 30
0.4900 0.0105 0.0020 0 0 0 30
0.4719 0.0115 0.0040 0 0 0 30
0.4719 0.0115 0.0040 0 0 0 30
0.4719 0.0115 0.0040 0 0 0 30
0.4739 0.0128 0.0063 0 0 0 30
0.4739 0.0128 0.0063 0 0 0 30
0.4739 0.0128 0.0063 0 0 0 0
0.4719 0.0135 0.0073 0 0 0 30
0.4618 0.0137 0.0080 0 0 0 30
0.4920 0.0133 0.0082 0 0 0 30
0.4799 0.0134 0.0106 0 0 0 30
0.4839 0.0134 0.0122 0 0 0 30
0.4839 0.0134 0.0122 0 0 0 0
0.4598 0.0077 0.0207 0 0 0 -30
0.4659 0.0054 0.0236 0 0 0 -30
0.4719 0.0054 0.0236 0 0 0 -30
0.4679 0.0042 0.0244 0 0 0 -30
0.4618 0.0037 0.0244 0 0 0 -30
0.4799 0.0039 0.0251 0 0 0 -30
0.4779 0.0041 0.0245 0 0 0 -30
0.4759 0.0045 0.0253 0 0 0 -30
0.4759 0.0045 0.0253 0 0 0 0
0.4759 0.0052 0.0250 0 0 0 -30
0.4518 0.0052 0.0250 0 0 0 -30
0.4598 0.0058 0.0253 0 0 0 -30
0.4618 0.0064 0.0238 0 0 0 -30
0.4618 0.0064 0.0238 0 0 0 -30
0.4618 0.0068 0.0205 0 0 0 -30
0.4618 0.0068 0.0205 0 0 0 -30
0.4799 0.0073 0.0201 0 0 0 -30
0.4799 0.0073 0.0201 0 0 0 -30
0.4799 0.0073 0.0201 0 0 0 -30
0.4799 0.0073 0.0201 0 0 0 -30
0.4719 0.0077 0.0189 0 0 0 0
0.4799 0.0073 0.0068 0 -30 0 0
0.4900 0.0091 0.0076 0 -30 0 0
0.4900 0.0091 0.0076 0 -30 0 0
0.4940 0.0100 0.0102 0 -30 0 0
0.4859 0.0101 0.0098 0 -30 0 0
0.4960 0.0114 0.0075 0 -30 0 0
0.4960 0.0122 0.0045 0 -30 0 0
0.5020 0.0122 0.0045 0 -30 0 0
0.5000 0.0129 0.0030 0 -30 0 0
0.5000 0.0129 0.0030 0 -30 0 0
0.5000 0.0129 0.0030 0 -30 0 0
0.5000 0.0129 0.0030 0 -30 0 0
0.5000 0.0129 0.0030 0 -30 0 0
0.5000 0.0129 0.0030 0 -30 0 0
0.4880 0.0125 -0.0003 0 -30 0 0
0.4880 0.0125 -0.0003 0 -30 0 0
0.4880 0.0125 -0.0003 0 -30 0 0
0.4699 0.0119 -0.0004 0 -30 0 0
0.4699 0.0119 -0.0004 0 -30 0 0
0.4699 0.0119 -0.0004 0 -30 0 0
0.4699 0.0119 -0.0004 0 -30 0 0
0.4699 0.0119 -0.0004 0 -30 0 0
0.4699 0.0119 -0.0004 0 -30 0 0
0.4699 0.0119 -0.0004 0 -30 0 0
0.4699 0.0119 -0.0004 0 -30 0 0
0.4699 0.0119 -0.0004 0 -30 0 0
0.4699 0.0119 -0.0004 0 -30 0 0
0.4699 0.0119 -0.0004 0 -30 0 0
0.4699 0.0119 -0.0004 0 -30 0 0
0.4699 0.0119 -0.0004 0 -30 0 0
0.4699 0.0119 -0.0004 0 -30 0 0
0.4759 0.0110 -0.0003 0 -30 0 0
0.4618 0.0099 -0.0002 0 -30 0 0
0.4679 0.0091 0.0008 0 -30 0 0
0.4679 0.0091 0.0008 0 -30 0 0
0.4679 0.0091 0.0008 0 -30 0 0
0.4679 0.0091 0.0008 0 -30 0 0
0.4679 0.0091 0.0008 0 -30 0 0
0.4618 0.0087 0.0014 0 -30 0 0
0.4618 0.0087 0.0014 0 -30 0 0
0.4618 0.0087 0.0014 0 -30 0 0
0.4618 0.0087 0.0014 0 -30 0 0
0.4699 0.0089 0.0004 0 -30 0 0
0.4699 0.0089 0.0004 0 -30 0 0
0.4699 0.0089 0.0004 0 -30 0 0
0.4699 0.0089 0.0004 0 -30 0 0
0.4719 0.0092 0.0009 0 -30 0 0
0.4719 0.0092 0.0009 0 -30 0 0
0.4719 0.0092 0.0009 0 -30 0 0
0.4719 0.0092 0.0009 0 -30 0 0
0.4719 0.0092 0.0009 0 -30 0 0
0.4719 0.0092 0.0009 0 -30 0 0
0.4719 0.0092 0.0009 0 -30 0 0
0.4719 0.0092 0.0009 0 -30 0 0
0.4719 0.0092 0.0009 0 -30 0 0
0.4719 0.0092 0.0009 0 -30 0 0
0.4719 0.0092 0.0009 0 -30 0 0
0.4719 0.0092 0.0009 0 -30 0 0
0.4779 0.0100 0.0003 0 -30 0 0
0.4779 0.0100 0.0003 0 -30 0 0
0.4779 0.0104 0.0011 0 -30 0 0
0.4739 0.0104 0.0011 0 -30 0 0
0.4618 0.0106 0.0011 0 -30 0 0
0.4618 0.0106 0.0011 0 -30 0 0
0.4839 0.0106 0.0006 0 -30 0 0
0.4839 0.0106 0.0006 0 -30 0 0
0.4839 0.0106 0.0006 0 -30 0 0
0.4839 0.0106 0.0006 0 -30 0 0
0.4839 0.0106 0.0006 0 -30 0 0
0.4819 0.0103 0.0008 0 -30 0 0
0.4819 0.0103 0.0008 0 -30 0 0
0.4819 0.0100 -0.0030 0 -30 0 0
0.4639 0.0100 -0.0030 0 -30 0 0
0.4639 0.0100 -0.0030 0 -30 0 0
0.4639 0.0100 -0.0030 0 -30 0 0
0.4639 0.0100 -0.0030 0 -30 0 0
0.4639 0.0100 -0.0030 0 -30 0 0
0.4578 0.0096 -0.0017 0 0 0 0
0.4618 0.0085 -0.0012 0 -30 0 0
0.4779 0.0085 -0.0012 0 -30 0 0
0.4779 0.0082 0.0005 0 -30 0 0
0.4779 0.0079 -0.0008 0 -30 0 0
0.4940 0.0079 -0.0008 0 -30 0 0
0.4940 0.0079 -0.0008 0 -30 0 0
0.4940 0.0079 -0.0008 0 -30 0 0
0.4940 0.0079 -0.0008 0 -30 0 0
0.4940 0.0079 -0.0008 0 -30 0 0
0.4940 0.0079 -0.0008 0 -30 0 0
0.4639 0.0070 0.0011 0 -30 0 0
0.4639 0.0070 0.0011 0 -30 0 0
0.4639 0.0070 0.0011 0 -30 0 0
0.4639 0.0070 0.0011 0 -30 0 0
0.4759 0.0060 0.0013 0 -30 0 0
0.4659 0.0052 0.0033 0 -30 0 0
0.4659 0.0052 0.0033 0 -30 0 0
0.4719 0.0043 0.0033 0 -30 0 0
0.4719 0.0043 0.0033 0 -30 0 0
0.4719 0.0043 0.0033 0 -30 0 0
0.4719 0.0043 0.0033 0 0 0 0
0.4679 0.0036 0.0103 0 -30 0 0
0.4739 0.0032 0.0105 0 -30 0 0
0.4739 0.0032 0.0105 0 -30 0 0
0.4739 0.0032 0.0105 0 -30 0 0
0.4739 0.0032 0.0105 0 -30 0 0
0.4739 0.0032 0.0105 0 -30 0 0
0.4739 0.0032 0.0105 0 -30 0 0
0.4739 0.0032 0.0105 0 -30 0 0
0.4799 0.0028 0.0107 0 -30 0 0
0.4699 0.0025 0.0100 0 -30 0 0
0.4659 0.0023 0.0082 0 -30 0 0
0.4659 0.0023 0.0082 0 -30 0 0
0.4739 0.0019 0.0080 0 -30 0 0
0.4679 0.0021 0.0056 0 -30 0 0
0.4679 0.0021 0.0056 0 -30 0 0
0.4859 0.0025 0.0052 0 -30 0 0
0.4859 0.0025 0.0052 0 -30 0 0
0.4799 0.0038 0.0056 0 0 0 0
0.4799 0.0045 0.0055 0 -30 0 0
0.4900 0.0046 0.0058 0 -30 0 0
0.4900 0.0046 0.0058 0 -30 0 0
0.4880 0.0044 0.0056 0 -30 0 0
0.4880 0.0044 0.0056 0 -30 0 0
0.4799 0.0042 0.0058 0 -30 0 0
0.4799 0.0046 0.0035 0 -30 0 0
0.4839 0.0046 0.0035 0 -30 0 0
0.4839 0.0046 0.0035 0 -30 0 0
0.4839 0.0046 0.0035 0 -30 0 0
0.4839 0.0046 0.0035 0 -30 0 0
0.4839 0.0046 0.0035 0 -30 0 0
0.4759 0.0055 0.0030 0 -30 0 0
0.4759 0.0055 0.0030 0 -30 0 0
0.4759 0.0055 0.0030 0 -30 0 0
0.4759 0.0055 0.0030 0 -30 0 0
0.4759 0.0055 0.0030 0 -30 0 0
0.4759 0.0055 0.0030 0 -30 0 0
0.4759 0.0055 0.0030 0 -30 0 0
0.4759 0.0055 0.0030 0 -30 0 0
0.4759 0.0055 0.0030 0 -30 0 0
0.4759 0.0055 0.0030 0 -30 0 0
0.4799 0.0061 0.0032 0 -30 0 0
0.4799 0.0065 0.0027 0 -30 0 0
0.4859 0.0065 0.0027 0 -30 0 0
0.4859 0.0065 0.0027 0 -30 0 0
0.4618 0.0063 0.0036 0 -30 0 0
0.4618 0.0063 0.0036 0 -30 0 0
0.4618 0.0063 0.0036 0 -30 0 0
0.4618 0.0063 0.0036 0 -30 0 0
0.4639 0.0063 0.0042 0 -30 0 0
0.4639 0.0063 0.0042 0 -30 0 0
0.4639 0.0063 0.0042 0 -30 0 0
0.4639 0.0063 0.0042 0 -30 0 0
0.4739 0.0067 0.0053 0 -30 0 0
0.4739 0.0067 0.0053 0 -30 0 0
0.4739 0.0067 0.0053 0 -30 0 0
0.4739 0.0067 0.0053 0 -30 0 0
0.4779 0.0074 0.0064 0 -30 0 0
0.4779 0.0074 0.0064 0 -30 0 0
0.4779 0.0074 0.0064 0 -30 0 0
0.4779 0.0074 0.0064 0 -30 0 0
0.4779 0.0074 0.0064 0 -30 0 0
0.4699 0.0080 0.0061 0 -30 0 0
0.4699 0.0080 0.0061 0 -30 0 0
0.4799 0.0084 0.0058 0 -30 0 0
0.4799 0.0084 0.0058 0 -30 0 0
0.4799 0.0084 0.0058 0 -30 0 0
0.4799 0.0084 0.0058 0 -30 0 0
0.4799 0.0084 0.0058 0 -30 0 0
0.4799 0.0084 0.0058 0 -30 0 0
0.4799 0.0084 0.0058 0 -30 0 0
0.4759 0.0090 0.0054 0 -30 0 0
0.4759 0.0090 0.0054 0 -30 0 0
0.4759 0.0090 0.0054 0 -30 0 0
0.4759 0.0090 0.0054 0 -30 0 0
0.4639 0.0094 0.0060 0 -30 0 0
0.4639 0.0094 0.0060 0 -30 0 0
0.4639 0.0094 0.0060 0 -30 0 0
0.4639 0.0094 0.0060 0 -30 0 0
0.4639 0.0094 0.0060 0 -30 0 0
0.4679 0.0094 0.0067 0 -30 0 0
0.4679 0.0094 0.0067 0 -30 0 0
0.4679 0.0094 0.0067 0 0 0 0
