0.5161 0.0283 0.0304 0 0 0 -30
0.5141 0.0280 0.0269 0 0 0 -30
0.5141 0.0280 0.0269 0 0 0 0
0.5000 0.0272 0.0284 0 0 0 -30
0.4980 0.0271 0.0295 0 0 0 -30
0.5020 0.0272 0.0289 0 0 0 -30
0.4940 0.0274 0.0273 0 0 0 -30
0.4799 0.0275 0.0266 0 0 0 -30
0.4819 0.0278 0.0258 0 0 0 0
0.4679 0.0268 0.0345 0 0 0 -30
0.4759 0.0267 0.0355 0 0 0 -30
0.4980 0.0269 0.0367 0 0 0 -30
0.4980 0.0272 0.0369 0 0 0 -30
0.4920 0.0272 0.0369 0 0 0 -30
0.4900 0.0274 0.0373 0 0 0 -30
0.5000 0.0279 0.0397 0 0 0 0
0.5080 0.0288 0.0415 0 0 0 -30
0.4960 0.0294 0.0418 0 0 0 -30
0.4960 0.0294 0.0418 0 0 0 -30
0.4960 0.0294 0.0418 0 0 0 -30
0.4960 0.0294 0.0418 0 0 0 -30
0.4960 0.0294 0.0418 0 0 0 -30
0.4960 0.0294 0.0418 0 0 0 -30
0.4960 0.0294 0.0418 0 0 0 -30
0.4960 0.0294 0.0418 0 0 0 -30
0.4960 0.0294 0.0418 0 0 0 -30
0.5020 0.0296 0.0416 0 0 0 -30
0.4960 0.0299 0.0391 0 0 0 0
0.5020 0.0287 0.5074 0 0 0 -30
0.5100 0.0282 0.0288 0 0 0 -30
0.5020 0.0279 0.0294 0 0 0 -30
0.5161 0.0277 0.0295 0 0 0 -30
0.4980 0.0277 0.0299 0 0 0 -30
0.5000 0.0276 0.0291 0 0 0 0
0.4859 0.0277 0.0308 0 0 0 -30
0.4900 0.0277 0.0306 0 0 0 -30
0.5181 0.0276 0.0306 0 0 0 -30
0.4779 0.0276 0.0299 0 0 0 -30
0.4859 0.0280 0.0296 0 0 0 -30
0.4859 0.0280 0.0296 0 0 0 -30
0.4859 0.0280 0.0296 0 0 0 0
0.4880 0.0283 0.0292 0 0 0 -30
0.4960 0.0283 0.0268 0 0 0 -30
0.4940 0.0283 0.0268 0 0 0 -30
0.4719 0.0277 0.0257 0 0 0 -30
0.4719 0.0277 0.0257 0 0 0 -30
0.4719 0.0277 0.0257 0 0 0 0
0.4779 0.0282 0.0184 0 0 0 -30
0.4759 0.0287 0.0164 0 0 0 -30
0.4940 0.0283 0.0159 0 0 0 -30
0.4859 0.0281 0.0158 0 0 0 0
0.5040 0.0275 0.0158 0 0 0 0
0.4739 0.0266 0.0130 0 0 0 -30
0.4739 0.0266 0.0130 0 0 0 -30
0.4880 0.0261 0.0130 0 0 0 -30
0.4839 0.0258 0.0128 0 0 0 -30
0.4819 0.0255 0.0103 0 0 0 -30
0.4940 0.0255 0.0098 0 0 0 0
0.4859 0.0267 0.0111 0 0 0 -30
0.4739 0.0269 0.0110 0 0 0 -30
0.4880 0.0269 0.0097 0 0 0 -30
0.4759 0.0272 0.0088 0 0 0 -30
0.4759 0.0272 0.0088 0 0 0 -30
0.4759 0.0272 0.0088 0 0 0 -30
0.4960 0.0273 0.0068 0 0 0 -30
0.4960 0.0273 0.0068 0 0 0 0
0.4839 0.0282 0.0074 0 0 -30 0
0.4880 0.0282 0.0074 0 0 -30 0
0.4880 0.0286 0.0061 0 0 -30 0
0.4980 0.0286 0.0050 0 0 -30 0
0.5060 0.0289 0.0050 0 0 -30 0
0.5000 0.0292 0.0054 0 0 -30 0
0.5000 0.0292 0.0054 0 0 -30 0
0.5000 0.0292 0.0054 0 0 0 0
0.5221 0.0288 0.0057 0 0 -30 0
0.5060 0.0282 0.0059 0 0 -30 0
0.5020 0.0277 0.0073 0 0 -30 0
0.4839 0.0274 0.0078 0 0 -30 0
0.4719 0.0273 0.0081 0 0 -30 0
0.4719 0.0273 0.0081 0 0 0 0
0.5080 0.0247 0.0056 0 0 30 0
0.4960 0.0245 0.0059 0 0 30 0
0.4960 0.0245 0.0059 0 0 30 0
0.5000 0.0236 0.0046 0 0 30 0
0.5000 0.0236 0.0046 0 0 30 0
0.4940 0.0236 0.0057 0 0 30 0
0.4940 0.0236 0.0057 0 0 30 0
0.4940 0.0236 0.0057 0 0 30 0
0.4920 0.0238 0.0065 0 0 30 0
0.4920 0.0238 0.0065 0 0 30 0
0.4920 0.0238 0.0065 0 0 30 0
0.5020 0.0236 0.0061 0 0 0 0
0.4859 0.0234 0.0055 0 0 30 0
0.4839 0.0231 0.0070 0 0 30 0
0.4920 0.0229 0.0062 0 0 30 0
0.4920 0.0227 0.0062 0 0 30 0
0.5040 0.0227 0.0062 0 0 30 0
0.5040 0.0227 0.0062 0 0 30 0
0.5040 0.0227 0.0062 0 0 30 0
0.5040 0.0227 0.0062 0 0 30 0
0.5040 0.0227 0.0062 0 0 30 0
0.5040 0.0227 0.0062 0 0 30 0
0.5020 0.0230 0.0053 0 0 30 0
0.5020 0.0230 0.0053 0 0 0 0
0.5000 0.0241 0.0036 0 0 30 0
0.5000 0.0241 0.0036 0 0 30 0
0.5060 0.0244 0.0027 0 0 30 0
0.5060 0.0244 0.0027 0 0 30 0
0.4920 0.0247 0.0015 0 0 30 0
0.4920 0.0247 0.0015 0 0 30 0
0.4920 0.0247 0.0015 0 0 30 0
0.4920 0.0247 0.0015 0 0 30 0
0.4699 0.0250 0.0021 0 0 30 0
0.4699 0.0250 0.0021 0 0 30 0
0.4699 0.0250 0.0021 0 0 30 0
0.4699 0.0250 0.0021 0 0 30 0
0.4699 0.0250 0.0021 0 0 30 0
0.4699 0.0250 0.0021 0 0 30 0
0.4940 0.0254 0.0022 0 0 30 0
0.4940 0.0254 0.0022 0 0 0 0
0.4839 0.0257 0.0019 0 0 30 0
0.4739 0.0258 0.0025 0 0 30 0
0.4880 0.0266 0.0027 0 0 30 0
0.4880 0.0266 0.0027 0 0 30 0
0.4880 0.0266 0.0027 0 0 30 0
0.4880 0.0274 0.0025 0 0 30 0
0.4880 0.0274 0.0025 0 0 30 0
0.4880 0.0274 0.0025 0 0 30 0
0.4859 0.0279 0.0026 0 0 30 0
0.4859 0.0279 0.0026 0 0 30 0
0.4859 0.0279 0.0026 0 0 0 0
0.4639 0.0287 0.0019 0 0 30 0
0.4920 0.0291 0.0026 0 0 30 0
0.4900 0.0300 0.0017 0 0 30 0
0.4900 0.0300 0.0017 0 0 30 0
0.4900 0.0300 0.0017 0 0 30 0
0.4859 0.0313 0.0014 0 0 30 0
0.4859 0.0313 0.0014 0 0 30 0
0.4859 0.0313 0.0014 0 0 30 0
0.5120 0.0320 0.0004 0 0 30 0
0.5120 0.0320 0.0004 0 0 30 0
0.5120 0.0320 0.0004 0 0 30 0
0.5120 0.0320 0.0004 0 0 0 0
0.5120 0.0346 0.0002 0 0 30 0
0.4799 0.0346 0.0002 0 0 30 0
0.4819 0.0351 0.0008 0 0 30 0
0.4779 0.0357 0.0017 0 0 30 0
0.4839 0.0360 0.0011 0 0 30 0
0.4839 0.0360 0.0011 0 0 30 0
0.4839 0.0360 0.0011 0 0 30 0
0.4839 0.0360 0.0011 0 0 30 0
0.4839 0.0360 0.0011 0 0 0 0
0.4799 0.0392 0.0027 0 0 -30 0
0.4920 0.0396 0.4927 0 0 0 0
0.4859 0.0415 0.4933 0 0 -30 0
0.4819 0.0415 0.4933 0 0 -30 0
0.4859 0.0419 0.4933 0 0 -30 0
0.4639 0.0423 0.4929 0 0 -30 0
0.4880 0.0422 0.4914 0 0 -30 0
0.4739 0.0420 0.4909 0 0 0 0
0.5040 0.0416 -0.0024 0 0 -30 0
0.5040 0.0418 -0.0022 0 0 -30 0
0.4719 0.0418 -0.0022 0 0 -30 0
0.4699 0.0414 -0.0019 0 0 -30 0
0.4819 0.0411 -0.0014 0 0 -30 0
0.4819 0.0411 -0.0014 0 0 -30 0
0.4819 0.0411 -0.0014 0 0 -30 0
0.4819 0.0411 -0.0014 0 0 -30 0
0.4819 0.0411 -0.0014 0 0 0 0
0.4839 0.0403 -0.0002 0 0 -30 0
0.4819 0.0400 -0.0005 0 0 -30 0
0.4819 0.0400 -0.0005 0 0 -30 0
0.4819 0.0401 -0.0016 0 0 -30 0
0.4920 0.0399 -0.0011 0 0 -30 0
0.4920 0.0399 -0.0011 0 0 -30 0
0.4920 0.0399 -0.0011 0 0 -30 0
0.4920 0.0399 -0.0011 0 0 -30 0
0.4920 0.0399 -0.0011 0 0 0 0
0.4960 0.0393 -0.0008 0 0 -30 0
0.4920 0.0387 -0.0014 0 0 -30 0
0.5040 0.0382 -0.0019 0 0 -30 0
0.4799 0.0376 -0.0015 0 0 -30 0
0.4799 0.0376 -0.0015 0 0 -30 0
0.4799 0.0376 -0.0015 0 0 0 0
0.4739 0.0360 0.0016 0 0 -30 0
0.4759 0.0360 0.0016 0 0 -30 0
0.4759 0.0356 0.0017 0 0 -30 0
0.4960 0.0353 0.0020 0 0 -30 0
0.4960 0.0353 0.0020 0 0 -30 0
0.4960 0.0353 0.0020 0 0 -30 0
0.4739 0.0349 0.0025 0 0 -30 0
0.4739 0.0349 0.0025 0 0 -30 0
0.4739 0.0349 0.0025 0 0 0 0
0.4699 0.0342 0.0014 0 0 -30 0
0.4699 0.0339 0.0002 0 0 -30 0
0.4699 0.0339 0.0002 0 0 -30 0
0.4719 0.0337 0.0004 0 0 -30 0
0.4719 0.0337 0.0004 0 0 -30 0
0.4759 0.0334 0.0008 0 0 -30 0
0.4759 0.0334 0.0008 0 0 -30 0
0.4759 0.0334 0.0008 0 0 -30 0
0.4759 0.0334 0.0008 0 0 0 0
0.4880 0.0327 0.0023 0 0 -30 0
0.4880 0.0327 0.0023 0 0 -30 0
0.4719 0.0317 0.0025 0 0 -30 0
0.4699 0.0317 0.0025 0 0 -30 0
0.4699 0.0313 0.0024 0 0 -30 0
0.4699 0.0313 0.0024 0 0 -30 0
0.4699 0.0308 0.0029 0 0 -30 0
0.4819 0.0308 0.0029 0 0 0 0
0.4819 0.0308 0.0029 0 0 -30 0
0.4618 0.0300 0.0029 0 0 -30 0
0.4759 0.0295 0.0035 0 0 -30 0
0.4759 0.0294 0.0020 0 0 -30 0
0.4739 0.0290 0.0032 0 0 0 0
0.4819 0.0289 0.0022 0 0 -30 0
0.4699 0.0289 0.0022 0 0 -30 0
0.4679 0.0288 0.0021 0 0 -30 0
0.4679 0.0288 0.0021 0 0 -30 0
0.4679 0.0282 0.0048 0 0 -30 0
0.4960 0.0282 0.0048 0 0 -30 0
0.4960 0.0282 0.0048 0 0 -30 0
0.4960 0.0282 0.0048 0 0 -30 0
0.4960 0.0276 -0.0003 0 0 0 0
0.4880 0.0272 0.0010 0 0 -30 0
0.5020 0.0272 0.0010 0 0 -30 0
0.4859 0.0270 0.0012 0 0 -30 0
0.4819 0.0266 0.0018 0 0 -30 0
0.4859 0.0257 0.0010 0 0 -30 0
0.4859 0.0257 0.0010 0 0 -30 0
0.4859 0.0257 0.0010 0 0 -30 0
0.4859 0.0257 0.0010 0 0 0 0
0.4839 0.0246 0.0024 0 0 -30 0
0.4900 0.0241 0.0022 0 0 -30 0
0.4900 0.0241 0.0022 0 0 -30 0
0.4900 0.0241 0.0022 0 0 -30 0
0.4900 0.0241 0.0022 0 0 -30 0
0.4900 0.0241 0.0022 0 0 -30 0
0.4900 0.0241 0.0022 0 0 0 0
0.4859 0.0230 0.0020 0 0 -30 0
0.4719 0.0230 0.0020 0 0 0 0
0.4900 0.0213 -0.0003 0 0 -30 0
0.4900 0.0209 -0.0007 0 0 -30 0
0.4739 0.0206 -0.0002 0 0 -30 0
0.4819 0.0204 -0.0020 0 0 0 0
0.4719 0.0193 -0.0052 0 0 0 0
0.4819 0.0182 -0.0044 0 0 -30 0
0.4900 0.0182 -0.0044 0 0 -30 0
0.4779 0.0182 -0.0049 0 0 -30 0
0.4618 0.0179 -0.0050 0 0 0 0
0.4940 0.0170 -0.0052 0 0 -30 0
0.4920 0.0170 -0.0025 0 0 0 0
0.4819 0.0212 -0.0051 0 0 -30 0
0.4819 0.0214 -0.0047 0 0 -30 0
0.4859 0.0214 -0.0047 0 0 -30 0
0.4679 0.0216 -0.0027 0 0 -30 0
0.4900 0.0224 0.0026 0 0 -30 0
0.4859 0.0227 0.0026 0 0 -30 0
0.5100 0.0227 0.0035 0 0 0 0
0.4980 0.0202 0.0037 0 0 -30 0
0.5040 0.0194 0.0046 0 0 -30 0
0.4779 0.0184 0.0040 0 0 -30 0
0.4779 0.0180 0.0044 0 0 -30 0
0.5100 0.0180 0.0044 0 0 -30 0
0.4900 0.0177 0.0044 0 0 -30 0
0.4920 0.0169 0.0056 0 0 0 0
0.5080 0.0166 0.0055 0 0 30 0
0.5161 0.0163 0.0063 0 0 30 0
0.4900 0.0159 0.0069 0 0 30 0
0.4900 0.0154 0.0064 0 0 30 0
0.4799 0.0149 0.0059 0 0 30 0
0.4799 0.0149 0.0059 0 0 30 0
0.4880 0.0150 0.0061 0 0 30 0
0.4880 0.0150 0.0061 0 0 30 0
0.4880 0.0150 0.0061 0 0 0 0
0.5181 0.0154 0.0061 0 0 30 0
0.4960 0.0155 0.0073 0 0 30 0
0.4819 0.0157 0.0073 0 0 30 0
0.4839 0.0161 0.0074 0 0 30 0
0.4839 0.0161 0.0074 0 0 30 0
0.4839 0.0161 0.0074 0 0 0 0
0.4920 0.0162 0.0095 0 0 30 0
0.5141 0.0163 0.0104 0 0 30 0
0.4920 0.0164 0.0109 0 0 30 0
0.4920 0.0164 0.0109 0 0 30 0
0.5080 0.0163 0.0109 0 0 30 0
0.5080 0.0163 0.0109 0 0 30 0
0.4839 0.0163 0.0108 0 0 0 0
0.4819 0.0167 0.0113 0 0 30 0
0.5000 0.0165 0.0116 0 0 30 0
0.4839 0.0163 0.0116 0 0 30 0
0.4839 0.0163 0.0116 0 0 30 0
0.4859 0.0163 0.0109 0 0 30 0
0.4859 0.0163 0.0109 0 0 30 0
0.4859 0.0163 0.0109 0 0 30 0
0.4859 0.0163 0.0109 0 0 30 0
0.4859 0.0163 0.0109 0 0 0 0
0.4920 0.0168 0.0129 0 0 30 0
0.5000 0.0170 0.0120 0 0 30 0
0.4940 0.0174 0.0106 0 0 30 0
0.4940 0.0174 0.0106 0 0 30 0
0.5040 0.0182 0.0103 0 0 30 0
0.4920 0.0187 0.0112 0 0 30 0
0.4920 0.0187 0.0112 0 0 30 0
0.4920 0.0187 0.0112 0 0 30 0
0.4839 0.0193 0.0118 0 0 0 0
0.4980 0.0216 0.0127 0 0 -30 0
0.4719 0.0218 0.0128 0 0 -30 0
0.4980 0.0214 0.0118 0 0 -30 0
0.4900 0.0209 0.0116 0 0 -30 0
0.4699 0.0207 0.0120 0 0 -30 0
0.5100 0.0215 0.0132 0 0 -30 0
0.5100 0.0215 0.0132 0 0 -30 0
0.5100 0.0215 0.0132 0 0 -30 0
0.5100 0.0215 0.0132 0 0 0 0
0.4739 0.0217 0.0129 0 0 -30 0
0.4940 0.0220 0.0124 0 0 -30 0
0.5020 0.0222 0.0127 0 0 -30 0
0.4859 0.0221 0.0126 0 0 -30 0
0.4839 0.0221 0.0120 0 0 -30 0
0.4900 0.0221 0.0116 0 0 -30 0
0.4900 0.0221 0.0116 0 0 0 0
0.4960 0.0220 0.0111 0 0 -30 0
0.4960 0.0219 0.0120 0 0 -30 0
0.5060 0.0219 0.0120 0 0 -30 0
0.5000 0.0216 0.0122 0 0 -30 0
0.4859 0.0211 0.0127 0 0 -30 0
0.4799 0.0206 0.0124 0 0 0 0
0.4699 0.0198 0.0133 0 0 -30 0
0.4859 0.0188 0.4927 0 0 -30 0
0.4880 0.0187 0.4925 0 0 -30 0
0.4880 0.0187 0.4925 0 0 -30 0
0.4880 0.0186 0.4918 0 0 -30 0
0.4880 0.0186 0.4918 0 0 -30 0
0.4699 0.0180 0.4909 0 0 0 0
0.4759 0.0176 0.4889 0 0 -30 0
0.4940 0.0177 0.4892 0 0 -30 0
0.4940 0.0177 0.4892 0 0 -30 0
0.4900 0.0182 0.4895 0 0 -30 0
0.4900 0.0182 0.4895 0 0 -30 0
0.4900 0.0182 0.4895 0 0 -30 0
0.4900 0.0182 0.4895 0 0 0 0
0.4799 0.0135 0.4847 0 0 -30 0
0.4839 0.0131 0.4843 0 0 -30 0
0.4819 0.0131 0.4843 0 0 0 0
0.4598 0.0146 -0.0250 0 0 -30 0
0.4799 0.0144 -0.0242 0 0 -30 0
0.4618 0.0144 -0.0243 0 0 -30 0
0.4618 0.0149 -0.0259 0 0 -30 0
0.4618 0.0153 -0.0253 0 0 0 0
0.4839 0.0148 -0.0120 0 0 30 0
0.4739 0.0144 -0.0117 0 0 30 0
0.4679 0.0139 -0.0105 0 0 30 0
0.5000 0.0140 -0.0059 0 0 30 0
0.4839 0.0135 -0.0088 0 0 30 0
0.4880 0.0135 -0.0010 0 0 30 0
0.4980 0.0137 -0.0016 0 0 30 0
0.4980 0.0137 -0.0016 0 0 30 0
0.4739 0.0139 -0.0025 0 0 0 0
0.4920 0.0184 -0.0121 0 30 0 0
0.4859 0.0194 -0.0141 0 30 0 0
0.4779 0.0195 -0.0134 0 30 0 0
0.4940 0.0165 -0.0103 0 30 0 0
0.4940 0.0153 -0.0100 0 30 0 0
0.5060 0.0146 -0.0098 0 30 0 0
0.4839 0.0144 -0.0105 0 30 0 0
0.4839 0.0144 -0.0105 0 30 0 0
0.4880 0.0143 -0.0113 0 30 0 0
0.4880 0.0143 -0.0113 0 30 0 0
0.4880 0.0143 -0.0113 0 30 0 0
0.4880 0.0143 -0.0113 0 30 0 0
0.4880 0.0143 -0.0113 0 30 0 0
0.4739 0.0144 -0.0109 0 30 0 0
0.4739 0.0144 -0.0109 0 30 0 0
0.4739 0.0145 -0.0119 0 30 0 0
0.4739 0.0145 -0.0119 0 30 0 0
0.4739 0.0145 -0.0119 0 30 0 0
0.4739 0.0145 -0.0119 0 30 0 0
0.4739 0.0145 -0.0119 0 30 0 0
0.4900 0.0148 -0.0123 0 30 0 0
0.4900 0.0148 -0.0123 0 30 0 0
0.4900 0.0148 -0.0123 0 30 0 0
0.4900 0.0148 -0.0123 0 30 0 0
0.4900 0.0148 -0.0123 0 30 0 0
0.4839 0.0151 -0.0130 0 30 0 0
0.4839 0.0151 -0.0130 0 30 0 0
0.4839 0.0151 -0.0130 0 30 0 0
0.4819 0.0152 -0.0140 0 30 0 0
0.4819 0.0152 -0.0140 0 30 0 0
0.4819 0.0152 -0.0140 0 30 0 0
0.4819 0.0152 -0.0140 0 30 0 0
0.4819 0.0152 -0.0140 0 30 0 0
0.4819 0.0152 -0.0143 0 30 0 0
0.4819 0.0152 -0.0143 0 30 0 0
0.4819 0.0152 -0.0143 0 30 0 0
0.4819 0.0152 -0.0143 0 30 0 0
0.4819 0.0152 -0.0143 0 30 0 0
0.4859 0.0154 -0.0145 0 30 0 0
0.4859 0.0154 -0.0145 0 30 0 0
0.4859 0.0154 -0.0145 0 30 0 0
0.4859 0.0154 -0.0145 0 30 0 0
0.4719 0.0156 -0.0146 0 30 0 0
0.4719 0.0156 -0.0146 0 30 0 0
0.4719 0.0156 -0.0146 0 30 0 0
0.4719 0.0156 -0.0146 0 30 0 0
0.4719 0.0156 -0.0146 0 30 0 0
0.4779 0.0157 -0.0152 0 30 0 0
0.4779 0.0157 -0.0152 0 30 0 0
0.4779 0.0157 -0.0152 0 30 0 0
0.4779 0.0157 -0.0152 0 30 0 0
0.4779 0.0157 -0.0152 0 30 0 0
0.4779 0.0157 -0.0152 0 30 0 0
0.4779 0.0157 -0.0152 0 30 0 0
0.4799 0.0158 -0.0132 0 30 0 0
0.4799 0.0158 -0.0132 0 30 0 0
0.4799 0.0158 -0.0132 0 30 0 0
0.4699 0.0157 -0.0132 0 30 0 0
0.4699 0.0157 -0.0132 0 30 0 0
0.4699 0.0157 -0.0132 0 30 0 0
0.4799 0.0157 -0.0154 0 30 0 0
0.4799 0.0157 -0.0154 0 30 0 0
0.4799 0.0157 -0.0154 0 30 0 0
0.4799 0.0157 -0.0154 0 30 0 0
0.4799 0.0157 -0.0154 0 30 0 0
0.4679 0.0157 -0.0151 0 30 0 0
0.4679 0.0157 -0.0151 0 30 0 0
0.4679 0.0157 -0.0151 0 30 0 0
0.4779 0.0154 -0.0155 0 30 0 0
0.4779 0.0154 -0.0155 0 30 0 0
0.4779 0.0154 -0.0155 0 30 0 0
0.4779 0.0154 -0.0155 0 30 0 0
0.4779 0.0154 -0.0155 0 30 0 0
0.4779 0.0154 -0.0155 0 30 0 0
0.4779 0.0149 -0.0156 0 30 0 0
0.4779 0.0149 -0.0156 0 30 0 0
0.4779 0.0149 -0.0156 0 30 0 0
0.4779 0.0149 -0.0156 0 30 0 0
0.4799 0.0146 -0.0152 0 30 0 0
0.4799 0.0146 -0.0152 0 30 0 0
0.4799 0.0146 -0.0152 0 30 0 0
0.4759 0.0145 -0.0115 0 30 0 0
0.4759 0.0145 -0.0115 0 30 0 0
0.4759 0.0145 -0.0115 0 30 0 0
0.4759 0.0145 -0.0115 0 30 0 0
0.4759 0.0145 -0.0115 0 30 0 0
0.4819 0.0150 -0.0118 0 30 0 0
0.4819 0.0150 -0.0118 0 30 0 0
0.4819 0.0150 -0.0118 0 30 0 0
0.4819 0.0150 -0.0118 0 30 0 0
0.4819 0.0150 -0.0118 0 30 0 0
0.4819 0.0150 -0.0118 0 30 0 0
0.4940 0.0154 -0.0073 0 30 0 0
0.4940 0.0154 -0.0073 0 30 0 0
0.5000 0.0160 -0.0064 0 30 0 0
0.5000 0.0160 -0.0064 0 30 0 0
0.5000 0.0160 -0.0064 0 30 0 0
0.5000 0.0160 -0.0064 0 30 0 0
0.5000 0.0160 -0.0064 0 30 0 0
0.5000 0.0160 -0.0064 0 30 0 0
0.4960 0.0168 -0.0025 0 30 0 0
0.4960 0.0168 -0.0025 0 30 0 0
0.4960 0.0168 -0.0025 0 30 0 0
0.4960 0.0168 -0.0025 0 30 0 0
0.4960 0.0168 -0.0025 0 30 0 0
0.4960 0.0175 -0.0026 0 30 0 0
0.4799 0.0175 -0.0026 0 30 0 0
0.4799 0.0175 -0.0026 0 30 0 0
0.5040 0.0178 -0.0018 0 30 0 0
0.5040 0.0178 -0.0018 0 30 0 0
0.5040 0.0178 -0.0018 0 30 0 0
0.5040 0.0178 -0.0018 0 30 0 0
0.5040 0.0178 -0.0018 0 30 0 0
0.5040 0.0178 -0.0021 0 30 0 0
0.4779 0.0178 -0.0021 0 30 0 0
0.4779 0.0178 -0.0021 0 30 0 0
0.4779 0.0178 -0.0021 0 30 0 0
0.4779 0.0178 -0.0021 0 30 0 0
0.4799 0.0172 0.0017 0 30 0 0
0.4799 0.0172 0.0017 0 30 0 0
0.4759 0.0167 0.0024 0 30 0 0
0.4759 0.0167 0.0024 0 30 0 0
0.4759 0.0167 0.0024 0 30 0 0
0.4759 0.0167 0.0024 0 30 0 0
0.4759 0.0167 0.0024 0 30 0 0
0.4759 0.0167 0.0024 0 30 0 0
0.4779 0.0157 0.0021 0 30 0 0
0.4779 0.0157 0.0021 0 30 0 0
0.4779 0.0157 0.0021 0 30 0 0
0.4779 0.0157 0.0021 0 30 0 0
0.4779 0.0157 0.0021 0 30 0 0
0.5040 0.0155 0.0023 0 30 0 0
0.5040 0.0155 0.0023 0 30 0 0
0.5040 0.0155 0.0023 0 30 0 0
0.5040 0.0155 0.0023 0 30 0 0
0.4920 0.0156 0.0029 0 30 0 0
0.4920 0.0156 0.0029 0 30 0 0
0.4920 0.0156 0.0029 0 30 0 0
0.4920 0.0156 0.0029 0 30 0 0
0.4779 0.0159 0.0025 0 30 0 0
0.4779 0.0159 0.0025 0 30 0 0
0.4779 0.0159 0.0025 0 30 0 0
0.4779 0.0159 0.0025 0 30 0 0
0.4779 0.0161 0.0028 0 30 0 0
0.4859 0.0161 0.0028 0 30 0 0
0.4859 0.0161 0.0028 0 30 0 0
0.4859 0.0161 0.0028 0 30 0 0
0.4859 0.0161 0.0028 0 30 0 0
0.4960 0.0163 0.0020 0 30 0 0
0.4960 0.0163 0.0020 0 30 0 0
0.4960 0.0163 0.0020 0 30 0 0
0.4960 0.0163 0.0020 0 30 0 0
0.4839 0.0164 0.0022 0 30 0 0
0.4839 0.0164 0.0022 0 30 0 0
0.4839 0.0164 0.0022 0 30 0 0
0.4839 0.0164 0.0022 0 30 0 0
0.4839 0.0164 0.0022 0 30 0 0
0.5100 0.0161 0.0044 0 30 0 0
0.5100 0.0161 0.0044 0 30 0 0
0.5100 0.0161 0.0044 0 30 0 0
0.5100 0.0161 0.0044 0 30 0 0
0.5020 0.0160 0.0048 0 30 0 0
0.5020 0.0160 0.0048 0 30 0 0
0.5020 0.0160 0.0048 0 30 0 0
0.5020 0.0160 0.0048 0 30 0 0
0.5020 0.0160 0.0048 0 30 0 0
0.5000 0.0160 0.0068 0 30 0 0
0.5000 0.0160 0.0068 0 30 0 0
0.5000 0.0160 0.0068 0 30 0 0
0.5000 0.0160 0.0068 0 30 0 0
0.5000 0.0160 0.0068 0 30 0 0
0.4900 0.0163 0.0068 0 30 0 0
0.4900 0.0163 0.0068 0 30 0 0
0.4900 0.0163 0.0068 0 30 0 0
0.4900 0.0163 0.0068 0 30 0 0
0.4900 0.0163 0.0068 0 30 0 0
0.4779 0.0166 0.0057 0 30 0 0
0.4779 0.0166 0.0057 0 30 0 0
0.4779 0.0166 0.0057 0 30 0 0
0.4739 0.0170 0.0058 0 30 0 0
0.4739 0.0170 0.0058 0 30 0 0
0.4739 0.0170 0.0058 0 30 0 0
0.4739 0.0170 0.0058 0 30 0 0
0.4739 0.0170 0.0058 0 30 0 0
0.4739 0.0170 0.0058 0 30 0 0
0.4739 0.0170 0.0058 0 30 0 0
0.4859 0.0172 0.0048 0 30 0 0
0.4859 0.0172 0.0048 0 30 0 0
0.4859 0.0172 0.0048 0 30 0 0
0.4859 0.0172 0.0048 0 30 0 0
0.4880 0.0172 0.0071 0 30 0 0
0.4880 0.0171 0.0067 0 30 0 0
0.5000 0.0171 0.0067 0 30 0 0
0.5000 0.0171 0.0067 0 30 0 0
0.5000 0.0171 0.0067 0 30 0 0
0.5000 0.0171 0.0067 0 30 0 0
0.4839 0.0171 0.0092 0 30 0 0
0.4839 0.0171 0.0092 0 30 0 0
0.4839 0.0171 0.0092 0 30 0 0
0.4819 0.0172 0.0101 0 30 0 0
0.4819 0.0172 0.0101 0 30 0 0
0.4819 0.0172 0.0101 0 30 0 0
0.4819 0.0172 0.0101 0 30 0 0
0.5040 0.0172 0.0103 0 30 0 0
0.5040 0.0172 0.0103 0 30 0 0
0.5040 0.0172 0.0103 0 30 0 0
0.5040 0.0172 0.0103 0 30 0 0
0.5040 0.0172 0.0103 0 30 0 0
0.4819 0.0170 0.0102 0 30 0 0
0.4819 0.0170 0.0102 0 30 0 0
0.4819 0.0170 0.0102 0 30 0 0
0.4819 0.0170 0.0102 0 30 0 0
0.4859 0.0169 0.0101 0 30 0 0
0.4859 0.0169 0.0101 0 30 0 0
0.4859 0.0169 0.0101 0 30 0 0
0.4859 0.0169 0.0101 0 30 0 0
0.4900 0.0170 0.0088 0 30 0 0
0.4900 0.0170 0.0088 0 30 0 0
0.4900 0.0170 0.0088 0 30 0 0
0.4900 0.0170 0.0088 0 30 0 0
0.4839 0.0174 0.0076 0 30 0 0
0.4839 0.0174 0.0076 0 30 0 0
0.4839 0.0174 0.0076 0 30 0 0
0.4839 0.0174 0.0076 0 30 0 0
0.4839 0.0174 0.0076 0 30 0 0
0.4839 0.0174 0.0076 0 30 0 0
0.4940 0.0181 0.0094 0 30 0 0
0.4940 0.0181 0.0094 0 30 0 0
0.4940 0.0181 0.0094 0 30 0 0
0.4900 0.0185 0.0095 0 30 0 0
0.4900 0.0185 0.0095 0 30 0 0
0.4900 0.0185 0.0095 0 30 0 0
0.4900 0.0185 0.0095 0 30 0 0
0.4900 0.0185 0.0095 0 30 0 0
0.4900 0.0185 0.0095 0 30 0 0
0.4940 0.0191 0.0116 0 30 0 0
0.4940 0.0191 0.0116 0 30 0 0
0.4940 0.0191 0.0116 0 30 0 0
0.4940 0.0191 0.0116 0 30 0 0
0.4940 0.0191 0.0116 0 30 0 0
0.4940 0.0191 0.0116 0 30 0 0
0.4940 0.0191 0.0116 0 30 0 0
0.4940 0.0191 0.0116 0 30 0 0
0.4940 0.0191 0.0116 0 30 0 0
0.4940 0.0191 0.0116 0 30 0 0
0.4940 0.0191 0.0116 0 30 0 0
0.5020 0.0201 0.0136 0 30 0 0
0.5020 0.0201 0.0136 0 30 0 0
0.5020 0.0201 0.0136 0 30 0 0
0.4880 0.0204 0.0138 0 30 0 0
0.5141 0.0204 0.0150 0 30 0 0
0.5141 0.0204 0.0150 0 30 0 0
0.5020 0.0201 0.4995 0 30 0 0
0.5020 0.0201 0.4995 0 30 0 0
0.5020 0.0201 0.4995 0 30 0 0
0.5020 0.0201 0.4995 0 30 0 0
0.4719 0.0200 0.4982 0 30 0 0
0.4719 0.0200 0.4982 0 30 0 0
0.4719 0.0200 0.4982 0 30 0 0
0.4719 0.0200 0.4982 0 30 0 0
0.4719 0.0200 0.4982 0 30 0 0
0.5040 0.0202 0.5004 0 30 0 0
0.5040 0.0202 0.5004 0 30 0 0
0.5040 0.0202 0.5004 0 30 0 0
0.5040 0.0202 0.5004 0 30 0 0
0.4799 0.0205 0.4994 0 30 0 0
0.4799 0.0205 0.4994 0 30 0 0
0.4799 0.0205 0.4994 0 30 0 0
0.4799 0.0205 0.4994 0 30 0 0
0.4799 0.0205 0.4994 0 30 0 0
0.4719 0.0203 0.4986 0 30 0 0
0.4719 0.0203 0.4986 0 30 0 0
0.4719 0.0203 0.4986 0 30 0 0
0.4719 0.0203 0.4986 0 30 0 0
0.4900 0.0199 0.4999 0 30 0 0
0.4900 0.0199 0.4999 0 30 0 0
0.4900 0.0199 0.4999 0 30 0 0
0.4900 0.0199 0.4999 0 30 0 0
0.4900 0.0199 0.4999 0 30 0 0
0.4739 0.0190 0.4994 0 30 0 0
0.4739 0.0190 0.4994 0 30 0 0
0.4739 0.0190 0.4994 0 30 0 0
0.4739 0.0190 0.4994 0 30 0 0
0.4920 0.0178 0.4990 0 30 0 0
0.4920 0.0178 0.4990 0 30 0 0
0.4920 0.0178 0.4990 0 30 0 0
0.4920 0.0178 0.4990 0 30 0 0
0.4940 0.0168 0.4992 0 30 0 0
0.4940 0.0168 0.4992 0 30 0 0
0.4940 0.0168 0.4992 0 30 0 0
0.4940 0.0168 0.4992 0 30 0 0
0.4940 0.0168 0.4992 0 30 0 0
0.5100 0.0162 0.4970 0 30 0 0
0.5100 0.0162 0.4970 0 30 0 0
0.5100 0.0162 0.4970 0 30 0 0
0.5100 0.0162 0.4970 0 30 0 0
0.4940 0.0164 0.4968 0 30 0 0
0.4940 0.0164 0.4968 0 30 0 0
0.4940 0.0164 0.4968 0 30 0 0
0.4940 0.0164 0.4968 0 30 0 0
0.4940 0.0164 0.4968 0 30 0 0
0.5020 0.0168 0.4964 0 30 0 0
0.5020 0.0168 0.4964 0 30 0 0
0.5020 0.0168 0.4964 0 30 0 0
0.4940 0.0175 0.4957 0 30 0 0
0.4940 0.0175 0.4957 0 30 0 0
0.4940 0.0175 0.4957 0 30 0 0
0.4940 0.0175 0.4957 0 30 0 0
0.4940 0.0180 0.4973 0 30 0 0
0.4940 0.0180 0.4973 0 30 0 0
0.4940 0.0180 0.4973 0 30 0 0
0.4940 0.0180 0.4973 0 30 0 0
0.4940 0.0180 0.4973 0 30 0 0
0.5060 0.0184 0.4999 0 0 0 0
0.5000 0.0120 0.4907 0 30 0 0
0.5000 0.0120 0.4907 0 30 0 0
0.5060 0.0124 0.4923 0 30 0 0
0.4859 0.0129 0.4917 0 30 0 0
0.5000 0.0129 0.4926 0 30 0 0
0.4900 0.0122 0.4913 0 30 0 0
0.4900 0.0121 0.4909 0 30 0 0
0.4900 0.0121 0.4909 0 30 0 0
0.5161 0.0127 0.4899 0 30 0 0
0.5161 0.0127 0.4899 0 30 0 0
0.5161 0.0127 0.4899 0 30 0 0
0.5161 0.0127 0.4899 0 30 0 0
0.5161 0.0127 0.4899 0 30 0 0
0.5060 0.0128 0.4906 0 30 0 0
0.5060 0.0127 0.4906 0 30 0 0
0.5100 0.0127 0.4906 0 30 0 0
0.5100 0.0127 0.4906 0 30 0 0
0.5100 0.0127 0.4906 0 30 0 0
0.5100 0.0127 0.4906 0 30 0 0
0.5100 0.0127 0.4906 0 30 0 0
0.4980 0.0123 0.4909 0 30 0 0
0.4980 0.0123 0.4909 0 30 0 0
0.4980 0.0123 0.4909 0 30 0 0
0.4980 0.0123 0.4909 0 30 0 0
0.4980 0.0123 0.4909 0 30 0 0
0.4980 0.0123 0.4909 0 30 0 0
0.4960 0.0122 0.4899 0 30 0 0
0.4960 0.0122 0.4899 0 30 0 0
0.5000 0.0123 0.4916 0 30 0 0
0.5000 0.0123 0.4916 0 30 0 0
0.5000 0.0123 0.4916 0 30 0 0
0.5000 0.0123 0.4916 0 30 0 0
0.5000 0.0123 0.4916 0 30 0 0
0.5000 0.0123 0.4916 0 30 0 0
0.5000 0.0123 0.4916 0 30 0 0
0.4920 0.0122 0.4907 0 30 0 0
0.4920 0.0122 0.4907 0 30 0 0
0.4920 0.0122 0.4907 0 30 0 0
0.4920 0.0122 0.4907 0 30 0 0
0.4920 0.0122 0.4907 0 30 0 0
0.5201 0.0121 0.4920 0 30 0 0
0.5201 0.0121 0.4920 0 30 0 0
0.4920 0.0122 0.4919 0 30 0 0
0.4920 0.0122 0.4919 0 30 0 0
0.4920 0.0122 0.4919 0 30 0 0
0.4920 0.0122 0.4919 0 30 0 0
0.4920 0.0122 0.4919 0 30 0 0
0.4920 0.0122 0.4919 0 30 0 0
0.4839 0.0120 0.4920 0 30 0 0
0.4839 0.0120 0.4920 0 30 0 0
0.4839 0.0120 0.4920 0 30 0 0
0.4839 0.0120 0.4920 0 30 0 0
0.4839 0.0120 0.4920 0 30 0 0
0.4839 0.0116 0.4909 0 30 0 0
0.4839 0.0116 0.4909 0 30 0 0
0.4980 0.0116 0.4907 0 30 0 0
0.4980 0.0116 0.4907 0 30 0 0
0.4980 0.0116 0.4907 0 30 0 0
0.4980 0.0116 0.4907 0 30 0 0
0.4980 0.0116 0.4907 0 30 0 0
0.4980 0.0116 0.4907 0 30 0 0
0.4920 0.0115 0.4881 0 30 0 0
0.4920 0.0115 0.4881 0 30 0 0
0.4920 0.0115 0.4881 0 30 0 0
0.4920 0.0115 0.4881 0 30 0 0
0.4920 0.0115 0.4881 0 30 0 0
0.4920 0.0115 0.4881 0 30 0 0
0.5060 0.0114 0.4883 0 30 0 0
0.5060 0.0114 0.4883 0 30 0 0
0.5000 0.0115 0.4872 0 30 0 0
0.5000 0.0115 0.4872 0 30 0 0
0.5000 0.0115 0.4872 0 30 0 0
0.5000 0.0115 0.4872 0 30 0 0
0.5000 0.0115 0.4872 0 30 0 0
0.5000 0.0115 0.4872 0 30 0 0
0.5000 0.0115 0.4872 0 30 0 0
0.5060 0.0117 0.4862 0 30 0 0
0.5060 0.0117 0.4862 0 30 0 0
0.5060 0.0117 0.4862 0 30 0 0
0.5060 0.0117 0.4862 0 30 0 0
0.5060 0.0117 0.4862 0 30 0 0
0.5060 0.0117 0.4862 0 30 0 0
0.5060 0.0117 0.4862 0 30 0 0
0.5060 0.0117 0.4862 0 30 0 0
0.5060 0.0117 0.4862 0 30 0 0
0.5060 0.0117 0.4862 0 30 0 0
0.5161 0.0119 0.4862 0 30 0 0
0.5161 0.0119 0.4866 0 30 0 0
0.5080 0.0119 0.4866 0 30 0 0
0.5080 0.0123 0.4887 0 30 0 0
0.5080 0.0123 0.4887 0 30 0 0
0.5080 0.0123 0.4887 0 30 0 0
0.5080 0.0123 0.4887 0 30 0 0
0.5080 0.0123 0.4887 0 30 0 0
0.5060 0.0126 0.4877 0 30 0 0
0.5060 0.0126 0.4877 0 30 0 0
0.5060 0.0126 0.4877 0 30 0 0
0.5060 0.0126 0.4877 0 30 0 0
0.5060 0.0126 0.4877 0 30 0 0
0.5060 0.0126 0.4877 0 30 0 0
0.5060 0.0126 0.4877 0 30 0 0
0.5060 0.0126 0.4877 0 30 0 0
0.5060 0.0126 0.4877 0 30 0 0
0.5060 0.0126 0.4877 0 30 0 0
0.5060 0.0126 0.4877 0 30 0 0
0.5221 0.0129 0.4886 0 30 0 0
0.5040 0.0130 0.4930 0 30 0 0
0.5020 0.0133 0.4916 0 30 0 0
0.5020 0.0133 0.4916 0 30 0 0
0.5020 0.0137 0.4898 0 30 0 0
0.5020 0.0137 0.4898 0 30 0 0
0.5020 0.0137 0.4898 0 30 0 0
0.5020 0.0137 0.4898 0 30 0 0
0.5020 0.0137 0.4898 0 30 0 0
0.5020 0.0137 0.4898 0 30 0 0
0.5040 0.0143 0.4917 0 30 0 0
0.5040 0.0143 0.4917 0 30 0 0
0.5040 0.0143 0.4917 0 30 0 0
0.5040 0.0143 0.4917 0 30 0 0
0.5040 0.0143 0.4917 0 30 0 0
0.5040 0.0143 0.4917 0 30 0 0
0.5201 0.0146 0.4894 0 30 0 0
0.5201 0.0146 0.4894 0 30 0 0
0.4839 0.0147 0.4877 0 30 0 0
0.4839 0.0147 0.4877 0 30 0 0
0.4839 0.0147 0.4877 0 30 0 0
0.4839 0.0147 0.4877 0 30 0 0
0.4839 0.0147 0.4877 0 30 0 0
0.4839 0.0147 0.4877 0 30 0 0
0.5040 0.0148 0.4892 0 30 0 0
0.5040 0.0148 0.4892 0 30 0 0
0.5040 0.0148 0.4892 0 30 0 0
0.5040 0.0148 0.4892 0 30 0 0
0.4759 0.0146 0.4897 0 30 0 0
0.4759 0.0146 0.4897 0 30 0 0
0.4759 0.0146 0.4897 0 30 0 0
0.4880 0.0143 0.4905 0 30 0 0
0.4880 0.0143 0.4905 0 30 0 0
0.4880 0.0143 0.4905 0 30 0 0
0.4880 0.0143 0.4905 0 30 0 0
0.4880 0.0143 0.4905 0 30 0 0
0.4980 0.0137 0.4893 0 30 0 0
0.4980 0.0137 0.4893 0 30 0 0
0.4980 0.0137 0.4893 0 30 0 0
0.4980 0.0137 0.4893 0 30 0 0
0.4980 0.0137 0.4893 0 30 0 0
0.4880 0.0134 0.4874 0 30 0 0
0.4880 0.0134 0.4874 0 30 0 0
0.4880 0.0134 0.4874 0 30 0 0
0.4940 0.0132 0.4893 0 30 0 0
0.4940 0.0132 0.4893 0 30 0 0
0.4940 0.0132 0.4893 0 30 0 0
0.4940 0.0132 0.4893 0 30 0 0
0.4940 0.0132 0.4893 0 30 0 0
0.4940 0.0132 0.4893 0 30 0 0
0.4839 0.0130 0.4910 0 30 0 0
0.4839 0.0130 0.4910 0 30 0 0
0.4839 0.0130 0.4910 0 30 0 0
0.4839 0.0130 0.4910 0 30 0 0
0.4839 0.0130 0.4910 0 30 0 0
0.4839 0.0130 0.4910 0 30 0 0
0.4618 0.0128 0.4887 0 30 0 0
0.4618 0.0128 0.4887 0 30 0 0
0.4618 0.0128 0.4887 0 30 0 0
0.4618 0.0128 0.4870 0 0 0 0
0.4960 0.0125 0.0183 -30 0 0 0
0.4880 0.0128 0.0194 -30 0 0 0
0.5141 0.0131 0.0182 -30 0 0 0
0.5040 0.0144 0.0199 -30 0 0 0
0.4940 0.0148 0.0204 -30 0 0 0
0.4980 0.0146 0.0201 -30 0 0 0
0.5341 0.0141 0.0219 -30 0 0 0
0.5341 0.0141 0.0219 -30 0 0 0
0.5341 0.0141 0.0219 -30 0 0 0
0.5341 0.0141 0.0219 -30 0 0 0
0.5261 0.0136 0.0204 -30 0 0 0
0.5261 0.0136 0.0204 -30 0 0 0
0.5261 0.0136 0.0204 -30 0 0 0
0.5261 0.0136 0.0204 -30 0 0 0
0.5141 0.0131 0.0207 -30 0 0 0
0.5141 0.0131 0.0207 -30 0 0 0
0.5141 0.0131 0.0207 -30 0 0 0
0.5141 0.0131 0.0207 -30 0 0 0
0.5141 0.0131 0.0207 -30 0 0 0
0.5141 0.0131 0.0207 -30 0 0 0
0.5141 0.0131 0.0207 -30 0 0 0
0.5141 0.0131 0.0207 -30 0 0 0
0.5141 0.0131 0.0207 -30 0 0 0
0.5141 0.0131 0.0207 -30 0 0 0
0.5141 0.0131 0.0207 -30 0 0 0
0.5141 0.0131 0.0207 -30 0 0 0
0.5141 0.0131 0.0207 -30 0 0 0
0.5080 0.0129 0.0207 -30 0 0 0
0.5080 0.0128 0.0192 -30 0 0 0
0.5040 0.0126 0.0194 -30 0 0 0
0.5020 0.0126 0.0194 -30 0 0 0
0.5020 0.0126 0.0194 -30 0 0 0
0.5020 0.0123 0.0188 -30 0 0 0
0.4980 0.0123 0.0188 -30 0 0 0
0.4980 0.0123 0.0188 -30 0 0 0
0.4980 0.0123 0.0188 -30 0 0 0
0.4980 0.0123 0.0188 -30 0 0 0
0.5141 0.0122 0.0187 -30 0 0 0
0.5141 0.0122 0.0187 -30 0 0 0
0.5141 0.0122 0.0187 -30 0 0 0
0.5141 0.0122 0.0187 -30 0 0 0
0.5141 0.0122 0.0187 -30 0 0 0
0.5141 0.0120 0.0179 -30 0 0 0
0.5141 0.0120 0.0179 -30 0 0 0
0.5141 0.0120 0.0179 -30 0 0 0
0.5141 0.0120 0.0179 -30 0 0 0
0.5020 0.0118 0.0177 -30 0 0 0
0.5020 0.0118 0.0177 -30 0 0 0
0.5020 0.0118 0.0177 -30 0 0 0
0.5020 0.0118 0.0177 -30 0 0 0
0.5020 0.0118 0.0177 -30 0 0 0
0.5020 0.0118 0.0177 -30 0 0 0
0.5020 0.0118 0.0177 -30 0 0 0
0.5020 0.0118 0.0177 -30 0 0 0
0.5020 0.0118 0.0177 -30 0 0 0
0.5020 0.0118 0.0177 -30 0 0 0
0.5020 0.0118 0.0177 -30 0 0 0
0.5020 0.0118 0.0177 -30 0 0 0
0.5020 0.0118 0.0177 -30 0 0 0
0.5020 0.0118 0.0177 -30 0 0 0
0.4940 0.0116 0.0160 -30 0 0 0
0.4880 0.0113 0.0205 -30 0 0 0
0.5040 0.0114 0.0213 -30 0 0 0
0.5040 0.0114 0.0213 -30 0 0 0
0.5040 0.0114 0.0213 -30 0 0 0
0.5040 0.0114 0.0213 -30 0 0 0
0.5040 0.0114 0.0213 -30 0 0 0
0.5000 0.0117 0.0210 -30 0 0 0
0.5000 0.0117 0.0210 -30 0 0 0
0.5000 0.0117 0.0210 -30 0 0 0
0.5201 0.0118 0.0198 0 0 0 0
0.5120 0.0132 0.0367 -30 0 0 0
0.5161 0.0138 0.0368 -30 0 0 0
0.5221 0.0150 0.0365 -30 0 0 0
0.4920 0.0158 0.0380 -30 0 0 0
0.4940 0.0164 0.0367 -30 0 0 0
0.4859 0.0155 0.0360 -30 0 0 0
0.4940 0.0148 0.0359 -30 0 0 0
0.4940 0.0148 0.0359 -30 0 0 0
0.4940 0.0148 0.0359 -30 0 0 0
0.4940 0.0148 0.0359 -30 0 0 0
0.4940 0.0148 0.0359 -30 0 0 0
0.4859 0.0142 0.0338 -30 0 0 0
0.4859 0.0142 0.0338 -30 0 0 0
0.4859 0.0142 0.0338 -30 0 0 0
0.4859 0.0140 0.0324 -30 0 0 0
0.4980 0.0140 0.0324 -30 0 0 0
0.4980 0.0140 0.0324 -30 0 0 0
0.4980 0.0140 0.0324 0 0 0 0
0.4880 0.0137 0.0358 -30 0 0 0
0.4819 0.0131 0.0372 -30 0 0 0
0.5100 0.0131 0.0372 -30 0 0 0
0.5100 0.0125 0.0399 -30 0 0 0
0.4779 0.0120 0.0468 -30 0 0 0
0.4779 0.0120 0.0468 -30 0 0 0
0.4779 0.0120 0.0468 -30 0 0 0
0.4779 0.0120 0.0468 -30 0 0 0
0.4779 0.0120 0.0468 -30 0 0 0
0.4779 0.0120 0.0468 -30 0 0 0
0.4779 0.0120 0.0468 -30 0 0 0
0.4779 0.0122 0.0462 -30 0 0 0
0.4779 0.0122 0.0462 0 0 0 0
0.4880 0.0183 0.0453 0 30 0 0
0.4940 0.0183 0.0435 0 30 0 0
0.4960 0.0166 0.0440 0 30 0 0
0.4960 0.0161 0.0428 0 30 0 0
0.4799 0.0154 0.0476 0 30 0 0
0.5120 0.0156 0.0464 0 30 0 0
0.5120 0.0160 0.0521 0 30 0 0
0.4940 0.0168 0.0505 0 30 0 0
0.4940 0.0168 0.0505 0 30 0 0
0.4940 0.0168 0.0505 0 30 0 0
0.4940 0.0168 0.0505 0 30 0 0
0.4940 0.0168 0.0505 0 30 0 0
0.5080 0.0174 0.0470 0 30 0 0
0.5080 0.0174 0.0470 0 30 0 0
0.5080 0.0174 0.0470 0 30 0 0
0.5020 0.0176 0.0481 0 30 0 0
0.5020 0.0176 0.0481 0 30 0 0
0.5020 0.0176 0.0481 0 30 0 0
0.5020 0.0176 0.0481 0 30 0 0
0.5020 0.0176 0.0481 0 30 0 0
0.5020 0.0175 0.0464 0 30 0 0
0.5000 0.0175 0.0464 0 30 0 0
0.5000 0.0175 0.0464 0 30 0 0
0.5000 0.0175 0.0464 0 30 0 0
0.5000 0.0175 0.0464 0 30 0 0
0.5000 0.0175 0.0464 0 30 0 0
0.4779 0.0173 0.0444 0 30 0 0
0.4779 0.0173 0.0444 0 30 0 0
0.4779 0.0173 0.0444 0 30 0 0
0.4859 0.0172 0.0452 0 0 0 0
0.4839 0.0198 0.0430 0 30 0 0
0.4819 0.0198 0.0430 0 30 0 0
0.4920 0.0200 0.0423 0 30 0 0
0.4859 0.0196 0.0418 0 30 0 0
0.4839 0.0183 0.0406 0 30 0 0
0.4799 0.0173 0.0408 0 30 0 0
0.4779 0.0164 0.0405 0 30 0 0
0.4779 0.0164 0.0405 0 30 0 0
0.4779 0.0164 0.0405 0 30 0 0
0.4779 0.0164 0.0405 0 30 0 0
0.4940 0.0161 0.0397 0 30 0 0
0.4940 0.0161 0.0397 0 30 0 0
0.4940 0.0161 0.0397 0 30 0 0
0.4940 0.0161 0.0397 0 30 0 0
0.4940 0.0161 0.0397 0 30 0 0
0.4759 0.0161 0.0389 0 30 0 0
0.4759 0.0161 0.0389 0 30 0 0
0.4759 0.0161 0.0389 0 30 0 0
0.5100 0.0160 0.0386 0 30 0 0
0.5100 0.0160 0.0386 0 30 0 0
0.5100 0.0160 0.0386 0 30 0 0
0.5100 0.0160 0.0386 0 30 0 0
0.5100 0.0160 0.0386 0 30 0 0
0.5100 0.0160 0.0386 0 30 0 0
0.5040 0.0164 0.0379 0 30 0 0
0.5040 0.0164 0.0379 0 30 0 0
0.5040 0.0164 0.0379 0 30 0 0
0.5040 0.0164 0.0379 0 30 0 0
0.4819 0.0167 0.0378 0 30 0 0
0.4819 0.0167 0.0378 0 30 0 0
0.5080 0.0169 0.0381 0 30 0 0
0.5080 0.0169 0.0381 0 30 0 0
0.5080 0.0169 0.0381 0 30 0 0
0.5080 0.0169 0.0381 0 30 0 0
0.5080 0.0169 0.0381 0 30 0 0
0.5080 0.0169 0.0381 0 30 0 0
0.4940 0.0167 0.0396 0 30 0 0
0.4940 0.0167 0.0396 0 30 0 0
0.4940 0.0167 0.0396 0 30 0 0
0.4940 0.0167 0.0396 0 30 0 0
0.4940 0.0167 0.0396 0 30 0 0
0.4880 0.0167 0.0391 0 30 0 0
0.4880 0.0167 0.0391 0 30 0 0
0.4880 0.0167 0.0391 0 30 0 0
0.4880 0.0167 0.0391 0 30 0 0
0.4940 0.0167 0.0401 0 30 0 0
0.4940 0.0167 0.0401 0 30 0 0
0.4940 0.0167 0.0401 0 30 0 0
0.4940 0.0167 0.0401 0 30 0 0
0.5080 0.0168 0.0392 0 30 0 0
0.5080 0.0168 0.0392 0 30 0 0
0.5080 0.0168 0.0392 0 30 0 0
0.5080 0.0168 0.0392 0 30 0 0
0.5080 0.0168 0.0392 0 30 0 0
0.4900 0.0169 0.0382 0 30 0 0
0.4900 0.0169 0.0382 0 30 0 0
0.5000 0.0170 0.0383 0 30 0 0
0.5000 0.0170 0.0383 0 30 0 0
0.5000 0.0170 0.0383 0 30 0 0
0.5000 0.0170 0.0383 0 30 0 0
0.5000 0.0170 0.0383 0 30 0 0
0.5000 0.0170 0.0383 0 30 0 0
0.4839 0.0169 0.0379 0 30 0 0
0.4839 0.0169 0.0379 0 30 0 0
0.4839 0.0169 0.0379 0 30 0 0
0.4839 0.0169 0.0379 0 30 0 0
0.4900 0.0169 0.0358 0 30 0 0
0.4900 0.0169 0.0358 0 30 0 0
0.4900 0.0169 0.0351 0 30 0 0
0.5201 0.0169 0.0351 0 30 0 0
0.5201 0.0169 0.0351 0 30 0 0
0.5201 0.0169 0.0351 0 30 0 0
0.5201 0.0169 0.0351 0 30 0 0
0.5201 0.0169 0.0351 0 30 0 0
0.5201 0.0169 0.0351 0 30 0 0
0.5141 0.0168 0.0326 0 30 0 0
0.5141 0.0168 0.0326 0 30 0 0
0.5141 0.0168 0.0326 0 30 0 0
0.5141 0.0164 0.0311 0 30 0 0
0.4920 0.0164 0.0311 0 30 0 0
0.4920 0.0164 0.0311 0 30 0 0
0.4920 0.0156 0.0268 0 30 0 0
0.5020 0.0156 0.0268 0 30 0 0
0.5020 0.0156 0.0268 0 30 0 0
0.5020 0.0156 0.0268 0 30 0 0
0.5020 0.0156 0.0268 0 30 0 0
0.5020 0.0150 0.0274 0 30 0 0
0.4920 0.0150 0.0274 0 30 0 0
0.4920 0.0150 0.0274 0 30 0 0
0.4920 0.0150 0.0274 0 30 0 0
0.4920 0.0150 0.0274 0 30 0 0
0.4920 0.0150 0.0274 0 30 0 0
0.4880 0.0145 0.0219 0 30 0 0
0.4880 0.0145 0.0219 0 0 0 0
0.4940 0.0143 0.0206 0 30 0 0
0.5080 0.0140 0.0189 0 30 0 0
0.4960 0.0136 0.0203 0 30 0 0
0.4980 0.0123 0.0120 0 30 0 0
0.4859 0.0120 0.0123 0 30 0 0
0.4900 0.0116 0.0169 0 30 0 0
0.4900 0.0116 0.0169 0 30 0 0
0.4900 0.0116 0.0169 0 30 0 0
0.4900 0.0116 0.0169 0 30 0 0
0.4900 0.0116 0.0169 0 30 0 0
0.5060 0.0114 0.0179 0 30 0 0
0.5060 0.0114 0.0179 0 30 0 0
0.5060 0.0114 0.0179 0 30 0 0
0.5060 0.0114 0.0179 0 30 0 0
0.5261 0.0115 0.0179 0 30 0 0
0.5261 0.0115 0.0179 0 30 0 0
0.5261 0.0115 0.0179 0 30 0 0
0.5261 0.0115 0.0179 0 30 0 0
0.5020 0.0116 0.0193 0 30 0 0
0.5020 0.0116 0.0193 0 30 0 0
0.5020 0.0116 0.0193 0 30 0 0
0.5020 0.0116 0.0193 0 30 0 0
0.5020 0.0116 0.0193 0 30 0 0
0.5020 0.0118 0.0239 0 30 0 0
0.5080 0.0118 0.0239 0 30 0 0
0.5080 0.0118 0.0239 0 30 0 0
0.5080 0.0118 0.0239 0 30 0 0
0.5321 0.0123 0.0236 0 30 0 0
0.5321 0.0123 0.0236 0 30 0 0
0.5321 0.0123 0.0236 0 30 0 0
0.5321 0.0123 0.0236 0 30 0 0
0.5321 0.0123 0.0236 0 30 0 0
0.5040 0.0127 0.0240 0 30 0 0
0.5040 0.0127 0.0240 0 30 0 0
0.5040 0.0127 0.0240 0 30 0 0
0.5040 0.0127 0.0240 0 30 0 0
0.5000 0.0134 0.0241 0 30 0 0
0.5000 0.0134 0.0241 0 30 0 0
0.5000 0.0134 0.0241 0 30 0 0
0.5000 0.0134 0.0241 0 30 0 0
0.4839 0.0139 0.0250 0 30 0 0
0.4839 0.0139 0.0250 0 30 0 0
0.4839 0.0139 0.0250 0 30 0 0
0.4839 0.0138 0.0259 0 30 0 0
0.4880 0.0138 0.0259 0 30 0 0
0.4880 0.0138 0.0259 0 30 0 0
0.4880 0.0138 0.0259 0 30 0 0
0.4880 0.0138 0.0259 0 30 0 0
0.4880 0.0134 0.0263 0 30 0 0
0.4880 0.0134 0.0263 0 30 0 0
0.4880 0.0134 0.0263 0 30 0 0
0.4880 0.0134 0.0263 0 30 0 0
0.4880 0.0134 0.0263 0 30 0 0
0.4980 0.0125 0.0270 0 30 0 0
0.4980 0.0125 0.0270 0 30 0 0
0.4980 0.0125 0.0270 0 30 0 0
0.4980 0.0125 0.0270 0 30 0 0
0.4980 0.0125 0.0270 0 30 0 0
0.4839 0.0117 0.0279 0 30 0 0
0.4839 0.0117 0.0279 0 30 0 0
0.4839 0.0117 0.0279 0 30 0 0
0.4839 0.0117 0.0279 0 30 0 0
0.4960 0.0112 0.0265 0 30 0 0
0.4960 0.0112 0.0265 0 30 0 0
0.4960 0.0112 0.0265 0 30 0 0
0.4960 0.0112 0.0265 0 30 0 0
0.4960 0.0108 0.0278 0 0 0 0
0.4980 0.0128 0.0299 0 30 0 0
0.5080 0.0130 0.0323 0 30 0 0
0.5100 0.0115 0.0337 0 30 0 0
0.5000 0.0113 0.0325 0 30 0 0
0.4799 0.0113 0.0345 0 30 0 0
0.4980 0.0118 0.0352 0 30 0 0
0.5080 0.0118 0.0352 0 30 0 0
0.5080 0.0118 0.0352 0 30 0 0
0.5080 0.0118 0.0352 0 30 0 0
0.4940 0.0118 0.0339 0 30 0 0
0.4940 0.0118 0.0339 0 30 0 0
0.4940 0.0118 0.0339 0 30 0 0
0.4940 0.0118 0.0339 0 30 0 0
0.4940 0.0118 0.0339 0 30 0 0
0.5100 0.0118 0.0339 0 30 0 0
0.5100 0.0118 0.0339 0 30 0 0
0.5100 0.0118 0.0339 0 30 0 0
0.5100 0.0118 0.0339 0 30 0 0
0.5100 0.0118 0.0339 0 30 0 0
0.5100 0.0118 0.0339 0 0 0 0
0.5301 0.0128 0.0337 0 30 0 0
0.5120 0.0131 0.0349 0 30 0 0
0.5120 0.0134 0.0313 0 30 0 0
0.5080 0.0134 0.0313 0 30 0 0
0.5080 0.0134 0.0313 0 30 0 0
0.5261 0.0134 0.0313 0 30 0 0
0.5261 0.0134 0.0313 0 30 0 0
0.5261 0.0134 0.0313 0 30 0 0
0.5261 0.0134 0.0313 0 30 0 0
0.5261 0.0134 0.0313 0 30 0 0
0.5261 0.0134 0.0306 0 30 0 0
0.5100 0.0134 0.0306 0 30 0 0
0.5100 0.0134 0.0306 0 30 0 0
0.5100 0.0134 0.0306 0 30 0 0
0.5040 0.0130 0.0298 0 30 0 0
0.5040 0.0130 0.0298 0 30 0 0
0.5040 0.0130 0.0298 0 30 0 0
0.5040 0.0130 0.0298 0 30 0 0
0.5080 0.0128 0.0287 0 30 0 0
0.5080 0.0128 0.0287 0 30 0 0
0.5080 0.0128 0.0287 0 30 0 0
0.5080 0.0128 0.0287 0 0 0 0
0.5020 0.0133 0.0275 0 30 0 0
0.4900 0.0134 0.0254 0 30 0 0
0.5040 0.0137 0.0233 0 30 0 0
0.5060 0.0140 0.0231 0 30 0 0
0.5120 0.0143 0.0238 0 30 0 0
0.5120 0.0143 0.0238 0 30 0 0
0.5120 0.0143 0.0238 0 30 0 0
0.5120 0.0143 0.0238 0 30 0 0
0.5120 0.0143 0.0238 0 30 0 0
0.5120 0.0143 0.0238 0 30 0 0
0.5120 0.0143 0.0238 0 30 0 0
0.5020 0.0140 0.0236 0 30 0 0
0.5020 0.0140 0.0236 0 30 0 0
0.5020 0.0134 0.0223 0 30 0 0
0.5040 0.0134 0.0223 0 30 0 0
0.5040 0.0134 0.0223 0 30 0 0
0.5040 0.0134 0.0223 0 30 0 0
0.5040 0.0134 0.0223 0 30 0 0
0.5040 0.0134 0.0223 0 30 0 0
0.5141 0.0125 0.0214 0 30 0 0
0.5141 0.0125 0.0214 0 30 0 0
0.5141 0.0125 0.0214 0 30 0 0
0.5141 0.0125 0.0214 0 30 0 0
0.5141 0.0125 0.0214 0 30 0 0
0.5241 0.0119 0.0184 0 30 0 0
0.5241 0.0119 0.0184 0 30 0 0
0.5241 0.0116 0.0183 0 30 0 0
0.5241 0.0116 0.0183 0 30 0 0
0.5241 0.0116 0.0183 0 30 0 0
0.5241 0.0116 0.0183 0 30 0 0
0.5241 0.0116 0.0183 0 30 0 0
0.5261 0.0115 0.0187 0 30 0 0
0.5261 0.0115 0.0187 0 30 0 0
0.5261 0.0115 0.0187 0 30 0 0
0.5261 0.0115 0.0187 0 30 0 0
0.5261 0.0115 0.0187 0 30 0 0
0.5261 0.0115 0.0187 0 30 0 0
0.5161 0.0118 0.0185 0 30 0 0
0.5161 0.0118 0.0185 0 30 0 0
0.5281 0.0120 0.0186 0 30 0 0
0.5281 0.0120 0.0186 0 30 0 0
0.5281 0.0120 0.0186 0 30 0 0
0.5281 0.0120 0.0186 0 30 0 0
0.5281 0.0120 0.0186 0 30 0 0
0.5020 0.0120 0.0192 0 30 0 0
0.5020 0.0120 0.0192 0 30 0 0
0.5020 0.0120 0.0192 0 30 0 0
0.5020 0.0120 0.0192 0 30 0 0
0.5020 0.0120 0.0192 0 30 0 0
0.5020 0.0120 0.0192 0 30 0 0
0.5020 0.0120 0.0192 0 30 0 0
0.5221 0.0122 0.0191 0 30 0 0
0.5221 0.0122 0.0191 0 30 0 0
0.5221 0.0122 0.0191 0 30 0 0
0.4960 0.0125 0.0192 0 30 0 0
0.4960 0.0125 0.0192 0 30 0 0
0.4960 0.0125 0.0192 0 30 0 0
0.4960 0.0125 0.0192 0 30 0 0
0.4960 0.0125 0.0192 0 30 0 0
0.5060 0.0128 0.0185 0 30 0 0
0.5060 0.0128 0.0185 0 30 0 0
0.5060 0.0128 0.0185 0 30 0 0
0.5060 0.0128 0.0185 0 30 0 0
0.5060 0.0128 0.0185 0 30 0 0
0.4940 0.0134 0.0175 0 30 0 0
0.4940 0.0134 0.0175 0 30 0 0
0.4940 0.0134 0.0175 0 30 0 0
0.4980 0.0138 0.0179 0 30 0 0
0.4980 0.0138 0.0179 0 30 0 0
0.4980 0.0138 0.0179 0 30 0 0
0.4980 0.0138 0.0179 0 30 0 0
0.4980 0.0138 0.0179 0 30 0 0
0.5020 0.0141 0.0174 0 30 0 0
0.5020 0.0141 0.0174 0 30 0 0
0.5020 0.0141 0.0174 0 30 0 0
0.5020 0.0141 0.0174 0 30 0 0
0.5020 0.0141 0.0174 0 30 0 0
0.4920 0.0143 0.0180 0 30 0 0
0.4920 0.0143 0.0180 0 30 0 0
0.4920 0.0143 0.0180 0 30 0 0
0.4960 0.0144 0.5283 0 30 0 0
0.4960 0.0144 0.5283 0 30 0 0
0.4960 0.0144 0.5283 0 30 0 0
0.4960 0.0144 0.5283 0 30 0 0
0.4960 0.0144 0.5283 0 30 0 0
0.5000 0.0150 0.5267 0 30 0 0
0.5000 0.0150 0.5267 0 30 0 0
0.5000 0.0150 0.5267 0 30 0 0
0.5000 0.0150 0.5267 0 30 0 0
0.5000 0.0150 0.5267 0 30 0 0
0.5000 0.0150 0.5267 0 30 0 0
0.4940 0.0157 0.5261 0 30 0 0
0.4940 0.0157 0.5261 0 30 0 0
0.4940 0.0157 0.5261 0 0 0 0
0.4900 0.0191 0.5298 0 30 0 0
0.4759 0.0198 0.5316 0 30 0 0
0.4940 0.0202 0.0046 0 30 0 0
0.4960 0.0202 0.0029 0 30 0 0
0.4900 0.0195 0.0029 0 30 0 0
0.4980 0.0191 0.0048 0 30 0 0
0.4980 0.0191 0.0048 0 30 0 0
0.4980 0.0191 0.0048 0 30 0 0
0.4779 0.0187 0.0042 0 30 0 0
0.4900 0.0183 0.0033 0 30 0 0
0.4900 0.0183 0.0033 0 30 0 0
0.4679 0.0175 0.0033 0 30 0 0
0.4679 0.0175 0.0033 0 30 0 0
0.4679 0.0175 0.0033 0 30 0 0
0.4759 0.0166 0.0063 0 0 0 0
0.4920 0.0155 0.0026 0 30 0 0
0.4759 0.0151 -0.0016 0 30 0 0
0.4980 0.0149 -0.0043 0 30 0 0
0.4779 0.0149 -0.0033 0 30 0 0
0.4819 0.0150 -0.0021 0 30 0 0
0.4819 0.0150 -0.0021 0 30 0 0
0.4819 0.0150 -0.0021 0 30 0 0
0.4819 0.0150 -0.0021 0 30 0 0
0.4920 0.0148 0.0003 0 30 0 0
0.4920 0.0148 0.0003 0 30 0 0
0.4920 0.0148 0.0003 0 30 0 0
0.4920 0.0148 0.0003 0 30 0 0
0.4940 0.0145 0.0030 0 30 0 0
0.4940 0.0145 0.0030 0 30 0 0
0.4940 0.0145 0.0030 0 30 0 0
0.4880 0.0144 0.0006 0 30 0 0
0.4880 0.0144 0.0006 0 30 0 0
0.4880 0.0144 0.0006 0 30 0 0
0.4880 0.0144 0.0006 0 30 0 0
0.4880 0.0144 0.0006 0 30 0 0
0.5060 0.0146 -0.0001 0 0 0 0
0.4659 0.0160 -0.0076 0 30 0 0
0.4699 0.0160 -0.0076 0 30 0 0
0.4880 0.0151 -0.0035 0 30 0 0
0.4960 0.0151 0.0007 0 30 0 0
0.5040 0.0151 0.0007 0 30 0 0
0.5040 0.0151 0.0007 0 30 0 0
0.5040 0.0151 0.0007 0 30 0 0
0.5040 0.0151 0.0007 0 30 0 0
0.5040 0.0151 0.0007 0 30 0 0
0.5040 0.0151 0.0007 0 30 0 0
0.5040 0.0151 0.0007 0 30 0 0
0.5040 0.0151 0.0007 0 30 0 0
0.5040 0.0151 0.0007 0 30 0 0
0.4980 0.0158 0.0011 0 30 0 0
0.4980 0.0158 0.0011 0 30 0 0
0.4920 0.0165 0.0014 0 30 0 0
0.4880 0.0171 0.0007 0 30 0 0
0.4880 0.0171 0.0007 0 30 0 0
0.4880 0.0171 0.0007 0 30 0 0
0.4880 0.0171 0.0007 0 30 0 0
0.5181 0.0169 -0.0006 0 30 0 0
0.5181 0.0169 -0.0006 0 30 0 0
0.5181 0.0169 -0.0006 0 0 0 0
0.4679 0.0174 -0.0020 0 30 0 0
0.4920 0.0169 -0.0032 0 30 0 0
0.4779 0.0169 -0.0032 0 30 0 0
0.5000 0.0151 -0.0029 0 30 0 0
0.4839 0.0150 -0.0021 0 30 0 0
0.4980 0.0146 -0.0022 0 30 0 0
0.4960 0.0140 -0.0026 0 30 0 0
0.4960 0.0140 -0.0026 0 30 0 0
0.4960 0.0140 -0.0026 0 30 0 0
0.4960 0.0140 -0.0026 0 30 0 0
0.4920 0.0134 -0.0021 0 30 0 0
0.4920 0.0134 -0.0021 0 30 0 0
0.4920 0.0134 -0.0021 0 30 0 0
0.4920 0.0134 -0.0021 0 30 0 0
0.4920 0.0134 -0.0021 0 30 0 0
0.4920 0.0134 -0.0021 0 30 0 0
0.4920 0.0134 -0.0021 0 0 0 0
0.4699 0.0131 -0.0009 0 30 0 0
0.4980 0.0132 -0.0014 0 30 0 0
0.4759 0.0136 -0.0014 0 30 0 0
0.4578 0.0145 -0.0010 0 30 0 0
0.4578 0.0145 -0.0010 0 30 0 0
0.4578 0.0145 -0.0010 0 30 0 0
0.4578 0.0145 -0.0010 0 30 0 0
0.4759 0.0153 -0.0001 0 30 0 0
0.4759 0.0153 -0.0001 0 30 0 0
0.4759 0.0153 -0.0001 0 30 0 0
0.4759 0.0153 -0.0001 0 30 0 0
0.4759 0.0153 -0.0001 0 30 0 0
0.4699 0.0161 -0.0011 0 30 0 0
0.4699 0.0161 -0.0011 0 30 0 0
0.4699 0.0161 -0.0011 0 30 0 0
0.4699 0.0161 -0.0011 0 30 0 0
0.4679 0.0164 -0.0005 0 30 0 0
0.4679 0.0164 -0.0005 0 30 0 0
0.4679 0.0164 -0.0005 0 30 0 0
0.4679 0.0164 -0.0005 0 30 0 0
0.4679 0.0163 -0.0030 0 30 0 0
0.4839 0.0163 -0.0030 0 30 0 0
0.4839 0.0163 -0.0030 0 0 0 0
0.5181 0.0132 -0.0121 0 30 0 0
0.5120 0.0135 -0.0116 0 30 0 0
0.5060 0.0140 -0.0119 0 30 0 0
0.4940 0.0138 -0.0114 0 30 0 0
0.4980 0.0130 -0.0091 0 30 0 0
0.4900 0.0139 -0.0086 0 30 0 0
0.4900 0.0139 -0.0086 0 30 0 0
0.4920 0.0142 -0.0068 0 30 0 0
0.4920 0.0142 -0.0068 0 30 0 0
0.4920 0.0142 -0.0068 0 30 0 0
0.4920 0.0142 -0.0068 0 30 0 0
0.4920 0.0142 -0.0068 0 30 0 0
0.4920 0.0147 -0.0065 0 30 0 0
0.4920 0.0147 -0.0065 0 30 0 0
0.4920 0.0147 -0.0065 0 30 0 0
0.4920 0.0147 -0.0065 0 30 0 0
0.4920 0.0147 -0.0065 0 30 0 0
0.4920 0.0147 -0.0065 0 30 0 0
0.5000 0.0153 -0.0034 0 30 0 0
0.5000 0.0153 -0.0034 0 30 0 0
0.4900 0.0155 -0.0035 0 30 0 0
0.4900 0.0155 -0.0035 0 30 0 0
0.4900 0.0155 -0.0035 0 30 0 0
0.4900 0.0155 -0.0035 0 30 0 0
0.4859 0.0158 -0.0024 0 30 0 0
0.4859 0.0158 -0.0024 0 30 0 0
0.4859 0.0158 -0.0024 0 30 0 0
0.4859 0.0158 -0.0024 0 30 0 0
0.4859 0.0158 -0.0024 0 30 0 0
0.4859 0.0158 -0.0024 0 30 0 0
0.4940 0.0160 -0.0017 0 30 0 0
0.4940 0.0160 -0.0017 0 30 0 0
0.4940 0.0160 -0.0017 0 30 0 0
0.4940 0.0157 -0.0023 0 30 0 0
0.4920 0.0157 -0.0023 0 30 0 0
0.4920 0.0157 -0.0023 0 30 0 0
0.4920 0.0157 -0.0023 0 30 0 0
0.4920 0.0157 -0.0023 0 30 0 0
0.4819 0.0152 -0.0016 0 30 0 0
0.4819 0.0152 -0.0016 0 30 0 0
0.4819 0.0152 -0.0016 0 30 0 0
0.4819 0.0152 -0.0016 0 30 0 0
0.4819 0.0152 -0.0016 0 30 0 0
0.4819 0.0152 -0.0016 0 30 0 0
0.4819 0.0152 -0.0016 0 30 0 0
0.4819 0.0152 -0.0016 0 30 0 0
0.4759 0.0145 -0.0037 0 30 0 0
0.4759 0.0145 -0.0037 0 30 0 0
0.4759 0.0145 -0.0019 0 30 0 0
0.4920 0.0145 -0.0019 0 30 0 0
0.4920 0.0145 -0.0019 0 30 0 0
0.4920 0.0145 -0.0019 0 30 0 0
0.4920 0.0148 -0.0010 0 30 0 0
0.4819 0.0148 -0.0010 0 30 0 0
0.4819 0.0148 -0.0010 0 30 0 0
0.4819 0.0148 -0.0010 0 30 0 0
0.4819 0.0148 -0.0010 0 30 0 0
0.4819 0.0155 -0.0005 0 30 0 0
0.4940 0.0155 -0.0005 0 30 0 0
0.4940 0.0155 -0.0005 0 30 0 0
0.5040 0.0158 -0.0005 0 30 0 0
0.5040 0.0158 -0.0005 0 30 0 0
0.5040 0.0158 -0.0005 0 30 0 0
0.5040 0.0158 -0.0005 0 30 0 0
0.5040 0.0158 -0.0005 0 30 0 0
0.5040 0.0160 -0.0013 0 30 0 0
0.5040 0.0160 -0.0013 0 30 0 0
0.5040 0.0160 -0.0013 0 30 0 0
0.5040 0.0160 -0.0013 0 30 0 0
0.5040 0.0160 -0.0013 0 30 0 0
0.4920 0.0159 -0.0024 0 30 0 0
0.4920 0.0159 -0.0024 0 30 0 0
0.4920 0.0159 -0.0024 0 30 0 0
0.4839 0.0156 -0.0017 0 30 0 0
0.4839 0.0156 -0.0017 0 30 0 0
0.4839 0.0156 -0.0017 0 30 0 0
0.4839 0.0156 -0.0017 0 30 0 0
0.4839 0.0154 -0.0013 0 30 0 0
0.5040 0.0154 -0.0013 0 30 0 0
0.5040 0.0154 -0.0013 0 30 0 0
0.5040 0.0154 -0.0013 0 30 0 0
0.5040 0.0154 -0.0013 0 30 0 0
0.5040 0.0154 -0.0013 0 30 0 0
0.5040 0.0154 -0.0013 0 30 0 0
0.4980 0.0158 0.0002 0 30 0 0
0.4980 0.0158 0.0002 0 30 0 0
0.5141 0.0161 0.0016 0 30 0 0
0.5141 0.0161 0.0016 0 30 0 0
0.5141 0.0161 0.0016 0 30 0 0
0.5141 0.0161 0.0016 0 30 0 0
0.5141 0.0161 0.0016 0 30 0 0
0.5141 0.0161 0.0016 0 30 0 0
0.5141 0.0161 0.0016 0 30 0 0
0.5141 0.0161 0.0016 0 30 0 0
0.5141 0.0161 0.0016 0 30 0 0
0.5141 0.0161 0.0016 0 30 0 0
0.5141 0.0161 0.0016 0 30 0 0
0.5141 0.0161 0.0016 0 30 0 0
0.5141 0.0161 0.0016 0 30 0 0
0.5000 0.0168 0.0033 0 30 0 0
0.5100 0.0177 0.0024 0 30 0 0
0.5100 0.0177 0.0027 0 30 0 0
0.5100 0.0177 0.0027 0 30 0 0
0.5100 0.0177 0.0027 0 30 0 0
0.4980 0.0173 0.0029 0 30 0 0
0.4980 0.0173 0.0029 0 30 0 0
0.4980 0.0173 0.0029 0 30 0 0
0.4980 0.0173 0.0029 0 30 0 0
0.4980 0.0173 0.0029 0 30 0 0
0.4980 0.0173 0.0029 0 30 0 0
0.4980 0.0173 0.0029 0 30 0 0
0.4779 0.0164 0.0046 0 30 0 0
0.4779 0.0164 0.0046 0 30 0 0
0.4960 0.0156 0.0037 0 30 0 0
0.4960 0.0156 0.0037 0 30 0 0
0.4960 0.0156 0.0037 0 30 0 0
0.4960 0.0156 0.0037 0 30 0 0
0.4960 0.0150 0.0019 0 30 0 0
0.4819 0.0150 0.0019 0 30 0 0
0.4819 0.0150 0.0019 0 30 0 0
0.4819 0.0150 0.0019 0 30 0 0
0.4819 0.0150 0.0019 0 30 0 0
0.4819 0.0150 0.0019 0 30 0 0
0.4819 0.0150 0.0019 0 30 0 0
0.4859 0.0147 0.0030 0 30 0 0
0.4859 0.0147 0.0030 0 30 0 0
0.5060 0.0152 0.0024 0 30 0 0
0.5060 0.0152 0.0024 0 30 0 0
0.5060 0.0152 0.0024 0 30 0 0
0.5060 0.0152 0.0024 0 30 0 0
0.5000 0.0156 0.0010 0 30 0 0
0.5000 0.0156 0.0010 0 30 0 0
0.5000 0.0156 0.0010 0 30 0 0
0.5000 0.0156 0.0010 0 30 0 0
0.5000 0.0156 0.0010 0 30 0 0
0.5000 0.0156 0.0010 0 30 0 0
0.4960 0.0162 0.0018 0 30 0 0
0.4960 0.0162 0.0018 0 30 0 0
0.5040 0.0165 0.0011 0 30 0 0
0.5040 0.0165 0.0011 0 30 0 0
0.5040 0.0165 0.0011 0 30 0 0
0.5040 0.0165 0.0011 0 30 0 0
0.4900 0.0164 -0.0002 0 30 0 0
0.4900 0.0164 -0.0002 0 30 0 0
0.4900 0.0164 -0.0002 0 30 0 0
0.4900 0.0164 -0.0002 0 30 0 0
0.4900 0.0164 -0.0002 0 30 0 0
0.4900 0.0164 -0.0002 0 30 0 0
0.4900 0.0164 -0.0002 0 0 0 0
0.5201 0.0110 0.0038 -30 0 0 0
0.5201 0.0110 0.0038 -30 0 0 0
0.5020 0.0109 0.0012 -30 0 0 0
0.5120 0.0107 -0.0025 -30 0 0 0
0.4920 0.0107 0.0046 -30 0 0 0
0.4980 0.0106 0.0123 -30 0 0 0
0.4980 0.0106 0.0123 -30 0 0 0
0.4980 0.0106 0.0123 -30 0 0 0
0.4980 0.0106 0.0123 -30 0 0 0
0.4980 0.0106 0.0123 -30 0 0 0
0.4980 0.0106 0.0123 -30 0 0 0
0.4980 0.0106 0.0123 -30 0 0 0
0.5020 0.0106 0.0125 -30 0 0 0
0.5020 0.0106 0.0125 -30 0 0 0
0.5020 0.0106 0.0125 -30 0 0 0
0.5020 0.0106 0.0125 -30 0 0 0
0.5020 0.0106 0.0125 -30 0 0 0
0.5020 0.0106 0.0125 -30 0 0 0
0.5020 0.0106 0.0125 -30 0 0 0
0.5020 0.0106 0.0125 -30 0 0 0
0.4920 0.0104 0.0136 -30 0 0 0
0.5000 0.0103 0.0140 -30 0 0 0
0.5000 0.0103 0.0140 -30 0 0 0
0.4920 0.0103 0.0091 -30 0 0 0
0.4940 0.0103 0.0037 -30 0 0 0
0.4940 0.0103 0.0037 -30 0 0 0
0.5060 0.0102 0.0036 -30 0 0 0
0.5060 0.0103 0.0028 -30 0 0 0
0.5060 0.0103 0.0028 -30 0 0 0
0.4960 0.0106 0.0029 -30 0 0 0
0.4960 0.0106 0.0029 -30 0 0 0
0.4960 0.0106 0.0029 -30 0 0 0
0.4960 0.0106 0.0029 -30 0 0 0
0.4960 0.0106 0.0017 -30 0 0 0
0.4900 0.0106 0.0017 -30 0 0 0
0.4900 0.0106 0.0017 -30 0 0 0
0.4900 0.0106 0.0017 -30 0 0 0
0.4900 0.0106 0.0017 -30 0 0 0
0.4900 0.0106 0.0017 -30 0 0 0
0.4799 0.0107 0.0016 -30 0 0 0
0.4799 0.0107 0.0016 -30 0 0 0
0.4799 0.0107 0.0016 -30 0 0 0
0.4779 0.0104 -0.0029 -30 0 0 0
0.4779 0.0104 -0.0029 -30 0 0 0
0.4779 0.0104 -0.0029 -30 0 0 0
0.4819 0.0103 -0.0030 -30 0 0 0
0.4819 0.0103 -0.0030 -30 0 0 0
0.4819 0.0103 -0.0030 -30 0 0 0
0.4819 0.0103 -0.0030 -30 0 0 0
0.4819 0.0103 -0.0030 -30 0 0 0
0.4819 0.0103 -0.0030 -30 0 0 0
0.4920 0.0105 -0.0023 -30 0 0 0
0.4920 0.0105 -0.0023 -30 0 0 0
0.4920 0.0105 -0.0023 -30 0 0 0
0.4920 0.0105 -0.0023 -30 0 0 0
0.4880 0.0110 -0.0010 -30 0 0 0
0.4880 0.0110 -0.0010 -30 0 0 0
0.4880 0.0110 -0.0010 -30 0 0 0
0.4880 0.0110 -0.0010 -30 0 0 0
0.4880 0.0110 -0.0010 -30 0 0 0
0.4880 0.0112 -0.0004 -30 0 0 0
0.4880 0.0112 -0.0004 -30 0 0 0
0.4880 0.0112 -0.0004 -30 0 0 0
0.4880 0.0112 -0.0004 -30 0 0 0
0.4880 0.0112 -0.0014 -30 0 0 0
0.4880 0.0112 -0.0014 -30 0 0 0
0.4880 0.0112 -0.0014 -30 0 0 0
0.4880 0.0112 -0.0014 -30 0 0 0
0.4839 0.0111 -0.0022 -30 0 0 0
0.4839 0.0111 -0.0022 -30 0 0 0
0.4839 0.0111 -0.0022 -30 0 0 0
0.4839 0.0111 -0.0022 -30 0 0 0
0.4839 0.0111 -0.0022 -30 0 0 0
0.4920 0.0110 0.0000 -30 0 0 0
0.4920 0.0110 0.0000 -30 0 0 0
0.4920 0.0110 0.0000 -30 0 0 0
0.4920 0.0110 0.0000 -30 0 0 0
0.4839 0.0111 0.0002 -30 0 0 0
0.4839 0.0111 0.0002 -30 0 0 0
0.4839 0.0111 0.0002 -30 0 0 0
0.4839 0.0111 0.0002 -30 0 0 0
0.4839 0.0111 0.0002 -30 0 0 0
0.4779 0.0110 0.0001 -30 0 0 0
0.4779 0.0110 0.0001 -30 0 0 0
0.4779 0.0110 0.0001 -30 0 0 0
0.4779 0.0110 0.0001 -30 0 0 0
0.4779 0.0111 -0.0009 -30 0 0 0
0.4759 0.0111 -0.0009 -30 0 0 0
0.4759 0.0111 -0.0009 -30 0 0 0
0.4759 0.0111 -0.0009 -30 0 0 0
0.4759 0.0111 -0.0009 -30 0 0 0
0.4759 0.0111 -0.0009 0 0 0 0
0.5000 0.0108 -0.0018 -30 0 0 0
0.4900 0.0108 -0.0018 -30 0 0 0
0.5120 0.0107 -0.0018 -30 0 0 0
0.4900 0.0104 -0.0012 -30 0 0 0
0.4920 0.0107 -0.0010 -30 0 0 0
0.4940 0.0136 -0.0027 -30 0 0 0
0.4940 0.0136 -0.0027 -30 0 0 0
0.5100 0.0149 -0.0043 -30 0 0 0
0.5100 0.0149 -0.0043 -30 0 0 0
0.5100 0.0149 -0.0043 -30 0 0 0
0.5100 0.0149 -0.0043 -30 0 0 0
0.5241 0.0161 -0.0061 -30 0 0 0
0.5241 0.0161 -0.0061 -30 0 0 0
0.5241 0.0161 -0.0061 -30 0 0 0
0.5241 0.0161 -0.0061 -30 0 0 0
0.5161 0.0165 -0.0064 -30 0 0 0
0.5161 0.0165 -0.0064 -30 0 0 0
0.5161 0.0165 -0.0064 -30 0 0 0
0.5161 0.0165 -0.0064 -30 0 0 0
0.5161 0.0165 -0.0064 0 0 0 0
0.4960 0.0161 -0.0065 -30 0 0 0
0.4739 0.0155 -0.0061 -30 0 0 0
0.4739 0.0146 -0.0062 -30 0 0 0
0.4799 0.0137 -0.0062 -30 0 0 0
0.4799 0.0137 -0.0062 -30 0 0 0
0.4799 0.0137 -0.0062 -30 0 0 0
0.4799 0.0137 -0.0062 -30 0 0 0
0.4880 0.0136 -0.0059 -30 0 0 0
0.4880 0.0136 -0.0059 -30 0 0 0
0.4880 0.0136 -0.0059 -30 0 0 0
0.4880 0.0136 -0.0059 -30 0 0 0
0.4880 0.0136 -0.0059 -30 0 0 0
0.4880 0.0141 -0.0029 -30 0 0 0
0.4859 0.0141 -0.0029 -30 0 0 0
0.4859 0.0141 -0.0029 -30 0 0 0
0.4859 0.0141 -0.0029 -30 0 0 0
0.5000 0.0147 -0.0051 -30 0 0 0
0.5000 0.0147 -0.0051 0 0 0 0
0.4699 0.0152 -0.0275 -30 0 0 0
0.4980 0.0150 -0.0296 -30 0 0 0
0.4719 0.0150 -0.0296 -30 0 0 0
0.4920 0.0147 -0.0312 -30 0 0 0
0.5080 0.0139 -0.0313 -30 0 0 0
0.5040 0.0131 -0.0307 -30 0 0 0
0.5000 0.0125 -0.0309 -30 0 0 0
0.5000 0.0121 -0.0300 -30 0 0 0
0.4940 0.0121 -0.0300 -30 0 0 0
0.4940 0.0121 -0.0300 -30 0 0 0
0.4940 0.0121 -0.0300 -30 0 0 0
0.5161 0.0121 -0.0323 -30 0 0 0
0.5181 0.0122 -0.0313 -30 0 0 0
0.5181 0.0122 -0.0313 -30 0 0 0
0.5181 0.0122 -0.0313 -30 0 0 0
0.5181 0.0122 -0.0313 -30 0 0 0
0.5181 0.0122 -0.0313 -30 0 0 0
0.5181 0.0122 -0.0313 -30 0 0 0
0.5341 0.0122 -0.0308 -30 0 0 0
0.5341 0.0122 -0.0308 -30 0 0 0
0.5341 0.0122 -0.0308 -30 0 0 0
0.5241 0.0120 -0.0325 -30 0 0 0
0.5241 0.0120 -0.0325 -30 0 0 0
0.5241 0.0120 -0.0325 -30 0 0 0
0.5241 0.0120 -0.0325 -30 0 0 0
0.5241 0.0120 -0.0325 -30 0 0 0
0.5040 0.0117 -0.0316 -30 0 0 0
0.5040 0.0117 -0.0316 -30 0 0 0
0.5040 0.0117 -0.0316 -30 0 0 0
0.5040 0.0117 -0.0316 -30 0 0 0
0.5040 0.0117 -0.0316 -30 0 0 0
0.4980 0.0117 -0.0308 -30 0 0 0
0.4980 0.0117 -0.0308 -30 0 0 0
0.4980 0.0117 -0.0308 -30 0 0 0
0.4980 0.0117 -0.0308 -30 0 0 0
0.4940 0.0116 -0.0327 -30 0 0 0
0.4940 0.0116 -0.0327 -30 0 0 0
0.4940 0.0116 -0.0327 -30 0 0 0
0.4940 0.0116 -0.0327 -30 0 0 0
0.4940 0.0116 -0.0327 -30 0 0 0
0.5020 0.0119 -0.0333 -30 0 0 0
0.5020 0.0119 -0.0333 -30 0 0 0
0.5020 0.0119 -0.0333 -30 0 0 0
0.5020 0.0119 -0.0333 -30 0 0 0
0.5020 0.0119 -0.0333 -30 0 0 0
0.5020 0.0121 -0.0339 -30 0 0 0
0.5020 0.0121 -0.0339 -30 0 0 0
0.5020 0.0121 -0.0339 -30 0 0 0
0.4880 0.0124 -0.0331 -30 0 0 0
0.4880 0.0124 -0.0331 -30 0 0 0
0.4880 0.0124 -0.0331 -30 0 0 0
0.4880 0.0124 -0.0331 -30 0 0 0
0.4880 0.0124 -0.0331 -30 0 0 0
0.4980 0.0127 -0.0217 -30 0 0 0
0.4980 0.0127 -0.0217 -30 0 0 0
0.4980 0.0127 -0.0217 -30 0 0 0
0.4980 0.0127 -0.0217 -30 0 0 0
0.4980 0.0127 -0.0217 -30 0 0 0
0.5040 0.0129 -0.0213 0 0 0 0
0.5060 0.0124 -0.0224 -30 0 0 0
0.5201 0.0126 -0.0226 -30 0 0 0
0.5040 0.0126 -0.0226 -30 0 0 0
0.4859 0.0128 -0.0227 -30 0 0 0
0.5020 0.0129 -0.0244 -30 0 0 0
0.5020 0.0127 -0.0236 -30 0 0 0
0.5181 0.0127 -0.0236 -30 0 0 0
0.5181 0.0125 -0.0232 -30 0 0 0
0.5000 0.0125 -0.0232 -30 0 0 0
0.5000 0.0125 -0.0232 -30 0 0 0
0.5000 0.0125 -0.0232 -30 0 0 0
0.5000 0.0125 -0.0232 -30 0 0 0
0.4940 0.0123 -0.0230 -30 0 0 0
0.4940 0.0123 -0.0230 -30 0 0 0
0.4940 0.0123 -0.0230 -30 0 0 0
0.4839 0.0122 -0.0230 -30 0 0 0
0.4839 0.0122 -0.0230 -30 0 0 0
0.4839 0.0122 -0.0230 -30 0 0 0
0.4839 0.0122 -0.0230 -30 0 0 0
0.4839 0.0122 -0.0230 -30 0 0 0
0.4839 0.0120 -0.0220 -30 0 0 0
0.4859 0.0120 -0.0220 -30 0 0 0
0.4859 0.0120 -0.0220 -30 0 0 0
0.4859 0.0120 -0.0220 -30 0 0 0
0.4859 0.0120 -0.0220 -30 0 0 0
0.4859 0.0120 -0.0220 -30 0 0 0
0.4779 0.0121 -0.0232 -30 0 0 0
0.4779 0.0121 -0.0232 -30 0 0 0
0.4779 0.0121 -0.0232 -30 0 0 0
0.4900 0.0119 -0.0228 -30 0 0 0
0.4900 0.0119 -0.0228 -30 0 0 0
0.4900 0.0119 -0.0228 -30 0 0 0
0.4900 0.0119 -0.0228 -30 0 0 0
0.4839 0.0121 -0.0217 -30 0 0 0
0.4839 0.0121 -0.0217 -30 0 0 0
0.4839 0.0121 -0.0217 -30 0 0 0
0.4839 0.0121 -0.0217 -30 0 0 0
0.4839 0.0121 -0.0209 -30 0 0 0
0.4659 0.0121 -0.0209 -30 0 0 0
0.4659 0.0121 -0.0209 -30 0 0 0
0.4659 0.0121 -0.0209 -30 0 0 0
0.4759 0.0121 -0.0214 -30 0 0 0
0.4759 0.0121 -0.0214 -30 0 0 0
0.4759 0.0121 -0.0214 -30 0 0 0
0.4759 0.0121 -0.0214 -30 0 0 0
0.4759 0.0121 -0.0214 -30 0 0 0
0.4880 0.0120 -0.0224 -30 0 0 0
0.4880 0.0120 -0.0224 -30 0 0 0
0.4880 0.0120 -0.0224 -30 0 0 0
0.4880 0.0120 -0.0224 -30 0 0 0
0.4880 0.0120 -0.0224 -30 0 0 0
0.4900 0.0120 -0.0228 -30 0 0 0
0.4900 0.0120 -0.0228 -30 0 0 0
0.4900 0.0120 -0.0228 -30 0 0 0
0.4880 0.0120 -0.0230 -30 0 0 0
0.4880 0.0120 -0.0230 -30 0 0 0
0.4880 0.0120 -0.0230 -30 0 0 0
0.4880 0.0120 -0.0230 -30 0 0 0
0.4880 0.0120 -0.0230 -30 0 0 0
0.4880 0.0120 -0.0230 -30 0 0 0
0.4920 0.0122 -0.0236 -30 0 0 0
0.4920 0.0122 -0.0236 -30 0 0 0
0.4920 0.0122 -0.0236 -30 0 0 0
0.4920 0.0122 -0.0236 -30 0 0 0
0.4920 0.0121 -0.0236 -30 0 0 0
0.4679 0.0121 -0.0236 -30 0 0 0
0.4679 0.0121 -0.0236 -30 0 0 0
0.4980 0.0121 -0.0233 -30 0 0 0
0.4980 0.0121 -0.0233 -30 0 0 0
0.4980 0.0121 -0.0233 -30 0 0 0
0.4980 0.0121 -0.0233 -30 0 0 0
0.4980 0.0121 -0.0233 -30 0 0 0
0.5060 0.0125 -0.0222 -30 0 0 0
0.5060 0.0125 -0.0222 -30 0 0 0
0.5060 0.0125 -0.0222 -30 0 0 0
0.5060 0.0125 -0.0222 -30 0 0 0
0.5060 0.0128 -0.0230 -30 0 0 0
0.5141 0.0128 -0.0230 0 0 0 0
0.5040 0.0140 -0.0237 0 30 0 0
0.4900 0.0140 -0.0237 0 30 0 0
0.5301 0.0141 -0.0258 0 30 0 0
0.4799 0.0136 -0.0260 0 30 0 0
0.5040 0.0142 -0.0264 0 30 0 0
0.4880 0.0142 -0.0274 0 30 0 0
0.4839 0.0140 -0.0281 0 30 0 0
0.4980 0.0138 -0.0287 0 30 0 0
0.4980 0.0138 -0.0287 0 30 0 0
0.4980 0.0138 -0.0287 0 30 0 0
0.4839 0.0136 -0.0292 0 30 0 0
0.4839 0.0136 -0.0292 0 30 0 0
0.4839 0.0136 -0.0292 0 30 0 0
0.4839 0.0136 -0.0292 0 30 0 0
0.4839 0.0136 -0.0292 0 30 0 0
0.4900 0.0132 -0.0301 0 30 0 0
0.4900 0.0132 -0.0301 0 30 0 0
0.4900 0.0132 -0.0301 0 30 0 0
0.4900 0.0132 -0.0301 0 30 0 0
0.4900 0.0132 -0.0301 0 30 0 0
0.4900 0.0131 -0.0302 0 30 0 0
0.4819 0.0131 -0.0302 0 30 0 0
0.4819 0.0131 -0.0302 0 30 0 0
0.4819 0.0131 -0.0302 0 30 0 0
0.4819 0.0131 -0.0302 0 30 0 0
0.5100 0.0133 -0.0290 0 30 0 0
0.5100 0.0133 -0.0290 0 30 0 0
0.5100 0.0133 -0.0290 0 30 0 0
0.4940 0.0136 -0.0278 0 30 0 0
0.4940 0.0136 -0.0278 0 30 0 0
0.4940 0.0136 -0.0278 0 30 0 0
0.4940 0.0136 -0.0278 0 30 0 0
0.5000 0.0139 -0.0280 0 0 0 0
0.4960 0.0134 -0.0286 0 30 0 0
0.4940 0.0123 -0.0294 0 30 0 0
0.5080 0.0114 -0.0299 0 30 0 0
0.5120 0.0112 -0.0287 0 30 0 0
0.5120 0.0112 -0.0287 0 30 0 0
0.5020 0.0113 -0.0293 0 30 0 0
0.4900 0.0114 -0.0290 0 30 0 0
0.4900 0.0114 -0.0290 0 30 0 0
0.4900 0.0114 -0.0290 0 30 0 0
0.5100 0.0114 -0.0312 0 30 0 0
0.5100 0.0114 -0.0312 0 30 0 0
0.5100 0.0114 -0.0312 0 30 0 0
0.5100 0.0114 -0.0312 0 30 0 0
0.4920 0.0117 -0.0301 0 30 0 0
0.4920 0.0117 -0.0301 0 30 0 0
0.4920 0.0117 -0.0301 0 0 0 0
0.4859 0.0108 -0.0147 -30 0 0 0
0.5060 0.0109 -0.0153 -30 0 0 0
0.5120 0.0108 -0.0157 -30 0 0 0
0.5080 0.0107 -0.0180 -30 0 0 0
0.5060 0.0106 -0.0134 -30 0 0 0
0.5060 0.0106 -0.0134 -30 0 0 0
0.5141 0.0107 -0.0143 -30 0 0 0
0.5141 0.0107 -0.0143 -30 0 0 0
0.5141 0.0107 -0.0143 -30 0 0 0
0.5060 0.0109 -0.0156 -30 0 0 0
0.5060 0.0109 -0.0156 -30 0 0 0
0.5060 0.0109 -0.0156 -30 0 0 0
0.5060 0.0109 -0.0156 -30 0 0 0
0.4859 0.0110 -0.0154 -30 0 0 0
0.4859 0.0110 -0.0154 -30 0 0 0
0.4859 0.0110 -0.0154 -30 0 0 0
0.4859 0.0110 -0.0154 0 0 0 0
0.5020 0.0108 -0.0190 -30 0 0 0
0.5020 0.0108 -0.0190 -30 0 0 0
0.5181 0.0107 -0.0204 -30 0 0 0
0.5000 0.0107 -0.0229 -30 0 0 0
0.5000 0.0107 -0.0229 -30 0 0 0
0.5060 0.0106 -0.0233 -30 0 0 0
0.5060 0.0106 -0.0233 -30 0 0 0
0.5060 0.0106 -0.0233 -30 0 0 0
0.5060 0.0106 -0.0233 -30 0 0 0
0.5060 0.0106 -0.0233 -30 0 0 0
0.5060 0.0106 -0.0233 -30 0 0 0
0.5060 0.0106 -0.0233 -30 0 0 0
0.4940 0.0105 -0.0251 -30 0 0 0
0.4940 0.0105 -0.0251 -30 0 0 0
0.5100 0.0108 -0.0265 -30 0 0 0
0.5100 0.0108 -0.0265 -30 0 0 0
0.5100 0.0108 -0.0265 -30 0 0 0
0.5100 0.0108 -0.0265 -30 0 0 0
0.5100 0.0108 -0.0265 -30 0 0 0
0.5120 0.0113 -0.0245 -30 0 0 0
0.5120 0.0113 -0.0245 -30 0 0 0
0.5120 0.0113 -0.0245 -30 0 0 0
0.5120 0.0113 -0.0245 -30 0 0 0
0.5120 0.0113 -0.0245 -30 0 0 0
0.4900 0.0115 -0.0258 -30 0 0 0
0.4900 0.0115 -0.0258 -30 0 0 0
0.4900 0.0115 -0.0258 -30 0 0 0
0.4759 0.0115 -0.0266 -30 0 0 0
0.4759 0.0115 -0.0266 -30 0 0 0
0.4759 0.0115 -0.0266 -30 0 0 0
0.4759 0.0115 -0.0266 -30 0 0 0
0.4980 0.0112 -0.0290 -30 0 0 0
0.4980 0.0112 -0.0290 -30 0 0 0
0.4980 0.0112 -0.0290 -30 0 0 0
0.4980 0.0112 -0.0290 -30 0 0 0
0.4980 0.0112 -0.0290 -30 0 0 0
0.4980 0.0112 -0.0290 -30 0 0 0
0.5020 0.0109 -0.0302 -30 0 0 0
0.5020 0.0109 -0.0302 -30 0 0 0
0.5020 0.0107 -0.0323 -30 0 0 0
0.4880 0.0107 -0.0323 -30 0 0 0
0.4880 0.0107 -0.0323 -30 0 0 0
0.4880 0.0107 -0.0323 -30 0 0 0
0.4880 0.0107 -0.0323 -30 0 0 0
0.4940 0.0109 -0.0341 -30 0 0 0
0.4940 0.0109 -0.0341 -30 0 0 0
0.4940 0.0109 -0.0341 -30 0 0 0
0.4940 0.0109 -0.0341 -30 0 0 0
0.4940 0.0109 -0.0341 -30 0 0 0
0.4940 0.0109 -0.0341 -30 0 0 0
0.4799 0.0111 -0.0346 -30 0 0 0
0.4799 0.0111 -0.0346 -30 0 0 0
0.4799 0.0111 -0.0352 -30 0 0 0
0.4819 0.0111 -0.0352 -30 0 0 0
0.4819 0.0111 -0.0352 -30 0 0 0
0.4819 0.0111 -0.0352 -30 0 0 0
0.4819 0.0111 -0.0352 -30 0 0 0
0.5080 0.0110 -0.0354 -30 0 0 0
0.5080 0.0110 -0.0354 -30 0 0 0
0.5080 0.0110 -0.0354 0 0 0 0
0.4859 0.0135 -0.0380 0 0 0 30
0.4980 0.0135 -0.0380 0 0 0 30
0.4940 0.0134 -0.0390 0 0 0 30
0.4859 0.0134 -0.0417 0 0 0 30
0.4859 0.0134 -0.0417 0 0 0 30
0.4940 0.0135 -0.0443 0 0 0 30
0.5201 0.0133 -0.0447 0 0 0 30
0.5201 0.0133 -0.0456 0 0 0 30
0.5020 0.0133 -0.0456 0 0 0 30
0.4920 0.0134 -0.0473 0 0 0 30
0.4920 0.0134 -0.0473 0 0 0 30
0.4980 0.0137 -0.0467 0 0 0 0
0.5080 0.0141 -0.0510 0 0 0 30
0.4900 0.0143 -0.0515 0 0 0 30
0.4859 0.0144 -0.0486 0 0 0 30
0.5040 0.0143 -0.0462 0 0 0 30
0.5040 0.0143 -0.0462 0 0 0 30
0.5040 0.0143 -0.0462 0 0 0 30
0.4799 0.0134 -0.0417 0 0 0 30
0.4799 0.0134 -0.0417 0 0 0 30
0.4799 0.0134 -0.0417 0 0 0 30
0.4799 0.0134 -0.0417 0 0 0 0
0.4799 0.0126 -0.0409 0 0 0 30
0.4940 0.0122 -0.0405 0 0 0 30
0.4940 0.0122 -0.0405 0 0 0 30
0.4940 0.0122 -0.0405 0 0 0 30
0.4940 0.0123 -0.0397 0 0 0 30
0.4759 0.0123 -0.0397 0 0 0 30
0.4759 0.0123 -0.0397 0 0 0 0
0.4920 0.0142 -0.0240 0 0 0 30
0.4960 0.0142 -0.0216 0 0 0 30
0.5161 0.0142 -0.0204 0 0 0 30
0.5000 0.0141 -0.0179 0 0 0 30
0.5241 0.0137 -0.0184 0 0 0 30
0.5080 0.0135 -0.0175 0 0 0 30
0.5080 0.0135 -0.0175 0 0 0 0
0.5060 0.0133 -0.0124 0 0 0 30
0.4859 0.0131 -0.0104 0 0 0 30
0.4920 0.0129 -0.0097 0 0 0 30
0.4880 0.0129 -0.0089 0 0 0 30
0.5020 0.0133 -0.0085 0 0 0 30
0.5000 0.0140 -0.0095 0 0 0 0
0.4839 0.0142 0.7804 0 -30 0 0
0.5020 0.0143 0.7823 0 -30 0 0
0.5080 0.0169 0.7748 0 -30 0 0
0.4980 0.0177 0.7725 0 -30 0 0
0.4799 0.0184 0.7725 0 -30 0 0
0.5020 0.0190 0.7693 0 -30 0 0
0.4980 0.0191 0.7726 0 -30 0 0
0.4980 0.0191 0.7726 0 -30 0 0
0.4980 0.0191 0.7726 0 -30 0 0
0.4980 0.0191 0.7726 0 -30 0 0
0.4679 0.0191 0.7752 0 -30 0 0
0.4679 0.0191 0.7752 0 -30 0 0
0.4679 0.0191 0.7752 0 -30 0 0
0.4679 0.0191 0.7752 0 -30 0 0
0.4679 0.0191 0.7752 0 -30 0 0
0.5020 0.0191 0.7783 0 -30 0 0
0.5020 0.0191 0.7783 0 -30 0 0
0.5020 0.0191 0.7783 0 -30 0 0
0.5020 0.0191 0.7783 0 -30 0 0
0.4880 0.0189 0.7796 0 -30 0 0
0.4880 0.0189 0.7796 0 -30 0 0
0.4880 0.0189 0.7796 0 -30 0 0
0.4880 0.0189 0.7796 0 -30 0 0
0.4880 0.0189 0.7796 0 -30 0 0
0.4880 0.0189 0.7796 0 -30 0 0
0.4880 0.0189 0.7796 0 -30 0 0
0.4880 0.0189 0.7796 0 -30 0 0
0.4880 0.0189 0.7796 0 -30 0 0
0.4739 0.0183 0.7807 0 -30 0 0
0.4739 0.0183 0.7807 0 -30 0 0
0.4739 0.0183 0.7807 0 -30 0 0
0.4900 0.0168 0.7796 0 0 0 0
0.4819 0.0159 0.0768 0 0 0 -30
0.4960 0.0161 0.0790 0 0 0 -30
0.4940 0.0165 0.0829 0 0 0 -30
0.4940 0.0163 0.0825 0 0 0 -30
0.5040 0.0154 0.0905 0 0 0 -30
0.5000 0.0151 0.1010 0 0 0 -30
0.4839 0.0147 0.1011 0 0 0 0
0.4819 0.0144 0.1039 0 0 0 -30
0.5020 0.0143 0.1077 0 0 0 -30
0.4859 0.0143 0.1077 0 0 0 -30
0.4859 0.0141 0.1082 0 0 0 -30
0.4940 0.0137 0.1066 0 0 0 -30
0.4859 0.0136 0.0987 0 0 0 -30
0.4859 0.0136 0.0987 0 0 0 -30
0.4859 0.0136 0.0987 0 0 0 -30
0.4859 0.0136 0.0987 0 0 0 -30
0.4900 0.0135 0.0971 0 0 0 -30
0.4900 0.0135 0.0971 0 0 0 -30
0.4900 0.0135 0.0971 0 0 0 0
0.4920 0.0141 0.0941 0 0 0 -30
0.4759 0.0141 0.0916 0 0 0 -30
0.4940 0.0142 0.0906 0 0 0 -30
0.4940 0.0142 0.0906 0 0 0 -30
0.4940 0.0142 0.0906 0 0 0 -30
0.5000 0.0144 0.0915 0 0 0 -30
0.5000 0.0144 0.0915 0 0 0 -30
0.5000 0.0144 0.0915 0 0 0 -30
0.5000 0.0144 0.0915 0 0 0 -30
0.5000 0.0144 0.0915 0 0 0 -30
0.4839 0.0147 0.0885 0 0 0 0
0.4880 0.0144 0.0914 0 0 0 -30
0.4880 0.0144 0.0914 0 0 0 -30
0.5040 0.0134 0.0878 0 0 0 -30
0.5040 0.0134 0.0878 0 0 0 -30
0.5040 0.0134 0.0878 0 0 0 0
0.4859 0.0127 0.0680 0 0 0 -30
0.5040 0.0126 0.0662 0 0 0 -30
0.5040 0.0126 0.0662 0 0 0 -30
0.5020 0.0127 0.0633 0 0 0 -30
0.5000 0.0129 0.0644 0 0 0 -30
0.5080 0.0127 0.0645 0 0 0 -30
0.5080 0.0127 0.0645 0 0 0 0
0.4859 0.0130 0.0643 0 0 0 -30
0.4799 0.0132 0.0630 0 0 0 -30
0.4859 0.0132 0.0630 0 0 0 -30
0.4799 0.0133 0.0619 0 0 0 -30
0.4799 0.0133 0.0619 0 0 0 -30
0.4739 0.0134 0.0593 0 0 0 -30
0.4739 0.0134 0.0593 0 0 0 -30
0.4900 0.0137 0.0589 0 0 0 -30
0.4900 0.0137 0.0589 0 0 0 0
0.5080 0.0138 0.0566 0 0 0 -30
0.4819 0.0138 0.0566 0 0 0 -30
0.5060 0.0136 0.0547 0 0 0 -30
0.5060 0.0136 0.0547 0 0 0 -30
0.5060 0.0136 0.0547 0 0 0 -30
0.5120 0.0133 0.0538 0 0 0 -30
0.5120 0.0133 0.0538 0 0 0 -30
0.5120 0.0133 0.0538 0 0 0 0
0.5241 0.0134 0.0530 0 0 0 -30
0.5161 0.0138 0.0544 0 0 0 -30
0.5201 0.0142 0.0550 0 0 0 -30
0.5201 0.0142 0.0550 0 0 0 -30
0.5201 0.0142 0.0550 0 0 0 -30
0.5201 0.0142 0.0550 0 0 0 -30
0.5201 0.0142 0.0550 0 0 0 0
0.5040 0.0144 0.0477 0 0 0 -30
0.5000 0.0144 0.0477 0 0 0 -30
0.5141 0.0143 0.0491 0 0 0 0
0.5120 0.0113 0.0363 0 0 0 -30
0.5120 0.0113 0.0363 0 0 0 -30
0.5241 0.0110 0.0320 0 0 0 -30
0.5181 0.0106 0.0314 0 0 0 -30
0.5181 0.0106 0.0314 0 0 0 -30
0.5080 0.0105 0.0293 0 0 0 -30
0.5100 0.0103 0.0334 0 0 0 -30
0.5201 0.0101 0.0359 0 0 0 0
0.5120 0.0100 0.0357 0 0 0 -30
0.5040 0.0100 0.0314 0 0 0 -30
0.4880 0.0100 0.0314 0 0 0 -30
0.4799 0.0103 0.0338 0 0 0 -30
0.4799 0.0103 0.0338 0 0 0 -30
0.4799 0.0103 0.0338 0 0 0 0
0.5000 0.0102 0.0064 0 0 0 -30
0.5100 0.0110 0.0049 0 0 0 -30
0.5201 0.0121 0.0037 0 0 0 -30
0.5040 0.0128 0.0023 0 0 0 -30
0.4920 0.0126 -0.0011 0 0 0 0
0.4920 0.0121 -0.0006 0 0 0 -30
0.4819 0.0114 0.0024 0 0 0 -30
0.4980 0.0111 0.0010 0 0 0 -30
0.4940 0.0110 0.0018 0 0 0 -30
0.4940 0.0114 0.0033 0 0 0 -30
0.5120 0.0114 0.0033 0 0 0 0
0.5201 0.0116 0.0077 0 0 0 30
0.5221 0.0118 0.0085 0 0 0 30
0.5241 0.0125 0.0091 0 0 0 30
0.5241 0.0129 0.0095 0 0 0 30
0.5181 0.0129 0.0095 0 0 0 30
0.5020 0.0124 0.0094 0 0 0 0
0.5161 0.0119 0.0090 0 0 0 30
0.4940 0.0115 0.0092 0 0 0 30
0.4980 0.0117 0.0129 0 0 0 30
0.4980 0.0118 0.0132 0 0 0 30
0.5221 0.0116 0.0144 0 0 0 30
0.5221 0.0116 0.0144 0 0 0 0
0.4960 0.0167 0.0300 0 0 0 -30
0.5100 0.0169 0.0289 0 0 0 -30
0.5040 0.0168 0.0318 0 0 0 -30
0.4980 0.0159 0.0295 0 0 0 0
0.5261 0.0147 0.0280 0 0 0 -30
0.4779 0.0147 0.0280 0 0 0 -30
0.5000 0.0146 0.0243 0 0 0 -30
0.4940 0.0141 0.0227 0 0 0 -30
0.4859 0.0135 0.0191 0 0 0 -30
0.4859 0.0135 0.0191 0 0 0 -30
0.4940 0.0130 0.0186 0 0 0 0
0.5000 0.0120 0.0087 0 0 0 -30
0.5000 0.0120 0.0087 0 0 0 -30
0.4960 0.0125 0.0081 0 0 0 -30
0.5060 0.0128 0.0083 0 0 0 -30
0.4980 0.0133 0.0084 0 0 0 -30
0.4980 0.0133 0.0084 0 0 0 0
0.5100 0.0139 0.0090 0 0 0 -30
0.4980 0.0139 0.0090 0 0 0 -30
0.5161 0.0136 0.0081 0 0 0 -30
0.5161 0.0131 0.0068 0 0 0 -30
0.5161 0.0131 0.0068 0 0 0 -30
0.5221 0.0130 0.0042 0 0 0 0
