0.4659 0.0109 0.0734 0 0 0 -30
0.4779 0.0108 0.0732 0 0 0 -30
0.5000 0.0103 0.0713 0 0 0 -30
0.5000 0.0103 0.0709 0 0 0 -30
0.4859 0.0103 0.0709 0 0 0 -30
0.4819 0.0104 0.0705 0 0 0 -30
0.4819 0.0104 0.0705 0 0 0 -30
0.4839 0.0105 0.0679 0 0 0 -30
0.4839 0.0105 0.0679 0 0 0 -30
0.4900 0.0105 0.0671 0 0 0 0
0.4799 0.0105 0.0669 0 0 0 -30
0.5120 0.0105 0.0669 0 0 0 -30
0.5080 0.0112 0.0665 0 0 0 -30
0.4900 0.0120 0.0643 0 0 0 -30
0.4900 0.0120 0.0643 0 0 0 -30
0.4900 0.0120 0.0643 0 0 0 -30
0.4900 0.0120 0.0643 0 0 0 0
0.4900 0.0142 0.0611 0 0 0 -30
0.4819 0.0142 0.0611 0 0 0 -30
0.4819 0.0141 0.0617 0 0 0 -30
0.4839 0.0136 0.0611 0 0 0 -30
0.4960 0.0128 0.0627 0 0 0 -30
0.5060 0.0118 0.0625 0 0 0 0
0.4980 0.0106 0.0591 0 0 0 -30
0.5060 0.0106 0.0591 0 0 0 -30
0.5181 0.0110 0.0591 0 0 0 -30
0.5181 0.0110 0.0591 0 0 0 -30
0.5000 0.0113 0.0589 0 0 0 -30
0.5141 0.0111 0.0585 0 0 0 0
0.4598 0.0111 0.0548 0 0 0 -30
0.4779 0.0107 0.0497 0 0 0 -30
0.4980 0.0104 0.0477 0 0 0 -30
0.4859 0.0101 0.0465 0 0 0 -30
0.4859 0.0099 0.0460 0 0 0 0
0.4618 0.0083 0.0438 0 0 0 -30
0.4618 0.0083 0.0438 0 0 0 -30
0.4699 0.0084 0.0428 0 0 0 -30
0.4699 0.0086 0.0416 0 0 0 -30
0.4799 0.0087 0.0352 0 0 0 -30
0.4799 0.0087 0.0352 0 0 0 0
0.4819 0.0086 0.0358 0 0 0 -30
0.4920 0.0086 0.0358 0 0 0 -30
0.4960 0.0087 0.0341 0 0 0 -30
0.5080 0.0087 0.0344 0 0 0 -30
0.4799 0.0087 0.0334 0 0 0 -30
0.4699 0.0091 0.0323 0 0 0 -30
0.4960 0.0095 0.0322 0 0 0 -30
0.4960 0.0095 0.0322 0 0 0 0
0.5100 0.0095 0.0316 0 0 0 -30
0.5080 0.0092 0.0315 0 0 0 -30
0.4900 0.0090 0.0300 0 0 0 -30
0.4799 0.0092 0.0293 0 0 0 -30
0.4799 0.0092 0.0293 0 0 0 -30
0.4900 0.0097 0.0288 0 0 0 0
0.4960 0.0097 0.0266 0 0 0 -30
0.4880 0.0097 0.0266 0 0 0 -30
0.4900 0.0097 0.0251 0 0 0 -30
0.4900 0.0097 0.0251 0 0 0 -30
0.4759 0.0097 0.0246 0 0 0 -30
0.4618 0.0099 0.0239 0 0 0 -30
0.4920 0.0099 0.0235 0 0 0 0
0.4859 0.0114 0.0168 0 0 0 -30
0.4799 0.0108 0.0167 0 0 0 -30
0.4639 0.0102 0.0166 0 0 0 -30
0.4719 0.0100 0.0149 0 0 0 -30
0.4719 0.0100 0.0149 0 0 0 -30
0.4819 0.0103 0.0151 0 0 0 -30
0.4839 0.0107 0.0151 0 0 0 0
0.4859 0.0101 0.0145 0 0 0 -30
0.4859 0.0101 0.0145 0 0 0 -30
0.4719 0.0105 0.0124 0 0 0 -30
0.4719 0.0105 0.0124 0 0 0 -30
0.4779 0.0111 0.0118 0 0 0 -30
0.4779 0.0121 0.0118 0 0 0 -30
0.4819 0.0121 0.0118 0 0 0 0
0.4839 0.0120 0.0110 0 0 0 -30
0.4699 0.0112 0.0102 0 0 0 -30
0.4859 0.0107 0.0101 0 0 0 -30
0.4659 0.0104 0.0098 0 0 0 -30
0.4659 0.0104 0.0098 0 0 0 -30
0.4659 0.0104 0.0098 0 0 0 -30
0.4659 0.0104 0.0098 0 0 0 -30
0.4538 0.0104 0.0077 0 0 0 0
0.4699 0.0106 0.0076 0 0 0 -30
0.4639 0.0110 0.0065 0 0 0 -30
0.4538 0.0113 0.0054 0 0 0 -30
0.4739 0.0115 0.0039 0 0 0 -30
0.4739 0.0115 0.0039 0 0 0 -30
0.4739 0.0115 0.0039 0 0 0 -30
0.4759 0.0119 0.0014 0 0 0 -30
0.4759 0.0119 0.0014 0 0 0 0
0.4819 0.0121 0.0003 0 0 0 -30
0.4699 0.0122 -0.0001 0 0 0 -30
0.4759 0.0124 -0.0006 0 0 0 -30
0.4759 0.0124 -0.0006 0 0 0 -30
0.4799 0.0124 -0.0021 0 0 0 -30
0.4799 0.0124 -0.0021 0 0 0 -30
0.4960 0.0130 -0.0022 0 0 0 -30
0.4960 0.0130 -0.0022 0 0 0 0
0.4779 0.0142 -0.0086 0 0 0 30
0.4880 0.0142 -0.0086 0 0 0 30
0.4578 0.0139 -0.0075 0 0 0 30
0.4578 0.0139 -0.0075 0 0 0 30
0.4759 0.0136 -0.0066 0 0 0 30
0.4980 0.0135 -0.0069 0 0 0 30
0.4819 0.0144 -0.0067 0 0 0 0
0.4679 0.0136 -0.0037 0 0 0 30
0.4618 0.0134 -0.0049 0 0 0 30
0.4618 0.0134 -0.0049 0 0 0 30
0.4699 0.0134 -0.0048 0 0 0 30
0.4598 0.0138 -0.0025 0 0 0 0
0.5040 0.0170 0.0076 0 0 0 30
0.4819 0.0174 0.0077 0 0 0 30
0.4779 0.0169 0.0058 0 0 0 30
0.4940 0.0151 0.0067 0 0 0 30
0.4940 0.0143 0.0062 0 0 0 0
0.4819 0.0173 0.0063 0 0 -30 0
0.4819 0.0173 0.0063 0 0 -30 0
0.4920 0.0166 0.0065 0 0 -30 0
0.4578 0.0154 0.0062 0 0 -30 0
0.4578 0.0154 0.0062 0 0 -30 0
0.4578 0.0150 0.0076 0 0 -30 0
0.4839 0.0148 0.0093 0 0 -30 0
0.4819 0.0146 0.0095 0 0 0 0
0.4880 0.0126 0.0093 0 0 -30 0
0.4739 0.0135 0.0096 0 0 -30 0
0.4799 0.0144 0.0099 0 0 -30 0
0.4719 0.0158 0.0108 0 0 0 0
0.4880 0.0155 0.0114 0 0 -30 0
0.4779 0.0162 0.0128 0 0 -30 0
0.4779 0.0162 0.0128 0 0 -30 0
0.4779 0.0164 0.0128 0 0 0 0
0.4859 0.0135 0.0158 0 0 -30 0
0.4880 0.0140 0.0155 0 0 0 0
0.4779 0.0150 0.0234 0 0 30 0
0.4558 0.0146 0.0258 0 0 30 0
0.4558 0.0144 0.0247 0 0 30 0
0.4799 0.0125 0.0242 0 0 30 0
0.5060 0.0119 0.0277 0 0 30 0
0.5060 0.0119 0.0277 0 0 30 0
0.4960 0.0118 0.0272 0 0 30 0
0.4819 0.0119 0.0273 0 0 30 0
0.4900 0.0121 0.0274 0 0 30 0
0.4900 0.0121 0.0274 0 0 0 0
0.4839 0.0119 0.0278 0 0 30 0
0.4799 0.0117 0.0275 0 0 30 0
0.4799 0.0117 0.0275 0 0 30 0
0.4819 0.0110 0.0307 0 0 30 0
0.4819 0.0105 0.0321 0 0 30 0
0.4779 0.0105 0.0321 0 0 30 0
0.4779 0.0105 0.0321 0 0 0 0
0.4880 0.0100 0.0314 0 0 30 0
0.4699 0.0096 0.0297 0 0 30 0
0.4719 0.0096 0.0297 0 0 30 0
0.4739 0.0099 0.0304 0 0 30 0
0.4739 0.0099 0.0304 0 0 30 0
0.4739 0.0107 0.0297 0 0 30 0
0.4739 0.0107 0.0297 0 0 30 0
0.4739 0.0107 0.0297 0 0 30 0
0.4679 0.0113 0.0307 0 0 0 0
0.5080 0.0204 0.0307 0 0 -30 0
0.4920 0.0209 0.0311 0 0 -30 0
0.4900 0.0201 0.0355 0 0 -30 0
0.4900 0.0201 0.0355 0 0 -30 0
0.4900 0.0193 0.0357 0 0 -30 0
0.4900 0.0193 0.0357 0 0 -30 0
0.4799 0.0179 0.0365 0 0 -30 0
0.4799 0.0172 0.0364 0 0 0 0
0.4659 0.0156 0.0361 0 0 -30 0
0.4839 0.0156 0.0361 0 0 -30 0
0.4839 0.0146 0.0371 0 0 -30 0
0.4839 0.0139 0.0365 0 0 -30 0
0.4839 0.0139 0.0365 0 0 0 0
0.4799 0.0118 0.0363 0 0 30 0
0.4839 0.0118 0.0363 0 0 30 0
0.4900 0.0117 0.0354 0 0 30 0
0.4900 0.0115 0.0347 0 0 30 0
0.5000 0.0116 0.0336 0 0 30 0
0.5000 0.0116 0.0336 0 0 30 0
0.4900 0.0119 0.0312 0 0 30 0
0.4900 0.0113 0.0304 0 0 0 0
0.4859 0.0108 0.0295 0 0 30 0
0.4960 0.0108 0.0285 0 0 30 0
0.4819 0.0111 0.0300 0 0 30 0
0.4819 0.0111 0.0300 0 0 30 0
0.5000 0.0114 0.0303 0 0 30 0
0.5000 0.0114 0.0303 0 0 30 0
0.5000 0.0114 0.0303 0 0 30 0
0.5000 0.0114 0.0303 0 0 30 0
0.5000 0.0114 0.0303 0 0 0 0
0.4900 0.0114 0.0312 0 0 30 0
0.4880 0.0112 0.0309 0 0 30 0
0.4839 0.0113 0.0313 0 0 30 0
0.4839 0.0113 0.0313 0 0 30 0
0.4940 0.0113 0.0315 0 0 30 0
0.4940 0.0113 0.0315 0 0 30 0
0.4940 0.0113 0.0315 0 0 0 0
0.4839 0.0134 0.0306 0 0 30 0
0.5000 0.0139 0.0299 0 0 30 0
0.4799 0.0144 0.0290 0 0 30 0
0.4880 0.0152 0.0276 0 0 30 0
0.4880 0.0152 0.0276 0 0 30 0
0.4960 0.0152 0.0271 0 0 30 0
0.4960 0.0152 0.0271 0 0 30 0
0.4779 0.0153 0.0268 0 0 30 0
0.4799 0.0156 0.0264 0 0 0 0
0.4859 0.0168 0.0256 0 0 30 0
0.4920 0.0169 0.0246 0 0 30 0
0.4839 0.0169 0.0246 0 0 30 0
0.4739 0.0169 0.0233 0 0 30 0
0.4739 0.0171 0.0234 0 0 30 0
0.4799 0.0176 0.0210 0 0 30 0
0.4799 0.0176 0.0210 0 0 30 0
0.4819 0.0183 0.0204 0 0 30 0
0.4819 0.0183 0.0204 0 0 30 0
0.4819 0.0183 0.0204 0 0 0 0
0.4819 0.0192 0.0156 0 0 30 0
0.4819 0.0192 0.0156 0 0 30 0
0.4859 0.0208 0.0152 0 0 30 0
0.4759 0.0208 0.0152 0 0 0 0
0.4920 0.0245 0.0151 0 0 30 0
0.4799 0.0254 0.0150 0 0 30 0
0.4639 0.0262 0.0154 0 0 30 0
0.4639 0.0262 0.0154 0 0 30 0
0.4558 0.0269 0.0155 0 0 30 0
0.4558 0.0269 0.0155 0 0 30 0
0.4558 0.0269 0.0155 0 0 0 0
0.4960 0.0277 0.0200 0 0 30 0
0.4739 0.0269 0.0202 0 0 30 0
0.4739 0.0254 0.0209 0 0 30 0
0.4779 0.0236 0.0177 0 0 30 0
0.4819 0.0228 0.0172 0 0 30 0
0.4819 0.0228 0.0172 0 0 30 0
0.4819 0.0228 0.0172 0 0 0 0
0.4940 0.0237 0.0230 0 0 30 0
0.4920 0.0240 0.0240 0 0 30 0
0.4799 0.0245 0.0281 0 0 30 0
0.4880 0.0249 0.0290 0 0 30 0
0.4920 0.0255 0.0290 0 0 30 0
0.4799 0.0259 0.0295 0 0 30 0
0.4799 0.0259 0.0295 0 0 30 0
0.4799 0.0259 0.0295 0 0 30 0
0.4799 0.0259 0.0295 0 0 30 0
0.4799 0.0259 0.0295 0 0 30 0
0.4799 0.0259 0.0295 0 0 0 0
0.4679 0.0265 0.0293 0 0 30 0
0.4699 0.0265 0.0293 0 0 30 0
0.4960 0.0268 0.0278 0 0 30 0
0.4940 0.0270 0.0281 0 0 30 0
0.4699 0.0272 0.0269 0 0 30 0
0.4799 0.0273 0.0262 0 0 30 0
0.4799 0.0273 0.0262 0 0 30 0
0.4759 0.0274 0.0255 0 0 30 0
0.4759 0.0274 0.0255 0 0 0 0
0.4679 0.0280 0.0256 0 0 30 0
0.4880 0.0280 0.0256 0 0 30 0
0.4639 0.0285 0.0255 0 0 30 0
0.4618 0.0289 0.0261 0 0 30 0
0.4618 0.0289 0.0261 0 0 30 0
0.4799 0.0296 0.0266 0 0 30 0
0.4719 0.0301 0.0269 0 0 30 0
0.4719 0.0301 0.0269 0 0 30 0
0.4719 0.0301 0.0269 0 0 0 0
0.4859 0.0316 0.0257 0 0 -30 0
0.4859 0.0320 0.0257 0 0 -30 0
0.4739 0.0320 0.0257 0 0 -30 0
0.4859 0.0323 0.0253 0 0 -30 0
0.4799 0.0327 0.0248 0 0 -30 0
0.4799 0.0327 0.0248 0 0 -30 0
0.4779 0.0332 0.0256 0 0 -30 0
0.4819 0.0334 0.0255 0 0 0 0
0.4739 0.0335 0.0293 0 0 -30 0
0.4839 0.0337 0.0300 0 0 -30 0
0.4839 0.0338 0.0302 0 0 -30 0
0.4719 0.0342 0.0307 0 0 -30 0
0.4719 0.0342 0.0307 0 0 -30 0
0.5080 0.0342 0.0304 0 0 -30 0
0.5080 0.0342 0.0304 0 0 -30 0
0.5080 0.0342 0.0304 0 0 -30 0
0.5080 0.0342 0.0304 0 0 0 0
0.4839 0.0332 0.0314 0 0 -30 0
0.4699 0.0328 0.0309 0 0 -30 0
0.5000 0.0328 0.0290 0 0 -30 0
0.4859 0.0324 0.0297 0 0 -30 0
0.4859 0.0324 0.0297 0 0 -30 0
0.4859 0.0324 0.0297 0 0 -30 0
0.4960 0.0322 0.0287 0 0 -30 0
0.4960 0.0322 0.0287 0 0 -30 0
0.4960 0.0322 0.0287 0 0 0 0
0.4940 0.0320 0.0279 0 0 -30 0
0.5060 0.0316 0.0278 0 0 -30 0
0.5000 0.0308 0.0266 0 0 -30 0
0.5000 0.0302 0.0254 0 0 -30 0
0.4920 0.0302 0.0254 0 0 0 0
0.4859 0.0281 0.0271 0 0 -30 0
0.4900 0.0281 0.0271 0 0 -30 0
0.4980 0.0274 0.0278 0 0 -30 0
0.4980 0.0274 0.0278 0 0 0 0
0.4558 0.0258 0.0284 0 0 -30 0
0.4558 0.0253 0.0287 0 0 -30 0
0.5000 0.0253 0.0287 0 0 -30 0
0.5000 0.0248 0.0277 0 0 0 0
0.4759 0.0244 0.0291 0 0 -30 0
0.4900 0.0242 0.0284 0 0 -30 0
0.4900 0.0242 0.0284 0 0 -30 0
0.4739 0.0237 0.0282 0 0 0 0
0.4880 0.0232 0.0296 0 0 -30 0
0.4799 0.0229 0.0298 0 0 -30 0
0.4759 0.0226 0.0300 0 0 -30 0
0.4739 0.0224 0.0305 0 0 -30 0
0.4839 0.0227 0.0305 0 0 -30 0
0.4799 0.0226 0.0270 0 0 -30 0
0.4900 0.0231 0.0276 0 0 0 0
0.4880 0.0229 0.0255 0 0 -30 0
0.4759 0.0227 0.0260 0 0 -30 0
0.4719 0.0225 0.0262 0 0 -30 0
0.4819 0.0225 0.0268 0 0 0 0
0.4859 0.0221 0.0273 0 0 -30 0
0.4980 0.0216 0.0281 0 0 -30 0
0.4859 0.0211 0.0284 0 0 -30 0
0.4859 0.0205 0.0267 0 0 0 0
0.4819 0.0200 0.0269 0 0 -30 0
0.4759 0.0200 0.0269 0 0 -30 0
0.4719 0.0201 0.0259 0 0 -30 0
0.4639 0.0202 0.0249 0 0 -30 0
0.4960 0.0201 0.0229 0 0 -30 0
0.4679 0.0198 0.0226 0 0 0 0
0.5020 0.0201 0.0236 0 0 -30 0
0.4779 0.0202 0.0221 0 0 -30 0
0.4779 0.0202 0.0221 0 0 -30 0
0.4920 0.0203 0.0221 0 0 -30 0
0.4819 0.0203 0.0214 0 0 -30 0
0.4839 0.0203 0.0218 0 0 0 0
0.5020 0.0187 0.0209 0 0 -30 0
0.4779 0.0187 0.0209 0 0 -30 0
0.4759 0.0182 0.0181 0 0 -30 0
0.4759 0.0175 0.0181 0 0 -30 0
0.4960 0.0175 0.0181 0 0 -30 0
0.4880 0.0168 0.0175 0 0 0 0
0.4779 0.0151 0.0168 0 0 -30 0
0.4779 0.0151 0.0168 0 0 -30 0
0.4880 0.0144 0.0171 0 0 -30 0
0.4880 0.0142 0.0183 0 0 0 0
0.4679 0.0143 0.0220 0 0 0 0
0.4759 0.0128 0.0221 0 0 -30 0
0.4799 0.0123 0.0204 0 0 -30 0
0.4719 0.0121 0.0196 0 0 -30 0
0.4719 0.0121 0.0196 0 0 -30 0
0.4739 0.0119 0.0203 0 0 0 0
0.4799 0.0138 0.0218 0 0 -30 0
0.4799 0.0138 0.0218 0 0 -30 0
0.4880 0.0137 0.0220 0 0 -30 0
0.4759 0.0132 0.0222 0 0 -30 0
0.4779 0.0128 0.0202 0 0 0 0
0.4819 0.0112 0.0268 0 0 -30 0
0.4880 0.0112 0.0268 0 0 -30 0
0.4799 0.0105 0.0265 0 0 -30 0
0.4920 0.0102 0.0255 0 0 0 0
0.4980 0.0068 0.0262 0 0 -30 0
0.4980 0.0068 0.0275 0 0 -30 0
0.4900 0.0068 0.0275 0 0 0 0
0.4719 0.0125 0.0172 0 30 0 0
0.4900 0.0125 0.0172 0 30 0 0
0.4799 0.0140 0.0158 0 30 0 0
0.4799 0.0140 0.0158 0 30 0 0
0.4618 0.0152 0.0156 0 30 0 0
0.4799 0.0151 0.0156 0 30 0 0
0.4659 0.0148 0.0157 0 30 0 0
0.4880 0.0151 0.0163 0 30 0 0
0.4880 0.0154 0.0149 0 30 0 0
0.4498 0.0154 0.0149 0 30 0 0
0.4498 0.0154 0.0149 0 30 0 0
0.4598 0.0159 0.0144 0 30 0 0
0.4598 0.0159 0.0144 0 30 0 0
0.4598 0.0159 0.0144 0 30 0 0
0.4598 0.0159 0.0144 0 30 0 0
0.4598 0.0159 0.0144 0 30 0 0
0.4659 0.0158 0.0137 0 30 0 0
0.4659 0.0158 0.0137 0 30 0 0
0.4659 0.0158 0.0137 0 30 0 0
0.4659 0.0158 0.0137 0 30 0 0
0.4639 0.0153 0.0133 0 30 0 0
0.4639 0.0153 0.0133 0 30 0 0
0.4639 0.0153 0.0133 0 30 0 0
0.4639 0.0153 0.0133 0 30 0 0
0.4639 0.0153 0.0133 0 30 0 0
0.4618 0.0139 0.0142 0 30 0 0
0.4618 0.0139 0.0142 0 30 0 0
0.4618 0.0139 0.0142 0 30 0 0
0.4618 0.0139 0.0142 0 30 0 0
0.4739 0.0131 0.0144 0 30 0 0
0.4739 0.0131 0.0144 0 30 0 0
0.4739 0.0131 0.0144 0 30 0 0
0.4739 0.0124 0.0140 0 30 0 0
0.4558 0.0124 0.0140 0 30 0 0
0.4558 0.0124 0.0140 0 30 0 0
0.4558 0.0124 0.0140 0 30 0 0
0.4799 0.0120 0.0118 0 30 0 0
0.4799 0.0120 0.0118 0 30 0 0
0.4799 0.0120 0.0118 0 30 0 0
0.4799 0.0120 0.0118 0 30 0 0
0.4799 0.0120 0.0118 0 30 0 0
0.4900 0.0121 0.0111 0 30 0 0
0.4900 0.0121 0.0111 0 30 0 0
0.4900 0.0121 0.0111 0 30 0 0
0.4900 0.0121 0.0111 0 30 0 0
0.4859 0.0126 0.0100 0 30 0 0
0.4859 0.0126 0.0100 0 30 0 0
0.4859 0.0126 0.0100 0 30 0 0
0.4859 0.0126 0.0100 0 30 0 0
0.4859 0.0126 0.0100 0 30 0 0
0.4980 0.0133 0.0091 0 30 0 0
0.4980 0.0133 0.0091 0 30 0 0
0.4980 0.0133 0.0091 0 30 0 0
0.4980 0.0133 0.0091 0 30 0 0
0.4739 0.0140 0.0091 0 30 0 0
0.4739 0.0140 0.0091 0 30 0 0
0.4739 0.0140 0.0091 0 30 0 0
0.4739 0.0140 0.0091 0 30 0 0
0.4739 0.0140 0.0091 0 30 0 0
0.4659 0.0147 0.0094 0 30 0 0
0.4659 0.0147 0.0094 0 30 0 0
0.4659 0.0147 0.0094 0 30 0 0
0.4659 0.0147 0.0094 0 30 0 0
0.4799 0.0157 0.0093 0 30 0 0
0.4799 0.0157 0.0093 0 30 0 0
0.4799 0.0157 0.0093 0 30 0 0
0.4799 0.0157 0.0093 0 30 0 0
0.5020 0.0166 0.0104 0 30 0 0
0.5020 0.0166 0.0104 0 30 0 0
0.5020 0.0166 0.0104 0 30 0 0
0.5020 0.0166 0.0104 0 30 0 0
0.5020 0.0166 0.0104 0 30 0 0
0.5020 0.0166 0.0104 0 30 0 0
0.5020 0.0166 0.0104 0 30 0 0
0.5020 0.0166 0.0104 0 30 0 0
0.5020 0.0166 0.0104 0 30 0 0
0.5020 0.0166 0.0104 0 30 0 0
0.5020 0.0166 0.0104 0 30 0 0
0.5020 0.0166 0.0104 0 30 0 0
0.5020 0.0166 0.0104 0 30 0 0
0.4920 0.0174 0.0101 0 30 0 0
0.4920 0.0184 0.0115 0 30 0 0
0.5100 0.0184 0.0115 0 30 0 0
0.5080 0.0189 0.0127 0 30 0 0
0.4940 0.0193 0.0143 0 30 0 0
0.4940 0.0193 0.0143 0 30 0 0
0.4940 0.0193 0.0143 0 30 0 0
0.4940 0.0193 0.0143 0 30 0 0
0.4940 0.0190 0.0141 0 30 0 0
0.5020 0.0190 0.0141 0 30 0 0
0.5020 0.0190 0.0141 0 30 0 0
0.5020 0.0190 0.0141 0 30 0 0
0.5020 0.0190 0.0141 0 30 0 0
0.4779 0.0183 0.0158 0 30 0 0
0.4779 0.0183 0.0158 0 30 0 0
0.4779 0.0183 0.0158 0 30 0 0
0.4779 0.0183 0.0158 0 30 0 0
0.4779 0.0183 0.0158 0 30 0 0
0.4779 0.0183 0.0158 0 30 0 0
0.4859 0.0170 0.0185 0 30 0 0
0.4859 0.0170 0.0185 0 30 0 0
0.4859 0.0170 0.0185 0 30 0 0
0.4859 0.0170 0.0185 0 30 0 0
0.4859 0.0170 0.0185 0 30 0 0
0.4859 0.0170 0.0185 0 30 0 0
0.4859 0.0170 0.0185 0 30 0 0
0.4859 0.0170 0.0185 0 30 0 0
0.4859 0.0170 0.0185 0 30 0 0
0.4880 0.0161 0.0183 0 30 0 0
0.4880 0.0161 0.0183 0 30 0 0
0.4880 0.0161 0.0183 0 30 0 0
0.4880 0.0153 0.0178 0 30 0 0
0.4880 0.0153 0.0178 0 30 0 0
0.5000 0.0146 0.0147 0 30 0 0
0.5000 0.0146 0.0147 0 30 0 0
0.4920 0.0144 0.0157 0 30 0 0
0.4920 0.0144 0.0157 0 30 0 0
0.4920 0.0144 0.0157 0 30 0 0
0.4920 0.0144 0.0157 0 30 0 0
0.4920 0.0144 0.0157 0 30 0 0
0.4880 0.0146 0.0157 0 30 0 0
0.4880 0.0146 0.0157 0 30 0 0
0.4880 0.0146 0.0157 0 30 0 0
0.4880 0.0146 0.0157 0 30 0 0
0.4880 0.0146 0.0157 0 30 0 0
0.4880 0.0146 0.0157 0 30 0 0
0.4779 0.0154 0.0157 0 30 0 0
0.4779 0.0154 0.0157 0 30 0 0
0.4618 0.0164 0.0119 0 30 0 0
0.4618 0.0164 0.0119 0 30 0 0
0.4618 0.0164 0.0119 0 30 0 0
0.4618 0.0164 0.0119 0 30 0 0
0.4940 0.0174 0.0122 0 30 0 0
0.4940 0.0174 0.0122 0 30 0 0
0.4940 0.0174 0.0122 0 30 0 0
0.4940 0.0174 0.0122 0 30 0 0
0.4940 0.0174 0.0122 0 30 0 0
0.4940 0.0174 0.0122 0 30 0 0
0.5020 0.0182 0.0136 0 30 0 0
0.5020 0.0182 0.0136 0 30 0 0
0.4900 0.0184 0.0137 0 30 0 0
0.4900 0.0184 0.0137 0 30 0 0
0.4900 0.0184 0.0137 0 30 0 0
0.4900 0.0184 0.0137 0 30 0 0
0.4900 0.0184 0.0137 0 30 0 0
0.4739 0.0186 0.0136 0 30 0 0
0.4739 0.0186 0.0136 0 30 0 0
0.4739 0.0186 0.0136 0 30 0 0
0.4739 0.0186 0.0136 0 30 0 0
0.4739 0.0186 0.0136 0 30 0 0
0.4880 0.0186 0.0106 0 30 0 0
0.4880 0.0186 0.0106 0 30 0 0
0.4779 0.0182 0.0122 0 30 0 0
0.4779 0.0182 0.0122 0 30 0 0
0.4779 0.0182 0.0122 0 30 0 0
0.4779 0.0182 0.0122 0 30 0 0
0.4779 0.0182 0.0122 0 30 0 0
0.4639 0.0175 0.0120 0 30 0 0
0.4639 0.0175 0.0120 0 30 0 0
0.4639 0.0175 0.0120 0 30 0 0
0.4639 0.0175 0.0120 0 30 0 0
0.4639 0.0175 0.0120 0 30 0 0
0.4639 0.0175 0.0120 0 30 0 0
0.4819 0.0164 0.0149 0 30 0 0
0.4819 0.0164 0.0149 0 30 0 0
0.4819 0.0164 0.0149 0 30 0 0
0.4679 0.0157 0.0129 0 30 0 0
0.4679 0.0157 0.0129 0 30 0 0
0.4679 0.0157 0.0129 0 30 0 0
0.4679 0.0157 0.0129 0 30 0 0
0.4779 0.0154 0.0159 0 30 0 0
0.4779 0.0154 0.0159 0 30 0 0
0.4779 0.0154 0.0159 0 30 0 0
0.4779 0.0154 0.0159 0 30 0 0
0.4779 0.0154 0.0159 0 30 0 0
0.4779 0.0154 0.0159 0 30 0 0
0.4779 0.0154 0.0159 0 30 0 0
0.4719 0.0152 0.0125 0 30 0 0
0.4719 0.0152 0.0125 0 30 0 0
0.4819 0.0152 0.0139 0 30 0 0
0.4819 0.0152 0.0139 0 30 0 0
0.4819 0.0152 0.0139 0 30 0 0
0.4819 0.0152 0.0139 0 30 0 0
0.4779 0.0152 0.0143 0 30 0 0
0.4779 0.0152 0.0143 0 30 0 0
0.4779 0.0152 0.0143 0 30 0 0
0.4779 0.0152 0.0143 0 30 0 0
0.4779 0.0152 0.0143 0 30 0 0
0.4779 0.0152 0.0143 0 30 0 0
0.4859 0.0149 0.0170 0 30 0 0
0.4859 0.0149 0.0170 0 30 0 0
0.4859 0.0149 0.0170 0 30 0 0
0.4940 0.0147 0.0222 0 30 0 0
0.4940 0.0147 0.0222 0 30 0 0
0.4940 0.0147 0.0222 0 30 0 0
0.4940 0.0147 0.0222 0 30 0 0
0.4980 0.0146 0.0235 0 30 0 0
0.4980 0.0146 0.0235 0 30 0 0
0.4980 0.0146 0.0235 0 30 0 0
0.4980 0.0146 0.0235 0 30 0 0
0.4980 0.0146 0.0235 0 30 0 0
0.4980 0.0146 0.0235 0 30 0 0
0.4779 0.0146 0.0255 0 30 0 0
0.4779 0.0146 0.0255 0 30 0 0
0.4779 0.0146 0.0255 0 30 0 0
0.4779 0.0146 0.0255 0 30 0 0
0.4839 0.0147 0.0261 0 30 0 0
0.4839 0.0147 0.0261 0 30 0 0
0.4839 0.0147 0.0261 0 30 0 0
0.4839 0.0147 0.0261 0 30 0 0
0.4859 0.0150 0.0228 0 30 0 0
0.4859 0.0150 0.0228 0 30 0 0
0.4859 0.0150 0.0228 0 30 0 0
0.4859 0.0150 0.0228 0 30 0 0
0.4859 0.0150 0.0228 0 30 0 0
0.4859 0.0150 0.0228 0 0 0 0
0.4880 0.0083 0.0079 0 30 0 0
0.4819 0.0092 0.0092 0 30 0 0
0.4699 0.0092 0.0099 0 30 0 0
0.4699 0.0092 0.0099 0 30 0 0
0.4859 0.0077 0.0135 0 30 0 0
0.4940 0.0072 0.0130 0 30 0 0
0.4940 0.0072 0.0130 0 30 0 0
0.4980 0.0068 0.0107 0 30 0 0
0.4980 0.0068 0.0107 0 30 0 0
0.4940 0.0069 0.0111 0 30 0 0
0.4940 0.0069 0.0111 0 30 0 0
0.4940 0.0069 0.0111 0 30 0 0
0.5020 0.0071 0.0098 0 30 0 0
0.5020 0.0071 0.0098 0 30 0 0
0.5020 0.0071 0.0098 0 30 0 0
0.5020 0.0071 0.0098 0 30 0 0
0.5020 0.0071 0.0098 0 30 0 0
0.5020 0.0076 0.0118 0 30 0 0
0.4920 0.0076 0.0118 0 30 0 0
0.4920 0.0076 0.0118 0 30 0 0
0.4920 0.0076 0.0118 0 30 0 0
0.4920 0.0076 0.0118 0 30 0 0
0.4920 0.0084 0.0130 0 30 0 0
0.4900 0.0084 0.0130 0 30 0 0
0.4900 0.0084 0.0130 0 30 0 0
0.4940 0.0089 0.0143 0 30 0 0
0.4940 0.0089 0.0143 0 30 0 0
0.4940 0.0089 0.0143 0 30 0 0
0.4940 0.0089 0.0143 0 30 0 0
0.4940 0.0089 0.0143 0 30 0 0
0.4940 0.0089 0.0143 0 30 0 0
0.5141 0.0097 0.0140 0 30 0 0
0.5141 0.0097 0.0140 0 30 0 0
0.5141 0.0097 0.0140 0 30 0 0
0.5141 0.0097 0.0140 0 30 0 0
0.4880 0.0100 0.0123 0 30 0 0
0.4880 0.0100 0.0123 0 30 0 0
0.4880 0.0100 0.0123 0 30 0 0
0.4859 0.0101 0.0135 0 30 0 0
0.4859 0.0101 0.0135 0 30 0 0
0.4859 0.0101 0.0135 0 30 0 0
0.4859 0.0101 0.0135 0 30 0 0
0.4859 0.0101 0.0135 0 30 0 0
0.4859 0.0101 0.0131 0 30 0 0
0.5060 0.0101 0.0131 0 30 0 0
0.5060 0.0101 0.0131 0 30 0 0
0.5060 0.0101 0.0131 0 30 0 0
0.5060 0.0101 0.0131 0 30 0 0
0.5060 0.0101 0.0131 0 30 0 0
0.4819 0.0100 0.0137 0 30 0 0
0.4819 0.0100 0.0137 0 30 0 0
0.4819 0.0100 0.0137 0 30 0 0
0.4819 0.0100 0.0137 0 30 0 0
0.4779 0.0098 0.0131 0 30 0 0
0.4779 0.0098 0.0131 0 30 0 0
0.4779 0.0098 0.0131 0 30 0 0
0.4779 0.0098 0.0131 0 30 0 0
0.4859 0.0099 0.0148 0 30 0 0
0.4859 0.0099 0.0148 0 30 0 0
0.4859 0.0099 0.0148 0 30 0 0
0.4859 0.0099 0.0148 0 30 0 0
0.4859 0.0099 0.0148 0 30 0 0
0.4859 0.0099 0.0148 0 30 0 0
0.4960 0.0102 0.0141 0 30 0 0
0.4960 0.0102 0.0141 0 30 0 0
0.4799 0.0104 0.0143 0 30 0 0
0.4799 0.0104 0.0143 0 30 0 0
0.4799 0.0104 0.0143 0 30 0 0
0.4799 0.0104 0.0143 0 30 0 0
0.4799 0.0104 0.0143 0 30 0 0
0.4920 0.0102 0.0165 0 30 0 0
0.4920 0.0102 0.0165 0 30 0 0
0.4920 0.0102 0.0165 0 30 0 0
0.4920 0.0102 0.0165 0 30 0 0
0.4920 0.0095 0.0184 0 30 0 0
0.4900 0.0095 0.0184 0 30 0 0
0.4880 0.0087 0.0181 0 30 0 0
0.4880 0.0087 0.0181 0 30 0 0
0.4880 0.0087 0.0181 0 30 0 0
0.4880 0.0087 0.0181 0 30 0 0
0.4880 0.0087 0.0181 0 30 0 0
0.4880 0.0087 0.0181 0 30 0 0
0.4880 0.0087 0.0181 0 30 0 0
0.4779 0.0076 0.0176 0 30 0 0
0.4779 0.0076 0.0176 0 30 0 0
0.4779 0.0076 0.0176 0 30 0 0
0.4779 0.0076 0.0176 0 30 0 0
0.4819 0.0074 0.0166 0 30 0 0
0.4819 0.0074 0.0166 0 30 0 0
0.4819 0.0074 0.0166 0 0 0 0
0.5000 0.0097 0.0305 0 0 0 -30
0.5060 0.0097 0.0305 0 0 0 -30
0.4880 0.0096 0.0309 0 0 0 -30
0.4880 0.0106 0.0304 0 0 0 -30
0.4920 0.0116 0.0307 0 0 0 -30
0.4859 0.0119 0.0309 0 0 0 0
0.4940 0.0109 0.0327 0 0 0 -30
0.4880 0.0109 0.0327 0 0 0 -30
0.5000 0.0112 0.0350 0 0 0 -30
0.5080 0.0109 0.0342 0 0 0 -30
0.5080 0.0109 0.0342 0 0 0 -30
0.5080 0.0109 0.0342 0 0 0 -30
0.4799 0.0104 0.0336 0 0 0 -30
0.4799 0.0104 0.0336 0 0 0 -30
0.4799 0.0104 0.0336 0 0 0 -30
0.5000 0.0109 0.0338 0 0 0 -30
0.5000 0.0109 0.0338 0 0 0 -30
0.5000 0.0109 0.0338 0 0 0 -30
0.5000 0.0109 0.0338 0 0 0 -30
0.5000 0.0109 0.0338 0 0 0 -30
0.5000 0.0121 0.0337 0 0 0 -30
0.4940 0.0121 0.0337 0 0 0 0
0.4859 0.0118 0.0369 0 0 0 -30
0.4859 0.0108 0.0337 0 0 0 -30
0.4739 0.0100 0.0285 0 0 0 -30
0.4719 0.0099 0.0264 0 0 0 -30
0.4759 0.0104 0.0235 0 0 0 -30
0.4659 0.0108 0.0197 0 0 0 0
0.4819 0.0084 0.0117 0 0 0 -30
0.4859 0.0084 0.0117 0 0 0 -30
0.4639 0.0083 0.0102 0 0 0 -30
0.4679 0.0083 0.0096 0 0 0 -30
0.4739 0.0088 0.0089 0 0 0 -30
0.4739 0.0088 0.0089 0 0 0 0
0.4839 0.0057 -0.0111 0 0 0 -30
0.4920 0.0057 -0.0111 0 0 0 -30
0.4618 0.0054 -0.0119 0 0 0 0
0.4960 0.0063 -0.0086 0 0 0 30
0.4779 0.0069 -0.0073 0 0 0 30
0.4900 0.0071 -0.0074 0 0 0 30
0.4880 0.0070 -0.0077 0 0 0 30
0.4719 0.0065 -0.0084 0 0 0 30
0.4639 0.0066 -0.0076 0 0 0 0
0.4759 0.0062 -0.0016 0 0 0 30
0.4799 0.0083 -0.0038 0 0 0 30
0.4739 0.0081 -0.0030 0 0 0 0
0.4940 0.0089 0.0065 0 30 0 0
0.4960 0.0089 0.0065 0 30 0 0
0.5000 0.0098 0.0038 0 30 0 0
0.5000 0.0098 0.0038 0 30 0 0
0.4940 0.0097 0.0029 0 30 0 0
0.4819 0.0087 0.0033 0 30 0 0
0.4819 0.0087 0.0033 0 30 0 0
0.4819 0.0096 0.0041 0 30 0 0
0.4819 0.0096 0.0041 0 30 0 0
0.4920 0.0105 0.0038 0 30 0 0
0.4880 0.0114 0.0078 0 30 0 0
0.4880 0.0114 0.0078 0 30 0 0
0.4920 0.0119 0.0054 0 30 0 0
0.4920 0.0119 0.0054 0 30 0 0
0.4920 0.0119 0.0054 0 30 0 0
0.4859 0.0120 0.0049 0 30 0 0
0.4859 0.0120 0.0049 0 30 0 0
0.4859 0.0120 0.0049 0 30 0 0
0.4859 0.0120 0.0049 0 30 0 0
0.4960 0.0120 0.0045 0 30 0 0
0.4960 0.0120 0.0045 0 30 0 0
0.4960 0.0120 0.0045 0 30 0 0
0.4960 0.0120 0.0045 0 30 0 0
0.4960 0.0124 0.0051 0 30 0 0
0.4819 0.0124 0.0051 0 30 0 0
0.4819 0.0124 0.0051 0 30 0 0
0.4819 0.0124 0.0051 0 30 0 0
0.4819 0.0124 0.0051 0 30 0 0
0.4920 0.0126 0.0056 0 30 0 0
0.4920 0.0126 0.0056 0 30 0 0
0.4920 0.0126 0.0056 0 30 0 0
0.4759 0.0124 0.0052 0 30 0 0
0.4759 0.0124 0.0052 0 30 0 0
0.4759 0.0124 0.0052 0 30 0 0
0.4759 0.0124 0.0052 0 30 0 0
0.4759 0.0124 0.0052 0 30 0 0
0.4759 0.0124 0.0052 0 30 0 0
0.4799 0.0120 0.0047 0 30 0 0
0.4799 0.0120 0.0047 0 30 0 0
0.4799 0.0120 0.0047 0 30 0 0
0.4859 0.0117 0.0045 0 30 0 0
0.4859 0.0117 0.0045 0 30 0 0
0.4859 0.0117 0.0045 0 30 0 0
0.4859 0.0117 0.0045 0 30 0 0
0.4819 0.0113 0.0042 0 30 0 0
0.4819 0.0113 0.0042 0 30 0 0
0.4819 0.0113 0.0042 0 30 0 0
0.4819 0.0113 0.0042 0 30 0 0
0.4819 0.0113 0.0042 0 30 0 0
0.4819 0.0113 0.0042 0 30 0 0
0.4819 0.0113 0.0042 0 30 0 0
0.4739 0.0109 0.0035 0 30 0 0
0.4739 0.0109 0.0035 0 30 0 0
0.4799 0.0104 0.0018 0 30 0 0
0.4799 0.0104 0.0018 0 30 0 0
0.4799 0.0104 0.0018 0 30 0 0
0.4799 0.0104 0.0018 0 30 0 0
0.4859 0.0099 0.0028 0 30 0 0
0.4859 0.0099 0.0028 0 30 0 0
0.4859 0.0099 0.0028 0 30 0 0
0.4859 0.0099 0.0028 0 30 0 0
0.4859 0.0099 0.0028 0 30 0 0
0.4859 0.0099 0.0028 0 30 0 0
0.4759 0.0095 0.0022 0 30 0 0
0.4759 0.0095 0.0022 0 30 0 0
0.4759 0.0095 0.0022 0 30 0 0
0.4759 0.0092 0.0016 0 30 0 0
0.5020 0.0092 0.0016 0 30 0 0
0.5020 0.0092 0.0016 0 30 0 0
0.5020 0.0092 0.0016 0 30 0 0
0.5020 0.0092 0.0016 0 30 0 0
0.5020 0.0092 0.0016 0 30 0 0
0.4839 0.0088 0.0015 0 30 0 0
0.4839 0.0088 0.0015 0 30 0 0
0.4839 0.0088 0.0015 0 30 0 0
0.4839 0.0088 0.0015 0 30 0 0
0.4839 0.0088 0.0015 0 30 0 0
0.4699 0.0088 0.0020 0 30 0 0
0.4699 0.0088 0.0020 0 30 0 0
0.4699 0.0088 0.0020 0 30 0 0
0.4759 0.0086 0.0033 0 30 0 0
0.4759 0.0086 0.0033 0 30 0 0
0.4759 0.0086 0.0033 0 30 0 0
0.4759 0.0086 0.0033 0 30 0 0
0.4759 0.0086 0.0033 0 30 0 0
0.4759 0.0081 0.0031 0 30 0 0
0.4819 0.0081 0.0031 0 30 0 0
0.4819 0.0081 0.0031 0 30 0 0
0.4819 0.0081 0.0031 0 30 0 0
0.4819 0.0081 0.0031 0 30 0 0
0.4819 0.0081 0.0031 0 30 0 0
0.4859 0.0078 0.6330 0 30 0 0
0.4859 0.0078 0.6330 0 30 0 0
0.4859 0.0078 0.6330 0 30 0 0
0.4839 0.0078 0.6319 0 30 0 0
0.4839 0.0078 0.6319 0 30 0 0
0.4839 0.0078 0.6319 0 30 0 0
0.4839 0.0078 0.6319 0 30 0 0
0.4839 0.0083 0.6317 0 30 0 0
0.4839 0.0083 0.6317 0 30 0 0
0.4839 0.0083 0.6317 0 30 0 0
0.4839 0.0083 0.6317 0 30 0 0
0.4839 0.0083 0.6317 0 30 0 0
0.4880 0.0087 0.6300 0 30 0 0
0.4880 0.0087 0.6300 0 30 0 0
0.4880 0.0087 0.6300 0 30 0 0
0.4859 0.0091 0.6270 0 30 0 0
0.4859 0.0091 0.6270 0 30 0 0
0.4859 0.0091 0.6270 0 30 0 0
0.4859 0.0091 0.6270 0 30 0 0
0.4859 0.0091 0.6270 0 30 0 0
0.4859 0.0091 0.6270 0 30 0 0
0.4819 0.0091 0.6276 0 30 0 0
0.4819 0.0091 0.6276 0 30 0 0
0.4819 0.0091 0.6276 0 30 0 0
0.4819 0.0091 0.6276 0 0 0 0
0.5020 0.0076 0.6279 0 30 0 0
0.5020 0.0068 0.6305 0 30 0 0
0.4719 0.0068 0.6305 0 30 0 0
0.4779 0.0065 0.6281 0 30 0 0
0.4859 0.0068 0.6274 0 30 0 0
0.4920 0.0070 0.6280 0 30 0 0
0.5100 0.0071 0.6256 0 30 0 0
0.5100 0.0071 0.6256 0 30 0 0
0.5040 0.0072 0.6228 0 30 0 0
0.5040 0.0072 0.6228 0 30 0 0
0.5040 0.0072 0.6228 0 30 0 0
0.5040 0.0072 0.6228 0 30 0 0
0.5040 0.0072 0.6228 0 30 0 0
0.4940 0.0069 0.6233 0 30 0 0
0.4940 0.0069 0.6233 0 30 0 0
0.4940 0.0069 0.6233 0 30 0 0
0.4880 0.0067 0.6258 0 30 0 0
0.4880 0.0067 0.6258 0 30 0 0
0.4880 0.0067 0.6258 0 30 0 0
0.4880 0.0067 0.6258 0 30 0 0
0.4880 0.0067 0.6258 0 30 0 0
0.4880 0.0065 0.6264 0 30 0 0
0.5000 0.0065 0.6264 0 30 0 0
0.5000 0.0065 0.6264 0 30 0 0
0.5000 0.0065 0.6264 0 30 0 0
0.5000 0.0065 0.6264 0 30 0 0
0.4980 0.0066 0.6264 0 30 0 0
0.4980 0.0066 0.6264 0 30 0 0
0.4839 0.0067 0.6243 0 30 0 0
0.4839 0.0067 0.6243 0 30 0 0
0.4839 0.0067 0.6243 0 30 0 0
0.4839 0.0067 0.6243 0 30 0 0
0.4839 0.0067 0.6243 0 30 0 0
0.4839 0.0067 0.6243 0 30 0 0
0.4819 0.0066 0.6229 0 30 0 0
0.4819 0.0066 0.6229 0 30 0 0
0.4819 0.0066 0.6229 0 30 0 0
0.4819 0.0066 0.6229 0 0 0 0
0.4779 0.0066 0.6318 0 30 0 0
0.4819 0.0067 0.6338 0 30 0 0
0.4739 0.0069 0.6360 0 30 0 0
0.4739 0.0069 0.6360 0 30 0 0
0.4920 0.0071 0.6319 0 30 0 0
0.4739 0.0081 0.6341 0 30 0 0
0.4739 0.0081 0.6341 0 30 0 0
0.4759 0.0091 0.6401 0 30 0 0
0.4719 0.0100 0.6419 0 30 0 0
0.4719 0.0100 0.6419 0 30 0 0
0.4719 0.0100 0.6419 0 30 0 0
0.4880 0.0104 0.6432 0 30 0 0
0.4880 0.0104 0.6432 0 30 0 0
0.4880 0.0104 0.6432 0 30 0 0
0.4799 0.0102 0.6421 0 30 0 0
0.4799 0.0102 0.6421 0 30 0 0
0.4799 0.0102 0.6421 0 30 0 0
0.4799 0.0102 0.6421 0 30 0 0
0.4799 0.0102 0.6421 0 30 0 0
0.4799 0.0102 0.6421 0 30 0 0
0.4980 0.0098 0.6411 0 30 0 0
0.4980 0.0098 0.6411 0 30 0 0
0.4980 0.0098 0.6411 0 30 0 0
0.4980 0.0098 0.6411 0 30 0 0
0.4799 0.0093 0.6431 0 30 0 0
0.4799 0.0093 0.6431 0 30 0 0
0.4799 0.0093 0.6431 0 30 0 0
0.4799 0.0093 0.6431 0 30 0 0
0.4799 0.0093 0.6431 0 30 0 0
0.4799 0.0093 0.6431 0 30 0 0
0.4799 0.0093 0.6431 0 30 0 0
0.4799 0.0093 0.6431 0 30 0 0
0.4799 0.0093 0.6431 0 30 0 0
0.4819 0.0089 0.6417 0 30 0 0
0.4819 0.0089 0.6417 0 30 0 0
0.4819 0.0089 0.6417 0 30 0 0
0.4819 0.0089 0.6417 0 30 0 0
0.4819 0.0089 0.6417 0 30 0 0
0.5040 0.0084 0.6466 0 30 0 0
0.4940 0.0081 0.6459 0 30 0 0
0.4940 0.0080 0.6467 0 30 0 0
0.5060 0.0080 0.6467 0 30 0 0
0.5060 0.0080 0.6467 0 30 0 0
0.5060 0.0080 0.6467 0 30 0 0
0.5060 0.0080 0.6467 0 30 0 0
0.5060 0.0080 0.6467 0 30 0 0
0.5060 0.0080 0.6467 0 30 0 0
0.4960 0.0078 0.6472 0 30 0 0
0.4960 0.0078 0.6472 0 30 0 0
0.4960 0.0078 0.6472 0 30 0 0
0.4960 0.0078 0.6472 0 30 0 0
0.4940 0.0077 0.6486 0 30 0 0
0.4940 0.0077 0.6486 0 30 0 0
0.4940 0.0077 0.6486 0 30 0 0
0.4940 0.0077 0.6486 0 30 0 0
0.4940 0.0079 0.6483 0 30 0 0
0.4799 0.0079 0.6483 0 30 0 0
0.4799 0.0079 0.6483 0 30 0 0
0.4799 0.0079 0.6483 0 30 0 0
0.4799 0.0079 0.6483 0 30 0 0
0.4779 0.0082 0.6486 0 30 0 0
0.4779 0.0082 0.6486 0 30 0 0
0.4779 0.0082 0.6486 0 0 0 0
0.5000 0.0096 -0.0142 0 30 0 0
0.4659 0.0096 -0.0142 0 30 0 0
0.4880 0.0095 -0.0135 0 30 0 0
0.4900 0.0087 -0.0143 0 30 0 0
0.4900 0.0087 -0.0143 0 30 0 0
0.4839 0.0071 -0.0160 0 30 0 0
0.5060 0.0067 -0.0181 0 30 0 0
0.5181 0.0066 -0.0172 0 30 0 0
0.5181 0.0066 -0.0172 0 30 0 0
0.5020 0.0069 -0.0157 0 30 0 0
0.5020 0.0069 -0.0157 0 30 0 0
0.5020 0.0069 -0.0157 0 30 0 0
0.5020 0.0069 -0.0157 0 30 0 0
0.5020 0.0069 -0.0157 0 30 0 0
0.5020 0.0069 -0.0157 0 30 0 0
0.5020 0.0069 -0.0157 0 30 0 0
0.5020 0.0069 -0.0157 0 30 0 0
0.5020 0.0069 -0.0157 0 30 0 0
0.5080 0.0069 -0.0168 0 30 0 0
0.5080 0.0069 -0.0168 0 30 0 0
0.5080 0.0069 -0.0168 0 30 0 0
0.5080 0.0069 -0.0168 0 30 0 0
0.4799 0.0079 -0.0158 0 30 0 0
0.4819 0.0084 -0.0136 0 30 0 0
0.4819 0.0084 -0.0136 0 30 0 0
0.4819 0.0084 -0.0136 0 30 0 0
0.4819 0.0084 -0.0136 0 30 0 0
0.4839 0.0087 -0.0162 0 30 0 0
0.4839 0.0087 -0.0162 0 30 0 0
0.4839 0.0087 -0.0162 0 30 0 0
0.4839 0.0087 -0.0162 0 30 0 0
0.4839 0.0087 -0.0162 0 30 0 0
0.4940 0.0086 -0.0166 0 30 0 0
0.4940 0.0086 -0.0166 0 30 0 0
0.4940 0.0086 -0.0166 0 30 0 0
0.4940 0.0086 -0.0166 0 30 0 0
0.4940 0.0086 -0.0166 0 30 0 0
0.4940 0.0086 -0.0166 0 30 0 0
0.4859 0.0085 -0.0169 0 30 0 0
0.4859 0.0085 -0.0169 0 30 0 0
0.4920 0.0087 -0.0175 0 30 0 0
0.4920 0.0087 -0.0175 0 30 0 0
0.4920 0.0087 -0.0175 0 30 0 0
0.4920 0.0087 -0.0175 0 30 0 0
0.4920 0.0087 -0.0175 0 30 0 0
0.4920 0.0087 -0.0175 0 30 0 0
0.4920 0.0087 -0.0175 0 30 0 0
0.4920 0.0087 -0.0175 0 30 0 0
0.4920 0.0087 -0.0175 0 30 0 0
0.4920 0.0087 -0.0175 0 30 0 0
0.4920 0.0087 -0.0175 0 30 0 0
0.4799 0.0089 -0.0160 0 30 0 0
0.4799 0.0089 -0.0160 0 30 0 0
0.4799 0.0089 -0.0160 0 30 0 0
0.4659 0.0094 -0.0169 0 30 0 0
0.4819 0.0099 -0.0160 0 30 0 0
0.4819 0.0099 -0.0160 0 30 0 0
0.4880 0.0101 -0.0152 0 30 0 0
0.4880 0.0101 -0.0152 0 30 0 0
0.4880 0.0101 -0.0152 0 30 0 0
0.4880 0.0101 -0.0152 0 30 0 0
0.4880 0.0101 -0.0152 0 30 0 0
0.4880 0.0101 -0.0152 0 30 0 0
0.4880 0.0101 -0.0152 0 30 0 0
0.4920 0.0102 -0.0140 0 30 0 0
0.4920 0.0102 -0.0140 0 30 0 0
0.4679 0.0102 -0.0126 0 30 0 0
0.4679 0.0102 -0.0126 0 30 0 0
0.4679 0.0102 -0.0126 0 30 0 0
0.4679 0.0102 -0.0126 0 30 0 0
0.4679 0.0102 -0.0126 0 0 0 0
0.4859 0.0085 -0.0135 0 30 0 0
0.4819 0.0081 -0.0125 0 30 0 0
0.4960 0.0078 -0.0121 0 30 0 0
0.5020 0.0078 -0.0136 0 30 0 0
0.5020 0.0080 -0.0125 0 30 0 0
0.5020 0.0080 -0.0125 0 30 0 0
0.5020 0.0080 -0.0125 0 30 0 0
0.5020 0.0080 -0.0125 0 30 0 0
0.5020 0.0080 -0.0125 0 30 0 0
0.5020 0.0080 -0.0125 0 30 0 0
0.5020 0.0082 -0.0114 0 30 0 0
0.5060 0.0084 -0.0150 0 30 0 0
0.4699 0.0083 -0.0238 0 30 0 0
0.4699 0.0083 -0.0238 0 30 0 0
0.4699 0.0083 -0.0238 0 30 0 0
0.4679 0.0080 -0.0246 0 30 0 0
0.4679 0.0080 -0.0246 0 30 0 0
0.4679 0.0080 -0.0246 0 30 0 0
0.4679 0.0080 -0.0246 0 30 0 0
0.4759 0.0073 -0.0330 0 30 0 0
0.4759 0.0073 -0.0330 0 30 0 0
0.4759 0.0073 -0.0330 0 30 0 0
0.4759 0.0073 -0.0330 0 30 0 0
0.4759 0.0073 -0.0330 0 30 0 0
0.4839 0.0067 -0.0331 0 30 0 0
0.4839 0.0067 -0.0331 0 30 0 0
0.4839 0.0067 -0.0331 0 30 0 0
0.4839 0.0064 -0.0395 0 30 0 0
0.5060 0.0064 -0.0395 0 30 0 0
0.5060 0.0064 -0.0395 0 30 0 0
0.5060 0.0064 -0.0395 0 30 0 0
0.5060 0.0064 -0.0395 0 30 0 0
0.4779 0.0066 -0.0391 0 30 0 0
0.4779 0.0066 -0.0391 0 30 0 0
0.4779 0.0066 -0.0391 0 30 0 0
0.4779 0.0066 -0.0391 0 30 0 0
0.4779 0.0066 -0.0391 0 30 0 0
0.5060 0.0073 -0.0440 0 30 0 0
0.5060 0.0073 -0.0440 0 30 0 0
0.5060 0.0073 -0.0440 0 30 0 0
0.5060 0.0073 -0.0440 0 30 0 0
0.4759 0.0079 -0.0423 0 30 0 0
0.4759 0.0079 -0.0423 0 30 0 0
0.4759 0.0079 -0.0423 0 30 0 0
0.4759 0.0079 -0.0423 0 30 0 0
0.4719 0.0085 -0.0466 0 30 0 0
0.4719 0.0085 -0.0466 0 30 0 0
0.4719 0.0085 -0.0466 0 30 0 0
0.4719 0.0085 -0.0466 0 0 0 0
0.4578 0.0058 -0.0482 0 30 0 0
0.4759 0.0057 -0.0470 0 30 0 0
0.4739 0.0063 -0.0462 0 30 0 0
0.4659 0.0072 -0.0462 0 30 0 0
0.4880 0.0080 -0.0456 0 30 0 0
0.4759 0.0091 -0.0459 0 30 0 0
0.4759 0.0091 -0.0459 0 30 0 0
0.4980 0.0094 -0.0454 0 30 0 0
0.5100 0.0094 -0.0437 0 30 0 0
0.5100 0.0094 -0.0437 0 30 0 0
0.5100 0.0094 -0.0437 0 30 0 0
0.5100 0.0094 -0.0437 0 30 0 0
0.5100 0.0094 -0.0437 0 30 0 0
0.5020 0.0089 -0.0431 0 30 0 0
0.5020 0.0089 -0.0431 0 30 0 0
0.5020 0.0089 -0.0431 0 30 0 0
0.5020 0.0089 -0.0431 0 30 0 0
0.4839 0.0087 -0.0432 0 30 0 0
0.4839 0.0087 -0.0432 0 0 0 0
0.4900 0.0086 -0.0437 0 30 0 0
0.4960 0.0086 -0.0456 0 30 0 0
0.4639 0.0086 -0.0451 0 30 0 0
0.4799 0.0085 -0.0442 0 30 0 0
0.4779 0.0084 -0.0466 0 30 0 0
0.4779 0.0084 -0.0466 0 30 0 0
0.4779 0.0084 -0.0466 0 30 0 0
0.4779 0.0084 -0.0466 0 30 0 0
0.4819 0.0082 -0.0482 0 30 0 0
0.4819 0.0082 -0.0482 0 30 0 0
0.4819 0.0082 -0.0482 0 30 0 0
0.4819 0.0082 -0.0482 0 30 0 0
0.4819 0.0082 -0.0482 0 0 0 0
0.4739 0.0089 -0.0583 0 30 0 0
0.4859 0.0089 -0.0583 0 30 0 0
0.4679 0.0090 -0.0555 0 30 0 0
0.4739 0.0081 -0.0559 0 30 0 0
0.4880 0.0088 -0.0573 0 30 0 0
0.4839 0.0091 -0.0574 0 30 0 0
0.4839 0.0091 -0.0574 0 30 0 0
0.4839 0.0091 -0.0574 0 30 0 0
0.4839 0.0091 -0.0574 0 30 0 0
0.4659 0.0092 -0.0608 0 30 0 0
0.4659 0.0092 -0.0608 0 30 0 0
0.4779 0.0091 -0.0602 0 30 0 0
0.4779 0.0091 -0.0602 0 0 0 0
0.5100 0.0081 -0.0536 0 30 0 0
0.5060 0.0086 -0.0537 0 30 0 0
0.4920 0.0091 -0.0527 0 30 0 0
0.4900 0.0087 -0.0530 0 30 0 0
0.4859 0.0076 -0.0522 0 30 0 0
0.4880 0.0070 -0.0517 0 30 0 0
0.4799 0.0066 -0.0518 0 30 0 0
0.4799 0.0066 -0.0518 0 30 0 0
0.4799 0.0066 -0.0518 0 30 0 0
0.4799 0.0066 -0.0518 0 30 0 0
0.4719 0.0063 -0.0509 0 30 0 0
0.4719 0.0063 -0.0509 0 30 0 0
0.4719 0.0063 -0.0509 0 30 0 0
0.4719 0.0063 -0.0509 0 30 0 0
0.4719 0.0063 -0.0509 0 30 0 0
0.4759 0.0061 -0.0512 0 30 0 0
0.4759 0.0061 -0.0512 0 30 0 0
0.4679 0.0063 -0.0498 0 30 0 0
0.4679 0.0063 -0.0498 0 30 0 0
0.4679 0.0063 -0.0498 0 30 0 0
0.4679 0.0063 -0.0498 0 30 0 0
0.4679 0.0063 -0.0498 0 30 0 0
0.4679 0.0063 -0.0498 0 30 0 0
0.4679 0.0063 -0.0498 0 30 0 0
0.4679 0.0063 -0.0498 0 30 0 0
0.4679 0.0063 -0.0498 0 30 0 0
0.4679 0.0063 -0.0498 0 30 0 0
0.4679 0.0063 -0.0498 0 30 0 0
0.4839 0.0069 -0.0487 0 30 0 0
0.4920 0.0073 -0.0474 0 30 0 0
0.5060 0.0076 -0.0468 0 30 0 0
0.5060 0.0076 -0.0468 0 30 0 0
0.5060 0.0076 -0.0468 0 30 0 0
0.5060 0.0076 -0.0468 0 30 0 0
0.5060 0.0076 -0.0468 0 30 0 0
0.4819 0.0078 -0.0476 0 30 0 0
0.4819 0.0078 -0.0476 0 30 0 0
0.4819 0.0078 -0.0476 0 30 0 0
0.4819 0.0078 -0.0476 0 30 0 0
0.4819 0.0078 -0.0476 0 30 0 0
0.4739 0.0078 -0.0470 0 30 0 0
0.4739 0.0078 -0.0470 0 30 0 0
0.4739 0.0078 -0.0470 0 30 0 0
0.5000 0.0078 -0.0469 0 30 0 0
0.5000 0.0078 -0.0469 0 30 0 0
0.5000 0.0078 -0.0469 0 30 0 0
0.5000 0.0078 -0.0469 0 30 0 0
0.5000 0.0078 -0.0469 0 30 0 0
0.5000 0.0078 -0.0469 0 30 0 0
0.4839 0.0081 -0.0460 0 30 0 0
0.4839 0.0081 -0.0460 0 30 0 0
0.4839 0.0081 -0.0460 0 0 0 0
0.4639 0.0136 -0.0431 -30 0 0 0
0.4639 0.0136 -0.0431 -30 0 0 0
0.4739 0.0136 -0.0399 -30 0 0 0
0.4739 0.0136 -0.0399 -30 0 0 0
0.4538 0.0133 -0.0401 -30 0 0 0
0.4598 0.0121 -0.0390 -30 0 0 0
0.4819 0.0114 -0.0403 0 0 0 0
0.4759 0.0143 -0.0415 -30 0 0 0
0.4659 0.0145 -0.0410 -30 0 0 0
0.4759 0.0143 -0.0444 -30 0 0 0
0.4759 0.0143 -0.0444 -30 0 0 0
0.4839 0.0136 -0.0473 -30 0 0 0
0.4839 0.0136 -0.0473 -30 0 0 0
0.4839 0.0136 -0.0473 -30 0 0 0
0.4779 0.0129 -0.0475 -30 0 0 0
0.4779 0.0129 -0.0475 -30 0 0 0
0.4779 0.0129 -0.0475 -30 0 0 0
0.4779 0.0129 -0.0475 -30 0 0 0
0.4779 0.0129 -0.0475 -30 0 0 0
0.4779 0.0129 -0.0475 -30 0 0 0
0.4498 0.0121 -0.0497 -30 0 0 0
0.4498 0.0121 -0.0497 -30 0 0 0
0.4498 0.0121 -0.0497 -30 0 0 0
0.4418 0.0117 -0.0499 -30 0 0 0
0.4418 0.0117 -0.0499 -30 0 0 0
0.4418 0.0117 -0.0499 -30 0 0 0
0.4418 0.0117 -0.0499 -30 0 0 0
0.4598 0.0117 -0.0428 -30 0 0 0
0.4598 0.0117 -0.0428 -30 0 0 0
0.4598 0.0117 -0.0428 -30 0 0 0
0.4598 0.0117 -0.0428 -30 0 0 0
0.4598 0.0117 -0.0428 -30 0 0 0
0.4719 0.0118 -0.0427 -30 0 0 0
0.4719 0.0118 -0.0427 -30 0 0 0
0.4719 0.0118 -0.0427 -30 0 0 0
0.4719 0.0118 -0.0427 -30 0 0 0
0.4920 0.0118 -0.0464 -30 0 0 0
0.4920 0.0118 -0.0464 -30 0 0 0
0.4920 0.0118 -0.0464 -30 0 0 0
0.4518 0.0120 -0.0464 -30 0 0 0
0.4518 0.0120 -0.0464 -30 0 0 0
0.4518 0.0120 -0.0464 -30 0 0 0
0.4518 0.0120 -0.0464 -30 0 0 0
0.4518 0.0120 -0.0464 -30 0 0 0
0.4518 0.0120 -0.0464 -30 0 0 0
0.4659 0.0124 -0.0513 -30 0 0 0
0.4659 0.0124 -0.0513 -30 0 0 0
0.4679 0.0128 -0.0520 -30 0 0 0
0.4679 0.0128 -0.0520 -30 0 0 0
0.4679 0.0128 -0.0520 -30 0 0 0
0.4679 0.0128 -0.0520 -30 0 0 0
0.4779 0.0132 -0.0548 -30 0 0 0
0.4779 0.0132 -0.0548 -30 0 0 0
0.4779 0.0132 -0.0548 -30 0 0 0
0.4779 0.0132 -0.0548 -30 0 0 0
0.4779 0.0132 -0.0548 -30 0 0 0
0.4779 0.0132 -0.0548 -30 0 0 0
0.4779 0.0132 -0.0548 -30 0 0 0
0.4759 0.0136 -0.0580 0 0 0 0
0.4779 0.0096 -0.0790 0 0 0 30
0.4779 0.0098 -0.0834 0 0 0 30
0.4819 0.0098 -0.0834 0 0 0 30
0.4679 0.0101 -0.0870 0 0 0 30
0.4679 0.0101 -0.0870 0 0 0 30
0.4759 0.0102 -0.0865 0 0 0 0
0.4920 0.0100 -0.0796 0 0 0 30
0.5000 0.0105 -0.0788 0 0 0 30
0.4940 0.0109 -0.0784 0 0 0 0
0.4880 0.0112 -0.0719 0 0 0 30
0.4719 0.0110 -0.0708 0 0 0 30
0.4719 0.0110 -0.0708 0 0 0 0
0.4719 0.0110 -0.0663 0 0 0 30
0.4618 0.0110 -0.0663 0 0 0 30
0.4719 0.0115 -0.0659 0 0 0 30
0.4759 0.0121 -0.0656 0 0 0 0
0.4779 0.0131 -0.0625 0 0 0 30
0.4779 0.0131 -0.0625 0 0 0 30
0.4779 0.0129 -0.0616 0 0 0 30
0.4739 0.0129 -0.0616 0 0 0 0
0.4779 0.0134 -0.0588 0 0 0 0
0.4598 0.0141 -0.0550 0 0 0 30
0.4719 0.0141 -0.0550 0 0 0 0
0.4739 0.0081 -0.0552 0 0 0 30
0.4739 0.0081 -0.0552 0 0 0 30
0.4739 0.0078 -0.0523 0 0 0 30
0.4739 0.0077 -0.0518 0 0 0 30
0.4659 0.0077 -0.0518 0 0 0 0
0.4880 0.0071 -0.0529 0 0 0 30
0.4859 0.0074 -0.0553 0 0 0 30
0.4880 0.0080 -0.0582 0 0 0 30
0.4719 0.0079 -0.0563 0 0 0 30
0.4799 0.0077 -0.0529 0 0 0 30
0.4940 0.0084 -0.0531 0 0 0 30
0.4839 0.0091 -0.0518 0 0 0 0
0.4759 0.0086 -0.0508 0 0 0 30
0.4639 0.0086 -0.0508 0 0 0 30
0.4639 0.0085 -0.0497 0 0 0 30
0.4659 0.0091 -0.0495 0 0 0 30
0.4699 0.0097 -0.0493 0 0 0 30
0.4699 0.0097 -0.0493 0 0 0 30
0.4719 0.0095 -0.0520 0 0 0 30
0.4719 0.0095 -0.0520 0 0 0 0
0.4679 0.0085 -0.0670 0 0 0 30
0.4659 0.0083 -0.0659 0 0 0 30
0.4659 0.0083 -0.0659 0 0 0 30
0.4699 0.0082 -0.0656 0 0 0 30
0.4699 0.0085 -0.0635 0 0 0 30
0.4839 0.0085 -0.0635 0 0 0 30
0.4719 0.0088 -0.0670 0 0 0 30
0.4819 0.0093 -0.0645 0 0 0 0
0.4920 0.0092 -0.0688 0 0 0 30
0.4880 0.0085 -0.0671 0 0 0 30
0.4880 0.0085 -0.0671 0 0 0 30
0.4859 0.0078 -0.0689 0 0 0 30
0.4859 0.0072 -0.0668 0 0 0 30
0.4859 0.0072 -0.0668 0 0 0 30
0.4699 0.0067 -0.0666 0 0 0 30
0.4699 0.0067 -0.0666 0 0 0 30
0.4699 0.0066 -0.0659 0 0 0 30
0.4839 0.0066 -0.0659 0 0 0 0
0.5141 0.0068 -0.0669 0 0 0 30
0.4920 0.0069 -0.0630 0 0 0 30
0.5080 0.0069 -0.0603 0 0 0 30
0.5080 0.0069 -0.0500 0 0 0 30
0.4819 0.0071 -0.0477 0 0 0 30
0.4819 0.0071 -0.0477 0 0 0 30
0.4819 0.0071 -0.0477 0 0 0 0
0.4920 0.0074 -0.0394 0 0 0 30
0.4880 0.0074 -0.0394 0 0 0 30
0.4819 0.0075 -0.0428 0 0 0 30
0.4819 0.0075 -0.0428 0 0 0 30
0.4819 0.0079 -0.0411 0 0 0 30
0.4639 0.0084 -0.0406 0 0 0 30
0.4639 0.0084 -0.0406 0 0 0 30
0.4639 0.0086 -0.0372 0 0 0 30
0.4639 0.0086 -0.0372 0 0 0 0
0.5040 0.0086 -0.0314 0 0 0 30
0.4880 0.0096 -0.0290 0 0 0 30
0.4880 0.0096 -0.0290 0 0 0 30
0.4759 0.0097 -0.0271 0 0 0 30
0.5040 0.0092 -0.0235 0 0 0 30
0.4779 0.0092 -0.0235 0 0 0 30
0.4940 0.0092 -0.0229 0 0 0 30
0.4940 0.0092 -0.0229 0 0 0 0
0.4719 0.0098 -0.0211 0 0 0 30
0.4799 0.0102 -0.0200 0 0 0 30
0.4799 0.0102 -0.0200 0 0 0 30
0.4819 0.0102 -0.0193 0 0 0 30
0.4819 0.0102 -0.0193 0 0 0 30
0.4779 0.0104 -0.0170 0 0 0 30
0.4839 0.0104 -0.0170 0 0 0 30
0.4940 0.0101 -0.0159 0 0 0 0
0.5060 0.0078 -0.0106 0 0 0 30
0.5060 0.0078 -0.0106 0 0 0 30
0.4739 0.0077 -0.0094 0 0 0 30
0.4940 0.0080 -0.0092 0 0 0 30
0.4940 0.0080 -0.0092 0 0 0 30
0.4719 0.0083 -0.0108 0 0 0 30
0.4739 0.0088 -0.0107 0 0 0 0
0.5020 0.0105 -0.0034 0 0 0 30
0.4960 0.0118 -0.0031 0 0 0 30
0.4960 0.0110 -0.0023 0 0 0 30
0.5100 0.0100 -0.0025 0 0 0 30
0.5100 0.0100 -0.0025 0 0 0 0
0.4900 0.0082 0.0178 0 0 0 30
0.4859 0.0082 0.0178 0 0 0 30
0.4880 0.0078 0.0176 0 0 0 30
0.4940 0.0077 0.0172 0 0 0 30
0.5060 0.0077 0.0172 0 0 0 0
0.4900 0.0149 0.0158 0 0 0 -30
0.4719 0.0149 0.0158 0 0 0 -30
0.4819 0.0156 0.0211 0 0 0 -30
0.4859 0.0151 0.0207 0 0 0 -30
0.4940 0.0135 0.0262 0 0 0 -30
0.4819 0.0128 0.0281 0 0 0 -30
0.4940 0.0124 0.0273 0 0 0 -30
0.4940 0.0124 0.0273 0 0 0 -30
0.4940 0.0124 0.0273 0 0 0 0
0.4719 0.0077 0.0200 0 30 0 0
0.4719 0.0077 0.0200 0 30 0 0
0.4839 0.0062 0.0174 0 30 0 0
0.4699 0.0061 0.0051 0 30 0 0
0.4839 0.0063 0.0062 0 30 0 0
0.4719 0.0065 0.0057 0 30 0 0
0.4799 0.0064 0.0052 0 30 0 0
0.4799 0.0064 0.0052 0 30 0 0
0.4799 0.0064 0.0052 0 30 0 0
0.4799 0.0065 0.0060 0 30 0 0
0.4799 0.0065 0.0060 0 30 0 0
0.4799 0.0065 0.0060 0 30 0 0
0.4799 0.0065 0.0060 0 30 0 0
0.4659 0.0067 0.0061 0 30 0 0
0.4659 0.0067 0.0061 0 30 0 0
0.4659 0.0067 0.0061 0 30 0 0
0.4659 0.0067 0.0061 0 30 0 0
0.4659 0.0067 0.0061 0 30 0 0
0.4719 0.0071 0.0102 0 30 0 0
0.4719 0.0071 0.0102 0 30 0 0
0.4719 0.0071 0.0102 0 30 0 0
0.4719 0.0071 0.0102 0 30 0 0
0.4719 0.0071 0.0102 0 30 0 0
0.4719 0.0071 0.0102 0 30 0 0
0.4719 0.0071 0.0102 0 30 0 0
0.4799 0.0075 0.0132 0 30 0 0
0.4799 0.0075 0.0132 0 30 0 0
0.4799 0.0075 0.0132 0 30 0 0
0.4799 0.0075 0.0132 0 30 0 0
0.4518 0.0079 0.0137 0 30 0 0
0.4518 0.0079 0.0137 0 30 0 0
0.4639 0.0081 0.0144 0 30 0 0
0.4639 0.0081 0.0144 0 30 0 0
0.4639 0.0081 0.0144 0 30 0 0
0.4639 0.0081 0.0144 0 30 0 0
0.4699 0.0083 0.0109 0 30 0 0
0.4699 0.0083 0.0109 0 30 0 0
0.4699 0.0083 0.0109 0 30 0 0
0.4699 0.0083 0.0109 0 30 0 0
0.4699 0.0083 0.0109 0 30 0 0
0.4538 0.0084 0.0097 0 30 0 0
0.4538 0.0084 0.0097 0 30 0 0
0.4538 0.0084 0.0097 0 30 0 0
0.4538 0.0084 0.0097 0 30 0 0
0.4538 0.0084 0.0097 0 30 0 0
0.4699 0.0084 0.0007 0 30 0 0
0.4699 0.0084 0.0007 0 30 0 0
0.4699 0.0084 0.0007 0 30 0 0
0.4699 0.0084 0.0007 0 30 0 0
0.4759 0.0085 -0.0011 0 30 0 0
0.4759 0.0085 -0.0011 0 30 0 0
0.4759 0.0085 -0.0011 0 30 0 0
0.4759 0.0085 -0.0011 0 30 0 0
0.5060 0.0087 0.0012 0 30 0 0
0.5060 0.0087 0.0012 0 30 0 0
0.5060 0.0087 0.0012 0 30 0 0
0.5060 0.0087 0.0012 0 30 0 0
0.4759 0.0088 0.0033 0 30 0 0
0.4759 0.0088 0.0033 0 30 0 0
0.4759 0.0088 0.0033 0 30 0 0
0.4759 0.0088 0.0033 0 30 0 0
0.4839 0.0091 -0.0043 0 30 0 0
0.4839 0.0091 -0.0043 0 30 0 0
0.4839 0.0091 -0.0043 0 30 0 0
0.4839 0.0091 -0.0043 0 30 0 0
0.4839 0.0091 -0.0043 0 30 0 0
0.4839 0.0092 -0.0023 0 30 0 0
0.4839 0.0092 -0.0023 0 30 0 0
0.4839 0.0092 -0.0023 0 30 0 0
0.4839 0.0092 -0.0023 0 30 0 0
0.4839 0.0092 -0.0023 0 30 0 0
0.4739 0.0092 -0.0018 0 30 0 0
0.4739 0.0092 -0.0018 0 30 0 0
0.4739 0.0092 -0.0018 0 30 0 0
0.4739 0.0092 -0.0018 0 30 0 0
0.4859 0.0091 -0.0023 0 30 0 0
0.4859 0.0091 -0.0023 0 30 0 0
0.4859 0.0091 -0.0023 0 30 0 0
0.4920 0.0092 -0.0068 0 30 0 0
0.4920 0.0092 -0.0068 0 30 0 0
0.4920 0.0092 -0.0068 0 30 0 0
0.4920 0.0092 -0.0068 0 30 0 0
0.4920 0.0092 -0.0068 0 0 0 0
0.4618 0.0092 -0.0064 0 0 0 30
0.4759 0.0074 -0.0092 0 0 0 30
0.4819 0.0054 -0.0049 0 0 0 30
0.4819 0.0052 -0.0032 0 0 0 30
0.4659 0.0052 -0.0032 0 0 0 30
0.4538 0.0066 -0.0180 0 0 0 0
0.4639 0.0068 -0.0370 0 0 0 30
0.4418 0.0068 -0.0370 0 0 0 30
0.4759 0.0068 -0.0350 0 0 0 30
0.4759 0.0067 -0.0489 0 0 0 30
0.4779 0.0062 -0.0476 0 0 0 30
0.4779 0.0062 -0.0476 0 0 0 30
0.4659 0.0062 -0.0470 0 0 0 30
0.4659 0.0062 -0.0470 0 0 0 30
0.4659 0.0062 -0.0470 0 0 0 0
0.4719 0.0066 -0.0459 0 0 0 30
0.4779 0.0071 -0.0449 0 0 0 30
0.4779 0.0071 -0.0437 0 0 0 30
0.4719 0.0071 -0.0437 0 0 0 30
0.4719 0.0071 -0.0437 0 0 0 30
0.4618 0.0068 -0.0403 0 0 0 30
0.4779 0.0069 -0.0357 0 0 0 30
0.4779 0.0069 -0.0357 0 0 0 0
0.4719 0.0079 -0.0334 0 0 0 30
0.4719 0.0079 -0.0334 0 0 0 30
0.4558 0.0074 -0.0330 0 0 0 30
0.4558 0.0074 -0.0330 0 0 0 30
0.4558 0.0074 -0.0330 0 0 0 30
0.4558 0.0074 -0.0330 0 0 0 30
0.4558 0.0074 -0.0330 0 0 0 30
0.4558 0.0074 -0.0330 0 0 0 30
0.4558 0.0074 -0.0330 0 0 0 0
0.5000 0.0057 -0.0250 0 0 0 30
0.4920 0.0059 -0.0262 0 0 0 30
0.4960 0.0059 -0.0262 0 0 0 30
0.4960 0.0059 -0.0262 0 0 0 30
0.4960 0.0059 -0.0262 0 0 0 30
0.4960 0.0059 -0.0262 0 0 0 30
0.4960 0.0059 -0.0262 0 0 0 0
0.4900 0.0077 -0.0252 0 0 0 30
0.4679 0.0075 -0.0197 0 0 0 30
0.4578 0.0072 -0.0187 0 0 0 30
0.4880 0.0072 -0.0209 0 0 0 30
0.4940 0.0087 -0.0231 0 0 0 0
0.4859 0.0124 -0.0246 0 0 0 30
0.4759 0.0125 -0.0244 0 0 0 30
0.4739 0.0130 -0.0216 0 0 0 30
0.4699 0.0135 -0.0183 0 0 0 30
0.4699 0.0135 -0.0183 0 0 0 30
0.4759 0.0134 -0.0135 0 0 0 0
0.4739 0.0073 0.0168 0 0 0 30
0.4920 0.0081 0.0218 0 0 0 30
0.4839 0.0075 0.0209 0 0 0 30
0.4839 0.0076 0.0204 0 0 0 30
0.4779 0.0085 0.0230 0 0 0 0
0.4940 0.0086 0.0382 0 30 0 0
0.4900 0.0086 0.0382 0 30 0 0
0.5060 0.0093 0.0447 0 30 0 0
0.5141 0.0096 0.0507 0 30 0 0
0.5141 0.0096 0.0507 0 30 0 0
0.4940 0.0094 0.0496 0 30 0 0
0.5060 0.0093 0.0531 0 30 0 0
0.5060 0.0093 0.0531 0 30 0 0
0.4980 0.0093 0.0562 0 30 0 0
0.4980 0.0093 0.0562 0 30 0 0
0.5020 0.0090 0.0553 0 30 0 0
0.5020 0.0090 0.0553 0 30 0 0
0.5020 0.0090 0.0553 0 30 0 0
0.4880 0.0085 0.0605 0 30 0 0
0.4880 0.0085 0.0605 0 30 0 0
0.4980 0.0078 0.0607 0 30 0 0
0.4980 0.0078 0.0607 0 30 0 0
0.4980 0.0078 0.0607 0 30 0 0
0.4980 0.0078 0.0607 0 30 0 0
0.4980 0.0078 0.0607 0 30 0 0
0.4980 0.0078 0.0607 0 30 0 0
0.5020 0.0070 0.0614 0 30 0 0
0.5020 0.0070 0.0614 0 30 0 0
0.5020 0.0070 0.0614 0 30 0 0
0.5020 0.0070 0.0614 0 30 0 0
0.5020 0.0070 0.0614 0 30 0 0
0.5020 0.0070 0.0614 0 30 0 0
0.4819 0.0065 0.0602 0 30 0 0
0.4920 0.0066 0.0641 0 30 0 0
0.4920 0.0066 0.0641 0 30 0 0
0.4920 0.0066 0.0641 0 0 0 0
0.5080 0.0072 0.0742 0 0 0 -30
0.4759 0.0070 0.0736 0 0 0 -30
0.5020 0.0069 0.0711 0 0 0 -30
0.4779 0.0069 0.0701 0 0 0 -30
0.4940 0.0071 0.0730 0 0 0 -30
0.5120 0.0076 0.0799 0 0 0 -30
0.4839 0.0084 0.0789 0 0 0 -30
0.4839 0.0084 0.0789 0 0 0 -30
0.4839 0.0084 0.0789 0 0 0 -30
0.4839 0.0090 0.0744 0 0 0 -30
0.4920 0.0090 0.0744 0 0 0 0
0.4900 0.0091 0.0741 0 0 0 -30
0.5000 0.0095 0.0708 0 0 0 -30
0.4960 0.0100 0.0688 0 0 0 -30
0.4859 0.0104 0.0650 0 0 0 -30
0.4859 0.0104 0.0650 0 0 0 -30
0.4859 0.0104 0.0650 0 0 0 -30
0.4859 0.0104 0.0650 0 0 0 -30
0.4859 0.0104 0.0650 0 0 0 -30
0.5060 0.0111 0.0615 0 0 0 -30
0.5060 0.0111 0.0615 0 0 0 0
0.5020 0.0111 0.0602 0 0 0 -30
0.4759 0.0109 0.0595 0 0 0 -30
0.4859 0.0103 0.0583 0 0 0 -30
0.4839 0.0099 0.0580 0 0 0 -30
0.4859 0.0099 0.0562 0 0 0 -30
0.4859 0.0099 0.0562 0 0 0 -30
0.4859 0.0099 0.0562 0 0 0 0
0.4859 0.0099 0.0562 0 0 0 -30
0.4880 0.0102 0.0549 0 0 0 -30
0.4859 0.0103 0.0539 0 0 0 -30
0.4819 0.0103 0.0510 0 0 0 -30
0.4900 0.0100 0.0476 0 0 0 -30
0.5100 0.0100 0.0454 0 0 0 0
0.4799 0.0092 0.0445 0 0 0 -30
0.4739 0.0090 0.0427 0 0 0 -30
0.4719 0.0089 0.0385 0 0 0 -30
0.4679 0.0090 0.0379 0 0 0 0
0.4659 0.0095 0.0371 0 0 0 -30
0.4859 0.0097 0.0359 0 0 0 -30
0.4859 0.0094 0.0318 0 0 0 -30
0.4940 0.0094 0.0318 0 0 0 -30
0.4739 0.0096 0.0292 0 0 0 -30
0.4980 0.0098 0.0280 0 0 0 0
0.4739 0.0092 0.0306 0 0 0 -30
0.4719 0.0093 0.0301 0 0 0 -30
0.4739 0.0096 0.0289 0 0 0 -30
0.4739 0.0100 0.0283 0 0 0 -30
0.4839 0.0095 0.0287 0 0 0 -30
0.4779 0.0095 0.0287 0 0 0 -30
0.4779 0.0095 0.0287 0 0 0 0
0.4839 0.0078 0.0280 0 0 0 -30
0.5060 0.0078 0.0280 0 0 0 -30
0.5060 0.0070 0.0272 0 0 0 -30
0.4859 0.0066 0.0255 0 0 0 -30
0.4940 0.0066 0.0228 0 0 0 -30
0.4900 0.0066 0.0212 0 0 0 0
0.4980 0.0053 0.0188 0 0 0 -30
0.4859 0.0051 0.0179 0 0 0 -30
0.4759 0.0052 0.0160 0 0 0 -30
0.5080 0.0057 0.0154 0 0 0 -30
0.4880 0.0059 0.0144 0 0 0 0
0.4940 0.0063 0.0108 0 0 0 -30
0.4859 0.0067 0.0100 0 0 0 -30
0.4859 0.0071 0.0095 0 0 0 -30
0.4960 0.0074 0.0089 0 0 0 0
0.4900 0.0069 0.0045 0 0 0 -30
0.4839 0.0066 0.0040 0 0 0 -30
0.4960 0.0061 0.0040 0 0 0 0
0.5120 0.0064 0.7533 0 30 0 0
0.5241 0.0062 0.7550 0 30 0 0
0.5020 0.0061 0.7547 0 30 0 0
0.5020 0.0061 0.7547 0 30 0 0
0.4839 0.0060 0.7521 0 30 0 0
0.4839 0.0064 0.7508 0 30 0 0
0.4960 0.0068 0.7500 0 30 0 0
0.4799 0.0068 0.7502 0 30 0 0
0.4819 0.0067 0.7519 0 30 0 0
0.4819 0.0067 0.7519 0 30 0 0
0.4819 0.0067 0.7519 0 30 0 0
0.4880 0.0067 -0.0017 0 30 0 0
0.4880 0.0067 -0.0017 0 30 0 0
0.4880 0.0067 -0.0017 0 30 0 0
0.4880 0.0067 -0.0017 0 30 0 0
0.4880 0.0067 -0.0017 0 30 0 0
0.4880 0.0067 -0.0017 0 30 0 0
0.5020 0.0068 0.0026 0 0 0 0
0.4880 0.0070 0.0046 0 30 0 0
0.4940 0.0070 0.0021 0 30 0 0
0.5040 0.0071 0.0022 0 30 0 0
0.5040 0.0071 0.0022 0 30 0 0
0.5000 0.0070 0.0006 0 30 0 0
0.5000 0.0070 0.0006 0 30 0 0
0.5000 0.0070 0.0006 0 30 0 0
0.5000 0.0070 0.0006 0 30 0 0
0.5020 0.0066 0.0017 0 30 0 0
0.5020 0.0066 0.0017 0 30 0 0
0.5020 0.0063 0.0017 0 30 0 0
0.5020 0.0063 0.0017 0 30 0 0
0.5020 0.0063 0.0017 0 30 0 0
0.5020 0.0063 0.0017 0 30 0 0
0.5020 0.0063 0.0017 0 30 0 0
0.4719 0.0060 0.0021 0 30 0 0
0.4719 0.0060 0.0021 0 30 0 0
0.4719 0.0060 0.0021 0 30 0 0
0.4719 0.0060 0.0021 0 30 0 0
0.4719 0.0060 0.0021 0 30 0 0
0.5060 0.0064 0.0066 0 30 0 0
0.5060 0.0064 0.0066 0 30 0 0
0.5060 0.0064 0.0066 0 30 0 0
0.5060 0.0067 0.0079 0 30 0 0
0.4799 0.0067 0.0079 0 30 0 0
0.4799 0.0067 0.0079 0 30 0 0
0.4799 0.0067 0.0079 0 30 0 0
0.4799 0.0068 0.0097 0 30 0 0
0.4799 0.0068 0.0097 0 30 0 0
0.4799 0.0068 0.0097 0 30 0 0
0.4799 0.0068 0.0097 0 30 0 0
0.4799 0.0068 0.0097 0 30 0 0
0.4799 0.0068 0.0097 0 30 0 0
0.4799 0.0068 0.0088 0 30 0 0
0.4799 0.0068 0.0088 0 30 0 0
0.4799 0.0068 0.0088 0 30 0 0
0.4940 0.0068 0.0081 0 30 0 0
0.4940 0.0068 0.0081 0 30 0 0
0.4940 0.0068 0.0081 0 30 0 0
0.4940 0.0068 0.0081 0 30 0 0
0.4839 0.0070 0.0074 0 30 0 0
0.4839 0.0070 0.0074 0 30 0 0
0.4839 0.0070 0.0074 0 30 0 0
0.4839 0.0070 0.0074 0 30 0 0
0.4839 0.0070 0.0074 0 30 0 0
0.4839 0.0070 0.0074 0 30 0 0
0.5080 0.0070 0.0085 0 30 0 0
0.5080 0.0070 0.0085 0 30 0 0
0.5080 0.0070 0.0085 0 30 0 0
0.5080 0.0070 0.0085 0 30 0 0
0.5020 0.0069 0.0078 0 30 0 0
0.5020 0.0069 0.0078 0 30 0 0
0.5020 0.0069 0.0078 0 30 0 0
0.5020 0.0069 0.0078 0 30 0 0
0.5020 0.0069 0.0078 0 30 0 0
0.5020 0.0069 0.0078 0 0 0 0
0.4880 0.0088 0.0072 0 30 0 0
0.4940 0.0090 0.0080 0 30 0 0
0.4900 0.0089 0.0088 0 30 0 0
0.4859 0.0084 0.0079 0 30 0 0
0.4920 0.0079 0.0063 0 30 0 0
0.4699 0.0081 0.0043 0 30 0 0
0.4819 0.0086 0.0068 0 30 0 0
0.4920 0.0089 0.0081 0 30 0 0
0.4920 0.0089 0.0081 0 30 0 0
0.4880 0.0091 0.0090 0 30 0 0
0.4880 0.0091 0.0090 0 30 0 0
0.4880 0.0091 0.0090 0 30 0 0
0.4880 0.0091 0.0090 0 30 0 0
0.4880 0.0091 0.0090 0 30 0 0
0.4538 0.0090 0.0116 0 30 0 0
0.4538 0.0090 0.0116 0 0 0 0
0.4739 0.0070 0.0056 0 30 0 0
0.4639 0.0070 0.0056 0 30 0 0
0.4578 0.0062 0.0057 0 30 0 0
0.4799 0.0060 -0.0036 0 30 0 0
0.4799 0.0060 -0.0036 0 30 0 0
0.4960 0.0060 -0.0127 0 30 0 0
0.4960 0.0060 -0.0127 0 30 0 0
0.4819 0.0061 -0.0130 0 30 0 0
0.4819 0.0061 -0.0130 0 30 0 0
0.4819 0.0061 -0.0130 0 30 0 0
0.4819 0.0061 -0.0130 0 30 0 0
0.4819 0.0061 -0.0130 0 30 0 0
0.4819 0.0061 -0.0130 0 30 0 0
0.4880 0.0065 -0.0218 0 30 0 0
0.4880 0.0065 -0.0218 0 30 0 0
0.4880 0.0065 -0.0218 0 30 0 0
0.4880 0.0065 -0.0218 0 30 0 0
0.4880 0.0065 -0.0218 0 30 0 0
0.4558 0.0068 -0.0231 0 30 0 0
0.4558 0.0068 -0.0231 0 30 0 0
0.4859 0.0072 -0.0262 0 0 0 0
0.4779 0.0071 -0.0312 0 30 0 0
0.4558 0.0069 -0.0363 0 30 0 0
0.4558 0.0069 -0.0363 0 30 0 0
0.4679 0.0068 -0.0340 0 30 0 0
0.4639 0.0065 -0.0336 0 30 0 0
0.4639 0.0065 -0.0336 0 30 0 0
0.4639 0.0065 -0.0336 0 30 0 0
0.4639 0.0065 -0.0336 0 30 0 0
0.4639 0.0065 -0.0336 0 30 0 0
0.4639 0.0065 -0.0336 0 30 0 0
0.4639 0.0065 -0.0336 0 30 0 0
0.4639 0.0065 -0.0336 0 30 0 0
0.4659 0.0066 -0.0355 0 30 0 0
0.4659 0.0066 -0.0355 0 30 0 0
0.4659 0.0066 -0.0355 0 30 0 0
0.4699 0.0069 -0.0330 0 30 0 0
0.4598 0.0069 -0.0300 0 30 0 0
0.4759 0.0072 -0.0289 0 30 0 0
0.4759 0.0072 -0.0289 0 30 0 0
0.4759 0.0072 -0.0289 0 30 0 0
0.4759 0.0072 -0.0289 0 30 0 0
0.4759 0.0074 -0.0289 0 30 0 0
0.4639 0.0074 -0.0289 0 30 0 0
0.4639 0.0074 -0.0289 0 30 0 0
0.4639 0.0074 -0.0289 0 30 0 0
0.4799 0.0074 -0.0273 0 30 0 0
0.4799 0.0074 -0.0273 0 30 0 0
0.4799 0.0074 -0.0273 0 30 0 0
0.4799 0.0074 -0.0273 0 30 0 0
0.4799 0.0074 -0.0273 0 30 0 0
0.4799 0.0074 -0.0273 0 30 0 0
0.4759 0.0077 -0.0262 0 30 0 0
0.4759 0.0077 -0.0262 0 30 0 0
0.4759 0.0077 -0.0262 0 30 0 0
0.4759 0.0077 -0.0262 0 30 0 0
0.4759 0.0077 -0.0262 0 30 0 0
0.4759 0.0077 -0.0262 0 30 0 0
0.4759 0.0077 -0.0262 0 30 0 0
0.4759 0.0077 -0.0262 0 30 0 0
0.4759 0.0077 -0.0262 0 30 0 0
0.4759 0.0077 -0.0262 0 30 0 0
0.4759 0.0077 -0.0262 0 30 0 0
0.4859 0.0078 -0.0262 0 30 0 0
0.4819 0.0081 -0.0259 0 30 0 0
0.5020 0.0083 -0.0260 0 30 0 0
0.5020 0.0083 -0.0260 0 30 0 0
0.5020 0.0083 -0.0260 0 30 0 0
0.5020 0.0084 -0.0269 0 30 0 0
0.4900 0.0084 -0.0269 0 30 0 0
0.4900 0.0084 -0.0269 0 30 0 0
0.4900 0.0084 -0.0269 0 30 0 0
0.5000 0.0085 -0.0258 0 30 0 0
0.5000 0.0085 -0.0258 0 30 0 0
0.5000 0.0085 -0.0258 0 30 0 0
0.5000 0.0085 -0.0258 0 30 0 0
0.5000 0.0085 -0.0258 0 30 0 0
0.5000 0.0085 -0.0258 0 30 0 0
0.4659 0.0084 -0.0259 0 30 0 0
0.4659 0.0084 -0.0259 0 30 0 0
0.4659 0.0084 -0.0259 0 30 0 0
0.4659 0.0084 -0.0259 0 30 0 0
0.4659 0.0084 -0.0259 0 30 0 0
0.4659 0.0084 -0.0259 0 30 0 0
0.4659 0.0084 -0.0259 0 30 0 0
0.4659 0.0084 -0.0259 0 30 0 0
0.4659 0.0084 -0.0259 0 30 0 0
0.4659 0.0084 -0.0259 0 30 0 0
0.4839 0.0085 -0.0230 0 30 0 0
0.5060 0.0086 -0.0236 0 30 0 0
0.5060 0.0086 -0.0236 0 30 0 0
0.4920 0.0087 -0.0278 0 30 0 0
0.4920 0.0087 -0.0278 0 30 0 0
0.4920 0.0087 -0.0278 0 30 0 0
0.4920 0.0087 -0.0278 0 30 0 0
0.4719 0.0088 -0.0270 0 30 0 0
0.4719 0.0088 -0.0270 0 30 0 0
0.5000 0.0088 -0.0330 0 30 0 0
0.5000 0.0088 -0.0330 0 30 0 0
0.5000 0.0088 -0.0330 0 30 0 0
0.5000 0.0088 -0.0330 0 30 0 0
0.5000 0.0088 -0.0330 0 30 0 0
0.5000 0.0088 -0.0330 0 30 0 0
0.5000 0.0088 -0.0330 0 30 0 0
0.4980 0.0089 -0.0301 0 30 0 0
0.4980 0.0089 -0.0301 0 30 0 0
0.4980 0.0089 -0.0301 0 30 0 0
0.4980 0.0089 -0.0301 0 30 0 0
0.4980 0.0089 -0.0301 0 30 0 0
0.4839 0.0088 -0.0297 0 30 0 0
0.4839 0.0088 -0.0297 0 30 0 0
0.4839 0.0088 -0.0297 0 30 0 0
0.4940 0.0090 -0.0277 0 30 0 0
0.4940 0.0090 -0.0277 0 30 0 0
0.4940 0.0090 -0.0277 0 30 0 0
0.4940 0.0090 -0.0277 0 30 0 0
0.4940 0.0090 -0.0277 0 30 0 0
0.4799 0.0088 -0.0286 0 30 0 0
0.4799 0.0088 -0.0286 0 30 0 0
0.4799 0.0088 -0.0286 0 30 0 0
0.4799 0.0088 -0.0286 0 30 0 0
0.5020 0.0085 -0.0304 0 30 0 0
0.5020 0.0085 -0.0304 0 30 0 0
0.4859 0.0085 -0.0273 0 30 0 0
0.4859 0.0085 -0.0273 0 30 0 0
0.4859 0.0085 -0.0273 0 30 0 0
0.4859 0.0085 -0.0273 0 30 0 0
0.4859 0.0085 -0.0273 0 30 0 0
0.4859 0.0085 -0.0266 0 30 0 0
0.4839 0.0085 -0.0266 0 30 0 0
0.4839 0.0085 -0.0266 0 30 0 0
0.4839 0.0085 -0.0266 0 30 0 0
0.4839 0.0085 -0.0266 0 30 0 0
0.4639 0.0087 -0.0269 0 30 0 0
0.4639 0.0087 -0.0269 0 30 0 0
0.4639 0.0087 -0.0269 0 30 0 0
0.4639 0.0087 -0.0269 0 30 0 0
0.4739 0.0089 -0.0270 0 30 0 0
0.4739 0.0089 -0.0270 0 30 0 0
0.4739 0.0089 -0.0270 0 30 0 0
0.4739 0.0089 -0.0270 0 30 0 0
0.4739 0.0089 -0.0270 0 30 0 0
0.4739 0.0089 -0.0270 0 30 0 0
0.4699 0.0095 -0.0250 0 30 0 0
0.4699 0.0095 -0.0250 0 30 0 0
0.4699 0.0095 -0.0250 0 30 0 0
0.4699 0.0095 -0.0250 0 30 0 0
0.4699 0.0098 -0.0250 0 30 0 0
0.4739 0.0098 -0.0250 0 30 0 0
0.4739 0.0098 -0.0250 0 30 0 0
0.4598 0.0099 -0.0244 0 30 0 0
0.4598 0.0099 -0.0244 0 30 0 0
0.4598 0.0099 -0.0244 0 30 0 0
0.4598 0.0099 -0.0244 0 30 0 0
0.4598 0.0099 -0.0244 0 30 0 0
0.4699 0.0098 -0.0261 0 30 0 0
0.4699 0.0098 -0.0261 0 30 0 0
0.4699 0.0098 -0.0261 0 30 0 0
0.4699 0.0098 -0.0261 0 30 0 0
0.4779 0.0093 -0.0260 0 30 0 0
0.4779 0.0093 -0.0260 0 30 0 0
0.4779 0.0093 -0.0260 0 30 0 0
0.4839 0.0088 -0.0251 0 30 0 0
0.4839 0.0088 -0.0251 0 30 0 0
0.4839 0.0088 -0.0251 0 30 0 0
0.4839 0.0088 -0.0251 0 0 0 0
0.4859 0.0085 -0.0354 30 0 0 0
0.4859 0.0085 -0.0354 30 0 0 0
0.4920 0.0091 -0.0524 30 0 0 0
0.4799 0.0073 -0.0586 30 0 0 0
0.4558 0.0066 -0.0647 30 0 0 0
0.4558 0.0066 -0.0647 30 0 0 0
0.4799 0.0064 -0.0688 30 0 0 0
0.4799 0.0064 -0.0688 30 0 0 0
0.4578 0.0066 -0.0688 30 0 0 0
0.4639 0.0073 -0.0703 30 0 0 0
0.4739 0.0079 -0.0700 30 0 0 0
0.4739 0.0079 -0.0700 30 0 0 0
0.4739 0.0079 -0.0700 30 0 0 0
0.4739 0.0079 -0.0700 30 0 0 0
0.4739 0.0079 -0.0700 30 0 0 0
0.4739 0.0084 -0.0719 30 0 0 0
0.4739 0.0084 -0.0719 30 0 0 0
0.4739 0.0084 -0.0719 30 0 0 0
0.4739 0.0084 -0.0719 30 0 0 0
0.4739 0.0084 -0.0719 30 0 0 0
0.4739 0.0084 -0.0719 30 0 0 0
0.4839 0.0088 -0.0700 30 0 0 0
0.4839 0.0088 -0.0700 30 0 0 0
0.4839 0.0088 -0.0700 30 0 0 0
0.4839 0.0088 -0.0700 30 0 0 0
0.4839 0.0088 -0.0700 30 0 0 0
0.4839 0.0088 -0.0700 30 0 0 0
0.4839 0.0088 -0.0700 30 0 0 0
0.4839 0.0088 -0.0700 30 0 0 0
0.4839 0.0088 -0.0700 30 0 0 0
0.4839 0.0088 -0.0700 30 0 0 0
0.4839 0.0088 -0.0700 30 0 0 0
0.4839 0.0088 -0.0700 30 0 0 0
0.4659 0.0092 -0.0703 30 0 0 0
0.4659 0.0092 -0.0703 30 0 0 0
0.4578 0.0093 -0.0695 30 0 0 0
0.4880 0.0093 -0.0666 30 0 0 0
0.4880 0.0093 -0.0666 30 0 0 0
0.4880 0.0093 -0.0666 30 0 0 0
0.4940 0.0093 -0.0660 30 0 0 0
0.4940 0.0093 -0.0660 30 0 0 0
0.4940 0.0093 -0.0660 30 0 0 0
0.4940 0.0093 -0.0660 30 0 0 0
0.4799 0.0094 -0.0631 30 0 0 0
0.4799 0.0094 -0.0631 30 0 0 0
0.4799 0.0094 -0.0631 30 0 0 0
0.4799 0.0094 -0.0631 30 0 0 0
0.4859 0.0095 -0.0608 30 0 0 0
0.4859 0.0095 -0.0608 30 0 0 0
0.4859 0.0095 -0.0608 30 0 0 0
0.4859 0.0095 -0.0608 30 0 0 0
0.4859 0.0095 -0.0608 30 0 0 0
0.4880 0.0094 -0.0579 30 0 0 0
0.4880 0.0094 -0.0579 30 0 0 0
0.4880 0.0094 -0.0579 30 0 0 0
0.4880 0.0094 -0.0579 30 0 0 0
0.4880 0.0094 -0.0579 30 0 0 0
0.4960 0.0095 -0.0552 30 0 0 0
0.4960 0.0095 -0.0552 30 0 0 0
0.4960 0.0095 -0.0552 30 0 0 0
0.4960 0.0095 -0.0552 30 0 0 0
0.5201 0.0093 -0.0525 30 0 0 0
0.5201 0.0093 -0.0525 30 0 0 0
0.5201 0.0093 -0.0525 30 0 0 0
0.5201 0.0089 -0.0513 30 0 0 0
0.4719 0.0089 -0.0513 30 0 0 0
0.4719 0.0089 -0.0513 30 0 0 0
0.4719 0.0089 -0.0513 30 0 0 0
0.4719 0.0089 -0.0513 30 0 0 0
0.4719 0.0089 -0.0513 30 0 0 0
0.4940 0.0087 -0.0487 30 0 0 0
0.4940 0.0087 -0.0487 30 0 0 0
0.4940 0.0087 -0.0487 30 0 0 0
0.4900 0.0084 -0.0437 30 0 0 0
0.4900 0.0084 -0.0437 30 0 0 0
0.4900 0.0084 -0.0437 30 0 0 0
0.4900 0.0084 -0.0437 30 0 0 0
0.4900 0.0083 -0.0412 30 0 0 0
0.4819 0.0083 -0.0412 30 0 0 0
0.4819 0.0083 -0.0412 30 0 0 0
0.4819 0.0083 -0.0412 30 0 0 0
0.4819 0.0083 -0.0412 30 0 0 0
0.4960 0.0082 -0.0412 30 0 0 0
0.4960 0.0082 -0.0412 30 0 0 0
0.4960 0.0082 -0.0412 30 0 0 0
0.4960 0.0082 -0.0398 0 0 0 0
0.4558 0.0096 -0.0377 30 0 0 0
0.4618 0.0082 -0.0361 30 0 0 0
0.4618 0.0082 -0.0361 30 0 0 0
0.4598 0.0067 -0.0354 30 0 0 0
0.4940 0.0059 -0.0330 30 0 0 0
0.5020 0.0058 -0.0343 30 0 0 0
0.5020 0.0058 -0.0343 30 0 0 0
0.5020 0.0058 -0.0343 30 0 0 0
0.5020 0.0058 -0.0343 30 0 0 0
0.4880 0.0059 -0.0337 30 0 0 0
0.4880 0.0059 -0.0337 30 0 0 0
0.4980 0.0059 -0.0337 30 0 0 0
0.4980 0.0059 -0.0337 30 0 0 0
0.4980 0.0059 -0.0337 30 0 0 0
0.4980 0.0059 -0.0337 30 0 0 0
0.4739 0.0059 -0.0349 30 0 0 0
0.4739 0.0059 -0.0349 30 0 0 0
0.4739 0.0059 -0.0349 30 0 0 0
0.4739 0.0059 -0.0349 30 0 0 0
0.4900 0.0060 -0.0352 30 0 0 0
0.4900 0.0060 -0.0352 30 0 0 0
0.4900 0.0060 -0.0352 30 0 0 0
0.4900 0.0060 -0.0352 30 0 0 0
0.4900 0.0060 -0.0352 30 0 0 0
0.4759 0.0061 -0.0340 30 0 0 0
0.4759 0.0061 -0.0340 30 0 0 0
0.4759 0.0061 -0.0340 30 0 0 0
0.4759 0.0061 -0.0340 30 0 0 0
0.4759 0.0061 -0.0340 30 0 0 0
0.4759 0.0061 -0.0340 30 0 0 0
0.4618 0.0062 -0.0347 30 0 0 0
0.4618 0.0062 -0.0347 30 0 0 0
0.4618 0.0062 -0.0347 30 0 0 0
0.4759 0.0063 -0.0350 0 0 0 0
0.4900 0.0116 -0.0258 0 0 0 30
0.4960 0.0102 -0.0254 0 0 0 30
0.5000 0.0093 -0.0240 0 0 0 30
0.4819 0.0091 -0.0233 0 0 0 30
0.4900 0.0094 -0.0210 0 0 0 30
0.4980 0.0099 -0.0204 0 0 0 0
0.4839 0.0116 -0.0170 0 0 0 30
0.4859 0.0123 -0.0164 0 0 0 30
0.4920 0.0126 -0.0141 0 0 0 30
0.5020 0.0123 -0.0122 0 0 0 30
0.5020 0.0123 -0.0122 0 0 0 30
0.4799 0.0115 -0.0120 0 0 0 0
0.4618 0.0105 -0.0117 0 0 0 30
0.4618 0.0105 -0.0105 0 0 0 30
0.4839 0.0105 -0.0105 0 0 0 30
0.4960 0.0111 -0.0095 0 0 0 30
0.4839 0.0113 -0.0092 0 0 0 0
0.4940 0.0122 -0.0087 0 0 0 30
0.4839 0.0129 -0.0075 0 0 0 30
0.4920 0.0128 -0.0051 0 0 0 0
0.4699 0.0081 0.7768 30 0 0 0
0.4779 0.0087 0.7784 30 0 0 0
0.4779 0.0087 0.7784 30 0 0 0
0.4880 0.0094 -0.0321 30 0 0 0
0.4779 0.0094 -0.0321 30 0 0 0
0.5040 0.0106 -0.0345 30 0 0 0
0.5040 0.0106 -0.0345 30 0 0 0
0.5040 0.0106 -0.0345 30 0 0 0
0.5000 0.0102 -0.0312 30 0 0 0
0.5000 0.0102 -0.0312 30 0 0 0
0.5000 0.0102 -0.0312 30 0 0 0
0.5020 0.0099 -0.0308 30 0 0 0
0.4940 0.0097 -0.0298 30 0 0 0
0.4940 0.0097 -0.0298 30 0 0 0
0.4940 0.0097 -0.0298 30 0 0 0
0.4940 0.0097 -0.0298 30 0 0 0
0.4940 0.0097 -0.0332 30 0 0 0
0.4739 0.0097 -0.0332 30 0 0 0
0.4739 0.0097 -0.0332 30 0 0 0
0.4739 0.0097 -0.0332 30 0 0 0
0.4799 0.0100 -0.0335 30 0 0 0
0.4799 0.0100 -0.0335 30 0 0 0
0.4799 0.0100 -0.0335 30 0 0 0
0.4799 0.0100 -0.0335 30 0 0 0
0.4799 0.0100 -0.0335 30 0 0 0
0.4779 0.0111 -0.0343 30 0 0 0
0.4779 0.0111 -0.0343 30 0 0 0
0.4779 0.0111 -0.0343 30 0 0 0
0.4779 0.0111 -0.0343 30 0 0 0
0.4779 0.0111 -0.0343 30 0 0 0
0.4779 0.0111 -0.0343 30 0 0 0
0.4699 0.0125 -0.0341 30 0 0 0
0.4699 0.0125 -0.0341 30 0 0 0
0.4699 0.0125 -0.0341 30 0 0 0
0.4699 0.0125 -0.0341 30 0 0 0
0.4699 0.0125 -0.0341 30 0 0 0
0.4699 0.0125 -0.0341 30 0 0 0
0.4699 0.0125 -0.0341 30 0 0 0
0.4699 0.0125 -0.0341 30 0 0 0
0.4779 0.0135 -0.0338 30 0 0 0
0.4779 0.0135 -0.0338 30 0 0 0
0.4920 0.0145 -0.0374 30 0 0 0
0.4920 0.0149 -0.0369 30 0 0 0
0.5060 0.0149 -0.0369 30 0 0 0
0.5060 0.0149 -0.0369 30 0 0 0
0.4980 0.0149 -0.0377 30 0 0 0
0.4980 0.0149 -0.0377 30 0 0 0
0.4980 0.0149 -0.0377 30 0 0 0
0.4980 0.0149 -0.0377 30 0 0 0
0.4980 0.0149 -0.0377 30 0 0 0
0.4980 0.0149 -0.0377 30 0 0 0
0.4940 0.0145 -0.0379 30 0 0 0
0.4940 0.0145 -0.0379 30 0 0 0
0.4940 0.0145 -0.0379 30 0 0 0
0.4940 0.0145 -0.0379 30 0 0 0
0.4940 0.0140 -0.0374 30 0 0 0
0.4839 0.0140 -0.0374 30 0 0 0
0.4839 0.0140 -0.0374 30 0 0 0
0.4859 0.0137 -0.0361 30 0 0 0
0.4859 0.0137 -0.0361 30 0 0 0
0.4859 0.0137 -0.0361 30 0 0 0
0.4859 0.0137 -0.0361 30 0 0 0
0.4859 0.0137 -0.0361 30 0 0 0
0.4980 0.0131 -0.0347 30 0 0 0
0.4980 0.0131 -0.0347 30 0 0 0
0.4980 0.0131 -0.0347 30 0 0 0
0.4980 0.0131 -0.0347 30 0 0 0
0.4980 0.0131 -0.0347 30 0 0 0
0.4980 0.0131 -0.0347 30 0 0 0
0.5221 0.0126 -0.0359 30 0 0 0
0.5221 0.0126 -0.0359 30 0 0 0
0.4880 0.0123 -0.0374 30 0 0 0
0.4880 0.0123 -0.0374 30 0 0 0
0.4880 0.0123 -0.0374 30 0 0 0
0.4880 0.0123 -0.0374 30 0 0 0
0.4880 0.0123 -0.0374 30 0 0 0
0.4880 0.0123 -0.0374 30 0 0 0
0.4920 0.0118 -0.0378 30 0 0 0
0.4920 0.0118 -0.0378 30 0 0 0
0.4920 0.0118 -0.0378 30 0 0 0
0.4920 0.0118 -0.0378 30 0 0 0
0.4920 0.0118 -0.0378 30 0 0 0
0.4880 0.0115 -0.0379 30 0 0 0
0.4880 0.0115 -0.0379 30 0 0 0
0.4880 0.0115 -0.0379 30 0 0 0
0.4859 0.0112 -0.0386 30 0 0 0
0.4859 0.0112 -0.0386 0 0 0 0
0.4960 0.0102 -0.0391 30 0 0 0
0.5080 0.0102 -0.0391 30 0 0 0
0.4739 0.0097 -0.0381 30 0 0 0
0.4880 0.0087 -0.0373 30 0 0 0
0.4859 0.0073 -0.0368 30 0 0 0
0.4859 0.0067 -0.0354 30 0 0 0
0.4940 0.0065 -0.0359 30 0 0 0
0.4940 0.0065 -0.0359 30 0 0 0
0.4940 0.0065 -0.0359 30 0 0 0
0.4940 0.0065 -0.0359 30 0 0 0
0.4679 0.0066 -0.0369 30 0 0 0
0.4679 0.0066 -0.0369 30 0 0 0
0.4679 0.0066 -0.0369 30 0 0 0
0.4679 0.0066 -0.0369 0 0 0 0
0.4920 0.0063 -0.0364 30 0 0 0
0.4759 0.0065 -0.0389 30 0 0 0
0.4900 0.0066 -0.0371 30 0 0 0
0.4900 0.0066 -0.0371 30 0 0 0
0.4739 0.0066 -0.0363 30 0 0 0
0.4739 0.0066 -0.0363 30 0 0 0
0.4739 0.0066 -0.0363 30 0 0 0
0.4799 0.0068 -0.0373 30 0 0 0
0.4799 0.0068 -0.0373 30 0 0 0
0.4799 0.0068 -0.0373 30 0 0 0
0.4799 0.0068 -0.0373 30 0 0 0
0.4799 0.0068 -0.0373 30 0 0 0
0.4799 0.0068 -0.0373 30 0 0 0
0.4779 0.0066 -0.0392 30 0 0 0
0.4880 0.0064 -0.0403 30 0 0 0
0.4880 0.0064 -0.0403 30 0 0 0
0.4880 0.0064 -0.0403 30 0 0 0
0.4880 0.0064 -0.0403 0 0 0 0
0.4779 0.0094 -0.0499 30 0 0 0
0.4839 0.0089 -0.0510 30 0 0 0
0.4839 0.0089 -0.0510 30 0 0 0
0.4920 0.0081 -0.0524 30 0 0 0
0.4819 0.0076 -0.0542 30 0 0 0
0.4900 0.0075 -0.0535 30 0 0 0
0.4900 0.0089 -0.0556 30 0 0 0
0.4900 0.0089 -0.0556 30 0 0 0
0.4900 0.0091 -0.0540 30 0 0 0
0.4900 0.0091 -0.0540 30 0 0 0
0.4900 0.0091 -0.0540 30 0 0 0
0.4900 0.0087 -0.0521 30 0 0 0
0.4900 0.0087 -0.0521 30 0 0 0
0.4900 0.0087 -0.0521 30 0 0 0
0.4900 0.0087 -0.0521 30 0 0 0
0.4900 0.0087 -0.0521 30 0 0 0
0.4900 0.0087 -0.0521 0 0 0 0
0.4940 0.0070 -0.0301 -30 0 0 0
0.4880 0.0070 -0.0301 -30 0 0 0
0.5000 0.0068 -0.0312 -30 0 0 0
0.5040 0.0066 -0.0318 -30 0 0 0
0.5040 0.0063 -0.0344 -30 0 0 0
0.4980 0.0063 -0.0344 -30 0 0 0
0.4880 0.0065 -0.0355 -30 0 0 0
0.4859 0.0068 -0.0395 -30 0 0 0
0.4759 0.0070 -0.0395 -30 0 0 0
0.4759 0.0070 -0.0395 -30 0 0 0
0.4759 0.0071 -0.0383 -30 0 0 0
0.4719 0.0071 -0.0383 -30 0 0 0
0.4719 0.0071 -0.0383 -30 0 0 0
0.4719 0.0071 -0.0383 -30 0 0 0
0.4719 0.0071 -0.0383 0 0 0 0
0.4880 0.0074 -0.0354 -30 0 0 0
0.4679 0.0076 -0.0366 -30 0 0 0
0.4759 0.0075 -0.0366 -30 0 0 0
0.4719 0.0075 -0.0363 -30 0 0 0
0.4719 0.0075 -0.0363 -30 0 0 0
0.4759 0.0076 -0.0372 -30 0 0 0
0.4759 0.0076 -0.0372 -30 0 0 0
0.4759 0.0076 -0.0372 -30 0 0 0
0.4759 0.0076 -0.0372 -30 0 0 0
0.4759 0.0076 -0.0372 -30 0 0 0
0.4719 0.0078 -0.0379 -30 0 0 0
0.4719 0.0078 -0.0379 -30 0 0 0
0.4719 0.0078 -0.0379 -30 0 0 0
0.4719 0.0078 -0.0379 -30 0 0 0
0.4719 0.0078 -0.0379 -30 0 0 0
0.4719 0.0078 -0.0379 -30 0 0 0
0.4719 0.0078 -0.0379 -30 0 0 0
0.4699 0.0080 -0.0377 -30 0 0 0
0.4699 0.0080 -0.0377 -30 0 0 0
0.4699 0.0080 -0.0377 -30 0 0 0
0.4679 0.0081 -0.0374 -30 0 0 0
0.4679 0.0081 -0.0374 -30 0 0 0
0.4679 0.0081 -0.0374 -30 0 0 0
0.4699 0.0080 -0.0368 -30 0 0 0
0.4699 0.0080 -0.0368 -30 0 0 0
0.4699 0.0080 -0.0368 -30 0 0 0
0.4699 0.0080 -0.0368 0 0 0 0
0.4679 0.0061 -0.0369 0 0 0 30
0.4679 0.0066 -0.0358 0 0 0 30
0.4679 0.0066 -0.0358 0 0 0 30
0.4739 0.0095 -0.0348 0 0 0 30
0.4940 0.0114 -0.0365 0 0 0 0
0.4900 0.0103 -0.0374 0 0 0 30
0.4859 0.0097 -0.0398 0 0 0 30
0.4839 0.0094 -0.0414 0 0 0 30
0.4839 0.0094 -0.0414 0 0 0 30
0.4699 0.0092 -0.0424 0 0 0 30
0.4719 0.0087 -0.0449 0 0 0 30
0.4719 0.0071 -0.0435 0 0 0 0
0.4940 0.0059 -0.0317 -30 0 0 0
0.4618 0.0059 -0.0317 -30 0 0 0
0.4819 0.0062 -0.0273 -30 0 0 0
0.5040 0.0066 -0.0292 -30 0 0 0
0.4859 0.0077 -0.0266 -30 0 0 0
0.4880 0.0113 -0.0191 -30 0 0 0
0.4880 0.0113 -0.0191 -30 0 0 0
0.5100 0.0117 -0.0153 -30 0 0 0
0.4859 0.0117 -0.0148 -30 0 0 0
0.4859 0.0117 -0.0148 -30 0 0 0
0.4859 0.0111 -0.0173 -30 0 0 0
0.4859 0.0111 -0.0173 -30 0 0 0
0.4859 0.0111 -0.0173 0 0 0 0
0.4759 0.0100 -0.0197 -30 0 0 0
0.4880 0.0096 -0.0219 -30 0 0 0
0.4659 0.0095 -0.0230 -30 0 0 0
0.4779 0.0092 -0.0216 -30 0 0 0
0.5000 0.0086 -0.0211 -30 0 0 0
0.5000 0.0086 -0.0211 -30 0 0 0
0.5000 0.0086 -0.0211 -30 0 0 0
0.5000 0.0086 -0.0211 -30 0 0 0
0.5000 0.0086 -0.0211 -30 0 0 0
0.5000 0.0086 -0.0211 -30 0 0 0
0.5000 0.0086 -0.0211 -30 0 0 0
0.5000 0.0086 -0.0211 -30 0 0 0
0.5000 0.0086 -0.0211 -30 0 0 0
0.5000 0.0086 -0.0211 -30 0 0 0
0.4799 0.0083 -0.0189 0 0 0 0
0.4819 0.0088 -0.0230 -30 0 0 0
0.4799 0.0088 -0.0230 -30 0 0 0
0.4779 0.0078 -0.0236 -30 0 0 0
0.4779 0.0078 -0.0236 -30 0 0 0
0.4578 0.0077 -0.0230 -30 0 0 0
0.4880 0.0095 -0.0201 -30 0 0 0
0.4880 0.0095 -0.0201 -30 0 0 0
0.4819 0.0100 -0.0198 -30 0 0 0
0.4779 0.0104 -0.0209 -30 0 0 0
0.4779 0.0104 -0.0209 -30 0 0 0
0.4779 0.0104 -0.0209 -30 0 0 0
0.4639 0.0104 -0.0224 -30 0 0 0
0.4639 0.0104 -0.0224 -30 0 0 0
0.4639 0.0104 -0.0224 -30 0 0 0
0.4639 0.0104 -0.0224 0 0 0 0
