0.4780 -0.1619 -0.0067 0 0 -10 0
0.4840 -0.1617 -0.0067 0 0 -10 0
0.4740 -0.1617 -0.0071 0 0 -10 0
0.4780 -0.1618 -0.0090 0 0 -10 0
0.4820 -0.1620 -0.0094 0 0 -10 0
0.4880 -0.1620 -0.0089 0 0 -10 0
0.4880 -0.1618 -0.0092 0 0 -10 0
0.4720 -0.1618 -0.0092 0 0 -10 0
0.4660 -0.1621 -0.0085 0 0 -10 0
0.4660 -0.1617 -0.0090 0 0 -10 0
0.4720 -0.1616 -0.0071 0 0 -10 0
0.4720 -0.1616 -0.0071 0 0 -10 0
0.4580 -0.1616 -0.0080 0 0 -10 0
0.4740 -0.1616 -0.0067 0 0 -10 0
0.4740 -0.1616 -0.0067 0 0 -10 0
0.4880 -0.1608 -0.0081 0 0 -10 0
0.4880 -0.1608 -0.0081 0 0 -10 0
0.4940 -0.1604 -0.0069 0 0 -10 0
0.4740 -0.1599 -0.0054 0 0 -10 0
0.4560 -0.1593 -0.0039 0 0 -10 0
0.4560 -0.1583 -0.0046 0 0 -10 0
0.4820 -0.1583 -0.0046 0 0 -10 0
0.4700 -0.1579 -0.0049 0 0 -10 0
0.4780 -0.1573 -0.0027 0 0 -10 0
0.4620 -0.1569 -0.0022 0 0 -10 0
0.4920 -0.1566 -0.0018 0 0 -10 0
0.4800 -0.1562 -0.0014 0 0 -10 0
0.4800 -0.1562 -0.0014 0 0 -10 0
0.4840 -0.1559 -0.0011 0 0 -10 0
0.4840 -0.1548 -0.0018 0 0 -10 0
0.5040 -0.1545 -0.0018 0 0 -10 0
0.4760 -0.1539 -0.0006 0 0 -10 0
0.5000 -0.1539 -0.0010 0 0 -10 0
0.5060 -0.1536 -0.0008 0 0 -10 0
0.5060 -0.1533 -0.0006 0 0 -10 0
0.5140 -0.1526 -0.0029 0 0 -10 0
0.5200 -0.1523 -0.0034 0 0 -10 0
0.5120 -0.1514 -0.0045 0 0 -10 0
0.5120 -0.1514 -0.0045 0 0 -10 0
0.5200 -0.1504 -0.0047 0 0 -10 0
0.4960 -0.1497 -0.0031 0 0 -10 0
0.5180 -0.1493 -0.0033 0 0 -10 0
0.5120 -0.1495 -0.0033 0 0 -10 0
0.5140 -0.1497 -0.0018 0 0 -10 0
0.5140 -0.1497 -0.0018 0 0 -10 0
0.5260 -0.1495 -0.0013 0 0 -10 0
0.5340 -0.1490 -0.0052 0 0 -10 0
0.5160 -0.1483 -0.0039 0 0 -10 0
0.5060 -0.1479 -0.0045 0 0 -10 0
0.5180 -0.1477 -0.0045 0 0 -10 0
0.5180 -0.1477 -0.0045 0 0 -10 0
0.5100 -0.1476 -0.0036 0 0 -10 0
0.5180 -0.1470 -0.0020 0 0 -10 0
0.5120 -0.1467 -0.0001 0 0 -10 0
0.5240 -0.1461 -0.0000 0 0 -10 0
0.5240 -0.1461 -0.0000 0 0 -10 0
0.5320 -0.1456 -0.0005 0 0 -10 0
0.5320 -0.1456 -0.0005 0 0 -10 0
0.5320 -0.1454 0.0002 0 0 -10 0
0.5320 -0.1452 0.0000 0 0 -10 0
0.5220 -0.1444 -0.0005 0 0 -10 0
0.5440 -0.1440 -0.0007 0 0 -10 0
0.5440 -0.1440 -0.0007 0 0 -10 0
0.5380 -0.1435 -0.0008 0 0 -10 0
0.5120 -0.1431 -0.0009 0 0 -10 0
0.5320 -0.1428 -0.0014 0 0 -10 0
0.5240 -0.1424 -0.0018 0 0 -10 0
0.5240 -0.1424 -0.0018 0 0 -10 0
0.5160 -0.1415 -0.0021 0 0 -10 0
0.5240 -0.1412 -0.0014 0 0 -10 0
0.5200 -0.1407 -0.0022 0 0 -10 0
0.5340 -0.1402 -0.0053 0 0 -10 0
0.5380 -0.1398 -0.0054 0 0 -10 0
0.5380 -0.1391 -0.0050 0 0 -10 0
0.5340 -0.1388 -0.0082 0 0 -10 0
0.5380 -0.1386 -0.0093 0 0 -10 0
0.5080 -0.1382 -0.0066 0 0 -10 0
0.5080 -0.1382 -0.0066 0 0 -10 0
0.5340 -0.1382 -0.0058 0 0 -10 0
0.5060 -0.1381 -0.0056 0 0 -10 0
0.5060 -0.1381 -0.0056 0 0 -10 0
0.5060 -0.1375 -0.0032 0 0 -10 0
0.5180 -0.1375 -0.0041 0 0 -10 0
0.5100 -0.1372 -0.0041 0 0 -10 0
0.5400 -0.1366 -0.0048 0 0 -10 0
0.5380 -0.1358 -0.0063 0 0 -10 0
0.5380 -0.1351 -0.0067 0 0 -10 0
0.5460 -0.1351 -0.0067 0 0 -10 0
0.5340 -0.1340 -0.0056 0 0 -10 0
0.5480 -0.1340 -0.0054 0 0 -10 0
0.5480 -0.1340 -0.0054 0 0 -10 0
0.5140 -0.1341 -0.0073 0 0 -10 0
0.5200 -0.1346 -0.0073 0 0 -10 0
0.5200 -0.1346 -0.0073 0 0 -10 0
0.5440 -0.1340 -0.0072 0 0 -10 0
0.5320 -0.1331 -0.0061 0 0 -10 0
0.5300 -0.1322 -0.0063 0 0 -10 0
0.5320 -0.1316 -0.0070 0 0 -10 0
0.5500 -0.1316 -0.0071 0 0 -10 0
0.5400 -0.1317 -0.0060 0 0 -10 0
0.5380 -0.1315 -0.0060 0 0 -10 0
0.5320 -0.1308 -0.0062 0 0 -10 0
0.5500 -0.1304 -0.0102 0 0 -10 0
0.5640 -0.1301 -0.0107 0 0 -10 0
0.5480 -0.1299 -0.0098 0 0 -10 0
0.5460 -0.1293 -0.0099 0 0 -10 0
0.5260 -0.1288 -0.0129 0 0 -10 0
0.5260 -0.1288 -0.0129 0 0 -10 0
0.5480 -0.1285 -0.0130 0 0 -10 0
0.5620 -0.1284 -0.0117 0 0 -10 0
0.5620 -0.1283 -0.0113 0 0 -10 0
0.5620 -0.1283 -0.0113 0 0 -10 0
0.5480 -0.1279 -0.0118 0 0 -10 0
0.5620 -0.1275 -0.0125 0 0 -10 0
0.5400 -0.1274 -0.0119 0 0 -10 0
0.5480 -0.1269 -0.0104 0 0 -10 0
0.5580 -0.1266 -0.0097 0 0 -10 0
0.5580 -0.1266 -0.0097 0 0 -10 0
0.5520 -0.1254 -0.0110 0 0 -10 0
0.5720 -0.1246 -0.0113 0 0 -10 0
0.5400 -0.1243 -0.0112 0 0 -10 0
0.5720 -0.1243 -0.0112 0 0 -10 0
0.5720 -0.1241 -0.0100 0 0 -10 0
0.5380 -0.1241 -0.0100 0 0 -10 0
0.5440 -0.1236 -0.0094 0 0 -10 0
0.5640 -0.1227 -0.0091 0 0 -10 0
0.5640 -0.1227 -0.0091 0 0 -10 0
0.5320 -0.1219 -0.0090 0 0 -10 0
0.5520 -0.1215 -0.0090 0 0 -10 0
0.5740 -0.1210 -0.0088 0 0 -10 0
0.5720 -0.1212 -0.0087 0 0 -10 0
0.5560 -0.1210 -0.0089 0 0 -10 0
0.5560 -0.1210 -0.0089 0 0 -10 0
0.5680 -0.1208 -0.0086 0 0 -10 0
0.5660 -0.1201 -0.0083 0 0 -10 0
0.5720 -0.1193 -0.0085 0 0 -10 0
0.5460 -0.1190 -0.0084 0 0 -10 0
0.5460 -0.1190 -0.0084 0 0 -10 0
0.5660 -0.1182 -0.0081 0 0 -10 0
0.5660 -0.1182 -0.0081 0 0 -10 0
0.5560 -0.1179 -0.0077 0 0 -10 0
0.5540 -0.1182 0.0055 0 0 -10 0
0.5540 -0.1182 0.0055 0 0 -10 0
0.5580 -0.1179 0.0057 0 0 -10 0
0.5680 -0.1175 0.0030 0 0 -10 0
0.5600 -0.1170 0.0034 0 0 -10 0
0.5640 -0.1163 0.0026 0 0 -10 0
0.5560 -0.1162 0.0002 0 0 -10 0
0.5560 -0.1162 0.0002 0 0 -10 0
0.5740 -0.1159 -0.0004 0 0 -10 0
0.5560 -0.1154 -0.0002 0 0 -10 0
0.5460 -0.1147 -0.0017 0 0 -10 0
0.5540 -0.1142 -0.0029 0 0 -10 0
0.5520 -0.1140 -0.0028 0 0 -10 0
0.5420 -0.1137 -0.0022 0 0 -10 0
0.5600 -0.1140 -0.0044 0 0 -10 0
0.5680 -0.1138 -0.0047 0 0 -10 0
0.5680 -0.1138 -0.0047 0 0 -10 0
0.5540 -0.1129 -0.0046 0 0 -10 0
0.5600 -0.1122 -0.0055 0 0 -10 0
0.5480 -0.1118 -0.0055 0 0 -10 0
0.5700 -0.1114 -0.0056 0 0 -10 0
0.5700 -0.1111 -0.0075 0 0 -10 0
0.5460 -0.1107 -0.0077 0 0 -10 0
0.5460 -0.1107 -0.0077 0 0 -10 0
0.5500 -0.1107 -0.0077 0 0 -10 0
0.5600 -0.1107 -0.0077 0 0 -10 0
0.5600 -0.1104 -0.0084 0 0 -10 0
0.5600 -0.1104 -0.0084 0 0 -10 0
0.5800 -0.1096 -0.0077 0 0 -10 0
0.5600 -0.1091 -0.0068 0 0 -10 0
0.5640 -0.1086 -0.0058 0 0 -10 0
0.5660 -0.1087 -0.0060 0 0 -10 0
0.5660 -0.1087 -0.0060 0 0 -10 0
0.5900 -0.1074 -0.0052 0 0 -10 0
0.5840 -0.1065 -0.0065 0 0 -10 0
0.5840 -0.1054 -0.0050 0 0 -10 0
0.5840 -0.1054 -0.0050 0 0 -10 0
0.5720 -0.1054 -0.0055 0 0 -10 0
0.5700 -0.1051 -0.0050 0 0 -10 0
0.5760 -0.1041 -0.0046 0 0 -10 0
0.5760 -0.1041 -0.0046 0 0 -10 0
0.5800 -0.1031 -0.0058 0 0 -10 0
0.5800 -0.1031 -0.0058 0 0 -10 0
0.5940 -0.1028 -0.0059 0 0 -10 0
0.5800 -0.1023 -0.0038 0 0 -10 0
0.5780 -0.1021 -0.0040 0 0 -10 0
0.5840 -0.1017 -0.0038 0 0 -10 0
0.5860 -0.1016 -0.0038 0 0 -10 0
0.5920 -0.1013 -0.0036 0 0 -10 0
0.5780 -0.1011 -0.0057 0 0 -10 0
0.5780 -0.1007 -0.0047 0 0 -10 0
0.5980 -0.1007 -0.0047 0 0 -10 0
0.6060 -0.1001 -0.0038 0 0 -10 0
0.6180 -0.0997 -0.0033 0 0 -10 0
0.6000 -0.0995 -0.0043 0 0 -10 0
0.6000 -0.0994 -0.0039 0 0 -10 0
0.6000 -0.0994 -0.0039 0 0 -10 0
0.5940 -0.0990 -0.0042 0 0 -10 0
0.6040 -0.0990 -0.0043 0 0 -10 0
0.5820 -0.0988 -0.0061 0 0 -10 0
0.6140 -0.0985 -0.0065 0 0 -10 0
0.5920 -0.0983 -0.0058 0 0 -10 0
0.5980 -0.0982 -0.0055 0 0 -10 0
0.5980 -0.0982 -0.0055 0 0 -10 0
0.5980 -0.0978 -0.0066 0 0 -10 0
0.6060 -0.0975 -0.0063 0 0 -10 0
0.6080 -0.0966 -0.0057 0 0 -10 0
0.5980 -0.0961 -0.0051 0 0 -10 0
0.6020 -0.0961 -0.0053 0 0 -10 0
0.6200 -0.0960 -0.0044 0 0 -10 0
0.5860 -0.0957 -0.0050 0 0 -10 0
0.6200 -0.0953 -0.0050 0 0 -10 0
0.6000 -0.0951 -0.0054 0 0 -10 0
0.6000 -0.0951 -0.0054 0 0 -10 0
0.6080 -0.0945 -0.0043 0 0 -10 0
0.6060 -0.0941 -0.0046 0 0 -10 0
0.6180 -0.0936 -0.0062 0 0 -10 0
0.6120 -0.0928 -0.0064 0 0 -10 0
0.6320 -0.0920 -0.0069 0 0 -10 0
0.6200 -0.0917 -0.0075 0 0 -10 0
0.6200 -0.0917 -0.0075 0 0 -10 0
0.6280 -0.0916 -0.0090 0 0 -10 0
0.6100 -0.0916 -0.0098 0 0 -10 0
0.6240 -0.0908 -0.0076 0 0 -10 0
0.5960 -0.0901 -0.0070 0 0 -10 0
0.5960 -0.0892 -0.0075 0 0 -10 0
0.6280 -0.0885 -0.0070 0 0 -10 0
0.6280 -0.0885 -0.0070 0 0 -10 0
0.6080 -0.0882 -0.0068 0 0 -10 0
0.6260 -0.0881 -0.0077 0 0 -10 0
0.6160 -0.0879 -0.0081 0 0 -10 0
0.6160 -0.0879 -0.0081 0 0 -10 0
0.6100 -0.0880 -0.0068 0 0 -10 0
0.6280 -0.0875 -0.0074 0 0 -10 0
0.6340 -0.0870 -0.0092 0 0 -10 0
0.6420 -0.0869 -0.0089 0 0 -10 0
0.6320 -0.0867 -0.0103 0 0 -10 0
0.6240 -0.0866 -0.0104 0 0 -10 0
0.6100 -0.0856 -0.0106 0 0 -10 0
0.6100 -0.0856 -0.0106 0 0 -10 0
0.6460 -0.0848 -0.0110 0 0 -10 0
0.6460 -0.0848 -0.0110 0 0 -10 0
0.6420 -0.0844 -0.0114 0 0 -10 0
0.6280 -0.0838 -0.0113 0 0 -10 0
0.6360 -0.0832 -0.0120 0 0 -10 0
0.6280 -0.0826 -0.0123 0 0 -10 0
0.6180 -0.0819 -0.0126 0 0 -10 0
0.6180 -0.0819 -0.0126 0 0 -10 0
0.6320 -0.0812 -0.0115 0 0 -10 0
0.6120 -0.0812 -0.0103 0 0 -10 0
0.6440 -0.0808 -0.0104 0 0 -10 0
0.6440 -0.0808 -0.0104 0 0 -10 0
0.6180 -0.0795 -0.0093 0 0 -10 0
0.6520 -0.0791 -0.0094 0 0 -10 0
0.6520 -0.0791 -0.0094 0 0 -10 0
0.6480 -0.0790 -0.0081 0 0 -10 0
0.6600 -0.0784 -0.0084 0 0 -10 0
0.6540 -0.0783 -0.0086 0 0 -10 0
0.6540 -0.0783 -0.0086 0 0 -10 0
0.6620 -0.0775 -0.0074 0 0 -10 0
0.6620 -0.0775 -0.0074 0 0 -10 0
0.6580 -0.0762 -0.0058 0 0 -10 0
0.6580 -0.0749 -0.0050 0 0 -10 0
0.6780 -0.0747 -0.0055 0 0 -10 0
0.6780 -0.0747 -0.0055 0 0 -10 0
0.6720 -0.0744 -0.0049 0 0 -10 0
0.6540 -0.0744 -0.0063 0 0 -10 0
0.6460 -0.0748 -0.0040 0 0 -10 0
0.6460 -0.0748 -0.0040 0 0 -10 0
0.6740 -0.0744 -0.0037 0 0 -10 0
0.6680 -0.0742 -0.0041 0 0 -10 0
0.6680 -0.0742 -0.0041 0 0 -10 0
0.6800 -0.0738 -0.0040 0 0 -10 0
0.6760 -0.0730 -0.0046 0 0 -10 0
0.6800 -0.0727 -0.0055 0 0 -10 0
0.6800 -0.0727 -0.0055 0 0 -10 0
0.6800 -0.0722 -0.0057 0 0 -10 0
0.6860 -0.0719 -0.0037 0 0 -10 0
0.6640 -0.0717 -0.0040 0 0 -10 0
0.6900 -0.0706 -0.0038 0 0 -10 0
0.7020 -0.0702 -0.0042 0 0 -10 0
0.6680 -0.0701 -0.0005 0 0 -10 0
0.6680 -0.0701 -0.0005 0 0 -10 0
0.6840 -0.0694 -0.0003 0 0 -10 0
0.6840 -0.0694 -0.0003 0 0 -10 0
0.6520 -0.0689 -0.0005 0 0 -10 0
0.6900 -0.0680 0.0009 0 0 -10 0
0.6660 -0.0675 -0.0009 0 0 -10 0
0.6820 -0.0671 -0.0002 0 0 -10 0
0.6820 -0.0671 -0.0002 0 0 -10 0
0.6840 -0.0662 0.0003 0 0 -10 0
0.6780 -0.0662 0.0003 0 0 -10 0
0.6800 -0.0663 -0.0004 0 0 -10 0
0.6900 -0.0661 -0.0011 0 0 -10 0
0.6720 -0.0650 -0.0011 0 0 -10 0
0.6720 -0.0650 -0.0011 0 0 -10 0
0.6900 -0.0645 -0.0030 0 0 -10 0
0.6980 -0.0639 -0.0020 0 0 -10 0
0.6940 -0.0639 0.0014 0 0 -10 0
0.6940 -0.0635 0.0012 0 0 -10 0
0.6940 -0.0635 0.0012 0 0 -10 0
0.6940 -0.0631 0.0044 0 0 -10 0
0.6940 -0.0624 0.0038 0 0 -10 0
0.6760 -0.0621 0.0053 0 0 -10 0
0.6760 -0.0613 0.0047 0 0 -10 0
0.6920 -0.0613 0.0047 0 0 -10 0
0.7020 -0.0610 0.0054 0 0 -10 0
0.7220 -0.0607 0.0052 0 0 -10 0
0.7220 -0.0603 0.0028 0 0 -10 0
0.7140 -0.0603 0.0028 0 0 -10 0
0.6960 -0.0599 0.0021 0 0 -10 0
0.6960 -0.0599 0.0021 0 0 -10 0
0.6840 -0.0596 0.0018 0 0 -10 0
0.7100 -0.0591 0.0010 0 0 -10 0
0.6880 -0.0588 0.0007 0 0 -10 0
0.6940 -0.0581 0.0021 0 0 -10 0
0.6940 -0.0581 0.0021 0 0 -10 0
0.7060 -0.0573 0.0019 0 0 -10 0
0.7100 -0.0573 0.0019 0 0 -10 0
0.6880 -0.0571 0.0016 0 0 -10 0
0.7100 -0.0563 0.0021 0 0 -10 0
0.7060 -0.0560 0.0013 0 0 -10 0
0.7060 -0.0560 0.0013 0 0 -10 0
0.7320 -0.0562 0.0028 0 0 -10 0
0.7000 -0.0557 0.0031 0 0 -10 0
0.7040 -0.0552 0.0033 0 0 -10 0
0.7040 -0.0542 0.0022 0 0 -10 0
0.7040 -0.0542 0.0022 0 0 -10 0
0.6800 -0.0534 0.0009 0 0 -10 0
0.6900 -0.0532 0.0013 0 0 -10 0
0.6960 -0.0528 -0.0008 0 0 -10 0
0.7020 -0.0523 -0.0012 0 0 -10 0
0.7020 -0.0523 -0.0012 0 0 -10 0
0.6940 -0.0516 -0.0004 0 0 -10 0
0.6980 -0.0511 -0.0020 0 0 -10 0
0.6980 -0.0511 -0.0020 0 0 -10 0
0.6780 -0.0516 -0.0004 0 0 -10 0
0.6720 -0.0518 -0.0007 0 0 -10 0
0.6820 -0.0517 -0.0004 0 0 -10 0
0.7200 -0.0509 -0.0006 0 0 -10 0
0.7200 -0.0509 -0.0006 0 0 -10 0
0.7120 -0.0502 -0.0012 0 0 -10 0
0.6920 -0.0495 -0.0016 0 0 -10 0
0.7020 -0.0480 -0.0018 0 0 -10 0
0.7020 -0.0480 -0.0018 0 0 -10 0
0.6880 -0.0475 -0.0016 0 0 -10 0
0.6860 -0.0475 -0.0012 0 0 -10 0
0.6940 -0.0471 -0.0030 0 0 -10 0
0.6940 -0.0471 -0.0030 0 0 -10 0
0.6840 -0.0461 -0.0033 0 0 -10 0
0.6840 -0.0461 -0.0033 0 0 -10 0
0.7000 -0.0451 -0.0031 0 0 -10 0
0.6960 -0.0449 -0.0044 0 0 -10 0
0.7000 -0.0446 -0.0049 0 0 -10 0
0.7000 -0.0446 -0.0049 0 0 -10 0
0.6920 -0.0443 -0.0045 0 0 -10 0
0.7000 -0.0441 -0.0051 0 0 -10 0
0.6940 -0.0437 -0.0050 0 0 -10 0
0.6980 -0.0431 -0.0042 0 0 -10 0
0.7020 -0.0426 -0.0043 0 0 -10 0
0.7020 -0.0423 -0.0059 0 0 -10 0
0.7020 -0.0423 -0.0059 0 0 -10 0
0.7080 -0.0421 -0.0064 0 0 -10 0
0.6980 -0.0419 -0.0070 0 0 -10 0
0.7140 -0.0415 -0.0073 0 0 -10 0
0.7140 -0.0415 -0.0073 0 0 -10 0
0.6940 -0.0407 -0.0077 0 0 -10 0
0.7000 -0.0403 -0.0079 0 0 -10 0
0.7000 -0.0403 -0.0079 0 0 -10 0
0.7120 -0.0391 -0.0093 0 0 -10 0
0.7000 -0.0383 -0.0085 0 0 -10 0
0.7000 -0.0379 -0.0089 0 0 -10 0
0.7040 -0.0373 -0.0084 0 0 -10 0
0.6980 -0.0371 -0.0086 0 0 -10 0
0.6960 -0.0368 -0.0092 0 0 -10 0
0.7100 -0.0365 -0.0099 0 0 -10 0
0.6960 -0.0361 -0.0101 0 0 -10 0
0.7000 -0.0356 -0.0086 0 0 -10 0
0.7200 -0.0354 -0.0086 0 0 -10 0
0.7120 -0.0355 -0.0090 0 0 -10 0
0.7120 -0.0355 -0.0090 0 0 -10 0
0.7240 -0.0347 -0.0084 0 0 -10 0
0.7040 -0.0343 -0.0080 0 0 -10 0
0.7220 -0.0343 -0.0081 0 0 -10 0
0.7060 -0.0336 -0.0075 0 0 -10 0
0.7180 -0.0334 -0.0068 0 0 -10 0
0.7040 -0.0331 -0.0059 0 0 -10 0
0.7020 -0.0329 -0.0053 0 0 -10 0
0.7020 -0.0329 -0.0058 0 0 -10 0
0.7320 -0.0331 -0.0058 0 0 -10 0
0.7060 -0.0328 -0.0048 0 0 -10 0
0.7160 -0.0321 -0.0045 0 0 -10 0
0.7160 -0.0321 -0.0045 0 0 -10 0
0.7180 -0.0314 -0.0047 0 0 -10 0
0.7360 -0.0309 -0.0047 0 0 -10 0
0.7500 -0.0304 -0.0048 0 0 -10 0
0.7300 -0.0299 -0.0043 0 0 -10 0
0.7300 -0.0299 -0.0043 0 0 -10 0
0.7160 -0.0290 -0.0047 0 0 -10 0
0.7260 -0.0288 -0.0029 0 0 -10 0
0.7320 -0.0286 -0.0036 0 0 -10 0
0.7460 -0.0281 -0.0031 0 0 -10 0
0.7400 -0.0272 -0.0034 0 0 -10 0
0.7400 -0.0272 -0.0034 0 0 -10 0
0.7240 -0.0270 -0.0029 0 0 -10 0
0.7500 -0.0267 -0.0030 0 0 -10 0
0.7120 -0.0261 0.0041 0 0 -10 0
0.7300 -0.0255 0.0040 0 0 -10 0
0.7300 -0.0255 0.0040 0 0 -10 0
0.7380 -0.0258 0.0045 0 0 -10 0
0.7380 -0.0256 0.0031 0 0 -10 0
0.7440 -0.0254 0.0032 0 0 -10 0
0.7440 -0.0254 0.0032 0 0 -10 0
0.7200 -0.0253 0.0035 0 0 -10 0
0.7200 -0.0247 0.0088 0 0 -10 0
0.7240 -0.0247 0.0088 0 0 -10 0
0.7420 -0.0239 0.0094 0 0 -10 0
0.7480 -0.0230 0.0083 0 0 -10 0
0.7640 -0.0221 0.0083 0 0 -10 0
0.7300 -0.0220 0.0026 0 0 -10 0
0.7420 -0.0219 0.0018 0 0 0 0
0.7220 -0.0204 0.0018 0 0 -10 0
0.7400 -0.0185 -0.0011 0 0 -10 0
0.7540 -0.0179 0.0023 0 0 -10 0
0.7380 -0.0178 0.0017 0 0 0 0
0.7260 -0.0178 0.0022 0 0 -10 0
0.7480 -0.0178 0.0007 0 0 -10 0
0.7480 -0.0178 0.0007 0 0 -10 0
0.7520 -0.0176 -0.0040 0 0 -10 0
0.7380 -0.0171 -0.0028 0 0 -10 0
0.7620 -0.0162 -0.0029 0 0 -10 0
0.7480 -0.0160 -0.0031 0 0 -10 0
0.7540 -0.0155 -0.0038 0 0 -10 0
0.7540 -0.0155 -0.0038 0 0 -10 0
0.7420 -0.0159 -0.0012 0 0 -10 0
0.7420 -0.0159 -0.0023 0 0 -10 0
0.7480 -0.0150 -0.0027 0 0 -10 0
0.7480 -0.0150 -0.0027 0 0 -10 0
0.7400 -0.0143 -0.0016 0 0 0 0
0.7660 -0.0136 -0.0028 0 0 -10 0
0.7460 -0.0128 -0.0013 0 0 -10 0
0.7460 -0.0128 -0.0013 0 0 -10 0
0.7460 -0.0124 -0.0002 0 0 0 0
0.7580 -0.0112 0.0002 0 0 -10 0
0.7380 -0.0108 0.0004 0 0 -10 0
0.7400 -0.0107 0.0013 0 0 0 0
0.7480 -0.0115 0.0027 0 0 -10 0
0.7640 -0.0105 0.0049 0 0 -10 0
0.7640 -0.0098 0.0046 0 0 -10 0
0.7480 -0.0095 0.0040 0 0 0 0
0.7640 -0.0094 0.0050 0 0 -10 0
0.7680 -0.0090 0.0068 0 0 -10 0
0.7860 -0.0091 0.0026 0 0 0 0
0.7780 -0.0091 0.0026 0 0 -10 0
0.7940 -0.0084 0.0043 0 0 -10 0
0.7940 -0.0084 0.0043 0 0 0 0
0.8200 -0.0074 0.0042 0 0 -10 0
0.8160 -0.0059 0.0060 0 0 -10 0
0.8120 -0.0053 0.0047 0 0 -10 0
