0.4540 -0.1757 0.0155 0 0 -10 0
0.4700 -0.1766 0.0172 0 0 -10 0
0.4640 -0.1755 0.0189 0 0 -10 0
0.4600 -0.1753 0.0186 0 0 -10 0
0.4460 -0.1756 0.0166 0 0 -10 0
0.4460 -0.1756 0.0166 0 0 -10 0
0.4440 -0.1757 0.0168 0 0 -10 0
0.4680 -0.1757 0.0176 0 0 -10 0
0.4600 -0.1759 0.0174 0 0 -10 0
0.4620 -0.1762 0.0167 0 0 -10 0
0.4720 -0.1762 0.0164 0 0 -10 0
0.4440 -0.1764 0.0172 0 0 -10 0
0.4440 -0.1764 0.0172 0 0 -10 0
0.4580 -0.1764 0.0149 0 0 -10 0
0.4680 -0.1759 0.0150 0 0 -10 0
0.4680 -0.1753 0.0158 0 0 -10 0
0.4480 -0.1749 0.0164 0 0 -10 0
0.4460 -0.1749 0.0163 0 0 -10 0
0.4480 -0.1752 0.0165 0 0 -10 0
0.4480 -0.1752 0.0165 0 0 -10 0
0.4520 -0.1749 0.0176 0 0 -10 0
0.4620 -0.1747 0.0174 0 0 -10 0
0.4580 -0.1743 0.0155 0 0 -10 0
0.4620 -0.1737 0.0150 0 0 -10 0
0.4660 -0.1732 0.0141 0 0 -10 0
0.4660 -0.1724 0.0141 0 0 -10 0
0.4720 -0.1724 0.0141 0 0 -10 0
0.4740 -0.1719 0.0127 0 0 -10 0
0.4500 -0.1718 0.0126 0 0 -10 0
0.4560 -0.1718 0.0120 0 0 -10 0
0.4560 -0.1717 0.0094 0 0 -10 0
0.4720 -0.1709 0.0090 0 0 -10 0
0.4660 -0.1703 0.0103 0 0 -10 0
0.4660 -0.1703 0.0103 0 0 -10 0
0.4820 -0.1694 0.0100 0 0 -10 0
0.4700 -0.1689 0.0108 0 0 -10 0
0.4760 -0.1690 0.0104 0 0 -10 0
0.4760 -0.1690 0.0104 0 0 -10 0
0.4920 -0.1688 0.0143 0 0 -10 0
0.4920 -0.1686 0.0146 0 0 -10 0
0.4920 -0.1679 0.0124 0 0 -10 0
0.4920 -0.1679 0.0124 0 0 -10 0
0.4800 -0.1669 0.0124 0 0 -10 0
0.4800 -0.1669 0.0124 0 0 -10 0
0.4680 -0.1666 0.0126 0 0 -10 0
0.4600 -0.1664 0.0105 0 0 -10 0
0.4600 -0.1657 0.0104 0 0 -10 0
0.4660 -0.1657 0.0104 0 0 -10 0
0.4800 -0.1648 0.0097 0 0 -10 0
0.4800 -0.1648 0.0097 0 0 -10 0
0.4780 -0.1642 0.0090 0 0 -10 0
0.4740 -0.1638 0.0088 0 0 -10 0
0.4880 -0.1631 0.0077 0 0 -10 0
0.4880 -0.1631 0.0077 0 0 -10 0
0.4760 -0.1626 0.0076 0 0 -10 0
0.4780 -0.1620 0.0079 0 0 -10 0
0.4780 -0.1618 0.0074 0 0 -10 0
0.4780 -0.1618 0.0074 0 0 -10 0
0.4960 -0.1616 0.0042 0 0 -10 0
0.4740 -0.1608 0.0049 0 0 -10 0
0.4740 -0.1608 0.0049 0 0 -10 0
0.4840 -0.1603 0.0041 0 0 -10 0
0.4880 -0.1601 0.0044 0 0 -10 0
0.5020 -0.1601 0.0058 0 0 -10 0
0.4820 -0.1599 0.0056 0 0 -10 0
0.4820 -0.1599 0.0056 0 0 -10 0
0.4980 -0.1595 0.0051 0 0 -10 0
0.5000 -0.1588 0.0051 0 0 -10 0
0.4900 -0.1585 0.0062 0 0 -10 0
0.4920 -0.1581 0.0064 0 0 -10 0
0.5200 -0.1578 0.0038 0 0 -10 0
0.5200 -0.1578 0.0038 0 0 -10 0
0.5040 -0.1573 0.0040 0 0 -10 0
0.5100 -0.1561 0.0049 0 0 -10 0
0.4980 -0.1556 0.0052 0 0 -10 0
0.4980 -0.1556 0.0052 0 0 -10 0
0.5140 -0.1545 0.0076 0 0 -10 0
0.5140 -0.1545 0.0076 0 0 -10 0
0.5160 -0.1537 0.0064 0 0 -10 0
0.5240 -0.1535 0.0063 0 0 -10 0
0.5040 -0.1536 0.0074 0 0 -10 0
0.5040 -0.1536 0.0074 0 0 -10 0
0.5180 -0.1537 0.0078 0 0 -10 0
0.5200 -0.1528 0.0078 0 0 -10 0
0.5200 -0.1528 0.0078 0 0 -10 0
0.5100 -0.1519 0.0062 0 0 -10 0
0.5180 -0.1510 0.0067 0 0 -10 0
0.5280 -0.1504 0.0072 0 0 -10 0
0.4960 -0.1498 0.0069 0 0 -10 0
0.4960 -0.1498 0.0069 0 0 -10 0
0.5020 -0.1494 0.0079 0 0 -10 0
0.5080 -0.1494 0.0049 0 0 -10 0
0.5200 -0.1491 0.0051 0 0 -10 0
0.5120 -0.1488 0.0072 0 0 -10 0
0.5220 -0.1485 0.0072 0 0 -10 0
0.5320 -0.1479 0.0072 0 0 -10 0
0.5320 -0.1479 0.0072 0 0 -10 0
0.5260 -0.1475 0.0073 0 0 -10 0
0.5080 -0.1469 0.0087 0 0 -10 0
0.5020 -0.1463 0.0095 0 0 -10 0
0.5020 -0.1463 0.0095 0 0 -10 0
0.5060 -0.1459 0.0082 0 0 -10 0
0.5060 -0.1459 0.0082 0 0 -10 0
0.5400 -0.1456 0.0099 0 0 -10 0
0.5200 -0.1456 0.0098 0 0 -10 0
0.5140 -0.1453 0.0095 0 0 -10 0
0.5280 -0.1452 0.0092 0 0 -10 0
0.5280 -0.1452 0.0092 0 0 -10 0
0.5140 -0.1447 0.0095 0 0 -10 0
0.5240 -0.1437 0.0105 0 0 -10 0
0.5160 -0.1431 0.0112 0 0 -10 0
0.5180 -0.1422 0.0121 0 0 -10 0
0.5240 -0.1420 0.0122 0 0 -10 0
0.5240 -0.1420 0.0122 0 0 -10 0
0.5360 -0.1420 0.0120 0 0 -10 0
0.5440 -0.1421 0.0127 0 0 -10 0
0.5440 -0.1423 0.0152 0 0 -10 0
0.5480 -0.1417 0.0150 0 0 -10 0
0.5420 -0.1417 0.0139 0 0 -10 0
0.5420 -0.1407 0.0136 0 0 -10 0
0.5300 -0.1407 0.0136 0 0 -10 0
0.5400 -0.1402 0.0149 0 0 -10 0
0.5280 -0.1394 0.0145 0 0 -10 0
0.5260 -0.1385 0.0138 0 0 -10 0
0.5480 -0.1379 0.0133 0 0 -10 0
0.5480 -0.1379 0.0133 0 0 -10 0
0.5460 -0.1373 0.0145 0 0 -10 0
0.5220 -0.1367 0.0173 0 0 -10 0
0.5220 -0.1367 0.0173 0 0 -10 0
0.5420 -0.1354 0.0165 0 0 -10 0
0.5420 -0.1347 0.0168 0 0 -10 0
0.5340 -0.1347 0.0168 0 0 -10 0
0.5420 -0.1347 0.0165 0 0 -10 0
0.5580 -0.1342 0.0168 0 0 -10 0
0.5580 -0.1340 0.0165 0 0 -10 0
0.5500 -0.1333 0.0156 0 0 -10 0
0.5500 -0.1333 0.0156 0 0 -10 0
0.5580 -0.1323 0.0176 0 0 -10 0
0.5600 -0.1325 0.0173 0 0 -10 0
0.5460 -0.1324 0.0142 0 0 -10 0
0.5620 -0.1323 0.0145 0 0 -10 0
0.5620 -0.1323 0.0145 0 0 -10 0
0.5520 -0.1320 0.0152 0 0 -10 0
0.5640 -0.1315 0.0128 0 0 -10 0
0.5540 -0.1315 0.0124 0 0 -10 0
0.5500 -0.1314 0.0121 0 0 -10 0
0.5720 -0.1314 0.0121 0 0 -10 0
0.5700 -0.1307 0.0114 0 0 -10 0
0.5700 -0.1307 0.0114 0 0 -10 0
0.5700 -0.1300 0.0119 0 0 -10 0
0.5500 -0.1297 0.0127 0 0 -10 0
0.5580 -0.1293 0.0128 0 0 -10 0
0.5580 -0.1293 0.0128 0 0 -10 0
0.5380 -0.1281 0.0120 0 0 -10 0
0.5540 -0.1280 0.0117 0 0 -10 0
0.5500 -0.1282 0.0139 0 0 -10 0
0.5500 -0.1282 0.0142 0 0 -10 0
0.5620 -0.1286 0.0144 0 0 -10 0
0.5560 -0.1283 0.0143 0 0 -10 0
0.5560 -0.1283 0.0143 0 0 -10 0
0.5560 -0.1280 0.0145 0 0 -10 0
0.5580 -0.1271 0.0142 0 0 -10 0
0.5580 -0.1271 0.0142 0 0 -10 0
0.5600 -0.1264 0.0136 0 0 -10 0
0.5400 -0.1262 0.0154 0 0 -10 0
0.5620 -0.1257 0.0155 0 0 -10 0
0.5580 -0.1252 0.0137 0 0 -10 0
0.5580 -0.1252 0.0137 0 0 -10 0
0.5700 -0.1241 0.0136 0 0 -10 0
0.5700 -0.1241 0.0136 0 0 -10 0
0.5780 -0.1240 0.0134 0 0 -10 0
0.5780 -0.1240 0.0134 0 0 -10 0
0.5700 -0.1236 0.0139 0 0 -10 0
0.5700 -0.1236 0.0139 0 0 -10 0
0.5500 -0.1228 0.0145 0 0 -10 0
0.5640 -0.1214 0.0131 0 0 -10 0
0.5640 -0.1214 0.0131 0 0 -10 0
0.5660 -0.1205 0.0137 0 0 -10 0
0.5660 -0.1205 0.0137 0 0 -10 0
0.5580 -0.1197 0.0107 0 0 -10 0
0.5400 -0.1196 0.0108 0 0 -10 0
0.5400 -0.1196 0.0108 0 0 -10 0
0.5540 -0.1193 0.0121 0 0 -10 0
0.5580 -0.1190 0.0121 0 0 -10 0
0.5480 -0.1187 0.0115 0 0 -10 0
0.5480 -0.1187 0.0115 0 0 -10 0
0.5440 -0.1174 0.0118 0 0 -10 0
0.5660 -0.1170 0.0124 0 0 -10 0
0.5660 -0.1170 0.0124 0 0 -10 0
0.5520 -0.1163 0.0122 0 0 -10 0
0.5700 -0.1160 0.0123 0 0 -10 0
0.5700 -0.1160 0.0123 0 0 -10 0
0.5620 -0.1158 0.0132 0 0 -10 0
0.5560 -0.1150 0.0134 0 0 -10 0
0.5560 -0.1150 0.0134 0 0 -10 0
0.5660 -0.1133 0.0142 0 0 -10 0
0.5920 -0.1131 0.0140 0 0 -10 0
0.5800 -0.1126 0.0140 0 0 -10 0
0.5800 -0.1126 0.0140 0 0 -10 0
0.5820 -0.1127 0.0159 0 0 -10 0
0.5740 -0.1129 0.0146 0 0 -10 0
0.5740 -0.1129 0.0146 0 0 -10 0
0.5740 -0.1121 0.0158 0 0 -10 0
0.5740 -0.1121 0.0158 0 0 -10 0
0.5400 -0.1111 0.0153 0 0 -10 0
0.5760 -0.1105 0.0156 0 0 -10 0
0.5720 -0.1103 0.0162 0 0 -10 0
0.5740 -0.1102 0.0157 0 0 -10 0
0.5740 -0.1102 0.0142 0 0 -10 0
0.5480 -0.1100 0.0142 0 0 -10 0
0.5480 -0.1100 0.0142 0 0 -10 0
0.5700 -0.1096 0.0141 0 0 -10 0
0.5560 -0.1091 0.0137 0 0 -10 0
0.5660 -0.1083 0.0120 0 0 -10 0
0.5600 -0.1074 0.0114 0 0 -10 0
0.5600 -0.1074 0.0114 0 0 -10 0
0.5760 -0.1067 0.0119 0 0 -10 0
0.5760 -0.1067 0.0119 0 0 -10 0
0.5860 -0.1067 0.0119 0 0 -10 0
0.5940 -0.1057 0.0128 0 0 -10 0
0.5800 -0.1047 0.0126 0 0 -10 0
0.5800 -0.1047 0.0126 0 0 -10 0
0.6100 -0.1038 0.0120 0 0 -10 0
0.6040 -0.1039 0.0124 0 0 -10 0
0.5960 -0.1038 0.0135 0 0 -10 0
0.6040 -0.1040 0.0129 0 0 -10 0
0.6200 -0.1040 0.0127 0 0 -10 0
0.6140 -0.1037 0.0129 0 0 -10 0
0.6140 -0.1037 0.0129 0 0 -10 0
0.6320 -0.1028 0.0133 0 0 -10 0
0.6160 -0.1021 0.0129 0 0 -10 0
0.6080 -0.1015 0.0116 0 0 -10 0
0.6120 -0.1015 0.0118 0 0 -10 0
0.6120 -0.1015 0.0118 0 0 -10 0
0.6020 -0.1019 0.0137 0 0 -10 0
0.6040 -0.1022 0.0133 0 0 -10 0
0.5980 -0.1016 0.0117 0 0 -10 0
0.6180 -0.0994 0.0136 0 0 -10 0
0.6180 -0.0994 0.0136 0 0 -10 0
0.5940 -0.0980 0.0133 0 0 -10 0
0.6120 -0.0971 0.0134 0 0 -10 0
0.6280 -0.0964 0.0140 0 0 -10 0
0.6120 -0.0959 0.0140 0 0 -10 0
0.6420 -0.0950 0.0129 0 0 -10 0
0.6180 -0.0950 0.0129 0 0 -10 0
0.6200 -0.0943 0.0138 0 0 -10 0
0.6280 -0.0939 0.0135 0 0 -10 0
0.6120 -0.0931 0.0116 0 0 -10 0
0.6120 -0.0931 0.0116 0 0 -10 0
0.6260 -0.0929 0.0115 0 0 -10 0
0.6140 -0.0928 0.0116 0 0 -10 0
0.6220 -0.0923 0.0117 0 0 -10 0
0.6220 -0.0916 0.0102 0 0 -10 0
0.6320 -0.0916 0.0102 0 0 -10 0
0.6320 -0.0914 0.0114 0 0 -10 0
0.6320 -0.0914 0.0114 0 0 -10 0
0.6200 -0.0915 0.0119 0 0 -10 0
0.6100 -0.0914 0.0117 0 0 -10 0
0.6440 -0.0912 0.0119 0 0 -10 0
0.6320 -0.0910 0.0116 0 0 -10 0
0.6320 -0.0910 0.0116 0 0 -10 0
0.6440 -0.0906 0.0108 0 0 -10 0
0.6480 -0.0895 0.0113 0 0 -10 0
0.6540 -0.0888 0.0129 0 0 -10 0
0.6540 -0.0888 0.0129 0 0 -10 0
0.6400 -0.0884 0.0131 0 0 -10 0
0.6280 -0.0881 0.0115 0 0 -10 0
0.6340 -0.0874 0.0110 0 0 -10 0
0.6320 -0.0871 0.0114 0 0 -10 0
0.6300 -0.0871 0.0090 0 0 -10 0
0.6260 -0.0867 0.0090 0 0 -10 0
0.6260 -0.0867 0.0090 0 0 -10 0
0.6340 -0.0859 0.0112 0 0 -10 0
0.6480 -0.0850 0.0109 0 0 -10 0
0.6560 -0.0844 0.0080 0 0 -10 0
0.6580 -0.0843 0.0079 0 0 -10 0
0.6260 -0.0841 0.0089 0 0 -10 0
0.6260 -0.0841 0.0089 0 0 -10 0
0.6500 -0.0838 0.0089 0 0 0 0
0.6520 -0.0828 0.0097 0 0 0 -10
0.6440 -0.0823 0.0091 0 0 0 -10
0.6540 -0.0819 0.0092 0 0 0 -10
0.6480 -0.0819 0.0091 0 0 0 -10
0.6540 -0.0816 0.0074 0 0 0 -10
0.6540 -0.0816 0.0074 0 0 0 -10
0.6660 -0.0812 0.0071 0 0 0 0
0.6360 -0.0796 -0.0014 0 0 -10 0
0.6600 -0.0794 -0.0051 0 0 -10 0
0.6460 -0.0796 -0.0050 0 0 -10 0
0.6640 -0.0796 -0.0055 0 0 -10 0
0.6420 -0.0798 -0.0026 0 0 -10 0
0.6380 -0.0800 -0.0026 0 0 -10 0
0.6380 -0.0801 -0.0022 0 0 -10 0
0.6440 -0.0801 -0.0022 0 0 -10 0
0.6500 -0.0802 -0.0031 0 0 -10 0
0.6400 -0.0803 -0.0018 0 0 -10 0
0.6640 -0.0805 -0.0024 0 0 -10 0
0.6480 -0.0804 -0.0034 0 0 -10 0
0.6480 -0.0803 -0.0030 0 0 -10 0
0.6480 -0.0803 -0.0030 0 0 -10 0
0.6600 -0.0804 -0.0032 0 0 -10 0
0.6500 -0.0801 -0.0035 0 0 -10 0
0.6400 -0.0805 -0.0041 0 0 -10 0
0.6400 -0.0805 -0.0041 0 0 -10 0
0.6500 -0.0806 -0.0037 0 0 -10 0
0.6360 -0.0804 -0.0062 0 0 -10 0
0.6440 -0.0801 -0.0061 0 0 -10 0
0.6680 -0.0794 -0.0064 0 0 -10 0
0.6560 -0.0789 -0.0067 0 0 -10 0
0.6560 -0.0789 -0.0067 0 0 -10 0
0.6280 -0.0777 -0.0062 0 0 -10 0
0.6480 -0.0780 -0.0047 0 0 -10 0
0.6440 -0.0778 -0.0044 0 0 -10 0
0.6440 -0.0778 -0.0044 0 0 -10 0
0.6600 -0.0767 -0.0046 0 0 -10 0
0.6480 -0.0763 -0.0075 0 0 -10 0
0.6480 -0.0763 -0.0075 0 0 -10 0
0.6180 -0.0760 -0.0111 0 0 -10 0
0.6280 -0.0755 -0.0113 0 0 -10 0
0.6280 -0.0747 -0.0122 0 0 -10 0
0.6320 -0.0747 -0.0122 0 0 -10 0
0.6300 -0.0735 -0.0122 0 0 -10 0
0.6440 -0.0729 -0.0122 0 0 -10 0
0.6240 -0.0723 -0.0117 0 0 -10 0
0.6400 -0.0717 -0.0126 0 0 -10 0
0.6380 -0.0714 -0.0123 0 0 -10 0
0.6620 -0.0715 -0.0119 0 0 -10 0
0.6620 -0.0715 -0.0119 0 0 -10 0
0.6640 -0.0712 -0.0133 0 0 -10 0
0.6620 -0.0705 -0.0141 0 0 -10 0
0.6420 -0.0704 -0.0140 0 0 -10 0
0.6460 -0.0692 -0.0135 0 0 -10 0
0.6360 -0.0685 -0.0128 0 0 -10 0
0.6360 -0.0685 -0.0128 0 0 -10 0
0.6520 -0.0681 -0.0130 0 0 -10 0
0.6560 -0.0680 -0.0118 0 0 -10 0
0.6460 -0.0680 -0.0114 0 0 -10 0
0.6580 -0.0680 -0.0104 0 0 -10 0
0.6580 -0.0680 -0.0104 0 0 -10 0
0.6520 -0.0676 -0.0098 0 0 -10 0
0.6420 -0.0669 -0.0093 0 0 -10 0
0.6560 -0.0665 -0.0091 0 0 -10 0
0.6980 -0.0657 -0.0071 0 0 -10 0
0.6560 -0.0657 -0.0060 0 0 -10 0
0.6800 -0.0655 -0.0065 0 0 -10 0
0.6800 -0.0655 -0.0065 0 0 -10 0
0.6480 -0.0649 -0.0069 0 0 -10 0
0.6700 -0.0645 -0.0079 0 0 -10 0
0.6380 -0.0640 -0.0072 0 0 -10 0
0.6760 -0.0635 -0.0066 0 0 -10 0
0.6560 -0.0629 -0.0064 0 0 -10 0
0.6540 -0.0625 -0.0063 0 0 -10 0
0.6540 -0.0625 -0.0063 0 0 -10 0
0.6760 -0.0623 -0.0093 0 0 -10 0
0.6840 -0.0619 -0.0088 0 0 -10 0
0.6840 -0.0619 -0.0088 0 0 -10 0
0.6960 -0.0612 -0.0071 0 0 -10 0
0.6900 -0.0603 -0.0061 0 0 -10 0
0.6900 -0.0603 -0.0061 0 0 -10 0
0.6620 -0.0599 -0.0056 0 0 -10 0
0.6520 -0.0598 -0.0058 0 0 -10 0
0.6680 -0.0596 -0.0058 0 0 -10 0
0.6800 -0.0583 -0.0062 0 0 -10 0
0.6800 -0.0583 -0.0062 0 0 -10 0
0.6980 -0.0567 -0.0064 0 0 -10 0
0.6820 -0.0560 -0.0065 0 0 0 0
0.6940 -0.0561 -0.0059 0 0 0 10
0.6900 -0.0560 -0.0059 0 0 0 10
0.6900 -0.0560 -0.0059 0 0 0 10
0.6940 -0.0554 -0.0035 0 0 0 10
0.7040 -0.0548 -0.0033 0 0 0 10
0.6640 -0.0542 -0.0034 0 0 0 0
0.6940 -0.0536 0.0150 0 0 -10 0
0.6700 -0.0544 0.0226 0 0 -10 0
0.6900 -0.0530 0.0247 0 0 -10 0
0.6860 -0.0539 0.0229 0 0 -10 0
0.6860 -0.0539 0.0229 0 0 -10 0
0.6700 -0.0544 0.0230 0 0 -10 0
0.6860 -0.0543 0.0239 0 0 -10 0
0.6660 -0.0541 0.0235 0 0 -10 0
0.6760 -0.0534 0.0215 0 0 -10 0
0.6740 -0.0526 0.0221 0 0 -10 0
0.6740 -0.0526 0.0221 0 0 -10 0
0.6780 -0.0526 0.0296 0 0 -10 0
0.6640 -0.0526 0.0300 0 0 -10 0
0.7020 -0.0532 0.0285 0 0 -10 0
0.7020 -0.0532 0.0285 0 0 -10 0
0.6900 -0.0532 0.0286 0 0 -10 0
0.6560 -0.0530 0.0286 0 0 -10 0
0.6860 -0.0528 0.0286 0 0 -10 0
0.6920 -0.0525 0.0296 0 0 -10 0
0.6920 -0.0525 0.0296 0 0 -10 0
0.6800 -0.0517 0.0272 0 0 -10 0
0.6680 -0.0510 0.0276 0 0 -10 0
0.7060 -0.0504 0.0276 0 0 -10 0
0.6700 -0.0498 0.0249 0 0 -10 0
0.6800 -0.0497 0.0250 0 0 -10 0
0.6800 -0.0497 0.0250 0 0 -10 0
0.6700 -0.0494 0.0255 0 0 -10 0
0.6960 -0.0487 0.0251 0 0 -10 0
0.6720 -0.0483 0.0243 0 0 -10 0
0.6860 -0.0472 0.0256 0 0 -10 0
0.6860 -0.0472 0.0256 0 0 -10 0
0.7020 -0.0468 0.0253 0 0 -10 0
0.6660 -0.0464 0.0233 0 0 -10 0
0.6680 -0.0461 0.0242 0 0 -10 0
0.6840 -0.0458 0.0238 0 0 -10 0
0.6920 -0.0453 0.0233 0 0 -10 0
0.6940 -0.0451 0.0226 0 0 -10 0
0.6940 -0.0451 0.0226 0 0 -10 0
0.6860 -0.0449 0.0232 0 0 -10 0
0.6960 -0.0449 0.0241 0 0 -10 0
0.6820 -0.0451 0.0214 0 0 -10 0
0.6840 -0.0450 0.0212 0 0 -10 0
0.6840 -0.0450 0.0212 0 0 -10 0
0.6900 -0.0447 0.0230 0 0 -10 0
0.6780 -0.0439 0.0236 0 0 -10 0
0.6720 -0.0433 0.0221 0 0 -10 0
0.7040 -0.0426 0.0225 0 0 -10 0
0.6920 -0.0425 0.0214 0 0 -10 0
0.6920 -0.0425 0.0214 0 0 -10 0
0.6560 -0.0422 0.0210 0 0 -10 0
0.6980 -0.0423 0.0212 0 0 -10 0
0.6740 -0.0425 0.0209 0 0 -10 0
0.6740 -0.0425 0.0209 0 0 -10 0
0.6720 -0.0422 0.0208 0 0 -10 0
0.6800 -0.0410 0.0160 0 0 -10 0
0.7000 -0.0403 0.0206 0 0 -10 0
0.6760 -0.0394 0.0202 0 0 -10 0
0.6860 -0.0391 0.0186 0 0 -10 0
0.6920 -0.0385 0.0188 0 0 -10 0
0.7140 -0.0384 0.0190 0 0 -10 0
0.6880 -0.0383 0.0191 0 0 -10 0
0.7080 -0.0379 0.0216 0 0 -10 0
0.7120 -0.0377 0.0214 0 0 -10 0
0.7200 -0.0378 0.0220 0 0 -10 0
0.7200 -0.0378 0.0220 0 0 -10 0
0.6900 -0.0376 0.0216 0 0 -10 0
0.7060 -0.0368 0.0203 0 0 -10 0
0.6960 -0.0359 0.0210 0 0 -10 0
0.6960 -0.0354 0.0226 0 0 -10 0
0.7000 -0.0354 0.0226 0 0 -10 0
0.7060 -0.0356 0.0217 0 0 -10 0
0.7240 -0.0360 0.0235 0 0 -10 0
0.7000 -0.0356 0.0241 0 0 -10 0
0.7180 -0.0350 0.0235 0 0 -10 0
0.7180 -0.0350 0.0235 0 0 -10 0
0.7020 -0.0344 0.0243 0 0 -10 0
0.6900 -0.0329 0.0273 0 0 -10 0
0.6880 -0.0324 0.0264 0 0 -10 0
0.6880 -0.0324 0.0264 0 0 -10 0
0.7120 -0.0311 0.0275 0 0 -10 0
0.6920 -0.0310 0.0274 0 0 0 0
0.7080 -0.0293 0.0263 0 0 0 -10
0.7260 -0.0294 0.0274 0 0 0 -10
0.7160 -0.0287 0.0249 0 0 0 -10
0.7080 -0.0281 0.0254 0 0 0 -10
0.7080 -0.0281 0.0254 0 0 0 -10
0.7080 -0.0274 0.0256 0 0 0 0
0.7300 -0.0265 0.0099 0 0 -10 0
0.7400 -0.0264 0.0090 0 0 -10 0
0.7280 -0.0270 0.0070 0 0 -10 0
0.7040 -0.0265 0.0049 0 0 -10 0
0.7260 -0.0263 0.0045 0 0 -10 0
0.7260 -0.0263 0.0045 0 0 0 0
0.7220 -0.0264 0.0068 0 0 0 -10
0.7240 -0.0263 0.0082 0 0 0 -10
0.7380 -0.0266 0.0052 0 0 0 -10
0.7500 -0.0265 0.0050 0 0 0 -10
0.7420 -0.0262 0.0056 0 0 0 -10
0.7420 -0.0262 0.0056 0 0 0 0
0.7280 -0.0252 -0.0064 0 0 -10 0
0.7420 -0.0242 -0.0057 0 0 -10 0
0.6900 -0.0247 -0.0070 0 0 -10 0
0.7320 -0.0241 -0.0065 0 0 -10 0
0.7320 -0.0241 -0.0065 0 0 -10 0
0.7080 -0.0235 -0.0085 0 0 -10 0
0.7080 -0.0235 -0.0085 0 0 -10 0
0.7040 -0.0238 -0.0085 0 0 -10 0
0.7140 -0.0239 -0.0086 0 0 -10 0
0.7340 -0.0241 -0.0111 0 0 -10 0
0.7340 -0.0241 -0.0111 0 0 -10 0
0.7180 -0.0239 -0.0116 0 0 -10 0
0.7180 -0.0239 -0.0116 0 0 -10 0
0.7120 -0.0237 -0.0127 0 0 -10 0
0.7080 -0.0235 -0.0127 0 0 -10 0
0.7080 -0.0235 -0.0127 0 0 -10 0
0.7080 -0.0228 -0.0138 0 0 -10 0
0.7120 -0.0218 -0.0124 0 0 -10 0
0.7120 -0.0218 -0.0124 0 0 -10 0
0.7120 -0.0218 -0.0124 0 0 -10 0
0.7220 -0.0212 -0.0125 0 0 -10 0
0.7200 -0.0215 -0.0119 0 0 -10 0
0.7200 -0.0215 -0.0119 0 0 -10 0
0.7160 -0.0219 -0.0141 0 0 -10 0
0.7160 -0.0219 -0.0141 0 0 -10 0
0.7040 -0.0221 -0.0134 0 0 -10 0
0.6980 -0.0217 -0.0134 0 0 -10 0
0.6980 -0.0213 -0.0137 0 0 -10 0
0.7120 -0.0206 -0.0138 0 0 -10 0
0.7120 -0.0206 -0.0138 0 0 -10 0
0.7280 -0.0201 -0.0137 0 0 -10 0
0.7280 -0.0197 -0.0134 0 0 -10 0
0.7280 -0.0192 -0.0140 0 0 0 0
0.7180 -0.0179 -0.0117 0 0 0 10
0.7420 -0.0168 -0.0123 0 0 0 10
0.7220 -0.0155 -0.0111 0 0 0 10
0.7420 -0.0152 -0.0113 0 0 0 10
0.7440 -0.0149 -0.0112 0 0 0 0
0.7380 -0.0149 -0.0020 0 0 0 10
0.7500 -0.0171 -0.0015 0 0 0 10
0.7400 -0.0163 -0.0039 0 0 0 0
0.7560 -0.0161 -0.0034 0 0 -10 0
0.7580 -0.0151 0.0014 0 0 -10 0
0.7580 -0.0160 0.0019 0 0 -10 0
0.7380 -0.0163 0.0002 0 0 -10 0
0.7700 -0.0159 0.0002 0 0 -10 0
0.7660 -0.0154 0.0011 0 0 -10 0
0.7660 -0.0154 0.0011 0 0 -10 0
0.7560 -0.0146 0.0010 0 0 -10 0
0.7540 -0.0143 0.0009 0 0 -10 0
0.7660 -0.0145 0.0007 0 0 -10 0
0.7700 -0.0148 0.0004 0 0 -10 0
0.7700 -0.0153 -0.0007 0 0 -10 0
0.7620 -0.0158 -0.0012 0 0 -10 0
0.7620 -0.0158 -0.0012 0 0 -10 0
0.7580 -0.0160 -0.0026 0 0 -10 0
0.7540 -0.0158 -0.0025 0 0 -10 0
0.7420 -0.0151 -0.0043 0 0 -10 0
0.7360 -0.0145 -0.0037 0 0 -10 0
0.7360 -0.0145 -0.0037 0 0 -10 0
0.7560 -0.0140 -0.0032 0 0 -10 0
0.7480 -0.0140 -0.0031 0 0 -10 0
0.7700 -0.0138 -0.0039 0 0 -10 0
0.7560 -0.0135 -0.0060 0 0 -10 0
0.7560 -0.0135 -0.0060 0 0 -10 0
0.7600 -0.0128 -0.0054 0 0 -10 0
0.7680 -0.0122 -0.0057 0 0 -10 0
0.7400 -0.0113 -0.0019 0 0 -10 0
0.7500 -0.0109 -0.0020 0 0 -10 0
0.7500 -0.0109 -0.0020 0 0 -10 0
0.7660 -0.0102 -0.0018 0 0 -10 0
0.7700 -0.0095 -0.0022 0 0 0 0
0.7300 -0.0083 0.0022 0 0 -10 0
0.7440 -0.0066 0.0047 0 0 -10 0
0.7400 -0.0062 0.0039 0 0 -10 0
0.7300 -0.0062 0.0036 0 0 -10 0
0.7280 -0.0060 0.0046 0 0 0 0
