0.3900 -0.3456 0.0188 0 0 -10 0
0.4000 -0.3448 0.0218 0 0 -10 0
0.3700 -0.3455 0.0231 0 0 -10 0
0.3760 -0.3451 0.0238 0 0 -10 0
0.3880 -0.3447 0.0230 0 0 -10 0
0.3960 -0.3447 0.0221 0 0 -10 0
0.3960 -0.3447 0.0221 0 0 -10 0
0.3900 -0.3455 0.0219 0 0 -10 0
0.3900 -0.3455 0.0219 0 0 -10 0
0.3800 -0.3460 0.0235 0 0 -10 0
0.3860 -0.3464 0.0241 0 0 -10 0
0.4020 -0.3464 0.0244 0 0 -10 0
0.4100 -0.3466 0.0241 0 0 -10 0
0.4040 -0.3468 0.0240 0 0 -10 0
0.4000 -0.3470 0.0232 0 0 -10 0
0.3920 -0.3465 0.0231 0 0 -10 0
0.3920 -0.3465 0.0231 0 0 -10 0
0.4020 -0.3459 0.0211 0 0 -10 0
0.3880 -0.3459 0.0209 0 0 -10 0
0.3920 -0.3456 0.0197 0 0 -10 0
0.4040 -0.3453 0.0157 0 0 -10 0
0.4180 -0.3451 0.0159 0 0 -10 0
0.4100 -0.3447 0.0160 0 0 -10 0
0.4040 -0.3440 0.0156 0 0 -10 0
0.3820 -0.3436 0.0132 0 0 -10 0
0.3820 -0.3436 0.0132 0 0 -10 0
0.4200 -0.3434 0.0133 0 0 -10 0
0.4160 -0.3432 0.0136 0 0 -10 0
0.4160 -0.3432 0.0136 0 0 -10 0
0.4180 -0.3425 0.0126 0 0 -10 0
0.3900 -0.3421 0.0126 0 0 -10 0
0.3900 -0.3419 0.0118 0 0 -10 0
0.3900 -0.3419 0.0118 0 0 -10 0
0.3880 -0.3414 0.0140 0 0 -10 0
0.3960 -0.3410 0.0135 0 0 -10 0
0.4060 -0.3404 0.0132 0 0 -10 0
0.3900 -0.3395 0.0128 0 0 -10 0
0.3860 -0.3395 0.0126 0 0 -10 0
0.3860 -0.3395 0.0126 0 0 -10 0
0.4100 -0.3387 0.0125 0 0 -10 0
0.4040 -0.3380 0.0139 0 0 -10 0
0.3940 -0.3375 0.0138 0 0 -10 0
0.4200 -0.3367 0.0117 0 0 -10 0
0.4200 -0.3367 0.0117 0 0 -10 0
0.3920 -0.3351 0.0099 0 0 -10 0
0.4060 -0.3351 0.0099 0 0 -10 0
0.3940 -0.3350 0.0095 0 0 -10 0
0.3960 -0.3348 0.0092 0 0 -10 0
0.4200 -0.3349 0.0097 0 0 -10 0
0.4200 -0.3349 0.0097 0 0 -10 0
0.4060 -0.3343 0.0098 0 0 -10 0
0.4000 -0.3327 0.0068 0 0 -10 0
0.4000 -0.3327 0.0068 0 0 -10 0
0.4020 -0.3321 0.0079 0 0 -10 0
0.4020 -0.3316 0.0080 0 0 -10 0
0.3840 -0.3316 0.0080 0 0 -10 0
0.3780 -0.3311 0.0051 0 0 -10 0
0.3700 -0.3306 0.0069 0 0 -10 0
0.3740 -0.3302 0.0069 0 0 -10 0
0.3740 -0.3293 0.0058 0 0 -10 0
0.3740 -0.3293 0.0058 0 0 -10 0
0.3880 -0.3288 0.0101 0 0 -10 0
0.3820 -0.3275 0.0100 0 0 -10 0
0.3800 -0.3269 0.0101 0 0 -10 0
0.3780 -0.3263 0.0090 0 0 -10 0
0.3780 -0.3255 0.0094 0 0 -10 0
0.3840 -0.3255 0.0094 0 0 -10 0
0.3920 -0.3250 0.0049 0 0 -10 0
0.3900 -0.3245 0.0041 0 0 -10 0
0.3840 -0.3243 0.0055 0 0 -10 0
0.4020 -0.3241 0.0060 0 0 -10 0
0.3880 -0.3238 0.0054 0 0 -10 0
0.3900 -0.3234 0.0076 0 0 -10 0
0.4020 -0.3231 0.0076 0 0 -10 0
0.4120 -0.3230 0.0076 0 0 -10 0
0.4120 -0.3230 0.0076 0 0 -10 0
0.3900 -0.3220 0.0045 0 0 -10 0
0.3900 -0.3211 0.0084 0 0 -10 0
0.3900 -0.3208 0.0053 0 0 -10 0
0.3880 -0.3208 0.0053 0 0 -10 0
0.3680 -0.3209 0.0075 0 0 -10 0
0.3680 -0.3209 0.0075 0 0 -10 0
0.3840 -0.3203 0.0077 0 0 -10 0
0.3840 -0.3203 0.0077 0 0 -10 0
0.3960 -0.3197 0.0102 0 0 -10 0
0.3960 -0.3197 0.0102 0 0 -10 0
0.4020 -0.3191 0.0138 0 0 -10 0
0.3900 -0.3188 0.0137 0 0 -10 0
0.3700 -0.3180 0.0166 0 0 -10 0
0.3860 -0.3173 0.0159 0 0 -10 0
0.3860 -0.3168 0.0159 0 0 -10 0
0.3780 -0.3166 0.0113 0 0 -10 0
0.3780 -0.3166 0.0113 0 0 -10 0
0.3860 -0.3163 0.0108 0 0 -10 0
0.3900 -0.3161 0.0105 0 0 -10 0
0.3960 -0.3160 0.0097 0 0 -10 0
0.3960 -0.3160 0.0097 0 0 -10 0
0.3940 -0.3160 0.0105 0 0 -10 0
0.3900 -0.3157 0.0104 0 0 -10 0
0.3980 -0.3151 0.0100 0 0 -10 0
0.4040 -0.3147 0.0093 0 0 -10 0
0.4000 -0.3145 0.0096 0 0 -10 0
0.4000 -0.3145 0.0096 0 0 -10 0
0.4020 -0.3142 0.0089 0 0 -10 0
0.3840 -0.3143 0.0089 0 0 -10 0
0.3820 -0.3139 0.0063 0 0 -10 0
0.4080 -0.3130 0.0072 0 0 -10 0
0.4080 -0.3130 0.0072 0 0 -10 0
0.4000 -0.3123 0.0073 0 0 -10 0
0.3700 -0.3117 0.0085 0 0 -10 0
0.3840 -0.3115 0.0084 0 0 -10 0
0.4140 -0.3115 0.0098 0 0 -10 0
0.4040 -0.3117 0.0098 0 0 -10 0
0.4040 -0.3117 0.0098 0 0 -10 0
0.4000 -0.3112 0.0078 0 0 -10 0
0.3840 -0.3106 0.0080 0 0 -10 0
0.3940 -0.3098 0.0077 0 0 -10 0
0.4000 -0.3093 0.0079 0 0 -10 0
0.4000 -0.3093 0.0079 0 0 -10 0
0.3780 -0.3086 0.0095 0 0 -10 0
0.3840 -0.3077 0.0077 0 0 -10 0
0.4020 -0.3072 0.0071 0 0 -10 0
0.3980 -0.3069 0.0067 0 0 -10 0
0.3980 -0.3069 0.0067 0 0 -10 0
0.3960 -0.3064 0.0071 0 0 -10 0
0.4080 -0.3058 0.0068 0 0 -10 0
0.3960 -0.3053 0.0064 0 0 -10 0
0.3960 -0.3053 0.0064 0 0 -10 0
0.3940 -0.3044 0.0099 0 0 -10 0
0.3980 -0.3041 0.0103 0 0 -10 0
0.3980 -0.3041 0.0103 0 0 -10 0
0.4060 -0.3036 0.0082 0 0 -10 0
0.3920 -0.3031 0.0086 0 0 -10 0
0.3860 -0.3024 0.0070 0 0 -10 0
0.3860 -0.3023 0.0073 0 0 -10 0
0.3860 -0.3023 0.0073 0 0 -10 0
0.3960 -0.3025 0.0077 0 0 -10 0
0.3940 -0.3023 0.0073 0 0 -10 0
0.3940 -0.3015 0.0083 0 0 -10 0
0.3960 -0.3008 0.0085 0 0 -10 0
0.4120 -0.3004 0.0100 0 0 -10 0
0.4120 -0.3004 0.0100 0 0 -10 0
0.3940 -0.3003 0.0105 0 0 -10 0
0.3860 -0.3002 0.0081 0 0 -10 0
0.3960 -0.2999 0.0079 0 0 -10 0
0.3960 -0.2999 0.0079 0 0 -10 0
0.3880 -0.3000 0.0108 0 0 -10 0
0.3920 -0.3000 0.0108 0 0 -10 0
0.3920 -0.2994 0.0098 0 0 -10 0
0.4080 -0.2984 0.0106 0 0 -10 0
0.3960 -0.2982 0.0119 0 0 -10 0
0.4040 -0.2976 0.0116 0 0 -10 0
0.3880 -0.2971 0.0123 0 0 -10 0
0.4000 -0.2972 0.0125 0 0 -10 0
0.4080 -0.2967 0.0122 0 0 -10 0
0.4120 -0.2966 0.0130 0 0 -10 0
0.3820 -0.2964 0.0130 0 0 -10 0
0.3820 -0.2959 0.0157 0 0 -10 0
0.3940 -0.2959 0.0157 0 0 -10 0
0.4120 -0.2943 0.0157 0 0 -10 0
0.4120 -0.2943 0.0157 0 0 -10 0
0.3960 -0.2936 0.0164 0 0 -10 0
0.3920 -0.2929 0.0165 0 0 -10 0
0.3920 -0.2929 0.0165 0 0 -10 0
0.3960 -0.2922 0.0138 0 0 -10 0
0.3860 -0.2918 0.0148 0 0 -10 0
0.4040 -0.2915 0.0148 0 0 -10 0
0.4160 -0.2912 0.0132 0 0 -10 0
0.4160 -0.2912 0.0132 0 0 -10 0
0.4100 -0.2906 0.0135 0 0 -10 0
0.4160 -0.2901 0.0149 0 0 -10 0
0.3940 -0.2900 0.0146 0 0 -10 0
0.3860 -0.2900 0.0131 0 0 -10 0
0.3780 -0.2897 0.0127 0 0 -10 0
0.4100 -0.2887 0.0141 0 0 -10 0
0.4100 -0.2887 0.0141 0 0 -10 0
0.4060 -0.2878 0.0132 0 0 -10 0
0.4000 -0.2873 0.0122 0 0 -10 0
0.4200 -0.2871 0.0123 0 0 -10 0
0.4200 -0.2871 0.0123 0 0 -10 0
0.3860 -0.2865 0.0124 0 0 -10 0
0.3860 -0.2865 0.0124 0 0 -10 0
0.4220 -0.2860 0.0113 0 0 -10 0
0.3820 -0.2852 0.0121 0 0 -10 0
0.3880 -0.2848 0.0116 0 0 -10 0
0.4000 -0.2844 0.0103 0 0 -10 0
0.4000 -0.2844 0.0103 0 0 -10 0
0.3960 -0.2842 0.0089 0 0 -10 0
0.3940 -0.2843 0.0094 0 0 -10 0
0.4060 -0.2844 0.0091 0 0 -10 0
0.4100 -0.2840 0.0081 0 0 -10 0
0.4000 -0.2834 0.0076 0 0 -10 0
0.4000 -0.2831 0.0072 0 0 -10 0
0.3940 -0.2831 0.0072 0 0 -10 0
0.3900 -0.2817 0.0029 0 0 -10 0
0.3980 -0.2812 0.0026 0 0 -10 0
0.3980 -0.2812 0.0026 0 0 -10 0
0.4060 -0.2811 0.0048 0 0 -10 0
0.4120 -0.2809 0.0046 0 0 -10 0
0.4160 -0.2810 0.0034 0 0 -10 0
0.4060 -0.2805 0.0028 0 0 -10 0
0.4060 -0.2805 0.0028 0 0 -10 0
0.3960 -0.2798 0.0012 0 0 -10 0
0.3820 -0.2791 0.0015 0 0 -10 0
0.4040 -0.2788 0.0010 0 0 -10 0
0.4040 -0.2785 0.0015 0 0 -10 0
0.4040 -0.2787 -0.0004 0 0 -10 0
0.4160 -0.2784 0.0002 0 0 -10 0
0.4160 -0.2784 0.0002 0 0 -10 0
0.4100 -0.2778 0.0013 0 0 -10 0
0.4060 -0.2770 0.0022 0 0 -10 0
0.4220 -0.2763 0.0036 0 0 -10 0
0.3920 -0.2762 0.0050 0 0 -10 0
0.3920 -0.2762 0.0050 0 0 -10 0
0.3920 -0.2763 0.0054 0 0 -10 0
0.3920 -0.2763 0.0054 0 0 -10 0
0.3980 -0.2762 0.0051 0 0 -10 0
0.4100 -0.2757 0.0062 0 0 -10 0
0.4000 -0.2754 0.0060 0 0 -10 0
0.3960 -0.2746 0.0044 0 0 -10 0
0.3960 -0.2746 0.0044 0 0 -10 0
0.4040 -0.2738 0.0138 0 0 -10 0
0.4040 -0.2738 0.0138 0 0 -10 0
0.3980 -0.2735 0.0138 0 0 -10 0
0.4120 -0.2738 0.0131 0 0 -10 0
0.4080 -0.2740 0.0125 0 0 -10 0
0.4080 -0.2740 0.0125 0 0 -10 0
0.4040 -0.2733 0.0129 0 0 -10 0
0.4040 -0.2733 0.0129 0 0 -10 0
0.3920 -0.2722 0.0122 0 0 -10 0
0.4020 -0.2715 0.0126 0 0 -10 0
0.4120 -0.2711 0.0112 0 0 -10 0
0.4120 -0.2711 0.0112 0 0 -10 0
0.4080 -0.2703 0.0111 0 0 -10 0
0.4020 -0.2697 0.0105 0 0 -10 0
0.4160 -0.2690 0.0109 0 0 -10 0
0.4100 -0.2683 0.0087 0 0 -10 0
0.4100 -0.2683 0.0087 0 0 -10 0
0.4000 -0.2678 0.0098 0 0 -10 0
0.4000 -0.2678 0.0098 0 0 -10 0
0.4060 -0.2676 0.0099 0 0 -10 0
0.4160 -0.2676 0.0076 0 0 -10 0
0.4080 -0.2672 0.0080 0 0 -10 0
0.4080 -0.2672 0.0080 0 0 -10 0
0.4060 -0.2662 0.0074 0 0 -10 0
0.4200 -0.2656 0.0077 0 0 -10 0
0.4060 -0.2650 0.0074 0 0 -10 0
0.4000 -0.2650 0.0089 0 0 -10 0
0.4160 -0.2643 0.0092 0 0 -10 0
0.3920 -0.2640 0.0080 0 0 -10 0
0.3920 -0.2640 0.0080 0 0 -10 0
0.4260 -0.2636 0.0088 0 0 -10 0
0.4100 -0.2629 0.0085 0 0 -10 0
0.4300 -0.2623 0.0085 0 0 -10 0
0.4300 -0.2620 0.0080 0 0 -10 0
0.4300 -0.2620 0.0080 0 0 -10 0
0.4320 -0.2618 0.0103 0 0 -10 0
0.4320 -0.2618 0.0103 0 0 -10 0
0.4240 -0.2616 0.0097 0 0 -10 0
0.4200 -0.2614 0.0086 0 0 -10 0
0.4180 -0.2605 0.0093 0 0 -10 0
0.4180 -0.2605 0.0093 0 0 -10 0
0.4300 -0.2602 0.0093 0 0 -10 0
0.4160 -0.2597 0.0047 0 0 -10 0
0.4180 -0.2591 0.0047 0 0 -10 0
0.4140 -0.2580 0.0047 0 0 -10 0
0.4120 -0.2572 0.0051 0 0 -10 0
0.4220 -0.2571 0.0012 0 0 -10 0
0.4360 -0.2564 0.0009 0 0 -10 0
0.4360 -0.2564 0.0009 0 0 -10 0
0.4320 -0.2559 0.0013 0 0 -10 0
0.4160 -0.2557 0.0009 0 0 -10 0
0.4220 -0.2550 0.0011 0 0 -10 0
0.4180 -0.2545 0.0009 0 0 -10 0
0.4180 -0.2541 0.0019 0 0 -10 0
0.4060 -0.2536 0.0017 0 0 -10 0
0.4300 -0.2534 -0.0014 0 0 -10 0
0.4160 -0.2529 0.0006 0 0 -10 0
0.4180 -0.2525 -0.0001 0 0 -10 0
0.4440 -0.2512 -0.0000 0 0 -10 0
0.4240 -0.2506 -0.0014 0 0 -10 0
0.4240 -0.2506 -0.0014 0 0 -10 0
0.4140 -0.2507 -0.0007 0 0 -10 0
0.4020 -0.2506 -0.0012 0 0 -10 0
0.4280 -0.2506 -0.0019 0 0 -10 0
0.4400 -0.2500 -0.0020 0 0 -10 0
0.4400 -0.2493 -0.0000 0 0 -10 0
0.4160 -0.2491 0.0001 0 0 -10 0
0.4160 -0.2491 0.0001 0 0 -10 0
0.4280 -0.2491 -0.0003 0 0 -10 0
0.4080 -0.2492 -0.0004 0 0 -10 0
0.4100 -0.2493 0.0023 0 0 -10 0
0.4020 -0.2491 0.0025 0 0 -10 0
0.4020 -0.2487 0.0027 0 0 -10 0
0.4200 -0.2487 0.0027 0 0 -10 0
0.4040 -0.2485 0.0063 0 0 -10 0
0.4020 -0.2481 0.0069 0 0 -10 0
0.4180 -0.2481 0.0074 0 0 -10 0
0.4240 -0.2476 0.0077 0 0 -10 0
0.4240 -0.2476 0.0077 0 0 -10 0
0.4040 -0.2471 0.0089 0 0 -10 0
0.4080 -0.2466 0.0093 0 0 -10 0
0.4360 -0.2455 0.0085 0 0 -10 0
0.4220 -0.2448 0.0114 0 0 -10 0
0.4360 -0.2443 0.0114 0 0 -10 0
0.4360 -0.2443 0.0114 0 0 -10 0
0.4220 -0.2437 0.0106 0 0 -10 0
0.4180 -0.2435 0.0104 0 0 -10 0
0.4220 -0.2431 0.0115 0 0 -10 0
0.4160 -0.2429 0.0115 0 0 -10 0
0.4160 -0.2429 0.0115 0 0 -10 0
0.4220 -0.2411 0.0116 0 0 -10 0
0.4220 -0.2411 0.0116 0 0 -10 0
0.4340 -0.2402 0.0117 0 0 -10 0
0.4560 -0.2397 0.0099 0 0 -10 0
0.4320 -0.2396 0.0097 0 0 -10 0
0.4380 -0.2395 0.0109 0 0 -10 0
0.4380 -0.2395 0.0109 0 0 -10 0
0.4500 -0.2389 0.0088 0 0 -10 0
0.4500 -0.2389 0.0088 0 0 -10 0
0.4200 -0.2385 0.0089 0 0 -10 0
0.4200 -0.2377 0.0097 0 0 -10 0
0.4320 -0.2373 0.0097 0 0 -10 0
0.4340 -0.2371 0.0058 0 0 -10 0
0.4340 -0.2371 0.0058 0 0 -10 0
0.4160 -0.2368 0.0097 0 0 -10 0
0.4140 -0.2362 0.0097 0 0 -10 0
0.4340 -0.2362 0.0077 0 0 -10 0
0.4360 -0.2362 0.0110 0 0 -10 0
0.4340 -0.2359 0.0116 0 0 -10 0
0.4340 -0.2359 0.0116 0 0 -10 0
0.4320 -0.2351 0.0102 0 0 -10 0
0.4360 -0.2348 0.0105 0 0 -10 0
0.4340 -0.2341 0.0102 0 0 -10 0
0.4340 -0.2341 0.0102 0 0 -10 0
0.4300 -0.2333 0.0089 0 0 -10 0
0.4300 -0.2329 0.0087 0 0 -10 0
0.4480 -0.2329 0.0087 0 0 -10 0
0.4420 -0.2322 0.0084 0 0 -10 0
0.4720 -0.2318 0.0087 0 0 -10 0
0.4520 -0.2308 0.0098 0 0 -10 0
0.4520 -0.2308 0.0098 0 0 -10 0
0.4360 -0.2296 0.0103 0 0 -10 0
0.4360 -0.2296 0.0103 0 0 -10 0
0.4540 -0.2292 0.0127 0 0 -10 0
0.4220 -0.2290 0.0135 0 0 -10 0
0.4140 -0.2290 0.0140 0 0 -10 0
0.4500 -0.2288 0.0130 0 0 -10 0
0.4500 -0.2288 0.0130 0 0 -10 0
0.4400 -0.2282 0.0083 0 0 -10 0
0.4260 -0.2279 0.0080 0 0 -10 0
0.4420 -0.2275 0.0083 0 0 -10 0
0.4360 -0.2273 0.0073 0 0 -10 0
0.4460 -0.2269 0.0045 0 0 -10 0
0.4460 -0.2269 0.0045 0 0 -10 0
0.4580 -0.2262 0.0039 0 0 -10 0
0.4400 -0.2258 0.0024 0 0 -10 0
0.4380 -0.2252 0.0023 0 0 -10 0
0.4380 -0.2252 0.0023 0 0 -10 0
0.4460 -0.2244 0.0041 0 0 -10 0
0.4460 -0.2244 0.0041 0 0 -10 0
0.4580 -0.2241 0.0063 0 0 -10 0
0.4080 -0.2242 0.0069 0 0 -10 0
0.4480 -0.2240 0.0084 0 0 -10 0
0.4280 -0.2241 0.0081 0 0 -10 0
0.4280 -0.2241 0.0081 0 0 -10 0
0.4220 -0.2238 0.0088 0 0 -10 0
0.4220 -0.2238 0.0088 0 0 -10 0
0.4520 -0.2230 0.0093 0 0 -10 0
0.4480 -0.2224 0.0072 0 0 -10 0
0.4440 -0.2219 0.0075 0 0 -10 0
0.4360 -0.2213 0.0073 0 0 -10 0
0.4420 -0.2207 0.0077 0 0 -10 0
0.4540 -0.2204 0.0050 0 0 -10 0
0.4540 -0.2204 0.0050 0 0 -10 0
0.4400 -0.2198 0.0050 0 0 -10 0
0.4560 -0.2193 0.0063 0 0 -10 0
0.4540 -0.2190 0.0061 0 0 -10 0
0.4520 -0.2189 0.0039 0 0 -10 0
0.4520 -0.2189 0.0039 0 0 -10 0
0.4460 -0.2175 0.0023 0 0 -10 0
0.4460 -0.2175 0.0023 0 0 -10 0
0.4320 -0.2169 0.0021 0 0 -10 0
0.4760 -0.2158 -0.0008 0 0 -10 0
0.4420 -0.2155 -0.0014 0 0 -10 0
0.4540 -0.2141 0.0010 0 0 -10 0
0.4540 -0.2141 0.0010 0 0 -10 0
0.4600 -0.2124 0.0019 0 0 -10 0
0.4600 -0.2124 0.0019 0 0 -10 0
0.4420 -0.2115 0.0024 0 0 -10 0
0.4520 -0.2113 0.0027 0 0 -10 0
0.4620 -0.2110 0.0042 0 0 -10 0
0.4620 -0.2110 0.0042 0 0 -10 0
0.4480 -0.2101 0.0050 0 0 -10 0
0.4480 -0.2101 0.0050 0 0 -10 0
0.4540 -0.2095 0.0032 0 0 -10 0
0.4320 -0.2084 0.0085 0 0 -10 0
0.4320 -0.2084 0.0085 0 0 -10 0
0.4300 -0.2081 0.0090 0 0 -10 0
0.4280 -0.2081 0.0084 0 0 -10 0
0.4480 -0.2078 0.0083 0 0 -10 0
0.4480 -0.2078 0.0083 0 0 -10 0
0.4680 -0.2076 0.0043 0 0 -10 0
0.4540 -0.2076 0.0056 0 0 -10 0
0.4540 -0.2074 0.0055 0 0 -10 0
0.4440 -0.2068 0.0052 0 0 -10 0
0.4440 -0.2068 0.0052 0 0 -10 0
0.4700 -0.2059 0.0045 0 0 -10 0
0.4700 -0.2059 0.0045 0 0 -10 0
0.4700 -0.2055 0.0034 0 0 -10 0
0.4620 -0.2052 0.0030 0 0 -10 0
0.4620 -0.2052 0.0030 0 0 -10 0
0.4720 -0.2049 0.0013 0 0 -10 0
0.4900 -0.2048 0.0014 0 0 -10 0
0.4500 -0.2041 0.0007 0 0 -10 0
0.4500 -0.2041 0.0007 0 0 -10 0
0.4780 -0.2023 0.0055 0 0 -10 0
0.4560 -0.2011 0.0126 0 0 -10 0
0.4560 -0.2011 0.0126 0 0 -10 0
0.4660 -0.2000 0.0109 0 0 -10 0
0.4660 -0.2000 0.0109 0 0 -10 0
0.4600 -0.2001 0.0161 0 0 -10 0
0.4460 -0.2003 0.0152 0 0 -10 0
0.4460 -0.1998 0.0151 0 0 -10 0
0.4660 -0.1998 0.0151 0 0 -10 0
0.4800 -0.1990 0.0136 0 0 -10 0
0.4580 -0.1982 0.0144 0 0 -10 0
0.4700 -0.1980 0.0113 0 0 -10 0
0.4540 -0.1980 0.0112 0 0 -10 0
0.4340 -0.1979 0.0114 0 0 -10 0
0.4340 -0.1979 0.0114 0 0 -10 0
0.4680 -0.1974 0.0122 0 0 -10 0
0.4520 -0.1968 0.0146 0 0 -10 0
0.4560 -0.1965 0.0149 0 0 -10 0
0.4760 -0.1962 0.0137 0 0 -10 0
0.4560 -0.1959 0.0143 0 0 -10 0
0.4500 -0.1958 0.0140 0 0 -10 0
0.4500 -0.1953 0.0144 0 0 -10 0
0.4580 -0.1950 0.0128 0 0 -10 0
0.4580 -0.1950 0.0128 0 0 -10 0
0.4440 -0.1947 0.0130 0 0 -10 0
0.4600 -0.1945 0.0148 0 0 -10 0
0.4420 -0.1940 0.0141 0 0 -10 0
0.4420 -0.1932 0.0132 0 0 -10 0
0.4420 -0.1932 0.0132 0 0 -10 0
0.4580 -0.1922 0.0145 0 0 -10 0
0.4540 -0.1914 0.0156 0 0 -10 0
0.4500 -0.1907 0.0156 0 0 -10 0
0.4360 -0.1905 0.0150 0 0 -10 0
0.4500 -0.1907 0.0159 0 0 -10 0
0.4500 -0.1907 0.0159 0 0 -10 0
0.4540 -0.1911 0.0157 0 0 -10 0
0.4460 -0.1910 0.0147 0 0 -10 0
0.4540 -0.1903 0.0145 0 0 -10 0
0.4780 -0.1897 0.0154 0 0 -10 0
0.4240 -0.1889 0.0154 0 0 -10 0
0.4540 -0.1884 0.0163 0 0 -10 0
0.4540 -0.1884 0.0163 0 0 -10 0
0.4300 -0.1878 0.0166 0 0 -10 0
0.4560 -0.1872 0.0176 0 0 -10 0
0.4520 -0.1868 0.0177 0 0 -10 0
0.4600 -0.1865 0.0168 0 0 -10 0
0.4620 -0.1862 0.0171 0 0 -10 0
0.4620 -0.1862 0.0171 0 0 -10 0
0.4680 -0.1853 0.0199 0 0 -10 0
0.4780 -0.1845 0.0204 0 0 -10 0
0.4660 -0.1833 0.0211 0 0 -10 0
0.4560 -0.1827 0.0215 0 0 -10 0
0.4560 -0.1827 0.0215 0 0 -10 0
0.4420 -0.1820 0.0208 0 0 -10 0
0.4520 -0.1819 0.0210 0 0 -10 0
0.4520 -0.1819 0.0220 0 0 -10 0
0.4460 -0.1821 0.0222 0 0 -10 0
0.4480 -0.1820 0.0209 0 0 -10 0
0.4480 -0.1816 0.0206 0 0 -10 0
0.4480 -0.1816 0.0206 0 0 -10 0
0.4500 -0.1809 0.0219 0 0 -10 0
0.4540 -0.1810 0.0218 0 0 -10 0
0.4440 -0.1809 0.0208 0 0 -10 0
0.4660 -0.1801 0.0217 0 0 -10 0
0.4600 -0.1791 0.0211 0 0 -10 0
0.4680 -0.1789 0.0189 0 0 -10 0
0.4580 -0.1791 0.0186 0 0 -10 0
0.4580 -0.1790 0.0184 0 0 -10 0
0.4780 -0.1790 0.0184 0 0 -10 0
0.4600 -0.1782 0.0194 0 0 -10 0
0.4660 -0.1777 0.0197 0 0 -10 0
0.4740 -0.1770 0.0202 0 0 -10 0
0.4740 -0.1770 0.0202 0 0 -10 0
0.4480 -0.1758 0.0204 0 0 -10 0
0.4480 -0.1756 0.0204 0 0 -10 0
0.4480 -0.1756 0.0204 0 0 -10 0
0.4540 -0.1753 0.0212 0 0 -10 0
0.4720 -0.1748 0.0211 0 0 -10 0
0.4640 -0.1744 0.0206 0 0 -10 0
0.4640 -0.1744 0.0206 0 0 -10 0
0.4560 -0.1739 0.0212 0 0 -10 0
0.4600 -0.1725 0.0217 0 0 -10 0
0.4680 -0.1718 0.0216 0 0 -10 0
0.4800 -0.1715 0.0195 0 0 -10 0
0.4640 -0.1712 0.0193 0 0 -10 0
0.4640 -0.1712 0.0193 0 0 -10 0
0.4720 -0.1709 0.0177 0 0 -10 0
0.4640 -0.1705 0.0178 0 0 -10 0
0.4640 -0.1705 0.0178 0 0 -10 0
0.4780 -0.1698 0.0179 0 0 -10 0
0.4420 -0.1695 0.0167 0 0 -10 0
0.4720 -0.1694 0.0171 0 0 -10 0
0.4820 -0.1692 0.0174 0 0 -10 0
0.4860 -0.1686 0.0179 0 0 -10 0
0.4620 -0.1677 0.0172 0 0 -10 0
0.4620 -0.1659 0.0196 0 0 -10 0
0.4620 -0.1659 0.0196 0 0 -10 0
0.4860 -0.1658 0.0170 0 0 -10 0
0.4660 -0.1658 0.0198 0 0 -10 0
0.4680 -0.1655 0.0198 0 0 -10 0
0.4680 -0.1655 0.0198 0 0 -10 0
0.4760 -0.1655 0.0210 0 0 -10 0
0.4700 -0.1646 0.0210 0 0 -10 0
0.4760 -0.1642 0.0197 0 0 -10 0
0.4760 -0.1642 0.0197 0 0 -10 0
0.4700 -0.1631 0.0196 0 0 -10 0
0.4700 -0.1631 0.0196 0 0 -10 0
0.4900 -0.1631 0.0191 0 0 -10 0
0.4920 -0.1623 0.0193 0 0 -10 0
0.4840 -0.1617 0.0185 0 0 -10 0
0.4500 -0.1610 0.0181 0 0 -10 0
0.4500 -0.1610 0.0181 0 0 -10 0
0.4720 -0.1603 0.0184 0 0 -10 0
0.4720 -0.1603 0.0184 0 0 -10 0
0.4940 -0.1599 0.0177 0 0 -10 0
0.4880 -0.1595 0.0175 0 0 -10 0
0.5160 -0.1592 0.0175 0 0 -10 0
0.5160 -0.1592 0.0175 0 0 -10 0
0.4980 -0.1588 0.0172 0 0 -10 0
0.4960 -0.1584 0.0173 0 0 -10 0
0.4860 -0.1584 0.0173 0 0 -10 0
0.5020 -0.1585 0.0182 0 0 -10 0
0.5080 -0.1579 0.0195 0 0 -10 0
0.4980 -0.1575 0.0191 0 0 -10 0
0.4980 -0.1575 0.0191 0 0 -10 0
0.5080 -0.1572 0.0198 0 0 -10 0
0.5160 -0.1565 0.0185 0 0 -10 0
0.5320 -0.1563 0.0183 0 0 -10 0
0.5320 -0.1563 0.0183 0 0 -10 0
0.4980 -0.1555 0.0164 0 0 -10 0
0.4980 -0.1555 0.0164 0 0 -10 0
0.5200 -0.1551 0.0134 0 0 -10 0
0.5100 -0.1546 0.0129 0 0 -10 0
0.5260 -0.1545 0.0141 0 0 -10 0
0.5260 -0.1536 0.0161 0 0 -10 0
0.5040 -0.1536 0.0161 0 0 -10 0
0.5040 -0.1530 0.0161 0 0 -10 0
0.5040 -0.1530 0.0161 0 0 -10 0
0.5120 -0.1526 0.0178 0 0 -10 0
0.5140 -0.1519 0.0166 0 0 -10 0
0.5140 -0.1519 0.0166 0 0 -10 0
0.5020 -0.1514 0.0174 0 0 -10 0
0.5280 -0.1510 0.0178 0 0 -10 0
0.5020 -0.1501 0.0174 0 0 -10 0
0.5020 -0.1501 0.0174 0 0 -10 0
0.5140 -0.1493 0.0181 0 0 -10 0
0.5260 -0.1499 0.0206 0 0 -10 0
0.5260 -0.1499 0.0206 0 0 -10 0
0.5180 -0.1498 0.0184 0 0 -10 0
0.5080 -0.1493 0.0185 0 0 -10 0
0.5300 -0.1486 0.0179 0 0 -10 0
0.5000 -0.1480 0.0180 0 0 -10 0
0.5000 -0.1480 0.0180 0 0 -10 0
0.5220 -0.1471 0.0170 0 0 -10 0
0.5220 -0.1471 0.0170 0 0 -10 0
0.5400 -0.1468 0.0173 0 0 -10 0
0.5340 -0.1465 0.0162 0 0 -10 0
0.5280 -0.1465 0.0161 0 0 -10 0
0.5220 -0.1463 0.0184 0 0 -10 0
0.5220 -0.1463 0.0184 0 0 -10 0
0.5380 -0.1456 0.0175 0 0 -10 0
0.5380 -0.1456 0.0175 0 0 -10 0
0.5220 -0.1451 0.0176 0 0 -10 0
0.5160 -0.1449 0.0184 0 0 -10 0
0.5220 -0.1446 0.0181 0 0 -10 0
0.5460 -0.1437 0.0160 0 0 -10 0
0.5380 -0.1432 0.0162 0 0 -10 0
0.5360 -0.1430 0.0169 0 0 -10 0
0.5400 -0.1430 0.0143 0 0 -10 0
0.5360 -0.1430 0.0143 0 0 -10 0
0.5360 -0.1430 0.0143 0 0 -10 0
0.5180 -0.1430 0.0150 0 0 -10 0
0.5220 -0.1424 0.0140 0 0 -10 0
0.5220 -0.1416 0.0128 0 0 -10 0
0.5300 -0.1412 0.0121 0 0 -10 0
0.5300 -0.1412 0.0121 0 0 -10 0
0.5320 -0.1409 0.0116 0 0 -10 0
0.5300 -0.1402 0.0081 0 0 -10 0
0.5380 -0.1401 0.0081 0 0 -10 0
0.5380 -0.1401 0.0081 0 0 -10 0
0.5540 -0.1392 0.0101 0 0 -10 0
0.5540 -0.1392 0.0101 0 0 -10 0
0.5420 -0.1386 0.0083 0 0 -10 0
0.5560 -0.1381 0.0083 0 0 -10 0
0.5560 -0.1381 0.0083 0 0 -10 0
0.5680 -0.1374 0.0088 0 0 -10 0
0.5420 -0.1368 0.0076 0 0 -10 0
0.5360 -0.1362 0.0068 0 0 -10 0
0.5280 -0.1363 0.0061 0 0 -10 0
0.5540 -0.1361 0.0061 0 0 -10 0
0.5540 -0.1361 0.0061 0 0 -10 0
0.5240 -0.1355 0.0071 0 0 -10 0
0.5580 -0.1350 0.0073 0 0 -10 0
0.5440 -0.1336 0.0048 0 0 -10 0
0.5540 -0.1328 0.0044 0 0 -10 0
0.5520 -0.1325 0.0061 0 0 -10 0
0.5320 -0.1322 0.0045 0 0 -10 0
0.5320 -0.1321 0.0046 0 0 -10 0
0.5160 -0.1321 0.0046 0 0 -10 0
0.5360 -0.1319 0.0048 0 0 -10 0
0.5280 -0.1315 0.0047 0 0 -10 0
0.5460 -0.1314 0.0050 0 0 -10 0
0.5460 -0.1311 0.0051 0 0 -10 0
0.5300 -0.1305 0.0068 0 0 -10 0
0.5300 -0.1299 0.0069 0 0 -10 0
0.5400 -0.1299 0.0069 0 0 -10 0
0.5520 -0.1298 0.0053 0 0 -10 0
0.5520 -0.1298 0.0053 0 0 -10 0
0.5480 -0.1293 0.0059 0 0 -10 0
0.5340 -0.1288 0.0066 0 0 -10 0
0.5320 -0.1284 0.0061 0 0 -10 0
0.5440 -0.1284 0.0065 0 0 -10 0
0.5440 -0.1284 0.0065 0 0 -10 0
0.5360 -0.1280 0.0080 0 0 -10 0
0.5520 -0.1277 0.0061 0 0 -10 0
0.5360 -0.1276 0.0061 0 0 -10 0
0.5520 -0.1270 0.0074 0 0 -10 0
0.5500 -0.1266 0.0069 0 0 -10 0
0.5500 -0.1266 0.0069 0 0 -10 0
0.5460 -0.1262 0.0081 0 0 -10 0
0.5660 -0.1256 0.0082 0 0 -10 0
0.5740 -0.1247 0.0094 0 0 -10 0
0.5740 -0.1242 0.0087 0 0 -10 0
0.5540 -0.1243 0.0092 0 0 -10 0
0.5500 -0.1246 0.0113 0 0 -10 0
0.5500 -0.1246 0.0113 0 0 -10 0
0.5600 -0.1246 0.0114 0 0 -10 0
0.5620 -0.1239 0.0102 0 0 -10 0
0.5560 -0.1227 0.0107 0 0 -10 0
0.5560 -0.1227 0.0107 0 0 -10 0
0.5640 -0.1219 0.0102 0 0 -10 0
0.5640 -0.1219 0.0102 0 0 -10 0
0.5400 -0.1217 0.0101 0 0 -10 0
0.5440 -0.1217 0.0102 0 0 -10 0
0.5560 -0.1212 0.0104 0 0 -10 0
0.5560 -0.1208 0.0089 0 0 -10 0
0.5560 -0.1208 0.0089 0 0 -10 0
0.5580 -0.1199 0.0091 0 0 -10 0
0.5520 -0.1192 0.0103 0 0 -10 0
0.5560 -0.1183 0.0106 0 0 -10 0
0.5500 -0.1174 0.0091 0 0 -10 0
0.5660 -0.1169 0.0087 0 0 -10 0
0.5620 -0.1168 0.0091 0 0 -10 0
0.5620 -0.1168 0.0091 0 0 -10 0
0.5640 -0.1167 0.0057 0 0 -10 0
0.5620 -0.1164 0.0058 0 0 -10 0
0.5560 -0.1163 0.0057 0 0 -10 0
0.5720 -0.1162 0.0047 0 0 -10 0
0.5780 -0.1155 0.0069 0 0 -10 0
0.5780 -0.1155 0.0069 0 0 -10 0
0.5660 -0.1148 0.0062 0 0 -10 0
0.5760 -0.1139 0.0090 0 0 -10 0
0.5660 -0.1134 0.0093 0 0 -10 0
0.5720 -0.1130 0.0085 0 0 -10 0
0.5600 -0.1129 0.0084 0 0 -10 0
0.5740 -0.1127 0.0086 0 0 -10 0
0.5640 -0.1118 0.0089 0 0 -10 0
0.5760 -0.1112 0.0085 0 0 -10 0
0.5760 -0.1104 0.0082 0 0 -10 0
0.5740 -0.1104 0.0082 0 0 -10 0
0.5600 -0.1102 0.0082 0 0 -10 0
0.5640 -0.1096 0.0086 0 0 -10 0
0.5860 -0.1093 0.0087 0 0 -10 0
0.5720 -0.1090 0.0097 0 0 -10 0
0.5720 -0.1090 0.0097 0 0 -10 0
0.5840 -0.1085 0.0094 0 0 -10 0
0.5880 -0.1083 0.0081 0 0 -10 0
0.5780 -0.1078 0.0083 0 0 -10 0
0.5920 -0.1072 0.0088 0 0 -10 0
0.5780 -0.1072 0.0090 0 0 -10 0
0.5780 -0.1072 0.0090 0 0 -10 0
0.5760 -0.1073 0.0043 0 0 -10 0
0.5960 -0.1070 0.0044 0 0 -10 0
0.6300 -0.1067 0.0058 0 0 -10 0
0.5940 -0.1062 0.0057 0 0 -10 0
0.5940 -0.1062 0.0057 0 0 -10 0
0.6140 -0.1052 0.0018 0 0 -10 0
0.5980 -0.1045 0.0021 0 0 -10 0
0.6040 -0.1039 0.0024 0 0 -10 0
0.6260 -0.1041 0.0022 0 0 -10 0
0.6080 -0.1039 0.0022 0 0 -10 0
0.6080 -0.1039 0.0022 0 0 -10 0
0.6100 -0.1037 0.0043 0 0 -10 0
0.6020 -0.1032 0.0039 0 0 -10 0
0.6300 -0.1026 0.0014 0 0 -10 0
0.6060 -0.1019 0.0011 0 0 -10 0
0.6120 -0.1007 0.0034 0 0 -10 0
0.6120 -0.1007 0.0034 0 0 -10 0
0.6360 -0.1002 0.0025 0 0 -10 0
0.6160 -0.0997 0.0024 0 0 -10 0
0.6100 -0.0992 0.0033 0 0 -10 0
0.6180 -0.0994 0.0037 0 0 -10 0
0.6240 -0.0988 0.0054 0 0 -10 0
0.6080 -0.0983 0.0051 0 0 -10 0
0.6080 -0.0983 0.0051 0 0 -10 0
0.6160 -0.0972 0.0059 0 0 -10 0
0.6180 -0.0968 0.0061 0 0 -10 0
0.6120 -0.0962 0.0076 0 0 -10 0
0.6200 -0.0961 0.0080 0 0 -10 0
0.6360 -0.0957 0.0089 0 0 -10 0
0.6360 -0.0957 0.0089 0 0 -10 0
0.6300 -0.0952 0.0089 0 0 -10 0
0.6080 -0.0951 0.0093 0 0 -10 0
0.6160 -0.0951 0.0094 0 0 -10 0
0.6180 -0.0949 0.0100 0 0 -10 0
0.6200 -0.0945 0.0103 0 0 -10 0
0.6120 -0.0946 0.0152 0 0 -10 0
0.6120 -0.0946 0.0152 0 0 -10 0
0.6400 -0.0942 0.0156 0 0 -10 0
0.6140 -0.0931 0.0141 0 0 -10 0
0.6300 -0.0921 0.0141 0 0 -10 0
0.6300 -0.0921 0.0141 0 0 -10 0
0.6500 -0.0915 0.0143 0 0 -10 0
0.6500 -0.0915 0.0143 0 0 -10 0
0.6260 -0.0917 0.0169 0 0 -10 0
0.6320 -0.0915 0.0167 0 0 -10 0
0.6220 -0.0912 0.0168 0 0 -10 0
0.6220 -0.0912 0.0168 0 0 -10 0
0.6160 -0.0906 0.0163 0 0 -10 0
0.6440 -0.0899 0.0155 0 0 -10 0
0.6240 -0.0896 0.0158 0 0 -10 0
0.6100 -0.0889 0.0146 0 0 -10 0
0.6100 -0.0889 0.0146 0 0 -10 0
0.6380 -0.0879 0.0135 0 0 -10 0
0.6380 -0.0879 0.0135 0 0 -10 0
0.6420 -0.0873 0.0126 0 0 -10 0
0.6520 -0.0871 0.0127 0 0 -10 0
0.6560 -0.0865 0.0137 0 0 -10 0
0.6420 -0.0858 0.0139 0 0 -10 0
0.6420 -0.0858 0.0139 0 0 -10 0
0.6460 -0.0851 0.0134 0 0 -10 0
0.6640 -0.0850 0.0132 0 0 -10 0
0.6580 -0.0852 0.0136 0 0 -10 0
0.6540 -0.0850 0.0134 0 0 -10 0
0.6540 -0.0839 0.0120 0 0 -10 0
0.6620 -0.0832 0.0119 0 0 -10 0
0.6620 -0.0832 0.0119 0 0 -10 0
0.6520 -0.0826 0.0120 0 0 -10 0
0.6540 -0.0812 0.0093 0 0 -10 0
0.6660 -0.0808 0.0091 0 0 -10 0
0.6500 -0.0804 0.0104 0 0 -10 0
0.6500 -0.0805 0.0090 0 0 -10 0
0.6640 -0.0805 0.0090 0 0 -10 0
0.6460 -0.0808 0.0092 0 0 -10 0
0.6540 -0.0808 0.0096 0 0 -10 0
0.6640 -0.0802 0.0094 0 0 -10 0
0.6640 -0.0802 0.0094 0 0 -10 0
0.6480 -0.0798 0.0080 0 0 -10 0
0.6720 -0.0786 0.0093 0 0 -10 0
0.6460 -0.0781 0.0088 0 0 -10 0
0.6620 -0.0781 0.0083 0 0 -10 0
0.6540 -0.0780 0.0082 0 0 -10 0
0.6540 -0.0780 0.0082 0 0 -10 0
0.6740 -0.0779 0.0090 0 0 -10 0
0.6740 -0.0775 0.0081 0 0 -10 0
0.6740 -0.0772 0.0078 0 0 -10 0
0.6740 -0.0772 0.0078 0 0 -10 0
0.6720 -0.0769 0.0074 0 0 -10 0
0.6720 -0.0769 0.0074 0 0 -10 0
0.6700 -0.0769 0.0076 0 0 -10 0
0.6700 -0.0771 0.0073 0 0 -10 0
0.6500 -0.0766 0.0079 0 0 -10 0
0.6680 -0.0760 0.0080 0 0 -10 0
0.6680 -0.0753 0.0075 0 0 -10 0
0.6520 -0.0742 0.0075 0 0 -10 0
0.6720 -0.0734 0.0079 0 0 -10 0
0.6600 -0.0731 0.0079 0 0 -10 0
0.6520 -0.0729 0.0081 0 0 -10 0
0.6560 -0.0728 0.0085 0 0 -10 0
0.6720 -0.0726 0.0106 0 0 -10 0
0.6520 -0.0722 0.0109 0 0 -10 0
0.6520 -0.0722 0.0109 0 0 -10 0
0.6580 -0.0717 0.0103 0 0 -10 0
0.6740 -0.0712 0.0098 0 0 -10 0
0.6540 -0.0708 0.0096 0 0 -10 0
0.6680 -0.0700 0.0069 0 0 -10 0
0.6680 -0.0700 0.0069 0 0 -10 0
0.6780 -0.0699 0.0068 0 0 -10 0
0.6700 -0.0693 0.0086 0 0 -10 0
0.6940 -0.0687 0.0088 0 0 -10 0
0.6640 -0.0678 0.0094 0 0 -10 0
0.6680 -0.0672 0.0095 0 0 -10 0
0.6680 -0.0672 0.0095 0 0 -10 0
0.6700 -0.0669 0.0110 0 0 -10 0
0.6640 -0.0669 0.0121 0 0 -10 0
0.6580 -0.0669 0.0121 0 0 -10 0
0.6620 -0.0667 0.0146 0 0 -10 0
0.6640 -0.0654 0.0133 0 0 -10 0
0.6640 -0.0654 0.0133 0 0 -10 0
0.6640 -0.0646 0.0132 0 0 -10 0
0.6520 -0.0636 0.0141 0 0 -10 0
0.6560 -0.0630 0.0143 0 0 -10 0
0.6840 -0.0628 0.0139 0 0 -10 0
0.6580 -0.0622 0.0132 0 0 -10 0
0.6600 -0.0615 0.0111 0 0 -10 0
0.6600 -0.0615 0.0111 0 0 -10 0
0.6920 -0.0613 0.0112 0 0 -10 0
0.6740 -0.0608 0.0125 0 0 -10 0
0.6760 -0.0601 0.0136 0 0 -10 0
0.6760 -0.0601 0.0136 0 0 -10 0
0.6680 -0.0595 0.0131 0 0 -10 0
0.6680 -0.0595 0.0131 0 0 -10 0
0.6640 -0.0588 0.0134 0 0 -10 0
0.6680 -0.0583 0.0146 0 0 -10 0
0.6780 -0.0579 0.0141 0 0 -10 0
0.6820 -0.0575 0.0143 0 0 -10 0
0.6820 -0.0575 0.0143 0 0 -10 0
0.6580 -0.0578 0.0161 0 0 -10 0
0.6540 -0.0572 0.0169 0 0 -10 0
0.6720 -0.0569 0.0167 0 0 -10 0
0.6720 -0.0569 0.0167 0 0 -10 0
0.6780 -0.0568 0.0166 0 0 -10 0
0.6800 -0.0568 0.0166 0 0 -10 0
0.6660 -0.0565 0.0158 0 0 -10 0
0.6660 -0.0565 0.0158 0 0 -10 0
0.6780 -0.0548 0.0159 0 0 -10 0
0.6580 -0.0543 0.0158 0 0 -10 0
0.6580 -0.0543 0.0158 0 0 -10 0
0.6980 -0.0539 0.0161 0 0 -10 0
0.6620 -0.0537 0.0162 0 0 -10 0
0.6720 -0.0536 0.0160 0 0 -10 0
0.6720 -0.0536 0.0160 0 0 -10 0
0.6840 -0.0541 0.0152 0 0 -10 0
0.6940 -0.0546 0.0157 0 0 -10 0
0.6940 -0.0546 0.0157 0 0 -10 0
0.6700 -0.0542 0.0159 0 0 -10 0
0.6840 -0.0537 0.0158 0 0 -10 0
0.6760 -0.0535 0.0168 0 0 -10 0
0.6840 -0.0532 0.0166 0 0 -10 0
0.6920 -0.0532 0.0152 0 0 -10 0
0.6740 -0.0532 0.0148 0 0 -10 0
0.6740 -0.0532 0.0148 0 0 -10 0
0.6760 -0.0527 0.0108 0 0 -10 0
0.6760 -0.0525 0.0107 0 0 -10 0
0.6640 -0.0521 0.0126 0 0 -10 0
0.6840 -0.0511 0.0099 0 0 -10 0
0.6840 -0.0504 0.0103 0 0 -10 0
0.6840 -0.0504 0.0103 0 0 -10 0
0.6760 -0.0497 0.0118 0 0 -10 0
0.6620 -0.0492 0.0118 0 0 -10 0
0.6760 -0.0486 0.0104 0 0 -10 0
0.6900 -0.0480 0.0091 0 0 -10 0
0.7000 -0.0470 0.0089 0 0 -10 0
0.6820 -0.0465 0.0095 0 0 -10 0
0.7060 -0.0460 0.0102 0 0 -10 0
0.7060 -0.0460 0.0102 0 0 -10 0
0.6920 -0.0444 0.0129 0 0 -10 0
0.6920 -0.0444 0.0129 0 0 -10 0
0.7020 -0.0437 0.0126 0 0 -10 0
0.7020 -0.0431 0.0126 0 0 -10 0
0.6880 -0.0428 0.0126 0 0 -10 0
0.7000 -0.0433 0.0152 0 0 -10 0
0.7000 -0.0433 0.0152 0 0 -10 0
0.6680 -0.0434 0.0122 0 0 -10 0
0.6780 -0.0434 0.0122 0 0 -10 0
0.6680 -0.0429 0.0144 0 0 -10 0
0.6960 -0.0417 0.0157 0 0 -10 0
0.6960 -0.0417 0.0157 0 0 -10 0
0.7040 -0.0416 0.0152 0 0 -10 0
0.7100 -0.0413 0.0146 0 0 -10 0
0.7040 -0.0412 0.0140 0 0 -10 0
0.6920 -0.0408 0.0131 0 0 -10 0
0.7000 -0.0402 0.0131 0 0 -10 0
0.6740 -0.0399 0.0139 0 0 -10 0
0.6740 -0.0399 0.0139 0 0 -10 0
0.6700 -0.0392 0.0114 0 0 -10 0
0.6800 -0.0389 0.0108 0 0 -10 0
0.6600 -0.0388 0.0106 0 0 -10 0
0.6600 -0.0388 0.0106 0 0 -10 0
0.6680 -0.0379 0.0103 0 0 -10 0
0.6800 -0.0376 0.0095 0 0 -10 0
0.6820 -0.0376 0.0097 0 0 -10 0
0.6920 -0.0379 0.0110 0 0 -10 0
0.6760 -0.0381 0.0111 0 0 -10 0
0.6980 -0.0382 0.0109 0 0 -10 0
0.6980 -0.0382 0.0109 0 0 -10 0
0.6960 -0.0375 0.0114 0 0 -10 0
0.6860 -0.0363 0.0139 0 0 -10 0
0.6940 -0.0358 0.0146 0 0 -10 0
0.6700 -0.0352 0.0154 0 0 -10 0
0.6820 -0.0352 0.0160 0 0 -10 0
0.6820 -0.0352 0.0181 0 0 -10 0
0.6820 -0.0352 0.0181 0 0 -10 0
0.6840 -0.0349 0.0180 0 0 -10 0
0.6860 -0.0345 0.0185 0 0 -10 0
0.7240 -0.0340 0.0187 0 0 -10 0
0.7200 -0.0332 0.0196 0 0 -10 0
0.7200 -0.0332 0.0196 0 0 -10 0
0.7260 -0.0323 0.0181 0 0 -10 0
0.7260 -0.0323 0.0181 0 0 -10 0
0.7100 -0.0321 0.0186 0 0 -10 0
0.7240 -0.0316 0.0182 0 0 -10 0
0.7080 -0.0308 0.0167 0 0 -10 0
0.7080 -0.0308 0.0167 0 0 -10 0
0.6820 -0.0300 0.0164 0 0 -10 0
0.7100 -0.0295 0.0159 0 0 -10 0
0.7200 -0.0292 0.0160 0 0 -10 0
0.7080 -0.0291 0.0169 0 0 -10 0
0.7040 -0.0289 0.0167 0 0 -10 0
0.7140 -0.0280 0.0106 0 0 -10 0
0.7140 -0.0280 0.0106 0 0 -10 0
0.7080 -0.0273 0.0109 0 0 -10 0
0.7140 -0.0271 0.0129 0 0 -10 0
0.7320 -0.0268 0.0133 0 0 -10 0
0.7340 -0.0268 0.0123 0 0 -10 0
0.7340 -0.0268 0.0123 0 0 -10 0
0.6940 -0.0262 0.0123 0 0 -10 0
0.7000 -0.0256 0.0146 0 0 -10 0
0.7100 -0.0250 0.0148 0 0 -10 0
0.7100 -0.0250 0.0148 0 0 -10 0
0.7140 -0.0239 0.0135 0 0 -10 0
0.6880 -0.0237 0.0132 0 0 -10 0
0.6800 -0.0228 0.0139 0 0 0 0
0.7140 -0.0181 0.0148 0 0 0 -10
0.7360 -0.0164 0.0171 0 0 0 -10
0.7140 -0.0162 0.0159 0 0 0 0
0.7260 -0.0158 0.0103 0 0 0 -10
0.7340 -0.0171 0.0098 0 0 0 0
0.7460 -0.0177 -0.0043 0 0 -10 0
0.7400 -0.0191 -0.0029 0 0 -10 0
0.7520 -0.0172 -0.0045 0 0 -10 0
0.7360 -0.0169 -0.0044 0 0 -10 0
0.7320 -0.0172 -0.0042 0 0 -10 0
0.7360 -0.0174 -0.0044 0 0 -10 0
0.7360 -0.0174 -0.0044 0 0 -10 0
0.7280 -0.0174 -0.0066 0 0 -10 0
0.7260 -0.0173 -0.0059 0 0 -10 0
0.7160 -0.0169 -0.0058 0 0 -10 0
0.7160 -0.0169 -0.0058 0 0 -10 0
0.7180 -0.0166 -0.0058 0 0 -10 0
0.7120 -0.0164 -0.0073 0 0 -10 0
0.7200 -0.0165 -0.0072 0 0 -10 0
0.7160 -0.0164 -0.0063 0 0 -10 0
0.7180 -0.0157 -0.0062 0 0 -10 0
0.7340 -0.0157 -0.0079 0 0 -10 0
0.7360 -0.0152 -0.0079 0 0 -10 0
0.7220 -0.0147 -0.0076 0 0 -10 0
0.7220 -0.0147 -0.0076 0 0 -10 0
0.7300 -0.0143 -0.0073 0 0 -10 0
0.7460 -0.0138 -0.0088 0 0 -10 0
0.7320 -0.0135 -0.0074 0 0 -10 0
0.7400 -0.0135 -0.0076 0 0 -10 0
0.7400 -0.0135 -0.0076 0 0 -10 0
0.7580 -0.0130 -0.0079 0 0 -10 0
0.7300 -0.0126 -0.0085 0 0 -10 0
0.7500 -0.0123 -0.0067 0 0 -10 0
0.7320 -0.0112 -0.0080 0 0 -10 0
0.7320 -0.0112 -0.0080 0 0 -10 0
0.7480 -0.0111 -0.0084 0 0 -10 0
0.7440 -0.0109 -0.0084 0 0 0 0
0.7620 -0.0093 -0.0099 0 0 -10 0
0.7520 -0.0080 -0.0093 0 0 -10 0
0.7480 -0.0074 -0.0082 0 0 -10 0
0.7480 -0.0074 -0.0082 0 0 -10 0
0.7500 -0.0072 -0.0079 0 0 0 0
