0.4240 -0.2779 -0.0097 0 0 -10 0
0.4160 -0.2768 -0.0098 0 0 -10 0
0.4160 -0.2772 -0.0084 0 0 -10 0
0.4320 -0.2773 -0.0023 0 0 -10 0
0.4220 -0.2773 -0.0026 0 0 -10 0
0.4300 -0.2772 -0.0041 0 0 -10 0
0.4420 -0.2762 -0.0035 0 0 -10 0
0.4420 -0.2762 -0.0035 0 0 -10 0
0.4320 -0.2759 -0.0039 0 0 -10 0
0.4220 -0.2759 -0.0085 0 0 -10 0
0.4280 -0.2762 -0.0073 0 0 -10 0
0.4120 -0.2766 -0.0076 0 0 -10 0
0.4120 -0.2766 -0.0076 0 0 -10 0
0.4140 -0.2766 -0.0041 0 0 -10 0
0.4120 -0.2762 -0.0041 0 0 -10 0
0.4080 -0.2762 0.0026 0 0 -10 0
0.4080 -0.2758 0.0026 0 0 -10 0
0.4160 -0.2758 0.0026 0 0 -10 0
0.4260 -0.2756 -0.0004 0 0 -10 0
0.4180 -0.2756 -0.0004 0 0 -10 0
0.4120 -0.2750 -0.0003 0 0 -10 0
0.4200 -0.2745 0.0001 0 0 -10 0
0.4100 -0.2745 -0.0021 0 0 -10 0
0.4100 -0.2745 -0.0021 0 0 -10 0
0.4120 -0.2740 -0.0043 0 0 -10 0
0.4000 -0.2741 -0.0050 0 0 -10 0
0.4200 -0.2738 -0.0051 0 0 -10 0
0.4060 -0.2729 -0.0075 0 0 -10 0
0.4460 -0.2727 0.0004 0 0 -10 0
0.4160 -0.2725 0.0007 0 0 -10 0
0.4160 -0.2725 0.0007 0 0 -10 0
0.4160 -0.2726 -0.0023 0 0 -10 0
0.4180 -0.2730 -0.0051 0 0 -10 0
0.4080 -0.2732 -0.0048 0 0 -10 0
0.4140 -0.2729 -0.0052 0 0 -10 0
0.4320 -0.2724 -0.0050 0 0 -10 0
0.4320 -0.2724 -0.0050 0 0 -10 0
0.4420 -0.2716 -0.0036 0 0 -10 0
0.4160 -0.2703 -0.0020 0 0 -10 0
0.4160 -0.2701 -0.0018 0 0 -10 0
0.4300 -0.2701 -0.0018 0 0 -10 0
0.4080 -0.2700 -0.0010 0 0 -10 0
0.4180 -0.2695 -0.0037 0 0 -10 0
0.4220 -0.2688 -0.0031 0 0 -10 0
0.4220 -0.2688 -0.0031 0 0 -10 0
0.4160 -0.2680 -0.0025 0 0 -10 0
0.4320 -0.2675 -0.0020 0 0 -10 0
0.4120 -0.2675 -0.0040 0 0 -10 0
0.4060 -0.2677 -0.0029 0 0 -10 0
0.4140 -0.2680 -0.0024 0 0 -10 0
0.4140 -0.2680 -0.0024 0 0 -10 0
0.4100 -0.2676 -0.0022 0 0 -10 0
0.4140 -0.2662 -0.0030 0 0 -10 0
0.4220 -0.2657 -0.0027 0 0 -10 0
0.4380 -0.2651 -0.0023 0 0 -10 0
0.4240 -0.2646 -0.0019 0 0 -10 0
0.4240 -0.2642 -0.0003 0 0 -10 0
0.4100 -0.2642 -0.0003 0 0 -10 0
0.4200 -0.2643 -0.0008 0 0 -10 0
0.4240 -0.2641 -0.0013 0 0 -10 0
0.4120 -0.2632 -0.0016 0 0 -10 0
0.4260 -0.2624 -0.0000 0 0 -10 0
0.4080 -0.2621 -0.0002 0 0 -10 0
0.4180 -0.2625 -0.0005 0 0 -10 0
0.4180 -0.2625 -0.0005 0 0 -10 0
0.4040 -0.2624 -0.0001 0 0 -10 0
0.4200 -0.2620 0.0016 0 0 -10 0
0.4240 -0.2614 0.0010 0 0 -10 0
0.4480 -0.2606 0.0003 0 0 -10 0
0.4280 -0.2598 0.0003 0 0 -10 0
0.4280 -0.2598 0.0003 0 0 -10 0
0.4220 -0.2592 0.0008 0 0 -10 0
0.4100 -0.2584 0.0012 0 0 -10 0
0.4380 -0.2584 0.0008 0 0 -10 0
0.4340 -0.2580 0.0028 0 0 -10 0
0.4160 -0.2577 0.0028 0 0 -10 0
0.4160 -0.2577 0.0028 0 0 -10 0
0.4160 -0.2574 0.0014 0 0 -10 0
0.4160 -0.2569 0.0014 0 0 -10 0
0.4320 -0.2563 0.0028 0 0 -10 0
0.4300 -0.2561 0.0030 0 0 -10 0
0.4300 -0.2561 0.0030 0 0 -10 0
0.4220 -0.2556 0.0023 0 0 -10 0
0.4140 -0.2553 0.0020 0 0 -10 0
0.4140 -0.2546 0.0043 0 0 -10 0
0.4220 -0.2542 0.0043 0 0 -10 0
0.4200 -0.2538 0.0042 0 0 -10 0
0.4300 -0.2536 0.0052 0 0 -10 0
0.4180 -0.2532 0.0054 0 0 -10 0
0.4180 -0.2532 0.0054 0 0 -10 0
0.4240 -0.2527 0.0051 0 0 -10 0
0.4420 -0.2513 0.0062 0 0 -10 0
0.4520 -0.2509 0.0056 0 0 -10 0
0.4200 -0.2505 0.0036 0 0 -10 0
0.4200 -0.2505 0.0036 0 0 -10 0
0.4380 -0.2501 0.0046 0 0 -10 0
0.4220 -0.2499 0.0048 0 0 -10 0
0.4160 -0.2496 0.0047 0 0 -10 0
0.4400 -0.2495 0.0029 0 0 -10 0
0.4120 -0.2492 0.0042 0 0 -10 0
0.4240 -0.2490 0.0040 0 0 -10 0
0.4400 -0.2487 0.0034 0 0 -10 0
0.4400 -0.2487 0.0034 0 0 -10 0
0.4160 -0.2477 0.0037 0 0 -10 0
0.4220 -0.2475 0.0036 0 0 -10 0
0.4220 -0.2475 0.0036 0 0 -10 0
0.4300 -0.2473 0.0044 0 0 -10 0
0.4500 -0.2473 0.0046 0 0 -10 0
0.4360 -0.2470 0.0059 0 0 -10 0
0.4360 -0.2470 0.0059 0 0 -10 0
0.4500 -0.2461 0.0054 0 0 -10 0
0.4280 -0.2456 0.0038 0 0 -10 0
0.4220 -0.2450 0.0034 0 0 -10 0
0.4320 -0.2449 0.0034 0 0 -10 0
0.4480 -0.2448 0.0028 0 0 -10 0
0.4480 -0.2448 0.0015 0 0 -10 0
0.3980 -0.2448 0.0015 0 0 -10 0
0.4360 -0.2447 0.0009 0 0 -10 0
0.4440 -0.2443 0.0007 0 0 -10 0
0.4360 -0.2444 0.0006 0 0 -10 0
0.4320 -0.2437 0.0006 0 0 -10 0
0.4300 -0.2430 0.0002 0 0 -10 0
0.4300 -0.2430 0.0002 0 0 -10 0
0.4460 -0.2421 0.0007 0 0 -10 0
0.4580 -0.2415 0.0004 0 0 -10 0
0.4480 -0.2410 0.0006 0 0 -10 0
0.4480 -0.2410 0.0006 0 0 -10 0
0.4420 -0.2399 0.0008 0 0 -10 0
0.4480 -0.2393 -0.0007 0 0 -10 0
0.4400 -0.2390 0.0001 0 0 -10 0
0.4320 -0.2389 0.0011 0 0 -10 0
0.4420 -0.2381 0.0012 0 0 -10 0
0.4360 -0.2373 -0.0014 0 0 -10 0
0.4360 -0.2373 -0.0014 0 0 -10 0
0.4260 -0.2365 0.0002 0 0 -10 0
0.4420 -0.2359 0.0000 0 0 -10 0
0.4320 -0.2357 0.0003 0 0 -10 0
0.4320 -0.2357 0.0003 0 0 -10 0
0.4420 -0.2348 0.0014 0 0 -10 0
0.4420 -0.2348 0.0014 0 0 -10 0
0.4240 -0.2348 0.0010 0 0 -10 0
0.4280 -0.2349 0.0010 0 0 -10 0
0.4280 -0.2346 0.0008 0 0 -10 0
0.4280 -0.2341 0.0036 0 0 -10 0
0.4280 -0.2341 0.0036 0 0 -10 0
0.4300 -0.2332 0.0037 0 0 -10 0
0.4120 -0.2326 0.0046 0 0 -10 0
0.4280 -0.2317 0.0051 0 0 -10 0
0.4280 -0.2317 0.0046 0 0 -10 0
0.4280 -0.2317 0.0043 0 0 -10 0
0.4280 -0.2317 0.0043 0 0 -10 0
0.4300 -0.2317 0.0040 0 0 -10 0
0.4300 -0.2315 0.0044 0 0 -10 0
0.4360 -0.2314 0.0051 0 0 -10 0
0.4340 -0.2309 0.0039 0 0 -10 0
0.4340 -0.2309 0.0039 0 0 -10 0
0.4500 -0.2300 0.0061 0 0 -10 0
0.4500 -0.2300 0.0061 0 0 -10 0
0.4360 -0.2291 0.0063 0 0 -10 0
0.4280 -0.2288 0.0051 0 0 -10 0
0.4380 -0.2286 0.0046 0 0 -10 0
0.4400 -0.2282 0.0045 0 0 -10 0
0.4400 -0.2282 0.0045 0 0 -10 0
0.4240 -0.2266 0.0029 0 0 -10 0
0.4240 -0.2266 0.0029 0 0 -10 0
0.4400 -0.2255 0.0017 0 0 -10 0
0.4440 -0.2252 0.0012 0 0 -10 0
0.4480 -0.2243 0.0018 0 0 -10 0
0.4480 -0.2243 0.0018 0 0 -10 0
0.4160 -0.2240 0.0010 0 0 -10 0
0.4420 -0.2238 0.0010 0 0 -10 0
0.4400 -0.2239 0.0009 0 0 -10 0
0.4360 -0.2241 0.0012 0 0 -10 0
0.4360 -0.2241 0.0012 0 0 -10 0
0.4100 -0.2233 -0.0001 0 0 -10 0
0.4100 -0.2233 -0.0001 0 0 -10 0
0.4280 -0.2227 -0.0006 0 0 -10 0
0.4300 -0.2213 -0.0004 0 0 -10 0
0.4260 -0.2207 0.0021 0 0 -10 0
0.4260 -0.2209 0.0018 0 0 -10 0
0.4460 -0.2204 0.0023 0 0 -10 0
0.4460 -0.2204 0.0023 0 0 -10 0
0.4400 -0.2200 0.0021 0 0 -10 0
0.4600 -0.2197 0.0040 0 0 -10 0
0.4380 -0.2192 0.0039 0 0 -10 0
0.4380 -0.2192 0.0039 0 0 -10 0
0.4460 -0.2177 0.0054 0 0 -10 0
0.4460 -0.2170 0.0041 0 0 -10 0
0.4500 -0.2164 0.0042 0 0 -10 0
0.4240 -0.2163 0.0022 0 0 -10 0
0.4240 -0.2163 0.0022 0 0 -10 0
0.4580 -0.2160 0.0086 0 0 -10 0
0.4580 -0.2160 0.0086 0 0 -10 0
0.4540 -0.2158 0.0087 0 0 -10 0
0.4380 -0.2152 0.0060 0 0 -10 0
0.4420 -0.2150 0.0069 0 0 -10 0
0.4560 -0.2137 0.0059 0 0 -10 0
0.4560 -0.2137 0.0059 0 0 -10 0
0.4280 -0.2133 0.0047 0 0 -10 0
0.4280 -0.2133 0.0047 0 0 -10 0
0.4400 -0.2130 0.0052 0 0 -10 0
0.4560 -0.2129 0.0048 0 0 -10 0
0.4260 -0.2128 0.0035 0 0 -10 0
0.4260 -0.2128 0.0035 0 0 -10 0
0.4560 -0.2126 0.0069 0 0 -10 0
0.4220 -0.2115 0.0075 0 0 -10 0
0.4420 -0.2107 0.0061 0 0 -10 0
0.4440 -0.2100 0.0060 0 0 -10 0
0.4440 -0.2100 0.0060 0 0 -10 0
0.4500 -0.2089 0.0083 0 0 -10 0
0.4360 -0.2088 0.0080 0 0 -10 0
0.4420 -0.2091 0.0100 0 0 -10 0
0.4460 -0.2090 0.0091 0 0 -10 0
0.4300 -0.2086 0.0101 0 0 -10 0
0.4300 -0.2086 0.0101 0 0 -10 0
0.4200 -0.2085 0.0100 0 0 -10 0
0.4320 -0.2080 0.0086 0 0 -10 0
0.4320 -0.2078 0.0100 0 0 -10 0
0.4320 -0.2073 0.0108 0 0 -10 0
0.4600 -0.2076 0.0107 0 0 -10 0
0.4600 -0.2076 0.0107 0 0 -10 0
0.4380 -0.2074 0.0112 0 0 -10 0
0.4380 -0.2071 0.0135 0 0 -10 0
0.4300 -0.2067 0.0142 0 0 -10 0
0.4300 -0.2067 0.0142 0 0 -10 0
0.4220 -0.2058 0.0134 0 0 -10 0
0.4300 -0.2052 0.0132 0 0 -10 0
0.4200 -0.2045 0.0141 0 0 -10 0
0.4380 -0.2042 0.0139 0 0 -10 0
0.4400 -0.2040 0.0134 0 0 -10 0
0.4200 -0.2037 0.0136 0 0 -10 0
0.4200 -0.2037 0.0136 0 0 -10 0
0.4240 -0.2036 0.0160 0 0 -10 0
0.4380 -0.2033 0.0165 0 0 -10 0
0.4260 -0.2030 0.0155 0 0 -10 0
0.4400 -0.2027 0.0170 0 0 -10 0
0.4260 -0.2022 0.0165 0 0 -10 0
0.4380 -0.2016 0.0159 0 0 -10 0
0.4380 -0.2016 0.0159 0 0 -10 0
0.4400 -0.2010 0.0154 0 0 -10 0
0.4200 -0.2008 0.0158 0 0 -10 0
0.4400 -0.2005 0.0146 0 0 -10 0
0.4340 -0.2005 0.0146 0 0 -10 0
0.4520 -0.2005 0.0143 0 0 -10 0
0.4520 -0.2005 0.0143 0 0 -10 0
0.4360 -0.2001 0.0141 0 0 -10 0
0.4400 -0.2000 0.0131 0 0 -10 0
0.4220 -0.1997 0.0117 0 0 -10 0
0.4420 -0.1991 0.0126 0 0 -10 0
0.4240 -0.1984 0.0125 0 0 -10 0
0.4240 -0.1984 0.0125 0 0 -10 0
0.4500 -0.1980 0.0122 0 0 -10 0
0.4420 -0.1976 0.0120 0 0 -10 0
0.4320 -0.1976 0.0133 0 0 -10 0
0.4420 -0.1973 0.0141 0 0 -10 0
0.4520 -0.1971 0.0148 0 0 -10 0
0.4280 -0.1968 0.0144 0 0 -10 0
0.4280 -0.1968 0.0144 0 0 -10 0
0.4300 -0.1958 0.0148 0 0 -10 0
0.4340 -0.1949 0.0143 0 0 -10 0
0.4340 -0.1949 0.0143 0 0 -10 0
0.4300 -0.1937 0.0131 0 0 -10 0
0.4440 -0.1934 0.0135 0 0 -10 0
0.4440 -0.1934 0.0135 0 0 -10 0
0.4500 -0.1934 0.0130 0 0 -10 0
0.4540 -0.1934 0.0133 0 0 -10 0
0.4240 -0.1930 0.0140 0 0 -10 0
0.4240 -0.1930 0.0140 0 0 -10 0
0.4340 -0.1926 0.0132 0 0 -10 0
0.4340 -0.1926 0.0132 0 0 -10 0
0.4520 -0.1923 0.0144 0 0 -10 0
0.4500 -0.1923 0.0145 0 0 -10 0
0.4440 -0.1919 0.0119 0 0 -10 0
0.4420 -0.1915 0.0117 0 0 -10 0
0.4420 -0.1915 0.0117 0 0 -10 0
0.4360 -0.1901 0.0110 0 0 -10 0
0.4520 -0.1899 0.0093 0 0 -10 0
0.4520 -0.1899 0.0093 0 0 -10 0
0.4560 -0.1894 0.0094 0 0 -10 0
0.4420 -0.1890 0.0096 0 0 -10 0
0.4420 -0.1890 0.0096 0 0 -10 0
0.4520 -0.1876 0.0073 0 0 -10 0
0.4600 -0.1875 0.0080 0 0 -10 0
0.4600 -0.1875 0.0080 0 0 -10 0
0.4520 -0.1866 0.0058 0 0 -10 0
0.4520 -0.1866 0.0058 0 0 -10 0
0.4480 -0.1867 0.0066 0 0 -10 0
0.4480 -0.1862 0.0070 0 0 -10 0
0.4420 -0.1856 0.0060 0 0 -10 0
0.4540 -0.1854 0.0060 0 0 -10 0
0.4540 -0.1854 0.0060 0 0 -10 0
0.4500 -0.1849 0.0060 0 0 -10 0
0.4500 -0.1848 0.0060 0 0 -10 0
0.4620 -0.1843 0.0046 0 0 -10 0
0.4420 -0.1833 0.0048 0 0 -10 0
0.4580 -0.1827 0.0054 0 0 -10 0
0.4580 -0.1827 0.0054 0 0 -10 0
0.4680 -0.1822 0.0032 0 0 -10 0
0.4400 -0.1821 0.0029 0 0 -10 0
0.4360 -0.1815 0.0031 0 0 -10 0
0.4360 -0.1815 0.0031 0 0 -10 0
0.4620 -0.1812 0.0007 0 0 -10 0
0.4860 -0.1807 0.0008 0 0 -10 0
0.4880 -0.1801 0.0026 0 0 -10 0
0.4580 -0.1789 0.0018 0 0 -10 0
0.4580 -0.1789 0.0018 0 0 -10 0
0.4440 -0.1785 0.0021 0 0 -10 0
0.4700 -0.1780 0.0023 0 0 -10 0
0.4460 -0.1772 0.0018 0 0 -10 0
0.4600 -0.1767 0.0036 0 0 -10 0
0.4600 -0.1767 0.0036 0 0 -10 0
0.4780 -0.1763 0.0040 0 0 -10 0
0.4640 -0.1759 0.0043 0 0 -10 0
0.4900 -0.1754 0.0038 0 0 -10 0
0.4700 -0.1754 0.0027 0 0 -10 0
0.4520 -0.1755 0.0033 0 0 -10 0
0.4520 -0.1755 0.0033 0 0 -10 0
0.4700 -0.1755 0.0032 0 0 -10 0
0.4680 -0.1750 0.0019 0 0 -10 0
0.4840 -0.1742 0.0007 0 0 -10 0
0.4840 -0.1737 0.0007 0 0 -10 0
0.4960 -0.1732 0.0022 0 0 -10 0
0.4960 -0.1732 0.0022 0 0 -10 0
0.4960 -0.1725 0.0016 0 0 -10 0
0.4820 -0.1718 0.0017 0 0 -10 0
0.4720 -0.1711 0.0018 0 0 -10 0
0.4680 -0.1704 -0.0016 0 0 -10 0
0.4680 -0.1704 -0.0016 0 0 -10 0
0.4760 -0.1704 -0.0007 0 0 -10 0
0.5020 -0.1701 -0.0011 0 0 -10 0
0.4900 -0.1698 -0.0033 0 0 -10 0
0.4740 -0.1696 -0.0034 0 0 -10 0
0.4740 -0.1694 -0.0035 0 0 -10 0
0.4740 -0.1694 -0.0035 0 0 -10 0
0.4780 -0.1693 -0.0035 0 0 -10 0
0.4840 -0.1693 -0.0057 0 0 -10 0
0.4860 -0.1690 -0.0055 0 0 -10 0
0.4860 -0.1685 -0.0050 0 0 -10 0
0.4860 -0.1685 -0.0050 0 0 -10 0
0.5040 -0.1688 -0.0072 0 0 -10 0
0.5040 -0.1688 -0.0072 0 0 -10 0
0.4900 -0.1679 -0.0059 0 0 -10 0
0.4880 -0.1671 -0.0054 0 0 -10 0
0.4860 -0.1668 -0.0052 0 0 -10 0
0.4860 -0.1668 -0.0052 0 0 -10 0
0.5000 -0.1655 -0.0014 0 0 -10 0
0.4820 -0.1657 -0.0016 0 0 -10 0
0.4820 -0.1657 -0.0016 0 0 -10 0
0.5060 -0.1655 -0.0011 0 0 -10 0
0.4920 -0.1650 -0.0012 0 0 -10 0
0.4920 -0.1643 0.0000 0 0 -10 0
0.5080 -0.1635 -0.0002 0 0 -10 0
0.5080 -0.1635 -0.0002 0 0 -10 0
0.4920 -0.1631 -0.0035 0 0 -10 0
0.4920 -0.1631 -0.0035 0 0 -10 0
0.5040 -0.1630 -0.0018 0 0 -10 0
0.5020 -0.1627 -0.0021 0 0 -10 0
0.5100 -0.1622 -0.0009 0 0 -10 0
0.5100 -0.1622 -0.0009 0 0 -10 0
0.4900 -0.1616 -0.0006 0 0 -10 0
0.4900 -0.1616 -0.0006 0 0 -10 0
0.4800 -0.1611 -0.0009 0 0 -10 0
0.5040 -0.1609 -0.0006 0 0 -10 0
0.5140 -0.1606 -0.0008 0 0 -10 0
0.5140 -0.1601 -0.0020 0 0 -10 0
0.4960 -0.1601 -0.0020 0 0 -10 0
0.5080 -0.1590 -0.0015 0 0 -10 0
0.5000 -0.1589 -0.0016 0 0 -10 0
0.5000 -0.1589 -0.0016 0 0 -10 0
0.5020 -0.1586 -0.0013 0 0 -10 0
0.5060 -0.1585 -0.0015 0 0 -10 0
0.5000 -0.1582 -0.0016 0 0 -10 0
0.5100 -0.1573 -0.0016 0 0 -10 0
0.5220 -0.1566 -0.0010 0 0 -10 0
0.4980 -0.1563 0.0013 0 0 -10 0
0.4980 -0.1563 0.0013 0 0 -10 0
0.4920 -0.1561 0.0013 0 0 -10 0
0.5080 -0.1554 0.0016 0 0 -10 0
0.5180 -0.1547 0.0010 0 0 -10 0
0.4840 -0.1541 0.0023 0 0 -10 0
0.4840 -0.1536 0.0026 0 0 -10 0
0.5000 -0.1536 0.0026 0 0 -10 0
0.5000 -0.1532 0.0018 0 0 -10 0
0.4900 -0.1531 0.0013 0 0 -10 0
0.4980 -0.1529 0.0034 0 0 -10 0
0.5080 -0.1522 0.0037 0 0 -10 0
0.5080 -0.1516 0.0031 0 0 -10 0
0.5160 -0.1507 0.0023 0 0 -10 0
0.5160 -0.1507 0.0023 0 0 -10 0
0.5100 -0.1501 0.0022 0 0 -10 0
0.5140 -0.1495 0.0021 0 0 -10 0
0.5000 -0.1488 0.0030 0 0 -10 0
0.5120 -0.1484 0.0024 0 0 -10 0
0.5140 -0.1482 -0.0003 0 0 -10 0
0.5140 -0.1482 -0.0003 0 0 -10 0
0.5160 -0.1480 -0.0012 0 0 -10 0
0.5100 -0.1478 0.0000 0 0 -10 0
0.5220 -0.1469 -0.0006 0 0 -10 0
0.5020 -0.1462 -0.0023 0 0 -10 0
0.5020 -0.1462 -0.0023 0 0 -10 0
0.5220 -0.1458 -0.0024 0 0 -10 0
0.5160 -0.1460 0.0005 0 0 -10 0
0.5160 -0.1460 0.0004 0 0 -10 0
0.5080 -0.1458 0.0024 0 0 -10 0
0.5080 -0.1458 0.0024 0 0 -10 0
0.5160 -0.1456 0.0019 0 0 -10 0
0.5440 -0.1446 0.0058 0 0 -10 0
0.5280 -0.1437 0.0084 0 0 -10 0
0.5240 -0.1432 0.0088 0 0 -10 0
0.5280 -0.1436 0.0110 0 0 -10 0
0.5200 -0.1436 0.0110 0 0 -10 0
0.5280 -0.1433 0.0132 0 0 -10 0
0.5280 -0.1433 0.0132 0 0 -10 0
0.5160 -0.1431 0.0125 0 0 -10 0
0.5400 -0.1433 0.0112 0 0 -10 0
0.5260 -0.1426 0.0125 0 0 -10 0
0.5260 -0.1418 0.0133 0 0 -10 0
0.5420 -0.1409 0.0129 0 0 -10 0
0.5440 -0.1405 0.0150 0 0 -10 0
0.5440 -0.1405 0.0150 0 0 -10 0
0.5460 -0.1407 0.0146 0 0 -10 0
0.5500 -0.1407 0.0163 0 0 -10 0
0.5380 -0.1404 0.0159 0 0 -10 0
0.5380 -0.1404 0.0159 0 0 -10 0
0.5260 -0.1396 0.0123 0 0 -10 0
0.5260 -0.1388 0.0125 0 0 -10 0
0.5300 -0.1383 0.0089 0 0 -10 0
0.5480 -0.1383 0.0094 0 0 -10 0
0.5380 -0.1384 0.0088 0 0 -10 0
0.5380 -0.1384 0.0088 0 0 -10 0
0.5400 -0.1379 0.0105 0 0 -10 0
0.5480 -0.1372 0.0120 0 0 -10 0
0.5500 -0.1373 0.0129 0 0 -10 0
0.5500 -0.1373 0.0129 0 0 -10 0
0.5480 -0.1371 0.0121 0 0 -10 0
0.5420 -0.1365 0.0119 0 0 -10 0
0.5380 -0.1362 0.0115 0 0 -10 0
0.5360 -0.1353 0.0142 0 0 -10 0
0.5300 -0.1353 0.0142 0 0 -10 0
0.5480 -0.1349 0.0135 0 0 -10 0
0.5480 -0.1349 0.0135 0 0 -10 0
0.5400 -0.1340 0.0144 0 0 -10 0
0.5360 -0.1333 0.0141 0 0 -10 0
0.5360 -0.1327 0.0152 0 0 -10 0
0.5300 -0.1323 0.0153 0 0 -10 0
0.5300 -0.1325 0.0163 0 0 -10 0
0.5440 -0.1329 0.0161 0 0 -10 0
0.5440 -0.1329 0.0161 0 0 -10 0
0.5360 -0.1325 0.0176 0 0 -10 0
0.5380 -0.1321 0.0170 0 0 -10 0
0.5380 -0.1316 0.0169 0 0 -10 0
0.5320 -0.1308 0.0180 0 0 -10 0
0.5320 -0.1308 0.0180 0 0 -10 0
0.5500 -0.1305 0.0174 0 0 -10 0
0.5500 -0.1305 0.0174 0 0 -10 0
0.5200 -0.1298 0.0191 0 0 -10 0
0.5200 -0.1298 0.0191 0 0 -10 0
0.5200 -0.1298 0.0191 0 0 -10 0
0.5400 -0.1290 0.0169 0 0 -10 0
0.5280 -0.1282 0.0178 0 0 -10 0
0.5400 -0.1272 0.0180 0 0 -10 0
0.5340 -0.1268 0.0168 0 0 -10 0
0.5400 -0.1264 0.0166 0 0 -10 0
0.5400 -0.1264 0.0166 0 0 -10 0
0.5500 -0.1255 0.0174 0 0 -10 0
0.5500 -0.1255 0.0174 0 0 -10 0
0.5540 -0.1251 0.0158 0 0 -10 0
0.5600 -0.1242 0.0148 0 0 -10 0
0.5700 -0.1240 0.0133 0 0 -10 0
0.5540 -0.1241 0.0129 0 0 -10 0
0.5760 -0.1241 0.0142 0 0 -10 0
0.5380 -0.1238 0.0134 0 0 -10 0
0.5380 -0.1238 0.0134 0 0 -10 0
0.5620 -0.1232 0.0108 0 0 -10 0
0.5620 -0.1232 0.0108 0 0 -10 0
0.5600 -0.1227 0.0104 0 0 -10 0
0.5500 -0.1216 0.0069 0 0 -10 0
0.5500 -0.1210 0.0063 0 0 -10 0
0.5580 -0.1210 0.0063 0 0 -10 0
0.5620 -0.1209 0.0065 0 0 -10 0
0.5360 -0.1205 0.0059 0 0 -10 0
0.5420 -0.1204 0.0041 0 0 -10 0
0.5420 -0.1204 0.0041 0 0 -10 0
0.5700 -0.1196 0.0045 0 0 -10 0
0.5700 -0.1196 0.0045 0 0 -10 0
0.5720 -0.1190 0.0024 0 0 -10 0
0.5680 -0.1190 0.0023 0 0 -10 0
0.5580 -0.1186 0.0039 0 0 -10 0
0.5480 -0.1179 0.0035 0 0 -10 0
0.5640 -0.1176 0.0013 0 0 -10 0
0.5720 -0.1171 0.0014 0 0 -10 0
0.5660 -0.1171 0.0031 0 0 -10 0
0.5580 -0.1170 0.0046 0 0 -10 0
0.5620 -0.1168 0.0037 0 0 -10 0
0.5600 -0.1166 0.0047 0 0 -10 0
0.5680 -0.1162 0.0071 0 0 -10 0
0.5540 -0.1160 0.0065 0 0 -10 0
0.5540 -0.1160 0.0065 0 0 -10 0
0.5700 -0.1156 0.0057 0 0 -10 0
0.5760 -0.1159 0.0065 0 0 -10 0
0.5600 -0.1160 0.0064 0 0 -10 0
0.5580 -0.1159 0.0066 0 0 -10 0
0.5600 -0.1152 0.0065 0 0 -10 0
0.5900 -0.1145 0.0083 0 0 -10 0
0.5900 -0.1137 0.0081 0 0 -10 0
0.5620 -0.1137 0.0081 0 0 -10 0
0.5480 -0.1127 0.0090 0 0 -10 0
0.5680 -0.1125 0.0091 0 0 -10 0
0.5840 -0.1124 0.0101 0 0 -10 0
0.5840 -0.1124 0.0101 0 0 -10 0
0.5700 -0.1123 0.0080 0 0 -10 0
0.5600 -0.1123 0.0080 0 0 -10 0
0.5700 -0.1122 0.0086 0 0 -10 0
0.5660 -0.1109 0.0094 0 0 -10 0
0.5660 -0.1104 0.0102 0 0 -10 0
0.5700 -0.1104 0.0102 0 0 -10 0
0.5640 -0.1098 0.0105 0 0 -10 0
0.5680 -0.1093 0.0110 0 0 -10 0
0.5480 -0.1088 0.0094 0 0 -10 0
0.5620 -0.1088 0.0089 0 0 -10 0
0.5780 -0.1087 0.0105 0 0 -10 0
0.5780 -0.1087 0.0105 0 0 -10 0
0.5720 -0.1092 0.0098 0 0 -10 0
0.5660 -0.1088 0.0088 0 0 -10 0
0.5800 -0.1077 0.0092 0 0 -10 0
0.5680 -0.1057 0.0086 0 0 -10 0
0.5960 -0.1047 0.0078 0 0 -10 0
0.5840 -0.1046 0.0046 0 0 -10 0
0.5840 -0.1046 0.0046 0 0 -10 0
0.5900 -0.1049 0.0045 0 0 -10 0
0.5980 -0.1046 0.0028 0 0 -10 0
0.6100 -0.1037 0.0028 0 0 -10 0
0.6100 -0.1037 0.0028 0 0 -10 0
0.5980 -0.1032 0.0034 0 0 -10 0
0.6000 -0.1026 0.0034 0 0 -10 0
0.5980 -0.1023 0.0031 0 0 -10 0
0.5920 -0.1023 0.0022 0 0 -10 0
0.5820 -0.1027 0.0020 0 0 -10 0
0.6040 -0.1027 0.0015 0 0 -10 0
0.5940 -0.1026 0.0014 0 0 -10 0
0.6060 -0.1030 0.0007 0 0 -10 0
0.6240 -0.1026 0.0014 0 0 -10 0
0.6240 -0.1026 0.0014 0 0 -10 0
0.6040 -0.1026 0.0011 0 0 -10 0
0.6020 -0.1023 0.0008 0 0 -10 0
0.5800 -0.1016 0.0020 0 0 -10 0
0.6060 -0.1015 0.0022 0 0 -10 0
0.6080 -0.1008 0.0006 0 0 -10 0
0.6080 -0.1007 0.0005 0 0 -10 0
0.6340 -0.1004 0.0005 0 0 -10 0
0.5940 -0.1001 0.0009 0 0 -10 0
0.6160 -0.0998 -0.0003 0 0 -10 0
0.6280 -0.0991 -0.0003 0 0 -10 0
0.6280 -0.0991 -0.0003 0 0 -10 0
0.6200 -0.0982 0.0008 0 0 -10 0
0.6100 -0.0975 -0.0000 0 0 -10 0
0.6140 -0.0968 0.0056 0 0 -10 0
0.6140 -0.0963 0.0061 0 0 -10 0
0.6140 -0.0961 0.0063 0 0 -10 0
0.5980 -0.0961 0.0063 0 0 -10 0
0.6180 -0.0959 0.0023 0 0 -10 0
0.6260 -0.0954 0.0027 0 0 -10 0
0.6260 -0.0948 0.0031 0 0 -10 0
0.6220 -0.0939 0.0021 0 0 -10 0
0.6220 -0.0939 0.0021 0 0 -10 0
0.6260 -0.0933 0.0024 0 0 -10 0
0.6280 -0.0930 0.0046 0 0 -10 0
0.6180 -0.0927 0.0046 0 0 -10 0
0.6020 -0.0923 0.0031 0 0 -10 0
0.6160 -0.0914 0.0042 0 0 -10 0
0.6160 -0.0914 0.0042 0 0 -10 0
0.6320 -0.0911 0.0037 0 0 -10 0
0.6340 -0.0911 0.0034 0 0 -10 0
0.6440 -0.0900 0.0030 0 0 -10 0
0.6300 -0.0896 -0.0008 0 0 -10 0
0.6320 -0.0886 -0.0010 0 0 -10 0
0.6320 -0.0886 -0.0010 0 0 -10 0
0.6280 -0.0874 0.0007 0 0 -10 0
0.6340 -0.0868 0.0013 0 0 -10 0
0.6160 -0.0861 0.0017 0 0 -10 0
0.6420 -0.0861 0.0034 0 0 -10 0
0.6240 -0.0858 0.0034 0 0 -10 0
0.6340 -0.0860 0.0012 0 0 -10 0
0.6340 -0.0860 0.0012 0 0 -10 0
0.6200 -0.0864 0.0010 0 0 -10 0
0.6400 -0.0866 0.0025 0 0 -10 0
0.6400 -0.0864 0.0024 0 0 -10 0
0.6260 -0.0859 0.0008 0 0 -10 0
0.6420 -0.0850 0.0011 0 0 -10 0
0.6380 -0.0842 0.0014 0 0 -10 0
0.6440 -0.0838 -0.0006 0 0 -10 0
0.6460 -0.0836 -0.0004 0 0 -10 0
0.6280 -0.0834 0.0031 0 0 -10 0
0.6280 -0.0834 0.0031 0 0 -10 0
0.6260 -0.0829 0.0028 0 0 -10 0
0.6280 -0.0825 -0.0004 0 0 -10 0
0.6200 -0.0822 -0.0007 0 0 -10 0
0.6360 -0.0816 -0.0002 0 0 -10 0
0.6260 -0.0813 -0.0003 0 0 -10 0
0.6460 -0.0814 -0.0020 0 0 -10 0
0.6460 -0.0814 -0.0020 0 0 -10 0
0.6400 -0.0810 -0.0033 0 0 -10 0
0.6380 -0.0810 -0.0033 0 0 -10 0
0.6240 -0.0802 -0.0023 0 0 -10 0
0.6520 -0.0793 -0.0020 0 0 -10 0
0.6640 -0.0782 -0.0022 0 0 -10 0
0.6340 -0.0779 -0.0027 0 0 -10 0
0.6340 -0.0777 -0.0017 0 0 -10 0
0.6220 -0.0778 -0.0017 0 0 -10 0
0.6300 -0.0782 -0.0042 0 0 -10 0
0.6300 -0.0782 -0.0042 0 0 -10 0
0.6620 -0.0778 -0.0043 0 0 -10 0
0.6380 -0.0768 -0.0057 0 0 -10 0
0.6600 -0.0759 -0.0056 0 0 -10 0
0.6780 -0.0749 -0.0052 0 0 -10 0
0.6360 -0.0750 -0.0049 0 0 -10 0
0.6520 -0.0753 -0.0061 0 0 -10 0
0.6520 -0.0753 -0.0061 0 0 -10 0
0.6480 -0.0757 -0.0068 0 0 -10 0
0.6340 -0.0743 -0.0066 0 0 -10 0
0.6380 -0.0734 -0.0069 0 0 -10 0
0.6480 -0.0731 -0.0055 0 0 -10 0
0.6240 -0.0727 -0.0046 0 0 -10 0
0.6240 -0.0727 -0.0046 0 0 -10 0
0.6440 -0.0726 -0.0033 0 0 -10 0
0.6420 -0.0726 -0.0025 0 0 -10 0
0.6500 -0.0724 -0.0014 0 0 -10 0
0.6500 -0.0722 -0.0024 0 0 -10 0
0.6620 -0.0719 -0.0023 0 0 -10 0
0.6620 -0.0719 -0.0023 0 0 -10 0
0.6540 -0.0713 -0.0019 0 0 -10 0
0.6380 -0.0710 -0.0010 0 0 -10 0
0.6600 -0.0704 -0.0011 0 0 -10 0
0.6680 -0.0700 -0.0008 0 0 -10 0
0.6660 -0.0698 -0.0003 0 0 -10 0
0.6640 -0.0692 -0.0030 0 0 -10 0
0.6580 -0.0690 -0.0034 0 0 -10 0
0.6500 -0.0688 -0.0031 0 0 -10 0
0.6600 -0.0684 -0.0036 0 0 -10 0
0.6600 -0.0684 -0.0036 0 0 -10 0
0.6620 -0.0678 -0.0049 0 0 -10 0
0.6600 -0.0677 -0.0053 0 0 -10 0
0.6520 -0.0674 -0.0033 0 0 -10 0
0.6520 -0.0674 -0.0033 0 0 -10 0
0.6760 -0.0668 -0.0068 0 0 -10 0
0.6760 -0.0668 -0.0068 0 0 -10 0
0.6720 -0.0667 -0.0080 0 0 -10 0
0.6860 -0.0664 -0.0078 0 0 -10 0
0.6460 -0.0657 -0.0086 0 0 -10 0
0.6700 -0.0655 -0.0101 0 0 -10 0
0.6820 -0.0651 -0.0099 0 0 -10 0
0.6600 -0.0649 -0.0096 0 0 -10 0
0.6600 -0.0649 -0.0096 0 0 -10 0
0.6860 -0.0645 -0.0101 0 0 -10 0
0.6680 -0.0639 -0.0095 0 0 -10 0
0.6640 -0.0632 -0.0097 0 0 -10 0
0.6500 -0.0628 -0.0089 0 0 -10 0
0.6880 -0.0624 -0.0109 0 0 -10 0
0.6880 -0.0624 -0.0109 0 0 -10 0
0.6700 -0.0612 -0.0083 0 0 -10 0
0.6940 -0.0611 -0.0099 0 0 -10 0
0.6660 -0.0610 -0.0101 0 0 -10 0
0.6680 -0.0608 -0.0089 0 0 -10 0
0.6800 -0.0604 -0.0095 0 0 -10 0
0.6640 -0.0600 -0.0090 0 0 -10 0
0.6640 -0.0600 -0.0090 0 0 -10 0
0.6920 -0.0593 -0.0095 0 0 -10 0
0.6840 -0.0592 -0.0082 0 0 -10 0
0.6580 -0.0589 -0.0081 0 0 -10 0
0.6580 -0.0589 -0.0081 0 0 -10 0
0.6680 -0.0585 -0.0093 0 0 -10 0
0.6680 -0.0571 -0.0088 0 0 -10 0
0.6680 -0.0571 -0.0088 0 0 -10 0
0.6920 -0.0555 -0.0087 0 0 -10 0
0.6960 -0.0551 -0.0096 0 0 -10 0
0.6860 -0.0544 -0.0085 0 0 -10 0
0.6860 -0.0544 -0.0085 0 0 -10 0
0.6740 -0.0537 -0.0095 0 0 -10 0
0.6940 -0.0535 -0.0097 0 0 -10 0
0.6940 -0.0537 -0.0090 0 0 -10 0
0.6920 -0.0539 -0.0089 0 0 -10 0
0.6920 -0.0536 -0.0105 0 0 -10 0
0.6920 -0.0536 -0.0105 0 0 -10 0
0.6980 -0.0530 -0.0103 0 0 -10 0
0.6940 -0.0523 -0.0101 0 0 -10 0
0.6720 -0.0521 -0.0098 0 0 -10 0
0.6920 -0.0526 -0.0097 0 0 -10 0
0.6780 -0.0531 -0.0101 0 0 -10 0
0.7000 -0.0532 -0.0066 0 0 -10 0
0.6760 -0.0535 -0.0067 0 0 -10 0
0.6600 -0.0531 -0.0102 0 0 -10 0
0.6780 -0.0523 -0.0103 0 0 -10 0
0.6780 -0.0523 -0.0103 0 0 -10 0
0.6920 -0.0519 -0.0085 0 0 -10 0
0.6780 -0.0521 -0.0087 0 0 -10 0
0.7040 -0.0524 -0.0086 0 0 -10 0
0.6880 -0.0523 -0.0086 0 0 -10 0
0.6760 -0.0514 -0.0087 0 0 -10 0
0.6760 -0.0514 -0.0087 0 0 -10 0
0.6800 -0.0492 -0.0087 0 0 -10 0
0.6880 -0.0485 -0.0077 0 0 -10 0
0.6900 -0.0484 -0.0073 0 0 -10 0
0.6980 -0.0480 -0.0074 0 0 -10 0
0.6980 -0.0480 -0.0074 0 0 -10 0
0.6700 -0.0480 -0.0080 0 0 -10 0
0.6640 -0.0480 -0.0080 0 0 -10 0
0.6940 -0.0470 -0.0080 0 0 -10 0
0.6760 -0.0464 -0.0091 0 0 -10 0
0.6820 -0.0450 -0.0074 0 0 -10 0
0.6820 -0.0450 -0.0074 0 0 -10 0
0.6840 -0.0442 -0.0070 0 0 -10 0
0.6660 -0.0440 -0.0117 0 0 -10 0
0.6680 -0.0442 -0.0112 0 0 -10 0
0.6760 -0.0445 -0.0109 0 0 -10 0
0.6680 -0.0444 -0.0111 0 0 -10 0
0.6600 -0.0440 -0.0136 0 0 -10 0
0.6600 -0.0440 -0.0136 0 0 -10 0
0.6940 -0.0433 -0.0135 0 0 -10 0
0.6780 -0.0425 -0.0140 0 0 -10 0
0.6840 -0.0418 -0.0140 0 0 -10 0
0.6840 -0.0418 -0.0140 0 0 -10 0
0.6900 -0.0415 -0.0134 0 0 -10 0
0.6660 -0.0414 -0.0111 0 0 -10 0
0.6840 -0.0410 -0.0113 0 0 -10 0
0.6900 -0.0405 -0.0115 0 0 -10 0
0.6900 -0.0405 -0.0115 0 0 -10 0
0.6920 -0.0396 -0.0107 0 0 -10 0
0.6860 -0.0387 -0.0106 0 0 -10 0
0.6860 -0.0382 -0.0122 0 0 -10 0
0.6840 -0.0381 -0.0120 0 0 -10 0
0.6840 -0.0381 -0.0120 0 0 -10 0
0.6820 -0.0381 -0.0101 0 0 -10 0
0.6800 -0.0376 -0.0100 0 0 -10 0
0.6660 -0.0369 -0.0107 0 0 -10 0
0.6580 -0.0363 -0.0099 0 0 -10 0
0.6960 -0.0359 -0.0081 0 0 -10 0
0.6960 -0.0359 -0.0081 0 0 -10 0
0.6840 -0.0352 -0.0088 0 0 -10 0
0.6880 -0.0350 -0.0087 0 0 -10 0
0.6960 -0.0346 -0.0069 0 0 -10 0
0.6960 -0.0346 -0.0069 0 0 -10 0
0.7020 -0.0340 -0.0074 0 0 -10 0
0.6940 -0.0331 -0.0098 0 0 -10 0
0.7140 -0.0325 -0.0095 0 0 -10 0
0.7140 -0.0325 -0.0095 0 0 -10 0
0.7140 -0.0315 -0.0099 0 0 -10 0
0.7140 -0.0315 -0.0099 0 0 -10 0
0.7020 -0.0315 -0.0080 0 0 -10 0
0.7240 -0.0309 -0.0079 0 0 -10 0
0.7060 -0.0308 -0.0067 0 0 -10 0
0.7060 -0.0308 -0.0066 0 0 -10 0
0.7280 -0.0310 -0.0052 0 0 -10 0
0.7320 -0.0308 -0.0052 0 0 -10 0
0.7340 -0.0301 -0.0045 0 0 -10 0
0.7200 -0.0293 -0.0044 0 0 -10 0
0.7100 -0.0290 -0.0017 0 0 -10 0
0.7100 -0.0286 -0.0018 0 0 -10 0
0.7080 -0.0286 -0.0018 0 0 -10 0
0.7080 -0.0277 -0.0007 0 0 -10 0
0.7180 -0.0271 0.0001 0 0 -10 0
0.7120 -0.0261 0.0004 0 0 -10 0
0.7040 -0.0253 0.0014 0 0 -10 0
0.7180 -0.0251 0.0013 0 0 -10 0
0.7160 -0.0256 0.0027 0 0 -10 0
0.7260 -0.0262 0.0021 0 0 -10 0
0.7200 -0.0260 0.0010 0 0 -10 0
0.7300 -0.0256 0.0021 0 0 -10 0
0.7300 -0.0256 0.0021 0 0 -10 0
0.7360 -0.0241 0.0045 0 0 -10 0
0.7300 -0.0231 0.0059 0 0 -10 0
0.7360 -0.0229 0.0060 0 0 -10 0
0.7360 -0.0229 0.0060 0 0 -10 0
0.7300 -0.0223 0.0074 0 0 -10 0
0.7400 -0.0221 0.0088 0 0 -10 0
0.7220 -0.0225 0.0081 0 0 -10 0
0.7240 -0.0225 0.0101 0 0 -10 0
0.7220 -0.0221 0.0099 0 0 -10 0
0.7220 -0.0221 0.0099 0 0 0 0
0.7360 -0.0198 0.0101 0 0 -10 0
0.7340 -0.0180 0.0083 0 0 -10 0
0.7320 -0.0167 0.0084 0 0 0 0
0.7320 -0.0174 0.0044 0 0 -10 0
0.7420 -0.0165 0.0063 0 0 -10 0
0.7620 -0.0159 0.0068 0 0 0 0
0.7280 -0.0159 0.0066 0 0 -10 0
0.7500 -0.0159 0.0038 0 0 -10 0
0.7500 -0.0159 0.0038 0 0 -10 0
0.7260 -0.0153 0.0060 0 0 -10 0
0.7400 -0.0141 0.0051 0 0 -10 0
0.7420 -0.0141 0.0051 0 0 -10 0
0.7520 -0.0134 0.0031 0 0 -10 0
0.7560 -0.0133 0.0044 0 0 0 0
0.7360 -0.0124 0.0026 0 0 -10 0
0.7500 -0.0127 0.0052 0 0 -10 0
0.7740 -0.0123 0.0063 0 0 -10 0
0.7580 -0.0121 0.0060 0 0 -10 0
0.7500 -0.0117 0.0031 0 0 0 0
0.7400 -0.0111 0.0055 0 0 -10 0
0.7600 -0.0104 0.0073 0 0 -10 0
0.7440 -0.0103 0.0075 0 0 -10 0
0.7440 -0.0103 0.0075 0 0 -10 0
0.7440 -0.0097 0.0072 0 0 0 0
0.7500 -0.0095 0.0119 0 0 -10 0
0.7320 -0.0092 0.0118 0 0 -10 0
0.7480 -0.0086 0.0118 0 0 -10 0
0.7400 -0.0079 0.0125 0 0 0 0
0.7500 -0.0067 0.0019 0 0 0 -10
0.7480 -0.0078 0.0018 0 0 0 -10
0.7400 -0.0087 0.0005 0 0 0 0
0.7380 -0.0076 -0.0088 0 0 -10 0
0.7080 -0.0053 -0.0132 0 0 -10 0
0.7280 -0.0063 -0.0119 0 0 0 0
0.7280 -0.0065 -0.0061 0 0 10 0
0.7220 -0.0065 -0.0056 0 0 10 0
0.7220 -0.0070 -0.0051 0 0 10 0
0.7400 -0.0071 -0.0071 0 0 0 0
0.7380 -0.0062 -0.0084 0 0 0 10
0.7100 -0.0069 -0.0068 0 0 0 0
