0.4940 0.0126 0.1471 0 0 0 -30
0.5140 0.0118 0.1443 0 0 0 -30
0.5140 0.0094 0.1396 0 0 0 -30
0.5060 0.0094 0.1396 0 0 0 -30
0.5020 0.0090 0.1396 0 0 0 -30
0.4960 0.0088 0.1379 0 0 0 -30
0.4940 0.0091 0.1391 0 0 0 0
0.4920 0.0107 0.1422 0 0 0 -30
0.4860 0.0102 0.1408 0 0 0 -30
0.4900 0.0101 0.1399 0 0 0 -30
0.4700 0.0106 0.1392 0 0 0 0
0.4680 0.0203 0.1345 0 0 0 -30
0.4660 0.0205 0.1347 0 0 0 -30
0.4720 0.0195 0.1342 0 0 0 0
0.4820 0.0164 0.1299 0 0 0 -30
0.5120 0.0164 0.1299 0 0 0 0
0.4900 0.0167 0.1267 0 0 0 -30
0.4680 0.0171 0.1250 0 0 0 -30
0.4680 0.0173 0.1242 0 0 0 -30
0.4560 0.0174 0.1241 0 0 0 -30
0.4660 0.0178 0.1216 0 0 0 -30
0.4920 0.0150 0.1243 0 0 0 0
0.4920 0.0135 0.1240 0 0 0 -30
0.4800 0.0119 0.1248 0 0 0 -30
0.4860 0.0104 0.1239 0 0 0 -30
0.4860 0.0104 0.1239 0 0 0 -30
0.5100 0.0090 0.1220 0 0 0 -30
0.5100 0.0090 0.1220 0 0 0 0
0.4760 0.0084 0.1199 0 0 0 -30
0.4900 0.0084 0.1190 0 0 0 -30
0.4700 0.0081 0.1174 0 0 0 -30
0.4700 0.0081 0.1174 0 0 0 -30
0.4700 0.0081 0.1174 0 0 0 -30
0.4740 0.0080 0.1153 0 0 0 0
0.4740 0.0081 0.1153 0 0 0 -30
0.4840 0.0086 0.1146 0 0 0 -30
0.4840 0.0091 0.1127 0 0 0 -30
0.4680 0.0094 0.1111 0 0 0 -30
0.4680 0.0094 0.1111 0 0 0 0
0.4620 0.0147 0.1018 0 0 0 -30
0.4720 0.0154 0.1017 0 0 0 -30
0.4720 0.0160 0.1014 0 0 0 -30
0.4720 0.0161 0.1007 0 0 0 -30
0.4780 0.0163 0.0995 0 0 0 -30
0.4860 0.0173 0.0990 0 0 0 -30
0.4860 0.0173 0.0990 0 0 0 -30
0.4860 0.0173 0.0990 0 0 0 -30
0.4860 0.0173 0.0990 0 0 0 0
0.4760 0.0181 0.0988 0 0 0 -30
0.4820 0.0190 0.0981 0 0 0 -30
0.4620 0.0203 0.0987 0 0 0 -30
0.4840 0.0214 0.0979 0 0 0 -30
0.4680 0.0212 0.0959 0 0 0 -30
0.4840 0.0203 0.0942 0 0 0 -30
0.4840 0.0203 0.0942 0 0 0 -30
0.4840 0.0203 0.0942 0 0 0 -30
0.4840 0.0203 0.0942 0 0 0 0
0.4900 0.0180 0.0863 0 0 0 -30
0.4900 0.0193 0.0849 0 0 0 -30
0.5000 0.0201 0.0858 0 0 0 -30
0.5100 0.0207 0.0818 0 0 0 -30
0.5240 0.0207 0.0813 0 0 0 0
0.5120 0.0190 0.0796 0 0 0 -30
0.5100 0.0179 0.0792 0 0 0 -30
0.5060 0.0168 0.0791 0 0 0 0
0.4760 0.0154 0.0538 0 0 0 -30
0.4900 0.0157 0.0542 0 0 0 -30
0.4900 0.0157 0.0542 0 0 0 -30
0.4740 0.0153 0.0469 0 0 0 0
0.5000 0.0141 0.0455 0 0 0 0
0.4840 0.0172 0.0538 0 0 0 -30
0.4900 0.0172 0.0538 0 0 0 -30
0.5000 0.0182 0.0560 0 0 0 0
0.5040 0.0191 0.0551 0 0 0 -30
0.4920 0.0191 0.0551 0 0 0 -30
0.4880 0.0186 0.0560 0 0 0 0
0.4780 0.0191 0.0583 0 0 0 -30
0.4940 0.0191 0.0583 0 0 0 -30
0.4920 0.0187 0.0582 0 0 0 -30
0.4920 0.0187 0.0576 0 0 0 -30
0.4720 0.0188 0.0535 0 0 0 -30
0.4880 0.0175 0.0546 0 0 0 -30
0.4900 0.0168 0.0549 0 0 0 0
0.4620 0.0153 0.0559 0 0 0 -30
0.4940 0.0148 0.0579 0 0 0 -30
0.4760 0.0148 0.0577 0 0 0 -30
0.4720 0.0149 0.0564 0 0 0 -30
0.4720 0.0149 0.0564 0 0 0 0
0.4920 0.0147 0.2200 0 0 0 -30
0.4800 0.0145 0.2181 0 0 0 -30
0.4780 0.0149 0.2172 0 0 0 -30
0.4780 0.0149 0.2172 0 0 0 -30
0.4780 0.0149 0.2172 0 0 0 -30
0.4780 0.0149 0.2172 0 0 0 -30
0.4780 0.0149 0.2172 0 0 0 0
0.4640 0.0151 0.2169 0 0 0 -30
0.4660 0.0150 0.0446 0 0 0 0
0.5140 0.0155 0.0420 0 0 0 -30
0.4800 0.0157 0.0423 0 0 0 -30
0.4840 0.0156 0.0432 0 0 0 0
0.5160 0.0186 0.0381 0 0 0 -30
0.5000 0.0189 0.0380 0 0 0 0
0.4900 0.0184 0.0372 0 0 0 -30
0.4980 0.0184 0.0372 0 0 0 -30
0.4880 0.0181 0.0360 0 0 0 0
0.4860 0.0155 0.0368 0 0 0 -30
0.4660 0.0155 0.0368 0 0 0 -30
0.5020 0.0152 0.0370 0 0 0 -30
0.4800 0.0162 0.0347 0 0 0 0
0.4940 0.0170 0.0328 0 0 0 -30
0.5160 0.0170 0.0335 0 0 0 -30
0.5020 0.0172 0.0336 0 0 0 -30
0.5040 0.0171 0.0352 0 0 0 0
0.4840 0.0154 0.0184 30 0 0 0
0.4900 0.0154 0.0184 30 0 0 0
0.4900 0.0154 0.0184 30 0 0 0
0.4860 0.0151 0.0091 30 0 0 0
0.4960 0.0137 0.0128 30 0 0 0
0.4960 0.0132 0.0133 30 0 0 0
0.4820 0.0133 0.0163 30 0 0 0
0.4820 0.0137 0.0170 30 0 0 0
0.4960 0.0142 0.0208 30 0 0 0
0.4960 0.0142 0.0208 30 0 0 0
0.4960 0.0142 0.0208 30 0 0 0
0.4980 0.0150 0.0215 30 0 0 0
0.4980 0.0150 0.0215 30 0 0 0
0.4980 0.0150 0.0215 30 0 0 0
0.4980 0.0150 0.0215 30 0 0 0
0.4980 0.0150 0.0215 30 0 0 0
0.4980 0.0153 0.0248 30 0 0 0
0.4800 0.0152 0.0249 30 0 0 0
0.4800 0.0152 0.0249 30 0 0 0
0.4800 0.0152 0.0249 30 0 0 0
0.4800 0.0152 0.0249 30 0 0 0
0.4800 0.0152 0.0249 30 0 0 0
0.4780 0.0148 0.0249 30 0 0 0
0.4780 0.0148 0.0249 30 0 0 0
0.4780 0.0148 0.0249 30 0 0 0
0.4780 0.0148 0.0249 30 0 0 0
0.4720 0.0145 0.0247 30 0 0 0
0.4720 0.0145 0.0247 30 0 0 0
0.4780 0.0144 0.0248 30 0 0 0
0.4780 0.0144 0.0248 30 0 0 0
0.4780 0.0144 0.0248 30 0 0 0
0.4780 0.0144 0.0248 30 0 0 0
0.4780 0.0144 0.0248 30 0 0 0
0.4940 0.0141 0.0256 30 0 0 0
0.4940 0.0141 0.0256 30 0 0 0
0.4940 0.0141 0.0256 30 0 0 0
0.4940 0.0141 0.0256 30 0 0 0
0.4940 0.0141 0.0256 30 0 0 0
0.4880 0.0136 0.0261 30 0 0 0
0.4880 0.0136 0.0261 30 0 0 0
0.4880 0.0136 0.0261 30 0 0 0
0.4740 0.0130 0.0287 30 0 0 0
0.4740 0.0130 0.0287 30 0 0 0
0.4740 0.0130 0.0287 30 0 0 0
0.4740 0.0130 0.0287 30 0 0 0
0.4920 0.0128 0.0291 30 0 0 0
0.4920 0.0128 0.0291 30 0 0 0
0.4920 0.0128 0.0291 30 0 0 0
0.4920 0.0128 0.0291 30 0 0 0
0.4860 0.0129 0.0318 30 0 0 0
0.4860 0.0129 0.0318 30 0 0 0
0.4860 0.0129 0.0318 30 0 0 0
0.4900 0.0128 0.0324 30 0 0 0
0.4900 0.0128 0.0324 30 0 0 0
0.4900 0.0128 0.0324 30 0 0 0
0.4900 0.0128 0.0324 30 0 0 0
0.4900 0.0128 0.0324 30 0 0 0
0.4900 0.0128 0.0324 30 0 0 0
0.4900 0.0128 0.0324 30 0 0 0
0.4900 0.0128 0.0324 30 0 0 0
0.4900 0.0128 0.0324 30 0 0 0
0.5000 0.0127 0.0335 30 0 0 0
0.4920 0.0127 0.0334 30 0 0 0
0.4840 0.0127 0.0336 30 0 0 0
0.4840 0.0127 0.0336 30 0 0 0
0.4840 0.0127 0.0336 30 0 0 0
0.4840 0.0127 0.0336 30 0 0 0
0.4940 0.0130 0.0336 30 0 0 0
0.4940 0.0130 0.0336 30 0 0 0
0.4940 0.0130 0.0336 30 0 0 0
0.4940 0.0130 0.0336 30 0 0 0
0.4700 0.0134 0.0336 30 0 0 0
0.4700 0.0134 0.0336 30 0 0 0
0.4700 0.0134 0.0336 30 0 0 0
0.4700 0.0134 0.0336 30 0 0 0
0.4760 0.0139 0.0338 30 0 0 0
0.4760 0.0139 0.0338 30 0 0 0
0.4760 0.0139 0.0338 30 0 0 0
0.4760 0.0139 0.0338 30 0 0 0
0.4760 0.0143 0.0344 30 0 0 0
0.4880 0.0143 0.0344 30 0 0 0
0.4880 0.0143 0.0344 30 0 0 0
0.4880 0.0143 0.0344 30 0 0 0
0.4880 0.0143 0.0344 30 0 0 0
0.4880 0.0143 0.0344 30 0 0 0
0.4880 0.0143 0.0344 30 0 0 0
0.4880 0.0143 0.0344 30 0 0 0
0.4880 0.0143 0.0344 30 0 0 0
0.4880 0.0143 0.0344 30 0 0 0
0.4780 0.0144 0.0327 30 0 0 0
0.4780 0.0144 0.0326 30 0 0 0
0.4860 0.0142 0.0317 30 0 0 0
0.4860 0.0142 0.0317 30 0 0 0
0.4860 0.0142 0.0317 30 0 0 0
0.4740 0.0141 0.0309 30 0 0 0
0.4740 0.0141 0.0309 30 0 0 0
0.4740 0.0141 0.0309 30 0 0 0
0.4740 0.0141 0.0309 30 0 0 0
0.4780 0.0142 0.0311 30 0 0 0
0.4780 0.0142 0.0311 30 0 0 0
0.4780 0.0142 0.0311 30 0 0 0
0.4780 0.0143 0.0315 30 0 0 0
0.4680 0.0143 0.0315 30 0 0 0
0.4680 0.0143 0.0315 30 0 0 0
0.4680 0.0143 0.0315 30 0 0 0
0.4680 0.0143 0.0315 30 0 0 0
0.4920 0.0144 0.0312 30 0 0 0
0.4920 0.0144 0.0312 30 0 0 0
0.4920 0.0144 0.0312 30 0 0 0
0.4840 0.0142 0.0313 30 0 0 0
0.4840 0.0142 0.0313 30 0 0 0
0.4840 0.0142 0.0313 30 0 0 0
0.4840 0.0142 0.0313 30 0 0 0
0.5040 0.0142 0.0316 30 0 0 0
0.5040 0.0142 0.0316 30 0 0 0
0.5040 0.0142 0.0316 30 0 0 0
0.5040 0.0142 0.0316 30 0 0 0
0.5040 0.0142 0.0316 30 0 0 0
0.5160 0.0141 0.0312 30 0 0 0
0.5160 0.0141 0.0312 30 0 0 0
0.5160 0.0141 0.0312 30 0 0 0
0.4920 0.0139 0.0301 30 0 0 0
0.4920 0.0139 0.0301 30 0 0 0
0.4920 0.0139 0.0301 30 0 0 0
0.4920 0.0139 0.0301 30 0 0 0
0.4920 0.0139 0.0301 30 0 0 0
0.4920 0.0137 0.0276 30 0 0 0
0.4920 0.0137 0.0276 30 0 0 0
0.4920 0.0137 0.0276 30 0 0 0
0.4920 0.0134 0.0280 30 0 0 0
0.4880 0.0134 0.0280 30 0 0 0
0.4880 0.0134 0.0280 30 0 0 0
0.4980 0.0134 0.0277 30 0 0 0
0.4980 0.0134 0.0277 30 0 0 0
0.4980 0.0134 0.0277 30 0 0 0
0.4980 0.0134 0.0277 30 0 0 0
0.5040 0.0136 0.0276 30 0 0 0
0.5040 0.0136 0.0276 30 0 0 0
0.5040 0.0136 0.0276 30 0 0 0
0.5040 0.0136 0.0276 30 0 0 0
0.5040 0.0136 0.0276 30 0 0 0
0.5080 0.0140 0.0282 30 0 0 0
0.5080 0.0140 0.0282 30 0 0 0
0.5080 0.0140 0.0282 30 0 0 0
0.5000 0.0144 0.0282 30 0 0 0
0.5000 0.0144 0.0282 30 0 0 0
0.5000 0.0144 0.0282 30 0 0 0
0.5000 0.0144 0.0282 30 0 0 0
0.5000 0.0149 0.0286 30 0 0 0
0.4920 0.0149 0.0286 30 0 0 0
0.4920 0.0149 0.0286 30 0 0 0
0.4920 0.0149 0.0286 30 0 0 0
0.4920 0.0149 0.0286 30 0 0 0
0.5080 0.0152 0.0280 30 0 0 0
0.5080 0.0152 0.0280 30 0 0 0
0.5080 0.0152 0.0280 30 0 0 0
0.4980 0.0152 0.0302 30 0 0 0
0.4980 0.0152 0.0302 30 0 0 0
0.4980 0.0152 0.0302 30 0 0 0
0.4980 0.0152 0.0302 30 0 0 0
0.5040 0.0149 0.0303 30 0 0 0
0.5040 0.0149 0.0303 30 0 0 0
0.5040 0.0149 0.0303 30 0 0 0
0.5040 0.0149 0.0303 30 0 0 0
0.5140 0.0147 0.0328 30 0 0 0
0.5140 0.0147 0.0328 30 0 0 0
0.5140 0.0147 0.0328 30 0 0 0
0.5120 0.0148 0.0336 30 0 0 0
0.5120 0.0148 0.0336 30 0 0 0
0.5120 0.0148 0.0336 30 0 0 0
0.5120 0.0148 0.0336 30 0 0 0
0.5140 0.0151 0.0344 30 0 0 0
0.5140 0.0151 0.0344 30 0 0 0
0.5140 0.0151 0.0344 30 0 0 0
0.5140 0.0151 0.0344 30 0 0 0
0.5140 0.0151 0.0344 30 0 0 0
0.4960 0.0154 0.0334 30 0 0 0
0.4960 0.0154 0.0334 30 0 0 0
0.4960 0.0154 0.0334 30 0 0 0
0.5100 0.0162 0.0332 30 0 0 0
0.5100 0.0162 0.0332 30 0 0 0
0.5100 0.0162 0.0332 30 0 0 0
0.5100 0.0162 0.0332 30 0 0 0
0.5100 0.0162 0.0332 30 0 0 0
0.5160 0.0167 0.0294 30 0 0 0
0.5160 0.0167 0.0294 30 0 0 0
0.5160 0.0167 0.0294 30 0 0 0
0.5160 0.0167 0.0294 30 0 0 0
0.4980 0.0171 0.0283 30 0 0 0
0.4980 0.0171 0.0283 30 0 0 0
0.4980 0.0171 0.0283 30 0 0 0
0.5060 0.0175 0.0297 30 0 0 0
0.5060 0.0175 0.0297 30 0 0 0
0.5060 0.0175 0.0297 30 0 0 0
0.5060 0.0175 0.0297 30 0 0 0
0.5320 0.0179 0.0287 30 0 0 0
0.5320 0.0179 0.0287 30 0 0 0
0.5320 0.0179 0.0287 30 0 0 0
0.5320 0.0179 0.0287 30 0 0 0
0.5040 0.0181 0.0305 30 0 0 0
0.5040 0.0181 0.0305 30 0 0 0
0.5040 0.0181 0.0305 30 0 0 0
0.5040 0.0181 0.0305 30 0 0 0
0.5240 0.0180 0.0315 30 0 0 0
0.5240 0.0180 0.0315 30 0 0 0
0.5240 0.0180 0.0315 30 0 0 0
0.5240 0.0180 0.0315 30 0 0 0
0.5060 0.0179 0.0307 30 0 0 0
0.5060 0.0179 0.0307 30 0 0 0
0.5060 0.0179 0.0307 30 0 0 0
0.5060 0.0179 0.0307 30 0 0 0
0.4820 0.0177 0.0313 30 0 0 0
0.4820 0.0177 0.0313 30 0 0 0
0.4820 0.0177 0.0313 30 0 0 0
0.4960 0.0176 0.0336 30 0 0 0
0.4960 0.0176 0.0336 30 0 0 0
0.4960 0.0176 0.0336 30 0 0 0
0.4960 0.0176 0.0336 30 0 0 0
0.5160 0.0175 0.0333 30 0 0 0
0.5160 0.0175 0.0333 30 0 0 0
0.5160 0.0175 0.0333 30 0 0 0
0.5160 0.0175 0.0333 30 0 0 0
0.5160 0.0175 0.0333 30 0 0 0
0.4980 0.0175 0.0325 30 0 0 0
0.4980 0.0175 0.0325 30 0 0 0
0.4980 0.0175 0.0325 30 0 0 0
0.5300 0.0179 0.0313 30 0 0 0
0.5300 0.0179 0.0313 30 0 0 0
0.5300 0.0179 0.0313 30 0 0 0
0.5300 0.0179 0.0313 30 0 0 0
0.4920 0.0182 0.0311 30 0 0 0
0.4920 0.0182 0.0311 30 0 0 0
0.4920 0.0182 0.0311 30 0 0 0
0.4920 0.0182 0.0311 30 0 0 0
0.4920 0.0182 0.0311 30 0 0 0
0.4860 0.0184 0.0304 30 0 0 0
0.4860 0.0184 0.0304 30 0 0 0
0.4860 0.0184 0.0304 30 0 0 0
0.5000 0.0187 0.0300 30 0 0 0
0.5000 0.0187 0.0300 30 0 0 0
0.5000 0.0187 0.0300 30 0 0 0
0.5000 0.0187 0.0300 30 0 0 0
0.5000 0.0190 0.0299 30 0 0 0
0.4760 0.0190 0.0299 30 0 0 0
0.4760 0.0190 0.0299 30 0 0 0
0.4760 0.0190 0.0299 30 0 0 0
0.4760 0.0190 0.0299 30 0 0 0
0.5020 0.0195 0.0299 30 0 0 0
0.5020 0.0195 0.0299 30 0 0 0
0.5220 0.0199 0.0293 30 0 0 0
0.5220 0.0199 0.0293 30 0 0 0
0.5220 0.0199 0.0293 30 0 0 0
0.5220 0.0199 0.0293 30 0 0 0
0.4860 0.0199 0.0295 30 0 0 0
0.4860 0.0199 0.0295 30 0 0 0
0.4860 0.0199 0.0295 30 0 0 0
0.4860 0.0199 0.0295 30 0 0 0
0.4860 0.0199 0.0295 30 0 0 0
0.5140 0.0193 0.0317 30 0 0 0
0.5140 0.0193 0.0317 30 0 0 0
0.5140 0.0193 0.0317 30 0 0 0
0.5220 0.0185 0.0317 30 0 0 0
0.5220 0.0185 0.0317 30 0 0 0
0.5220 0.0185 0.0317 30 0 0 0
0.5220 0.0185 0.0317 30 0 0 0
0.5220 0.0185 0.0317 30 0 0 0
0.5000 0.0177 0.0320 30 0 0 0
0.5000 0.0177 0.0320 30 0 0 0
0.5000 0.0177 0.0320 30 0 0 0
0.5000 0.0177 0.0320 30 0 0 0
0.5000 0.0177 0.0320 30 0 0 0
0.5080 0.0165 0.0324 30 0 0 0
0.5080 0.0165 0.0324 30 0 0 0
0.5080 0.0165 0.0324 30 0 0 0
0.5140 0.0157 0.0324 30 0 0 0
0.5140 0.0157 0.0324 30 0 0 0
0.5140 0.0157 0.0324 30 0 0 0
0.5140 0.0157 0.0324 30 0 0 0
0.5100 0.0151 0.0330 30 0 0 0
0.5100 0.0151 0.0330 30 0 0 0
0.5100 0.0151 0.0330 30 0 0 0
0.5100 0.0151 0.0330 30 0 0 0
0.5100 0.0151 0.0330 30 0 0 0
0.5220 0.0148 0.0333 30 0 0 0
0.5220 0.0148 0.0333 30 0 0 0
0.5220 0.0148 0.0333 30 0 0 0
0.5140 0.0150 0.0347 30 0 0 0
0.5140 0.0150 0.0347 30 0 0 0
0.5140 0.0150 0.0347 30 0 0 0
0.5140 0.0150 0.0347 30 0 0 0
0.5300 0.0154 0.0346 30 0 0 0
0.5300 0.0154 0.0346 30 0 0 0
0.5300 0.0154 0.0346 30 0 0 0
0.5300 0.0154 0.0346 30 0 0 0
0.5300 0.0154 0.0346 30 0 0 0
0.5180 0.0164 0.0341 30 0 0 0
0.5180 0.0164 0.0341 30 0 0 0
0.5180 0.0164 0.0341 30 0 0 0
0.5180 0.0164 0.0341 30 0 0 0
0.5180 0.0164 0.0341 30 0 0 0
0.5380 0.0169 0.0345 30 0 0 0
0.5060 0.0171 0.0346 30 0 0 0
0.5060 0.0171 0.0346 30 0 0 0
0.5060 0.0171 0.0346 30 0 0 0
0.5060 0.0171 0.0346 30 0 0 0
0.5060 0.0171 0.0346 30 0 0 0
0.5100 0.0169 0.0343 30 0 0 0
0.5100 0.0169 0.0343 30 0 0 0
0.5100 0.0169 0.0343 30 0 0 0
0.5180 0.0167 0.0338 30 0 0 0
0.5180 0.0167 0.0338 30 0 0 0
0.5180 0.0167 0.0338 30 0 0 0
0.5180 0.0167 0.0338 30 0 0 0
0.5180 0.0170 0.0339 30 0 0 0
0.5180 0.0170 0.0339 30 0 0 0
0.5180 0.0170 0.0339 30 0 0 0
0.5180 0.0170 0.0339 30 0 0 0
0.5180 0.0170 0.0339 30 0 0 0
0.5180 0.0170 0.0339 30 0 0 0
0.5040 0.0183 0.0340 30 0 0 0
0.5320 0.0197 0.0343 30 0 0 0
0.5320 0.0197 0.0343 30 0 0 0
0.5320 0.0197 0.0343 30 0 0 0
0.5320 0.0197 0.0343 30 0 0 0
0.5060 0.0207 0.0349 30 0 0 0
0.5060 0.0207 0.0349 30 0 0 0
0.5060 0.0207 0.0349 30 0 0 0
0.5060 0.0207 0.0349 30 0 0 0
0.5060 0.0207 0.0349 30 0 0 0
0.5060 0.0207 0.0349 30 0 0 0
0.5060 0.0207 0.0349 30 0 0 0
0.5260 0.0207 0.0350 30 0 0 0
0.5260 0.0207 0.0350 30 0 0 0
0.5160 0.0198 0.0361 30 0 0 0
0.5160 0.0198 0.0361 30 0 0 0
0.5160 0.0198 0.0361 30 0 0 0
0.5160 0.0198 0.0361 30 0 0 0
0.5180 0.0183 0.0361 30 0 0 0
0.5180 0.0183 0.0361 30 0 0 0
0.5180 0.0183 0.0361 30 0 0 0
0.5180 0.0183 0.0361 30 0 0 0
0.5180 0.0183 0.0361 30 0 0 0
0.5080 0.0159 0.0360 30 0 0 0
0.5080 0.0159 0.0360 30 0 0 0
0.5080 0.0159 0.0360 30 0 0 0
0.5100 0.0145 0.0371 30 0 0 0
0.5100 0.0145 0.0371 30 0 0 0
0.5100 0.0145 0.0371 30 0 0 0
0.5100 0.0145 0.0371 30 0 0 0
0.5100 0.0133 0.0371 30 0 0 0
0.5100 0.0133 0.0371 30 0 0 0
0.5100 0.0133 0.0371 30 0 0 0
0.5100 0.0133 0.0371 30 0 0 0
0.5100 0.0133 0.0371 30 0 0 0
0.5100 0.0127 0.0357 30 0 0 0
0.5340 0.0127 0.0357 30 0 0 0
0.5340 0.0127 0.0357 30 0 0 0
0.5140 0.0129 0.0352 30 0 0 0
0.5140 0.0129 0.0352 30 0 0 0
0.5140 0.0129 0.0352 30 0 0 0
0.5140 0.0129 0.0352 30 0 0 0
0.5140 0.0129 0.0352 30 0 0 0
0.5160 0.0131 0.0327 30 0 0 0
0.5160 0.0131 0.0327 30 0 0 0
0.5160 0.0131 0.0327 30 0 0 0
0.5160 0.0131 0.0327 30 0 0 0
0.5160 0.0131 0.0327 30 0 0 0
0.5160 0.0132 0.0316 30 0 0 0
0.5160 0.0132 0.0316 30 0 0 0
0.5160 0.0132 0.0316 30 0 0 0
0.5120 0.0129 0.0297 30 0 0 0
0.5120 0.0129 0.0297 30 0 0 0
0.5120 0.0129 0.0297 30 0 0 0
0.5120 0.0129 0.0297 30 0 0 0
0.5240 0.0125 0.0295 30 0 0 0
0.5240 0.0125 0.0295 30 0 0 0
0.5240 0.0125 0.0295 30 0 0 0
0.5240 0.0125 0.0295 30 0 0 0
0.5240 0.0125 0.0295 30 0 0 0
0.5000 0.0126 0.0303 30 0 0 0
0.5000 0.0126 0.0303 30 0 0 0
0.5000 0.0126 0.0303 30 0 0 0
0.5320 0.0131 0.0303 30 0 0 0
0.5320 0.0131 0.0303 30 0 0 0
0.5320 0.0131 0.0303 30 0 0 0
0.5320 0.0131 0.0303 30 0 0 0
0.5300 0.0134 0.0310 30 0 0 0
0.5300 0.0134 0.0310 30 0 0 0
0.5300 0.0134 0.0310 30 0 0 0
0.5300 0.0134 0.0310 30 0 0 0
0.5300 0.0134 0.0310 30 0 0 0
0.5300 0.0134 0.0310 30 0 0 0
0.5180 0.0138 0.0303 30 0 0 0
0.5180 0.0138 0.0303 30 0 0 0
0.5180 0.0138 0.0303 30 0 0 0
0.5180 0.0138 0.0303 30 0 0 0
0.5180 0.0138 0.0303 30 0 0 0
0.5180 0.0138 0.0303 30 0 0 0
0.5180 0.0138 0.0303 30 0 0 0
0.5180 0.0138 0.0303 30 0 0 0
0.5300 0.0139 0.0304 30 0 0 0
0.5300 0.0139 0.0304 30 0 0 0
0.5300 0.0139 0.0304 30 0 0 0
0.5100 0.0141 0.0304 30 0 0 0
0.4960 0.0146 0.0304 30 0 0 0
0.5220 0.0152 0.0291 30 0 0 0
0.5220 0.0152 0.0291 30 0 0 0
0.5220 0.0152 0.0291 30 0 0 0
0.5220 0.0152 0.0291 30 0 0 0
0.5040 0.0155 0.0294 30 0 0 0
0.5040 0.0155 0.0294 30 0 0 0
0.5040 0.0155 0.0294 30 0 0 0
0.5040 0.0155 0.0294 30 0 0 0
0.5040 0.0155 0.0294 30 0 0 0
0.4840 0.0156 0.0269 30 0 0 0
0.4840 0.0156 0.0269 30 0 0 0
0.4840 0.0156 0.0269 30 0 0 0
0.5240 0.0152 0.0273 30 0 0 0
0.5240 0.0152 0.0273 30 0 0 0
0.5240 0.0152 0.0273 30 0 0 0
0.5240 0.0152 0.0273 30 0 0 0
0.5020 0.0146 0.0269 30 0 0 0
0.5020 0.0146 0.0269 30 0 0 0
0.5020 0.0146 0.0269 30 0 0 0
0.5020 0.0146 0.0269 30 0 0 0
0.5020 0.0146 0.0269 30 0 0 0
0.5080 0.0135 0.0268 30 0 0 0
0.5080 0.0135 0.0268 30 0 0 0
0.5080 0.0131 0.0272 30 0 0 0
0.5420 0.0131 0.0272 30 0 0 0
0.5420 0.0131 0.0272 30 0 0 0
0.5420 0.0131 0.0272 30 0 0 0
0.5420 0.0131 0.0272 30 0 0 0
0.5420 0.0132 0.0280 30 0 0 0
0.5420 0.0132 0.0280 30 0 0 0
0.5420 0.0132 0.0280 30 0 0 0
0.5420 0.0132 0.0280 30 0 0 0
0.5420 0.0132 0.0280 30 0 0 0
0.5260 0.0135 0.0287 30 0 0 0
0.5260 0.0135 0.0287 30 0 0 0
0.5200 0.0137 0.0288 30 0 0 0
0.5200 0.0137 0.0288 30 0 0 0
0.5200 0.0137 0.0288 30 0 0 0
0.5200 0.0137 0.0288 30 0 0 0
0.5200 0.0137 0.0288 30 0 0 0
0.5080 0.0145 0.0288 30 0 0 0
0.5080 0.0145 0.0288 30 0 0 0
0.5080 0.0145 0.0288 30 0 0 0
0.5080 0.0145 0.0288 30 0 0 0
0.5080 0.0149 0.0296 30 0 0 0
0.5080 0.0149 0.0296 30 0 0 0
0.5080 0.0149 0.0296 30 0 0 0
0.5080 0.0149 0.0296 30 0 0 0
0.5080 0.0149 0.0296 30 0 0 0
0.5080 0.0149 0.0296 30 0 0 0
0.5080 0.0149 0.0296 0 0 0 0
0.5260 0.0148 0.0357 0 0 0 -30
0.5100 0.0157 0.0375 0 0 0 -30
0.5160 0.0169 0.0382 0 0 0 -30
0.5280 0.0177 0.0381 0 0 0 -30
0.5260 0.0182 0.0364 0 0 0 -30
0.5260 0.0179 0.0352 0 0 0 0
0.5320 0.0162 0.0327 0 0 0 -30
0.5080 0.0161 0.0326 0 0 0 -30
0.5480 0.0165 0.0307 0 0 0 -30
0.5220 0.0168 0.0281 0 0 0 -30
0.5300 0.0176 0.0269 0 0 0 -30
0.5300 0.0176 0.0269 0 0 0 -30
0.5300 0.0176 0.0269 0 0 0 0
0.5200 0.0185 0.0261 0 0 0 -30
0.5200 0.0190 0.0257 0 0 0 0
0.5180 0.0163 0.0209 0 0 0 -30
0.5080 0.0158 0.0209 0 0 0 -30
0.5180 0.0159 0.0209 0 0 0 -30
0.5340 0.0160 0.0209 0 0 0 -30
0.5340 0.0160 0.0209 0 0 0 -30
0.5160 0.0163 0.0205 0 0 0 0
0.5380 0.0160 0.0193 0 0 0 -30
0.5320 0.0156 0.0184 0 0 0 -30
0.5300 0.0153 0.0169 0 0 0 -30
0.5100 0.0153 0.0152 0 0 0 -30
0.5240 0.0163 0.0146 0 0 0 0
0.5160 0.0199 0.0116 0 0 0 -30
0.5280 0.0199 0.0116 0 0 0 -30
0.5420 0.0205 0.0110 0 0 0 -30
0.5420 0.0201 0.0081 0 0 0 -30
0.5380 0.0195 0.0068 0 0 0 0
0.5300 0.0165 0.0057 0 0 0 -30
0.5240 0.0153 0.0048 0 0 0 -30
0.5400 0.0139 0.0028 0 0 0 -30
0.5360 0.0135 0.0015 0 0 0 -30
0.5400 0.0136 0.0004 0 0 0 -30
0.5400 0.0136 0.0004 0 0 0 -30
0.5400 0.0136 0.0004 0 0 0 -30
0.5400 0.0136 0.0004 0 0 0 0
0.5400 0.0192 0.0026 30 0 0 0
0.5320 0.0180 0.0036 30 0 0 0
0.5440 0.0182 0.0037 30 0 0 0
0.5320 0.0184 0.0034 30 0 0 0
0.5400 0.0184 0.0036 30 0 0 0
0.5400 0.0182 0.0027 30 0 0 0
0.5400 0.0182 0.0027 30 0 0 0
0.5140 0.0180 0.0027 30 0 0 0
0.5140 0.0180 0.0027 30 0 0 0
0.5160 0.0180 0.0021 30 0 0 0
0.5160 0.0180 0.0021 30 0 0 0
0.5160 0.0180 0.0021 30 0 0 0
0.5160 0.0180 0.0021 30 0 0 0
0.5160 0.0180 0.0021 30 0 0 0
0.5160 0.0180 0.0021 30 0 0 0
0.5160 0.0180 0.0021 30 0 0 0
0.5260 0.0183 0.0019 30 0 0 0
0.5260 0.0183 0.0019 30 0 0 0
0.5260 0.0183 0.0019 30 0 0 0
0.5260 0.0183 0.0019 30 0 0 0
0.5220 0.0185 0.0077 30 0 0 0
0.5220 0.0185 0.0077 30 0 0 0
0.5320 0.0188 0.0070 30 0 0 0
0.5320 0.0188 0.0070 30 0 0 0
0.5320 0.0188 0.0070 30 0 0 0
0.5320 0.0188 0.0070 30 0 0 0
0.5320 0.0188 0.0070 30 0 0 0
0.5500 0.0190 0.0095 30 0 0 0
0.5500 0.0190 0.0095 30 0 0 0
0.5500 0.0190 0.0095 30 0 0 0
0.5500 0.0190 0.0095 30 0 0 0
0.5500 0.0190 0.0095 30 0 0 0
0.5340 0.0188 0.0089 30 0 0 0
0.5260 0.0187 0.0100 30 0 0 0
0.5260 0.0187 0.0100 30 0 0 0
0.5260 0.0187 0.0100 30 0 0 0
0.5260 0.0187 0.0100 30 0 0 0
0.5260 0.0187 0.0100 30 0 0 0
0.5260 0.0187 0.0100 30 0 0 0
0.5420 0.0185 0.0090 30 0 0 0
0.5420 0.0185 0.0090 30 0 0 0
0.5420 0.0185 0.0090 30 0 0 0
0.5420 0.0185 0.0090 30 0 0 0
0.5440 0.0187 0.0095 30 0 0 0
0.5440 0.0187 0.0095 30 0 0 0
0.5280 0.0192 0.0088 30 0 0 0
0.5280 0.0192 0.0088 30 0 0 0
0.5280 0.0192 0.0088 30 0 0 0
0.5280 0.0192 0.0088 30 0 0 0
0.5280 0.0192 0.0088 30 0 0 0
0.5280 0.0192 0.0088 30 0 0 0
0.5260 0.0193 0.0119 30 0 0 0
0.5260 0.0193 0.0119 30 0 0 0
0.5260 0.0193 0.0119 30 0 0 0
0.5260 0.0193 0.0119 30 0 0 0
0.5100 0.0192 0.0109 30 0 0 0
0.5100 0.0192 0.0109 30 0 0 0
0.5260 0.0191 0.0124 30 0 0 0
0.5260 0.0191 0.0124 30 0 0 0
0.5260 0.0191 0.0124 30 0 0 0
0.5260 0.0191 0.0124 30 0 0 0
0.5260 0.0191 0.0124 30 0 0 0
0.5260 0.0190 0.0112 30 0 0 0
0.5260 0.0190 0.0112 30 0 0 0
0.5260 0.0190 0.0112 30 0 0 0
0.5260 0.0190 0.0112 30 0 0 0
0.5260 0.0190 0.0112 30 0 0 0
0.5180 0.0189 0.0126 30 0 0 0
0.4960 0.0191 0.0119 30 0 0 0
0.4960 0.0191 0.0119 30 0 0 0
0.4960 0.0191 0.0119 30 0 0 0
0.4960 0.0191 0.0119 30 0 0 0
0.4960 0.0191 0.0119 30 0 0 0
0.4960 0.0191 0.0119 30 0 0 0
0.5300 0.0190 0.0113 30 0 0 0
0.5300 0.0190 0.0113 30 0 0 0
0.5300 0.0190 0.0113 30 0 0 0
0.5300 0.0190 0.0113 30 0 0 0
0.5260 0.0188 0.0106 30 0 0 0
0.5260 0.0188 0.0106 30 0 0 0
0.5260 0.0188 0.0106 30 0 0 0
0.5260 0.0188 0.0106 30 0 0 0
0.5260 0.0188 0.0106 30 0 0 0
0.5260 0.0188 0.0106 30 0 0 0
0.5260 0.0188 0.0106 30 0 0 0
0.5260 0.0188 0.0106 30 0 0 0
0.5260 0.0188 0.0106 30 0 0 0
0.5260 0.0188 0.0106 30 0 0 0
0.5260 0.0188 0.0106 30 0 0 0
0.5220 0.0186 0.0100 30 0 0 0
0.5220 0.0181 0.0074 30 0 0 0
0.5380 0.0181 0.0074 30 0 0 0
0.5260 0.0174 0.0071 30 0 0 0
0.5120 0.0168 0.0081 30 0 0 0
0.5120 0.0168 0.0081 30 0 0 0
0.5120 0.0168 0.0081 30 0 0 0
0.5120 0.0168 0.0081 30 0 0 0
0.5120 0.0168 0.0081 30 0 0 0
0.4860 0.0165 0.0074 30 0 0 0
0.4860 0.0165 0.0074 30 0 0 0
0.4860 0.0165 0.0074 30 0 0 0
0.4860 0.0165 0.0074 30 0 0 0
0.5040 0.0164 0.0081 30 0 0 0
0.5040 0.0164 0.0081 30 0 0 0
0.5040 0.0164 0.0081 30 0 0 0
0.5300 0.0165 0.0077 30 0 0 0
0.5300 0.0165 0.0077 30 0 0 0
0.5300 0.0165 0.0077 30 0 0 0
0.5300 0.0165 0.0077 30 0 0 0
0.5300 0.0165 0.0077 30 0 0 0
0.5300 0.0165 0.0077 30 0 0 0
0.5360 0.0169 0.0066 30 0 0 0
0.5360 0.0169 0.0066 30 0 0 0
0.5360 0.0169 0.0066 30 0 0 0
0.5360 0.0169 0.0066 30 0 0 0
0.5400 0.0171 0.0062 30 0 0 0
0.5400 0.0171 0.0062 30 0 0 0
0.5200 0.0172 0.0065 30 0 0 0
0.5200 0.0172 0.0065 30 0 0 0
0.5200 0.0172 0.0065 30 0 0 0
0.5200 0.0172 0.0065 30 0 0 0
0.5200 0.0172 0.0065 30 0 0 0
0.5200 0.0172 0.0065 30 0 0 0
0.5080 0.0172 0.0056 30 0 0 0
0.5080 0.0172 0.0056 30 0 0 0
0.5080 0.0172 0.0056 30 0 0 0
0.5080 0.0172 0.0056 30 0 0 0
0.5080 0.0172 0.0056 30 0 0 0
0.5240 0.0171 0.0075 30 0 0 0
0.5460 0.0170 0.0070 30 0 0 0
0.5460 0.0170 0.0070 30 0 0 0
0.5460 0.0170 0.0070 30 0 0 0
0.5460 0.0170 0.0070 30 0 0 0
0.5460 0.0170 0.0070 30 0 0 0
0.5460 0.0170 0.0070 30 0 0 0
0.5460 0.0171 0.0078 30 0 0 0
0.5260 0.0171 0.0078 30 0 0 0
0.5260 0.0171 0.0078 30 0 0 0
0.5260 0.0171 0.0078 30 0 0 0
0.5280 0.0173 0.0102 30 0 0 0
0.5280 0.0173 0.0102 30 0 0 0
0.5380 0.0177 0.0095 30 0 0 0
0.5380 0.0177 0.0095 30 0 0 0
0.5380 0.0177 0.0095 30 0 0 0
0.5380 0.0177 0.0095 30 0 0 0
0.5380 0.0177 0.0095 30 0 0 0
0.5280 0.0181 0.0093 30 0 0 0
0.5280 0.0181 0.0093 30 0 0 0
0.5280 0.0181 0.0093 30 0 0 0
0.5280 0.0181 0.0093 30 0 0 0
0.5440 0.0178 0.0087 30 0 0 0
0.5440 0.0178 0.0087 30 0 0 0
0.5440 0.0178 0.0087 30 0 0 0
0.5220 0.0173 0.0105 30 0 0 0
0.5220 0.0173 0.0105 30 0 0 0
0.5220 0.0173 0.0105 30 0 0 0
0.5220 0.0173 0.0105 30 0 0 0
0.5220 0.0173 0.0105 30 0 0 0
0.5280 0.0172 0.0094 30 0 0 0
0.5280 0.0172 0.0094 30 0 0 0
0.5280 0.0172 0.0094 30 0 0 0
0.5180 0.0171 0.0096 30 0 0 0
0.5180 0.0171 0.0096 30 0 0 0
0.5180 0.0171 0.0096 30 0 0 0
0.5180 0.0173 0.0089 30 0 0 0
0.5180 0.0173 0.0089 30 0 0 0
0.5180 0.0173 0.0089 30 0 0 0
0.5180 0.0173 0.0089 30 0 0 0
0.5180 0.0173 0.0089 30 0 0 0
0.5180 0.0176 0.0065 30 0 0 0
0.5220 0.0176 0.0065 30 0 0 0
0.5220 0.0176 0.0065 30 0 0 0
0.5220 0.0176 0.0065 30 0 0 0
0.5220 0.0176 0.0065 30 0 0 0
0.5200 0.0177 0.0054 30 0 0 0
0.5200 0.0177 0.0054 30 0 0 0
0.5240 0.0176 0.0027 30 0 0 0
0.5240 0.0176 0.0027 30 0 0 0
0.5240 0.0176 0.0027 30 0 0 0
0.5240 0.0176 0.0027 30 0 0 0
0.5240 0.0176 0.0027 30 0 0 0
0.5240 0.0176 0.0027 30 0 0 0
0.5240 0.0176 0.0027 30 0 0 0
0.5460 0.0170 0.0022 30 0 0 0
0.5460 0.0170 0.0022 30 0 0 0
0.5460 0.0170 0.0022 30 0 0 0
0.5200 0.0164 0.0031 30 0 0 0
0.5200 0.0164 0.0031 30 0 0 0
0.5200 0.0164 0.0031 30 0 0 0
0.5200 0.0164 0.0031 30 0 0 0
0.5020 0.0158 0.0039 30 0 0 0
0.5020 0.0158 0.0039 30 0 0 0
0.5020 0.0158 0.0039 30 0 0 0
0.5300 0.0153 0.0032 30 0 0 0
0.5300 0.0153 0.0032 30 0 0 0
0.5300 0.0153 0.0032 30 0 0 0
0.5300 0.0153 0.0032 30 0 0 0
0.5300 0.0153 0.0032 0 0 0 0
0.5580 0.0279 -0.0047 0 0 -30 0
0.5280 0.0291 -0.0028 0 0 -30 0
0.5400 0.0285 -0.0031 0 0 -30 0
0.5400 0.0285 -0.0031 0 0 -30 0
0.5460 0.0276 -0.0004 0 0 -30 0
0.5440 0.0269 -0.0006 0 0 -30 0
0.5180 0.0265 0.0013 0 0 -30 0
0.5180 0.0262 0.0012 0 0 -30 0
0.5460 0.0259 0.0019 0 0 -30 0
0.5460 0.0255 0.0022 0 0 0 0
0.5500 0.0207 0.0040 0 0 -30 0
0.5360 0.0189 0.0037 0 0 -30 0
0.5460 0.0152 0.0022 0 0 -30 0
0.5400 0.0136 0.0016 0 0 -30 0
0.5360 0.0125 0.0003 0 0 -30 0
0.5680 0.0137 -0.0004 0 0 -30 0
0.5680 0.0137 -0.0004 0 0 -30 0
0.5680 0.0137 -0.0004 0 0 0 0
0.5400 0.0145 -0.0018 0 0 30 0
0.5400 0.0159 -0.0035 0 0 30 0
0.5260 0.0178 -0.0039 0 0 30 0
0.5400 0.0196 -0.0043 0 0 30 0
0.5320 0.0214 -0.0053 0 0 30 0
0.5480 0.0228 -0.0053 0 0 30 0
0.5480 0.0228 -0.0053 0 0 30 0
0.5480 0.0228 -0.0053 0 0 30 0
0.5340 0.0234 -0.0054 0 0 30 0
0.5220 0.0230 -0.0052 0 0 0 0
0.5180 0.0225 -0.0064 0 0 30 0
0.5700 0.0221 -0.0084 0 0 30 0
0.5700 0.0220 -0.0085 0 0 30 0
0.5480 0.0220 -0.0085 0 0 30 0
0.5620 0.0220 -0.0120 0 0 30 0
0.5620 0.0220 -0.0120 0 0 30 0
0.5580 0.0220 -0.0118 0 0 0 0
0.5580 0.0220 -0.0118 0 0 30 0
0.5560 0.0214 -0.0116 0 0 30 0
0.5500 0.0208 -0.0116 0 0 30 0
0.5520 0.0201 -0.0118 0 0 30 0
0.5620 0.0199 -0.0104 0 0 30 0
0.5580 0.0203 -0.0107 0 0 30 0
0.5580 0.0203 -0.0107 0 0 0 0
0.5340 0.0274 -0.0137 0 0 30 0
0.5260 0.0285 -0.0143 0 0 30 0
0.5300 0.0292 -0.0156 0 0 30 0
0.5380 0.0295 -0.0160 0 0 30 0
0.5240 0.0293 -0.0193 0 0 30 0
0.5240 0.0293 -0.0193 0 0 30 0
0.5420 0.0291 -0.0169 0 0 30 0
0.5300 0.0293 -0.0151 0 0 30 0
0.5300 0.0293 -0.0151 0 0 30 0
0.5280 0.0295 -0.0151 0 0 0 0
0.5400 0.0283 -0.0140 0 0 -30 0
0.5360 0.0281 -0.0151 0 0 -30 0
0.5260 0.0278 -0.0150 0 0 -30 0
0.5540 0.0272 -0.0153 0 0 -30 0
0.5540 0.0272 -0.0153 0 0 -30 0
0.5540 0.0272 -0.0153 0 0 -30 0
0.5260 0.0254 -0.0146 0 0 -30 0
0.5260 0.0254 -0.0146 0 0 -30 0
0.5540 0.0247 -0.0129 0 0 -30 0
0.5320 0.0239 -0.0133 0 0 -30 0
0.5320 0.0239 -0.0133 0 0 -30 0
0.5620 0.0238 -0.0146 0 0 0 0
0.5380 0.0246 -0.0146 0 0 -30 0
0.5260 0.0252 -0.0162 0 0 -30 0
0.5260 0.0252 -0.0162 0 0 -30 0
0.5500 0.0256 -0.0162 0 0 -30 0
0.5500 0.0256 -0.0162 0 0 -30 0
0.5620 0.0260 -0.0170 0 0 -30 0
0.5620 0.0260 -0.0170 0 0 -30 0
0.5620 0.0260 -0.0170 0 0 -30 0
0.5620 0.0260 -0.0170 0 0 -30 0
0.5420 0.0265 -0.0170 0 0 -30 0
0.5420 0.0265 -0.0170 0 0 -30 0
0.5420 0.0265 -0.0170 0 0 -30 0
0.5420 0.0265 -0.0170 0 0 0 0
0.5640 0.0271 -0.0151 0 0 -30 0
0.5460 0.0274 -0.0151 0 0 -30 0
0.5320 0.0277 -0.0137 0 0 -30 0
0.5320 0.0290 -0.0118 0 0 -30 0
0.5360 0.0290 -0.0118 0 0 -30 0
0.5360 0.0290 -0.0118 0 0 -30 0
0.5300 0.0296 -0.0116 0 0 -30 0
0.5300 0.0296 -0.0116 0 0 0 0
0.5380 0.0300 -0.0097 0 0 -30 0
0.5660 0.0287 -0.0074 0 0 -30 0
0.5660 0.0287 -0.0074 0 0 -30 0
0.5660 0.0287 -0.0074 0 0 -30 0
0.5500 0.0275 -0.0073 0 0 -30 0
0.5500 0.0275 -0.0073 0 0 -30 0
0.5500 0.0275 -0.0073 0 0 -30 0
0.5500 0.0275 -0.0073 0 0 -30 0
0.5500 0.0275 -0.0073 0 0 -30 0
0.5500 0.0260 -0.0070 0 0 0 0
0.5220 0.0237 -0.0065 0 0 -30 0
0.5360 0.0237 -0.0065 0 0 -30 0
0.5660 0.0223 -0.0069 0 0 -30 0
0.5560 0.0223 -0.0069 0 0 -30 0
0.5560 0.0223 -0.0069 0 0 -30 0
0.5560 0.0223 -0.0069 0 0 -30 0
0.5580 0.0223 -0.0069 0 0 -30 0
0.5580 0.0223 -0.0069 0 0 0 0
0.5600 0.0235 -0.0064 0 0 -30 0
0.5480 0.0239 -0.0066 0 0 -30 0
0.5460 0.0241 -0.0064 0 0 0 0
0.5580 0.0257 -0.0076 0 0 -30 0
0.5620 0.0262 -0.0059 0 0 -30 0
0.5480 0.0266 -0.0060 0 0 -30 0
0.5640 0.0270 -0.0058 0 0 -30 0
0.5620 0.0273 -0.0045 0 0 -30 0
0.5500 0.0273 -0.0044 0 0 0 0
0.5540 0.0288 -0.0003 0 0 -30 0
0.5420 0.0288 -0.0003 0 0 -30 0
0.5660 0.0294 -0.0005 0 0 -30 0
0.5460 0.0298 0.0001 0 0 -30 0
0.5540 0.0297 -0.0001 0 0 -30 0
0.5380 0.0294 -0.0008 0 0 -30 0
0.5380 0.0294 -0.0008 0 0 -30 0
0.5380 0.0294 -0.0008 0 0 0 0
0.5440 0.0280 0.0009 0 0 -30 0
0.5520 0.0270 0.0021 0 0 -30 0
0.5440 0.0267 0.0016 0 0 -30 0
0.5620 0.0268 0.0032 0 0 -30 0
0.5540 0.0268 0.0032 0 0 -30 0
0.5540 0.0268 0.0032 0 0 0 0
0.5880 0.0286 0.0030 0 0 -30 0
0.5580 0.0287 0.0036 0 0 -30 0
0.5280 0.0288 0.0032 0 0 -30 0
0.5400 0.0289 0.0044 0 0 -30 0
0.5400 0.0289 0.0044 0 0 -30 0
0.5560 0.0292 0.0040 0 0 -30 0
0.5700 0.0299 0.0015 0 0 0 0
0.5300 0.0302 0.0032 0 0 30 0
0.5280 0.0296 0.0036 0 0 30 0
0.5320 0.0293 0.0043 0 0 30 0
0.5320 0.0293 0.0043 0 0 30 0
0.5320 0.0293 0.0043 0 0 30 0
0.5600 0.0288 0.0037 0 0 30 0
0.5600 0.0288 0.0037 0 0 30 0
0.5600 0.0288 0.0037 0 0 30 0
0.5600 0.0288 0.0037 0 0 30 0
0.5600 0.0288 0.0037 0 0 30 0
0.5580 0.0287 0.0041 0 0 30 0
0.5580 0.0287 0.0041 0 0 30 0
0.5400 0.0289 0.0036 0 0 30 0
0.5400 0.0289 0.0036 0 0 30 0
0.5400 0.0289 0.0036 0 0 30 0
0.5400 0.0289 0.0036 0 0 0 0
0.5360 0.0294 0.0033 0 0 30 0
0.5340 0.0302 0.0004 0 0 30 0
0.5520 0.0305 0.0000 0 0 0 0
0.5500 0.0305 -0.0027 0 0 30 0
0.5440 0.0304 -0.0016 0 0 30 0
0.5640 0.0304 -0.0013 0 0 0 0
0.5580 0.0292 0.0039 0 0 30 0
0.5600 0.0284 0.0034 0 0 30 0
0.5380 0.0278 0.0026 0 0 30 0
0.5380 0.0278 0.0026 0 0 30 0
0.5380 0.0278 0.0026 0 0 30 0
0.5380 0.0278 0.0026 0 0 30 0
0.5380 0.0278 0.0026 0 0 30 0
0.5380 0.0278 0.0026 0 0 0 0
0.5340 0.0276 0.0026 0 0 30 0
0.5680 0.0276 0.0021 0 0 30 0
0.5460 0.0280 0.0017 0 0 30 0
0.5520 0.0282 0.0014 0 0 30 0
0.5380 0.0282 0.0016 0 0 30 0
0.5380 0.0282 0.0016 0 0 30 0
0.5400 0.0279 0.0013 0 0 30 0
0.5400 0.0279 0.0013 0 0 30 0
0.5400 0.0279 0.0013 0 0 30 0
0.5400 0.0279 0.0013 0 0 30 0
0.5400 0.0279 0.0013 0 0 0 0
0.5240 0.0271 0.0005 0 0 30 0
0.5360 0.0265 0.0003 0 0 30 0
0.5360 0.0265 0.0003 0 0 30 0
0.5360 0.0265 0.0003 0 0 30 0
0.5360 0.0265 0.0003 0 0 30 0
0.5440 0.0260 0.0010 0 0 30 0
0.5440 0.0260 0.0010 0 0 30 0
0.5440 0.0260 0.0010 0 0 30 0
0.5380 0.0255 0.0007 0 0 30 0
0.5380 0.0255 0.0007 0 0 30 0
0.5380 0.0255 0.0007 0 0 30 0
0.5380 0.0255 0.0007 0 0 30 0
0.5340 0.0255 0.0008 0 0 0 0
0.5340 0.0259 0.0005 0 0 30 0
0.5220 0.0264 0.0008 0 0 30 0
0.5260 0.0270 0.0004 0 0 30 0
0.5400 0.0271 0.0025 0 0 0 0
0.5640 0.0256 0.0025 0 0 30 0
0.5520 0.0249 0.0034 0 0 30 0
0.5580 0.0244 0.0030 0 0 30 0
0.5580 0.0244 0.0030 0 0 30 0
0.5300 0.0241 0.0027 0 0 30 0
0.5300 0.0241 0.0027 0 0 30 0
0.5300 0.0241 0.0027 0 0 30 0
0.5300 0.0241 0.0027 0 0 0 0
0.5520 0.0247 0.0034 0 0 30 0
0.5360 0.0247 0.0034 0 0 30 0
0.5440 0.0252 0.0031 0 0 30 0
0.5480 0.0254 0.0025 0 0 30 0
0.5600 0.0250 0.0047 0 0 30 0
0.5600 0.0246 0.0042 0 0 0 0
0.5560 0.0229 0.0030 0 0 30 0
0.5380 0.0230 -0.0025 0 0 30 0
0.5300 0.0233 0.0007 0 0 30 0
0.5440 0.0233 0.0048 0 0 30 0
0.5440 0.0233 0.0048 0 0 30 0
0.5440 0.0233 0.0048 0 0 30 0
0.5440 0.0233 0.0048 0 0 0 0
0.5440 0.0230 0.0027 0 0 30 0
0.5480 0.0231 0.0019 0 0 30 0
0.5520 0.0232 0.0015 0 0 30 0
0.5520 0.0232 0.0015 0 0 30 0
0.5560 0.0230 0.0021 0 0 30 0
0.5560 0.0230 0.0021 0 0 30 0
0.5560 0.0230 0.0021 0 0 30 0
0.5560 0.0230 0.0021 0 0 30 0
0.5560 0.0230 0.0021 0 0 30 0
0.5560 0.0230 0.0021 0 0 30 0
0.5500 0.0225 0.0017 0 0 0 0
0.5600 0.0220 0.0018 0 0 30 0
0.5400 0.0219 0.0027 0 0 30 0
0.5500 0.0218 0.0024 0 0 30 0
0.5520 0.0220 0.0011 0 0 30 0
0.5520 0.0220 0.0011 0 0 30 0
0.5520 0.0220 0.0011 0 0 30 0
0.5520 0.0220 0.0011 0 0 30 0
0.5340 0.0226 -0.0005 0 0 30 0
0.5340 0.0226 -0.0005 0 0 0 0
0.5520 0.0225 0.0004 0 0 30 0
0.5560 0.0214 0.0001 0 0 30 0
0.5360 0.0202 0.0007 0 0 30 0
0.5360 0.0193 0.0003 0 0 30 0
0.5320 0.0193 0.0003 0 0 30 0
0.5320 0.0193 0.0003 0 0 30 0
0.5320 0.0193 0.0003 0 0 30 0
0.5320 0.0193 0.0003 0 0 30 0
0.5380 0.0191 -0.0010 0 0 30 0
0.5380 0.0191 -0.0010 0 0 30 0
0.5380 0.0191 -0.0010 0 0 0 0
0.5380 0.0193 0.0011 0 0 30 0
0.5180 0.0193 0.0009 0 0 30 0
0.5300 0.0192 -0.0011 0 0 30 0
0.5640 0.0192 -0.0011 0 0 30 0
0.5640 0.0192 -0.0011 0 0 30 0
0.5640 0.0192 -0.0011 0 0 30 0
0.5640 0.0193 -0.0013 0 0 30 0
0.5360 0.0193 -0.0013 0 0 30 0
0.5360 0.0193 -0.0013 0 0 0 0
0.5300 0.0202 -0.0024 0 0 30 0
0.5660 0.0204 -0.0024 0 0 30 0
0.5600 0.0209 -0.0033 0 0 30 0
0.5480 0.0220 -0.0035 0 0 30 0
0.5480 0.0220 -0.0035 0 0 30 0
0.5420 0.0231 -0.0035 0 0 30 0
0.5760 0.0237 -0.0036 0 0 30 0
0.5760 0.0237 -0.0036 0 0 30 0
0.5760 0.0237 -0.0036 0 0 30 0
0.5760 0.0237 -0.0036 0 0 30 0
0.5800 0.0236 -0.0048 0 0 0 0
0.5540 0.0210 -0.0064 0 0 30 0
0.5500 0.0204 -0.0058 0 0 30 0
0.5580 0.0201 -0.0059 0 0 30 0
0.5440 0.0206 -0.0047 0 0 30 0
0.5460 0.0214 -0.0047 0 0 30 0
0.5460 0.0214 -0.0047 0 0 30 0
0.5460 0.0214 -0.0047 0 0 30 0
0.5460 0.0220 -0.0049 0 0 0 0
0.5500 0.0232 -0.0043 0 0 -30 0
0.5580 0.0230 -0.0043 0 0 -30 0
0.5440 0.0234 -0.0054 0 0 -30 0
0.5540 0.0240 -0.0056 0 0 -30 0
0.5260 0.0248 -0.0056 0 0 -30 0
0.5580 0.0251 -0.0063 0 0 -30 0
0.5600 0.0252 -0.0065 0 0 -30 0
0.5600 0.0252 -0.0065 0 0 -30 0
0.5380 0.0255 -0.0058 0 0 -30 0
0.5380 0.0255 -0.0058 0 0 -30 0
0.5380 0.0255 -0.0058 0 0 -30 0
0.5380 0.0255 -0.0058 0 0 0 0
0.5440 0.0263 -0.0040 0 0 -30 0
0.5460 0.0267 -0.0040 0 0 -30 0
0.5380 0.0268 -0.0030 0 0 -30 0
0.5580 0.0265 -0.0035 0 0 -30 0
0.5580 0.0265 -0.0035 0 0 -30 0
0.5580 0.0265 -0.0035 0 0 -30 0
0.5580 0.0265 -0.0035 0 0 -30 0
0.5180 0.0261 -0.0053 0 0 -30 0
0.5180 0.0261 -0.0053 0 0 0 0
0.5200 0.0271 -0.0030 0 0 -30 0
0.5280 0.0269 0.0002 0 0 -30 0
0.5400 0.0267 0.0001 0 0 -30 0
0.5400 0.0267 0.0001 0 0 -30 0
0.5400 0.0267 0.0001 0 0 -30 0
0.5380 0.0259 0.0015 0 0 -30 0
0.5380 0.0259 0.0015 0 0 0 0
0.5520 0.0239 0.0011 0 0 -30 0
0.5380 0.0234 -0.0002 0 0 -30 0
0.5260 0.0236 -0.0009 0 0 -30 0
0.5240 0.0238 -0.0024 0 0 -30 0
0.5520 0.0238 -0.0029 0 0 -30 0
0.5520 0.0238 -0.0029 0 0 -30 0
0.5600 0.0232 -0.0008 0 0 0 0
0.5520 0.0204 -0.0005 0 0 -30 0
0.5340 0.0209 -0.0031 0 0 -30 0
0.5680 0.0215 -0.0034 0 0 -30 0
0.5760 0.0218 -0.0007 0 0 -30 0
0.5640 0.0218 0.0030 0 0 -30 0
0.5580 0.0214 0.0028 0 0 0 0
0.5400 0.0171 -0.0047 0 0 -30 0
0.5360 0.0171 -0.0047 0 0 -30 0
0.5560 0.0174 -0.0042 0 0 -30 0
0.5700 0.0180 -0.0014 0 0 -30 0
0.5600 0.0186 -0.0017 0 0 -30 0
0.5520 0.0190 -0.0020 0 0 -30 0
0.5380 0.0180 -0.0030 0 0 -30 0
0.5380 0.0180 -0.0030 0 0 0 0
0.5540 0.0212 -0.0046 0 0 -30 0
0.5400 0.0220 -0.0060 0 0 -30 0
0.5480 0.0217 -0.0068 0 0 -30 0
0.5500 0.0225 -0.0061 0 0 -30 0
0.5580 0.0237 -0.0068 0 0 -30 0
0.5340 0.0246 -0.0057 0 0 0 0
0.5360 0.0228 -0.0041 0 0 30 0
0.5440 0.0228 -0.0041 0 0 30 0
0.5360 0.0228 -0.0024 0 0 30 0
0.5300 0.0225 -0.0023 0 0 0 0
0.5340 0.0200 -0.0061 0 0 30 0
0.5480 0.0182 -0.0059 0 0 30 0
0.5420 0.0169 -0.0067 0 0 30 0
0.5320 0.0161 -0.0070 0 0 30 0
0.5480 0.0157 -0.0080 0 0 30 0
0.5480 0.0157 -0.0080 0 0 0 0
0.5560 0.0201 -0.0113 30 0 0 0
0.5520 0.0209 -0.0116 30 0 0 0
0.5500 0.0209 -0.0116 30 0 0 0
0.5560 0.0222 -0.0110 30 0 0 0
0.5680 0.0224 -0.0098 30 0 0 0
0.5580 0.0210 -0.0086 30 0 0 0
0.5600 0.0206 -0.0096 30 0 0 0
0.5600 0.0206 -0.0096 30 0 0 0
0.5600 0.0206 -0.0096 30 0 0 0
0.5600 0.0206 -0.0096 30 0 0 0
0.5540 0.0210 -0.0098 30 0 0 0
0.5540 0.0210 -0.0098 30 0 0 0
0.5540 0.0210 -0.0098 30 0 0 0
0.5540 0.0210 -0.0098 30 0 0 0
0.5680 0.0216 -0.0099 30 0 0 0
0.5680 0.0216 -0.0099 30 0 0 0
0.5680 0.0216 -0.0099 30 0 0 0
0.5680 0.0216 -0.0099 30 0 0 0
0.5680 0.0216 -0.0099 30 0 0 0
0.5680 0.0216 -0.0099 30 0 0 0
0.5680 0.0216 -0.0099 30 0 0 0
0.5680 0.0216 -0.0099 30 0 0 0
0.5680 0.0216 -0.0099 30 0 0 0
0.5680 0.0226 -0.0102 30 0 0 0
0.5620 0.0226 -0.0102 30 0 0 0
0.5740 0.0230 -0.0096 30 0 0 0
0.5740 0.0230 -0.0096 30 0 0 0
0.5420 0.0230 -0.0100 30 0 0 0
0.5420 0.0230 -0.0100 30 0 0 0
0.5420 0.0221 -0.0088 30 0 0 0
0.5580 0.0221 -0.0088 30 0 0 0
0.5580 0.0221 -0.0088 30 0 0 0
0.5580 0.0221 -0.0088 30 0 0 0
0.5580 0.0221 -0.0088 30 0 0 0
0.5560 0.0214 -0.0094 30 0 0 0
0.5560 0.0214 -0.0094 30 0 0 0
0.5560 0.0214 -0.0094 30 0 0 0
0.5560 0.0214 -0.0094 30 0 0 0
0.5560 0.0214 -0.0094 30 0 0 0
0.5720 0.0209 -0.0085 30 0 0 0
0.5720 0.0209 -0.0085 30 0 0 0
0.5720 0.0209 -0.0085 30 0 0 0
0.5660 0.0205 -0.0086 30 0 0 0
0.5660 0.0205 -0.0086 30 0 0 0
0.5660 0.0205 -0.0086 30 0 0 0
0.5660 0.0205 -0.0086 30 0 0 0
0.5660 0.0205 -0.0086 30 0 0 0
0.5660 0.0205 -0.0086 30 0 0 0
0.5660 0.0205 -0.0086 30 0 0 0
0.5660 0.0205 -0.0086 30 0 0 0
0.5520 0.0201 -0.0067 30 0 0 0
0.5520 0.0201 -0.0067 30 0 0 0
0.5520 0.0201 -0.0067 30 0 0 0
0.5520 0.0201 -0.0067 30 0 0 0
0.5660 0.0198 -0.0069 30 0 0 0
0.5660 0.0198 -0.0069 30 0 0 0
0.5700 0.0198 -0.0075 30 0 0 0
0.5700 0.0198 -0.0075 30 0 0 0
0.5700 0.0198 -0.0075 30 0 0 0
0.5500 0.0200 -0.0075 30 0 0 0
0.5500 0.0200 -0.0075 30 0 0 0
0.5500 0.0200 -0.0075 30 0 0 0
0.5500 0.0200 -0.0075 30 0 0 0
0.5680 0.0201 -0.0077 30 0 0 0
0.5680 0.0201 -0.0077 30 0 0 0
0.5680 0.0201 -0.0077 30 0 0 0
0.5680 0.0201 -0.0077 30 0 0 0
0.5560 0.0204 -0.0081 30 0 0 0
0.5560 0.0204 -0.0081 30 0 0 0
0.5560 0.0204 -0.0081 30 0 0 0
0.5560 0.0204 -0.0081 30 0 0 0
0.5600 0.0204 -0.0081 30 0 0 0
0.5600 0.0204 -0.0081 30 0 0 0
0.5600 0.0204 -0.0081 30 0 0 0
0.5600 0.0204 -0.0081 30 0 0 0
0.5600 0.0204 -0.0081 30 0 0 0
0.5600 0.0204 -0.0081 30 0 0 0
0.5600 0.0204 -0.0081 30 0 0 0
0.5600 0.0204 -0.0081 30 0 0 0
0.5640 0.0205 -0.0080 30 0 0 0
0.5640 0.0205 -0.0080 30 0 0 0
0.5640 0.0205 -0.0080 30 0 0 0
0.5640 0.0205 -0.0080 30 0 0 0
0.5440 0.0207 -0.0080 30 0 0 0
0.5680 0.0208 -0.0082 30 0 0 0
0.5680 0.0208 -0.0082 0 0 0 0
0.5540 0.0255 -0.0102 30 0 0 0
0.5580 0.0263 -0.0096 30 0 0 0
0.5320 0.0268 -0.0079 30 0 0 0
0.5340 0.0267 -0.0080 30 0 0 0
0.5400 0.0258 -0.0072 30 0 0 0
0.5460 0.0237 -0.0055 30 0 0 0
0.5460 0.0237 -0.0055 30 0 0 0
0.5360 0.0234 -0.0050 30 0 0 0
0.5360 0.0234 -0.0050 30 0 0 0
0.5360 0.0234 -0.0050 30 0 0 0
0.5340 0.0238 -0.0035 30 0 0 0
0.5340 0.0238 -0.0035 30 0 0 0
0.5340 0.0238 -0.0035 30 0 0 0
0.5220 0.0241 -0.0025 30 0 0 0
0.5220 0.0241 -0.0025 30 0 0 0
0.5220 0.0241 -0.0025 30 0 0 0
0.5220 0.0241 -0.0025 30 0 0 0
0.5220 0.0241 -0.0025 30 0 0 0
0.5220 0.0241 -0.0025 30 0 0 0
0.5220 0.0243 -0.0034 30 0 0 0
0.5220 0.0243 -0.0034 0 0 0 0
0.5200 0.0242 -0.0012 0 0 0 30
0.5180 0.0246 -0.0020 0 0 0 30
0.5040 0.0249 -0.0044 0 0 0 30
0.5220 0.0251 -0.0036 0 0 0 30
0.5440 0.0260 -0.0050 0 0 0 30
0.5200 0.0269 -0.0032 0 0 0 30
0.5220 0.0274 -0.0027 0 0 0 30
0.5220 0.0274 -0.0027 0 0 0 30
0.5220 0.0274 -0.0027 0 0 0 0
0.5340 0.0235 -0.0010 30 0 0 0
0.5340 0.0235 -0.0010 30 0 0 0
0.5160 0.0234 -0.0018 30 0 0 0
0.5280 0.0226 -0.0030 30 0 0 0
0.5300 0.0222 -0.0013 30 0 0 0
0.5280 0.0219 0.0017 30 0 0 0
0.5200 0.0214 0.0023 30 0 0 0
0.5240 0.0209 0.0021 30 0 0 0
0.5340 0.0203 0.0033 30 0 0 0
0.5340 0.0203 0.0033 30 0 0 0
0.5340 0.0203 0.0033 30 0 0 0
0.5340 0.0203 0.0033 30 0 0 0
0.5340 0.0203 0.0033 30 0 0 0
0.5340 0.0203 0.0033 30 0 0 0
0.5140 0.0201 0.0031 30 0 0 0
0.5240 0.0203 0.0028 0 0 0 0
0.5220 0.0209 -0.0021 30 0 0 0
0.5180 0.0210 -0.0004 30 0 0 0
0.5380 0.0210 0.0015 30 0 0 0
0.5400 0.0209 0.0040 30 0 0 0
0.5380 0.0209 0.0043 30 0 0 0
0.5380 0.0216 0.0042 30 0 0 0
0.5560 0.0216 0.0042 30 0 0 0
0.5260 0.0220 0.0041 30 0 0 0
0.5280 0.0222 0.0041 30 0 0 0
0.5280 0.0222 0.0041 30 0 0 0
0.5280 0.0222 0.0041 30 0 0 0
0.5280 0.0222 0.0041 30 0 0 0
0.5280 0.0222 0.0041 30 0 0 0
0.5380 0.0224 0.0038 30 0 0 0
0.5380 0.0224 0.0038 30 0 0 0
0.5380 0.0224 0.0038 0 0 0 0
0.5160 0.0225 0.0070 30 0 0 0
0.5280 0.0225 0.0070 30 0 0 0
0.5200 0.0220 0.0068 30 0 0 0
0.5200 0.0218 0.0064 30 0 0 0
0.5280 0.0226 0.0065 30 0 0 0
0.5260 0.0233 0.0059 30 0 0 0
0.5420 0.0237 0.0059 30 0 0 0
0.5420 0.0237 0.0059 30 0 0 0
0.5420 0.0237 0.0059 30 0 0 0
0.5420 0.0237 0.0059 30 0 0 0
0.5260 0.0239 0.0057 30 0 0 0
0.5260 0.0239 0.0057 30 0 0 0
0.5260 0.0239 0.0057 30 0 0 0
0.5260 0.0239 0.0057 30 0 0 0
0.5260 0.0239 0.0057 30 0 0 0
0.5260 0.0239 0.0058 30 0 0 0
0.5260 0.0239 0.0058 30 0 0 0
0.5080 0.0238 0.0052 30 0 0 0
0.5080 0.0238 0.0052 30 0 0 0
0.5080 0.0238 0.0052 30 0 0 0
0.5080 0.0238 0.0052 30 0 0 0
0.5080 0.0238 0.0052 30 0 0 0
0.5080 0.0238 0.0052 30 0 0 0
0.4980 0.0233 0.0058 30 0 0 0
0.4980 0.0233 0.0058 30 0 0 0
0.4980 0.0233 0.0058 30 0 0 0
0.4980 0.0233 0.0058 30 0 0 0
0.5160 0.0228 0.0054 30 0 0 0
0.5160 0.0228 0.0054 30 0 0 0
0.5200 0.0223 0.0047 30 0 0 0
0.5200 0.0223 0.0047 30 0 0 0
0.5200 0.0223 0.0047 30 0 0 0
0.5200 0.0223 0.0047 30 0 0 0
0.5200 0.0223 0.0047 30 0 0 0
0.5200 0.0223 0.0047 30 0 0 0
0.5120 0.0214 0.0046 30 0 0 0
0.5120 0.0214 0.0046 30 0 0 0
0.5120 0.0214 0.0046 30 0 0 0
0.5120 0.0214 0.0046 30 0 0 0
0.5240 0.0207 0.0039 30 0 0 0
0.5240 0.0207 0.0039 30 0 0 0
0.5200 0.0203 0.0036 30 0 0 0
0.5200 0.0203 0.0036 30 0 0 0
0.5200 0.0203 0.0036 30 0 0 0
0.5200 0.0203 0.0036 30 0 0 0
0.5200 0.0203 0.0036 30 0 0 0
0.5140 0.0202 0.0023 30 0 0 0
0.5140 0.0202 0.0023 30 0 0 0
0.5140 0.0202 0.0023 30 0 0 0
0.5140 0.0202 0.0023 30 0 0 0
0.5140 0.0202 0.0023 30 0 0 0
0.5140 0.0202 0.0023 30 0 0 0
0.5180 0.0200 0.0022 30 0 0 0
0.5080 0.0198 0.0066 30 0 0 0
0.5080 0.0198 0.0066 30 0 0 0
0.5080 0.0198 0.0066 30 0 0 0
0.5080 0.0198 0.0066 30 0 0 0
0.5080 0.0198 0.0066 30 0 0 0
0.5080 0.0198 0.0066 30 0 0 0
0.5200 0.0192 0.0065 30 0 0 0
0.5200 0.0192 0.0065 30 0 0 0
0.5200 0.0192 0.0065 30 0 0 0
0.5200 0.0192 0.0065 30 0 0 0
0.5200 0.0192 0.0065 30 0 0 0
0.5200 0.0192 0.0065 30 0 0 0
0.5200 0.0192 0.0065 30 0 0 0
0.5200 0.0192 0.0065 30 0 0 0
0.5200 0.0192 0.0065 30 0 0 0
0.5200 0.0190 0.0066 0 0 0 0
0.5200 0.0234 0.0065 30 0 0 0
0.5280 0.0246 0.0087 30 0 0 0
0.5340 0.0246 0.0087 30 0 0 0
0.5220 0.0245 0.0100 30 0 0 0
0.5400 0.0244 0.0097 30 0 0 0
0.5400 0.0241 0.0114 30 0 0 0
0.5180 0.0239 0.0109 30 0 0 0
0.5180 0.0240 0.0138 30 0 0 0
0.5200 0.0240 0.0138 30 0 0 0
0.5200 0.0240 0.0138 30 0 0 0
0.5200 0.0240 0.0138 30 0 0 0
0.5200 0.0240 0.0138 30 0 0 0
0.5180 0.0241 0.0165 30 0 0 0
0.5180 0.0241 0.0165 30 0 0 0
0.5180 0.0241 0.0165 30 0 0 0
0.5280 0.0239 0.0153 30 0 0 0
0.5280 0.0239 0.0153 30 0 0 0
0.5280 0.0239 0.0153 30 0 0 0
0.5280 0.0239 0.0153 30 0 0 0
0.5280 0.0239 0.0153 30 0 0 0
0.5140 0.0233 0.0165 30 0 0 0
0.5140 0.0233 0.0165 30 0 0 0
0.5140 0.0233 0.0165 30 0 0 0
0.5140 0.0233 0.0165 30 0 0 0
0.5140 0.0233 0.0165 30 0 0 0
0.5240 0.0229 0.0179 30 0 0 0
0.5240 0.0229 0.0179 30 0 0 0
0.5240 0.0229 0.0179 0 0 0 0
0.5460 0.0206 0.0197 0 30 0 0
0.5380 0.0194 0.0208 0 30 0 0
0.5220 0.0172 0.0224 0 30 0 0
0.5300 0.0161 0.0237 0 30 0 0
0.5160 0.0161 0.0230 0 30 0 0
0.5320 0.0166 0.0221 0 30 0 0
0.5360 0.0168 0.0221 0 30 0 0
0.5300 0.0169 0.0215 0 30 0 0
0.5300 0.0169 0.0215 0 30 0 0
0.5300 0.0169 0.0215 0 30 0 0
0.5300 0.0169 0.0215 0 30 0 0
0.5300 0.0169 0.0215 0 30 0 0
0.5120 0.0169 0.0214 0 30 0 0
0.5120 0.0169 0.0214 0 30 0 0
0.5120 0.0169 0.0214 0 30 0 0
0.5120 0.0169 0.0214 0 30 0 0
0.5360 0.0168 0.0206 0 30 0 0
0.5360 0.0168 0.0206 0 30 0 0
0.5360 0.0168 0.0206 0 30 0 0
0.5360 0.0168 0.0206 0 30 0 0
0.5440 0.0171 0.0199 0 30 0 0
0.5440 0.0171 0.0199 0 30 0 0
0.5440 0.0171 0.0199 0 0 0 0
0.5020 0.0183 0.0194 0 30 0 0
0.5240 0.0182 0.0197 0 30 0 0
0.5500 0.0183 0.0189 0 30 0 0
0.5000 0.0203 0.0173 0 30 0 0
0.5260 0.0208 0.0177 0 30 0 0
0.5320 0.0208 0.0174 0 30 0 0
0.5160 0.0205 0.0182 0 30 0 0
0.5160 0.0205 0.0182 0 30 0 0
0.5160 0.0205 0.0182 0 30 0 0
0.5160 0.0205 0.0182 0 30 0 0
0.5000 0.0202 0.0178 0 0 0 0
0.5420 0.0198 0.0148 30 0 0 0
0.5360 0.0198 0.0130 30 0 0 0
0.5520 0.0199 0.0124 30 0 0 0
0.5380 0.0201 0.0134 30 0 0 0
0.5380 0.0211 0.0123 30 0 0 0
0.5280 0.0214 0.0119 30 0 0 0
0.5280 0.0214 0.0119 30 0 0 0
0.5420 0.0215 0.0103 30 0 0 0
0.5420 0.0215 0.0103 30 0 0 0
0.5420 0.0215 0.0103 30 0 0 0
0.5420 0.0215 0.0103 30 0 0 0
0.5480 0.0213 0.0097 30 0 0 0
0.5480 0.0213 0.0097 30 0 0 0
0.5480 0.0213 0.0097 30 0 0 0
0.5440 0.0211 0.0085 30 0 0 0
0.5440 0.0211 0.0085 30 0 0 0
0.5440 0.0211 0.0085 30 0 0 0
0.5440 0.0211 0.0085 30 0 0 0
0.5320 0.0209 0.0081 0 0 0 0
