0.5520 0.0097 0.0321 0 0 0 -30
0.5520 0.0124 0.0311 0 0 0 -30
0.5340 0.0124 0.0311 0 0 0 -30
0.5360 0.0142 0.0320 0 0 0 -30
0.5320 0.0165 0.0313 0 0 0 0
0.5380 0.0179 0.0235 0 0 0 -30
0.5380 0.0179 0.0235 0 0 0 -30
0.5520 0.0166 0.0229 0 0 0 -30
0.5400 0.0150 0.0204 0 0 0 -30
0.5080 0.0133 0.0196 0 0 0 -30
0.5320 0.0133 0.0196 0 0 0 -30
0.5320 0.0133 0.0196 0 0 0 -30
0.5320 0.0133 0.0196 0 0 0 0
0.5320 0.0132 0.0183 0 0 0 -30
0.5180 0.0135 0.0166 0 0 0 -30
0.5220 0.0139 0.0167 0 0 0 -30
0.5380 0.0137 0.0154 0 0 0 -30
0.5460 0.0128 0.0145 0 0 0 -30
0.5360 0.0116 0.0136 0 0 0 -30
0.5360 0.0116 0.0136 0 0 0 0
0.5360 0.0095 0.0113 0 0 0 -30
0.5180 0.0081 0.0111 0 0 0 -30
0.5200 0.0069 0.0100 0 0 0 -30
0.5160 0.0061 0.0062 0 0 0 -30
0.5160 0.0061 0.0062 0 0 0 -30
0.5160 0.0061 0.0062 0 0 0 0
0.5280 0.0108 -0.0108 0 0 0 0
0.5260 0.0098 -0.0026 0 0 0 30
0.5200 0.0094 -0.0019 0 0 0 30
0.5260 0.0089 -0.0013 0 0 0 30
0.5220 0.0083 -0.0001 0 0 0 30
0.5200 0.0087 0.0006 0 0 0 0
0.5360 0.0122 0.0012 0 0 0 30
0.5340 0.0127 0.0012 0 0 0 30
0.5340 0.0127 0.0012 0 0 0 30
0.5340 0.0124 0.0011 0 0 0 30
0.5460 0.0117 0.0019 0 0 0 30
0.5460 0.0117 0.0019 0 0 0 0
0.5240 0.0082 0.0088 0 0 -30 0
0.5240 0.0074 0.0087 0 0 -30 0
0.5420 0.0066 0.0092 0 0 -30 0
0.5280 0.0065 0.0115 0 0 -30 0
0.5280 0.0065 0.0115 0 0 -30 0
0.5280 0.0071 0.0110 0 0 -30 0
0.5280 0.0071 0.0110 0 0 -30 0
0.5280 0.0071 0.0110 0 0 -30 0
0.5280 0.0071 0.0110 0 0 0 0
0.5360 0.0105 -0.0029 0 30 0 0
0.5460 0.0123 -0.0021 0 30 0 0
0.5300 0.0119 -0.0010 0 30 0 0
0.5160 0.0106 -0.0012 0 30 0 0
0.5200 0.0079 -0.0022 0 30 0 0
0.5140 0.0075 -0.0047 0 30 0 0
0.5120 0.0077 -0.0043 0 30 0 0
0.5120 0.0077 -0.0043 0 0 0 0
0.5540 0.0218 0.0218 0 30 0 0
0.5420 0.0211 0.0269 0 30 0 0
0.5640 0.0211 0.0269 0 30 0 0
0.5320 0.0197 0.0276 0 30 0 0
0.5480 0.0190 0.0289 0 30 0 0
0.5400 0.0188 0.0284 0 30 0 0
0.5240 0.0193 0.0283 0 30 0 0
0.5240 0.0198 0.0297 0 30 0 0
0.5340 0.0198 0.0297 0 30 0 0
0.5340 0.0198 0.0297 0 30 0 0
0.5340 0.0198 0.0297 0 30 0 0
0.5320 0.0200 0.0292 0 30 0 0
0.5320 0.0200 0.0292 0 30 0 0
0.5320 0.0200 0.0292 0 30 0 0
0.5320 0.0200 0.0292 0 30 0 0
0.5320 0.0200 0.0292 0 30 0 0
0.5320 0.0200 0.0292 0 30 0 0
0.5560 0.0203 0.0296 0 30 0 0
0.5560 0.0203 0.0296 0 30 0 0
0.5560 0.0203 0.0296 0 30 0 0
0.5460 0.0205 0.0304 0 30 0 0
0.5460 0.0205 0.0304 0 30 0 0
0.5460 0.0205 0.0304 0 30 0 0
0.5460 0.0205 0.0304 0 30 0 0
0.5460 0.0206 0.0301 0 30 0 0
0.5400 0.0206 0.0301 0 30 0 0
0.5400 0.0206 0.0301 0 30 0 0
0.5400 0.0206 0.0301 0 30 0 0
0.5400 0.0206 0.0301 0 30 0 0
0.5440 0.0206 0.0299 0 30 0 0
0.5440 0.0206 0.0299 0 30 0 0
0.5440 0.0206 0.0299 0 30 0 0
0.5440 0.0206 0.0299 0 30 0 0
0.5440 0.0206 0.0299 0 30 0 0
0.5440 0.0206 0.0299 0 30 0 0
0.5440 0.0206 0.0299 0 30 0 0
0.5460 0.0206 0.0301 0 30 0 0
0.5460 0.0206 0.0301 0 30 0 0
0.5460 0.0206 0.0301 0 30 0 0
0.5460 0.0207 0.0293 0 30 0 0
0.5260 0.0207 0.0293 0 30 0 0
0.5400 0.0212 0.0291 0 30 0 0
0.5400 0.0212 0.0291 0 30 0 0
0.5400 0.0212 0.0291 0 30 0 0
0.5400 0.0212 0.0291 0 30 0 0
0.5280 0.0218 0.0269 0 30 0 0
0.5280 0.0218 0.0269 0 30 0 0
0.5280 0.0218 0.0269 0 30 0 0
0.5280 0.0221 0.0268 0 30 0 0
0.5440 0.0221 0.0268 0 30 0 0
0.5440 0.0221 0.0268 0 30 0 0
0.5440 0.0221 0.0268 0 30 0 0
0.5440 0.0221 0.0268 0 30 0 0
0.5260 0.0223 0.0275 0 30 0 0
0.5260 0.0223 0.0275 0 30 0 0
0.5260 0.0223 0.0275 0 30 0 0
0.5260 0.0223 0.0275 0 30 0 0
0.5260 0.0223 0.0275 0 30 0 0
0.5260 0.0223 0.0275 0 30 0 0
0.5200 0.0224 0.0272 0 30 0 0
0.5200 0.0224 0.0272 0 30 0 0
0.5200 0.0224 0.0272 0 30 0 0
0.5200 0.0224 0.0272 0 30 0 0
0.5280 0.0224 0.0274 0 30 0 0
0.5280 0.0224 0.0274 0 30 0 0
0.5220 0.0221 0.0272 0 30 0 0
0.5220 0.0221 0.0272 0 30 0 0
0.5220 0.0221 0.0272 0 30 0 0
0.5460 0.0217 0.0312 0 30 0 0
0.5460 0.0217 0.0312 0 30 0 0
0.5460 0.0217 0.0312 0 30 0 0
0.5460 0.0217 0.0312 0 30 0 0
0.5460 0.0216 0.0307 0 30 0 0
0.5460 0.0216 0.0307 0 30 0 0
0.5460 0.0216 0.0307 0 30 0 0
0.5460 0.0216 0.0307 0 30 0 0
0.5460 0.0216 0.0307 0 30 0 0
0.5300 0.0218 0.0311 0 30 0 0
0.5300 0.0218 0.0311 0 30 0 0
0.5300 0.0218 0.0311 0 30 0 0
0.5220 0.0218 0.0311 0 30 0 0
0.5220 0.0218 0.0311 0 30 0 0
0.5220 0.0218 0.0311 0 30 0 0
0.5220 0.0218 0.0311 0 30 0 0
0.5280 0.0217 0.0304 0 30 0 0
0.5280 0.0217 0.0304 0 30 0 0
0.5280 0.0217 0.0304 0 30 0 0
0.5280 0.0217 0.0304 0 30 0 0
0.5280 0.0217 0.0304 0 30 0 0
0.5280 0.0217 0.0304 0 30 0 0
0.5280 0.0217 0.0304 0 30 0 0
0.5480 0.0216 0.0299 0 30 0 0
0.5480 0.0216 0.0299 0 30 0 0
0.5480 0.0216 0.0299 0 30 0 0
0.5480 0.0216 0.0299 0 30 0 0
0.5460 0.0218 0.0293 0 30 0 0
0.5460 0.0218 0.0293 0 30 0 0
0.5360 0.0220 0.0316 0 30 0 0
0.5360 0.0220 0.0316 0 30 0 0
0.5360 0.0220 0.0316 0 30 0 0
0.5360 0.0220 0.0316 0 30 0 0
0.5420 0.0222 0.0306 0 30 0 0
0.5420 0.0222 0.0306 0 30 0 0
0.5420 0.0222 0.0306 0 30 0 0
0.5420 0.0222 0.0306 0 30 0 0
0.5360 0.0228 0.0285 0 30 0 0
0.5360 0.0228 0.0285 0 30 0 0
0.5360 0.0228 0.0285 0 30 0 0
0.5320 0.0233 0.0279 0 30 0 0
0.5320 0.0233 0.0279 0 30 0 0
0.5320 0.0233 0.0279 0 30 0 0
0.5320 0.0233 0.0279 0 30 0 0
0.5320 0.0233 0.0279 0 30 0 0
0.5320 0.0233 0.0279 0 30 0 0
0.5320 0.0233 0.0279 0 30 0 0
0.5320 0.0239 0.0277 0 30 0 0
0.5300 0.0239 0.0277 0 30 0 0
0.5300 0.0239 0.0277 0 30 0 0
0.5300 0.0239 0.0277 0 30 0 0
0.5300 0.0241 0.0274 0 30 0 0
0.5300 0.0241 0.0274 0 30 0 0
0.5420 0.0237 0.0277 0 30 0 0
0.5420 0.0237 0.0277 0 30 0 0
0.5420 0.0237 0.0277 0 30 0 0
0.5420 0.0237 0.0277 0 30 0 0
0.5400 0.0232 0.0273 0 30 0 0
0.5400 0.0232 0.0273 0 30 0 0
0.5400 0.0232 0.0273 0 30 0 0
0.5400 0.0232 0.0280 0 30 0 0
0.5260 0.0232 0.0280 0 30 0 0
0.5260 0.0232 0.0280 0 30 0 0
0.5260 0.0232 0.0280 0 30 0 0
0.5260 0.0232 0.0280 0 30 0 0
0.5460 0.0236 0.0290 0 30 0 0
0.5460 0.0236 0.0290 0 30 0 0
0.5460 0.0236 0.0290 0 30 0 0
0.5460 0.0236 0.0290 0 30 0 0
0.5460 0.0236 0.0290 0 30 0 0
0.5480 0.0240 0.0285 0 30 0 0
0.5480 0.0240 0.0285 0 30 0 0
0.5480 0.0240 0.0285 0 30 0 0
0.5360 0.0243 0.0305 0 30 0 0
0.5360 0.0243 0.0305 0 30 0 0
0.5360 0.0243 0.0305 0 30 0 0
0.5360 0.0243 0.0305 0 30 0 0
0.5180 0.0242 0.0299 0 30 0 0
0.5180 0.0242 0.0299 0 30 0 0
0.5180 0.0242 0.0299 0 30 0 0
0.5180 0.0242 0.0299 0 30 0 0
0.5320 0.0239 0.0302 0 30 0 0
0.5320 0.0239 0.0302 0 30 0 0
0.5320 0.0239 0.0302 0 30 0 0
0.5320 0.0239 0.0302 0 30 0 0
0.5340 0.0231 0.0292 0 30 0 0
0.5340 0.0231 0.0292 0 30 0 0
0.5340 0.0231 0.0292 0 30 0 0
0.5340 0.0231 0.0292 0 30 0 0
0.5340 0.0231 0.0292 0 30 0 0
0.5240 0.0222 0.0297 0 30 0 0
0.5240 0.0222 0.0297 0 30 0 0
0.5240 0.0222 0.0297 0 30 0 0
0.5240 0.0222 0.0297 0 30 0 0
0.5240 0.0222 0.0297 0 30 0 0
0.5240 0.0218 0.0288 0 30 0 0
0.5240 0.0218 0.0288 0 30 0 0
0.5240 0.0218 0.0288 0 30 0 0
0.5280 0.0214 0.0278 0 30 0 0
0.5280 0.0214 0.0278 0 30 0 0
0.5280 0.0214 0.0278 0 30 0 0
0.5280 0.0214 0.0278 0 30 0 0
0.5120 0.0213 0.0270 0 30 0 0
0.5120 0.0213 0.0270 0 30 0 0
0.5120 0.0213 0.0270 0 30 0 0
0.5120 0.0213 0.0270 0 30 0 0
0.5120 0.0213 0.0270 0 30 0 0
0.5360 0.0216 0.0275 0 30 0 0
0.5360 0.0216 0.0275 0 30 0 0
0.5360 0.0216 0.0275 0 30 0 0
0.5200 0.0221 0.0269 0 30 0 0
0.5200 0.0221 0.0269 0 30 0 0
0.5200 0.0221 0.0269 0 30 0 0
0.5200 0.0221 0.0269 0 30 0 0
0.5360 0.0222 0.0260 0 30 0 0
0.5360 0.0222 0.0260 0 30 0 0
0.5360 0.0222 0.0260 0 30 0 0
0.5360 0.0222 0.0260 0 30 0 0
0.5440 0.0223 0.0251 0 30 0 0
0.5440 0.0223 0.0251 0 30 0 0
0.5440 0.0223 0.0251 0 30 0 0
0.5260 0.0229 0.0243 0 30 0 0
0.5260 0.0229 0.0243 0 30 0 0
0.5260 0.0229 0.0243 0 30 0 0
0.5260 0.0229 0.0243 0 30 0 0
0.5260 0.0233 0.0240 0 30 0 0
0.5360 0.0233 0.0240 0 30 0 0
0.5360 0.0233 0.0240 0 30 0 0
0.5360 0.0233 0.0240 0 30 0 0
0.5360 0.0233 0.0240 0 30 0 0
0.5300 0.0235 0.0241 0 30 0 0
0.5300 0.0235 0.0241 0 30 0 0
0.5300 0.0235 0.0241 0 30 0 0
0.5300 0.0235 0.0241 0 30 0 0
0.5300 0.0235 0.0241 0 30 0 0
0.5300 0.0235 0.0241 0 30 0 0
0.5300 0.0235 0.0241 0 30 0 0
0.5300 0.0235 0.0241 0 30 0 0
0.5300 0.0235 0.0241 0 30 0 0
0.5320 0.0233 0.0256 0 30 0 0
0.5320 0.0233 0.0256 0 30 0 0
0.5320 0.0233 0.0256 0 30 0 0
0.5360 0.0230 0.0249 0 30 0 0
0.5360 0.0230 0.0249 0 30 0 0
0.5400 0.0231 0.0251 0 30 0 0
0.5400 0.0231 0.0251 0 30 0 0
0.5400 0.0231 0.0251 0 30 0 0
0.5400 0.0231 0.0251 0 30 0 0
0.5380 0.0238 0.0262 0 30 0 0
0.5380 0.0238 0.0262 0 30 0 0
0.5380 0.0238 0.0262 0 30 0 0
0.5380 0.0238 0.0262 0 30 0 0
0.5380 0.0238 0.0262 0 30 0 0
0.5240 0.0249 0.0260 0 30 0 0
0.5240 0.0249 0.0260 0 30 0 0
0.5240 0.0249 0.0260 0 30 0 0
0.5240 0.0249 0.0260 0 30 0 0
0.5240 0.0249 0.0260 0 30 0 0
0.5240 0.0249 0.0260 0 30 0 0
0.5240 0.0249 0.0260 0 30 0 0
0.5240 0.0249 0.0260 0 30 0 0
0.5240 0.0249 0.0260 0 30 0 0
0.5240 0.0249 0.0260 0 30 0 0
0.5240 0.0249 0.0260 0 30 0 0
0.5160 0.0259 0.0274 0 30 0 0
0.5300 0.0264 0.0268 0 30 0 0
0.5400 0.0265 0.0279 0 30 0 0
0.5400 0.0265 0.0279 0 30 0 0
0.5460 0.0260 0.0272 0 30 0 0
0.5460 0.0260 0.0272 0 30 0 0
0.5460 0.0260 0.0272 0 30 0 0
0.5460 0.0260 0.0272 0 30 0 0
0.5460 0.0250 0.0268 0 30 0 0
0.5320 0.0250 0.0268 0 30 0 0
0.5320 0.0250 0.0268 0 30 0 0
0.5320 0.0250 0.0268 0 30 0 0
0.5320 0.0250 0.0268 0 30 0 0
0.5480 0.0236 0.0269 0 30 0 0
0.5480 0.0236 0.0269 0 30 0 0
0.5480 0.0224 0.0264 0 30 0 0
0.5540 0.0224 0.0264 0 30 0 0
0.5540 0.0224 0.0264 0 30 0 0
0.5540 0.0224 0.0264 0 30 0 0
0.5540 0.0224 0.0264 0 30 0 0
0.5540 0.0224 0.0264 0 30 0 0
0.5480 0.0213 0.0255 0 30 0 0
0.5480 0.0213 0.0255 0 30 0 0
0.5480 0.0213 0.0255 0 30 0 0
0.5480 0.0213 0.0255 0 0 0 0
0.5360 0.0213 0.0236 30 0 0 0
0.5360 0.0185 0.0231 30 0 0 0
0.5300 0.0160 0.0247 30 0 0 0
0.5260 0.0108 0.0232 30 0 0 0
0.5360 0.0103 0.0226 30 0 0 0
0.5360 0.0105 0.0231 30 0 0 0
0.5460 0.0105 0.0231 30 0 0 0
0.5340 0.0101 0.0228 30 0 0 0
0.5340 0.0101 0.0228 30 0 0 0
0.5340 0.0101 0.0228 30 0 0 0
0.5420 0.0097 0.0221 30 0 0 0
0.5420 0.0097 0.0221 30 0 0 0
0.5420 0.0097 0.0221 30 0 0 0
0.5420 0.0097 0.0221 30 0 0 0
0.5420 0.0097 0.0221 30 0 0 0
0.5460 0.0094 0.0220 30 0 0 0
0.5460 0.0094 0.0220 30 0 0 0
0.5460 0.0094 0.0220 30 0 0 0
0.5480 0.0097 0.0221 30 0 0 0
0.5480 0.0097 0.0221 30 0 0 0
0.5480 0.0097 0.0221 30 0 0 0
0.5480 0.0097 0.0221 30 0 0 0
0.5480 0.0097 0.0221 30 0 0 0
0.5300 0.0104 0.0220 30 0 0 0
0.5300 0.0104 0.0220 30 0 0 0
0.5300 0.0104 0.0220 30 0 0 0
0.5300 0.0104 0.0220 30 0 0 0
0.5300 0.0104 0.0220 30 0 0 0
0.5300 0.0104 0.0220 30 0 0 0
0.5240 0.0117 0.0213 30 0 0 0
0.5360 0.0123 0.0213 30 0 0 0
0.5360 0.0123 0.0213 30 0 0 0
0.5360 0.0123 0.0213 30 0 0 0
0.5360 0.0123 0.0213 30 0 0 0
0.5480 0.0125 0.0202 30 0 0 0
0.5480 0.0125 0.0202 30 0 0 0
0.5480 0.0125 0.0202 30 0 0 0
0.5480 0.0125 0.0202 30 0 0 0
0.5480 0.0125 0.0202 30 0 0 0
0.5480 0.0125 0.0202 30 0 0 0
0.5420 0.0118 0.0198 30 0 0 0
0.5420 0.0118 0.0198 30 0 0 0
0.5420 0.0118 0.0198 30 0 0 0
0.5460 0.0111 0.0181 30 0 0 0
0.5460 0.0111 0.0181 30 0 0 0
0.5460 0.0111 0.0181 30 0 0 0
0.5380 0.0103 0.0175 30 0 0 0
0.5380 0.0103 0.0175 30 0 0 0
0.5380 0.0103 0.0175 30 0 0 0
0.5380 0.0103 0.0175 30 0 0 0
0.5380 0.0103 0.0175 30 0 0 0
0.5380 0.0103 0.0188 30 0 0 0
0.5300 0.0103 0.0188 30 0 0 0
0.5300 0.0103 0.0188 30 0 0 0
0.5300 0.0103 0.0188 30 0 0 0
0.5540 0.0110 0.0192 30 0 0 0
0.5540 0.0110 0.0192 30 0 0 0
0.5540 0.0110 0.0192 30 0 0 0
0.5540 0.0110 0.0192 30 0 0 0
0.5540 0.0119 0.0188 30 0 0 0
0.5540 0.0119 0.0188 30 0 0 0
0.5540 0.0119 0.0188 30 0 0 0
0.5540 0.0119 0.0188 30 0 0 0
0.5540 0.0119 0.0188 30 0 0 0
0.5540 0.0119 0.0188 30 0 0 0
0.5140 0.0130 0.0192 30 0 0 0
0.5140 0.0130 0.0192 30 0 0 0
0.5380 0.0136 0.0188 30 0 0 0
0.5380 0.0136 0.0188 30 0 0 0
0.5380 0.0136 0.0188 30 0 0 0
0.5380 0.0136 0.0188 30 0 0 0
0.5380 0.0140 0.0190 30 0 0 0
0.5540 0.0140 0.0190 30 0 0 0
0.5540 0.0140 0.0190 30 0 0 0
0.5540 0.0140 0.0190 30 0 0 0
0.5540 0.0140 0.0190 30 0 0 0
0.5540 0.0140 0.0190 30 0 0 0
0.5440 0.0144 0.0185 30 0 0 0
0.5440 0.0144 0.0185 30 0 0 0
0.5640 0.0143 0.0208 30 0 0 0
0.5640 0.0143 0.0208 30 0 0 0
0.5640 0.0143 0.0208 30 0 0 0
0.5640 0.0143 0.0208 30 0 0 0
0.5640 0.0142 0.0205 30 0 0 0
0.5640 0.0142 0.0205 30 0 0 0
0.5640 0.0142 0.0205 30 0 0 0
0.5640 0.0142 0.0205 30 0 0 0
0.5640 0.0142 0.0205 30 0 0 0
0.5620 0.0146 0.0190 30 0 0 0
0.5620 0.0146 0.0190 30 0 0 0
0.5620 0.0146 0.0190 30 0 0 0
0.5400 0.0150 0.0190 30 0 0 0
0.5400 0.0150 0.0190 30 0 0 0
0.5400 0.0150 0.0190 30 0 0 0
0.5400 0.0150 0.0190 30 0 0 0
0.5400 0.0150 0.0190 30 0 0 0
0.5400 0.0156 0.0195 30 0 0 0
0.5280 0.0156 0.0195 30 0 0 0
0.5280 0.0156 0.0195 30 0 0 0
0.5280 0.0156 0.0195 30 0 0 0
0.5280 0.0156 0.0195 30 0 0 0
0.5360 0.0160 0.0227 30 0 0 0
0.5360 0.0160 0.0227 30 0 0 0
0.5360 0.0160 0.0227 30 0 0 0
0.5140 0.0163 0.0231 30 0 0 0
0.5140 0.0163 0.0231 30 0 0 0
0.5140 0.0163 0.0231 30 0 0 0
0.5140 0.0163 0.0231 30 0 0 0
0.5140 0.0163 0.0231 30 0 0 0
0.5240 0.0169 0.0252 30 0 0 0
0.5240 0.0169 0.0252 30 0 0 0
0.5240 0.0169 0.0252 30 0 0 0
0.5240 0.0169 0.0252 30 0 0 0
0.5240 0.0169 0.0252 30 0 0 0
0.5320 0.0182 0.0249 30 0 0 0
0.5320 0.0182 0.0249 30 0 0 0
0.5400 0.0191 0.0246 30 0 0 0
0.5400 0.0191 0.0246 30 0 0 0
0.5400 0.0191 0.0246 30 0 0 0
0.5400 0.0191 0.0246 30 0 0 0
0.5400 0.0191 0.0246 30 0 0 0
0.5260 0.0200 0.0243 30 0 0 0
0.5260 0.0200 0.0243 30 0 0 0
0.5260 0.0200 0.0243 30 0 0 0
0.5260 0.0200 0.0243 30 0 0 0
0.5260 0.0200 0.0243 30 0 0 0
0.5180 0.0199 0.0249 30 0 0 0
0.5180 0.0199 0.0249 30 0 0 0
0.5220 0.0192 0.0243 30 0 0 0
0.5220 0.0192 0.0243 30 0 0 0
0.5220 0.0192 0.0243 30 0 0 0
0.5220 0.0192 0.0243 30 0 0 0
0.5220 0.0192 0.0243 30 0 0 0
0.5220 0.0192 0.0243 30 0 0 0
0.5320 0.0175 0.0231 30 0 0 0
0.5320 0.0175 0.0231 30 0 0 0
0.5320 0.0175 0.0231 30 0 0 0
0.5320 0.0175 0.0231 30 0 0 0
0.5280 0.0157 0.0229 30 0 0 0
0.5280 0.0157 0.0229 30 0 0 0
0.5280 0.0145 0.0251 30 0 0 0
0.5280 0.0145 0.0251 30 0 0 0
0.5280 0.0145 0.0251 30 0 0 0
0.5280 0.0145 0.0251 30 0 0 0
0.5280 0.0145 0.0251 30 0 0 0
0.5280 0.0145 0.0251 30 0 0 0
0.5220 0.0131 0.0249 30 0 0 0
0.5220 0.0131 0.0249 30 0 0 0
0.5220 0.0131 0.0249 30 0 0 0
0.5220 0.0131 0.0249 30 0 0 0
0.5080 0.0129 0.0243 30 0 0 0
0.5080 0.0129 0.0243 30 0 0 0
0.5080 0.0132 0.0241 30 0 0 0
0.5080 0.0132 0.0241 30 0 0 0
0.5080 0.0132 0.0241 30 0 0 0
0.5080 0.0132 0.0241 30 0 0 0
0.5080 0.0132 0.0241 30 0 0 0
0.5220 0.0138 0.0233 30 0 0 0
0.5220 0.0138 0.0233 30 0 0 0
0.5220 0.0138 0.0233 30 0 0 0
0.5220 0.0138 0.0233 30 0 0 0
0.5220 0.0138 0.0233 30 0 0 0
0.5420 0.0142 0.0229 30 0 0 0
0.5420 0.0142 0.0229 30 0 0 0
0.5260 0.0146 0.0226 30 0 0 0
0.5260 0.0146 0.0226 30 0 0 0
0.5260 0.0146 0.0226 30 0 0 0
0.5260 0.0146 0.0226 30 0 0 0
0.5260 0.0146 0.0226 30 0 0 0
0.5260 0.0146 0.0226 30 0 0 0
0.5440 0.0145 0.0240 30 0 0 0
0.5440 0.0145 0.0240 30 0 0 0
0.5440 0.0145 0.0240 30 0 0 0
0.5440 0.0145 0.0240 30 0 0 0
0.5440 0.0145 0.0240 30 0 0 0
0.5460 0.0138 0.0237 30 0 0 0
0.5460 0.0138 0.0237 30 0 0 0
0.5360 0.0132 0.0229 30 0 0 0
0.5360 0.0132 0.0229 30 0 0 0
0.5360 0.0132 0.0229 30 0 0 0
0.5360 0.0132 0.0229 30 0 0 0
0.5360 0.0132 0.0229 30 0 0 0
0.5360 0.0127 0.0228 30 0 0 0
0.5380 0.0127 0.0228 30 0 0 0
0.5380 0.0127 0.0228 30 0 0 0
0.5380 0.0127 0.0228 30 0 0 0
0.5380 0.0127 0.0228 30 0 0 0
0.5500 0.0129 0.0219 30 0 0 0
0.5500 0.0129 0.0219 30 0 0 0
0.5620 0.0133 0.0213 30 0 0 0
0.5620 0.0133 0.0213 30 0 0 0
0.5620 0.0133 0.0213 30 0 0 0
0.5620 0.0133 0.0213 30 0 0 0
0.5620 0.0133 0.0213 30 0 0 0
0.5620 0.0133 0.0213 30 0 0 0
0.5520 0.0138 0.0189 30 0 0 0
0.5520 0.0138 0.0189 30 0 0 0
0.5520 0.0138 0.0189 30 0 0 0
0.5520 0.0138 0.0189 30 0 0 0
0.5300 0.0139 0.0184 30 0 0 0
0.5300 0.0139 0.0184 30 0 0 0
0.5300 0.0139 0.0184 30 0 0 0
0.5300 0.0139 0.0184 30 0 0 0
0.5480 0.0140 0.0174 30 0 0 0
0.5480 0.0140 0.0174 30 0 0 0
0.5480 0.0140 0.0174 30 0 0 0
0.5480 0.0140 0.0174 30 0 0 0
0.5480 0.0140 0.0174 30 0 0 0
0.5520 0.0139 0.0175 30 0 0 0
0.5520 0.0139 0.0175 30 0 0 0
0.5520 0.0139 0.0175 30 0 0 0
0.5520 0.0139 0.0175 30 0 0 0
0.5520 0.0139 0.0162 30 0 0 0
0.5520 0.0139 0.0162 30 0 0 0
0.5220 0.0140 0.0155 30 0 0 0
0.5220 0.0140 0.0155 30 0 0 0
0.5220 0.0140 0.0155 30 0 0 0
0.5220 0.0140 0.0155 30 0 0 0
0.5220 0.0140 0.0155 30 0 0 0
0.5080 0.0139 0.0150 30 0 0 0
0.5080 0.0139 0.0150 30 0 0 0
0.5080 0.0139 0.0150 30 0 0 0
0.5080 0.0139 0.0150 30 0 0 0
0.5080 0.0139 0.0150 30 0 0 0
0.5600 0.0135 0.0148 30 0 0 0
0.5600 0.0135 0.0148 30 0 0 0
0.5380 0.0130 0.0150 30 0 0 0
0.5380 0.0130 0.0150 30 0 0 0
0.5380 0.0130 0.0150 30 0 0 0
0.5380 0.0130 0.0150 30 0 0 0
0.5380 0.0130 0.0150 30 0 0 0
0.5460 0.0125 0.0129 30 0 0 0
0.5460 0.0125 0.0129 30 0 0 0
0.5460 0.0125 0.0129 30 0 0 0
0.5460 0.0125 0.0129 30 0 0 0
0.5140 0.0126 0.0127 30 0 0 0
0.5140 0.0126 0.0127 30 0 0 0
0.5140 0.0132 0.0109 30 0 0 0
0.5340 0.0132 0.0109 30 0 0 0
0.5340 0.0132 0.0109 30 0 0 0
0.5340 0.0132 0.0109 30 0 0 0
0.5340 0.0132 0.0109 30 0 0 0
0.5340 0.0132 0.0109 30 0 0 0
0.5460 0.0142 0.0107 30 0 0 0
0.5460 0.0142 0.0107 30 0 0 0
0.5460 0.0142 0.0107 30 0 0 0
0.5460 0.0142 0.0107 30 0 0 0
0.5460 0.0142 0.0107 30 0 0 0
0.5260 0.0147 0.0115 30 0 0 0
0.5260 0.0147 0.0115 30 0 0 0
0.5360 0.0149 0.0115 30 0 0 0
0.5360 0.0149 0.0115 30 0 0 0
0.5360 0.0149 0.0115 30 0 0 0
0.5360 0.0149 0.0115 30 0 0 0
0.5360 0.0149 0.0115 30 0 0 0
0.5360 0.0149 0.0115 30 0 0 0
0.5640 0.0150 0.0121 0 0 0 0
0.5340 0.0130 0.0147 30 0 0 0
0.5580 0.0122 0.0146 30 0 0 0
0.5680 0.0113 0.0148 30 0 0 0
0.5320 0.0109 0.0160 30 0 0 0
0.5320 0.0109 0.0160 30 0 0 0
0.5320 0.0109 0.0160 30 0 0 0
0.5320 0.0109 0.0160 30 0 0 0
0.5300 0.0108 0.0161 30 0 0 0
0.5740 0.0106 0.0151 30 0 0 0
0.5320 0.0104 0.0151 30 0 0 0
0.5600 0.0101 0.0142 30 0 0 0
0.5420 0.0099 0.0141 30 0 0 0
0.5420 0.0099 0.0141 30 0 0 0
0.5420 0.0099 0.0141 30 0 0 0
0.5420 0.0099 0.0141 30 0 0 0
0.5480 0.0098 0.0138 30 0 0 0
0.5480 0.0098 0.0138 30 0 0 0
0.5480 0.0098 0.0138 30 0 0 0
0.5480 0.0097 0.0140 30 0 0 0
0.5480 0.0097 0.0140 30 0 0 0
0.5480 0.0097 0.0140 30 0 0 0
0.5480 0.0097 0.0140 30 0 0 0
0.5480 0.0097 0.0144 30 0 0 0
0.5680 0.0097 0.0144 30 0 0 0
0.5680 0.0097 0.0144 30 0 0 0
0.5680 0.0097 0.0144 30 0 0 0
0.5620 0.0100 0.0146 30 0 0 0
0.5620 0.0100 0.0146 0 0 0 0
0.5640 0.0178 0.0118 0 -30 0 0
0.5840 0.0180 0.0116 0 -30 0 0
0.5740 0.0174 0.0112 0 -30 0 0
0.5740 0.0169 0.0116 0 -30 0 0
0.5820 0.0169 0.0116 0 -30 0 0
0.5800 0.0163 0.0142 0 -30 0 0
0.5620 0.0141 0.0164 0 -30 0 0
0.5600 0.0136 0.0168 0 -30 0 0
0.5620 0.0137 0.0155 0 -30 0 0
0.5620 0.0137 0.0155 0 -30 0 0
0.5620 0.0137 0.0155 0 -30 0 0
0.5740 0.0140 0.0152 0 -30 0 0
0.5740 0.0140 0.0152 0 -30 0 0
0.5740 0.0140 0.0152 0 -30 0 0
0.5740 0.0140 0.0152 0 -30 0 0
0.5740 0.0140 0.0152 0 -30 0 0
0.5740 0.0147 0.0156 0 -30 0 0
0.5660 0.0147 0.0156 0 -30 0 0
0.5660 0.0148 0.0155 0 -30 0 0
0.5740 0.0148 0.0155 0 -30 0 0
0.5740 0.0148 0.0155 0 -30 0 0
0.5740 0.0148 0.0155 0 -30 0 0
0.5740 0.0148 0.0155 0 -30 0 0
0.5740 0.0148 0.0155 0 -30 0 0
0.5740 0.0148 0.0155 0 -30 0 0
0.5600 0.0147 0.0156 0 -30 0 0
0.5600 0.0147 0.0156 0 -30 0 0
0.5600 0.0147 0.0156 0 -30 0 0
0.5600 0.0147 0.0156 0 -30 0 0
0.5680 0.0148 0.0154 0 -30 0 0
0.5680 0.0148 0.0154 0 -30 0 0
0.5900 0.0150 0.0162 0 -30 0 0
0.5900 0.0150 0.0162 0 -30 0 0
0.5900 0.0150 0.0162 0 -30 0 0
0.5900 0.0150 0.0162 0 -30 0 0
0.5900 0.0150 0.0162 0 -30 0 0
0.5800 0.0149 0.0164 0 -30 0 0
0.5800 0.0149 0.0164 0 -30 0 0
0.5800 0.0149 0.0164 0 -30 0 0
0.5800 0.0149 0.0164 0 -30 0 0
0.5880 0.0146 0.0142 0 -30 0 0
0.5880 0.0146 0.0142 0 -30 0 0
0.5780 0.0144 0.0143 0 -30 0 0
0.5780 0.0144 0.0143 0 -30 0 0
0.5780 0.0144 0.0143 0 -30 0 0
0.5780 0.0144 0.0143 0 -30 0 0
0.5780 0.0144 0.0143 0 -30 0 0
0.5780 0.0144 0.0143 0 -30 0 0
0.5800 0.0142 0.0143 0 -30 0 0
0.5800 0.0142 0.0143 0 -30 0 0
0.5800 0.0142 0.0143 0 -30 0 0
0.5800 0.0142 0.0143 0 -30 0 0
0.5800 0.0140 0.0138 0 -30 0 0
0.5800 0.0140 0.0138 0 -30 0 0
0.5800 0.0140 0.0138 0 -30 0 0
0.5800 0.0140 0.0138 0 -30 0 0
0.5800 0.0140 0.0138 0 -30 0 0
0.5800 0.0140 0.0138 0 -30 0 0
0.5800 0.0140 0.0138 0 -30 0 0
0.5800 0.0140 0.0138 0 -30 0 0
0.5800 0.0140 0.0138 0 -30 0 0
0.5800 0.0140 0.0138 0 -30 0 0
0.5760 0.0138 0.0137 0 -30 0 0
0.5540 0.0135 0.0146 0 -30 0 0
0.5540 0.0135 0.0146 0 -30 0 0
0.5720 0.0132 0.0144 0 -30 0 0
0.5720 0.0130 0.0141 0 -30 0 0
0.5640 0.0130 0.0141 0 -30 0 0
0.5640 0.0130 0.0141 0 -30 0 0
0.5640 0.0130 0.0141 0 -30 0 0
0.5640 0.0130 0.0141 0 -30 0 0
0.5640 0.0130 0.0141 0 -30 0 0
0.5680 0.0136 0.0139 0 -30 0 0
0.5680 0.0136 0.0139 0 -30 0 0
0.5680 0.0136 0.0139 0 -30 0 0
0.5680 0.0136 0.0139 0 -30 0 0
0.5680 0.0136 0.0139 0 -30 0 0
0.5680 0.0145 0.0131 0 -30 0 0
0.5680 0.0145 0.0131 0 -30 0 0
0.5600 0.0155 0.0128 0 -30 0 0
0.5600 0.0155 0.0128 0 -30 0 0
0.5600 0.0155 0.0128 0 -30 0 0
0.5600 0.0155 0.0128 0 -30 0 0
0.5600 0.0155 0.0128 0 -30 0 0
0.5600 0.0155 0.0128 0 -30 0 0
0.5920 0.0163 0.0115 0 -30 0 0
0.5920 0.0163 0.0115 0 -30 0 0
0.5920 0.0163 0.0115 0 -30 0 0
0.5920 0.0163 0.0115 0 -30 0 0
0.5640 0.0164 0.0117 0 -30 0 0
0.5640 0.0164 0.0117 0 -30 0 0
0.5960 0.0162 0.0116 0 -30 0 0
0.5960 0.0162 0.0116 0 -30 0 0
0.5960 0.0162 0.0116 0 -30 0 0
0.5960 0.0162 0.0116 0 -30 0 0
0.5960 0.0162 0.0116 0 -30 0 0
0.5780 0.0160 0.0112 0 -30 0 0
0.5780 0.0160 0.0112 0 -30 0 0
0.5780 0.0160 0.0112 0 -30 0 0
0.5780 0.0160 0.0112 0 -30 0 0
0.5780 0.0161 0.0110 0 0 0 0
0.5620 0.0168 0.0113 -30 0 0 0
0.6120 0.0167 0.0107 -30 0 0 0
0.5820 0.0165 0.0104 -30 0 0 0
0.5700 0.0164 0.0105 -30 0 0 0
0.5720 0.0173 0.0103 -30 0 0 0
0.5840 0.0208 0.0100 -30 0 0 0
0.5840 0.0208 0.0100 -30 0 0 0
0.5860 0.0220 0.0115 -30 0 0 0
0.5860 0.0220 0.0115 -30 0 0 0
0.5860 0.0227 0.0110 -30 0 0 0
0.5920 0.0227 0.0110 -30 0 0 0
0.5920 0.0227 0.0110 -30 0 0 0
0.5920 0.0227 0.0110 -30 0 0 0
0.5920 0.0227 0.0110 -30 0 0 0
0.5920 0.0227 0.0110 -30 0 0 0
0.5560 0.0233 0.0119 -30 0 0 0
0.5560 0.0233 0.0119 -30 0 0 0
0.5560 0.0233 0.0119 -30 0 0 0
0.5560 0.0233 0.0119 -30 0 0 0
0.5560 0.0233 0.0119 -30 0 0 0
0.5680 0.0234 0.0121 -30 0 0 0
0.5680 0.0232 0.0172 -30 0 0 0
0.5560 0.0232 0.0172 -30 0 0 0
0.5560 0.0232 0.0172 -30 0 0 0
0.5560 0.0232 0.0172 -30 0 0 0
0.5560 0.0232 0.0172 -30 0 0 0
0.5560 0.0232 0.0172 -30 0 0 0
0.5640 0.0233 0.0175 -30 0 0 0
0.5640 0.0233 0.0175 -30 0 0 0
0.5640 0.0233 0.0175 -30 0 0 0
0.5640 0.0233 0.0175 -30 0 0 0
0.5680 0.0237 0.0182 -30 0 0 0
0.5680 0.0237 0.0182 -30 0 0 0
0.5680 0.0237 0.0182 -30 0 0 0
0.5740 0.0240 0.0192 -30 0 0 0
0.5740 0.0240 0.0192 -30 0 0 0
0.5740 0.0240 0.0192 -30 0 0 0
0.5740 0.0240 0.0192 -30 0 0 0
0.5740 0.0240 0.0192 -30 0 0 0
0.5740 0.0240 0.0192 -30 0 0 0
0.5740 0.0240 0.0192 -30 0 0 0
0.5840 0.0245 0.0193 -30 0 0 0
0.5840 0.0245 0.0193 -30 0 0 0
0.5840 0.0245 0.0193 -30 0 0 0
0.5640 0.0251 0.0186 -30 0 0 0
0.5640 0.0251 0.0186 -30 0 0 0
0.5700 0.0255 0.0184 -30 0 0 0
0.5700 0.0255 0.0184 -30 0 0 0
0.5700 0.0255 0.0184 -30 0 0 0
0.5700 0.0255 0.0184 -30 0 0 0
0.5700 0.0255 0.0184 -30 0 0 0
0.5700 0.0255 0.0184 -30 0 0 0
0.5620 0.0257 0.0177 -30 0 0 0
0.5620 0.0257 0.0177 -30 0 0 0
0.5620 0.0257 0.0177 -30 0 0 0
0.5620 0.0257 0.0177 -30 0 0 0
0.5620 0.0257 0.0177 -30 0 0 0
0.5620 0.0255 0.0172 -30 0 0 0
0.5620 0.0255 0.0172 -30 0 0 0
0.5760 0.0251 0.0175 -30 0 0 0
0.5760 0.0251 0.0175 -30 0 0 0
0.5760 0.0251 0.0175 -30 0 0 0
0.5760 0.0251 0.0175 -30 0 0 0
0.5760 0.0251 0.0175 -30 0 0 0
0.5780 0.0243 0.0178 -30 0 0 0
0.5780 0.0243 0.0178 -30 0 0 0
0.5780 0.0243 0.0178 -30 0 0 0
0.5780 0.0243 0.0178 -30 0 0 0
0.5780 0.0243 0.0178 -30 0 0 0
0.5740 0.0236 0.0194 -30 0 0 0
0.5740 0.0236 0.0194 -30 0 0 0
0.5680 0.0228 0.0200 -30 0 0 0
0.5680 0.0228 0.0200 -30 0 0 0
0.5680 0.0228 0.0200 -30 0 0 0
0.5680 0.0228 0.0200 -30 0 0 0
0.5680 0.0228 0.0200 -30 0 0 0
0.5640 0.0218 0.0193 -30 0 0 0
0.5640 0.0218 0.0193 -30 0 0 0
0.5640 0.0218 0.0193 -30 0 0 0
0.5640 0.0218 0.0193 -30 0 0 0
0.5640 0.0218 0.0193 -30 0 0 0
0.5760 0.0211 0.0195 -30 0 0 0
0.5760 0.0211 0.0195 -30 0 0 0
0.5760 0.0211 0.0195 -30 0 0 0
0.5760 0.0210 0.0194 -30 0 0 0
0.5620 0.0210 0.0194 -30 0 0 0
0.5620 0.0210 0.0194 -30 0 0 0
0.5620 0.0210 0.0194 -30 0 0 0
0.5620 0.0210 0.0194 -30 0 0 0
0.5640 0.0211 0.0188 -30 0 0 0
0.5640 0.0211 0.0188 -30 0 0 0
0.5640 0.0211 0.0188 -30 0 0 0
0.5640 0.0211 0.0188 -30 0 0 0
0.5760 0.0216 0.0190 -30 0 0 0
0.5760 0.0216 0.0190 -30 0 0 0
0.5760 0.0216 0.0190 -30 0 0 0
0.5760 0.0216 0.0190 -30 0 0 0
0.5580 0.0226 0.0193 -30 0 0 0
0.5580 0.0226 0.0193 -30 0 0 0
0.5580 0.0226 0.0193 -30 0 0 0
0.5580 0.0226 0.0193 -30 0 0 0
0.5660 0.0232 0.0195 -30 0 0 0
0.5660 0.0232 0.0195 -30 0 0 0
0.5660 0.0232 0.0195 -30 0 0 0
0.5660 0.0232 0.0195 -30 0 0 0
0.5660 0.0232 0.0195 -30 0 0 0
0.5820 0.0234 0.0193 -30 0 0 0
0.5820 0.0234 0.0193 -30 0 0 0
0.5680 0.0234 0.0196 -30 0 0 0
0.5680 0.0234 0.0196 -30 0 0 0
0.5680 0.0234 0.0196 -30 0 0 0
0.5680 0.0234 0.0196 -30 0 0 0
0.5680 0.0232 0.0202 -30 0 0 0
0.5680 0.0232 0.0202 -30 0 0 0
0.5680 0.0232 0.0202 -30 0 0 0
0.5680 0.0232 0.0202 -30 0 0 0
0.5680 0.0228 0.0193 -30 0 0 0
0.5900 0.0228 0.0193 -30 0 0 0
0.5900 0.0228 0.0193 -30 0 0 0
0.5900 0.0228 0.0193 -30 0 0 0
0.5940 0.0218 0.0208 -30 0 0 0
0.5940 0.0218 0.0208 -30 0 0 0
0.5940 0.0218 0.0208 -30 0 0 0
0.5940 0.0218 0.0208 -30 0 0 0
0.5940 0.0218 0.0208 -30 0 0 0
0.5720 0.0211 0.0205 -30 0 0 0
0.5720 0.0211 0.0205 -30 0 0 0
0.5720 0.0211 0.0205 -30 0 0 0
0.5720 0.0211 0.0205 -30 0 0 0
0.5720 0.0211 0.0205 -30 0 0 0
0.5820 0.0207 0.0211 -30 0 0 0
0.5820 0.0207 0.0211 -30 0 0 0
0.5820 0.0207 0.0211 -30 0 0 0
0.5820 0.0207 0.0211 -30 0 0 0
0.5740 0.0207 0.0219 -30 0 0 0
0.5740 0.0207 0.0219 -30 0 0 0
0.5740 0.0207 0.0219 -30 0 0 0
0.5740 0.0207 0.0219 -30 0 0 0
0.5880 0.0208 0.0213 -30 0 0 0
0.5880 0.0208 0.0213 -30 0 0 0
0.5880 0.0208 0.0213 -30 0 0 0
0.5720 0.0207 0.0236 -30 0 0 0
0.5720 0.0207 0.0236 -30 0 0 0
0.5720 0.0207 0.0236 -30 0 0 0
0.5720 0.0207 0.0236 -30 0 0 0
0.5700 0.0202 0.0234 -30 0 0 0
0.5700 0.0202 0.0234 -30 0 0 0
0.5700 0.0202 0.0234 -30 0 0 0
0.5860 0.0195 0.0238 -30 0 0 0
0.5860 0.0195 0.0238 -30 0 0 0
0.5860 0.0195 0.0238 -30 0 0 0
0.5860 0.0195 0.0238 -30 0 0 0
0.5860 0.0195 0.0238 -30 0 0 0
0.5820 0.0188 0.0231 -30 0 0 0
0.5820 0.0188 0.0231 -30 0 0 0
0.5820 0.0188 0.0231 -30 0 0 0
0.5820 0.0188 0.0231 -30 0 0 0
0.5720 0.0176 0.0210 -30 0 0 0
0.5720 0.0176 0.0210 -30 0 0 0
0.5720 0.0176 0.0210 -30 0 0 0
0.5720 0.0176 0.0210 -30 0 0 0
0.5720 0.0170 0.0206 -30 0 0 0
0.5800 0.0170 0.0206 -30 0 0 0
0.5800 0.0170 0.0206 -30 0 0 0
0.5800 0.0170 0.0206 -30 0 0 0
0.5800 0.0170 0.0206 -30 0 0 0
0.5800 0.0170 0.0206 -30 0 0 0
0.5800 0.0170 0.0206 -30 0 0 0
0.5800 0.0170 0.0206 -30 0 0 0
0.5800 0.0170 0.0206 -30 0 0 0
0.5700 0.0166 0.0204 -30 0 0 0
0.5700 0.0166 0.0204 -30 0 0 0
0.5700 0.0166 0.0204 -30 0 0 0
0.5700 0.0168 0.0194 -30 0 0 0
0.5640 0.0168 0.0194 -30 0 0 0
0.5900 0.0170 0.0186 -30 0 0 0
0.5900 0.0170 0.0186 -30 0 0 0
0.5900 0.0170 0.0186 -30 0 0 0
0.5960 0.0173 0.0181 -30 0 0 0
0.5960 0.0173 0.0181 -30 0 0 0
0.5960 0.0173 0.0181 -30 0 0 0
0.5960 0.0173 0.0181 0 0 0 0
0.5460 0.0138 0.0178 -30 0 0 0
0.5680 0.0144 0.0178 -30 0 0 0
0.5600 0.0154 0.0209 -30 0 0 0
0.5640 0.0155 0.0218 -30 0 0 0
0.5700 0.0152 0.0214 -30 0 0 0
0.5560 0.0147 0.0205 -30 0 0 0
0.5480 0.0145 0.0201 -30 0 0 0
0.5480 0.0145 0.0201 -30 0 0 0
0.5480 0.0145 0.0201 -30 0 0 0
0.5480 0.0145 0.0201 -30 0 0 0
0.5480 0.0145 0.0201 -30 0 0 0
0.5480 0.0145 0.0201 -30 0 0 0
0.5560 0.0147 0.0191 -30 0 0 0
0.5640 0.0150 0.0189 -30 0 0 0
0.5640 0.0150 0.0189 -30 0 0 0
0.5600 0.0154 0.0199 -30 0 0 0
0.5600 0.0154 0.0199 -30 0 0 0
0.5600 0.0154 0.0199 -30 0 0 0
0.5600 0.0154 0.0199 -30 0 0 0
0.5600 0.0154 0.0199 -30 0 0 0
0.5600 0.0154 0.0199 -30 0 0 0
0.5800 0.0161 0.0182 -30 0 0 0
0.5800 0.0161 0.0182 -30 0 0 0
0.5700 0.0167 0.0175 -30 0 0 0
0.5700 0.0167 0.0175 -30 0 0 0
0.5700 0.0167 0.0175 -30 0 0 0
0.5700 0.0167 0.0175 -30 0 0 0
0.5700 0.0167 0.0175 -30 0 0 0
0.5580 0.0173 0.0176 -30 0 0 0
0.5580 0.0173 0.0176 -30 0 0 0
0.5580 0.0173 0.0176 -30 0 0 0
0.5580 0.0173 0.0176 -30 0 0 0
0.5580 0.0173 0.0176 -30 0 0 0
0.5660 0.0183 0.0180 -30 0 0 0
0.5660 0.0183 0.0180 -30 0 0 0
0.5660 0.0183 0.0180 0 0 0 0
0.5600 0.0186 0.0172 0 30 0 0
0.5660 0.0160 0.0178 0 30 0 0
0.5860 0.0144 0.0190 0 30 0 0
0.5880 0.0135 0.0191 0 30 0 0
0.5660 0.0126 0.0172 0 30 0 0
0.5740 0.0125 0.0166 0 30 0 0
0.5740 0.0125 0.0166 0 30 0 0
0.5480 0.0127 0.0162 0 30 0 0
0.5480 0.0127 0.0162 0 30 0 0
0.5480 0.0127 0.0162 0 30 0 0
0.5480 0.0127 0.0162 0 30 0 0
0.5660 0.0135 0.0152 0 30 0 0
0.5660 0.0135 0.0152 0 30 0 0
0.5660 0.0135 0.0152 0 30 0 0
0.5760 0.0142 0.0149 0 30 0 0
0.5760 0.0142 0.0149 0 30 0 0
0.5760 0.0142 0.0149 0 30 0 0
0.5760 0.0142 0.0149 0 30 0 0
0.5560 0.0150 0.0140 0 30 0 0
0.5560 0.0150 0.0140 0 30 0 0
0.5560 0.0150 0.0140 0 30 0 0
0.5560 0.0150 0.0140 0 30 0 0
0.5560 0.0150 0.0140 0 30 0 0
0.5780 0.0160 0.0137 0 30 0 0
0.5780 0.0160 0.0137 0 30 0 0
0.5780 0.0160 0.0137 0 30 0 0
0.5940 0.0164 0.0118 0 30 0 0
0.5940 0.0164 0.0118 0 30 0 0
0.5940 0.0164 0.0118 0 30 0 0
0.5940 0.0164 0.0118 0 30 0 0
0.5620 0.0166 0.0119 0 30 0 0
0.5620 0.0166 0.0119 0 30 0 0
0.5620 0.0166 0.0119 0 30 0 0
0.5620 0.0166 0.0119 0 30 0 0
0.5620 0.0166 0.0119 0 30 0 0
0.5620 0.0169 0.0132 0 30 0 0
0.5760 0.0169 0.0132 0 30 0 0
0.5760 0.0169 0.0132 0 30 0 0
0.5760 0.0169 0.0132 0 30 0 0
0.5620 0.0173 0.0132 0 30 0 0
0.5620 0.0173 0.0132 0 30 0 0
0.5620 0.0173 0.0132 0 30 0 0
0.5620 0.0173 0.0132 0 30 0 0
0.5840 0.0178 0.0136 0 30 0 0
0.5840 0.0178 0.0136 0 30 0 0
0.5840 0.0178 0.0136 0 30 0 0
0.5840 0.0178 0.0136 0 30 0 0
0.5840 0.0178 0.0136 0 30 0 0
0.5840 0.0181 0.0140 0 30 0 0
0.5840 0.0181 0.0140 0 30 0 0
0.5880 0.0181 0.0156 0 30 0 0
0.5880 0.0181 0.0156 0 30 0 0
0.5880 0.0181 0.0156 0 30 0 0
0.5980 0.0181 0.0158 0 30 0 0
0.5980 0.0181 0.0158 0 30 0 0
0.5980 0.0181 0.0158 0 30 0 0
0.5980 0.0181 0.0158 0 30 0 0
0.5980 0.0181 0.0158 0 30 0 0
0.5980 0.0181 0.0158 0 30 0 0
0.5740 0.0184 0.0157 0 30 0 0
0.5740 0.0184 0.0157 0 30 0 0
0.5740 0.0184 0.0157 0 30 0 0
0.5820 0.0186 0.0151 0 30 0 0
0.5820 0.0186 0.0151 0 30 0 0
0.5820 0.0186 0.0151 0 30 0 0
0.5820 0.0186 0.0151 0 30 0 0
0.5900 0.0189 0.0152 0 30 0 0
0.5900 0.0189 0.0152 0 30 0 0
0.5900 0.0189 0.0152 0 30 0 0
0.5900 0.0189 0.0152 0 30 0 0
0.5900 0.0189 0.0152 0 30 0 0
0.5900 0.0189 0.0152 0 30 0 0
0.5780 0.0194 0.0161 0 30 0 0
0.5780 0.0197 0.0163 0 30 0 0
0.5920 0.0197 0.0163 0 30 0 0
0.5920 0.0197 0.0163 0 30 0 0
0.5920 0.0197 0.0163 0 30 0 0
0.5960 0.0199 0.0154 0 30 0 0
0.5960 0.0199 0.0154 0 30 0 0
0.5960 0.0199 0.0154 0 30 0 0
0.5960 0.0199 0.0154 0 30 0 0
0.5960 0.0199 0.0154 0 30 0 0
0.5960 0.0199 0.0154 0 30 0 0
0.5880 0.0197 0.0158 0 30 0 0
0.5880 0.0197 0.0158 0 30 0 0
0.5820 0.0194 0.0150 0 30 0 0
0.5820 0.0194 0.0150 0 30 0 0
0.5820 0.0194 0.0150 0 30 0 0
0.5820 0.0194 0.0150 0 30 0 0
0.5780 0.0191 0.0149 0 30 0 0
0.5780 0.0191 0.0149 0 30 0 0
0.5780 0.0191 0.0149 0 30 0 0
0.5780 0.0191 0.0149 0 30 0 0
0.5780 0.0191 0.0149 0 30 0 0
0.5780 0.0191 0.0149 0 30 0 0
0.5780 0.0191 0.0149 0 30 0 0
0.5740 0.0192 0.0152 0 30 0 0
0.5740 0.0192 0.0152 0 30 0 0
0.5740 0.0197 0.0147 0 30 0 0
0.5760 0.0197 0.0147 0 30 0 0
0.5760 0.0197 0.0147 0 30 0 0
0.5760 0.0197 0.0147 0 30 0 0
0.5760 0.0201 0.0144 0 30 0 0
0.5840 0.0201 0.0144 0 30 0 0
0.5840 0.0201 0.0144 0 30 0 0
0.5840 0.0201 0.0144 0 30 0 0
0.5840 0.0201 0.0144 0 30 0 0
0.5840 0.0201 0.0144 0 30 0 0
0.5800 0.0207 0.0142 0 30 0 0
0.5800 0.0207 0.0142 0 30 0 0
0.5840 0.0213 0.0142 0 30 0 0
0.5840 0.0213 0.0142 0 30 0 0
0.5840 0.0213 0.0142 0 30 0 0
0.5840 0.0213 0.0142 0 30 0 0
0.5840 0.0213 0.0142 0 30 0 0
0.5700 0.0218 0.0141 0 30 0 0
0.5700 0.0218 0.0141 0 30 0 0
0.5700 0.0218 0.0141 0 30 0 0
0.5700 0.0218 0.0141 0 30 0 0
0.5700 0.0218 0.0141 0 30 0 0
0.5740 0.0223 0.0131 0 30 0 0
0.5740 0.0223 0.0131 0 30 0 0
0.5680 0.0225 0.0126 0 30 0 0
0.5680 0.0225 0.0126 0 30 0 0
0.5680 0.0225 0.0126 0 30 0 0
0.5680 0.0225 0.0126 0 30 0 0
0.5680 0.0225 0.0126 0 30 0 0
0.5680 0.0225 0.0126 0 30 0 0
0.5600 0.0228 0.0125 0 30 0 0
0.5600 0.0228 0.0125 0 30 0 0
0.5600 0.0228 0.0125 0 30 0 0
0.5600 0.0228 0.0125 0 30 0 0
0.5720 0.0231 0.0104 0 30 0 0
0.5720 0.0231 0.0104 0 30 0 0
0.5720 0.0231 0.0104 0 30 0 0
0.5560 0.0234 0.0104 0 30 0 0
0.5560 0.0234 0.0104 0 30 0 0
0.5560 0.0234 0.0104 0 30 0 0
0.5560 0.0234 0.0104 0 30 0 0
0.5560 0.0234 0.0104 0 30 0 0
0.5780 0.0239 0.0097 0 30 0 0
0.5780 0.0239 0.0097 0 30 0 0
0.5780 0.0239 0.0097 0 30 0 0
0.5780 0.0239 0.0097 0 30 0 0
0.5640 0.0237 0.0102 0 30 0 0
0.5640 0.0237 0.0102 0 30 0 0
0.5640 0.0237 0.0102 0 30 0 0
0.5820 0.0233 0.0109 0 30 0 0
0.5820 0.0233 0.0109 0 30 0 0
0.5820 0.0233 0.0109 0 30 0 0
0.5820 0.0233 0.0109 0 30 0 0
0.5820 0.0233 0.0109 0 30 0 0
0.5780 0.0228 0.0113 0 30 0 0
0.5780 0.0228 0.0113 0 30 0 0
0.5780 0.0228 0.0113 0 30 0 0
0.5780 0.0228 0.0113 0 30 0 0
0.5780 0.0223 0.0130 0 30 0 0
0.5700 0.0223 0.0130 0 30 0 0
0.5700 0.0223 0.0130 0 30 0 0
0.5600 0.0215 0.0134 0 30 0 0
0.5600 0.0215 0.0134 0 30 0 0
0.5600 0.0215 0.0134 0 30 0 0
0.5600 0.0215 0.0134 0 30 0 0
0.5600 0.0215 0.0134 0 30 0 0
0.5600 0.0203 0.0139 0 30 0 0
0.5620 0.0203 0.0139 0 0 0 0
0.5880 0.0182 0.0133 0 30 0 0
0.5740 0.0182 0.0133 0 30 0 0
0.5720 0.0158 0.0139 0 30 0 0
0.5720 0.0158 0.0139 0 30 0 0
0.5680 0.0144 0.0138 0 30 0 0
0.5860 0.0134 0.0135 0 30 0 0
0.5860 0.0134 0.0135 0 30 0 0
0.5860 0.0134 0.0135 0 30 0 0
0.5760 0.0136 0.0134 0 30 0 0
0.5760 0.0136 0.0134 0 30 0 0
0.5760 0.0136 0.0134 0 30 0 0
0.5760 0.0136 0.0134 0 30 0 0
0.5740 0.0142 0.0105 0 30 0 0
0.5740 0.0142 0.0105 0 30 0 0
0.5740 0.0142 0.0105 0 30 0 0
0.5740 0.0142 0.0105 0 30 0 0
0.5600 0.0153 0.0101 0 30 0 0
0.5600 0.0153 0.0101 0 30 0 0
0.5600 0.0153 0.0101 0 30 0 0
0.5600 0.0153 0.0101 0 30 0 0
0.5600 0.0153 0.0101 0 30 0 0
0.6020 0.0163 0.0104 0 30 0 0
0.6020 0.0163 0.0104 0 30 0 0
0.6020 0.0163 0.0104 0 30 0 0
0.6020 0.0163 0.0104 0 30 0 0
0.6020 0.0163 0.0104 0 30 0 0
0.6020 0.0163 0.0104 0 30 0 0
0.6020 0.0163 0.0104 0 30 0 0
0.6020 0.0163 0.0104 0 30 0 0
0.6020 0.0163 0.0104 0 30 0 0
0.6020 0.0163 0.0104 0 30 0 0
0.6020 0.0163 0.0104 0 30 0 0
0.5640 0.0173 0.0098 0 30 0 0
0.5920 0.0178 0.0086 0 30 0 0
0.5920 0.0178 0.0086 0 30 0 0
0.5860 0.0179 0.0101 0 30 0 0
0.5860 0.0177 0.0104 0 30 0 0
0.5860 0.0177 0.0104 0 0 0 0
0.5820 0.0204 0.0187 0 30 0 0
0.5960 0.0207 0.0199 0 30 0 0
0.5960 0.0208 0.0211 0 30 0 0
0.5740 0.0208 0.0211 0 30 0 0
0.5600 0.0203 0.0206 0 30 0 0
0.5720 0.0203 0.0202 0 30 0 0
0.5740 0.0204 0.0215 0 30 0 0
0.5900 0.0204 0.0209 0 30 0 0
0.5900 0.0204 0.0209 0 30 0 0
0.5900 0.0204 0.0209 0 30 0 0
0.6000 0.0204 0.0220 0 30 0 0
0.6000 0.0204 0.0220 0 30 0 0
0.6000 0.0204 0.0220 0 30 0 0
0.5600 0.0206 0.0220 0 30 0 0
0.5600 0.0206 0.0220 0 30 0 0
0.5600 0.0206 0.0220 0 30 0 0
0.5600 0.0206 0.0220 0 0 0 0
0.5780 0.0241 0.0259 0 0 0 -30
0.6040 0.0239 0.0261 0 0 0 -30
0.5700 0.0242 0.0244 0 0 0 -30
0.5740 0.0242 0.0238 0 0 0 -30
0.5680 0.0233 0.0239 0 0 0 -30
0.5900 0.0232 0.0244 0 0 0 -30
0.5820 0.0232 0.0244 0 0 0 -30
0.5760 0.0241 0.0233 0 0 0 0
0.5740 0.0250 0.0202 0 0 0 -30
0.5600 0.0250 0.0202 0 0 0 -30
0.5640 0.0243 0.0183 0 0 0 -30
0.5840 0.0231 0.0147 0 0 0 -30
0.5840 0.0231 0.0147 0 0 0 0
0.5820 0.0210 0.0123 0 0 0 -30
0.5640 0.0210 0.0123 0 0 0 -30
0.5640 0.0209 0.0104 0 0 0 -30
0.5580 0.0212 0.0078 0 0 0 -30
0.5580 0.0212 0.0078 0 0 0 -30
0.5580 0.0212 0.0078 0 0 0 -30
0.5580 0.0212 0.0078 0 0 0 0
0.5880 0.0212 0.0060 0 0 0 -30
0.5880 0.0210 0.0048 0 0 0 -30
0.5720 0.0210 0.0054 0 0 0 -30
0.5820 0.0209 0.0050 0 0 0 -30
0.5820 0.0207 0.0069 0 0 0 -30
0.5820 0.0207 0.0069 0 0 0 -30
0.5820 0.0207 0.0069 0 0 0 0
0.5860 0.0195 0.0031 0 0 0 -30
0.5840 0.0201 0.0037 0 0 0 -30
0.5580 0.0201 0.0037 0 0 0 0
0.6020 0.0230 -0.0197 0 0 -30 0
0.6180 0.0237 -0.0189 0 0 -30 0
0.6040 0.0248 -0.0191 0 0 -30 0
0.6100 0.0258 -0.0188 0 0 -30 0
0.6000 0.0249 -0.0114 0 0 -30 0
0.6060 0.0240 -0.0111 0 0 -30 0
0.6060 0.0240 -0.0111 0 0 -30 0
0.6060 0.0240 -0.0111 0 0 0 0
0.5960 0.0199 -0.0050 0 0 30 0
0.5920 0.0199 -0.0050 0 0 30 0
0.5920 0.0193 -0.0023 0 0 30 0
0.5680 0.0190 -0.0028 0 0 30 0
0.5820 0.0197 -0.0035 0 0 30 0
0.5940 0.0218 -0.0045 0 0 30 0
0.5940 0.0218 -0.0045 0 0 0 0
0.5780 0.0245 -0.0052 0 0 30 0
0.6040 0.0241 -0.0048 0 0 30 0
0.5960 0.0237 -0.0046 0 0 0 0
0.5760 0.0231 -0.0038 0 0 30 0
0.5760 0.0232 -0.0037 0 0 30 0
0.5760 0.0229 -0.0073 0 0 30 0
0.5760 0.0229 -0.0073 0 0 30 0
0.5600 0.0224 -0.0075 0 0 30 0
0.5600 0.0218 -0.0045 0 0 30 0
0.5840 0.0213 -0.0050 0 0 0 0
0.5660 0.0219 -0.0009 0 0 30 0
0.5540 0.0219 -0.0009 0 0 30 0
0.5720 0.0223 -0.0015 0 0 30 0
0.5680 0.0228 -0.0009 0 0 30 0
0.5680 0.0238 0.0021 0 0 30 0
0.5620 0.0249 0.0018 0 0 30 0
0.5620 0.0249 0.0018 0 0 30 0
0.5620 0.0255 0.0021 0 0 0 0
0.5500 0.0258 0.0080 0 0 30 0
0.5780 0.0258 0.0080 0 0 30 0
0.6060 0.0252 0.0078 0 0 0 0
0.5840 0.0250 0.0133 0 0 30 0
0.5840 0.0260 0.0135 0 0 30 0
0.5840 0.0268 0.0126 0 0 30 0
0.5780 0.0268 0.0126 0 0 30 0
0.5600 0.0278 0.0118 0 0 30 0
0.5600 0.0278 0.0118 0 0 0 0
0.5840 0.0281 0.0126 0 0 30 0
0.5700 0.0281 0.0126 0 0 30 0
0.5940 0.0277 0.0145 0 0 30 0
0.5940 0.0267 0.0130 0 0 30 0
0.5760 0.0255 0.0139 0 0 30 0
0.5760 0.0248 0.0133 0 0 0 0
0.5800 0.0237 0.0141 0 0 -30 0
0.5800 0.0237 0.0141 0 0 -30 0
0.5620 0.0236 0.0143 0 0 -30 0
0.5460 0.0237 0.0155 0 0 -30 0
0.5460 0.0240 0.0137 0 0 -30 0
0.5700 0.0240 0.0137 0 0 -30 0
0.5880 0.0245 0.0107 0 0 -30 0
0.5620 0.0245 0.0092 0 0 -30 0
0.5620 0.0242 0.0096 0 0 0 0
0.5580 0.0237 0.0082 0 0 -30 0
0.5580 0.0237 0.0082 0 0 -30 0
0.5460 0.0233 0.0072 0 0 -30 0
0.5540 0.0227 0.0062 0 0 -30 0
0.5540 0.0227 0.0062 0 0 -30 0
0.5540 0.0227 0.0062 0 0 -30 0
0.5540 0.0227 0.0062 0 0 -30 0
0.5540 0.0218 0.0054 0 0 -30 0
0.5520 0.0218 0.0054 0 0 -30 0
0.5520 0.0218 0.0054 0 0 0 0
0.5520 0.0216 0.0048 0 0 -30 0
0.5660 0.0215 0.0039 0 0 -30 0
0.5820 0.0217 0.0028 0 0 -30 0
0.5820 0.0218 0.0030 0 0 -30 0
0.5820 0.0218 0.0030 0 0 -30 0
0.5820 0.0218 0.0030 0 0 -30 0
0.5820 0.0218 0.0030 0 0 -30 0
0.5820 0.0218 0.0030 0 0 -30 0
0.5820 0.0218 0.0030 0 0 -30 0
0.5820 0.0218 0.0030 0 0 -30 0
0.5820 0.0218 0.0030 0 0 -30 0
0.5820 0.0218 0.0030 0 0 0 0
0.5780 0.0223 0.0008 0 0 -30 0
0.5660 0.0228 0.0010 0 0 -30 0
0.5760 0.0238 -0.0004 0 0 -30 0
0.5660 0.0243 -0.0015 0 0 -30 0
0.6080 0.0244 -0.0020 0 0 -30 0
0.6080 0.0244 -0.0020 0 0 -30 0
0.6080 0.0244 -0.0020 0 0 -30 0
0.6080 0.0244 -0.0020 0 0 -30 0
0.5720 0.0244 -0.0027 0 0 0 0
0.5940 0.0245 -0.0035 0 0 -30 0
0.5940 0.0248 -0.0038 0 0 -30 0
0.5940 0.0248 -0.0038 0 0 -30 0
0.5900 0.0257 -0.0051 0 0 -30 0
0.5720 0.0262 -0.0059 0 0 -30 0
0.5720 0.0262 -0.0059 0 0 0 0
0.6140 0.0259 -0.0078 0 0 -30 0
0.5820 0.0252 -0.0067 0 0 -30 0
0.5960 0.0248 -0.0064 0 0 -30 0
0.5960 0.0246 -0.0046 0 0 0 0
0.5880 0.0242 -0.0087 0 0 30 0
0.5880 0.0242 -0.0082 0 0 30 0
0.5940 0.0244 -0.0086 0 0 30 0
0.5940 0.0244 -0.0086 0 0 30 0
0.5920 0.0246 -0.0087 0 0 30 0
0.5940 0.0246 -0.0093 0 0 0 0
0.6060 0.0200 -0.0082 0 0 30 0
0.6040 0.0198 -0.0087 0 0 30 0
0.5820 0.0199 -0.0090 0 0 30 0
0.5900 0.0203 -0.0072 0 0 30 0
0.5900 0.0203 -0.0072 0 0 30 0
0.5900 0.0203 -0.0072 0 0 0 0
0.5980 0.0217 -0.0043 0 0 30 0
0.5840 0.0213 -0.0036 0 0 30 0
0.5840 0.0213 -0.0036 0 0 30 0
0.5840 0.0213 -0.0036 0 0 30 0
0.5940 0.0204 -0.0039 0 0 30 0
0.5940 0.0204 -0.0039 0 0 30 0
0.5940 0.0204 -0.0039 0 0 30 0
0.5940 0.0204 -0.0039 0 0 0 0
0.5800 0.0187 -0.0046 0 0 30 0
0.5800 0.0187 -0.0046 0 0 30 0
0.6100 0.0185 -0.0047 0 0 30 0
0.5880 0.0187 -0.0048 0 0 30 0
0.5880 0.0188 -0.0039 0 0 30 0
0.5880 0.0188 -0.0039 0 0 30 0
0.5880 0.0188 -0.0039 0 0 30 0
0.6080 0.0186 -0.0042 0 0 30 0
0.6080 0.0186 -0.0042 0 0 30 0
0.6080 0.0186 -0.0042 0 0 0 0
0.5840 0.0179 -0.0053 0 0 30 0
0.5740 0.0182 -0.0051 0 0 30 0
0.5860 0.0192 -0.0080 0 0 30 0
0.5860 0.0192 -0.0080 0 0 30 0
0.6000 0.0207 -0.0078 0 0 30 0
0.6000 0.0207 -0.0078 0 0 30 0
0.6000 0.0207 -0.0078 0 0 0 0
0.5860 0.0219 -0.0078 0 0 30 0
0.5860 0.0219 -0.0096 0 0 30 0
0.5880 0.0219 -0.0096 0 0 30 0
0.5780 0.0223 -0.0093 0 0 30 0
0.5940 0.0230 -0.0074 0 0 30 0
0.5940 0.0230 -0.0074 0 0 30 0
0.6020 0.0240 -0.0073 0 0 30 0
0.6020 0.0240 -0.0073 0 0 0 0
0.5920 0.0246 -0.0070 0 0 30 0
0.5720 0.0240 -0.0065 0 0 30 0
0.5760 0.0240 -0.0065 0 0 30 0
0.5980 0.0232 -0.0068 0 0 30 0
0.5820 0.0222 -0.0066 0 0 30 0
0.5820 0.0215 -0.0062 0 0 30 0
0.5880 0.0215 -0.0062 0 0 0 0
0.5820 0.0235 -0.0055 0 0 30 0
0.5960 0.0235 -0.0055 0 0 30 0
0.5820 0.0247 -0.0062 0 0 30 0
0.6020 0.0251 -0.0066 0 0 30 0
0.6020 0.0252 -0.0065 0 0 0 0
0.5960 0.0226 -0.0019 0 0 30 0
0.5860 0.0226 -0.0019 0 0 30 0
0.5940 0.0223 -0.0009 0 0 30 0
0.5940 0.0216 -0.0010 0 0 30 0
0.5940 0.0210 -0.0012 0 0 30 0
0.6100 0.0210 -0.0012 0 0 30 0
0.5700 0.0202 0.0008 0 0 30 0
0.5820 0.0204 0.0002 0 0 0 0
0.5880 0.0209 -0.0013 0 0 30 0
0.5740 0.0222 -0.0020 0 0 30 0
0.5900 0.0228 -0.0034 0 0 30 0
0.5920 0.0233 -0.0030 0 0 30 0
0.5920 0.0233 -0.0030 0 0 0 0
0.6000 0.0245 -0.0073 0 0 -30 0
0.5880 0.0256 -0.0083 0 0 -30 0
0.5860 0.0256 -0.0083 0 0 -30 0
0.5920 0.0262 -0.0096 0 0 -30 0
0.5760 0.0272 -0.0109 0 0 -30 0
0.5800 0.0280 -0.0144 0 0 -30 0
0.5700 0.0286 -0.0150 0 0 -30 0
0.5700 0.0286 -0.0150 0 0 -30 0
0.5880 0.0288 -0.0184 0 0 0 0
0.5880 0.0288 -0.0188 0 0 -30 0
0.5700 0.0287 -0.0188 0 0 -30 0
0.5680 0.0287 -0.0188 0 0 -30 0
0.5600 0.0285 -0.0181 0 0 -30 0
0.5560 0.0282 -0.0210 0 0 -30 0
0.5560 0.0282 -0.0207 0 0 -30 0
0.5700 0.0282 -0.0207 0 0 -30 0
0.5700 0.0282 -0.0207 0 0 -30 0
0.5700 0.0282 -0.0207 0 0 -30 0
0.5700 0.0282 -0.0207 0 0 -30 0
0.5700 0.0282 -0.0207 0 0 0 0
0.5560 0.0268 -0.0218 0 0 -30 0
0.5700 0.0263 -0.0219 0 0 -30 0
0.5560 0.0258 -0.0195 0 0 -30 0
0.5860 0.0254 -0.0196 0 0 -30 0
0.5860 0.0254 -0.0196 0 0 -30 0
0.5860 0.0254 -0.0196 0 0 -30 0
0.5660 0.0255 -0.0157 0 0 0 0
0.5720 0.0259 -0.0235 0 0 -30 0
0.5620 0.0259 -0.0235 0 0 -30 0
0.5820 0.0259 -0.0235 0 0 -30 0
0.5800 0.0258 -0.0231 0 0 -30 0
0.5780 0.0257 -0.0227 0 0 -30 0
0.5680 0.0254 -0.0218 0 0 -30 0
0.5680 0.0254 -0.0218 0 0 0 0
0.5800 0.0249 -0.0212 0 0 -30 0
0.5920 0.0233 -0.0229 0 0 -30 0
0.5820 0.0221 -0.0246 0 0 -30 0
0.5840 0.0215 -0.0245 0 0 -30 0
0.5840 0.0215 -0.0245 0 0 -30 0
0.5840 0.0215 -0.0245 0 0 0 0
0.6040 0.0206 -0.0230 0 0 -30 0
0.5680 0.0204 -0.0245 0 0 0 0
0.5960 0.0207 -0.0205 0 0 -30 0
0.6040 0.0210 -0.0204 0 0 -30 0
0.5880 0.0210 -0.0202 0 0 -30 0
0.5860 0.0204 -0.0202 0 0 -30 0
0.5680 0.0196 -0.0199 0 0 -30 0
0.5680 0.0196 -0.0199 0 0 -30 0
0.5900 0.0190 -0.0203 0 0 0 0
0.5740 0.0191 -0.0211 0 0 -30 0
0.5880 0.0191 -0.0211 0 0 -30 0
0.6000 0.0194 -0.0205 0 0 -30 0
0.5860 0.0195 -0.0206 0 0 -30 0
0.5900 0.0196 -0.0202 0 0 -30 0
0.5760 0.0196 -0.0184 0 0 0 0
0.6160 0.0172 -0.0212 0 0 0 0
0.6040 0.0162 -0.0251 0 0 -30 0
0.6200 0.0162 -0.0249 0 0 -30 0
0.6000 0.0163 -0.0250 0 0 -30 0
0.6160 0.0151 -0.0228 0 0 0 0
0.5400 0.0144 -0.0215 0 0 0 30
0.5620 0.0152 -0.0197 0 0 0 30
0.5840 0.0154 -0.0176 0 0 0 30
0.5840 0.0154 -0.0176 0 0 0 30
0.5800 0.0154 -0.0174 0 0 0 30
0.5640 0.0154 -0.0173 0 0 0 30
0.5600 0.0155 -0.0169 0 0 0 30
0.5740 0.0151 -0.0166 0 0 0 0
0.5840 0.0159 -0.0020 0 0 0 30
0.5960 0.0159 -0.0020 0 0 0 30
0.5820 0.0157 -0.0022 0 0 0 30
0.5720 0.0152 -0.0058 0 0 0 30
0.5640 0.0157 -0.0078 0 0 0 0
0.5580 0.0167 -0.0049 0 0 0 30
0.5700 0.0154 -0.0051 0 0 0 30
0.5740 0.0162 -0.0048 0 0 0 30
0.5540 0.0170 -0.0056 0 0 0 0
0.5580 0.0139 -0.0083 0 0 0 30
0.5720 0.0149 -0.0094 0 0 0 30
0.5760 0.0149 -0.0094 0 0 0 0
