0.6593 -0.0004 -0.0862 0 0 0 10
0.6472 0.0008 -0.1002 0 0 0 10
0.6472 0.0005 -0.1029 0 0 0 10
0.6411 0.0003 -0.1032 0 0 0 10
0.6411 0.0003 -0.1032 0 0 0 10
0.6270 -0.0002 -0.1065 0 0 0 10
0.6552 -0.0006 -0.1061 0 0 0 10
0.6371 -0.0009 -0.1039 0 0 0 10
0.6250 0.0000 -0.1015 0 0 0 10
0.6472 0.0005 -0.1008 0 0 0 10
0.6472 0.0005 -0.1008 0 0 0 10
0.6391 0.0012 -0.1006 0 0 0 10
0.6472 0.0011 -0.1021 0 0 0 10
0.6532 0.0005 -0.1009 0 0 0 10
0.6532 0.0005 -0.1009 0 0 0 10
0.6371 0.0002 -0.0984 0 0 0 10
0.6573 0.0008 -0.0956 0 0 0 10
0.6391 0.0009 -0.0940 0 0 0 10
0.6391 0.0009 -0.0940 0 0 0 10
0.6492 0.0015 -0.0882 0 0 0 10
0.6492 0.0015 -0.0882 0 0 0 10
0.6331 0.0015 -0.0854 0 0 0 10
0.6512 0.0014 -0.0825 0 0 0 10
0.6633 0.0011 -0.0820 0 0 0 10
0.6673 0.0007 -0.0806 0 0 0 10
0.6673 0.0007 -0.0806 0 0 0 10
0.6351 0.0003 -0.0792 0 0 0 10
0.6754 0.0003 -0.0775 0 0 0 10
0.6815 -0.0001 -0.0745 0 0 0 10
0.6673 -0.0002 -0.0722 0 0 0 10
0.6593 -0.0001 -0.0695 0 0 0 10
0.6593 -0.0001 -0.0695 0 0 0 0
0.6694 0.0005 -0.0618 0 0 0 10
0.6653 -0.0002 -0.0584 0 0 0 10
0.6815 -0.0003 -0.0583 0 0 0 0
0.6673 -0.0002 -0.0575 0 0 0 10
0.6694 -0.0010 -0.0563 0 0 0 10
0.6774 -0.0014 -0.0555 0 0 0 0
0.6855 -0.0006 -0.0542 0 0 0 10
0.6895 -0.0001 -0.0469 0 0 0 10
0.6875 -0.0001 -0.0453 0 0 0 0
0.6794 -0.0006 -0.0444 0 0 0 10
0.6815 0.0004 -0.0411 0 0 0 10
0.6996 0.0004 -0.0409 0 0 0 0
0.6996 -0.0006 -0.0384 0 0 0 10
0.7157 0.0000 -0.0343 0 0 0 10
0.6956 0.0002 -0.0312 0 0 0 0
0.7198 -0.0001 -0.0324 0 0 0 10
0.7137 0.0005 -0.0303 0 0 0 10
0.7077 0.0004 -0.0283 0 0 0 0
0.6996 -0.0015 -0.0254 0 0 0 10
0.7137 -0.0007 -0.0232 0 0 0 0
0.6935 -0.0006 -0.0198 0 0 0 10
0.7238 0.0001 -0.0176 0 0 0 10
