0.5480 0.0096 -0.3923 0 0 -30 0
0.5680 0.0098 -0.3952 0 0 -30 0
0.5820 0.0099 -0.4007 0 0 -30 0
0.5680 0.0099 -0.3982 0 0 -30 0
0.5680 0.0099 -0.3982 0 0 -30 0
0.5680 0.0099 -0.3982 0 0 -30 0
0.5680 0.0099 -0.3982 0 0 -30 0
0.5680 0.0099 -0.3982 0 0 -30 0
0.5680 0.0099 -0.3982 0 0 -30 0
0.5680 0.0099 -0.3970 0 0 0 0
0.5580 0.0099 -0.4001 0 0 -30 0
0.5620 0.0103 -0.4005 0 0 -30 0
0.5560 0.0110 -0.4039 0 0 0 0
0.5660 0.0116 -0.3865 0 0 30 0
0.5540 0.0116 -0.3865 0 0 30 0
0.5540 0.0112 -0.3855 0 0 30 0
0.5540 0.0112 -0.3855 0 0 30 0
0.5580 0.0112 -0.3810 0 0 30 0
0.5640 0.0113 -0.3771 0 0 30 0
0.5020 0.0116 -0.3754 0 0 30 0
0.5560 0.0118 -0.3744 0 0 30 0
0.5560 0.0118 -0.3744 0 0 30 0
0.5560 0.0118 -0.3744 0 0 30 0
0.5540 0.0119 -0.3763 0 0 30 0
0.5540 0.0119 -0.3763 0 0 30 0
0.5540 0.0119 -0.3763 0 0 30 0
0.5540 0.0119 -0.3763 0 0 30 0
0.5540 0.0119 -0.3763 0 0 0 0
0.5480 0.0113 -0.3896 0 0 -30 0
0.5440 0.0109 -0.3895 0 0 -30 0
0.5640 0.0105 -0.4124 0 0 -30 0
0.5640 0.0105 -0.4124 0 0 -30 0
0.5500 0.0102 -0.4159 0 0 -30 0
0.5440 0.0100 -0.4359 0 0 -30 0
0.5360 0.0093 -0.4379 0 0 0 0
0.5360 0.0083 -0.4367 0 0 -30 0
0.5200 0.0083 -0.4375 0 0 -30 0
0.5200 0.0084 -0.4350 0 0 -30 0
0.5440 0.0085 -0.4348 0 0 -30 0
0.5480 0.0087 -0.4347 0 0 -30 0
0.5500 0.0087 -0.4418 0 0 -30 0
0.5500 0.0087 -0.4418 0 0 0 0
0.5620 0.0087 -0.4373 0 0 -30 0
0.5340 0.0086 -0.4321 0 0 -30 0
0.5560 0.0084 -0.4374 0 0 -30 0
0.5460 0.0087 -0.4389 0 0 -30 0
0.5460 0.0089 -0.4416 0 0 -30 0
0.5540 0.0089 -0.4416 0 0 -30 0
0.5540 0.0089 -0.4416 0 0 -30 0
0.5380 0.0095 -0.4439 0 0 0 0
0.5300 0.0139 -0.5207 30 0 0 0
0.5300 0.0139 -0.5207 30 0 0 0
0.5480 0.0139 -0.5207 30 0 0 0
0.5140 0.0136 -0.5217 30 0 0 0
0.5420 0.0136 -0.5233 30 0 0 0
0.5420 0.0136 -0.5233 30 0 0 0
0.5080 0.0155 -0.5229 30 0 0 0
0.5220 0.0163 -0.5208 30 0 0 0
0.5220 0.0163 -0.5208 30 0 0 0
0.5220 0.0171 -0.5214 30 0 0 0
0.5040 0.0176 -0.5207 30 0 0 0
0.5180 0.0178 -0.5216 30 0 0 0
0.5180 0.0178 -0.5216 30 0 0 0
0.5180 0.0178 -0.5216 30 0 0 0
0.5180 0.0178 -0.5216 30 0 0 0
0.5100 0.0177 -0.5219 30 0 0 0
0.5100 0.0177 -0.5219 30 0 0 0
0.5100 0.0177 -0.5219 30 0 0 0
0.5100 0.0177 -0.5219 30 0 0 0
0.5200 0.0180 -0.5229 30 0 0 0
0.5200 0.0180 -0.5229 30 0 0 0
0.5200 0.0180 -0.5229 30 0 0 0
0.5360 0.0180 -0.5218 30 0 0 0
0.5360 0.0180 -0.5218 30 0 0 0
0.5360 0.0180 -0.5218 30 0 0 0
0.5360 0.0180 -0.5218 30 0 0 0
0.5360 0.0180 -0.5218 30 0 0 0
0.5360 0.0180 -0.5218 30 0 0 0
0.5360 0.0180 -0.5218 30 0 0 0
0.5360 0.0180 -0.5218 30 0 0 0
0.5060 0.0184 -0.5186 30 0 0 0
0.5060 0.0184 -0.5186 30 0 0 0
0.5060 0.0184 -0.5186 30 0 0 0
0.5320 0.0187 -0.5163 30 0 0 0
0.5200 0.0186 -0.5144 30 0 0 0
0.5200 0.0186 -0.5144 30 0 0 0
0.5200 0.0186 -0.5144 30 0 0 0
0.5320 0.0183 -0.5144 30 0 0 0
0.5320 0.0183 -0.5144 30 0 0 0
0.5320 0.0183 -0.5144 30 0 0 0
0.5200 0.0179 -0.5146 30 0 0 0
0.5200 0.0179 -0.5146 30 0 0 0
0.5200 0.0179 -0.5146 30 0 0 0
0.5200 0.0179 -0.5146 30 0 0 0
0.5160 0.0176 -0.5141 30 0 0 0
0.5160 0.0176 -0.5141 30 0 0 0
0.5160 0.0176 -0.5141 30 0 0 0
0.4920 0.0174 -0.5168 30 0 0 0
0.4920 0.0174 -0.5168 30 0 0 0
0.4920 0.0174 -0.5168 30 0 0 0
0.4920 0.0174 -0.5168 30 0 0 0
0.5020 0.0174 -0.5147 30 0 0 0
0.5020 0.0174 -0.5147 30 0 0 0
0.5020 0.0174 -0.5147 30 0 0 0
0.5020 0.0174 -0.5147 30 0 0 0
0.5020 0.0174 -0.5147 30 0 0 0
0.5020 0.0174 -0.5147 30 0 0 0
0.5020 0.0174 -0.5147 30 0 0 0
0.5020 0.0174 -0.5147 30 0 0 0
0.5020 0.0174 -0.5147 30 0 0 0
0.5020 0.0174 -0.5147 30 0 0 0
0.5120 0.0175 -0.5124 30 0 0 0
0.5060 0.0175 -0.5096 30 0 0 0
0.5080 0.0174 -0.5106 30 0 0 0
0.5080 0.0174 -0.5106 30 0 0 0
0.5160 0.0173 -0.5092 30 0 0 0
0.5160 0.0173 -0.5092 30 0 0 0
0.5160 0.0173 -0.5092 30 0 0 0
0.5160 0.0173 -0.5092 30 0 0 0
0.5060 0.0169 -0.5102 30 0 0 0
0.5060 0.0169 -0.5102 30 0 0 0
0.5060 0.0169 -0.5102 30 0 0 0
0.5060 0.0169 -0.5102 30 0 0 0
0.5180 0.0163 -0.5091 30 0 0 0
0.5180 0.0163 -0.5091 30 0 0 0
0.5180 0.0163 -0.5091 30 0 0 0
0.5120 0.0157 -0.5075 30 0 0 0
0.5120 0.0157 -0.5075 30 0 0 0
0.5120 0.0157 -0.5075 30 0 0 0
0.5120 0.0157 -0.5075 30 0 0 0
0.5120 0.0157 -0.5075 30 0 0 0
0.5280 0.0155 -0.5079 30 0 0 0
0.5280 0.0155 -0.5079 30 0 0 0
0.5280 0.0155 -0.5079 30 0 0 0
0.5100 0.0158 -0.5068 30 0 0 0
0.5100 0.0158 -0.5068 30 0 0 0
0.5100 0.0158 -0.5068 30 0 0 0
0.5280 0.0163 -0.5092 30 0 0 0
0.5280 0.0163 -0.5092 30 0 0 0
0.5280 0.0163 -0.5092 30 0 0 0
0.5280 0.0163 -0.5092 30 0 0 0
0.5260 0.0166 -0.5099 30 0 0 0
0.5260 0.0166 -0.5099 30 0 0 0
0.5260 0.0166 -0.5099 30 0 0 0
0.5260 0.0166 -0.5099 30 0 0 0
0.5180 0.0164 -0.5052 30 0 0 0
0.5180 0.0164 -0.5052 30 0 0 0
0.5180 0.0164 -0.5052 30 0 0 0
0.5020 0.0162 -0.5083 30 0 0 0
0.5020 0.0162 -0.5083 30 0 0 0
0.5020 0.0162 -0.5083 30 0 0 0
0.5020 0.0162 -0.5083 30 0 0 0
0.5040 0.0157 -0.5114 30 0 0 0
0.5040 0.0157 -0.5114 30 0 0 0
0.5040 0.0157 -0.5114 30 0 0 0
0.5040 0.0157 -0.5114 30 0 0 0
0.5160 0.0153 -0.5130 30 0 0 0
0.5160 0.0153 -0.5130 30 0 0 0
0.5160 0.0153 -0.5130 30 0 0 0
0.4860 0.0149 -0.5118 30 0 0 0
0.4860 0.0149 -0.5118 30 0 0 0
0.4860 0.0149 -0.5118 30 0 0 0
0.4860 0.0149 -0.5118 30 0 0 0
0.5120 0.0147 -0.5125 30 0 0 0
0.5120 0.0147 -0.5125 30 0 0 0
0.5120 0.0147 -0.5125 30 0 0 0
0.5120 0.0147 -0.5125 30 0 0 0
0.5000 0.0148 -0.5160 30 0 0 0
0.5000 0.0148 -0.5160 30 0 0 0
0.5000 0.0148 -0.5160 30 0 0 0
0.4960 0.0155 -0.5159 30 0 0 0
0.4960 0.0155 -0.5159 30 0 0 0
0.4960 0.0155 -0.5159 30 0 0 0
0.4980 0.0159 -0.5189 30 0 0 0
0.4980 0.0159 -0.5189 30 0 0 0
0.4980 0.0159 -0.5189 30 0 0 0
0.4980 0.0159 -0.5189 30 0 0 0
0.4920 0.0163 -0.5213 30 0 0 0
0.4920 0.0163 -0.5213 30 0 0 0
0.4920 0.0163 -0.5213 30 0 0 0
0.5100 0.0164 -0.5230 30 0 0 0
0.5100 0.0164 -0.5230 30 0 0 0
0.5100 0.0164 -0.5230 30 0 0 0
0.5100 0.0164 -0.5230 30 0 0 0
0.5100 0.0164 -0.5230 30 0 0 0
0.5100 0.0164 -0.5230 30 0 0 0
0.5100 0.0164 -0.5230 30 0 0 0
0.5100 0.0164 -0.5230 30 0 0 0
0.5100 0.0164 -0.5230 30 0 0 0
0.5100 0.0164 -0.5230 30 0 0 0
0.5100 0.0164 -0.5230 30 0 0 0
0.4980 0.0164 -0.5234 30 0 0 0
0.4820 0.0161 -0.5221 30 0 0 0
0.5180 0.0159 -0.5221 30 0 0 0
0.5180 0.0159 -0.5221 30 0 0 0
0.5260 0.0162 -0.5197 30 0 0 0
0.5260 0.0162 -0.5197 30 0 0 0
0.5260 0.0162 -0.5197 30 0 0 0
0.5260 0.0162 -0.5197 30 0 0 0
0.4960 0.0164 -0.5182 30 0 0 0
0.4960 0.0164 -0.5182 30 0 0 0
0.4960 0.0164 -0.5182 30 0 0 0
0.4960 0.0165 -0.5179 30 0 0 0
0.4960 0.0165 -0.5179 30 0 0 0
0.4960 0.0165 -0.5179 30 0 0 0
0.4960 0.0165 -0.5179 30 0 0 0
0.5040 0.0163 -0.5189 30 0 0 0
0.5040 0.0163 -0.5189 30 0 0 0
0.5040 0.0163 -0.5189 30 0 0 0
0.5040 0.0163 -0.5189 30 0 0 0
0.5060 0.0160 -0.5190 30 0 0 0
0.5060 0.0160 -0.5190 30 0 0 0
0.5060 0.0160 -0.5190 30 0 0 0
0.5040 0.0156 -0.5163 30 0 0 0
0.5040 0.0156 -0.5163 30 0 0 0
0.5040 0.0156 -0.5163 30 0 0 0
0.5040 0.0156 -0.5163 30 0 0 0
0.5140 0.0153 -0.5184 30 0 0 0
0.5140 0.0153 -0.5184 30 0 0 0
0.5140 0.0153 -0.5184 30 0 0 0
0.5140 0.0153 -0.5184 30 0 0 0
0.5040 0.0153 -0.5175 30 0 0 0
0.5040 0.0153 -0.5175 30 0 0 0
0.5040 0.0153 -0.5175 30 0 0 0
0.4900 0.0154 -0.5192 30 0 0 0
0.4900 0.0154 -0.5192 30 0 0 0
0.4900 0.0154 -0.5192 30 0 0 0
0.4900 0.0154 -0.5192 30 0 0 0
0.4880 0.0154 -0.5204 30 0 0 0
0.4880 0.0154 -0.5204 30 0 0 0
0.4880 0.0154 -0.5204 30 0 0 0
0.4880 0.0151 -0.5230 30 0 0 0
0.4880 0.0151 -0.5230 30 0 0 0
0.4880 0.0151 -0.5230 30 0 0 0
0.4880 0.0151 -0.5230 30 0 0 0
0.4840 0.0150 -0.5199 30 0 0 0
0.4840 0.0150 -0.5199 30 0 0 0
0.4840 0.0150 -0.5199 30 0 0 0
0.4920 0.0152 -0.5227 30 0 0 0
0.4920 0.0152 -0.5227 30 0 0 0
0.4920 0.0152 -0.5227 30 0 0 0
0.4920 0.0152 -0.5227 30 0 0 0
0.4720 0.0155 -0.5208 30 0 0 0
0.4720 0.0155 -0.5208 30 0 0 0
0.4720 0.0155 -0.5208 30 0 0 0
0.4720 0.0155 -0.5208 30 0 0 0
0.4800 0.0159 -0.5224 30 0 0 0
0.4800 0.0159 -0.5224 30 0 0 0
0.4800 0.0159 -0.5224 30 0 0 0
0.4780 0.0157 -0.5229 30 0 0 0
0.4780 0.0157 -0.5229 30 0 0 0
0.4780 0.0157 -0.5229 30 0 0 0
0.4780 0.0157 -0.5229 30 0 0 0
0.4860 0.0153 -0.5195 30 0 0 0
0.4860 0.0153 -0.5195 30 0 0 0
0.4860 0.0153 -0.5195 30 0 0 0
0.4860 0.0150 -0.5202 30 0 0 0
0.4860 0.0150 -0.5202 30 0 0 0
0.4860 0.0150 -0.5202 30 0 0 0
0.4860 0.0150 -0.5202 30 0 0 0
0.4840 0.0152 -0.2036 30 0 0 0
0.4840 0.0152 -0.2036 30 0 0 0
0.4840 0.0152 -0.2036 30 0 0 0
0.4840 0.0152 -0.2036 30 0 0 0
0.4840 0.0152 -0.2036 30 0 0 0
0.4820 0.0160 -0.2122 30 0 0 0
0.4820 0.0160 -0.2122 30 0 0 0
0.4760 0.0167 -0.2119 30 0 0 0
0.4760 0.0167 -0.2119 30 0 0 0
0.4760 0.0167 -0.2119 30 0 0 0
0.4760 0.0167 -0.2119 30 0 0 0
0.4740 0.0170 -0.2100 30 0 0 0
0.4740 0.0170 -0.2100 30 0 0 0
0.4740 0.0170 -0.2100 30 0 0 0
0.4740 0.0170 -0.2100 30 0 0 0
0.4740 0.0170 -0.2100 30 0 0 0
0.4660 0.0174 -0.2006 30 0 0 0
0.4660 0.0174 -0.2006 30 0 0 0
0.4700 0.0175 -0.2005 30 0 0 0
0.4700 0.0175 -0.2005 30 0 0 0
0.4700 0.0175 -0.2005 30 0 0 0
0.4700 0.0175 -0.2005 30 0 0 0
0.4760 0.0177 -0.2007 30 0 0 0
0.4760 0.0177 -0.2007 30 0 0 0
0.4760 0.0177 -0.2007 30 0 0 0
0.4760 0.0177 -0.2007 0 0 0 0
0.4200 0.0119 -0.1843 30 0 0 0
0.4620 0.0116 -0.1877 30 0 0 0
0.4380 0.0123 -0.1856 30 0 0 0
0.4460 0.0135 -0.1895 30 0 0 0
0.4520 0.0136 -0.1870 30 0 0 0
0.4500 0.0137 -0.1850 30 0 0 0
0.4500 0.0137 -0.1849 30 0 0 0
0.4500 0.0137 -0.1873 30 0 0 0
0.4500 0.0137 -0.1873 30 0 0 0
0.4520 0.0140 -0.1902 30 0 0 0
0.4520 0.0140 -0.1902 30 0 0 0
0.4520 0.0140 -0.1902 30 0 0 0
0.4520 0.0140 -0.1902 30 0 0 0
0.4440 0.0146 -0.1869 30 0 0 0
0.4440 0.0146 -0.1869 30 0 0 0
0.4420 0.0149 -0.1859 30 0 0 0
0.4420 0.0149 -0.1859 30 0 0 0
0.4420 0.0149 -0.1859 30 0 0 0
0.4420 0.0149 -0.1859 30 0 0 0
0.4420 0.0149 -0.1859 30 0 0 0
0.4420 0.0150 -0.1835 30 0 0 0
0.4420 0.0150 -0.1835 30 0 0 0
0.4420 0.0150 -0.1835 0 0 0 0
0.4280 0.0145 -0.6268 30 0 0 0
0.4240 0.0145 -0.6247 30 0 0 0
0.4180 0.0145 -0.6303 30 0 0 0
0.4320 0.0143 -0.6357 30 0 0 0
0.4320 0.0140 -0.6331 30 0 0 0
0.4060 0.0137 -0.6371 30 0 0 0
0.4060 0.0137 -0.6371 30 0 0 0
0.4200 0.0130 -0.6370 30 0 0 0
0.4260 0.0128 -0.6384 30 0 0 0
0.4260 0.0128 -0.6384 30 0 0 0
0.4260 0.0128 -0.6380 30 0 0 0
0.4260 0.0128 -0.6380 0 0 0 0
0.4300 0.0130 -0.6367 30 0 0 0
0.4260 0.0135 -0.6351 30 0 0 0
0.4260 0.0137 -0.6346 30 0 0 0
0.4340 0.0137 -0.6346 30 0 0 0
0.4340 0.0137 -0.6346 30 0 0 0
0.4340 0.0137 -0.6346 30 0 0 0
0.4340 0.0137 -0.6346 30 0 0 0
0.4340 0.0139 -0.6316 30 0 0 0
0.4340 0.0139 -0.6316 30 0 0 0
0.4340 0.0140 -0.6315 30 0 0 0
0.4300 0.0140 -0.6315 30 0 0 0
0.4300 0.0140 -0.6315 30 0 0 0
0.4300 0.0140 -0.6315 30 0 0 0
0.4300 0.0140 -0.6315 0 0 0 0
0.4160 0.0132 -0.6278 0 0 0 30
0.4280 0.0132 -0.6317 0 0 0 30
0.4560 0.0133 -0.2736 0 0 0 30
0.4300 0.0131 -0.2738 0 0 0 30
0.4260 0.0130 -0.2738 0 0 0 30
0.4160 0.0130 -0.2750 0 0 0 30
0.4160 0.0130 -0.2750 0 0 0 30
0.4300 0.0132 -0.2765 0 0 0 30
0.4300 0.0132 -0.2765 0 0 0 30
0.4220 0.0136 -0.2753 0 0 0 0
0.4460 0.0139 -0.2752 0 0 0 30
0.4500 0.0142 -0.2772 0 0 0 30
0.4160 0.0143 -0.2750 0 0 0 30
0.4500 0.0141 -0.2745 0 0 0 30
0.4500 0.0144 -0.2720 0 0 0 30
0.4360 0.0144 -0.2720 0 0 0 30
0.4360 0.0144 -0.2720 0 0 0 30
0.4360 0.0144 -0.2720 0 0 0 0
0.4440 0.0148 -0.2680 0 0 0 30
0.4440 0.0148 -0.2680 0 0 0 30
0.4440 0.0143 -0.2680 0 0 0 30
0.4580 0.0143 -0.2680 0 0 0 30
0.4240 0.0138 -0.2681 0 0 0 30
0.4300 0.0135 -0.2659 0 0 0 30
0.4420 0.0135 -0.2651 0 0 0 30
0.4420 0.0135 -0.2651 0 0 0 30
0.4380 0.0136 -0.2612 0 0 0 30
0.4380 0.0136 -0.2612 0 0 0 30
0.4380 0.0136 -0.2612 0 0 0 0
0.4700 0.0120 -0.6329 0 0 0 30
0.4600 0.0118 -0.6230 0 0 0 30
0.4540 0.0115 -0.6244 0 0 0 30
0.4380 0.0115 -0.6244 0 0 0 30
0.4340 0.0118 -0.6257 0 0 0 30
0.4340 0.0122 -0.6274 0 0 0 30
0.4340 0.0128 -0.6281 0 0 0 30
0.4480 0.0130 -0.6284 0 0 0 30
0.4480 0.0130 -0.6284 0 0 0 30
0.4480 0.0130 -0.6284 0 0 0 30
0.4260 0.0129 -0.6289 0 0 0 30
0.4260 0.0129 -0.6289 0 0 0 0
0.4340 0.0128 -0.6274 0 0 0 30
0.4420 0.0130 -0.6274 0 0 0 30
0.4320 0.0130 -0.6247 0 0 0 30
0.4320 0.0130 -0.6247 0 0 0 30
0.4320 0.0130 -0.6247 0 0 0 30
0.4320 0.0130 -0.6247 0 0 0 30
0.4340 0.0128 -0.6217 0 0 0 30
0.4340 0.0128 -0.6217 0 0 0 30
0.4340 0.0131 -0.6225 0 0 0 30
0.4420 0.0131 -0.6225 0 0 0 30
0.4440 0.0132 -0.6219 0 0 0 30
0.4440 0.0132 -0.6219 0 0 0 30
0.4440 0.0132 -0.6219 0 0 0 30
0.4440 0.0132 -0.6219 0 0 0 30
0.4440 0.0132 -0.6219 0 0 0 30
0.4280 0.0132 -0.6227 0 0 0 30
0.4280 0.0132 -0.6227 0 0 0 30
0.4280 0.0132 -0.6227 0 0 0 30
0.4280 0.0132 -0.6227 0 0 0 30
0.4420 0.0131 -0.6214 0 0 0 30
0.4420 0.0131 -0.6214 0 0 0 30
0.4420 0.0131 -0.6214 0 0 0 30
0.4460 0.0132 -0.6189 0 0 0 30
0.4460 0.0132 -0.6189 0 0 0 30
0.4460 0.0132 -0.6189 0 0 0 0
0.4480 0.0134 -0.6060 0 0 0 30
0.4380 0.0134 -0.6048 0 0 0 30
0.4540 0.0129 -0.5998 0 0 0 30
0.4520 0.0124 -0.6021 0 0 0 30
0.4480 0.0122 -0.6034 0 0 0 30
0.4520 0.0120 -0.6004 0 0 0 30
0.4560 0.0122 -0.1994 0 0 0 0
0.4420 0.0124 -0.2008 0 0 0 30
0.4480 0.0126 -0.1999 0 0 0 30
0.4700 0.0127 -0.1983 0 0 0 30
0.4480 0.0124 -0.1993 0 0 0 30
0.4480 0.0124 -0.1993 0 0 0 30
0.4480 0.0126 -0.1947 0 0 0 30
0.4760 0.0126 -0.1947 0 0 0 30
0.4760 0.0126 -0.1947 0 0 0 30
0.4760 0.0126 -0.1947 0 0 0 0
0.4520 0.0128 -0.1686 30 0 0 0
0.4640 0.0128 -0.1686 30 0 0 0
0.4760 0.0127 -0.1674 30 0 0 0
0.4720 0.0125 -0.1641 30 0 0 0
0.4580 0.0127 -0.1640 30 0 0 0
0.4680 0.0131 -0.1617 30 0 0 0
0.4800 0.0132 -0.1628 30 0 0 0
0.4840 0.0133 -0.1634 30 0 0 0
0.4840 0.0133 -0.1634 30 0 0 0
0.4840 0.0133 -0.1634 30 0 0 0
0.4860 0.0130 -0.1629 30 0 0 0
0.4860 0.0130 -0.1629 30 0 0 0
0.4860 0.0130 -0.1629 30 0 0 0
0.4860 0.0130 -0.1629 30 0 0 0
0.4820 0.0131 -0.1630 30 0 0 0
0.4820 0.0131 -0.1630 30 0 0 0
0.4820 0.0131 -0.1630 30 0 0 0
0.4860 0.0130 -0.1648 30 0 0 0
0.4860 0.0130 -0.1648 30 0 0 0
0.4860 0.0130 -0.1648 30 0 0 0
0.4860 0.0130 -0.1648 30 0 0 0
0.4840 0.0130 -0.1651 30 0 0 0
0.4840 0.0130 -0.1651 30 0 0 0
0.4840 0.0130 -0.1651 30 0 0 0
0.4840 0.0130 -0.1651 30 0 0 0
0.4860 0.0132 -0.1650 30 0 0 0
0.4860 0.0132 -0.1650 30 0 0 0
0.4860 0.0132 -0.1650 30 0 0 0
0.4860 0.0132 -0.1650 30 0 0 0
0.4860 0.0132 -0.1650 30 0 0 0
0.4860 0.0132 -0.1650 30 0 0 0
0.4860 0.0132 -0.1650 30 0 0 0
0.4780 0.0136 -0.1666 30 0 0 0
0.4760 0.0139 -0.1673 30 0 0 0
0.4760 0.0139 -0.1673 30 0 0 0
0.4760 0.0141 -0.1663 30 0 0 0
0.4760 0.0141 -0.1663 30 0 0 0
0.4760 0.0141 -0.1663 30 0 0 0
0.4760 0.0141 -0.1663 30 0 0 0
0.4720 0.0141 -0.1664 30 0 0 0
0.4720 0.0141 -0.1664 30 0 0 0
0.4720 0.0141 -0.1664 30 0 0 0
0.4720 0.0141 -0.1664 30 0 0 0
0.4840 0.0140 -0.1645 30 0 0 0
0.4840 0.0140 -0.1645 30 0 0 0
0.4840 0.0140 -0.1645 30 0 0 0
0.4840 0.0140 -0.1645 30 0 0 0
0.4960 0.0141 -0.1671 30 0 0 0
0.4960 0.0141 -0.1671 30 0 0 0
0.4960 0.0141 -0.1671 30 0 0 0
0.4820 0.0140 -0.1676 30 0 0 0
0.4820 0.0140 -0.1676 30 0 0 0
0.4820 0.0140 -0.1676 30 0 0 0
0.4820 0.0140 -0.1676 30 0 0 0
0.4880 0.0138 -0.1638 30 0 0 0
0.4880 0.0138 -0.1638 30 0 0 0
0.4880 0.0138 -0.1638 30 0 0 0
0.4880 0.0134 -0.1642 30 0 0 0
0.4760 0.0134 -0.1642 30 0 0 0
0.4760 0.0134 -0.1642 30 0 0 0
0.4720 0.0134 -0.1651 30 0 0 0
0.4720 0.0134 -0.1651 30 0 0 0
0.4720 0.0134 -0.1651 30 0 0 0
0.4720 0.0134 -0.1651 30 0 0 0
0.4780 0.0139 -0.1659 30 0 0 0
0.4780 0.0139 -0.1659 30 0 0 0
0.4780 0.0139 -0.1659 30 0 0 0
0.4780 0.0139 -0.1659 30 0 0 0
0.4560 0.0145 -0.1672 30 0 0 0
0.4560 0.0145 -0.1672 30 0 0 0
0.4560 0.0145 -0.1672 0 0 0 0
0.4800 0.0147 -0.1682 0 0 0 30
0.4540 0.0144 -0.1670 0 0 0 30
0.4620 0.0142 -0.1702 0 0 0 30
0.4740 0.0138 -0.1714 0 0 0 30
0.4680 0.0133 -0.1700 0 0 0 30
0.4760 0.0126 -0.1690 0 0 0 0
0.4780 0.0127 -0.1721 0 0 0 30
0.4700 0.0131 -0.1691 0 0 0 30
0.4580 0.0131 -0.1644 0 0 0 30
0.4660 0.0128 -0.1598 0 0 0 30
0.4660 0.0128 -0.1598 0 0 0 30
0.4640 0.0131 -0.5239 0 0 0 30
0.4640 0.0131 -0.5239 0 0 0 0
0.4640 0.0139 -0.5196 0 0 0 30
0.4640 0.0142 -0.5171 0 0 0 30
0.4640 0.0145 -0.5142 0 0 0 30
0.4700 0.0147 -0.5167 0 0 0 30
0.4540 0.0143 -0.1256 0 0 0 30
0.4560 0.0138 -0.1270 0 0 0 30
0.4620 0.0138 -0.1225 0 0 0 30
0.4620 0.0138 -0.1225 0 0 0 30
0.4620 0.0138 -0.1225 0 0 0 0
0.4800 0.0175 -0.0960 30 0 0 0
0.5020 0.0174 -0.0988 30 0 0 0
0.4400 0.0172 -0.1027 30 0 0 0
0.4760 0.0173 -0.1010 30 0 0 0
0.4760 0.0168 -0.1077 30 0 0 0
0.4780 0.0164 -0.1137 30 0 0 0
0.4780 0.0164 -0.1137 30 0 0 0
0.4680 0.0159 -0.1128 30 0 0 0
0.4680 0.0155 -0.1172 30 0 0 0
0.4820 0.0155 -0.1172 30 0 0 0
0.4820 0.0155 -0.1172 30 0 0 0
0.4820 0.0155 -0.1172 30 0 0 0
0.4820 0.0150 -0.1157 30 0 0 0
0.4920 0.0150 -0.1157 30 0 0 0
0.4920 0.0150 -0.1157 30 0 0 0
0.4880 0.0146 -0.1195 30 0 0 0
0.4880 0.0146 -0.1195 30 0 0 0
0.4880 0.0146 -0.1195 30 0 0 0
0.4880 0.0146 -0.1195 30 0 0 0
0.4700 0.0144 -0.1202 30 0 0 0
0.4700 0.0144 -0.1202 30 0 0 0
0.4700 0.0144 -0.1202 30 0 0 0
0.4700 0.0144 -0.1202 30 0 0 0
0.4700 0.0144 -0.1202 30 0 0 0
0.4620 0.0145 -0.1244 30 0 0 0
0.4620 0.0145 -0.1244 30 0 0 0
0.4680 0.0149 -0.1253 30 0 0 0
0.4680 0.0149 -0.1253 30 0 0 0
0.4680 0.0149 -0.1253 30 0 0 0
0.4680 0.0151 -0.1293 30 0 0 0
0.4680 0.0151 -0.1293 30 0 0 0
0.4680 0.0151 -0.1293 30 0 0 0
0.4680 0.0151 -0.1293 30 0 0 0
0.4680 0.0151 -0.1293 30 0 0 0
0.4680 0.0151 -0.1293 30 0 0 0
0.4680 0.0151 -0.1293 30 0 0 0
0.4680 0.0151 -0.1293 30 0 0 0
0.4680 0.0151 -0.1293 30 0 0 0
0.4680 0.0151 -0.1293 30 0 0 0
0.4840 0.0153 -0.1281 30 0 0 0
0.4840 0.0153 -0.1281 30 0 0 0
0.4580 0.0155 -0.1288 30 0 0 0
0.4700 0.0156 -0.1284 30 0 0 0
0.4700 0.0156 -0.1284 30 0 0 0
0.4700 0.0156 -0.1284 30 0 0 0
0.4700 0.0156 -0.1284 30 0 0 0
0.4720 0.0160 -0.1282 0 0 0 0
0.4420 0.0163 -0.1288 0 0 0 30
0.4460 0.0164 -0.1250 0 0 0 30
0.4460 0.0164 -0.1250 0 0 0 30
0.4460 0.0164 -0.1250 0 0 0 30
0.4460 0.0164 -0.1250 0 0 0 30
0.4460 0.0164 -0.1250 0 0 0 30
0.4460 0.0164 -0.1250 0 0 0 30
0.4740 0.0164 -0.1213 0 0 0 30
0.4740 0.0155 -0.1209 0 0 0 30
0.4580 0.0155 -0.1209 0 0 0 30
0.4780 0.0150 -0.1183 0 0 0 30
0.4520 0.0145 -0.1154 0 0 0 0
0.4520 0.0141 -0.1148 0 0 0 30
0.4680 0.0138 -0.1141 0 0 0 30
0.4680 0.0138 -0.1141 0 0 0 30
0.4760 0.0136 -0.1115 0 0 0 30
0.4580 0.0131 -0.1058 0 0 0 30
0.4580 0.0131 -0.1058 0 0 0 30
0.4640 0.0128 -0.1058 0 0 0 30
0.4640 0.0128 -0.1058 0 0 0 30
0.4680 0.0127 -0.1076 0 0 0 30
0.4680 0.0127 -0.1076 0 0 0 30
0.4680 0.0127 -0.1076 0 0 0 0
0.4660 0.0126 -0.1066 0 0 0 30
0.4660 0.0126 -0.1066 0 0 0 30
0.4700 0.0126 -0.0983 0 0 0 30
0.4860 0.0124 -0.0988 0 0 0 30
0.4840 0.0127 -0.1061 0 0 0 30
0.4580 0.0129 -0.1071 0 0 0 30
0.4440 0.0135 -0.1042 0 0 0 0
0.4540 0.0177 -0.7026 0 -30 0 0
0.4540 0.0177 -0.7026 0 -30 0 0
0.4720 0.0179 -0.7045 0 -30 0 0
0.4720 0.0179 -0.7045 0 -30 0 0
0.4660 0.0162 -0.7039 0 -30 0 0
0.4820 0.0158 -0.7031 0 -30 0 0
0.4780 0.0164 -0.6983 0 -30 0 0
0.4460 0.0167 -0.6996 0 -30 0 0
0.4500 0.0169 -0.6982 0 -30 0 0
0.4540 0.0169 -0.6980 0 -30 0 0
0.4540 0.0169 -0.6980 0 -30 0 0
0.4540 0.0169 -0.6980 0 -30 0 0
0.4540 0.0168 -0.6928 0 -30 0 0
0.4660 0.0168 -0.6928 0 -30 0 0
0.4660 0.0168 -0.6928 0 -30 0 0
0.4660 0.0168 -0.6928 0 -30 0 0
0.4660 0.0168 -0.6928 0 -30 0 0
0.4960 0.0171 -0.6909 0 -30 0 0
0.4960 0.0171 -0.6909 0 -30 0 0
0.4620 0.0172 -0.6897 0 -30 0 0
0.4620 0.0172 -0.6897 0 -30 0 0
0.4620 0.0172 -0.6897 0 -30 0 0
0.4620 0.0172 -0.6897 0 -30 0 0
0.4620 0.0176 -0.6832 0 -30 0 0
0.4960 0.0176 -0.6832 0 -30 0 0
0.4960 0.0176 -0.6832 0 -30 0 0
0.4960 0.0176 -0.6832 0 -30 0 0
0.4960 0.0176 -0.6832 0 -30 0 0
0.4860 0.0177 -0.6872 0 -30 0 0
0.4860 0.0175 -0.6874 0 -30 0 0
0.4700 0.0175 -0.6874 0 -30 0 0
0.4700 0.0175 -0.6874 0 -30 0 0
0.4700 0.0175 -0.6874 0 -30 0 0
0.4700 0.0175 -0.6874 0 -30 0 0
0.4700 0.0175 -0.6874 0 -30 0 0
0.4700 0.0172 -0.6927 0 -30 0 0
0.4700 0.0172 -0.6927 0 -30 0 0
0.4700 0.0172 -0.6927 0 -30 0 0
0.4940 0.0170 -0.6984 0 -30 0 0
0.4940 0.0170 -0.6984 0 -30 0 0
0.4780 0.0167 -0.6988 0 -30 0 0
0.4780 0.0167 -0.6988 0 -30 0 0
0.4780 0.0167 -0.6988 0 -30 0 0
0.4780 0.0167 -0.6988 0 -30 0 0
0.4780 0.0167 -0.6988 0 -30 0 0
0.4800 0.0161 -0.6990 0 -30 0 0
0.4800 0.0161 -0.6990 0 -30 0 0
0.4800 0.0161 -0.6990 0 -30 0 0
0.4800 0.0161 -0.6990 0 -30 0 0
0.4680 0.0157 -0.6966 0 -30 0 0
0.4680 0.0157 -0.6966 0 -30 0 0
0.4680 0.0157 -0.6966 0 -30 0 0
0.4680 0.0157 -0.6966 0 -30 0 0
0.4680 0.0157 -0.6966 0 -30 0 0
0.4680 0.0157 -0.6966 0 -30 0 0
0.4680 0.0157 -0.6966 0 -30 0 0
0.4680 0.0157 -0.6966 0 -30 0 0
0.4680 0.0157 -0.6966 0 -30 0 0
0.4680 0.0157 -0.6966 0 -30 0 0
0.4640 0.0153 -0.6979 0 -30 0 0
0.4640 0.0153 -0.6979 0 -30 0 0
0.4720 0.0157 -0.6978 0 -30 0 0
0.4720 0.0162 -0.6955 0 -30 0 0
0.4880 0.0162 -0.6955 0 -30 0 0
0.4880 0.0162 -0.6955 0 -30 0 0
0.4880 0.0162 -0.6955 0 -30 0 0
0.4880 0.0162 -0.6955 0 -30 0 0
0.4780 0.0165 -0.6930 0 -30 0 0
0.4780 0.0165 -0.6930 0 -30 0 0
0.4780 0.0165 -0.6930 0 -30 0 0
0.4460 0.0164 -0.6903 0 -30 0 0
0.4460 0.0164 -0.6903 0 -30 0 0
0.4460 0.0164 -0.6903 0 -30 0 0
0.4740 0.0162 -0.6899 0 -30 0 0
0.4740 0.0162 -0.6899 0 -30 0 0
0.4740 0.0162 -0.6899 0 -30 0 0
0.4740 0.0162 -0.6899 0 -30 0 0
0.4740 0.0162 -0.6899 0 -30 0 0
0.4740 0.0162 -0.6899 0 -30 0 0
0.4740 0.0162 -0.6899 0 -30 0 0
0.4740 0.0162 -0.6899 0 -30 0 0
0.4740 0.0162 -0.6899 0 -30 0 0
0.4740 0.0162 -0.6899 0 -30 0 0
0.4740 0.0162 -0.6899 0 -30 0 0
0.4740 0.0162 -0.6899 0 -30 0 0
0.4980 0.0163 -0.6932 0 -30 0 0
0.4780 0.0163 -0.6931 0 -30 0 0
0.4880 0.0163 -0.6937 0 -30 0 0
0.4760 0.0162 -0.6936 0 -30 0 0
0.4760 0.0162 -0.6936 0 -30 0 0
0.4760 0.0162 -0.6936 0 -30 0 0
0.4760 0.0162 -0.6936 0 -30 0 0
0.4660 0.0162 -0.6950 0 -30 0 0
0.4660 0.0162 -0.6950 0 -30 0 0
0.4660 0.0162 -0.6950 0 -30 0 0
0.4600 0.0163 -0.6967 0 -30 0 0
0.4600 0.0163 -0.6967 0 -30 0 0
0.4600 0.0163 -0.6967 0 -30 0 0
0.4600 0.0163 -0.6967 0 -30 0 0
0.4600 0.0163 -0.6967 0 -30 0 0
0.4660 0.0166 -0.6986 0 -30 0 0
0.4660 0.0166 -0.6986 0 -30 0 0
0.4660 0.0166 -0.6986 0 -30 0 0
0.4660 0.0166 -0.6986 0 -30 0 0
0.4740 0.0167 -0.6996 0 -30 0 0
0.4740 0.0167 -0.6996 0 -30 0 0
0.4740 0.0167 -0.6996 0 -30 0 0
0.4840 0.0164 -0.7001 0 -30 0 0
0.4840 0.0164 -0.7001 0 -30 0 0
0.4840 0.0164 -0.7001 0 -30 0 0
0.4840 0.0162 -0.6994 0 -30 0 0
0.4840 0.0162 -0.6994 0 -30 0 0
0.4840 0.0162 -0.6994 0 -30 0 0
0.4840 0.0162 -0.6994 0 -30 0 0
0.4640 0.0157 -0.7002 0 -30 0 0
0.4640 0.0157 -0.7002 0 -30 0 0
0.4640 0.0157 -0.7002 0 -30 0 0
0.4680 0.0151 -0.7021 0 -30 0 0
0.4680 0.0151 -0.7021 0 -30 0 0
0.4680 0.0151 -0.7021 0 -30 0 0
0.4680 0.0151 -0.7021 0 -30 0 0
0.4540 0.0146 -0.7047 0 -30 0 0
0.4540 0.0146 -0.7047 0 -30 0 0
0.4540 0.0146 -0.7047 0 -30 0 0
0.4540 0.0146 -0.7047 0 -30 0 0
0.4560 0.0141 -0.7062 0 -30 0 0
0.4560 0.0141 -0.7062 0 -30 0 0
0.4560 0.0141 -0.7062 0 -30 0 0
0.4680 0.0138 -0.7113 0 -30 0 0
0.4680 0.0138 -0.7113 0 -30 0 0
0.4680 0.0138 -0.7113 0 -30 0 0
0.4680 0.0138 -0.7113 0 -30 0 0
0.4940 0.0141 -0.7080 0 -30 0 0
0.4940 0.0141 -0.7080 0 -30 0 0
0.4940 0.0141 -0.7080 0 -30 0 0
0.4940 0.0141 -0.7080 0 -30 0 0
0.4840 0.0144 -0.7037 0 -30 0 0
0.4840 0.0144 -0.7037 0 -30 0 0
0.4840 0.0144 -0.7037 0 -30 0 0
0.4840 0.0150 -0.7027 0 -30 0 0
0.4660 0.0150 -0.7027 0 -30 0 0
0.4660 0.0150 -0.7027 0 -30 0 0
0.4660 0.0150 -0.7027 0 -30 0 0
0.4660 0.0150 -0.7027 0 -30 0 0
0.4680 0.0152 -0.7005 0 -30 0 0
0.4680 0.0152 -0.7005 0 -30 0 0
0.4680 0.0152 -0.7005 0 -30 0 0
0.4680 0.0152 -0.7005 0 -30 0 0
0.4620 0.0152 -0.6979 0 -30 0 0
0.4620 0.0152 -0.6979 0 -30 0 0
0.4620 0.0152 -0.6979 0 -30 0 0
0.4400 0.0151 -0.6950 0 -30 0 0
0.4400 0.0151 -0.6950 0 -30 0 0
0.4400 0.0151 -0.6950 0 -30 0 0
0.4400 0.0151 -0.6950 0 0 0 0
0.4740 0.0170 -0.6931 0 -30 0 0
0.4960 0.0166 -0.6989 0 -30 0 0
0.4800 0.0151 -0.6979 0 -30 0 0
0.4800 0.0155 -0.6958 0 -30 0 0
0.4820 0.0155 -0.6958 0 -30 0 0
0.4820 0.0160 -0.6998 0 -30 0 0
0.4860 0.0162 -0.6974 0 -30 0 0
0.4800 0.0157 -0.6942 0 -30 0 0
0.4800 0.0152 -0.6926 0 -30 0 0
0.4800 0.0152 -0.6926 0 -30 0 0
0.4960 0.0148 -0.6982 0 -30 0 0
0.4960 0.0148 -0.6982 0 -30 0 0
0.4820 0.0145 -0.6976 0 -30 0 0
0.4820 0.0145 -0.6976 0 -30 0 0
0.4820 0.0145 -0.6976 0 -30 0 0
0.4820 0.0145 -0.6976 0 -30 0 0
0.4640 0.0144 -0.6983 0 -30 0 0
0.4640 0.0144 -0.6983 0 -30 0 0
0.4640 0.0144 -0.6983 0 -30 0 0
0.4640 0.0144 -0.6983 0 -30 0 0
0.4640 0.0144 -0.6983 0 -30 0 0
0.4640 0.0144 -0.6983 0 -30 0 0
0.4640 0.0144 -0.6983 0 -30 0 0
0.4640 0.0144 -0.6983 0 -30 0 0
0.4640 0.0144 -0.6983 0 -30 0 0
0.4800 0.0147 -0.7011 0 -30 0 0
0.4920 0.0151 -0.7021 0 -30 0 0
0.4880 0.0156 -0.7013 0 -30 0 0
0.4880 0.0156 -0.7013 0 -30 0 0
0.4880 0.0156 -0.7013 0 -30 0 0
0.4880 0.0156 -0.7013 0 -30 0 0
0.4880 0.0156 -0.7013 0 -30 0 0
0.4800 0.0162 -0.7006 0 -30 0 0
0.4800 0.0162 -0.7006 0 -30 0 0
0.4880 0.0162 -0.7028 0 -30 0 0
0.4880 0.0162 -0.7028 0 -30 0 0
0.4880 0.0162 -0.7028 0 0 0 0
0.4520 0.0165 -0.5198 30 0 0 0
0.4520 0.0165 -0.5198 30 0 0 0
0.4420 0.0162 -0.5173 30 0 0 0
0.4540 0.0162 -0.5203 30 0 0 0
0.4380 0.0162 -0.5218 30 0 0 0
0.4380 0.0162 -0.5218 30 0 0 0
0.4380 0.0163 -0.5222 30 0 0 0
0.4440 0.0164 -0.5204 30 0 0 0
0.4440 0.0164 -0.5204 30 0 0 0
0.4520 0.0167 -0.5207 30 0 0 0
0.4680 0.0170 -0.5201 30 0 0 0
0.4680 0.0170 -0.5201 30 0 0 0
0.4680 0.0170 -0.5201 30 0 0 0
0.4680 0.0170 -0.5201 30 0 0 0
0.4680 0.0170 -0.5201 30 0 0 0
0.4680 0.0170 -0.5201 30 0 0 0
0.4680 0.0170 -0.5201 30 0 0 0
0.4680 0.0170 -0.5201 30 0 0 0
0.4640 0.0175 -0.5173 30 0 0 0
0.4640 0.0178 -0.5204 30 0 0 0
0.4580 0.0178 -0.5204 30 0 0 0
0.4780 0.0181 -0.5216 30 0 0 0
0.4780 0.0181 -0.5216 30 0 0 0
0.4680 0.0179 -0.5217 0 0 0 0
0.4680 0.0177 -0.5207 30 0 0 0
0.4460 0.0174 -0.5207 30 0 0 0
0.4600 0.0175 -0.5220 30 0 0 0
0.4600 0.0175 -0.5220 30 0 0 0
0.4600 0.0175 -0.5220 30 0 0 0
0.4600 0.0175 -0.5220 30 0 0 0
0.4600 0.0175 -0.5220 30 0 0 0
0.4600 0.0175 -0.5220 30 0 0 0
0.4600 0.0175 -0.5220 30 0 0 0
0.4600 0.0175 -0.5220 30 0 0 0
0.4600 0.0176 -0.5214 30 0 0 0
0.4620 0.0176 -0.5214 30 0 0 0
0.4620 0.0176 -0.5214 30 0 0 0
0.4660 0.0178 -0.5214 30 0 0 0
0.4600 0.0179 -0.5224 30 0 0 0
0.4600 0.0179 -0.5224 30 0 0 0
0.4340 0.0179 -0.5204 30 0 0 0
0.4340 0.0179 -0.5204 30 0 0 0
0.4340 0.0179 -0.5204 30 0 0 0
0.4340 0.0178 -0.5190 30 0 0 0
0.4460 0.0178 -0.5190 30 0 0 0
0.4460 0.0178 -0.5190 30 0 0 0
0.4460 0.0178 -0.5190 30 0 0 0
0.4380 0.0177 -0.5206 30 0 0 0
0.4380 0.0177 -0.5206 30 0 0 0
0.4380 0.0177 -0.5206 30 0 0 0
0.4380 0.0177 -0.5206 30 0 0 0
0.4540 0.0177 -0.5200 30 0 0 0
0.4540 0.0177 -0.5200 30 0 0 0
0.4540 0.0177 -0.5200 30 0 0 0
0.4540 0.0177 -0.5200 30 0 0 0
0.4380 0.0175 -0.5200 30 0 0 0
0.4380 0.0175 -0.5200 30 0 0 0
0.4380 0.0174 -0.5205 30 0 0 0
0.4540 0.0174 -0.5205 30 0 0 0
0.4540 0.0174 -0.5205 30 0 0 0
0.4540 0.0174 -0.5205 30 0 0 0
0.4760 0.0172 -0.5193 30 0 0 0
0.4760 0.0172 -0.5193 30 0 0 0
0.4760 0.0172 -0.5193 30 0 0 0
0.4760 0.0172 -0.5193 30 0 0 0
0.4520 0.0170 -0.5174 30 0 0 0
0.4520 0.0170 -0.5174 30 0 0 0
0.4520 0.0170 -0.5174 30 0 0 0
0.4600 0.0168 -0.5171 30 0 0 0
0.4600 0.0168 -0.5171 30 0 0 0
0.4600 0.0168 -0.5171 30 0 0 0
0.4600 0.0168 -0.5171 30 0 0 0
0.4720 0.0168 -0.5192 30 0 0 0
0.4720 0.0168 -0.5192 30 0 0 0
0.4720 0.0168 -0.5192 30 0 0 0
0.4720 0.0168 -0.5192 30 0 0 0
0.4620 0.0168 -0.5187 30 0 0 0
0.4620 0.0168 -0.5187 30 0 0 0
0.4620 0.0168 -0.5187 30 0 0 0
0.4620 0.0164 -0.5202 30 0 0 0
0.4520 0.0164 -0.5202 30 0 0 0
0.4520 0.0164 -0.5202 30 0 0 0
0.4520 0.0164 -0.5202 30 0 0 0
0.4680 0.0162 -0.5189 30 0 0 0
0.4680 0.0162 -0.5189 30 0 0 0
0.4680 0.0162 -0.5189 30 0 0 0
0.4660 0.0160 -0.5231 30 0 0 0
0.4660 0.0160 -0.5231 30 0 0 0
0.4660 0.0160 -0.5231 30 0 0 0
0.4380 0.0162 -0.5195 30 0 0 0
0.4380 0.0162 -0.5195 30 0 0 0
0.4380 0.0162 -0.5195 30 0 0 0
0.4380 0.0162 -0.5195 30 0 0 0
0.4400 0.0163 -0.5178 30 0 0 0
0.4400 0.0163 -0.5178 30 0 0 0
0.4400 0.0163 -0.5178 30 0 0 0
0.4400 0.0163 -0.5178 30 0 0 0
0.4320 0.0167 -0.5231 0 0 0 0
0.4200 0.0159 -0.5168 -30 0 0 0
0.4260 0.0162 -0.5172 -30 0 0 0
0.4400 0.0164 -0.5168 -30 0 0 0
0.4280 0.0163 -0.5088 -30 0 0 0
0.4500 0.0166 -0.5100 -30 0 0 0
0.4540 0.0171 -0.5109 -30 0 0 0
0.4400 0.0171 -0.5110 -30 0 0 0
0.4320 0.0167 -0.5126 -30 0 0 0
0.4540 0.0164 -0.5131 -30 0 0 0
0.4540 0.0164 -0.5131 -30 0 0 0
0.4540 0.0164 -0.5131 -30 0 0 0
0.4540 0.0164 -0.5131 -30 0 0 0
0.4540 0.0164 -0.5131 -30 0 0 0
0.4540 0.0164 -0.5131 -30 0 0 0
0.4540 0.0164 -0.5131 -30 0 0 0
0.4540 0.0164 -0.5131 -30 0 0 0
0.4380 0.0161 -0.5152 -30 0 0 0
0.4380 0.0161 -0.5152 -30 0 0 0
0.4380 0.0159 -0.5151 -30 0 0 0
0.4520 0.0159 -0.5151 -30 0 0 0
0.4500 0.0160 -0.5103 -30 0 0 0
0.4500 0.0160 -0.5103 -30 0 0 0
0.4500 0.0160 -0.5103 -30 0 0 0
0.4500 0.0160 -0.5103 -30 0 0 0
0.4480 0.0161 -0.5084 -30 0 0 0
0.4480 0.0161 -0.5084 -30 0 0 0
0.4300 0.0163 -0.5110 -30 0 0 0
0.4300 0.0163 -0.5110 -30 0 0 0
0.4300 0.0163 -0.5110 -30 0 0 0
0.4300 0.0163 -0.5110 -30 0 0 0
0.4300 0.0163 -0.5110 -30 0 0 0
0.4260 0.0162 -0.5087 -30 0 0 0
0.4260 0.0162 -0.5087 -30 0 0 0
0.4260 0.0162 -0.5087 -30 0 0 0
0.4260 0.0162 -0.5087 -30 0 0 0
0.4240 0.0159 -0.5116 -30 0 0 0
0.4240 0.0159 -0.5116 -30 0 0 0
0.4220 0.0157 -0.5099 -30 0 0 0
0.4220 0.0157 -0.5099 -30 0 0 0
0.4220 0.0157 -0.5099 -30 0 0 0
0.4220 0.0157 -0.5099 -30 0 0 0
0.4220 0.0157 -0.5099 -30 0 0 0
0.4320 0.0149 -0.5095 -30 0 0 0
0.4320 0.0149 -0.5095 -30 0 0 0
0.4320 0.0149 -0.5095 -30 0 0 0
0.4300 0.0150 -0.5117 -30 0 0 0
0.4300 0.0150 -0.5117 -30 0 0 0
0.4360 0.0149 -0.5082 -30 0 0 0
0.4360 0.0149 -0.5082 -30 0 0 0
0.4360 0.0149 -0.5082 -30 0 0 0
0.4360 0.0149 -0.5082 -30 0 0 0
0.4360 0.0149 -0.5082 -30 0 0 0
0.4460 0.0148 -0.5044 -30 0 0 0
0.4460 0.0148 -0.5044 -30 0 0 0
0.4460 0.0148 -0.5044 0 0 0 0
0.4400 0.0135 -0.5031 -30 0 0 0
0.4360 0.0138 -0.5064 -30 0 0 0
0.4280 0.0138 -0.5089 -30 0 0 0
0.4360 0.0137 -0.5089 -30 0 0 0
0.4220 0.0136 -0.5119 -30 0 0 0
0.4120 0.0137 -0.5176 -30 0 0 0
0.4220 0.0139 -0.5142 -30 0 0 0
0.4500 0.0139 -0.5118 -30 0 0 0
0.4500 0.0139 -0.5118 -30 0 0 0
0.4500 0.0139 -0.5118 -30 0 0 0
0.4500 0.0139 -0.5118 -30 0 0 0
0.4500 0.0139 -0.5118 -30 0 0 0
0.4300 0.0140 -0.5112 -30 0 0 0
0.4300 0.0140 -0.5112 -30 0 0 0
0.4300 0.0140 -0.5112 -30 0 0 0
0.4300 0.0140 -0.5112 -30 0 0 0
0.4300 0.0140 -0.5112 -30 0 0 0
0.4520 0.0143 -0.5110 -30 0 0 0
0.4520 0.0143 -0.5110 -30 0 0 0
0.4500 0.0145 -0.5120 -30 0 0 0
0.4500 0.0145 -0.5120 -30 0 0 0
0.4500 0.0145 -0.5120 -30 0 0 0
0.4500 0.0145 -0.5120 -30 0 0 0
0.4500 0.0145 -0.5120 -30 0 0 0
0.4340 0.0143 -0.5123 -30 0 0 0
0.4340 0.0143 -0.5123 0 0 0 0
0.4740 0.0124 -0.5379 0 0 0 30
0.4760 0.0129 -0.5395 0 0 0 30
0.4820 0.0132 -0.5392 0 0 0 30
0.4760 0.0133 -0.5428 0 0 0 30
0.4660 0.0132 -0.5450 0 0 0 30
0.4780 0.0130 -0.5432 0 0 0 30
0.4680 0.0130 -0.5468 0 0 0 30
0.4680 0.0130 -0.5468 0 0 0 30
0.4680 0.0132 -0.5502 0 0 0 0
0.4460 0.0135 -0.5564 0 0 0 30
0.4760 0.0137 -0.5565 0 0 0 30
0.4500 0.0133 -0.5554 0 0 0 30
0.4360 0.0131 -0.5522 0 0 0 30
0.4660 0.0133 -0.5520 0 0 0 30
0.4660 0.0133 -0.5520 0 0 0 30
0.4660 0.0133 -0.5520 0 0 0 30
0.4660 0.0133 -0.5520 0 0 0 30
0.4520 0.0135 -0.5520 0 0 0 0
0.4520 0.0132 -0.5510 0 0 0 30
0.4500 0.0132 -0.5510 0 0 0 30
0.4480 0.0128 -0.5531 0 0 0 30
0.4480 0.0128 -0.5531 0 0 0 30
0.4480 0.0128 -0.5531 0 0 0 30
0.4480 0.0128 -0.5531 0 0 0 30
0.4480 0.0128 -0.5531 0 0 0 30
0.4480 0.0128 -0.5531 0 0 0 0
0.4460 0.0142 -0.5566 0 0 0 30
0.4620 0.0152 -0.5549 0 0 0 30
0.4420 0.0158 -0.5530 0 0 0 30
0.4380 0.0159 -0.5507 0 0 0 30
0.4380 0.0160 -0.5474 0 0 0 30
0.4440 0.0163 -0.5428 0 0 0 30
0.4500 0.0168 -0.5380 0 0 0 0
