0.4200 0.0099 -0.5366 0 -30 0 0
0.4180 0.0100 -0.5354 0 -30 0 0
0.4180 0.0100 -0.5354 0 -30 0 0
0.4180 0.0100 -0.5354 0 -30 0 0
0.4180 0.0100 -0.5354 0 -30 0 0
0.4180 0.0100 -0.5354 0 -30 0 0
0.4180 0.0100 -0.5354 0 -30 0 0
0.4180 0.0100 -0.5354 0 -30 0 0
0.4180 0.0100 -0.5354 0 -30 0 0
0.4140 0.0094 -0.5361 0 -30 0 0
0.4140 0.0094 -0.5361 0 -30 0 0
0.4140 0.0094 -0.5361 0 -30 0 0
0.4140 0.0094 -0.5361 0 -30 0 0
0.4400 0.0084 -0.5342 0 -30 0 0
0.4220 0.0080 -0.5333 0 -30 0 0
0.4220 0.0080 -0.5333 0 -30 0 0
0.4240 0.0081 -0.5336 0 -30 0 0
0.4240 0.0081 -0.5336 0 -30 0 0
0.4240 0.0081 -0.5336 0 -30 0 0
0.4160 0.0085 -0.5352 0 -30 0 0
0.4160 0.0085 -0.5352 0 -30 0 0
0.4160 0.0085 -0.5352 0 -30 0 0
0.4180 0.0095 -0.5370 0 -30 0 0
0.4180 0.0095 -0.5370 0 -30 0 0
0.4180 0.0095 -0.5370 0 -30 0 0
0.4180 0.0095 -0.5370 0 -30 0 0
0.3700 0.0101 -0.5359 0 -30 0 0
0.3700 0.0101 -0.5359 0 -30 0 0
0.3700 0.0101 -0.5359 0 -30 0 0
0.4060 0.0103 -0.5317 0 -30 0 0
0.4060 0.0103 -0.5317 0 -30 0 0
0.4060 0.0103 -0.5317 0 -30 0 0
0.4180 0.0105 -0.5343 0 -30 0 0
0.4180 0.0105 -0.5343 0 -30 0 0
0.4180 0.0105 -0.5343 0 -30 0 0
0.3840 0.0104 -0.5354 0 -30 0 0
0.3840 0.0104 -0.5354 0 -30 0 0
0.3840 0.0104 -0.5354 0 -30 0 0
0.3840 0.0104 -0.5354 0 -30 0 0
0.3940 0.0100 -0.5407 0 -30 0 0
0.3940 0.0100 -0.5407 0 -30 0 0
0.3940 0.0100 -0.5407 0 0 0 0
0.4340 0.0080 -0.5298 0 -30 0 0
0.4360 0.0084 -0.5349 0 -30 0 0
0.4260 0.0084 -0.5349 0 -30 0 0
0.4180 0.0084 -0.5304 0 -30 0 0
0.4340 0.0084 -0.5325 0 -30 0 0
0.4280 0.0084 -0.5288 0 -30 0 0
0.4460 0.0088 -0.5240 0 -30 0 0
0.4080 0.0089 -0.5239 0 -30 0 0
0.4340 0.0093 -0.5127 0 -30 0 0
0.4340 0.0093 -0.5127 0 -30 0 0
0.4340 0.0093 -0.5127 0 -30 0 0
0.4340 0.0093 -0.5127 0 -30 0 0
0.4400 0.0092 -0.5124 0 -30 0 0
0.4400 0.0092 -0.5124 0 -30 0 0
0.4340 0.0093 -0.5019 0 -30 0 0
0.4340 0.0093 -0.5019 0 -30 0 0
0.4340 0.0093 -0.5019 0 -30 0 0
0.4340 0.0093 -0.5019 0 -30 0 0
0.4340 0.0093 -0.5019 0 -30 0 0
0.4000 0.0094 -0.4927 0 -30 0 0
0.4000 0.0094 -0.4927 0 -30 0 0
0.4000 0.0094 -0.4927 0 0 0 0
0.4160 0.0084 -0.4926 0 -30 0 0
0.4160 0.0084 -0.4966 0 -30 0 0
0.4000 0.0084 -0.4966 0 -30 0 0
0.4060 0.0079 -0.4982 0 -30 0 0
0.4160 0.0076 -0.4980 0 -30 0 0
0.4060 0.0077 -0.4940 0 -30 0 0
0.4220 0.0080 -0.4957 0 -30 0 0
0.4220 0.0080 -0.4957 0 -30 0 0
0.4240 0.0082 -0.4981 0 -30 0 0
0.4240 0.0082 -0.4981 0 -30 0 0
0.4240 0.0082 -0.4981 0 -30 0 0
0.4240 0.0082 -0.4981 0 -30 0 0
0.4100 0.0081 -0.5019 0 -30 0 0
0.4100 0.0081 -0.5019 0 -30 0 0
0.4100 0.0081 -0.5019 0 -30 0 0
0.4000 0.0080 -0.5060 0 -30 0 0
0.4000 0.0080 -0.5060 0 -30 0 0
0.4000 0.0080 -0.5060 0 -30 0 0
0.4000 0.0080 -0.5060 0 -30 0 0
0.3900 0.0080 -0.5048 0 -30 0 0
0.3900 0.0080 -0.5048 0 -30 0 0
0.3900 0.0080 -0.5048 0 -30 0 0
0.3900 0.0080 -0.5048 0 -30 0 0
0.4040 0.0078 -0.5049 0 -30 0 0
0.4040 0.0078 -0.5049 0 -30 0 0
0.4040 0.0078 -0.5049 0 -30 0 0
0.4000 0.0078 -0.5075 0 -30 0 0
0.4000 0.0078 -0.5075 0 -30 0 0
0.4000 0.0078 -0.5075 0 -30 0 0
0.3980 0.0079 -0.5087 0 -30 0 0
0.3980 0.0079 -0.5087 0 -30 0 0
0.3980 0.0079 -0.5087 0 -30 0 0
0.3980 0.0079 -0.5087 0 -30 0 0
0.4100 0.0083 -0.5009 0 -30 0 0
0.4100 0.0083 -0.5009 0 -30 0 0
0.4100 0.0083 -0.5009 0 -30 0 0
0.4100 0.0083 -0.5009 0 -30 0 0
0.4240 0.0086 -0.5017 0 -30 0 0
0.4240 0.0086 -0.5017 0 -30 0 0
0.4240 0.0086 -0.5017 0 -30 0 0
0.4220 0.0084 -0.5024 0 -30 0 0
0.4220 0.0084 -0.5024 0 -30 0 0
0.4220 0.0084 -0.5024 0 -30 0 0
0.4220 0.0084 -0.5024 0 -30 0 0
0.4120 0.0080 -0.5016 0 -30 0 0
0.4120 0.0080 -0.5016 0 -30 0 0
0.4120 0.0080 -0.5016 0 -30 0 0
0.4120 0.0080 -0.5016 0 -30 0 0
0.4120 0.0076 -0.5073 0 -30 0 0
0.4140 0.0076 -0.5073 0 -30 0 0
0.4140 0.0076 -0.5073 0 -30 0 0
0.4140 0.0076 -0.5073 0 -30 0 0
0.4140 0.0076 -0.5073 0 -30 0 0
0.4140 0.0076 -0.5073 0 -30 0 0
0.4140 0.0076 -0.5073 0 -30 0 0
0.4080 0.0076 -0.5082 0 -30 0 0
0.4080 0.0076 -0.5082 0 -30 0 0
0.4220 0.0077 -0.5125 0 -30 0 0
0.4120 0.0080 -0.5126 0 -30 0 0
0.4120 0.0080 -0.5126 0 -30 0 0
0.4080 0.0081 -0.5135 0 -30 0 0
0.4080 0.0081 -0.5135 0 -30 0 0
0.4080 0.0081 -0.5135 0 -30 0 0
0.4080 0.0081 -0.5135 0 -30 0 0
0.4080 0.0081 -0.5135 0 -30 0 0
0.4080 0.0081 -0.5135 0 -30 0 0
0.4080 0.0081 -0.5135 0 -30 0 0
0.4080 0.0081 -0.5135 0 -30 0 0
0.4080 0.0081 -0.5135 0 -30 0 0
0.4140 0.0078 -0.5161 0 -30 0 0
0.4140 0.0078 -0.5161 0 -30 0 0
0.4040 0.0077 -0.5178 0 -30 0 0
0.4200 0.0078 -0.5161 0 -30 0 0
0.4200 0.0078 -0.5161 0 -30 0 0
0.4000 0.0080 -0.5160 0 -30 0 0
0.4000 0.0080 -0.5160 0 -30 0 0
0.4000 0.0080 -0.5160 0 -30 0 0
0.4000 0.0080 -0.5160 0 -30 0 0
0.4000 0.0084 -0.5138 0 -30 0 0
0.4140 0.0084 -0.5138 0 -30 0 0
0.4140 0.0084 -0.5138 0 -30 0 0
0.4000 0.0086 -0.5129 0 -30 0 0
0.4000 0.0086 -0.5129 0 -30 0 0
0.4000 0.0086 -0.5129 0 -30 0 0
0.4000 0.0091 -0.5086 0 -30 0 0
0.3900 0.0091 -0.5086 0 -30 0 0
0.3900 0.0091 -0.5086 0 -30 0 0
0.3900 0.0091 -0.5086 0 -30 0 0
0.3900 0.0091 -0.5086 0 -30 0 0
0.4040 0.0093 -0.5093 0 -30 0 0
0.4040 0.0093 -0.5093 0 -30 0 0
0.3900 0.0093 -0.5079 0 -30 0 0
0.3900 0.0093 -0.5079 0 -30 0 0
0.3900 0.0093 -0.5079 0 -30 0 0
0.3900 0.0093 -0.5079 0 -30 0 0
0.3920 0.0093 -0.5115 0 -30 0 0
0.3920 0.0093 -0.5115 0 -30 0 0
0.3920 0.0093 -0.5115 0 -30 0 0
0.3920 0.0093 -0.5115 0 -30 0 0
0.3920 0.0093 -0.5115 0 -30 0 0
0.4040 0.0100 -0.5112 0 -30 0 0
0.4040 0.0100 -0.5112 0 -30 0 0
0.3900 0.0105 -0.5133 0 -30 0 0
0.3900 0.0105 -0.5133 0 -30 0 0
0.3900 0.0105 -0.5133 0 -30 0 0
0.3900 0.0108 -0.1437 0 -30 0 0
0.3960 0.0108 -0.1437 0 -30 0 0
0.3960 0.0108 -0.1437 0 -30 0 0
0.3960 0.0108 -0.1437 0 -30 0 0
0.3960 0.0108 -0.1437 0 -30 0 0
0.4120 0.0113 -0.1399 0 -30 0 0
0.4120 0.0113 -0.1399 0 -30 0 0
0.4120 0.0113 -0.1399 0 -30 0 0
0.4140 0.0118 -0.1419 0 -30 0 0
0.4140 0.0118 -0.1419 0 -30 0 0
0.4140 0.0118 -0.1419 0 -30 0 0
0.4020 0.0122 -0.1435 0 -30 0 0
0.4020 0.0122 -0.1435 0 -30 0 0
0.4020 0.0122 -0.1435 0 -30 0 0
0.4020 0.0122 -0.1435 0 -30 0 0
0.4060 0.0123 -0.1428 0 -30 0 0
0.4060 0.0123 -0.1428 0 -30 0 0
0.4420 0.0122 -0.1457 0 -30 0 0
0.4420 0.0122 -0.1457 0 -30 0 0
0.4420 0.0122 -0.1457 0 -30 0 0
0.4160 0.0120 -0.1484 0 -30 0 0
0.4160 0.0120 -0.1484 0 -30 0 0
0.4160 0.0120 -0.1484 0 -30 0 0
0.4160 0.0120 -0.1484 0 -30 0 0
0.4160 0.0120 -0.1484 0 -30 0 0
0.4080 0.0117 -0.1497 0 -30 0 0
0.4080 0.0114 -0.1501 0 -30 0 0
0.4420 0.0114 -0.1501 0 -30 0 0
0.4420 0.0114 -0.1501 0 -30 0 0
0.4420 0.0114 -0.1501 0 -30 0 0
0.4420 0.0114 -0.1501 0 -30 0 0
0.4400 0.0109 -0.1522 0 -30 0 0
0.4400 0.0109 -0.1522 0 -30 0 0
0.4400 0.0109 -0.1522 0 -30 0 0
0.4400 0.0109 -0.1522 0 -30 0 0
0.4140 0.0098 -0.1565 0 -30 0 0
0.4140 0.0098 -0.1565 0 -30 0 0
0.4120 0.0091 -0.1538 0 -30 0 0
0.4120 0.0091 -0.1538 0 -30 0 0
0.4120 0.0091 -0.1538 0 -30 0 0
0.4400 0.0086 -0.1540 0 -30 0 0
0.4400 0.0086 -0.1540 0 -30 0 0
0.4400 0.0086 -0.1540 0 -30 0 0
0.4400 0.0086 -0.1540 0 -30 0 0
0.4400 0.0086 -0.1540 0 -30 0 0
0.4220 0.0089 -0.1546 0 -30 0 0
0.4340 0.0093 -0.1525 0 -30 0 0
0.4340 0.0093 -0.1525 0 -30 0 0
0.4340 0.0093 -0.1525 0 -30 0 0
0.4340 0.0093 -0.1525 0 -30 0 0
0.4040 0.0095 -0.1490 0 -30 0 0
0.4040 0.0095 -0.1490 0 -30 0 0
0.4040 0.0095 -0.1490 0 -30 0 0
0.4040 0.0095 -0.1490 0 -30 0 0
0.4080 0.0096 -0.1537 0 -30 0 0
0.4080 0.0096 -0.1537 0 -30 0 0
0.4080 0.0096 -0.1537 0 -30 0 0
0.4080 0.0096 -0.1537 0 -30 0 0
0.4080 0.0096 -0.1537 0 -30 0 0
0.4080 0.0096 -0.1537 0 -30 0 0
0.4080 0.0096 -0.1537 0 -30 0 0
0.4080 0.0096 -0.1537 0 -30 0 0
0.4420 0.0094 -0.1563 0 -30 0 0
0.4420 0.0094 -0.1563 0 -30 0 0
0.4300 0.0093 -0.1578 0 -30 0 0
0.4320 0.0093 -0.1570 0 -30 0 0
0.4320 0.0093 -0.1570 0 -30 0 0
0.4200 0.0093 -0.1574 0 -30 0 0
0.4200 0.0093 -0.1574 0 -30 0 0
0.4200 0.0093 -0.1574 0 -30 0 0
0.4200 0.0093 -0.1574 0 -30 0 0
0.4200 0.0093 -0.1574 0 -30 0 0
0.4200 0.0093 -0.1574 0 -30 0 0
0.4200 0.0093 -0.1574 0 -30 0 0
0.4200 0.0093 -0.1574 0 -30 0 0
0.4200 0.0093 -0.1574 0 -30 0 0
0.4200 0.0093 -0.1574 0 -30 0 0
0.4380 0.0099 -0.1537 0 -30 0 0
0.4180 0.0109 -0.1453 0 -30 0 0
0.4320 0.0109 -0.1453 0 -30 0 0
0.4320 0.0109 -0.1453 0 -30 0 0
0.4320 0.0109 -0.1453 0 -30 0 0
0.4360 0.0112 -0.1457 0 -30 0 0
0.4360 0.0112 -0.1457 0 -30 0 0
0.4360 0.0112 -0.1457 0 -30 0 0
0.4360 0.0112 -0.1457 0 -30 0 0
0.4360 0.0112 -0.1457 0 -30 0 0
0.4320 0.0119 -0.1476 0 -30 0 0
0.4400 0.0120 -0.1484 0 -30 0 0
0.4400 0.0120 -0.1484 0 -30 0 0
0.4400 0.0120 -0.1484 0 -30 0 0
0.4560 0.0115 -0.1477 0 -30 0 0
0.4560 0.0115 -0.1477 0 -30 0 0
0.4560 0.0115 -0.1477 0 -30 0 0
0.4560 0.0115 -0.1477 0 -30 0 0
0.4560 0.0115 -0.1477 0 -30 0 0
0.4480 0.0103 -0.1485 0 -30 0 0
0.4480 0.0103 -0.1485 0 -30 0 0
0.4260 0.0094 -0.1464 0 -30 0 0
0.4260 0.0094 -0.1464 0 -30 0 0
0.4260 0.0094 -0.1464 0 -30 0 0
0.4260 0.0094 -0.1464 0 -30 0 0
0.4260 0.0090 -0.1465 0 -30 0 0
0.4260 0.0090 -0.1465 0 -30 0 0
0.4260 0.0090 -0.1465 0 -30 0 0
0.4260 0.0090 -0.1465 0 -30 0 0
0.4160 0.0093 -0.1455 0 -30 0 0
0.4160 0.0093 -0.1455 0 -30 0 0
0.4340 0.0098 -0.1457 0 -30 0 0
0.4340 0.0098 -0.1457 0 -30 0 0
0.4340 0.0098 -0.1457 0 -30 0 0
0.4340 0.0098 -0.1457 0 -30 0 0
0.4340 0.0098 -0.1457 0 -30 0 0
0.4360 0.0104 -0.1473 0 -30 0 0
0.4360 0.0104 -0.1473 0 -30 0 0
0.4360 0.0104 -0.1473 0 -30 0 0
0.4360 0.0104 -0.1473 0 -30 0 0
0.4460 0.0105 -0.1568 0 -30 0 0
0.4460 0.0105 -0.1568 0 -30 0 0
0.4360 0.0104 -0.1543 0 -30 0 0
0.4360 0.0104 -0.1543 0 -30 0 0
0.4360 0.0104 -0.1543 0 -30 0 0
0.4360 0.0104 -0.1543 0 -30 0 0
0.4460 0.0099 -0.1512 0 -30 0 0
0.4460 0.0099 -0.1512 0 -30 0 0
0.4460 0.0099 -0.1512 0 -30 0 0
0.4460 0.0099 -0.1512 0 -30 0 0
0.4300 0.0093 -0.1466 0 -30 0 0
0.4300 0.0093 -0.1466 0 -30 0 0
0.4460 0.0091 -0.1464 0 -30 0 0
0.4460 0.0091 -0.1464 0 -30 0 0
0.4460 0.0091 -0.1464 0 -30 0 0
0.4460 0.0091 -0.1464 0 -30 0 0
0.4460 0.0090 -0.1480 0 -30 0 0
0.4180 0.0090 -0.1480 0 0 0 0
0.4260 0.0084 -0.1498 0 -30 0 0
0.4180 0.0082 -0.1475 0 -30 0 0
0.4480 0.0083 -0.1485 0 -30 0 0
0.4320 0.0086 -0.1545 0 -30 0 0
0.4100 0.0088 -0.1568 0 -30 0 0
0.4100 0.0088 -0.1568 0 -30 0 0
0.4220 0.0087 -0.1588 0 -30 0 0
0.4220 0.0087 -0.1588 0 -30 0 0
0.4220 0.0087 -0.1588 0 -30 0 0
0.4220 0.0087 -0.1588 0 -30 0 0
0.4360 0.0085 -0.1593 0 -30 0 0
0.4360 0.0085 -0.1593 0 -30 0 0
0.4280 0.0085 -0.1646 0 -30 0 0
0.4280 0.0085 -0.1646 0 -30 0 0
0.4280 0.0085 -0.1646 0 -30 0 0
0.4280 0.0085 -0.1646 0 -30 0 0
0.4280 0.0084 -0.1644 0 -30 0 0
0.4280 0.0084 -0.1644 0 -30 0 0
0.4280 0.0084 -0.1644 0 -30 0 0
0.4280 0.0084 -0.1644 0 -30 0 0
0.4280 0.0084 -0.1644 0 -30 0 0
0.4300 0.0085 -0.1629 0 -30 0 0
0.4300 0.0085 -0.1629 0 -30 0 0
0.4460 0.0086 -0.1627 0 -30 0 0
0.4460 0.0086 -0.1627 0 -30 0 0
0.4460 0.0086 -0.1627 0 -30 0 0
0.4460 0.0086 -0.1627 0 -30 0 0
0.4340 0.0090 -0.1634 0 -30 0 0
0.4340 0.0090 -0.1634 0 -30 0 0
0.4340 0.0090 -0.1634 0 -30 0 0
0.4340 0.0090 -0.1634 0 -30 0 0
0.4360 0.0093 -0.1658 0 -30 0 0
0.4360 0.0093 -0.1658 0 -30 0 0
0.4360 0.0093 -0.1658 0 -30 0 0
0.4500 0.0092 -0.1640 0 -30 0 0
0.4500 0.0092 -0.1640 0 -30 0 0
0.4500 0.0092 -0.1640 0 -30 0 0
0.4480 0.0090 -0.1622 0 -30 0 0
0.4480 0.0090 -0.1622 0 -30 0 0
0.4480 0.0090 -0.1622 0 -30 0 0
0.4480 0.0090 -0.1622 0 -30 0 0
0.4260 0.0089 -0.1615 0 -30 0 0
0.4260 0.0089 -0.1615 0 -30 0 0
0.4260 0.0089 -0.1615 0 -30 0 0
0.4220 0.0089 -0.1616 0 -30 0 0
0.4220 0.0089 -0.1616 0 -30 0 0
0.4220 0.0089 -0.1616 0 -30 0 0
0.4220 0.0089 -0.1616 0 -30 0 0
0.4300 0.0091 -0.1605 0 -30 0 0
0.4300 0.0091 -0.1605 0 -30 0 0
0.4300 0.0091 -0.1605 0 -30 0 0
0.4300 0.0091 -0.1605 0 -30 0 0
0.4300 0.0091 -0.1605 0 -30 0 0
0.4300 0.0091 -0.1605 0 -30 0 0
0.4300 0.0091 -0.1605 0 -30 0 0
0.4300 0.0091 -0.1605 0 -30 0 0
0.4300 0.0091 -0.1605 0 -30 0 0
0.4300 0.0093 -0.1605 0 -30 0 0
0.4140 0.0089 -0.1591 0 -30 0 0
0.4160 0.0087 -0.1598 0 -30 0 0
0.4200 0.0087 -0.1598 0 -30 0 0
0.4200 0.0087 -0.1598 0 -30 0 0
0.4300 0.0085 -0.1592 0 -30 0 0
0.4300 0.0085 -0.1592 0 -30 0 0
0.4300 0.0085 -0.1592 0 -30 0 0
0.4540 0.0086 -0.1600 0 -30 0 0
0.4540 0.0086 -0.1600 0 -30 0 0
0.4540 0.0086 -0.1600 0 -30 0 0
0.4400 0.0091 -0.1609 0 -30 0 0
0.4400 0.0091 -0.1609 0 -30 0 0
0.4400 0.0091 -0.1609 0 -30 0 0
0.4400 0.0091 -0.1609 0 -30 0 0
0.4340 0.0101 -0.1605 0 -30 0 0
0.4340 0.0101 -0.1605 0 -30 0 0
0.4340 0.0101 -0.1605 0 -30 0 0
0.4140 0.0110 -0.1627 0 -30 0 0
0.4140 0.0110 -0.1627 0 -30 0 0
0.4140 0.0110 -0.1627 0 -30 0 0
0.4140 0.0111 -0.1620 0 -30 0 0
0.4140 0.0111 -0.1620 0 -30 0 0
0.4140 0.0111 -0.1620 0 -30 0 0
0.4220 0.0109 -0.1606 0 -30 0 0
0.4220 0.0109 -0.1606 0 -30 0 0
0.4220 0.0109 -0.1606 0 -30 0 0
0.4220 0.0105 -0.1593 0 -30 0 0
0.4300 0.0105 -0.1593 0 -30 0 0
0.4300 0.0105 -0.1593 0 -30 0 0
0.4300 0.0105 -0.1593 0 -30 0 0
0.4140 0.0103 -0.1575 0 -30 0 0
0.4140 0.0103 -0.1575 0 -30 0 0
0.4140 0.0103 -0.1575 0 -30 0 0
0.4280 0.0098 -0.1588 0 -30 0 0
0.4280 0.0098 -0.1588 0 -30 0 0
0.4280 0.0098 -0.1588 0 -30 0 0
0.4280 0.0098 -0.1588 0 -30 0 0
0.4280 0.0098 -0.1588 0 -30 0 0
0.4280 0.0098 -0.1588 0 -30 0 0
0.4280 0.0098 -0.1588 0 -30 0 0
0.4280 0.0098 -0.1588 0 -30 0 0
0.4280 0.0098 -0.1588 0 -30 0 0
0.4280 0.0098 -0.1588 0 -30 0 0
0.4360 0.0089 -0.1577 0 -30 0 0
0.4380 0.0087 -0.1562 0 -30 0 0
0.4380 0.0087 -0.1562 0 -30 0 0
0.4360 0.0089 -0.1571 0 -30 0 0
0.4360 0.0089 -0.1571 0 -30 0 0
0.4360 0.0089 -0.1571 0 -30 0 0
0.4300 0.0089 -0.1580 0 -30 0 0
0.4300 0.0089 -0.1580 0 -30 0 0
0.4300 0.0089 -0.1580 0 -30 0 0
0.4300 0.0089 -0.1580 0 -30 0 0
0.4240 0.0089 -0.1582 0 -30 0 0
0.4240 0.0089 -0.1582 0 -30 0 0
0.4240 0.0089 -0.1582 0 -30 0 0
0.4180 0.0086 -0.1551 0 -30 0 0
0.4180 0.0086 -0.1551 0 -30 0 0
0.4180 0.0086 -0.1551 0 -30 0 0
0.4180 0.0086 -0.1551 0 -30 0 0
0.4180 0.0086 -0.1551 0 -30 0 0
0.4380 0.0084 -0.1553 0 -30 0 0
0.4380 0.0084 -0.1553 0 -30 0 0
0.4380 0.0084 -0.1553 0 -30 0 0
0.4100 0.0084 -0.1558 0 -30 0 0
0.4100 0.0084 -0.1558 0 -30 0 0
0.4100 0.0085 -0.1570 0 -30 0 0
0.4260 0.0085 -0.1570 0 -30 0 0
0.4260 0.0085 -0.1570 0 -30 0 0
0.4260 0.0085 -0.1570 0 -30 0 0
0.4260 0.0085 -0.1570 0 -30 0 0
0.4260 0.0086 -0.1548 0 -30 0 0
0.4260 0.0086 -0.1548 0 -30 0 0
0.4260 0.0086 -0.1548 0 -30 0 0
0.4260 0.0086 -0.1551 0 -30 0 0
0.4260 0.0086 -0.1551 0 -30 0 0
0.4260 0.0086 -0.1551 0 -30 0 0
0.4340 0.0091 -0.1543 0 -30 0 0
0.4340 0.0091 -0.1543 0 -30 0 0
0.4340 0.0091 -0.1543 0 -30 0 0
0.4340 0.0091 -0.1543 0 -30 0 0
0.4320 0.0096 -0.1546 0 -30 0 0
0.4320 0.0096 -0.1546 0 -30 0 0
0.4320 0.0096 -0.1546 0 -30 0 0
0.4320 0.0096 -0.1546 0 -30 0 0
0.4320 0.0096 -0.1546 0 -30 0 0
0.4320 0.0096 -0.1546 0 -30 0 0
0.4320 0.0096 -0.1546 0 -30 0 0
0.4320 0.0096 -0.1546 0 -30 0 0
0.4320 0.0096 -0.1546 0 -30 0 0
0.4320 0.0096 -0.1546 0 -30 0 0
0.4320 0.0101 -0.1561 0 -30 0 0
0.4220 0.0105 -0.1580 0 -30 0 0
0.4100 0.0106 -0.1584 0 -30 0 0
0.4100 0.0106 -0.1584 0 -30 0 0
0.4100 0.0106 -0.1584 0 -30 0 0
0.4200 0.0103 -0.1570 0 -30 0 0
0.4200 0.0103 -0.1570 0 -30 0 0
0.4200 0.0098 -0.1598 0 -30 0 0
0.4200 0.0098 -0.1598 0 -30 0 0
0.4200 0.0098 -0.1598 0 -30 0 0
0.4200 0.0098 -0.1598 0 -30 0 0
0.4500 0.0095 -0.1598 0 -30 0 0
0.4500 0.0095 -0.1598 0 -30 0 0
0.4500 0.0095 -0.1598 0 -30 0 0
0.4500 0.0092 -0.1592 0 -30 0 0
0.4420 0.0092 -0.1592 0 -30 0 0
0.4420 0.0092 -0.1592 0 -30 0 0
0.4420 0.0092 -0.1592 0 -30 0 0
0.4380 0.0092 -0.1561 0 -30 0 0
0.4380 0.0092 -0.1561 0 -30 0 0
0.4380 0.0092 -0.1561 0 -30 0 0
0.4380 0.0092 -0.1561 0 -30 0 0
0.4260 0.0094 -0.1529 0 -30 0 0
0.4260 0.0094 -0.1529 0 -30 0 0
0.4260 0.0094 -0.1529 0 -30 0 0
0.4420 0.0097 -0.1521 0 -30 0 0
0.4420 0.0097 -0.1521 0 -30 0 0
0.4420 0.0097 -0.1521 0 -30 0 0
0.4420 0.0097 -0.1521 0 -30 0 0
0.4200 0.0100 -0.1511 0 -30 0 0
0.4200 0.0100 -0.1511 0 -30 0 0
0.4200 0.0100 -0.1511 0 -30 0 0
0.4400 0.0099 -0.1484 0 -30 0 0
0.4400 0.0099 -0.1484 0 -30 0 0
0.4400 0.0099 -0.1484 0 -30 0 0
0.4400 0.0099 -0.1484 0 -30 0 0
0.4260 0.0099 -0.1489 0 -30 0 0
0.4260 0.0099 -0.1489 0 -30 0 0
0.4260 0.0099 -0.1499 0 -30 0 0
0.4420 0.0099 -0.1499 0 -30 0 0
0.4420 0.0099 -0.1499 0 -30 0 0
0.4420 0.0099 -0.1499 0 -30 0 0
0.4440 0.0101 -0.1512 0 -30 0 0
0.4440 0.0101 -0.1512 0 -30 0 0
0.4440 0.0101 -0.1512 0 -30 0 0
0.4440 0.0101 -0.1512 0 -30 0 0
0.4320 0.0103 -0.1520 0 -30 0 0
0.4320 0.0103 -0.1520 0 -30 0 0
0.4320 0.0103 -0.1520 0 -30 0 0
0.4320 0.0106 -0.1577 0 -30 0 0
0.4320 0.0106 -0.1577 0 -30 0 0
0.4320 0.0106 -0.1577 0 -30 0 0
0.4320 0.0106 -0.1577 0 -30 0 0
0.4320 0.0107 -0.1595 0 -30 0 0
0.4400 0.0107 -0.1595 0 -30 0 0
0.4400 0.0107 -0.1595 0 -30 0 0
0.4400 0.0107 -0.1595 0 -30 0 0
0.4400 0.0107 -0.1595 0 -30 0 0
0.4420 0.0106 -0.1647 0 -30 0 0
0.4420 0.0106 -0.1647 0 -30 0 0
0.4500 0.0106 -0.1644 0 -30 0 0
0.4500 0.0106 -0.1644 0 -30 0 0
0.4500 0.0106 -0.1644 0 -30 0 0
0.4500 0.0106 -0.1644 0 -30 0 0
0.4500 0.0106 -0.1644 0 -30 0 0
0.4500 0.0106 -0.1644 0 -30 0 0
0.4500 0.0106 -0.1644 0 -30 0 0
0.4500 0.0106 -0.1644 0 -30 0 0
0.4500 0.0106 -0.1644 0 -30 0 0
0.4500 0.0106 -0.1644 0 -30 0 0
0.4360 0.0105 -0.1640 0 -30 0 0
0.4220 0.0103 -0.1587 0 -30 0 0
0.4380 0.0101 -0.1584 0 -30 0 0
0.4380 0.0101 -0.1584 0 -30 0 0
0.4380 0.0101 -0.1584 0 -30 0 0
0.4260 0.0102 -0.1569 0 -30 0 0
0.4260 0.0102 -0.1569 0 -30 0 0
0.4260 0.0102 -0.1569 0 -30 0 0
0.4260 0.0102 -0.1569 0 -30 0 0
0.4260 0.0102 -0.1569 0 -30 0 0
0.4440 0.0102 -0.1573 0 -30 0 0
0.4440 0.0102 -0.1573 0 -30 0 0
0.4360 0.0102 -0.1555 0 -30 0 0
0.4360 0.0102 -0.1555 0 -30 0 0
0.4360 0.0102 -0.1555 0 -30 0 0
0.4360 0.0102 -0.1555 0 -30 0 0
0.4440 0.0099 -0.1558 0 -30 0 0
0.4440 0.0099 -0.1558 0 -30 0 0
0.4440 0.0099 -0.1558 0 -30 0 0
0.4440 0.0099 -0.1558 0 -30 0 0
0.4420 0.0100 -0.1530 0 -30 0 0
0.4420 0.0100 -0.1530 0 -30 0 0
0.4440 0.0101 -0.1529 0 -30 0 0
0.4440 0.0101 -0.1529 0 -30 0 0
0.4440 0.0101 -0.1529 0 -30 0 0
0.4440 0.0101 -0.1529 0 -30 0 0
0.4400 0.0107 -0.1529 0 -30 0 0
0.4400 0.0107 -0.1529 0 -30 0 0
0.4400 0.0107 -0.1529 0 -30 0 0
0.4400 0.0107 -0.1529 0 -30 0 0
0.4400 0.0115 -0.1523 0 -30 0 0
0.4580 0.0115 -0.1523 0 -30 0 0
0.4580 0.0115 -0.1523 0 -30 0 0
0.4340 0.0120 -0.1494 0 -30 0 0
0.4340 0.0120 -0.1494 0 -30 0 0
0.4340 0.0120 -0.1494 0 -30 0 0
0.4340 0.0120 -0.1462 0 -30 0 0
0.4160 0.0120 -0.1462 0 -30 0 0
0.4160 0.0120 -0.1462 0 -30 0 0
0.4160 0.0120 -0.1462 0 -30 0 0
0.4160 0.0120 -0.1462 0 0 0 0
0.4380 0.0142 -0.1408 0 -30 0 0
0.4520 0.0122 -0.1378 0 -30 0 0
0.4420 0.0118 -0.1380 0 -30 0 0
0.4380 0.0117 -0.1368 0 -30 0 0
0.4660 0.0123 -0.1368 0 -30 0 0
0.4600 0.0135 -0.1387 0 -30 0 0
0.4600 0.0135 -0.1387 0 -30 0 0
0.4600 0.0140 -0.1389 0 -30 0 0
0.4380 0.0140 -0.1389 0 -30 0 0
0.4340 0.0141 -0.1398 0 -30 0 0
0.4340 0.0141 -0.1398 0 -30 0 0
0.4340 0.0141 -0.1398 0 -30 0 0
0.4340 0.0141 -0.1398 0 -30 0 0
0.4340 0.0141 -0.1398 0 -30 0 0
0.4380 0.0145 -0.1423 0 -30 0 0
0.4380 0.0145 -0.1423 0 -30 0 0
0.4380 0.0145 -0.1423 0 -30 0 0
0.4380 0.0145 -0.1423 0 -30 0 0
0.4340 0.0152 -0.1453 0 -30 0 0
0.4340 0.0152 -0.1453 0 -30 0 0
0.4340 0.0152 -0.1453 0 -30 0 0
0.4360 0.0155 -0.1465 0 -30 0 0
0.4360 0.0155 -0.1465 0 -30 0 0
0.4360 0.0155 -0.1465 0 -30 0 0
0.4360 0.0155 -0.1465 0 -30 0 0
0.4360 0.0153 -0.1503 0 -30 0 0
0.4280 0.0153 -0.1503 0 -30 0 0
0.4280 0.0153 -0.1503 0 -30 0 0
0.4280 0.0153 -0.1503 0 -30 0 0
0.4380 0.0150 -0.1465 0 -30 0 0
0.4380 0.0150 -0.1465 0 -30 0 0
0.4180 0.0142 -0.1498 0 -30 0 0
0.4180 0.0142 -0.1498 0 -30 0 0
0.4180 0.0142 -0.1498 0 -30 0 0
0.4180 0.0142 -0.1498 0 -30 0 0
0.4180 0.0142 -0.1498 0 -30 0 0
0.4500 0.0133 -0.1525 0 -30 0 0
0.4500 0.0133 -0.1525 0 -30 0 0
0.4500 0.0133 -0.1525 0 -30 0 0
0.4500 0.0133 -0.1525 0 -30 0 0
0.4560 0.0129 -0.1505 0 -30 0 0
0.4560 0.0129 -0.1505 0 -30 0 0
0.4560 0.0129 -0.1505 0 -30 0 0
0.4500 0.0127 -0.1510 0 -30 0 0
0.4500 0.0127 -0.1510 0 -30 0 0
0.4500 0.0127 -0.1510 0 -30 0 0
0.4500 0.0127 -0.1510 0 -30 0 0
0.4540 0.0129 -0.1535 0 -30 0 0
0.4540 0.0129 -0.1535 0 -30 0 0
0.4540 0.0129 -0.1535 0 -30 0 0
0.4540 0.0129 -0.1535 0 -30 0 0
0.4540 0.0129 -0.1535 0 -30 0 0
0.4320 0.0134 -0.1553 0 -30 0 0
0.4320 0.0134 -0.1553 0 -30 0 0
0.4360 0.0138 -0.1574 0 -30 0 0
0.4360 0.0138 -0.1574 0 -30 0 0
0.4360 0.0138 -0.1574 0 -30 0 0
0.4360 0.0138 -0.1574 0 -30 0 0
0.4220 0.0143 -0.1523 0 -30 0 0
0.4220 0.0143 -0.1523 0 -30 0 0
0.4220 0.0143 -0.1523 0 -30 0 0
0.4380 0.0148 -0.1498 0 -30 0 0
0.4380 0.0148 -0.1498 0 -30 0 0
0.4380 0.0154 -0.1479 0 -30 0 0
0.4380 0.0154 -0.1479 0 -30 0 0
0.4380 0.0154 -0.1479 0 -30 0 0
0.4380 0.0154 -0.1479 0 -30 0 0
0.4380 0.0154 -0.1479 0 -30 0 0
0.4340 0.0162 -0.1486 0 -30 0 0
0.4340 0.0162 -0.1486 0 -30 0 0
0.4340 0.0162 -0.1486 0 -30 0 0
0.4340 0.0162 -0.1486 0 -30 0 0
0.4360 0.0164 -0.1455 0 -30 0 0
0.4360 0.0164 -0.1455 0 -30 0 0
0.4360 0.0164 -0.1455 0 -30 0 0
0.4360 0.0164 -0.1460 0 -30 0 0
0.4360 0.0164 -0.1460 0 -30 0 0
0.4360 0.0164 -0.1460 0 -30 0 0
0.4360 0.0164 -0.1460 0 -30 0 0
0.4260 0.0161 -0.1459 0 -30 0 0
0.4260 0.0161 -0.1459 0 -30 0 0
0.4260 0.0161 -0.1459 0 -30 0 0
0.4260 0.0159 -0.1430 0 -30 0 0
0.4180 0.0159 -0.1430 0 -30 0 0
0.4180 0.0159 -0.1430 0 -30 0 0
0.4180 0.0158 -0.1424 0 -30 0 0
0.4220 0.0158 -0.1424 0 -30 0 0
0.4220 0.0158 -0.1424 0 -30 0 0
0.4220 0.0158 -0.1424 0 -30 0 0
0.4220 0.0158 -0.1424 0 -30 0 0
0.4220 0.0157 -0.1430 0 -30 0 0
0.4540 0.0157 -0.1430 0 -30 0 0
0.4540 0.0157 -0.1430 0 -30 0 0
0.4540 0.0157 -0.1430 0 -30 0 0
0.4400 0.0153 -0.1446 0 -30 0 0
0.4520 0.0149 -0.1471 0 -30 0 0
0.4520 0.0149 -0.1471 0 -30 0 0
0.4520 0.0149 -0.1471 0 -30 0 0
0.4520 0.0149 -0.1471 0 -30 0 0
0.4520 0.0149 -0.1471 0 -30 0 0
0.4340 0.0146 -0.1463 0 -30 0 0
0.4340 0.0146 -0.1463 0 -30 0 0
0.4340 0.0146 -0.1463 0 -30 0 0
0.4340 0.0146 -0.1463 0 -30 0 0
0.4340 0.0146 -0.1463 0 -30 0 0
0.4380 0.0144 -0.1475 0 -30 0 0
0.4380 0.0144 -0.1476 0 -30 0 0
0.4700 0.0144 -0.1476 0 -30 0 0
0.4700 0.0144 -0.1476 0 -30 0 0
0.4700 0.0144 -0.1476 0 -30 0 0
0.4700 0.0144 -0.1476 0 -30 0 0
0.4700 0.0144 -0.1476 0 -30 0 0
0.4340 0.0147 -0.1524 0 -30 0 0
0.4340 0.0147 -0.1524 0 -30 0 0
0.4340 0.0147 -0.1524 0 -30 0 0
0.4340 0.0151 -0.1494 0 -30 0 0
0.4080 0.0151 -0.1494 0 -30 0 0
0.4120 0.0151 -0.1499 0 -30 0 0
0.4120 0.0151 -0.1499 0 -30 0 0
0.4120 0.0151 -0.1499 0 -30 0 0
0.4120 0.0151 -0.1499 0 -30 0 0
0.4120 0.0151 -0.1499 0 -30 0 0
0.4540 0.0152 -0.1526 0 -30 0 0
0.4540 0.0152 -0.1526 0 -30 0 0
0.4540 0.0152 -0.1526 0 -30 0 0
0.4540 0.0153 -0.1548 0 -30 0 0
0.4540 0.0153 -0.1548 0 -30 0 0
0.4540 0.0153 -0.1548 0 -30 0 0
0.4540 0.0156 -0.1616 0 -30 0 0
0.4620 0.0156 -0.1616 0 -30 0 0
0.4620 0.0156 -0.1616 0 -30 0 0
0.4620 0.0156 -0.1616 0 -30 0 0
0.4620 0.0156 -0.1616 0 -30 0 0
0.4620 0.0156 -0.1616 0 -30 0 0
0.4500 0.0156 -0.1555 0 -30 0 0
0.4500 0.0156 -0.1555 0 -30 0 0
0.4500 0.0156 -0.1555 0 -30 0 0
0.4500 0.0156 -0.1555 0 -30 0 0
0.4260 0.0155 -0.1585 0 -30 0 0
0.4260 0.0155 -0.1586 0 -30 0 0
0.4380 0.0155 -0.1586 0 -30 0 0
0.4380 0.0155 -0.1586 0 -30 0 0
0.4380 0.0155 -0.1586 0 -30 0 0
0.4380 0.0155 -0.1586 0 -30 0 0
0.4440 0.0155 -0.1576 0 -30 0 0
0.4440 0.0155 -0.1576 0 -30 0 0
0.4440 0.0155 -0.1576 0 -30 0 0
0.4440 0.0155 -0.1576 0 -30 0 0
0.4480 0.0153 -0.1575 0 -30 0 0
0.4480 0.0153 -0.1575 0 -30 0 0
0.4480 0.0152 -0.1524 0 -30 0 0
0.4340 0.0152 -0.1524 0 -30 0 0
0.4340 0.0152 -0.1524 0 -30 0 0
0.4340 0.0152 -0.1524 0 -30 0 0
0.4340 0.0152 -0.1524 0 -30 0 0
0.4540 0.0153 -0.1511 0 -30 0 0
0.4540 0.0153 -0.1511 0 -30 0 0
0.4540 0.0153 -0.1511 0 -30 0 0
0.4540 0.0153 -0.1511 0 -30 0 0
0.4520 0.0155 -0.1531 0 -30 0 0
0.4520 0.0155 -0.1531 0 -30 0 0
0.4460 0.0156 -0.1515 0 -30 0 0
0.4460 0.0156 -0.1515 0 -30 0 0
0.4460 0.0156 -0.1515 0 -30 0 0
0.4460 0.0156 -0.1515 0 -30 0 0
0.4460 0.0156 -0.1515 0 -30 0 0
0.4540 0.0160 -0.1494 0 -30 0 0
0.4540 0.0160 -0.1494 0 -30 0 0
0.4540 0.0160 -0.1494 0 -30 0 0
0.4540 0.0160 -0.1494 0 -30 0 0
0.4480 0.0165 -0.1543 0 -30 0 0
0.4480 0.0165 -0.1543 0 -30 0 0
0.4580 0.0170 -0.1551 0 -30 0 0
0.4580 0.0170 -0.1551 0 -30 0 0
0.4580 0.0170 -0.1551 0 -30 0 0
0.4580 0.0170 -0.1551 0 -30 0 0
0.4580 0.0170 -0.1551 0 -30 0 0
0.4560 0.0175 -0.1567 0 -30 0 0
0.4560 0.0175 -0.1567 0 -30 0 0
0.4560 0.0175 -0.1567 0 -30 0 0
0.4560 0.0177 -0.1654 0 -30 0 0
0.4660 0.0177 -0.1654 0 -30 0 0
0.4660 0.0177 -0.1654 0 -30 0 0
0.4660 0.0177 -0.1654 0 -30 0 0
0.4660 0.0177 -0.1654 0 -30 0 0
0.4660 0.0177 -0.1654 0 -30 0 0
0.4660 0.0177 -0.1654 0 -30 0 0
0.4660 0.0177 -0.1654 0 -30 0 0
0.4580 0.0177 -0.1644 0 -30 0 0
0.4520 0.0172 -0.1569 0 -30 0 0
0.4520 0.0172 -0.1569 0 -30 0 0
0.4580 0.0167 -0.1605 0 -30 0 0
0.4580 0.0167 -0.1605 0 -30 0 0
0.4580 0.0167 -0.1605 0 -30 0 0
0.4580 0.0167 -0.1605 0 -30 0 0
0.4480 0.0166 -0.1580 0 -30 0 0
0.4480 0.0166 -0.1580 0 -30 0 0
0.4480 0.0166 -0.1580 0 -30 0 0
0.4480 0.0166 -0.1580 0 -30 0 0
0.4380 0.0165 -0.1511 0 -30 0 0
0.4380 0.0165 -0.1511 0 -30 0 0
0.4380 0.0165 -0.1511 0 -30 0 0
0.4380 0.0165 -0.1511 0 -30 0 0
0.4540 0.0163 -0.1513 0 -30 0 0
0.4540 0.0163 -0.1513 0 -30 0 0
0.4540 0.0163 -0.1513 0 -30 0 0
0.4540 0.0163 -0.1513 0 -30 0 0
0.4260 0.0160 -0.1513 0 -30 0 0
0.4260 0.0160 -0.1513 0 -30 0 0
0.4260 0.0160 -0.1513 0 -30 0 0
0.4260 0.0160 -0.1513 0 -30 0 0
0.4420 0.0154 -0.1492 0 -30 0 0
0.4420 0.0154 -0.1492 0 -30 0 0
0.4400 0.0156 -0.1499 0 -30 0 0
0.4400 0.0156 -0.1499 0 -30 0 0
0.4400 0.0156 -0.1499 0 -30 0 0
0.4400 0.0156 -0.1499 0 -30 0 0
0.4380 0.0160 -0.1499 0 -30 0 0
0.4380 0.0160 -0.1499 0 -30 0 0
0.4380 0.0160 -0.1499 0 -30 0 0
0.4380 0.0162 -0.1504 0 -30 0 0
0.4380 0.0162 -0.1504 0 -30 0 0
0.4380 0.0162 -0.1504 0 -30 0 0
0.4380 0.0162 -0.1504 0 -30 0 0
0.4320 0.0165 -0.1511 0 -30 0 0
0.4320 0.0165 -0.1511 0 -30 0 0
0.4320 0.0165 -0.1511 0 -30 0 0
0.4320 0.0165 -0.1511 0 -30 0 0
0.4340 0.0165 -0.1496 0 -30 0 0
0.4340 0.0165 -0.1496 0 -30 0 0
0.4340 0.0165 -0.1496 0 -30 0 0
0.4340 0.0165 -0.1496 0 -30 0 0
0.4340 0.0165 -0.1496 0 -30 0 0
0.4420 0.0160 -0.1485 0 -30 0 0
0.4420 0.0160 -0.1485 0 -30 0 0
0.4420 0.0160 -0.1485 0 -30 0 0
0.4420 0.0160 -0.1485 0 -30 0 0
0.4420 0.0160 -0.1485 0 -30 0 0
0.4420 0.0160 -0.1485 0 -30 0 0
0.4420 0.0154 -0.1477 0 -30 0 0
0.4420 0.0154 -0.1477 0 -30 0 0
0.4420 0.0154 -0.1477 0 -30 0 0
0.4380 0.0146 -0.1495 0 -30 0 0
0.4380 0.0146 -0.1495 0 -30 0 0
0.4640 0.0141 -0.1471 0 -30 0 0
0.4640 0.0141 -0.1471 0 -30 0 0
0.4640 0.0141 -0.1471 0 -30 0 0
0.4640 0.0141 -0.1471 0 -30 0 0
0.4500 0.0134 -0.1478 0 -30 0 0
0.4500 0.0134 -0.1478 0 -30 0 0
0.4500 0.0134 -0.1478 0 -30 0 0
0.4300 0.0129 -0.1393 0 -30 0 0
0.4300 0.0129 -0.1393 0 -30 0 0
0.4300 0.0129 -0.1393 0 -30 0 0
0.4300 0.0129 -0.1393 0 -30 0 0
0.4460 0.0129 -0.1436 0 -30 0 0
0.4460 0.0129 -0.1436 0 -30 0 0
0.4460 0.0129 -0.1436 0 -30 0 0
0.4500 0.0132 -0.1217 0 -30 0 0
0.4500 0.0132 -0.1217 0 -30 0 0
0.4500 0.0132 -0.1217 0 -30 0 0
0.4500 0.0134 -0.1249 0 -30 0 0
0.4520 0.0134 -0.1249 0 -30 0 0
0.4520 0.0134 -0.1249 0 -30 0 0
0.4520 0.0134 -0.1249 0 -30 0 0
0.4500 0.0137 -0.1113 0 -30 0 0
0.4500 0.0137 -0.1113 0 -30 0 0
0.4500 0.0137 -0.1113 0 -30 0 0
0.4500 0.0137 -0.1113 0 -30 0 0
0.4440 0.0138 -0.1094 0 -30 0 0
0.4440 0.0138 -0.1094 0 -30 0 0
0.4440 0.0138 -0.1094 0 -30 0 0
0.4320 0.0140 -0.0953 0 -30 0 0
0.4320 0.0140 -0.0953 0 0 0 0
0.4560 0.0106 -0.1439 0 -30 0 0
0.4460 0.0102 -0.1438 0 -30 0 0
0.4680 0.0103 -0.1425 0 -30 0 0
0.4660 0.0103 -0.1464 0 -30 0 0
0.4580 0.0094 -0.1466 0 -30 0 0
0.4520 0.0093 -0.1449 0 -30 0 0
0.4640 0.0093 -0.1450 0 -30 0 0
0.4640 0.0093 -0.1450 0 -30 0 0
0.4620 0.0095 -0.1474 0 -30 0 0
0.4620 0.0095 -0.1474 0 -30 0 0
0.4620 0.0095 -0.1474 0 -30 0 0
0.4620 0.0095 -0.1474 0 -30 0 0
0.4620 0.0097 -0.1474 0 -30 0 0
0.4600 0.0097 -0.1474 0 -30 0 0
0.4600 0.0097 -0.1474 0 -30 0 0
0.4600 0.0097 -0.1474 0 -30 0 0
0.4700 0.0098 -0.1468 0 -30 0 0
0.4700 0.0098 -0.1468 0 -30 0 0
0.4700 0.0098 -0.1468 0 -30 0 0
0.4700 0.0101 -0.1470 0 -30 0 0
0.4700 0.0101 -0.1470 0 -30 0 0
0.4700 0.0101 -0.1470 0 -30 0 0
0.4700 0.0101 -0.1470 0 -30 0 0
0.4700 0.0101 -0.1470 0 -30 0 0
0.4720 0.0102 -0.1474 0 -30 0 0
0.4720 0.0102 -0.1474 0 -30 0 0
0.4720 0.0102 -0.1474 0 -30 0 0
0.4720 0.0102 -0.1474 0 -30 0 0
0.4540 0.0103 -0.1477 0 -30 0 0
0.4540 0.0103 -0.1477 0 -30 0 0
0.4540 0.0103 -0.1477 0 -30 0 0
0.4660 0.0106 -0.1490 0 -30 0 0
0.4660 0.0106 -0.1490 0 -30 0 0
0.4660 0.0106 -0.1490 0 -30 0 0
0.4660 0.0106 -0.1490 0 -30 0 0
0.4760 0.0108 -0.1487 0 -30 0 0
0.4760 0.0108 -0.1487 0 -30 0 0
0.4760 0.0108 -0.1487 0 -30 0 0
0.4760 0.0108 -0.1487 0 -30 0 0
0.4640 0.0112 -0.1486 0 -30 0 0
0.4640 0.0112 -0.1486 0 -30 0 0
0.4640 0.0112 -0.1486 0 -30 0 0
0.4480 0.0112 -0.1485 0 -30 0 0
0.4480 0.0112 -0.1485 0 -30 0 0
0.4480 0.0112 -0.1485 0 -30 0 0
0.4480 0.0112 -0.1485 0 -30 0 0
0.4700 0.0110 -0.1485 0 -30 0 0
0.4700 0.0110 -0.1485 0 -30 0 0
0.4700 0.0110 -0.1485 0 -30 0 0
0.4700 0.0110 -0.1485 0 -30 0 0
0.4700 0.0110 -0.1485 0 -30 0 0
0.4700 0.0110 -0.1485 0 -30 0 0
0.4640 0.0108 -0.1478 0 -30 0 0
0.4520 0.0103 -0.1476 0 -30 0 0
0.4520 0.0103 -0.1476 0 -30 0 0
0.4520 0.0103 -0.1476 0 -30 0 0
0.4520 0.0103 -0.1476 0 -30 0 0
0.4420 0.0097 -0.1476 0 -30 0 0
0.4420 0.0097 -0.1476 0 -30 0 0
0.4420 0.0097 -0.1476 0 -30 0 0
0.4420 0.0097 -0.1476 0 -30 0 0
0.4420 0.0097 -0.1476 0 -30 0 0
0.4420 0.0097 -0.1476 0 -30 0 0
0.4700 0.0091 -0.1479 0 -30 0 0
0.4460 0.0086 -0.1484 0 -30 0 0
0.4460 0.0086 -0.1484 0 -30 0 0
0.4460 0.0086 -0.1484 0 -30 0 0
0.4300 0.0084 -0.1481 0 -30 0 0
0.4300 0.0084 -0.1481 0 -30 0 0
0.4300 0.0084 -0.1481 0 -30 0 0
0.4300 0.0084 -0.1481 0 -30 0 0
0.4300 0.0084 -0.1481 0 -30 0 0
0.4300 0.0084 -0.1481 0 -30 0 0
0.4540 0.0087 -0.1478 0 -30 0 0
0.4360 0.0092 -0.1478 0 -30 0 0
0.4360 0.0092 -0.1478 0 -30 0 0
0.4360 0.0092 -0.1478 0 -30 0 0
0.4360 0.0092 -0.1478 0 -30 0 0
0.4500 0.0099 -0.1489 0 -30 0 0
0.4500 0.0099 -0.1489 0 -30 0 0
0.4500 0.0099 -0.1489 0 -30 0 0
0.4500 0.0099 -0.1489 0 -30 0 0
0.4500 0.0099 -0.1489 0 -30 0 0
0.4500 0.0099 -0.1489 0 -30 0 0
0.4500 0.0099 -0.1489 0 -30 0 0
0.4400 0.0105 -0.1481 0 -30 0 0
0.4580 0.0107 -0.1446 0 -30 0 0
0.4580 0.0107 -0.1446 0 -30 0 0
0.4580 0.0107 -0.1446 0 -30 0 0
0.4580 0.0107 -0.1446 0 -30 0 0
0.4540 0.0108 -0.1441 0 -30 0 0
0.4540 0.0108 -0.1441 0 -30 0 0
0.4540 0.0108 -0.1441 0 -30 0 0
0.4540 0.0108 -0.1441 0 -30 0 0
0.4540 0.0108 -0.1441 0 -30 0 0
0.4700 0.0109 -0.1439 0 -30 0 0
0.4700 0.0111 -0.1433 0 -30 0 0
0.4600 0.0111 -0.1433 0 -30 0 0
0.4600 0.0111 -0.1433 0 -30 0 0
0.4600 0.0111 -0.1433 0 -30 0 0
0.4600 0.0115 -0.1430 0 -30 0 0
0.4600 0.0115 -0.1430 0 -30 0 0
0.4600 0.0115 -0.1430 0 -30 0 0
0.4600 0.0115 -0.1430 0 -30 0 0
0.4600 0.0115 -0.1430 0 -30 0 0
0.4600 0.0115 -0.1430 0 -30 0 0
0.4560 0.0120 -0.1444 0 -30 0 0
0.4560 0.0122 -0.1446 0 -30 0 0
0.4620 0.0122 -0.1446 0 -30 0 0
0.4620 0.0122 -0.1446 0 -30 0 0
0.4620 0.0122 -0.1446 0 -30 0 0
0.4400 0.0122 -0.1455 0 -30 0 0
0.4400 0.0122 -0.1455 0 -30 0 0
0.4400 0.0122 -0.1455 0 -30 0 0
0.4400 0.0122 -0.1455 0 -30 0 0
0.4400 0.0122 -0.1455 0 -30 0 0
0.4640 0.0121 -0.1461 0 -30 0 0
0.4640 0.0121 -0.1461 0 -30 0 0
0.4480 0.0120 -0.1473 0 -30 0 0
0.4480 0.0120 -0.1473 0 -30 0 0
0.4480 0.0120 -0.1473 0 -30 0 0
0.4480 0.0120 -0.1473 0 -30 0 0
0.4620 0.0122 -0.1467 0 -30 0 0
0.4620 0.0122 -0.1467 0 -30 0 0
0.4620 0.0122 -0.1467 0 -30 0 0
0.4620 0.0122 -0.1467 0 -30 0 0
0.4740 0.0125 -0.1472 0 -30 0 0
0.4740 0.0125 -0.1472 0 -30 0 0
0.4740 0.0125 -0.1472 0 -30 0 0
0.4480 0.0128 -0.1469 0 -30 0 0
0.4480 0.0128 -0.1469 0 -30 0 0
0.4480 0.0128 -0.1469 0 -30 0 0
0.4540 0.0131 -0.1491 0 -30 0 0
0.4540 0.0131 -0.1491 0 -30 0 0
0.4540 0.0131 -0.1491 0 -30 0 0
0.4540 0.0131 -0.1491 0 -30 0 0
0.4540 0.0131 -0.1491 0 -30 0 0
0.4460 0.0131 -0.1500 0 -30 0 0
0.4460 0.0131 -0.1500 0 -30 0 0
0.4460 0.0131 -0.1500 0 -30 0 0
0.4360 0.0127 -0.1503 0 -30 0 0
0.4360 0.0127 -0.1503 0 -30 0 0
0.4360 0.0127 -0.1503 0 -30 0 0
0.4500 0.0124 -0.1518 0 -30 0 0
0.4500 0.0124 -0.1518 0 -30 0 0
0.4500 0.0124 -0.1518 0 -30 0 0
0.4500 0.0124 -0.1518 0 -30 0 0
0.4500 0.0124 -0.1518 0 -30 0 0
0.4500 0.0120 -0.1530 0 -30 0 0
0.4500 0.0120 -0.1530 0 -30 0 0
0.4500 0.0120 -0.1530 0 -30 0 0
0.4860 0.0118 -0.1540 0 -30 0 0
0.4860 0.0118 -0.1540 0 -30 0 0
0.4860 0.0118 -0.1540 0 -30 0 0
0.4860 0.0118 -0.1540 0 -30 0 0
0.4500 0.0115 -0.1539 0 -30 0 0
0.4500 0.0115 -0.1539 0 -30 0 0
0.4500 0.0115 -0.1539 0 -30 0 0
0.4500 0.0115 -0.1539 0 -30 0 0
0.4640 0.0113 -0.1547 0 -30 0 0
0.4640 0.0113 -0.1547 0 -30 0 0
0.4660 0.0114 -0.1541 0 -30 0 0
0.4660 0.0114 -0.1541 0 -30 0 0
0.4660 0.0114 -0.1541 0 -30 0 0
0.4660 0.0114 -0.1541 0 -30 0 0
0.4660 0.0114 -0.1541 0 -30 0 0
0.4660 0.0114 -0.1541 0 -30 0 0
0.4660 0.0114 -0.1541 0 -30 0 0
0.4660 0.0114 -0.1541 0 -30 0 0
0.4660 0.0114 -0.1541 0 -30 0 0
0.4660 0.0114 -0.1541 0 -30 0 0
0.4740 0.0112 -0.1540 0 -30 0 0
0.4500 0.0110 -0.1531 0 -30 0 0
0.4720 0.0109 -0.1555 0 -30 0 0
0.4540 0.0110 -0.1556 0 -30 0 0
0.4540 0.0110 -0.1556 0 -30 0 0
0.4540 0.0110 -0.1556 0 -30 0 0
0.4540 0.0110 -0.1556 0 -30 0 0
0.4540 0.0110 -0.1556 0 -30 0 0
0.4540 0.0110 -0.1556 0 -30 0 0
0.4620 0.0110 -0.1566 0 -30 0 0
0.4620 0.0110 -0.1566 0 -30 0 0
0.4560 0.0109 -0.1565 0 -30 0 0
0.4560 0.0109 -0.1565 0 -30 0 0
0.4560 0.0109 -0.1565 0 -30 0 0
0.4560 0.0109 -0.1565 0 -30 0 0
0.4460 0.0107 -0.1565 0 -30 0 0
0.4460 0.0107 -0.1565 0 -30 0 0
0.4460 0.0107 -0.1565 0 -30 0 0
0.4460 0.0107 -0.1565 0 -30 0 0
0.4460 0.0107 -0.1565 0 -30 0 0
0.4840 0.0106 -0.1548 0 -30 0 0
0.4840 0.0106 -0.1548 0 -30 0 0
0.4840 0.0106 -0.1548 0 -30 0 0
0.4480 0.0108 -0.1543 0 -30 0 0
0.4480 0.0108 -0.1543 0 -30 0 0
0.4480 0.0108 -0.1543 0 -30 0 0
0.4540 0.0112 -0.1532 0 -30 0 0
0.4540 0.0112 -0.1532 0 -30 0 0
0.4540 0.0112 -0.1532 0 -30 0 0
0.4540 0.0112 -0.1532 0 -30 0 0
0.4540 0.0112 -0.1532 0 -30 0 0
0.4520 0.0114 -0.1533 0 -30 0 0
0.4520 0.0114 -0.1533 0 -30 0 0
0.4520 0.0114 -0.1533 0 -30 0 0
0.4520 0.0114 -0.1533 0 -30 0 0
0.4520 0.0114 -0.1533 0 -30 0 0
0.4520 0.0114 -0.1533 0 -30 0 0
0.4520 0.0114 -0.1533 0 -30 0 0
0.4520 0.0114 -0.1533 0 -30 0 0
0.4520 0.0113 -0.1503 0 -30 0 0
0.4440 0.0113 -0.1497 0 -30 0 0
0.4440 0.0113 -0.1497 0 -30 0 0
0.4340 0.0105 -0.1490 0 -30 0 0
0.4340 0.0105 -0.1490 0 -30 0 0
0.4340 0.0101 -0.1484 0 -30 0 0
0.4340 0.0101 -0.1484 0 -30 0 0
0.4340 0.0101 -0.1484 0 -30 0 0
0.4340 0.0101 -0.1484 0 -30 0 0
0.4340 0.0101 -0.1484 0 -30 0 0
0.4440 0.0100 -0.1494 0 -30 0 0
0.4440 0.0100 -0.1494 0 -30 0 0
0.4440 0.0100 -0.1494 0 -30 0 0
0.4440 0.0100 -0.1494 0 -30 0 0
0.4440 0.0100 -0.1493 0 -30 0 0
0.4700 0.0100 -0.1493 0 -30 0 0
0.4700 0.0101 -0.1497 0 -30 0 0
0.4620 0.0101 -0.1497 0 -30 0 0
0.4620 0.0101 -0.1497 0 -30 0 0
0.4620 0.0101 -0.1497 0 -30 0 0
0.4620 0.0101 -0.1497 0 -30 0 0
0.4460 0.0101 -0.1497 0 -30 0 0
0.4460 0.0101 -0.1497 0 -30 0 0
0.4460 0.0101 -0.1497 0 -30 0 0
0.4460 0.0101 -0.1497 0 -30 0 0
0.4400 0.0102 -0.1494 0 -30 0 0
0.4400 0.0102 -0.1494 0 -30 0 0
0.4720 0.0101 -0.1492 0 -30 0 0
0.4720 0.0101 -0.1492 0 -30 0 0
0.4720 0.0101 -0.1492 0 -30 0 0
0.4720 0.0101 -0.1492 0 -30 0 0
0.4720 0.0101 -0.1492 0 -30 0 0
0.4520 0.0104 -0.1483 0 -30 0 0
0.4520 0.0104 -0.1483 0 -30 0 0
0.4520 0.0104 -0.1483 0 -30 0 0
0.4520 0.0104 -0.1483 0 -30 0 0
0.4520 0.0104 -0.1483 0 -30 0 0
0.4700 0.0109 -0.1484 0 -30 0 0
0.4700 0.0109 -0.1484 0 -30 0 0
0.4580 0.0114 -0.1479 0 -30 0 0
0.4580 0.0114 -0.1479 0 -30 0 0
0.4580 0.0114 -0.1479 0 -30 0 0
0.4580 0.0114 -0.1479 0 -30 0 0
0.4580 0.0114 -0.1479 0 -30 0 0
0.4300 0.0122 -0.1473 0 -30 0 0
0.4300 0.0122 -0.1473 0 -30 0 0
0.4300 0.0122 -0.1473 0 -30 0 0
0.4300 0.0122 -0.1473 0 -30 0 0
0.4620 0.0124 -0.1472 0 -30 0 0
0.4620 0.0126 -0.1473 0 -30 0 0
0.4400 0.0126 -0.1473 0 -30 0 0
0.4400 0.0126 -0.1473 0 -30 0 0
0.4400 0.0126 -0.1473 0 -30 0 0
0.4400 0.0126 -0.1473 0 -30 0 0
0.4680 0.0130 -0.1470 0 -30 0 0
0.4680 0.0130 -0.1470 0 -30 0 0
0.4680 0.0130 -0.1470 0 -30 0 0
0.4680 0.0130 -0.1470 0 -30 0 0
0.4420 0.0133 -0.1507 0 -30 0 0
0.4420 0.0133 -0.1507 0 -30 0 0
0.4520 0.0137 -0.1501 0 -30 0 0
0.4520 0.0137 -0.1501 0 -30 0 0
0.4520 0.0137 -0.1501 0 -30 0 0
0.4520 0.0137 -0.1501 0 -30 0 0
0.4520 0.0137 -0.1501 0 -30 0 0
0.4520 0.0138 -0.1510 0 -30 0 0
0.4520 0.0138 -0.1510 0 -30 0 0
0.4520 0.0138 -0.1510 0 -30 0 0
0.4520 0.0138 -0.1510 0 -30 0 0
0.4420 0.0135 -0.1512 0 -30 0 0
0.4420 0.0135 -0.1512 0 -30 0 0
0.4420 0.0127 -0.1534 0 -30 0 0
0.4520 0.0127 -0.1534 0 -30 0 0
0.4520 0.0127 -0.1534 0 -30 0 0
0.4520 0.0127 -0.1534 0 -30 0 0
0.4520 0.0127 -0.1534 0 -30 0 0
0.4540 0.0115 -0.1537 0 -30 0 0
0.4540 0.0115 -0.1537 0 -30 0 0
0.4540 0.0115 -0.1537 0 -30 0 0
0.4540 0.0115 -0.1537 0 -30 0 0
0.4560 0.0109 -0.1533 0 -30 0 0
0.4560 0.0109 -0.1533 0 -30 0 0
0.4560 0.0104 -0.1532 0 -30 0 0
0.4560 0.0104 -0.1532 0 -30 0 0
0.4560 0.0104 -0.1532 0 -30 0 0
0.4560 0.0104 -0.1532 0 -30 0 0
0.4560 0.0105 -0.1533 0 -30 0 0
0.4400 0.0105 -0.1533 0 -30 0 0
0.4400 0.0105 -0.1533 0 -30 0 0
0.4400 0.0105 -0.1533 0 -30 0 0
0.4480 0.0111 -0.1517 0 -30 0 0
0.4480 0.0111 -0.1517 0 -30 0 0
0.4480 0.0111 -0.1517 0 -30 0 0
0.4460 0.0120 -0.1512 0 -30 0 0
0.4460 0.0120 -0.1512 0 -30 0 0
0.4460 0.0120 -0.1512 0 -30 0 0
0.4460 0.0120 -0.1512 0 -30 0 0
0.4460 0.0120 -0.1512 0 -30 0 0
0.4460 0.0126 -0.1523 0 -30 0 0
0.4460 0.0126 -0.1523 0 -30 0 0
0.4460 0.0126 -0.1523 0 -30 0 0
0.4460 0.0126 -0.1523 0 -30 0 0
0.4460 0.0126 -0.1523 0 -30 0 0
0.4460 0.0126 -0.1523 0 -30 0 0
0.4460 0.0126 -0.1523 0 -30 0 0
0.4460 0.0126 -0.1523 0 -30 0 0
0.4460 0.0126 -0.1523 0 -30 0 0
0.4460 0.0126 -0.1523 0 -30 0 0
0.4520 0.0128 -0.1536 0 -30 0 0
0.4460 0.0126 -0.1516 0 -30 0 0
0.4400 0.0126 -0.1516 0 -30 0 0
0.4400 0.0126 -0.1516 0 -30 0 0
0.4400 0.0126 -0.1516 0 -30 0 0
0.4200 0.0124 -0.1510 0 -30 0 0
0.4200 0.0124 -0.1510 0 -30 0 0
0.4200 0.0124 -0.1510 0 -30 0 0
0.4200 0.0124 -0.1510 0 -30 0 0
0.4200 0.0124 -0.1510 0 -30 0 0
0.4300 0.0123 -0.1500 0 -30 0 0
0.4300 0.0123 -0.1500 0 -30 0 0
0.4300 0.0123 -0.1500 0 -30 0 0
0.4080 0.0121 -0.1498 0 -30 0 0
0.4080 0.0121 -0.1498 0 -30 0 0
0.4360 0.0118 -0.1490 0 -30 0 0
0.4580 0.0115 -0.1486 0 -30 0 0
0.4580 0.0115 -0.1486 0 -30 0 0
0.4580 0.0115 -0.1486 0 -30 0 0
0.4580 0.0115 -0.1486 0 -30 0 0
0.4580 0.0115 -0.1486 0 -30 0 0
0.4580 0.0113 -0.1476 0 -30 0 0
0.4420 0.0113 -0.1476 0 -30 0 0
0.4420 0.0113 -0.1476 0 -30 0 0
0.4420 0.0113 -0.1476 0 -30 0 0
0.4420 0.0113 -0.1476 0 -30 0 0
0.4380 0.0112 -0.1473 0 -30 0 0
0.4380 0.0112 -0.1473 0 -30 0 0
0.4540 0.0113 -0.1474 0 -30 0 0
0.4540 0.0113 -0.1474 0 -30 0 0
0.4540 0.0113 -0.1474 0 -30 0 0
0.4540 0.0113 -0.1474 0 -30 0 0
0.4540 0.0113 -0.1474 0 -30 0 0
0.4280 0.0113 -0.1474 0 -30 0 0
0.4280 0.0113 -0.1474 0 -30 0 0
0.4280 0.0113 -0.1474 0 -30 0 0
0.4600 0.0113 -0.1434 0 -30 0 0
0.4600 0.0113 -0.1434 0 -30 0 0
0.4400 0.0114 -0.1442 0 -30 0 0
0.4400 0.0114 -0.1442 0 -30 0 0
0.4400 0.0114 -0.1442 0 -30 0 0
0.4400 0.0114 -0.1442 0 -30 0 0
0.4440 0.0115 -0.1462 0 -30 0 0
0.4440 0.0115 -0.1462 0 -30 0 0
0.4440 0.0115 -0.1462 0 -30 0 0
0.4440 0.0115 -0.1462 0 -30 0 0
0.4440 0.0115 -0.1477 0 -30 0 0
0.4440 0.0115 -0.1477 0 -30 0 0
0.4440 0.0115 -0.1477 0 -30 0 0
0.4360 0.0117 -0.1484 0 -30 0 0
0.4360 0.0117 -0.1484 0 -30 0 0
0.4360 0.0117 -0.1484 0 -30 0 0
0.4360 0.0117 -0.1484 0 -30 0 0
0.4360 0.0121 -0.1479 0 -30 0 0
0.4460 0.0121 -0.1479 0 -30 0 0
0.4460 0.0121 -0.1479 0 -30 0 0
0.4460 0.0121 -0.1479 0 -30 0 0
0.4460 0.0121 -0.1479 0 -30 0 0
0.4460 0.0121 -0.1479 0 -30 0 0
0.4460 0.0121 -0.1479 0 -30 0 0
0.4460 0.0121 -0.1479 0 -30 0 0
0.4360 0.0126 -0.1515 0 -30 0 0
0.4360 0.0126 -0.1515 0 -30 0 0
0.4540 0.0131 -0.1521 0 -30 0 0
0.4600 0.0132 -0.1508 0 -30 0 0
0.4600 0.0132 -0.1508 0 -30 0 0
0.4600 0.0132 -0.1508 0 -30 0 0
0.4540 0.0131 -0.1513 0 -30 0 0
0.4540 0.0131 -0.1513 0 -30 0 0
0.4540 0.0131 -0.1513 0 -30 0 0
0.4540 0.0131 -0.1513 0 -30 0 0
0.4540 0.0131 -0.1513 0 -30 0 0
0.4540 0.0131 -0.1513 0 -30 0 0
0.4540 0.0131 -0.1513 0 -30 0 0
0.4540 0.0131 -0.1513 0 -30 0 0
0.4540 0.0131 -0.1513 0 -30 0 0
0.4440 0.0130 -0.1510 0 -30 0 0
0.4600 0.0127 -0.1523 0 -30 0 0
0.4300 0.0121 -0.1519 0 -30 0 0
0.4300 0.0121 -0.1519 0 -30 0 0
0.4560 0.0115 -0.1506 0 -30 0 0
0.4560 0.0115 -0.1506 0 -30 0 0
0.4560 0.0115 -0.1506 0 -30 0 0
0.4560 0.0115 -0.1506 0 -30 0 0
0.4340 0.0112 -0.1510 0 -30 0 0
0.4340 0.0112 -0.1510 0 -30 0 0
0.4340 0.0112 -0.1510 0 -30 0 0
0.4600 0.0113 -0.1515 0 -30 0 0
0.4600 0.0113 -0.1515 0 -30 0 0
0.4600 0.0113 -0.1515 0 -30 0 0
0.4600 0.0113 -0.1515 0 -30 0 0
0.4500 0.0111 -0.1525 0 -30 0 0
0.4500 0.0111 -0.1525 0 -30 0 0
0.4500 0.0111 -0.1525 0 -30 0 0
0.4500 0.0111 -0.1525 0 -30 0 0
0.4500 0.0111 -0.1525 0 -30 0 0
0.4500 0.0111 -0.1525 0 -30 0 0
0.4500 0.0111 -0.1525 0 -30 0 0
0.4500 0.0111 -0.1525 0 -30 0 0
0.4500 0.0111 -0.1525 0 -30 0 0
0.4500 0.0111 -0.1525 0 -30 0 0
0.4660 0.0110 -0.1533 0 -30 0 0
0.4460 0.0108 -0.1531 0 -30 0 0
0.4560 0.0104 -0.1539 0 -30 0 0
0.4560 0.0104 -0.1539 0 -30 0 0
0.4560 0.0104 -0.1539 0 -30 0 0
0.4440 0.0102 -0.1533 0 -30 0 0
0.4440 0.0102 -0.1533 0 -30 0 0
0.4440 0.0102 -0.1533 0 -30 0 0
0.4460 0.0101 -0.1549 0 -30 0 0
0.4460 0.0101 -0.1549 0 -30 0 0
0.4460 0.0101 -0.1549 0 -30 0 0
0.4680 0.0106 -0.1569 0 -30 0 0
0.4680 0.0106 -0.1569 0 -30 0 0
0.4680 0.0106 -0.1569 0 -30 0 0
0.4680 0.0107 -0.1549 0 -30 0 0
0.4300 0.0107 -0.1549 0 -30 0 0
0.4300 0.0107 -0.1549 0 -30 0 0
0.4300 0.0107 -0.1549 0 -30 0 0
0.4300 0.0107 -0.1549 0 -30 0 0
0.4460 0.0109 -0.1550 0 -30 0 0
0.4460 0.0109 -0.1550 0 -30 0 0
0.4460 0.0109 -0.1550 0 -30 0 0
0.4400 0.0108 -0.1551 0 -30 0 0
0.4400 0.0108 -0.1551 0 -30 0 0
0.4400 0.0108 -0.1551 0 -30 0 0
0.4400 0.0108 -0.1551 0 -30 0 0
0.4420 0.0109 -0.1557 0 -30 0 0
0.4420 0.0109 -0.1557 0 0 0 0
0.4520 0.0081 -0.1678 0 0 0 30
0.4520 0.0083 -0.1736 0 0 0 30
0.4720 0.0083 -0.1736 0 0 0 30
0.4620 0.0081 -0.1777 0 0 0 30
0.4820 0.0079 -0.1771 0 0 0 30
0.4640 0.0077 -0.1757 0 0 0 30
0.4640 0.0077 -0.1757 0 0 0 30
0.4640 0.0077 -0.1757 0 0 0 30
0.4560 0.0083 -0.1744 0 0 0 30
0.4500 0.0090 -0.1724 0 0 0 0
0.4480 0.0090 -0.1724 0 0 0 30
0.4620 0.0090 -0.1696 0 0 0 30
0.4780 0.0088 -0.1666 0 0 0 30
0.4780 0.0088 -0.1666 0 0 0 30
0.4500 0.0085 -0.1647 0 0 0 30
0.4500 0.0085 -0.1647 0 0 0 30
0.4500 0.0085 -0.1647 0 0 0 30
0.4480 0.0085 -0.1653 0 0 0 30
0.4480 0.0085 -0.1653 0 0 0 30
0.4480 0.0085 -0.1653 0 0 0 30
0.4480 0.0085 -0.1653 0 0 0 30
0.4480 0.0086 -0.1671 0 0 0 30
0.4380 0.0086 -0.1671 0 0 0 30
0.4380 0.0086 -0.1671 0 0 0 30
0.4380 0.0086 -0.1671 0 0 0 30
0.4540 0.0084 -0.1651 0 0 0 30
0.4540 0.0084 -0.1651 0 0 0 30
0.4780 0.0079 -0.1630 0 0 0 30
0.4780 0.0079 -0.1630 0 0 0 30
0.4780 0.0079 -0.1630 0 0 0 30
0.4780 0.0079 -0.1630 0 0 0 30
0.4780 0.0079 -0.1630 0 0 0 30
0.4660 0.0076 -0.1609 0 0 0 30
0.4660 0.0076 -0.1609 0 0 0 30
0.4660 0.0076 -0.1609 0 0 0 30
0.4660 0.0075 -0.1568 0 0 0 30
0.4640 0.0075 -0.1568 0 0 0 30
0.4640 0.0075 -0.1568 0 0 0 30
0.4460 0.0078 -0.1563 0 0 0 30
0.4460 0.0078 -0.1563 0 0 0 30
0.4460 0.0078 -0.1563 0 0 0 30
0.4460 0.0078 -0.1563 0 0 0 30
0.4460 0.0078 -0.1563 0 0 0 30
0.4440 0.0084 -0.1540 0 0 0 30
0.4440 0.0084 -0.1540 0 0 0 30
0.4440 0.0084 -0.1540 0 0 0 30
0.4440 0.0084 -0.1540 0 0 0 30
0.4620 0.0086 -0.1518 0 0 0 30
0.4620 0.0086 -0.1518 0 0 0 30
0.4580 0.0084 -0.1509 0 0 0 30
0.4580 0.0084 -0.1509 0 0 0 30
0.4580 0.0084 -0.1509 0 0 0 30
0.4580 0.0084 -0.1509 0 0 0 30
0.4580 0.0076 -0.1440 0 0 0 30
0.4580 0.0076 -0.1440 0 0 0 30
0.4580 0.0076 -0.1440 0 0 0 30
0.4580 0.0076 -0.1440 0 0 0 30
0.4600 0.0069 -0.1353 0 0 0 30
0.4600 0.0069 -0.1353 0 0 0 30
0.4640 0.0065 -0.1345 0 0 0 30
0.4640 0.0065 -0.1345 0 0 0 30
0.4640 0.0065 -0.1345 0 0 0 30
0.4640 0.0065 -0.1345 0 0 0 30
0.4640 0.0065 -0.1345 0 0 0 30
0.4600 0.0065 -0.1312 0 0 0 30
0.4600 0.0065 -0.1312 0 0 0 30
0.4600 0.0065 -0.1312 0 0 0 30
0.4600 0.0065 -0.1312 0 0 0 30
0.4600 0.0065 -0.1312 0 0 0 30
0.4540 0.0068 -0.1272 0 0 0 30
0.4400 0.0069 -0.1219 0 0 0 30
0.4400 0.0069 -0.1219 0 0 0 30
0.4400 0.0069 -0.1219 0 0 0 30
0.4400 0.0069 -0.1219 0 0 0 30
0.4400 0.0069 -0.1219 0 0 0 30
0.4560 0.0073 -0.1191 0 0 0 30
0.4560 0.0073 -0.1191 0 0 0 30
0.4560 0.0073 -0.1191 0 0 0 30
0.4780 0.0076 -0.1175 0 0 0 30
0.4780 0.0076 -0.1175 0 0 0 30
0.4700 0.0083 -0.1170 0 0 0 30
0.4700 0.0083 -0.1170 0 0 0 30
0.4700 0.0083 -0.1170 0 0 0 30
0.4700 0.0083 -0.1170 0 0 0 30
0.4500 0.0093 -0.1152 0 0 0 30
0.4500 0.0093 -0.1152 0 0 0 30
0.4500 0.0093 -0.1152 0 0 0 30
0.4500 0.0093 -0.1152 0 0 0 30
0.4500 0.0093 -0.1152 0 0 0 30
0.4500 0.0093 -0.1152 0 0 0 30
0.4500 0.0093 -0.1152 0 0 0 30
0.4500 0.0093 -0.1152 0 0 0 30
0.4500 0.0093 -0.1152 0 0 0 30
0.4500 0.0093 -0.1152 0 0 0 30
0.4500 0.0093 -0.1152 0 0 0 30
0.4880 0.0103 -0.1128 0 0 0 30
0.4620 0.0112 -0.1130 0 0 0 30
0.4580 0.0118 -0.1108 0 0 0 30
0.4580 0.0118 -0.1108 0 0 0 30
0.4660 0.0119 -0.1062 0 0 0 30
0.4660 0.0119 -0.1062 0 0 0 30
0.4700 0.0118 -0.1046 0 0 0 30
0.4700 0.0118 -0.1046 0 0 0 30
0.4700 0.0118 -0.1046 0 0 0 30
0.4700 0.0118 -0.1046 0 0 0 0
0.4340 0.0118 -0.1017 0 0 0 30
0.4440 0.0112 -0.0971 0 0 0 30
0.4400 0.0112 -0.0971 0 0 0 30
0.4440 0.0110 -0.0946 0 0 0 30
0.4360 0.0109 -0.0942 0 0 0 30
0.4520 0.0112 -0.0925 0 0 0 30
0.4660 0.0124 -0.0897 0 0 0 0
0.4560 0.0108 -0.0824 0 0 0 30
0.4500 0.0108 -0.0824 0 0 0 30
0.4580 0.0099 -0.0785 0 0 0 30
0.4480 0.0095 -0.0750 0 0 0 30
0.4480 0.0095 -0.0750 0 0 0 30
0.4480 0.0095 -0.0750 0 0 0 30
0.4560 0.0094 -0.0725 0 0 0 0
0.4500 0.0105 -0.0744 0 0 0 30
0.4720 0.0112 -0.0752 0 0 0 30
0.4560 0.0111 -0.0723 0 0 0 30
0.4560 0.0111 -0.0723 0 0 0 30
0.4700 0.0102 -0.0683 0 0 0 30
0.4700 0.0102 -0.0683 0 0 0 0
0.4820 0.0099 -0.0702 0 0 0 30
0.4600 0.0100 -0.0739 0 0 0 30
0.4500 0.0105 -0.0739 0 0 0 30
0.4420 0.0103 -0.0719 0 0 0 30
0.4420 0.0103 -0.0719 0 0 0 30
0.4420 0.0103 -0.0719 0 0 0 30
0.4420 0.0103 -0.0719 0 0 0 30
0.4560 0.0101 -0.0749 0 0 0 0
0.4360 0.0107 -0.0732 0 0 0 30
0.4600 0.0112 -0.0731 0 0 0 30
0.4700 0.0113 -0.0729 0 0 0 30
0.4700 0.0113 -0.0729 0 0 0 30
0.4700 0.0113 -0.0729 0 0 0 30
0.4580 0.0104 -0.0673 0 0 0 0
0.4620 0.0102 -0.0674 0 0 0 30
0.4600 0.0109 -0.0656 0 0 0 30
0.4600 0.0109 -0.0605 0 0 0 30
0.4580 0.0108 -0.0591 0 0 0 30
0.4580 0.0108 -0.0591 0 0 0 30
0.4580 0.0108 -0.0591 0 0 0 30
0.4480 0.0114 -0.0584 0 0 0 0
0.4280 0.0132 -0.0574 0 0 0 30
0.4220 0.0132 -0.0574 0 0 0 30
0.4200 0.0129 -0.0602 0 0 0 30
0.4300 0.0119 -0.0586 0 0 0 30
0.4320 0.0118 -0.0617 0 0 0 30
0.4540 0.0116 -0.0716 0 0 0 30
0.4540 0.0115 -0.0720 0 0 0 0
0.4400 0.0134 -0.3487 0 0 0 -30
0.4320 0.0134 -0.3464 0 0 0 -30
0.4320 0.0123 -0.3439 0 0 0 -30
0.4540 0.0115 -0.3464 0 0 0 -30
0.4520 0.0108 -0.3593 0 0 0 -30
0.4480 0.0106 -0.3595 0 0 0 -30
0.4480 0.0104 -0.3698 0 0 0 -30
0.4480 0.0104 -0.3698 0 0 0 -30
0.4620 0.0101 -0.3680 0 0 0 0
0.4620 0.0101 -0.3747 0 0 0 -30
0.4480 0.0108 -0.3796 0 0 0 -30
0.4480 0.0108 -0.3796 0 0 0 -30
0.4540 0.0113 -0.3804 0 0 0 0
0.4660 0.0105 -0.3809 0 0 0 -30
0.4660 0.0096 -0.3804 0 0 0 -30
0.4620 0.0097 -0.3775 0 0 0 -30
0.4620 0.0097 -0.3775 0 0 0 -30
0.4620 0.0097 -0.3775 0 0 0 -30
0.4340 0.0105 -0.3739 0 0 0 -30
0.4340 0.0105 -0.3739 0 0 0 -30
0.4340 0.0105 -0.3739 0 0 0 0
0.4580 0.0108 -0.3716 0 0 0 -30
0.4400 0.0109 -0.3732 0 0 0 -30
0.4440 0.0113 -0.3792 0 0 0 -30
0.4680 0.0113 -0.3792 0 0 0 -30
0.4680 0.0113 -0.3792 0 0 0 -30
0.4460 0.0119 -0.3812 0 0 0 -30
0.4460 0.0119 -0.3812 0 0 0 -30
0.4460 0.0119 -0.3812 0 0 0 -30
0.4460 0.0119 -0.3812 0 0 0 0
0.4460 0.0125 0.0060 0 0 0 -30
0.4460 0.0120 0.0049 0 0 0 -30
0.4460 0.0117 0.0063 0 0 0 -30
0.4420 0.0120 0.0083 0 0 0 -30
0.4540 0.0132 0.0112 0 0 0 -30
0.4540 0.0132 0.0112 0 0 0 0
0.4460 0.0115 0.0103 0 0 0 -30
0.4520 0.0107 0.0083 0 0 0 -30
0.4500 0.0099 0.0065 0 0 0 -30
0.4500 0.0099 0.0088 0 0 0 -30
0.4520 0.0102 0.0093 0 0 0 0
0.4440 0.0114 0.0096 0 0 0 -30
0.4420 0.0114 0.0098 0 0 0 -30
0.4520 0.0113 0.0099 0 0 0 -30
0.4620 0.0112 0.0114 0 0 0 -30
0.4540 0.0108 0.0119 0 0 0 -30
0.4840 0.0091 0.0133 0 0 0 0
0.4440 0.0098 0.0103 0 0 0 -30
0.4420 0.0088 0.0102 0 0 0 -30
0.4420 0.0088 0.0102 0 0 0 -30
0.4500 0.0081 0.0084 0 0 0 -30
0.4540 0.0082 0.0074 0 0 0 -30
0.4320 0.0093 0.0047 0 0 0 -30
0.4520 0.0096 0.0045 0 0 0 0
0.4440 0.0097 0.0043 0 0 0 -30
0.4580 0.0097 0.0046 0 0 0 -30
0.4580 0.0097 0.0046 0 0 0 -30
0.4580 0.0097 0.0046 0 0 0 -30
0.4600 0.0100 0.0053 0 0 0 -30
0.4600 0.0100 0.0053 0 0 0 -30
0.4600 0.0100 0.0053 0 0 0 -30
0.4600 0.0100 0.0053 0 0 0 -30
0.4560 0.0099 0.0049 0 0 0 0
0.4500 0.0096 0.0043 0 0 0 -30
0.4660 0.0095 0.0013 0 0 0 -30
0.4620 0.0101 -0.0018 0 0 0 -30
0.4620 0.0101 -0.0018 0 0 0 -30
0.4580 0.0108 -0.0047 0 0 0 -30
0.4580 0.0108 -0.0047 0 0 0 -30
0.4580 0.0108 -0.0047 0 0 0 0
0.4700 0.0118 -0.0048 0 0 0 -30
0.4640 0.0114 -0.0071 0 0 0 -30
0.4640 0.0114 -0.0071 0 0 0 -30
0.4640 0.0114 -0.0071 0 0 0 -30
0.4640 0.0114 -0.0071 0 0 0 0
0.4500 0.0122 -0.0140 0 0 0 -30
0.4560 0.0117 -0.0162 0 0 0 -30
0.4640 0.0116 -0.0178 0 0 0 -30
0.4540 0.0114 -0.0182 0 0 0 -30
0.4500 0.0098 -0.0157 0 0 0 -30
0.4440 0.0100 -0.0140 0 0 0 -30
0.4440 0.0100 -0.0140 0 0 0 0
