0.4600 -0.3765 -0.0001 0 0 -10 0
0.4420 -0.3770 0.0098 0 0 -10 0
0.4660 -0.3770 0.0100 0 0 -10 0
0.4500 -0.3771 0.0104 0 0 -10 0
0.4500 -0.3771 0.0104 0 0 -10 0
0.4460 -0.3770 0.0093 0 0 -10 0
0.4420 -0.3765 0.0095 0 0 -10 0
0.4560 -0.3757 0.0105 0 0 -10 0
0.4300 -0.3755 0.0082 0 0 -10 0
0.4300 -0.3755 0.0082 0 0 -10 0
0.4280 -0.3747 0.0076 0 0 -10 0
0.4100 -0.3740 0.0071 0 0 -10 0
0.4120 -0.3737 0.0067 0 0 -10 0
0.4240 -0.3738 0.0059 0 0 -10 0
0.4200 -0.3740 0.0054 0 0 -10 0
0.4300 -0.3725 0.0059 0 0 -10 0
0.4320 -0.3718 0.0063 0 0 -10 0
0.4580 -0.3713 0.0056 0 0 -10 0
0.4580 -0.3713 0.0056 0 0 -10 0
0.4440 -0.3712 0.0032 0 0 -10 0
0.4460 -0.3711 0.0038 0 0 -10 0
0.4460 -0.3710 0.0059 0 0 -10 0
0.4440 -0.3710 0.0059 0 0 -10 0
0.4460 -0.3705 0.0061 0 0 -10 0
0.4180 -0.3697 0.0052 0 0 -10 0
0.4380 -0.3689 0.0042 0 0 -10 0
0.4380 -0.3687 0.0042 0 0 -10 0
0.4200 -0.3686 0.0032 0 0 -10 0
0.4120 -0.3690 0.0030 0 0 -10 0
0.4120 -0.3690 0.0030 0 0 -10 0
0.4360 -0.3685 0.0032 0 0 -10 0
0.4400 -0.3672 0.0008 0 0 -10 0
0.4440 -0.3665 0.0009 0 0 -10 0
0.4480 -0.3658 0.0010 0 0 -10 0
0.4480 -0.3658 0.0010 0 0 -10 0
0.4340 -0.3650 0.0004 0 0 -10 0
0.4280 -0.3647 0.0003 0 0 -10 0
0.4040 -0.3646 0.0003 0 0 -10 0
0.4420 -0.3643 0.0022 0 0 -10 0
0.4400 -0.3636 0.0025 0 0 -10 0
0.4480 -0.3619 0.0046 0 0 -10 0
0.4480 -0.3619 0.0046 0 0 -10 0
0.4460 -0.3616 0.0063 0 0 -10 0
0.4460 -0.3619 0.0064 0 0 -10 0
0.4300 -0.3621 0.0059 0 0 -10 0
0.4620 -0.3623 0.0060 0 0 -10 0
0.4580 -0.3619 0.0047 0 0 -10 0
0.4580 -0.3619 0.0047 0 0 -10 0
0.4340 -0.3604 0.0063 0 0 -10 0
0.4420 -0.3596 0.0105 0 0 -10 0
0.4380 -0.3592 0.0110 0 0 -10 0
0.4380 -0.3592 0.0110 0 0 -10 0
0.4400 -0.3590 0.0107 0 0 -10 0
0.4440 -0.3588 0.0111 0 0 -10 0
0.4440 -0.3588 0.0111 0 0 -10 0
0.4440 -0.3579 0.0115 0 0 -10 0
0.4460 -0.3577 0.0114 0 0 -10 0
0.4360 -0.3576 0.0112 0 0 -10 0
0.4360 -0.3574 0.0106 0 0 -10 0
0.4460 -0.3574 0.0099 0 0 -10 0
0.4480 -0.3567 0.0095 0 0 -10 0
0.4480 -0.3567 0.0095 0 0 -10 0
0.4620 -0.3557 0.0080 0 0 -10 0
0.4480 -0.3554 0.0076 0 0 -10 0
0.4300 -0.3555 0.0073 0 0 -10 0
0.4300 -0.3555 0.0073 0 0 -10 0
0.4520 -0.3557 0.0075 0 0 -10 0
0.4520 -0.3557 0.0075 0 0 -10 0
0.4640 -0.3551 0.0072 0 0 -10 0
0.4540 -0.3543 0.0068 0 0 -10 0
0.4760 -0.3539 0.0069 0 0 -10 0
0.4480 -0.3533 0.0100 0 0 -10 0
0.4480 -0.3533 0.0100 0 0 -10 0
0.4420 -0.3529 0.0120 0 0 -10 0
0.4260 -0.3526 0.0128 0 0 -10 0
0.4400 -0.3526 0.0143 0 0 -10 0
0.4400 -0.3526 0.0143 0 0 -10 0
0.4540 -0.3513 0.0149 0 0 -10 0
0.4660 -0.3504 0.0139 0 0 -10 0
0.4660 -0.3504 0.0139 0 0 -10 0
0.4520 -0.3492 0.0171 0 0 -10 0
0.4640 -0.3489 0.0174 0 0 -10 0
0.4560 -0.3482 0.0164 0 0 -10 0
0.4560 -0.3482 0.0164 0 0 -10 0
0.4480 -0.3474 0.0178 0 0 -10 0
0.4540 -0.3475 0.0201 0 0 -10 0
0.4540 -0.3474 0.0179 0 0 -10 0
0.4280 -0.3469 0.0195 0 0 -10 0
0.4280 -0.3469 0.0195 0 0 -10 0
0.4660 -0.3465 0.0192 0 0 -10 0
0.4380 -0.3450 0.0177 0 0 -10 0
0.4380 -0.3446 0.0157 0 0 -10 0
0.4380 -0.3446 0.0157 0 0 -10 0
0.4320 -0.3437 0.0163 0 0 -10 0
0.4520 -0.3428 0.0157 0 0 -10 0
0.4560 -0.3420 0.0158 0 0 -10 0
0.4520 -0.3408 0.0179 0 0 -10 0
0.4540 -0.3408 0.0179 0 0 -10 0
0.4620 -0.3407 0.0174 0 0 -10 0
0.4660 -0.3407 0.0184 0 0 -10 0
0.4540 -0.3412 0.0178 0 0 -10 0
0.4540 -0.3412 0.0178 0 0 -10 0
0.4540 -0.3406 0.0189 0 0 -10 0
0.4600 -0.3406 0.0180 0 0 -10 0
0.4600 -0.3403 0.0174 0 0 -10 0
0.4540 -0.3395 0.0186 0 0 -10 0
0.4700 -0.3399 0.0171 0 0 -10 0
0.4700 -0.3399 0.0171 0 0 -10 0
0.4480 -0.3397 0.0228 0 0 -10 0
0.4580 -0.3389 0.0227 0 0 -10 0
0.4580 -0.3386 0.0217 0 0 -10 0
0.4580 -0.3386 0.0217 0 0 -10 0
0.4540 -0.3384 0.0204 0 0 -10 0
0.4480 -0.3382 0.0186 0 0 -10 0
0.4480 -0.3382 0.0186 0 0 -10 0
0.4300 -0.3382 0.0163 0 0 -10 0
0.4840 -0.3369 0.0167 0 0 -10 0
0.4680 -0.3358 0.0147 0 0 -10 0
0.4520 -0.3357 0.0133 0 0 -10 0
0.4540 -0.3352 0.0123 0 0 -10 0
0.4540 -0.3352 0.0123 0 0 -10 0
0.4500 -0.3348 0.0124 0 0 -10 0
0.4460 -0.3341 0.0109 0 0 -10 0
0.4760 -0.3336 0.0113 0 0 -10 0
0.4600 -0.3330 0.0106 0 0 -10 0
0.4640 -0.3323 0.0106 0 0 -10 0
0.4640 -0.3323 0.0106 0 0 -10 0
0.4540 -0.3318 0.0154 0 0 -10 0
0.4780 -0.3318 0.0149 0 0 -10 0
0.4660 -0.3316 0.0153 0 0 -10 0
0.4740 -0.3317 0.0166 0 0 -10 0
0.4360 -0.3318 0.0163 0 0 -10 0
0.4580 -0.3310 0.0163 0 0 -10 0
0.4580 -0.3310 0.0163 0 0 -10 0
0.4560 -0.3297 0.0141 0 0 -10 0
0.4840 -0.3295 0.0158 0 0 -10 0
0.4840 -0.3295 0.0158 0 0 -10 0
0.4660 -0.3286 0.0157 0 0 -10 0
0.4660 -0.3286 0.0157 0 0 -10 0
0.4540 -0.3277 0.0182 0 0 -10 0
0.4640 -0.3275 0.0215 0 0 -10 0
0.4580 -0.3280 0.0212 0 0 -10 0
0.4580 -0.3282 0.0213 0 0 -10 0
0.4580 -0.3282 0.0213 0 0 -10 0
0.4660 -0.3278 0.0220 0 0 -10 0
0.4640 -0.3273 0.0213 0 0 -10 0
0.4620 -0.3264 0.0208 0 0 -10 0
0.4620 -0.3256 0.0189 0 0 -10 0
0.4620 -0.3252 0.0169 0 0 -10 0
0.4620 -0.3252 0.0169 0 0 -10 0
0.4640 -0.3244 0.0180 0 0 -10 0
0.4640 -0.3244 0.0180 0 0 -10 0
0.4680 -0.3234 0.0176 0 0 -10 0
0.4560 -0.3225 0.0181 0 0 -10 0
0.4480 -0.3217 0.0185 0 0 -10 0
0.4460 -0.3212 0.0223 0 0 -10 0
0.4460 -0.3212 0.0223 0 0 -10 0
0.4500 -0.3206 0.0219 0 0 -10 0
0.4500 -0.3205 0.0196 0 0 -10 0
0.4500 -0.3198 0.0199 0 0 -10 0
0.4400 -0.3190 0.0200 0 0 -10 0
0.4420 -0.3179 0.0201 0 0 -10 0
0.4720 -0.3176 0.0175 0 0 -10 0
0.4720 -0.3173 0.0175 0 0 -10 0
0.4680 -0.3173 0.0175 0 0 -10 0
0.4400 -0.3168 0.0208 0 0 -10 0
0.4400 -0.3168 0.0226 0 0 -10 0
0.4300 -0.3168 0.0226 0 0 -10 0
0.4380 -0.3174 0.0231 0 0 -10 0
0.4460 -0.3172 0.0229 0 0 -10 0
0.4380 -0.3169 0.0208 0 0 -10 0
0.4400 -0.3157 0.0216 0 0 -10 0
0.4400 -0.3157 0.0216 0 0 -10 0
0.4400 -0.3157 0.0216 0 0 -10 0
0.4600 -0.3151 0.0236 0 0 -10 0
0.4560 -0.3148 0.0259 0 0 -10 0
0.4440 -0.3150 0.0252 0 0 -10 0
0.4440 -0.3146 0.0247 0 0 -10 0
0.4480 -0.3146 0.0247 0 0 -10 0
0.4440 -0.3142 0.0245 0 0 -10 0
0.4400 -0.3140 0.0231 0 0 -10 0
0.4600 -0.3137 0.0257 0 0 -10 0
0.4440 -0.3131 0.0248 0 0 -10 0
0.4580 -0.3128 0.0243 0 0 -10 0
0.4580 -0.3128 0.0243 0 0 -10 0
0.4320 -0.3126 0.0234 0 0 -10 0
0.4340 -0.3123 0.0223 0 0 -10 0
0.4560 -0.3116 0.0223 0 0 -10 0
0.4600 -0.3110 0.0227 0 0 -10 0
0.4420 -0.3105 0.0226 0 0 -10 0
0.4420 -0.3105 0.0226 0 0 -10 0
0.4320 -0.3101 0.0219 0 0 -10 0
0.4460 -0.3099 0.0172 0 0 -10 0
0.4500 -0.3099 0.0163 0 0 -10 0
0.4500 -0.3098 0.0153 0 0 -10 0
0.4380 -0.3089 0.0161 0 0 -10 0
0.4380 -0.3082 0.0154 0 0 -10 0
0.4600 -0.3077 0.0150 0 0 -10 0
0.4440 -0.3076 0.0146 0 0 -10 0
0.4640 -0.3071 0.0146 0 0 -10 0
0.4640 -0.3071 0.0146 0 0 -10 0
0.4420 -0.3069 0.0136 0 0 -10 0
0.4520 -0.3067 0.0139 0 0 -10 0
0.4420 -0.3064 0.0133 0 0 -10 0
0.4420 -0.3064 0.0133 0 0 -10 0
0.4260 -0.3063 0.0098 0 0 -10 0
0.4460 -0.3058 0.0088 0 0 -10 0
0.4640 -0.3055 0.0079 0 0 -10 0
0.4340 -0.3054 0.0067 0 0 -10 0
0.4140 -0.3052 0.0075 0 0 -10 0
0.4260 -0.3050 0.0081 0 0 -10 0
0.4260 -0.3050 0.0081 0 0 -10 0
0.4540 -0.3049 0.0077 0 0 -10 0
0.4320 -0.3046 0.0035 0 0 -10 0
0.4380 -0.3040 0.0006 0 0 -10 0
0.4580 -0.3035 0.0047 0 0 -10 0
0.4580 -0.3026 0.0025 0 0 -10 0
0.4320 -0.3020 -0.0022 0 0 -10 0
0.4540 -0.3011 -0.0004 0 0 -10 0
0.4440 -0.3003 0.0008 0 0 -10 0
0.4540 -0.2996 0.0002 0 0 -10 0
0.4340 -0.2997 -0.0003 0 0 -10 0
0.4300 -0.2996 -0.0001 0 0 -10 0
0.4400 -0.2996 -0.0007 0 0 -10 0
0.4420 -0.2999 -0.0007 0 0 -10 0
0.4340 -0.2998 -0.0011 0 0 -10 0
0.4340 -0.2998 -0.0011 0 0 -10 0
0.4340 -0.2992 -0.0012 0 0 -10 0
0.4360 -0.2978 -0.0019 0 0 -10 0
0.4400 -0.2971 -0.0018 0 0 -10 0
0.4360 -0.2967 -0.0013 0 0 -10 0
0.4360 -0.2967 -0.0013 0 0 -10 0
0.4420 -0.2965 0.0008 0 0 -10 0
0.4480 -0.2958 0.0014 0 0 -10 0
0.4400 -0.2956 0.0019 0 0 -10 0
0.4400 -0.2956 0.0019 0 0 -10 0
0.4520 -0.2958 0.0041 0 0 -10 0
0.4520 -0.2958 0.0041 0 0 -10 0
0.4340 -0.2954 0.0040 0 0 -10 0
0.4320 -0.2948 0.0005 0 0 -10 0
0.4400 -0.2936 0.0009 0 0 -10 0
0.4500 -0.2927 0.0008 0 0 -10 0
0.4560 -0.2921 0.0010 0 0 -10 0
0.4560 -0.2918 0.0014 0 0 -10 0
0.4560 -0.2912 0.0034 0 0 -10 0
0.4640 -0.2912 0.0034 0 0 -10 0
0.4440 -0.2903 0.0055 0 0 -10 0
0.4460 -0.2896 0.0053 0 0 -10 0
0.4380 -0.2897 0.0058 0 0 -10 0
0.4480 -0.2897 0.0057 0 0 -10 0
0.4480 -0.2897 0.0057 0 0 -10 0
0.4380 -0.2889 0.0047 0 0 -10 0
0.4440 -0.2883 0.0047 0 0 -10 0
0.4640 -0.2879 0.0054 0 0 -10 0
0.4700 -0.2879 0.0039 0 0 -10 0
0.4700 -0.2879 0.0039 0 0 -10 0
0.4460 -0.2878 0.0018 0 0 -10 0
0.4460 -0.2878 0.0018 0 0 -10 0
0.4480 -0.2869 -0.0004 0 0 -10 0
0.4580 -0.2866 -0.0003 0 0 -10 0
0.4760 -0.2860 -0.0002 0 0 -10 0
0.4740 -0.2857 0.0030 0 0 -10 0
0.4740 -0.2857 0.0030 0 0 -10 0
0.4580 -0.2853 0.0051 0 0 -10 0
0.4580 -0.2853 0.0051 0 0 -10 0
0.4460 -0.2843 0.0048 0 0 -10 0
0.4600 -0.2839 0.0060 0 0 -10 0
0.4580 -0.2835 0.0063 0 0 -10 0
0.4580 -0.2835 0.0063 0 0 -10 0
0.4620 -0.2830 0.0054 0 0 -10 0
0.4600 -0.2819 0.0061 0 0 -10 0
0.4540 -0.2813 0.0065 0 0 -10 0
0.4620 -0.2813 0.0061 0 0 -10 0
0.4560 -0.2806 0.0058 0 0 -10 0
0.4560 -0.2806 0.0058 0 0 -10 0
0.4480 -0.2799 0.0057 0 0 -10 0
0.4600 -0.2795 0.0058 0 0 -10 0
0.4480 -0.2790 0.0045 0 0 -10 0
0.4580 -0.2792 0.0042 0 0 -10 0
0.4580 -0.2790 0.0040 0 0 -10 0
0.4460 -0.2790 0.0062 0 0 -10 0
0.4460 -0.2790 0.0062 0 0 -10 0
0.4360 -0.2783 0.0065 0 0 -10 0
0.4380 -0.2772 0.0063 0 0 -10 0
0.4400 -0.2768 0.0055 0 0 -10 0
0.4520 -0.2758 0.0029 0 0 -10 0
0.4520 -0.2758 0.0029 0 0 -10 0
0.4620 -0.2750 0.0010 0 0 -10 0
0.4620 -0.2750 0.0010 0 0 -10 0
0.4520 -0.2748 -0.0006 0 0 -10 0
0.4500 -0.2742 -0.0004 0 0 -10 0
0.4660 -0.2740 -0.0001 0 0 -10 0
0.4440 -0.2735 -0.0008 0 0 -10 0
0.4440 -0.2735 -0.0008 0 0 -10 0
0.4460 -0.2726 -0.0014 0 0 -10 0
0.4460 -0.2726 -0.0014 0 0 -10 0
0.4460 -0.2717 -0.0034 0 0 -10 0
0.4620 -0.2713 -0.0023 0 0 -10 0
0.4620 -0.2713 -0.0023 0 0 -10 0
0.4720 -0.2706 -0.0025 0 0 -10 0
0.4500 -0.2703 -0.0020 0 0 -10 0
0.4440 -0.2696 -0.0013 0 0 -10 0
0.4540 -0.2694 -0.0016 0 0 -10 0
0.4540 -0.2694 -0.0016 0 0 -10 0
0.4580 -0.2695 -0.0018 0 0 -10 0
0.4640 -0.2691 -0.0019 0 0 -10 0
0.4780 -0.2691 -0.0033 0 0 -10 0
0.4400 -0.2688 -0.0034 0 0 -10 0
0.4440 -0.2687 -0.0027 0 0 -10 0
0.4440 -0.2687 -0.0027 0 0 -10 0
0.4440 -0.2687 -0.0027 0 0 -10 0
0.4680 -0.2682 -0.0023 0 0 -10 0
0.4600 -0.2681 -0.0021 0 0 -10 0
0.4580 -0.2678 -0.0018 0 0 -10 0
0.4560 -0.2680 -0.0014 0 0 -10 0
0.4560 -0.2680 -0.0014 0 0 -10 0
0.4480 -0.2675 -0.0008 0 0 -10 0
0.4820 -0.2668 -0.0004 0 0 -10 0
0.4460 -0.2665 0.0007 0 0 -10 0
0.4540 -0.2660 0.0000 0 0 -10 0
0.4580 -0.2654 0.0007 0 0 -10 0
0.4580 -0.2654 0.0007 0 0 -10 0
0.4580 -0.2651 0.0016 0 0 -10 0
0.4540 -0.2644 0.0028 0 0 -10 0
0.4760 -0.2639 0.0046 0 0 -10 0
0.4640 -0.2629 0.0055 0 0 -10 0
0.4620 -0.2625 0.0058 0 0 -10 0
0.4740 -0.2621 0.0062 0 0 -10 0
0.4720 -0.2625 0.0028 0 0 -10 0
0.4720 -0.2625 0.0028 0 0 -10 0
0.4680 -0.2622 0.0028 0 0 -10 0
0.4600 -0.2619 0.0065 0 0 -10 0
0.4680 -0.2613 0.0068 0 0 -10 0
0.4700 -0.2607 0.0068 0 0 -10 0
0.4640 -0.2605 0.0073 0 0 -10 0
0.4540 -0.2602 0.0103 0 0 -10 0
0.4540 -0.2602 0.0103 0 0 -10 0
0.4660 -0.2601 0.0075 0 0 -10 0
0.4680 -0.2595 0.0125 0 0 -10 0
0.4740 -0.2589 0.0134 0 0 -10 0
0.4740 -0.2589 0.0134 0 0 -10 0
0.4800 -0.2586 0.0096 0 0 -10 0
0.4560 -0.2584 0.0090 0 0 -10 0
0.4620 -0.2579 0.0107 0 0 -10 0
0.4880 -0.2578 0.0100 0 0 -10 0
0.4740 -0.2578 0.0092 0 0 -10 0
0.4820 -0.2572 0.0085 0 0 -10 0
0.4780 -0.2566 0.0122 0 0 -10 0
0.4800 -0.2563 0.0114 0 0 -10 0
0.4780 -0.2561 0.0112 0 0 -10 0
0.4780 -0.2561 0.0112 0 0 -10 0
0.4780 -0.2558 0.0093 0 0 -10 0
0.4860 -0.2555 0.0092 0 0 -10 0
0.4860 -0.2555 0.0092 0 0 -10 0
0.4780 -0.2548 0.0105 0 0 -10 0
0.4880 -0.2542 0.0104 0 0 -10 0
0.4940 -0.2537 0.0081 0 0 -10 0
0.4940 -0.2529 0.0079 0 0 -10 0
0.4980 -0.2522 0.0091 0 0 -10 0
0.4980 -0.2520 0.0094 0 0 -10 0
0.4980 -0.2520 0.0094 0 0 -10 0
0.4940 -0.2520 0.0047 0 0 -10 0
0.4760 -0.2516 0.0044 0 0 -10 0
0.4920 -0.2512 0.0057 0 0 -10 0
0.4920 -0.2506 0.0052 0 0 -10 0
0.4760 -0.2506 0.0052 0 0 -10 0
0.4740 -0.2502 0.0044 0 0 -10 0
0.4700 -0.2497 0.0047 0 0 -10 0
0.4860 -0.2490 0.0044 0 0 -10 0
0.4720 -0.2486 0.0011 0 0 -10 0
0.4800 -0.2481 0.0023 0 0 -10 0
0.4800 -0.2481 0.0023 0 0 -10 0
0.4880 -0.2478 -0.0002 0 0 -10 0
0.4880 -0.2478 -0.0002 0 0 -10 0
0.4880 -0.2479 0.0023 0 0 -10 0
0.4780 -0.2475 0.0017 0 0 -10 0
0.4920 -0.2467 0.0032 0 0 -10 0
0.4880 -0.2463 0.0032 0 0 -10 0
0.4880 -0.2463 0.0032 0 0 -10 0
0.4800 -0.2462 0.0040 0 0 -10 0
0.4800 -0.2457 0.0037 0 0 -10 0
0.4760 -0.2451 0.0064 0 0 -10 0
0.4900 -0.2445 0.0062 0 0 -10 0
0.4720 -0.2444 0.0066 0 0 -10 0
0.4620 -0.2438 0.0053 0 0 -10 0
0.4740 -0.2436 0.0076 0 0 -10 0
0.4720 -0.2433 0.0090 0 0 -10 0
0.4700 -0.2428 0.0093 0 0 -10 0
0.4700 -0.2422 0.0109 0 0 -10 0
0.4740 -0.2417 0.0105 0 0 -10 0
0.4760 -0.2418 0.0097 0 0 -10 0
0.4760 -0.2418 0.0097 0 0 -10 0
0.4820 -0.2416 0.0130 0 0 -10 0
0.4820 -0.2416 0.0130 0 0 -10 0
0.4720 -0.2412 0.0127 0 0 -10 0
0.4820 -0.2402 0.0120 0 0 -10 0
0.4760 -0.2395 0.0120 0 0 -10 0
0.4800 -0.2392 0.0117 0 0 -10 0
0.4800 -0.2392 0.0117 0 0 -10 0
0.4720 -0.2387 0.0093 0 0 -10 0
0.4760 -0.2383 0.0102 0 0 -10 0
0.4740 -0.2378 0.0114 0 0 -10 0
0.4660 -0.2375 0.0111 0 0 -10 0
0.4780 -0.2373 0.0106 0 0 -10 0
0.4780 -0.2373 0.0106 0 0 -10 0
0.4720 -0.2367 0.0126 0 0 -10 0
0.4720 -0.2361 0.0141 0 0 -10 0
0.4580 -0.2355 0.0128 0 0 -10 0
0.4780 -0.2347 0.0113 0 0 -10 0
0.5020 -0.2345 0.0110 0 0 -10 0
0.4960 -0.2339 0.0105 0 0 -10 0
0.4960 -0.2339 0.0105 0 0 -10 0
0.4940 -0.2334 0.0099 0 0 -10 0
0.4760 -0.2331 0.0097 0 0 -10 0
0.4900 -0.2329 0.0096 0 0 -10 0
0.4900 -0.2329 0.0096 0 0 -10 0
0.4820 -0.2327 0.0120 0 0 -10 0
0.4800 -0.2327 0.0111 0 0 -10 0
0.4680 -0.2326 0.0109 0 0 -10 0
0.4980 -0.2323 0.0121 0 0 -10 0
0.4700 -0.2317 0.0118 0 0 -10 0
0.4740 -0.2312 0.0128 0 0 -10 0
0.4820 -0.2308 0.0127 0 0 -10 0
0.4800 -0.2299 0.0120 0 0 -10 0
0.4660 -0.2294 0.0119 0 0 -10 0
0.4660 -0.2294 0.0119 0 0 -10 0
0.4840 -0.2291 0.0111 0 0 -10 0
0.4760 -0.2292 0.0108 0 0 -10 0
0.4740 -0.2291 0.0093 0 0 -10 0
0.4780 -0.2283 0.0089 0 0 -10 0
0.4780 -0.2283 0.0089 0 0 -10 0
0.4720 -0.2270 0.0076 0 0 -10 0
0.4720 -0.2270 0.0076 0 0 -10 0
0.4840 -0.2262 0.0073 0 0 -10 0
0.4840 -0.2259 0.0049 0 0 -10 0
0.4960 -0.2257 0.0039 0 0 -10 0
0.4900 -0.2251 0.0041 0 0 -10 0
0.4840 -0.2237 0.0069 0 0 -10 0
0.4840 -0.2230 0.0064 0 0 -10 0
0.4800 -0.2230 0.0064 0 0 -10 0
0.4800 -0.2229 0.0078 0 0 -10 0
0.4720 -0.2229 0.0089 0 0 -10 0
0.4860 -0.2226 0.0073 0 0 -10 0
0.4860 -0.2223 0.0071 0 0 -10 0
0.4860 -0.2217 0.0127 0 0 -10 0
0.4860 -0.2217 0.0127 0 0 -10 0
0.4960 -0.2211 0.0116 0 0 -10 0
0.4680 -0.2207 0.0116 0 0 -10 0
0.4740 -0.2205 0.0120 0 0 -10 0
0.4740 -0.2204 0.0123 0 0 -10 0
0.5060 -0.2201 0.0084 0 0 -10 0
0.5060 -0.2201 0.0084 0 0 -10 0
0.4880 -0.2197 0.0100 0 0 -10 0
0.4720 -0.2193 0.0101 0 0 -10 0
0.4760 -0.2185 0.0105 0 0 -10 0
0.4940 -0.2176 0.0106 0 0 -10 0
0.4840 -0.2170 0.0109 0 0 -10 0
0.4900 -0.2174 0.0110 0 0 -10 0
0.4900 -0.2174 0.0110 0 0 -10 0
0.4780 -0.2172 0.0063 0 0 -10 0
0.4840 -0.2169 0.0067 0 0 -10 0
0.4720 -0.2168 0.0072 0 0 -10 0
0.4820 -0.2168 0.0067 0 0 -10 0
0.4720 -0.2166 0.0074 0 0 -10 0
0.4720 -0.2166 0.0074 0 0 -10 0
0.4760 -0.2166 0.0076 0 0 -10 0
0.4820 -0.2159 0.0069 0 0 -10 0
0.4740 -0.2152 0.0054 0 0 -10 0
0.4720 -0.2146 0.0060 0 0 -10 0
0.4640 -0.2140 0.0067 0 0 -10 0
0.4820 -0.2142 0.0053 0 0 -10 0
0.4700 -0.2143 0.0032 0 0 -10 0
0.4700 -0.2143 0.0032 0 0 -10 0
0.4900 -0.2142 0.0041 0 0 -10 0
0.4820 -0.2131 0.0051 0 0 -10 0
0.4720 -0.2125 0.0054 0 0 -10 0
0.4920 -0.2117 0.0051 0 0 -10 0
0.4920 -0.2117 0.0051 0 0 -10 0
0.4900 -0.2111 0.0027 0 0 -10 0
0.4680 -0.2106 0.0033 0 0 -10 0
0.4700 -0.2104 0.0036 0 0 -10 0
0.4640 -0.2104 0.0037 0 0 -10 0
0.4640 -0.2103 0.0035 0 0 -10 0
0.4660 -0.2101 0.0032 0 0 -10 0
0.4660 -0.2101 0.0032 0 0 -10 0
0.4800 -0.2097 0.0048 0 0 -10 0
0.4940 -0.2096 0.0045 0 0 -10 0
0.4840 -0.2097 0.0045 0 0 -10 0
0.4640 -0.2094 0.0046 0 0 -10 0
0.5060 -0.2085 0.0052 0 0 -10 0
0.5060 -0.2075 0.0032 0 0 -10 0
0.4820 -0.2075 0.0032 0 0 -10 0
0.4800 -0.2070 0.0023 0 0 -10 0
0.5080 -0.2067 0.0030 0 0 -10 0
0.4720 -0.2067 0.0033 0 0 -10 0
0.4920 -0.2070 0.0020 0 0 -10 0
0.4920 -0.2070 0.0020 0 0 -10 0
0.4900 -0.2071 0.0022 0 0 -10 0
0.4820 -0.2069 0.0029 0 0 -10 0
0.4760 -0.2062 0.0029 0 0 -10 0
0.5060 -0.2048 0.0027 0 0 -10 0
0.5060 -0.2048 0.0027 0 0 -10 0
0.4660 -0.2044 0.0039 0 0 -10 0
0.4820 -0.2041 0.0040 0 0 -10 0
0.4960 -0.2037 0.0031 0 0 -10 0
0.4940 -0.2036 0.0024 0 0 -10 0
0.5060 -0.2033 0.0027 0 0 -10 0
0.4920 -0.2028 0.0022 0 0 -10 0
0.4920 -0.2028 0.0022 0 0 -10 0
0.4820 -0.2028 0.0019 0 0 -10 0
0.4840 -0.2025 0.0036 0 0 -10 0
0.4860 -0.2023 0.0036 0 0 -10 0
0.4860 -0.2023 0.0036 0 0 -10 0
0.4700 -0.2022 0.0031 0 0 -10 0
0.4820 -0.2017 0.0031 0 0 -10 0
0.4980 -0.2009 0.0058 0 0 -10 0
0.5160 -0.1999 0.0058 0 0 -10 0
0.4920 -0.1991 0.0033 0 0 -10 0
0.4900 -0.1991 0.0033 0 0 -10 0
0.4980 -0.1992 0.0058 0 0 -10 0
0.4940 -0.1987 0.0064 0 0 -10 0
0.5100 -0.1983 0.0055 0 0 -10 0
0.5020 -0.1983 0.0089 0 0 -10 0
0.5020 -0.1983 0.0089 0 0 -10 0
0.4900 -0.1983 0.0084 0 0 -10 0
0.4820 -0.1980 0.0075 0 0 -10 0
0.4960 -0.1971 0.0079 0 0 -10 0
0.4920 -0.1961 0.0081 0 0 -10 0
0.5040 -0.1952 0.0070 0 0 -10 0
0.5040 -0.1952 0.0070 0 0 -10 0
0.4880 -0.1947 0.0068 0 0 -10 0
0.4660 -0.1943 0.0067 0 0 -10 0
0.4820 -0.1939 0.0070 0 0 -10 0
0.4780 -0.1935 0.0034 0 0 -10 0
0.5060 -0.1931 0.0013 0 0 -10 0
0.5040 -0.1924 0.0038 0 0 -10 0
0.5040 -0.1924 0.0038 0 0 -10 0
0.5120 -0.1921 0.0041 0 0 -10 0
0.4700 -0.1920 0.0042 0 0 -10 0
0.4760 -0.1915 0.0043 0 0 -10 0
0.4860 -0.1913 0.0071 0 0 -10 0
0.4940 -0.1908 0.0073 0 0 -10 0
0.4940 -0.1902 0.0077 0 0 -10 0
0.4940 -0.1902 0.0077 0 0 -10 0
0.4960 -0.1896 0.0118 0 0 -10 0
0.5040 -0.1893 0.0118 0 0 -10 0
0.5080 -0.1891 0.0125 0 0 -10 0
0.5080 -0.1891 0.0125 0 0 -10 0
0.4680 -0.1884 0.0160 0 0 -10 0
0.4680 -0.1884 0.0160 0 0 -10 0
0.4860 -0.1881 0.0158 0 0 -10 0
0.4840 -0.1876 0.0130 0 0 -10 0
0.4920 -0.1868 0.0126 0 0 -10 0
0.4960 -0.1863 0.0092 0 0 -10 0
0.4960 -0.1863 0.0092 0 0 -10 0
0.5020 -0.1860 0.0084 0 0 -10 0
0.4860 -0.1861 0.0081 0 0 -10 0
0.4860 -0.1861 0.0081 0 0 -10 0
0.4800 -0.1850 0.0051 0 0 -10 0
0.4800 -0.1850 0.0051 0 0 -10 0
0.5060 -0.1839 0.0035 0 0 -10 0
0.4720 -0.1832 0.0033 0 0 -10 0
0.4860 -0.1832 0.0035 0 0 -10 0
0.4900 -0.1829 0.0014 0 0 -10 0
0.4980 -0.1829 0.0019 0 0 -10 0
0.4980 -0.1827 0.0038 0 0 -10 0
0.5040 -0.1827 0.0038 0 0 -10 0
0.4620 -0.1823 0.0041 0 0 -10 0
0.4900 -0.1818 0.0044 0 0 -10 0
0.5040 -0.1819 0.0070 0 0 -10 0
0.5020 -0.1818 0.0073 0 0 -10 0
0.4900 -0.1807 0.0078 0 0 -10 0
0.5100 -0.1807 0.0078 0 0 -10 0
0.5100 -0.1792 0.0060 0 0 -10 0
0.4820 -0.1782 0.0058 0 0 -10 0
0.4920 -0.1777 0.0042 0 0 -10 0
0.4920 -0.1777 0.0042 0 0 -10 0
0.4740 -0.1779 0.0044 0 0 -10 0
0.4860 -0.1780 0.0053 0 0 -10 0
0.4780 -0.1778 0.0058 0 0 -10 0
0.4780 -0.1778 0.0058 0 0 -10 0
0.4960 -0.1772 0.0039 0 0 -10 0
0.4820 -0.1760 0.0055 0 0 -10 0
0.4820 -0.1760 0.0055 0 0 -10 0
0.4940 -0.1752 0.0056 0 0 -10 0
0.5080 -0.1752 0.0076 0 0 -10 0
0.5060 -0.1752 0.0082 0 0 -10 0
0.5060 -0.1752 0.0082 0 0 -10 0
0.4900 -0.1747 0.0104 0 0 -10 0
0.4840 -0.1741 0.0107 0 0 -10 0
0.4900 -0.1738 0.0092 0 0 -10 0
0.5040 -0.1735 0.0108 0 0 -10 0
0.5240 -0.1731 0.0115 0 0 -10 0
0.5020 -0.1733 0.0099 0 0 -10 0
0.5060 -0.1727 0.0099 0 0 -10 0
0.5060 -0.1727 0.0099 0 0 -10 0
0.5120 -0.1719 0.0101 0 0 -10 0
0.5120 -0.1719 0.0101 0 0 -10 0
0.5220 -0.1711 0.0075 0 0 -10 0
0.5220 -0.1704 0.0076 0 0 -10 0
0.5200 -0.1700 0.0080 0 0 -10 0
0.4840 -0.1703 0.0041 0 0 -10 0
0.4840 -0.1703 0.0041 0 0 -10 0
0.5160 -0.1703 0.0055 0 0 -10 0
0.5160 -0.1703 0.0055 0 0 -10 0
0.5120 -0.1698 0.0057 0 0 -10 0
0.5420 -0.1696 0.0054 0 0 -10 0
0.5360 -0.1693 0.0050 0 0 -10 0
0.5360 -0.1693 0.0050 0 0 -10 0
0.5380 -0.1684 0.0049 0 0 -10 0
0.5240 -0.1681 0.0033 0 0 -10 0
0.5240 -0.1681 0.0033 0 0 -10 0
0.5180 -0.1680 0.0030 0 0 -10 0
0.5420 -0.1674 0.0022 0 0 -10 0
0.5180 -0.1663 0.0015 0 0 -10 0
0.5180 -0.1663 0.0015 0 0 -10 0
0.5140 -0.1655 0.0023 0 0 -10 0
0.5180 -0.1651 0.0008 0 0 -10 0
0.5020 -0.1649 0.0002 0 0 -10 0
0.5120 -0.1643 0.0054 0 0 -10 0
0.5160 -0.1635 0.0051 0 0 -10 0
0.5140 -0.1632 0.0060 0 0 -10 0
0.5200 -0.1624 0.0048 0 0 -10 0
0.5200 -0.1624 0.0048 0 0 -10 0
0.5080 -0.1625 0.0038 0 0 -10 0
0.5320 -0.1624 0.0031 0 0 -10 0
0.5340 -0.1624 0.0062 0 0 -10 0
0.5200 -0.1621 0.0071 0 0 -10 0
0.5380 -0.1612 0.0065 0 0 -10 0
0.5360 -0.1603 0.0072 0 0 -10 0
0.5200 -0.1597 0.0075 0 0 -10 0
0.5280 -0.1589 0.0051 0 0 -10 0
0.5280 -0.1589 0.0051 0 0 -10 0
0.5140 -0.1585 0.0056 0 0 -10 0
0.5340 -0.1580 0.0056 0 0 -10 0
0.5320 -0.1577 0.0042 0 0 -10 0
0.5080 -0.1578 0.0044 0 0 -10 0
0.5080 -0.1578 0.0044 0 0 -10 0
0.5180 -0.1579 0.0038 0 0 -10 0
0.5120 -0.1571 0.0037 0 0 -10 0
0.5280 -0.1565 0.0018 0 0 -10 0
0.5320 -0.1555 0.0028 0 0 -10 0
0.5320 -0.1552 0.0033 0 0 -10 0
0.5300 -0.1552 0.0033 0 0 -10 0
0.5420 -0.1556 0.0033 0 0 -10 0
0.5380 -0.1560 0.0034 0 0 -10 0
0.5380 -0.1556 0.0031 0 0 -10 0
0.5340 -0.1548 0.0044 0 0 -10 0
0.5520 -0.1535 0.0042 0 0 -10 0
0.5520 -0.1535 0.0042 0 0 -10 0
0.5500 -0.1527 0.0040 0 0 -10 0
0.5140 -0.1527 0.0036 0 0 -10 0
0.5200 -0.1534 0.0065 0 0 -10 0
0.5360 -0.1533 0.0055 0 0 -10 0
0.5360 -0.1533 0.0055 0 0 -10 0
0.5500 -0.1523 0.0064 0 0 -10 0
0.5320 -0.1513 0.0063 0 0 -10 0
0.5460 -0.1507 0.0053 0 0 -10 0
0.5260 -0.1499 0.0055 0 0 -10 0
0.5420 -0.1499 0.0049 0 0 -10 0
0.5420 -0.1499 0.0049 0 0 -10 0
0.5340 -0.1498 0.0046 0 0 -10 0
0.5380 -0.1496 0.0043 0 0 -10 0
0.5420 -0.1493 0.0061 0 0 -10 0
0.5020 -0.1488 0.0064 0 0 -10 0
0.5400 -0.1484 0.0080 0 0 -10 0
0.5540 -0.1485 0.0076 0 0 -10 0
0.5540 -0.1485 0.0076 0 0 -10 0
0.5340 -0.1482 0.0068 0 0 -10 0
0.5380 -0.1478 0.0069 0 0 -10 0
0.5320 -0.1471 -0.0012 0 0 -10 0
0.5320 -0.1465 -0.0015 0 0 -10 0
0.5420 -0.1463 -0.0011 0 0 -10 0
0.5420 -0.1463 -0.0011 0 0 -10 0
0.5400 -0.1459 -0.0009 0 0 -10 0
0.5460 -0.1455 0.0001 0 0 -10 0
0.5420 -0.1452 0.0018 0 0 -10 0
0.5420 -0.1452 0.0018 0 0 -10 0
0.5440 -0.1450 0.0016 0 0 -10 0
0.5300 -0.1444 0.0024 0 0 -10 0
0.5300 -0.1444 0.0024 0 0 -10 0
0.5580 -0.1444 0.0022 0 0 -10 0
0.5240 -0.1438 0.0003 0 0 -10 0
0.5420 -0.1426 -0.0001 0 0 -10 0
0.5420 -0.1426 -0.0001 0 0 -10 0
0.5440 -0.1414 0.0016 0 0 -10 0
0.5380 -0.1404 0.0019 0 0 -10 0
0.5640 -0.1399 0.0034 0 0 -10 0
0.5640 -0.1399 0.0034 0 0 -10 0
0.5360 -0.1398 0.0051 0 0 -10 0
0.5360 -0.1398 0.0051 0 0 -10 0
0.5360 -0.1398 0.0045 0 0 -10 0
0.5380 -0.1397 0.0043 0 0 -10 0
0.5440 -0.1394 0.0043 0 0 -10 0
0.5340 -0.1388 0.0045 0 0 -10 0
0.5440 -0.1384 0.0007 0 0 -10 0
0.5460 -0.1383 0.0004 0 0 -10 0
0.5560 -0.1383 0.0011 0 0 -10 0
0.5560 -0.1383 0.0011 0 0 -10 0
0.5440 -0.1377 0.0012 0 0 -10 0
0.5540 -0.1368 0.0008 0 0 -10 0
0.5520 -0.1362 0.0019 0 0 -10 0
0.5540 -0.1356 0.0024 0 0 -10 0
0.5520 -0.1353 0.0032 0 0 -10 0
0.5500 -0.1347 0.0028 0 0 -10 0
0.5440 -0.1337 0.0039 0 0 -10 0
0.5380 -0.1333 0.0017 0 0 -10 0
0.5380 -0.1333 0.0017 0 0 -10 0
0.5280 -0.1327 0.0023 0 0 -10 0
0.5500 -0.1321 0.0017 0 0 -10 0
0.5520 -0.1319 0.0021 0 0 -10 0
0.5480 -0.1318 0.0038 0 0 -10 0
0.5400 -0.1312 0.0033 0 0 -10 0
0.5380 -0.1307 0.0039 0 0 -10 0
0.5380 -0.1307 0.0039 0 0 -10 0
0.5800 -0.1300 0.0044 0 0 -10 0
0.5500 -0.1301 0.0044 0 0 -10 0
0.5640 -0.1305 0.0033 0 0 -10 0
0.5640 -0.1304 0.0048 0 0 -10 0
0.5380 -0.1303 0.0051 0 0 -10 0
0.5380 -0.1303 0.0051 0 0 -10 0
0.5620 -0.1291 0.0051 0 0 -10 0
0.5500 -0.1285 0.0027 0 0 -10 0
0.5580 -0.1286 0.0020 0 0 -10 0
0.5760 -0.1287 0.0004 0 0 -10 0
0.5760 -0.1287 0.0004 0 0 -10 0
0.5600 -0.1285 0.0043 0 0 -10 0
0.5600 -0.1285 0.0043 0 0 -10 0
0.5740 -0.1279 0.0045 0 0 -10 0
0.5560 -0.1273 0.0034 0 0 -10 0
0.5660 -0.1269 0.0029 0 0 -10 0
0.5500 -0.1261 0.0021 0 0 -10 0
0.5500 -0.1261 0.0021 0 0 -10 0
0.5740 -0.1251 0.0007 0 0 -10 0
0.5740 -0.1251 0.0007 0 0 -10 0
0.5680 -0.1246 0.0006 0 0 -10 0
0.5740 -0.1245 0.0019 0 0 -10 0
0.5620 -0.1241 0.0014 0 0 -10 0
0.5640 -0.1241 0.0011 0 0 -10 0
0.5640 -0.1241 0.0011 0 0 -10 0
0.5740 -0.1232 -0.0001 0 0 -10 0
0.5740 -0.1219 -0.0012 0 0 -10 0
0.5740 -0.1219 -0.0012 0 0 -10 0
0.5860 -0.1204 -0.0002 0 0 -10 0
0.5860 -0.1204 -0.0002 0 0 -10 0
0.5820 -0.1201 0.0003 0 0 -10 0
0.5640 -0.1198 0.0005 0 0 -10 0
0.5560 -0.1195 0.0011 0 0 -10 0
0.5880 -0.1184 0.0024 0 0 -10 0
0.5880 -0.1184 0.0024 0 0 -10 0
0.5820 -0.1174 0.0012 0 0 -10 0
0.5820 -0.1174 0.0012 0 0 -10 0
0.5780 -0.1172 0.0040 0 0 -10 0
0.5780 -0.1172 0.0040 0 0 -10 0
0.5680 -0.1162 0.0042 0 0 -10 0
0.5680 -0.1162 0.0042 0 0 -10 0
0.5900 -0.1157 0.0029 0 0 -10 0
0.5740 -0.1153 0.0029 0 0 -10 0
0.5620 -0.1153 0.0030 0 0 -10 0
0.5620 -0.1151 0.0025 0 0 -10 0
0.5620 -0.1146 0.0028 0 0 -10 0
0.5780 -0.1139 0.0042 0 0 -10 0
0.5780 -0.1139 0.0042 0 0 -10 0
0.5600 -0.1129 0.0041 0 0 -10 0
0.5980 -0.1123 0.0032 0 0 -10 0
0.5780 -0.1119 0.0034 0 0 -10 0
0.5800 -0.1110 0.0043 0 0 -10 0
0.5800 -0.1110 0.0043 0 0 0 0
0.6140 -0.1064 0.0069 0 0 -10 0
0.6100 -0.1053 0.0054 0 0 -10 0
0.6060 -0.1052 0.0042 0 0 -10 0
0.6040 -0.1055 0.0047 0 0 -10 0
0.6040 -0.1055 0.0047 0 0 -10 0
0.5960 -0.1054 0.0070 0 0 -10 0
0.5980 -0.1054 0.0077 0 0 -10 0
0.5880 -0.1056 0.0072 0 0 -10 0
0.5960 -0.1055 0.0072 0 0 -10 0
0.6000 -0.1056 0.0047 0 0 -10 0
0.6040 -0.1057 0.0048 0 0 -10 0
0.6040 -0.1057 0.0048 0 0 -10 0
0.5940 -0.1057 0.0100 0 0 -10 0
0.5860 -0.1057 0.0105 0 0 -10 0
0.6020 -0.1059 0.0127 0 0 -10 0
0.5860 -0.1060 0.0118 0 0 -10 0
0.5740 -0.1057 0.0114 0 0 -10 0
0.5980 -0.1051 0.0110 0 0 -10 0
0.5980 -0.1051 0.0110 0 0 -10 0
0.5940 -0.1047 0.0070 0 0 -10 0
0.6040 -0.1044 0.0090 0 0 -10 0
0.6180 -0.1038 0.0114 0 0 -10 0
0.5980 -0.1035 0.0109 0 0 -10 0
0.6080 -0.1031 0.0103 0 0 -10 0
0.6080 -0.1031 0.0103 0 0 -10 0
0.5960 -0.1023 0.0099 0 0 -10 0
0.5980 -0.1023 0.0088 0 0 -10 0
0.5880 -0.1021 0.0068 0 0 -10 0
0.6220 -0.1023 0.0050 0 0 -10 0
0.6020 -0.1020 0.0052 0 0 -10 0
0.6020 -0.1020 0.0052 0 0 -10 0
0.5940 -0.1011 0.0076 0 0 -10 0
0.5980 -0.1001 0.0060 0 0 -10 0
0.5960 -0.0996 0.0056 0 0 -10 0
0.6300 -0.0992 0.0063 0 0 -10 0
0.6060 -0.0996 0.0058 0 0 -10 0
0.6100 -0.0994 0.0036 0 0 -10 0
0.6180 -0.0989 0.0035 0 0 -10 0
0.6180 -0.0982 0.0038 0 0 -10 0
0.5900 -0.0979 0.0040 0 0 -10 0
0.5900 -0.0979 0.0040 0 0 -10 0
0.6020 -0.0978 0.0041 0 0 -10 0
0.5980 -0.0973 0.0045 0 0 -10 0
0.6060 -0.0969 0.0068 0 0 -10 0
0.5900 -0.0961 0.0072 0 0 -10 0
0.5900 -0.0961 0.0072 0 0 -10 0
0.5920 -0.0953 0.0084 0 0 -10 0
0.6100 -0.0951 0.0100 0 0 -10 0
0.6240 -0.0950 0.0098 0 0 -10 0
0.6140 -0.0945 0.0083 0 0 -10 0
0.6040 -0.0941 0.0100 0 0 -10 0
0.6040 -0.0941 0.0100 0 0 -10 0
0.6060 -0.0933 0.0103 0 0 -10 0
0.5980 -0.0930 0.0092 0 0 -10 0
0.6120 -0.0930 0.0092 0 0 -10 0
0.6120 -0.0930 0.0092 0 0 -10 0
0.6040 -0.0921 0.0089 0 0 -10 0
0.5880 -0.0918 0.0091 0 0 -10 0
0.5880 -0.0918 0.0091 0 0 -10 0
0.6060 -0.0918 0.0091 0 0 -10 0
0.6060 -0.0914 0.0093 0 0 -10 0
0.6160 -0.0911 0.0111 0 0 -10 0
0.6020 -0.0901 0.0134 0 0 -10 0
0.6020 -0.0901 0.0134 0 0 -10 0
0.6220 -0.0895 0.0182 0 0 -10 0
0.6080 -0.0888 0.0171 0 0 -10 0
0.6060 -0.0883 0.0173 0 0 -10 0
0.6100 -0.0880 0.0163 0 0 -10 0
0.6100 -0.0880 0.0163 0 0 -10 0
0.6140 -0.0874 0.0161 0 0 -10 0
0.6340 -0.0872 0.0164 0 0 -10 0
0.6320 -0.0867 0.0161 0 0 -10 0
0.6220 -0.0861 0.0142 0 0 -10 0
0.6400 -0.0858 0.0146 0 0 -10 0
0.6220 -0.0855 0.0129 0 0 -10 0
0.6220 -0.0855 0.0129 0 0 -10 0
0.6160 -0.0851 0.0121 0 0 -10 0
0.6300 -0.0841 0.0116 0 0 -10 0
0.6160 -0.0835 0.0133 0 0 -10 0
0.6320 -0.0827 0.0138 0 0 -10 0
0.6140 -0.0818 0.0130 0 0 -10 0
0.6140 -0.0818 0.0130 0 0 -10 0
0.6320 -0.0815 0.0080 0 0 -10 0
0.6320 -0.0815 0.0080 0 0 -10 0
0.6200 -0.0803 0.0083 0 0 -10 0
0.6360 -0.0795 0.0082 0 0 -10 0
0.6180 -0.0788 0.0070 0 0 -10 0
0.6180 -0.0788 0.0070 0 0 -10 0
0.6300 -0.0784 0.0052 0 0 -10 0
0.6300 -0.0784 0.0052 0 0 -10 0
0.6360 -0.0775 0.0017 0 0 -10 0
0.6260 -0.0767 0.0081 0 0 -10 0
0.6360 -0.0760 0.0179 0 0 -10 0
0.6360 -0.0760 0.0179 0 0 -10 0
0.6220 -0.0754 0.0179 0 0 -10 0
0.6380 -0.0750 0.0170 0 0 -10 0
0.6340 -0.0747 0.0161 0 0 -10 0
0.6500 -0.0745 0.0113 0 0 -10 0
0.6460 -0.0741 0.0116 0 0 -10 0
0.6460 -0.0741 0.0116 0 0 -10 0
0.5900 -0.0735 0.0115 0 0 -10 0
0.6460 -0.0730 0.0116 0 0 -10 0
0.6460 -0.0728 0.0104 0 0 -10 0
0.6360 -0.0722 0.0103 0 0 -10 0
0.6360 -0.0722 0.0103 0 0 -10 0
0.6380 -0.0717 0.0089 0 0 -10 0
0.6520 -0.0714 0.0086 0 0 -10 0
0.6420 -0.0709 0.0083 0 0 -10 0
0.6420 -0.0709 0.0083 0 0 -10 0
0.6520 -0.0704 0.0085 0 0 -10 0
0.6520 -0.0704 0.0085 0 0 -10 0
0.6660 -0.0700 0.0081 0 0 -10 0
0.6560 -0.0700 0.0075 0 0 -10 0
0.6640 -0.0700 0.0079 0 0 -10 0
0.6760 -0.0698 0.0076 0 0 -10 0
0.6640 -0.0692 0.0094 0 0 -10 0
0.6600 -0.0686 0.0105 0 0 -10 0
0.6860 -0.0678 0.0111 0 0 -10 0
0.6540 -0.0671 0.0111 0 0 -10 0
0.6720 -0.0670 0.0099 0 0 -10 0
0.6660 -0.0663 0.0087 0 0 -10 0
0.6660 -0.0663 0.0087 0 0 -10 0
0.6720 -0.0667 0.0134 0 0 -10 0
0.6480 -0.0667 0.0134 0 0 -10 0
0.6580 -0.0666 0.0136 0 0 -10 0
0.6860 -0.0662 0.0149 0 0 -10 0
0.6600 -0.0664 0.0154 0 0 -10 0
0.6660 -0.0662 0.0142 0 0 -10 0
0.6660 -0.0662 0.0142 0 0 -10 0
0.6640 -0.0660 0.0135 0 0 -10 0
0.6700 -0.0653 0.0145 0 0 -10 0
0.6780 -0.0644 0.0143 0 0 -10 0
0.6780 -0.0644 0.0143 0 0 -10 0
0.6900 -0.0631 0.0123 0 0 -10 0
0.6900 -0.0631 0.0123 0 0 -10 0
0.6560 -0.0622 0.0119 0 0 -10 0
0.6800 -0.0619 0.0121 0 0 -10 0
0.6640 -0.0611 0.0118 0 0 -10 0
0.6540 -0.0607 0.0119 0 0 -10 0
0.6680 -0.0603 0.0123 0 0 -10 0
0.6760 -0.0603 0.0108 0 0 -10 0
0.6820 -0.0600 0.0093 0 0 -10 0
0.6680 -0.0597 0.0102 0 0 -10 0
0.6900 -0.0596 0.0090 0 0 -10 0
0.6760 -0.0594 0.0085 0 0 -10 0
0.6900 -0.0590 0.0118 0 0 -10 0
0.6980 -0.0583 0.0146 0 0 -10 0
0.6980 -0.0583 0.0146 0 0 -10 0
0.6920 -0.0580 0.0136 0 0 -10 0
0.6900 -0.0576 0.0115 0 0 -10 0
0.6980 -0.0572 0.0113 0 0 -10 0
0.6980 -0.0566 0.0116 0 0 -10 0
0.7160 -0.0561 0.0111 0 0 -10 0
0.7000 -0.0554 0.0081 0 0 -10 0
0.7000 -0.0549 0.0082 0 0 -10 0
0.7000 -0.0549 0.0082 0 0 -10 0
0.7020 -0.0545 0.0089 0 0 -10 0
0.6980 -0.0545 0.0081 0 0 -10 0
0.6880 -0.0544 0.0082 0 0 -10 0
0.7000 -0.0540 0.0082 0 0 -10 0
0.7000 -0.0540 0.0082 0 0 -10 0
0.7120 -0.0532 0.0094 0 0 -10 0
0.7080 -0.0529 0.0092 0 0 -10 0
0.7000 -0.0525 0.0110 0 0 -10 0
0.7280 -0.0526 0.0111 0 0 -10 0
0.7300 -0.0531 0.0136 0 0 -10 0
0.7260 -0.0526 0.0141 0 0 -10 0
0.7260 -0.0526 0.0141 0 0 -10 0
0.7220 -0.0518 0.0161 0 0 -10 0
0.7100 -0.0514 0.0159 0 0 -10 0
0.7280 -0.0511 0.0141 0 0 -10 0
0.7300 -0.0510 0.0163 0 0 -10 0
0.7240 -0.0509 0.0180 0 0 -10 0
0.7340 -0.0507 0.0204 0 0 -10 0
0.7340 -0.0507 0.0204 0 0 -10 0
0.7540 -0.0496 0.0214 0 0 -10 0
0.7400 -0.0480 0.0202 0 0 -10 0
0.7420 -0.0473 0.0187 0 0 -10 0
0.7440 -0.0469 0.0181 0 0 -10 0
0.7440 -0.0469 0.0181 0 0 -10 0
0.7640 -0.0460 0.0150 0 0 -10 0
0.7400 -0.0455 0.0132 0 0 -10 0
0.7480 -0.0453 0.0126 0 0 -10 0
0.7600 -0.0454 0.0170 0 0 -10 0
0.7600 -0.0454 0.0170 0 0 -10 0
0.7660 -0.0451 0.0165 0 0 -10 0
0.7460 -0.0451 0.0169 0 0 -10 0
0.7300 -0.0447 0.0180 0 0 -10 0
0.7300 -0.0447 0.0180 0 0 -10 0
0.7280 -0.0433 0.0169 0 0 -10 0
0.7280 -0.0433 0.0169 0 0 -10 0
0.7260 -0.0432 0.0166 0 0 -10 0
0.7180 -0.0433 0.0189 0 0 -10 0
0.7440 -0.0429 0.0188 0 0 -10 0
0.7460 -0.0428 0.0149 0 0 0 0
0.7300 -0.0397 0.0166 0 0 0 -10
0.7360 -0.0383 0.0143 0 0 0 -10
0.7440 -0.0378 0.0166 0 0 0 -10
0.7440 -0.0378 0.0166 0 0 0 0
0.7360 -0.0369 -0.0029 0 0 0 -10
0.7240 -0.0376 -0.0025 0 0 0 -10
0.7440 -0.0376 -0.0021 0 0 0 -10
0.7440 -0.0375 -0.0015 0 0 0 0
0.7380 -0.0369 -0.0047 0 0 -10 0
0.7360 -0.0372 -0.0087 0 0 -10 0
0.7360 -0.0362 -0.0066 0 0 -10 0
0.7440 -0.0363 -0.0069 0 0 -10 0
0.7340 -0.0367 -0.0048 0 0 -10 0
0.7340 -0.0367 -0.0048 0 0 -10 0
0.7340 -0.0374 -0.0050 0 0 -10 0
0.7380 -0.0377 -0.0052 0 0 -10 0
0.7500 -0.0373 -0.0056 0 0 -10 0
0.7580 -0.0370 -0.0055 0 0 -10 0
0.7480 -0.0370 -0.0044 0 0 -10 0
0.7400 -0.0367 -0.0043 0 0 -10 0
0.7400 -0.0367 -0.0043 0 0 -10 0
0.7480 -0.0372 -0.0031 0 0 -10 0
0.7440 -0.0369 -0.0077 0 0 -10 0
0.7700 -0.0368 -0.0080 0 0 -10 0
0.7460 -0.0360 -0.0081 0 0 -10 0
0.7460 -0.0360 -0.0081 0 0 -10 0
0.7440 -0.0353 -0.0078 0 0 -10 0
0.7280 -0.0354 -0.0093 0 0 -10 0
0.7540 -0.0349 -0.0089 0 0 -10 0
0.7540 -0.0349 -0.0089 0 0 -10 0
0.7680 -0.0348 -0.0086 0 0 -10 0
0.7400 -0.0344 -0.0078 0 0 -10 0
0.7400 -0.0344 -0.0078 0 0 -10 0
0.7640 -0.0347 -0.0079 0 0 -10 0
0.7540 -0.0340 -0.0078 0 0 -10 0
0.7520 -0.0328 -0.0102 0 0 -10 0
0.7520 -0.0328 -0.0102 0 0 -10 0
0.7600 -0.0318 -0.0105 0 0 -10 0
0.7440 -0.0313 -0.0098 0 0 -10 0
0.7540 -0.0306 -0.0103 0 0 -10 0
0.7520 -0.0304 -0.0118 0 0 -10 0
0.7560 -0.0304 -0.0119 0 0 -10 0
0.7400 -0.0304 -0.0096 0 0 -10 0
0.7400 -0.0304 -0.0096 0 0 -10 0
0.7520 -0.0302 -0.0111 0 0 -10 0
0.7520 -0.0302 -0.0111 0 0 -10 0
0.7560 -0.0294 -0.0114 0 0 -10 0
0.7660 -0.0287 -0.0100 0 0 -10 0
0.7480 -0.0282 -0.0098 0 0 -10 0
0.7400 -0.0280 -0.0099 0 0 -10 0
0.7640 -0.0276 -0.0089 0 0 -10 0
0.7780 -0.0274 -0.0086 0 0 -10 0
0.7560 -0.0269 -0.0045 0 0 -10 0
0.7560 -0.0269 -0.0045 0 0 -10 0
0.7680 -0.0265 -0.0047 0 0 -10 0
0.7800 -0.0260 -0.0035 0 0 -10 0
0.7520 -0.0260 -0.0035 0 0 -10 0
0.7660 -0.0254 -0.0045 0 0 -10 0
0.7620 -0.0252 -0.0047 0 0 -10 0
0.7620 -0.0252 -0.0047 0 0 -10 0
0.7740 -0.0244 -0.0034 0 0 -10 0
0.7560 -0.0240 -0.0033 0 0 -10 0
0.7520 -0.0240 -0.0048 0 0 -10 0
0.7780 -0.0233 -0.0054 0 0 -10 0
0.7520 -0.0233 -0.0063 0 0 -10 0
0.7520 -0.0233 -0.0063 0 0 -10 0
0.7520 -0.0230 -0.0061 0 0 -10 0
0.7620 -0.0226 -0.0067 0 0 -10 0
0.7660 -0.0219 -0.0051 0 0 -10 0
0.7840 -0.0217 -0.0049 0 0 -10 0
0.7840 -0.0217 -0.0049 0 0 -10 0
0.7620 -0.0209 -0.0037 0 0 -10 0
0.7740 -0.0203 -0.0032 0 0 -10 0
0.7740 -0.0199 -0.0013 0 0 -10 0
0.7740 -0.0196 0.0010 0 0 -10 0
0.7680 -0.0196 0.0001 0 0 -10 0
0.7780 -0.0192 0.0008 0 0 -10 0
0.7660 -0.0182 0.0001 0 0 -10 0
0.7740 -0.0179 -0.0008 0 0 -10 0
0.7860 -0.0171 -0.0000 0 0 -10 0
0.7640 -0.0166 0.0007 0 0 -10 0
0.7700 -0.0164 0.0008 0 0 -10 0
0.7700 -0.0164 0.0008 0 0 -10 0
0.7700 -0.0164 0.0009 0 0 -10 0
0.7680 -0.0162 0.0006 0 0 -10 0
0.7660 -0.0158 0.0022 0 0 -10 0
0.7660 -0.0158 0.0022 0 0 -10 0
0.7760 -0.0151 0.0002 0 0 -10 0
0.7760 -0.0148 -0.0002 0 0 -10 0
0.7700 -0.0148 -0.0002 0 0 -10 0
0.7660 -0.0147 -0.0022 0 0 -10 0
0.7760 -0.0146 -0.0026 0 0 -10 0
0.7660 -0.0142 -0.0014 0 0 -10 0
0.7660 -0.0142 -0.0014 0 0 -10 0
0.7480 -0.0141 -0.0015 0 0 -10 0
0.7740 -0.0136 -0.0010 0 0 -10 0
0.7720 -0.0129 -0.0012 0 0 -10 0
0.7880 -0.0113 -0.0000 0 0 -10 0
0.7620 -0.0106 -0.0000 0 0 -10 0
0.7620 -0.0106 -0.0000 0 0 -10 0
0.7600 -0.0100 0.0006 0 0 -10 0
0.7880 -0.0095 0.0007 0 0 -10 0
0.7720 -0.0095 0.0007 0 0 -10 0
0.7580 -0.0095 -0.0004 0 0 -10 0
0.7580 -0.0095 -0.0004 0 0 -10 0
0.7920 -0.0090 -0.0007 0 0 -10 0
0.7580 -0.0088 -0.0022 0 0 0 0
