0.4640 -0.2389 0.0037 0 0 -10 0
0.4940 -0.2397 0.0110 0 0 -10 0
0.5000 -0.2389 0.0121 0 0 -10 0
0.4920 -0.2384 0.0107 0 0 -10 0
0.4800 -0.2389 0.0118 0 0 -10 0
0.4800 -0.2389 0.0118 0 0 -10 0
0.4780 -0.2400 0.0113 0 0 -10 0
0.4720 -0.2411 0.0118 0 0 -10 0
0.4680 -0.2416 0.0114 0 0 -10 0
0.4880 -0.2413 0.0127 0 0 -10 0
0.4880 -0.2413 0.0127 0 0 -10 0
0.4960 -0.2414 0.0099 0 0 -10 0
0.4820 -0.2417 0.0095 0 0 -10 0
0.4820 -0.2417 0.0095 0 0 -10 0
0.4900 -0.2416 0.0077 0 0 -10 0
0.4840 -0.2414 0.0070 0 0 -10 0
0.4820 -0.2412 0.0068 0 0 -10 0
0.4860 -0.2410 0.0080 0 0 -10 0
0.5000 -0.2406 0.0077 0 0 -10 0
0.4960 -0.2401 0.0083 0 0 -10 0
0.4960 -0.2401 0.0083 0 0 -10 0
0.4840 -0.2395 0.0100 0 0 -10 0
0.4760 -0.2391 0.0107 0 0 -10 0
0.4760 -0.2391 0.0107 0 0 -10 0
0.4840 -0.2384 0.0104 0 0 -10 0
0.4880 -0.2383 0.0093 0 0 -10 0
0.4780 -0.2381 0.0103 0 0 -10 0
0.4780 -0.2373 0.0108 0 0 -10 0
0.4660 -0.2365 0.0098 0 0 -10 0
0.4660 -0.2365 0.0098 0 0 -10 0
0.4740 -0.2351 0.0085 0 0 -10 0
0.4560 -0.2347 0.0099 0 0 -10 0
0.4560 -0.2347 0.0099 0 0 -10 0
0.4900 -0.2341 0.0099 0 0 -10 0
0.4720 -0.2339 0.0093 0 0 -10 0
0.4900 -0.2332 0.0094 0 0 -10 0
0.4900 -0.2332 0.0094 0 0 -10 0
0.4940 -0.2317 0.0108 0 0 -10 0
0.4940 -0.2317 0.0108 0 0 -10 0
0.4940 -0.2310 0.0106 0 0 -10 0
0.4820 -0.2300 0.0103 0 0 -10 0
0.4800 -0.2299 0.0103 0 0 -10 0
0.4800 -0.2304 0.0106 0 0 -10 0
0.5040 -0.2304 0.0106 0 0 -10 0
0.5040 -0.2313 0.0100 0 0 -10 0
0.5040 -0.2313 0.0100 0 0 -10 0
0.4800 -0.2296 0.0124 0 0 -10 0
0.4780 -0.2289 0.0124 0 0 -10 0
0.4780 -0.2275 0.0116 0 0 -10 0
0.4680 -0.2275 0.0116 0 0 -10 0
0.4840 -0.2272 0.0119 0 0 -10 0
0.4840 -0.2272 0.0119 0 0 -10 0
0.5100 -0.2275 0.0098 0 0 -10 0
0.4780 -0.2278 0.0103 0 0 -10 0
0.4840 -0.2273 0.0106 0 0 -10 0
0.4720 -0.2267 0.0109 0 0 -10 0
0.4720 -0.2267 0.0109 0 0 -10 0
0.4780 -0.2258 0.0081 0 0 -10 0
0.4660 -0.2252 0.0094 0 0 -10 0
0.4740 -0.2243 0.0104 0 0 -10 0
0.4900 -0.2239 0.0105 0 0 -10 0
0.4880 -0.2237 0.0101 0 0 -10 0
0.4880 -0.2237 0.0101 0 0 -10 0
0.4580 -0.2234 0.0102 0 0 -10 0
0.4920 -0.2228 0.0103 0 0 -10 0
0.4940 -0.2226 0.0088 0 0 -10 0
0.4880 -0.2222 0.0079 0 0 -10 0
0.4840 -0.2222 0.0091 0 0 -10 0
0.4640 -0.2223 0.0087 0 0 -10 0
0.4640 -0.2223 0.0087 0 0 -10 0
0.4940 -0.2227 0.0082 0 0 -10 0
0.4800 -0.2223 0.0081 0 0 -10 0
0.5040 -0.2220 0.0086 0 0 -10 0
0.5040 -0.2215 0.0090 0 0 -10 0
0.5000 -0.2215 0.0090 0 0 -10 0
0.4860 -0.2209 0.0054 0 0 -10 0
0.4920 -0.2207 0.0055 0 0 -10 0
0.4780 -0.2199 0.0074 0 0 -10 0
0.4960 -0.2196 0.0077 0 0 -10 0
0.4820 -0.2190 0.0070 0 0 -10 0
0.4980 -0.2187 0.0090 0 0 -10 0
0.4840 -0.2185 0.0121 0 0 -10 0
0.4860 -0.2185 0.0123 0 0 -10 0
0.4840 -0.2182 0.0125 0 0 -10 0
0.5160 -0.2181 0.0133 0 0 -10 0
0.4900 -0.2179 0.0132 0 0 -10 0
0.5000 -0.2179 0.0119 0 0 -10 0
0.5000 -0.2179 0.0119 0 0 -10 0
0.4920 -0.2175 0.0148 0 0 -10 0
0.5180 -0.2163 0.0163 0 0 -10 0
0.4960 -0.2154 0.0161 0 0 -10 0
0.4920 -0.2146 0.0144 0 0 -10 0
0.4620 -0.2141 0.0118 0 0 -10 0
0.4940 -0.2137 0.0113 0 0 -10 0
0.5040 -0.2136 0.0110 0 0 -10 0
0.4940 -0.2132 0.0089 0 0 -10 0
0.5040 -0.2127 0.0093 0 0 -10 0
0.5040 -0.2127 0.0093 0 0 -10 0
0.4900 -0.2122 0.0091 0 0 -10 0
0.4900 -0.2115 0.0081 0 0 -10 0
0.4860 -0.2113 0.0083 0 0 -10 0
0.5100 -0.2110 0.0086 0 0 -10 0
0.4880 -0.2103 0.0084 0 0 -10 0
0.4880 -0.2103 0.0084 0 0 -10 0
0.4960 -0.2098 0.0085 0 0 -10 0
0.4900 -0.2096 0.0080 0 0 -10 0
0.4980 -0.2090 0.0077 0 0 -10 0
0.5180 -0.2085 0.0080 0 0 -10 0
0.5040 -0.2074 0.0080 0 0 -10 0
0.4940 -0.2072 0.0078 0 0 -10 0
0.5060 -0.2067 0.0060 0 0 -10 0
0.5060 -0.2067 0.0060 0 0 -10 0
0.5020 -0.2064 0.0056 0 0 -10 0
0.4940 -0.2061 0.0066 0 0 -10 0
0.5120 -0.2058 0.0050 0 0 -10 0
0.5380 -0.2054 0.0046 0 0 -10 0
0.5040 -0.2052 0.0050 0 0 -10 0
0.5000 -0.2048 0.0044 0 0 -10 0
0.5000 -0.2048 0.0044 0 0 -10 0
0.5000 -0.2049 0.0030 0 0 -10 0
0.5020 -0.2045 0.0027 0 0 -10 0
0.4980 -0.2037 0.0020 0 0 -10 0
0.4940 -0.2031 0.0019 0 0 -10 0
0.4940 -0.2031 0.0019 0 0 -10 0
0.4820 -0.2022 -0.0009 0 0 -10 0
0.5100 -0.2021 -0.0007 0 0 -10 0
0.4920 -0.2019 -0.0010 0 0 -10 0
0.5160 -0.2012 -0.0019 0 0 -10 0
0.5000 -0.2008 -0.0029 0 0 -10 0
0.5000 -0.2008 -0.0029 0 0 -10 0
0.4880 -0.2002 -0.0028 0 0 -10 0
0.4880 -0.1996 -0.0036 0 0 -10 0
0.4880 -0.1996 -0.0035 0 0 -10 0
0.5120 -0.1991 -0.0023 0 0 -10 0
0.5040 -0.1991 -0.0022 0 0 -10 0
0.5040 -0.1991 -0.0022 0 0 -10 0
0.4980 -0.1988 -0.0040 0 0 -10 0
0.5000 -0.1988 -0.0035 0 0 -10 0
0.5000 -0.1985 -0.0038 0 0 -10 0
0.5000 -0.1979 -0.0038 0 0 -10 0
0.5000 -0.1979 -0.0038 0 0 -10 0
0.4840 -0.1975 -0.0050 0 0 -10 0
0.5120 -0.1972 -0.0045 0 0 -10 0
0.5300 -0.1968 -0.0045 0 0 -10 0
0.5080 -0.1967 -0.0048 0 0 -10 0
0.5060 -0.1965 -0.0050 0 0 -10 0
0.4940 -0.1967 -0.0050 0 0 -10 0
0.4940 -0.1967 -0.0050 0 0 -10 0
0.5020 -0.1963 -0.0036 0 0 -10 0
0.4880 -0.1959 -0.0035 0 0 -10 0
0.4880 -0.1959 -0.0035 0 0 -10 0
0.5140 -0.1949 -0.0041 0 0 -10 0
0.5220 -0.1941 -0.0040 0 0 -10 0
0.4920 -0.1942 -0.0041 0 0 -10 0
0.5120 -0.1943 -0.0042 0 0 -10 0
0.4980 -0.1947 -0.0054 0 0 -10 0
0.4980 -0.1949 -0.0056 0 0 -10 0
0.4820 -0.1943 -0.0052 0 0 -10 0
0.4820 -0.1943 -0.0052 0 0 -10 0
0.4880 -0.1941 -0.0049 0 0 -10 0
0.5120 -0.1937 -0.0044 0 0 -10 0
0.4960 -0.1931 -0.0040 0 0 -10 0
0.4960 -0.1931 -0.0040 0 0 -10 0
0.4980 -0.1924 -0.0030 0 0 -10 0
0.5080 -0.1921 -0.0022 0 0 -10 0
0.5080 -0.1921 -0.0022 0 0 -10 0
0.5240 -0.1913 -0.0019 0 0 -10 0
0.5260 -0.1905 -0.0029 0 0 -10 0
0.5040 -0.1896 -0.0024 0 0 -10 0
0.5040 -0.1896 -0.0024 0 0 -10 0
0.5260 -0.1883 -0.0039 0 0 -10 0
0.5080 -0.1880 -0.0033 0 0 -10 0
0.5080 -0.1875 -0.0038 0 0 -10 0
0.5080 -0.1870 -0.0013 0 0 -10 0
0.5160 -0.1864 -0.0005 0 0 -10 0
0.5140 -0.1862 -0.0005 0 0 -10 0
0.5140 -0.1862 -0.0005 0 0 -10 0
0.5040 -0.1854 -0.0007 0 0 -10 0
0.5040 -0.1854 -0.0007 0 0 -10 0
0.5060 -0.1840 -0.0018 0 0 -10 0
0.5120 -0.1838 -0.0021 0 0 -10 0
0.5040 -0.1834 -0.0005 0 0 -10 0
0.5040 -0.1834 -0.0005 0 0 -10 0
0.4960 -0.1827 -0.0001 0 0 -10 0
0.4960 -0.1827 -0.0001 0 0 -10 0
0.5220 -0.1820 -0.0000 0 0 -10 0
0.5120 -0.1811 -0.0001 0 0 -10 0
0.5260 -0.1804 -0.0005 0 0 -10 0
0.5200 -0.1804 -0.0021 0 0 -10 0
0.5200 -0.1804 -0.0021 0 0 -10 0
0.5220 -0.1805 -0.0002 0 0 -10 0
0.5220 -0.1805 -0.0002 0 0 -10 0
0.5320 -0.1803 -0.0010 0 0 -10 0
0.5240 -0.1799 -0.0016 0 0 -10 0
0.5300 -0.1799 0.0003 0 0 -10 0
0.5360 -0.1797 0.0006 0 0 -10 0
0.5360 -0.1797 0.0006 0 0 -10 0
0.5300 -0.1800 -0.0003 0 0 -10 0
0.5300 -0.1800 -0.0003 0 0 -10 0
0.5240 -0.1797 0.0014 0 0 -10 0
0.5100 -0.1794 0.0018 0 0 -10 0
0.5200 -0.1784 0.0021 0 0 -10 0
0.5200 -0.1784 0.0021 0 0 -10 0
0.5240 -0.1773 0.0020 0 0 -10 0
0.5380 -0.1769 0.0028 0 0 -10 0
0.5220 -0.1770 0.0034 0 0 -10 0
0.5620 -0.1769 0.0011 0 0 -10 0
0.5620 -0.1769 0.0011 0 0 -10 0
0.5320 -0.1772 0.0004 0 0 -10 0
0.5320 -0.1772 0.0004 0 0 -10 0
0.5320 -0.1769 -0.0020 0 0 -10 0
0.5440 -0.1764 -0.0022 0 0 -10 0
0.5460 -0.1756 -0.0021 0 0 -10 0
0.5460 -0.1756 -0.0021 0 0 -10 0
0.5360 -0.1738 -0.0028 0 0 -10 0
0.5360 -0.1738 -0.0028 0 0 -10 0
0.5020 -0.1731 -0.0021 0 0 -10 0
0.5320 -0.1728 -0.0027 0 0 -10 0
0.5520 -0.1721 -0.0037 0 0 -10 0
0.5520 -0.1721 -0.0037 0 0 -10 0
0.5340 -0.1715 -0.0055 0 0 -10 0
0.5300 -0.1715 -0.0046 0 0 -10 0
0.5260 -0.1715 -0.0041 0 0 -10 0
0.5360 -0.1711 -0.0035 0 0 -10 0
0.5340 -0.1709 -0.0047 0 0 -10 0
0.5600 -0.1693 -0.0047 0 0 -10 0
0.5280 -0.1687 -0.0043 0 0 -10 0
0.5440 -0.1683 -0.0050 0 0 -10 0
0.5440 -0.1683 -0.0050 0 0 -10 0
0.5320 -0.1675 -0.0045 0 0 -10 0
0.5300 -0.1669 -0.0059 0 0 -10 0
0.5220 -0.1668 -0.0057 0 0 -10 0
0.5220 -0.1661 -0.0047 0 0 -10 0
0.5280 -0.1663 -0.0047 0 0 -10 0
0.5220 -0.1661 -0.0051 0 0 -10 0
0.5220 -0.1661 -0.0051 0 0 -10 0
0.5220 -0.1657 -0.0051 0 0 -10 0
0.5480 -0.1647 -0.0037 0 0 -10 0
0.5300 -0.1634 -0.0033 0 0 -10 0
0.5320 -0.1628 -0.0048 0 0 -10 0
0.5320 -0.1628 -0.0048 0 0 -10 0
0.5300 -0.1623 -0.0021 0 0 -10 0
0.5460 -0.1620 -0.0037 0 0 -10 0
0.5260 -0.1614 -0.0048 0 0 -10 0
0.5220 -0.1608 -0.0057 0 0 -10 0
0.5420 -0.1598 -0.0040 0 0 -10 0
0.5180 -0.1596 -0.0046 0 0 -10 0
0.5180 -0.1596 -0.0046 0 0 -10 0
0.5300 -0.1598 -0.0050 0 0 -10 0
0.5220 -0.1598 -0.0046 0 0 -10 0
0.5360 -0.1593 -0.0040 0 0 -10 0
0.5400 -0.1587 -0.0036 0 0 -10 0
0.5260 -0.1581 -0.0028 0 0 -10 0
0.5420 -0.1572 -0.0037 0 0 -10 0
0.5400 -0.1566 -0.0028 0 0 -10 0
0.5340 -0.1561 -0.0037 0 0 -10 0
0.5560 -0.1555 -0.0082 0 0 -10 0
0.5420 -0.1549 -0.0052 0 0 -10 0
0.5360 -0.1543 -0.0049 0 0 -10 0
0.5240 -0.1539 -0.0051 0 0 -10 0
0.5260 -0.1535 -0.0054 0 0 -10 0
0.5440 -0.1536 -0.0061 0 0 -10 0
0.5340 -0.1537 -0.0054 0 0 -10 0
0.5360 -0.1537 -0.0062 0 0 -10 0
0.5360 -0.1536 -0.0014 0 0 -10 0
0.5360 -0.1536 -0.0014 0 0 -10 0
0.5460 -0.1533 -0.0015 0 0 -10 0
0.5240 -0.1528 -0.0012 0 0 -10 0
0.5420 -0.1521 -0.0009 0 0 -10 0
0.5360 -0.1515 -0.0000 0 0 -10 0
0.5360 -0.1515 -0.0000 0 0 -10 0
0.5540 -0.1514 0.0008 0 0 -10 0
0.5340 -0.1513 -0.0004 0 0 -10 0
0.5640 -0.1509 -0.0003 0 0 -10 0
0.5640 -0.1503 -0.0005 0 0 -10 0
0.5520 -0.1497 -0.0005 0 0 -10 0
0.5520 -0.1497 -0.0005 0 0 -10 0
0.5640 -0.1495 -0.0001 0 0 -10 0
0.5620 -0.1494 -0.0011 0 0 -10 0
0.5620 -0.1494 -0.0011 0 0 -10 0
0.5600 -0.1495 0.0002 0 0 -10 0
0.5680 -0.1492 -0.0002 0 0 -10 0
0.5560 -0.1486 -0.0016 0 0 -10 0
0.5720 -0.1482 -0.0019 0 0 -10 0
0.5720 -0.1482 -0.0019 0 0 -10 0
0.5660 -0.1479 -0.0015 0 0 -10 0
0.5700 -0.1479 -0.0020 0 0 -10 0
0.5700 -0.1479 -0.0020 0 0 -10 0
0.5920 -0.1480 -0.0043 0 0 -10 0
0.5640 -0.1479 -0.0045 0 0 -10 0
0.5680 -0.1477 -0.0050 0 0 -10 0
0.5680 -0.1477 -0.0050 0 0 -10 0
0.5700 -0.1473 -0.0107 0 0 -10 0
0.5700 -0.1473 -0.0107 0 0 -10 0
0.5660 -0.1467 -0.0100 0 0 -10 0
0.5760 -0.1464 -0.0101 0 0 -10 0
0.5620 -0.1460 -0.0105 0 0 -10 0
0.5900 -0.1459 -0.0108 0 0 -10 0
0.5900 -0.1459 -0.0108 0 0 -10 0
0.5560 -0.1459 -0.0135 0 0 -10 0
0.5600 -0.1457 -0.0128 0 0 -10 0
0.5820 -0.1454 -0.0123 0 0 -10 0
0.5760 -0.1438 -0.0137 0 0 -10 0
0.5760 -0.1427 -0.0143 0 0 -10 0
0.5960 -0.1427 -0.0143 0 0 -10 0
0.5680 -0.1420 -0.0142 0 0 -10 0
0.5740 -0.1418 -0.0157 0 0 -10 0
0.5580 -0.1418 -0.0185 0 0 -10 0
0.5580 -0.1418 -0.0185 0 0 -10 0
0.5700 -0.1421 -0.0162 0 0 -10 0
0.5680 -0.1421 -0.0160 0 0 -10 0
0.5660 -0.1417 -0.0153 0 0 -10 0
0.5740 -0.1410 -0.0149 0 0 -10 0
0.5660 -0.1402 -0.0141 0 0 -10 0
0.5580 -0.1398 -0.0132 0 0 -10 0
0.5580 -0.1398 -0.0132 0 0 -10 0
0.5700 -0.1389 -0.0103 0 0 -10 0
0.5700 -0.1389 -0.0103 0 0 -10 0
0.5600 -0.1384 -0.0101 0 0 -10 0
0.5780 -0.1376 -0.0102 0 0 -10 0
0.5900 -0.1371 -0.0099 0 0 -10 0
0.5740 -0.1369 -0.0077 0 0 -10 0
0.5740 -0.1369 -0.0077 0 0 -10 0
0.5840 -0.1364 -0.0084 0 0 -10 0
0.5820 -0.1358 -0.0093 0 0 -10 0
0.5760 -0.1352 -0.0087 0 0 -10 0
0.5880 -0.1348 -0.0059 0 0 -10 0
0.5740 -0.1348 -0.0051 0 0 -10 0
0.5840 -0.1340 -0.0051 0 0 -10 0
0.5840 -0.1340 -0.0051 0 0 -10 0
0.5960 -0.1337 -0.0045 0 0 -10 0
0.5900 -0.1331 -0.0025 0 0 -10 0
0.5620 -0.1324 -0.0023 0 0 -10 0
0.5920 -0.1316 -0.0011 0 0 -10 0
0.5920 -0.1308 -0.0002 0 0 -10 0
0.5960 -0.1308 -0.0002 0 0 -10 0
0.5880 -0.1301 -0.0010 0 0 -10 0
0.5880 -0.1297 -0.0011 0 0 -10 0
0.5940 -0.1295 -0.0013 0 0 -10 0
0.5940 -0.1295 -0.0013 0 0 -10 0
0.6040 -0.1293 -0.0018 0 0 -10 0
0.5980 -0.1289 -0.0021 0 0 -10 0
0.5960 -0.1283 -0.0025 0 0 -10 0
0.5900 -0.1277 -0.0029 0 0 -10 0
0.6020 -0.1267 -0.0032 0 0 -10 0
0.6020 -0.1267 -0.0032 0 0 -10 0
0.5900 -0.1257 -0.0034 0 0 -10 0
0.6140 -0.1251 -0.0033 0 0 -10 0
0.5980 -0.1248 -0.0034 0 0 -10 0
0.6020 -0.1245 -0.0052 0 0 -10 0
0.6020 -0.1245 -0.0052 0 0 -10 0
0.6080 -0.1245 -0.0050 0 0 -10 0
0.6080 -0.1245 -0.0050 0 0 -10 0
0.5940 -0.1245 -0.0044 0 0 -10 0
0.5880 -0.1244 -0.0057 0 0 -10 0
0.6120 -0.1240 -0.0058 0 0 -10 0
0.6120 -0.1240 -0.0058 0 0 -10 0
0.5980 -0.1240 -0.0056 0 0 -10 0
0.6080 -0.1234 -0.0051 0 0 -10 0
0.6080 -0.1234 -0.0051 0 0 -10 0
0.5960 -0.1234 -0.0038 0 0 -10 0
0.5940 -0.1227 -0.0014 0 0 -10 0
0.5860 -0.1220 0.0040 0 0 -10 0
0.6120 -0.1208 0.0043 0 0 -10 0
0.6120 -0.1208 0.0043 0 0 -10 0
0.6140 -0.1189 0.0063 0 0 -10 0
0.5940 -0.1189 0.0063 0 0 -10 0
0.5820 -0.1187 0.0048 0 0 -10 0
0.5860 -0.1187 0.0055 0 0 -10 0
0.5920 -0.1183 0.0046 0 0 -10 0
0.5680 -0.1173 0.0081 0 0 -10 0
0.5680 -0.1173 0.0081 0 0 -10 0
0.6000 -0.1163 0.0080 0 0 -10 0
0.5960 -0.1162 0.0070 0 0 -10 0
0.5940 -0.1157 0.0071 0 0 -10 0
0.6000 -0.1155 0.0042 0 0 -10 0
0.6060 -0.1150 0.0068 0 0 -10 0
0.6080 -0.1143 0.0066 0 0 -10 0
0.6180 -0.1141 0.0065 0 0 -10 0
0.5780 -0.1142 0.0074 0 0 -10 0
0.5780 -0.1142 0.0074 0 0 -10 0
0.6120 -0.1138 0.0085 0 0 -10 0
0.6120 -0.1131 0.0072 0 0 -10 0
0.5820 -0.1131 0.0072 0 0 -10 0
0.5880 -0.1126 0.0071 0 0 -10 0
0.6080 -0.1125 0.0076 0 0 -10 0
0.5840 -0.1123 0.0070 0 0 -10 0
0.5920 -0.1122 0.0088 0 0 -10 0
0.6300 -0.1125 0.0078 0 0 -10 0
0.6300 -0.1125 0.0078 0 0 -10 0
0.5920 -0.1126 0.0106 0 0 -10 0
0.6160 -0.1123 0.0099 0 0 -10 0
0.5840 -0.1119 0.0090 0 0 -10 0
0.5880 -0.1112 0.0094 0 0 -10 0
0.5880 -0.1112 0.0094 0 0 -10 0
0.6060 -0.1108 0.0087 0 0 -10 0
0.6140 -0.1106 0.0074 0 0 -10 0
0.5940 -0.1097 0.0055 0 0 -10 0
0.6080 -0.1085 0.0050 0 0 -10 0
0.6080 -0.1085 0.0050 0 0 -10 0
0.6100 -0.1067 0.0042 0 0 -10 0
0.6160 -0.1063 0.0047 0 0 -10 0
0.6160 -0.1063 0.0049 0 0 -10 0
0.6240 -0.1063 0.0041 0 0 -10 0
0.6100 -0.1056 0.0040 0 0 -10 0
0.6100 -0.1056 0.0040 0 0 -10 0
0.6060 -0.1045 0.0055 0 0 -10 0
0.6300 -0.1035 0.0089 0 0 -10 0
0.6000 -0.1030 0.0088 0 0 -10 0
0.6000 -0.1026 0.0123 0 0 -10 0
0.5980 -0.1026 0.0123 0 0 -10 0
0.6140 -0.1024 0.0108 0 0 -10 0
0.6140 -0.1024 0.0105 0 0 -10 0
0.6160 -0.1026 0.0119 0 0 -10 0
0.6060 -0.1022 0.0093 0 0 -10 0
0.6120 -0.1019 0.0059 0 0 -10 0
0.5900 -0.1013 0.0073 0 0 -10 0
0.5900 -0.1013 0.0073 0 0 -10 0
0.6000 -0.1004 0.0071 0 0 -10 0
0.5840 -0.1001 0.0070 0 0 -10 0
0.5840 -0.1000 0.0056 0 0 -10 0
0.5860 -0.0998 0.0058 0 0 -10 0
0.5860 -0.0998 0.0058 0 0 -10 0
0.6080 -0.0991 0.0027 0 0 -10 0
0.6000 -0.0988 0.0005 0 0 -10 0
0.5980 -0.0985 0.0014 0 0 -10 0
0.5940 -0.0985 0.0054 0 0 -10 0
0.5940 -0.0982 0.0056 0 0 -10 0
0.5920 -0.0981 0.0038 0 0 -10 0
0.5920 -0.0981 0.0038 0 0 -10 0
0.5840 -0.0980 0.0035 0 0 -10 0
0.6100 -0.0979 0.0044 0 0 -10 0
0.6060 -0.0975 0.0042 0 0 -10 0
0.6060 -0.0968 0.0036 0 0 -10 0
0.6080 -0.0968 0.0036 0 0 -10 0
0.6180 -0.0962 0.0036 0 0 -10 0
0.6140 -0.0956 0.0040 0 0 -10 0
0.6020 -0.0956 0.0036 0 0 -10 0
0.6280 -0.0955 0.0023 0 0 -10 0
0.6160 -0.0955 0.0029 0 0 -10 0
0.6160 -0.0951 0.0030 0 0 -10 0
0.6160 -0.0951 0.0030 0 0 -10 0
0.6240 -0.0942 0.0031 0 0 -10 0
0.6120 -0.0933 0.0033 0 0 -10 0
0.6120 -0.0923 0.0052 0 0 -10 0
0.6120 -0.0923 0.0052 0 0 -10 0
0.6160 -0.0911 0.0075 0 0 -10 0
0.6140 -0.0905 0.0137 0 0 -10 0
0.5980 -0.0908 0.0144 0 0 -10 0
0.6080 -0.0905 0.0128 0 0 -10 0
0.6340 -0.0899 0.0094 0 0 -10 0
0.6340 -0.0899 0.0094 0 0 -10 0
0.6320 -0.0888 0.0088 0 0 -10 0
0.6040 -0.0880 0.0103 0 0 -10 0
0.6420 -0.0875 0.0099 0 0 -10 0
0.6160 -0.0870 0.0058 0 0 -10 0
0.6220 -0.0866 0.0048 0 0 -10 0
0.6220 -0.0862 0.0048 0 0 -10 0
0.6320 -0.0862 0.0048 0 0 -10 0
0.6460 -0.0849 0.0033 0 0 -10 0
0.6520 -0.0841 0.0031 0 0 -10 0
0.6440 -0.0835 0.0033 0 0 -10 0
0.6440 -0.0835 0.0033 0 0 -10 0
0.6640 -0.0832 0.0026 0 0 -10 0
0.6420 -0.0836 0.0028 0 0 -10 0
0.6360 -0.0833 0.0020 0 0 -10 0
0.6420 -0.0828 0.0018 0 0 -10 0
0.6460 -0.0824 0.0019 0 0 -10 0
0.6460 -0.0824 0.0019 0 0 -10 0
0.6640 -0.0820 0.0030 0 0 -10 0
0.6640 -0.0825 0.0047 0 0 -10 0
0.6660 -0.0827 0.0039 0 0 -10 0
0.6580 -0.0827 0.0036 0 0 -10 0
0.6620 -0.0827 0.0030 0 0 -10 0
0.6620 -0.0822 0.0025 0 0 -10 0
0.6420 -0.0816 -0.0018 0 0 -10 0
0.6500 -0.0813 -0.0016 0 0 -10 0
0.6600 -0.0809 -0.0015 0 0 -10 0
0.6600 -0.0809 -0.0015 0 0 -10 0
0.6320 -0.0805 -0.0023 0 0 -10 0
0.6500 -0.0797 -0.0014 0 0 -10 0
0.6480 -0.0788 -0.0015 0 0 -10 0
0.6500 -0.0779 -0.0029 0 0 -10 0
0.6560 -0.0772 -0.0047 0 0 -10 0
0.6600 -0.0768 -0.0053 0 0 -10 0
0.6600 -0.0768 -0.0053 0 0 -10 0
0.6440 -0.0767 -0.0027 0 0 -10 0
0.6500 -0.0767 -0.0046 0 0 -10 0
0.6560 -0.0756 -0.0071 0 0 -10 0
0.6620 -0.0749 -0.0023 0 0 -10 0
0.6620 -0.0749 -0.0023 0 0 -10 0
0.6640 -0.0742 -0.0024 0 0 -10 0
0.6400 -0.0737 -0.0047 0 0 -10 0
0.6700 -0.0740 -0.0043 0 0 -10 0
0.6440 -0.0740 -0.0004 0 0 -10 0
0.6440 -0.0740 -0.0004 0 0 -10 0
0.6580 -0.0744 0.0003 0 0 -10 0
0.6760 -0.0742 -0.0000 0 0 -10 0
0.6600 -0.0735 0.0026 0 0 -10 0
0.6600 -0.0724 0.0037 0 0 -10 0
0.6580 -0.0713 0.0002 0 0 -10 0
0.6580 -0.0713 0.0002 0 0 -10 0
0.6660 -0.0706 0.0010 0 0 -10 0
0.6520 -0.0702 0.0004 0 0 -10 0
0.6920 -0.0704 -0.0012 0 0 -10 0
0.6640 -0.0703 0.0005 0 0 -10 0
0.6640 -0.0703 0.0005 0 0 -10 0
0.6740 -0.0694 0.0006 0 0 -10 0
0.6640 -0.0691 0.0008 0 0 -10 0
0.6640 -0.0688 -0.0008 0 0 -10 0
0.6840 -0.0688 -0.0014 0 0 -10 0
0.6900 -0.0687 -0.0019 0 0 -10 0
0.6900 -0.0687 -0.0019 0 0 -10 0
0.6720 -0.0688 -0.0032 0 0 -10 0
0.6800 -0.0682 -0.0054 0 0 -10 0
0.6920 -0.0671 -0.0076 0 0 -10 0
0.6820 -0.0665 -0.0072 0 0 -10 0
0.7000 -0.0660 -0.0092 0 0 -10 0
0.6920 -0.0658 -0.0087 0 0 -10 0
0.6920 -0.0658 -0.0087 0 0 -10 0
0.6900 -0.0649 -0.0071 0 0 -10 0
0.6900 -0.0649 -0.0071 0 0 -10 0
0.6840 -0.0646 -0.0086 0 0 -10 0
0.6640 -0.0645 -0.0079 0 0 -10 0
0.7040 -0.0645 -0.0058 0 0 -10 0
0.7080 -0.0641 -0.0056 0 0 -10 0
0.7080 -0.0641 -0.0056 0 0 -10 0
0.7100 -0.0631 -0.0073 0 0 -10 0
0.7000 -0.0622 -0.0067 0 0 -10 0
0.7000 -0.0609 -0.0080 0 0 -10 0
0.7100 -0.0601 -0.0088 0 0 -10 0
0.7100 -0.0601 -0.0088 0 0 -10 0
0.7200 -0.0594 -0.0066 0 0 -10 0
0.7120 -0.0591 -0.0069 0 0 -10 0
0.7000 -0.0587 -0.0064 0 0 -10 0
0.7020 -0.0580 -0.0055 0 0 -10 0
0.7020 -0.0578 -0.0048 0 0 -10 0
0.7220 -0.0578 -0.0048 0 0 -10 0
0.7060 -0.0574 -0.0075 0 0 -10 0
0.6920 -0.0571 -0.0080 0 0 -10 0
0.7180 -0.0566 -0.0070 0 0 -10 0
0.7180 -0.0566 -0.0070 0 0 -10 0
0.7200 -0.0561 -0.0073 0 0 -10 0
0.7220 -0.0554 -0.0103 0 0 -10 0
0.7280 -0.0549 -0.0066 0 0 -10 0
0.7280 -0.0545 -0.0061 0 0 -10 0
0.7200 -0.0539 -0.0057 0 0 -10 0
0.7200 -0.0539 -0.0057 0 0 -10 0
0.7340 -0.0536 -0.0053 0 0 -10 0
0.7180 -0.0536 -0.0049 0 0 -10 0
0.7460 -0.0530 -0.0042 0 0 -10 0
0.7160 -0.0527 -0.0035 0 0 -10 0
0.7160 -0.0527 -0.0035 0 0 -10 0
0.7380 -0.0525 -0.0033 0 0 -10 0
0.7460 -0.0520 -0.0027 0 0 -10 0
0.7220 -0.0518 -0.0039 0 0 -10 0
0.7380 -0.0512 -0.0027 0 0 -10 0
0.7560 -0.0503 -0.0026 0 0 -10 0
0.7560 -0.0503 -0.0026 0 0 -10 0
0.7480 -0.0499 -0.0022 0 0 -10 0
0.7420 -0.0494 -0.0041 0 0 -10 0
0.7420 -0.0493 -0.0036 0 0 -10 0
0.7480 -0.0494 -0.0027 0 0 -10 0
0.7520 -0.0496 -0.0053 0 0 -10 0
0.7520 -0.0496 -0.0053 0 0 -10 0
0.7320 -0.0495 -0.0036 0 0 -10 0
0.7680 -0.0494 -0.0037 0 0 -10 0
0.7420 -0.0484 -0.0049 0 0 -10 0
0.7520 -0.0478 -0.0050 0 0 -10 0
0.7320 -0.0477 -0.0027 0 0 -10 0
0.7220 -0.0479 -0.0029 0 0 -10 0
0.7220 -0.0479 -0.0029 0 0 -10 0
0.7340 -0.0478 -0.0042 0 0 -10 0
0.7280 -0.0477 -0.0051 0 0 -10 0
0.7340 -0.0471 -0.0025 0 0 -10 0
0.7380 -0.0465 -0.0091 0 0 -10 0
0.7220 -0.0460 -0.0109 0 0 -10 0
0.7220 -0.0460 -0.0109 0 0 -10 0
0.7520 -0.0457 -0.0103 0 0 -10 0
0.7400 -0.0451 -0.0123 0 0 -10 0
0.7200 -0.0450 -0.0113 0 0 -10 0
0.7140 -0.0449 -0.0077 0 0 -10 0
0.7240 -0.0446 -0.0074 0 0 -10 0
0.7240 -0.0442 -0.0073 0 0 -10 0
0.7200 -0.0442 -0.0073 0 0 -10 0
0.7300 -0.0439 -0.0068 0 0 -10 0
0.7200 -0.0433 -0.0038 0 0 -10 0
0.7180 -0.0424 -0.0047 0 0 -10 0
0.7180 -0.0421 -0.0039 0 0 -10 0
0.7400 -0.0416 -0.0028 0 0 -10 0
0.7380 -0.0412 -0.0021 0 0 -10 0
0.7380 -0.0412 -0.0021 0 0 -10 0
0.7340 -0.0408 -0.0022 0 0 -10 0
0.7340 -0.0406 -0.0037 0 0 -10 0
0.7360 -0.0407 -0.0064 0 0 -10 0
0.7420 -0.0404 -0.0061 0 0 -10 0
0.7420 -0.0401 -0.0061 0 0 -10 0
0.7600 -0.0401 -0.0061 0 0 -10 0
0.7560 -0.0398 -0.0055 0 0 -10 0
0.7460 -0.0394 -0.0060 0 0 -10 0
0.7500 -0.0382 -0.0075 0 0 -10 0
0.7400 -0.0371 -0.0069 0 0 -10 0
0.7540 -0.0365 -0.0084 0 0 -10 0
0.7500 -0.0360 -0.0097 0 0 -10 0
0.7500 -0.0360 -0.0097 0 0 -10 0
0.7480 -0.0357 -0.0087 0 0 -10 0
0.7400 -0.0352 -0.0081 0 0 -10 0
0.7200 -0.0348 -0.0072 0 0 -10 0
0.7200 -0.0348 -0.0072 0 0 -10 0
0.7660 -0.0332 -0.0047 0 0 -10 0
0.7660 -0.0332 -0.0047 0 0 -10 0
0.7800 -0.0329 -0.0036 0 0 -10 0
0.7500 -0.0323 -0.0049 0 0 -10 0
0.7600 -0.0317 -0.0044 0 0 -10 0
0.7680 -0.0309 -0.0035 0 0 -10 0
0.7680 -0.0309 -0.0035 0 0 -10 0
0.7560 -0.0299 -0.0036 0 0 -10 0
0.7740 -0.0290 -0.0061 0 0 -10 0
0.7720 -0.0281 -0.0061 0 0 -10 0
0.7720 -0.0281 -0.0061 0 0 -10 0
0.7620 -0.0281 -0.0028 0 0 -10 0
0.7560 -0.0279 -0.0017 0 0 -10 0
0.7740 -0.0273 -0.0016 0 0 -10 0
0.7620 -0.0265 0.0003 0 0 -10 0
0.7660 -0.0263 0.0015 0 0 -10 0
0.7660 -0.0263 0.0020 0 0 -10 0
0.7660 -0.0263 0.0020 0 0 -10 0
0.8020 -0.0259 0.0034 0 0 -10 0
0.7900 -0.0253 0.0036 0 0 -10 0
0.7840 -0.0244 0.0023 0 0 -10 0
0.7820 -0.0233 0.0023 0 0 -10 0
0.7820 -0.0226 0.0042 0 0 -10 0
0.7920 -0.0226 0.0042 0 0 -10 0
0.8040 -0.0219 0.0041 0 0 -10 0
0.7900 -0.0219 0.0047 0 0 -10 0
0.7820 -0.0222 0.0049 0 0 -10 0
0.7860 -0.0224 0.0053 0 0 -10 0
0.7940 -0.0222 0.0055 0 0 -10 0
0.7920 -0.0216 0.0050 0 0 -10 0
0.7920 -0.0216 0.0050 0 0 -10 0
0.7960 -0.0215 0.0051 0 0 -10 0
0.7840 -0.0211 0.0049 0 0 -10 0
0.7960 -0.0206 0.0033 0 0 -10 0
0.7960 -0.0206 0.0033 0 0 -10 0
0.8160 -0.0183 0.0067 0 0 -10 0
0.8160 -0.0183 0.0067 0 0 -10 0
0.8140 -0.0182 0.0067 0 0 -10 0
0.7980 -0.0181 0.0050 0 0 -10 0
0.8000 -0.0185 0.0047 0 0 -10 0
0.8000 -0.0187 0.0061 0 0 -10 0
0.8100 -0.0187 0.0061 0 0 -10 0
0.8140 -0.0190 0.0051 0 0 -10 0
0.7920 -0.0185 0.0052 0 0 -10 0
0.8020 -0.0178 0.0079 0 0 -10 0
0.8060 -0.0170 0.0042 0 0 -10 0
0.8060 -0.0161 0.0049 0 0 -10 0
0.8060 -0.0161 0.0049 0 0 -10 0
0.7980 -0.0164 0.0101 0 0 -10 0
0.7980 -0.0168 0.0099 0 0 -10 0
0.7960 -0.0170 0.0101 0 0 -10 0
0.7840 -0.0169 0.0120 0 0 -10 0
0.7860 -0.0158 0.0122 0 0 -10 0
0.7860 -0.0158 0.0122 0 0 -10 0
0.8100 -0.0148 0.0096 0 0 -10 0
0.7980 -0.0139 0.0094 0 0 -10 0
0.7980 -0.0137 0.0092 0 0 -10 0
0.7720 -0.0146 0.0080 0 0 -10 0
0.7720 -0.0146 0.0080 0 0 -10 0
0.7920 -0.0150 0.0069 0 0 -10 0
0.7840 -0.0142 0.0056 0 0 -10 0
0.7940 -0.0133 0.0047 0 0 -10 0
0.7940 -0.0133 0.0047 0 0 -10 0
0.7820 -0.0121 0.0064 0 0 -10 0
0.7820 -0.0121 0.0064 0 0 -10 0
0.7840 -0.0116 0.0076 0 0 -10 0
0.8100 -0.0114 0.0074 0 0 -10 0
0.8140 -0.0116 0.0067 0 0 -10 0
0.7980 -0.0119 0.0060 0 0 -10 0
0.7860 -0.0119 0.0057 0 0 -10 0
0.8040 -0.0118 0.0059 0 0 -10 0
0.8040 -0.0113 0.0080 0 0 -10 0
0.7980 -0.0112 0.0059 0 0 -10 0
0.8180 -0.0112 0.0064 0 0 -10 0
0.8120 -0.0110 0.0060 0 0 -10 0
0.8000 -0.0107 0.0065 0 0 -10 0
0.7980 -0.0105 0.0047 0 0 -10 0
0.7980 -0.0105 0.0047 0 0 -10 0
0.8360 -0.0101 0.0064 0 0 -10 0
0.8320 -0.0097 0.0080 0 0 -10 0
0.8140 -0.0092 0.0081 0 0 -10 0
0.8160 -0.0086 0.0074 0 0 -10 0
0.7940 -0.0076 0.0077 0 0 -10 0
0.7920 -0.0068 0.0091 0 0 -10 0
0.7920 -0.0068 0.0091 0 0 -10 0
0.7980 -0.0057 0.0091 0 0 -10 0
0.7760 -0.0050 0.0043 0 0 -10 0
