0.4360 -0.3832 0.0113 0 0 -10 0
0.4280 -0.3877 0.0086 0 0 -10 0
0.4300 -0.3874 0.0070 0 0 -10 0
0.4360 -0.3872 0.0050 0 0 -10 0
0.4360 -0.3872 0.0050 0 0 -10 0
0.4220 -0.3885 0.0061 0 0 -10 0
0.4220 -0.3885 0.0061 0 0 -10 0
0.4280 -0.3890 0.0054 0 0 -10 0
0.4280 -0.3893 0.0058 0 0 -10 0
0.4360 -0.3894 0.0058 0 0 -10 0
0.4580 -0.3894 0.0047 0 0 -10 0
0.4580 -0.3894 0.0047 0 0 -10 0
0.4300 -0.3880 0.0053 0 0 -10 0
0.4340 -0.3880 0.0053 0 0 -10 0
0.4020 -0.3879 0.0048 0 0 -10 0
0.4020 -0.3874 0.0070 0 0 -10 0
0.4080 -0.3872 0.0070 0 0 -10 0
0.4080 -0.3872 0.0070 0 0 -10 0
0.4220 -0.3870 0.0093 0 0 -10 0
0.4320 -0.3866 0.0096 0 0 -10 0
0.4220 -0.3862 0.0090 0 0 -10 0
0.4320 -0.3849 0.0093 0 0 -10 0
0.4320 -0.3849 0.0093 0 0 -10 0
0.4120 -0.3838 0.0086 0 0 -10 0
0.4120 -0.3838 0.0086 0 0 -10 0
0.4440 -0.3836 0.0092 0 0 -10 0
0.4200 -0.3838 0.0082 0 0 -10 0
0.4300 -0.3838 0.0093 0 0 -10 0
0.4360 -0.3833 0.0086 0 0 -10 0
0.4320 -0.3824 0.0090 0 0 -10 0
0.4440 -0.3819 0.0088 0 0 -10 0
0.4440 -0.3819 0.0088 0 0 -10 0
0.4220 -0.3812 0.0074 0 0 -10 0
0.4260 -0.3809 0.0060 0 0 -10 0
0.4460 -0.3809 0.0066 0 0 -10 0
0.4440 -0.3808 0.0065 0 0 -10 0
0.4440 -0.3808 0.0065 0 0 -10 0
0.4380 -0.3806 0.0065 0 0 -10 0
0.4440 -0.3800 0.0064 0 0 -10 0
0.4220 -0.3796 0.0071 0 0 -10 0
0.4200 -0.3788 0.0069 0 0 -10 0
0.4320 -0.3788 0.0057 0 0 -10 0
0.4540 -0.3788 0.0040 0 0 -10 0
0.4220 -0.3784 0.0046 0 0 -10 0
0.4400 -0.3785 0.0048 0 0 -10 0
0.4460 -0.3781 0.0068 0 0 -10 0
0.4480 -0.3772 0.0078 0 0 -10 0
0.4380 -0.3763 0.0080 0 0 -10 0
0.4360 -0.3757 0.0082 0 0 -10 0
0.4360 -0.3757 0.0082 0 0 -10 0
0.4200 -0.3748 0.0072 0 0 -10 0
0.4200 -0.3748 0.0072 0 0 -10 0
0.4420 -0.3747 0.0061 0 0 -10 0
0.4340 -0.3743 0.0048 0 0 -10 0
0.4420 -0.3741 0.0048 0 0 -10 0
0.4580 -0.3738 0.0054 0 0 -10 0
0.4580 -0.3738 0.0054 0 0 -10 0
0.4400 -0.3721 0.0032 0 0 -10 0
0.4400 -0.3721 0.0032 0 0 -10 0
0.4360 -0.3715 0.0026 0 0 -10 0
0.4700 -0.3712 0.0033 0 0 -10 0
0.4580 -0.3714 0.0039 0 0 -10 0
0.4500 -0.3712 0.0029 0 0 -10 0
0.4280 -0.3708 0.0045 0 0 -10 0
0.4280 -0.3708 0.0045 0 0 -10 0
0.4540 -0.3704 0.0062 0 0 -10 0
0.4320 -0.3696 0.0065 0 0 -10 0
0.4580 -0.3687 0.0051 0 0 -10 0
0.4420 -0.3681 0.0048 0 0 -10 0
0.4400 -0.3679 0.0058 0 0 -10 0
0.4400 -0.3679 0.0058 0 0 -10 0
0.4360 -0.3675 0.0068 0 0 -10 0
0.4480 -0.3674 0.0067 0 0 -10 0
0.4440 -0.3669 0.0064 0 0 -10 0
0.4500 -0.3665 0.0065 0 0 -10 0
0.4760 -0.3665 0.0046 0 0 -10 0
0.4760 -0.3665 0.0046 0 0 -10 0
0.4660 -0.3659 0.0048 0 0 -10 0
0.4580 -0.3654 0.0050 0 0 -10 0
0.4520 -0.3651 0.0038 0 0 -10 0
0.4580 -0.3650 0.0032 0 0 -10 0
0.4500 -0.3644 0.0029 0 0 -10 0
0.4160 -0.3643 0.0068 0 0 -10 0
0.4160 -0.3643 0.0068 0 0 -10 0
0.4540 -0.3643 0.0068 0 0 -10 0
0.4480 -0.3643 0.0070 0 0 -10 0
0.4620 -0.3636 0.0073 0 0 -10 0
0.4460 -0.3632 0.0067 0 0 -10 0
0.4460 -0.3630 0.0056 0 0 -10 0
0.4440 -0.3629 0.0040 0 0 -10 0
0.4400 -0.3633 0.0067 0 0 -10 0
0.4300 -0.3632 0.0067 0 0 -10 0
0.4180 -0.3625 0.0049 0 0 -10 0
0.4240 -0.3619 0.0047 0 0 -10 0
0.4340 -0.3616 0.0060 0 0 -10 0
0.4300 -0.3611 0.0071 0 0 -10 0
0.4300 -0.3608 0.0063 0 0 -10 0
0.4520 -0.3608 0.0063 0 0 -10 0
0.4520 -0.3604 0.0061 0 0 -10 0
0.4380 -0.3596 0.0054 0 0 -10 0
0.4240 -0.3588 0.0047 0 0 -10 0
0.4500 -0.3581 0.0010 0 0 -10 0
0.4500 -0.3581 0.0010 0 0 -10 0
0.4440 -0.3576 0.0019 0 0 -10 0
0.4340 -0.3570 0.0016 0 0 -10 0
0.4520 -0.3566 -0.0023 0 0 -10 0
0.4540 -0.3564 -0.0033 0 0 -10 0
0.4400 -0.3560 -0.0032 0 0 -10 0
0.4500 -0.3559 -0.0038 0 0 -10 0
0.4500 -0.3559 -0.0038 0 0 -10 0
0.4620 -0.3560 -0.0052 0 0 -10 0
0.4320 -0.3561 -0.0053 0 0 -10 0
0.4560 -0.3559 -0.0051 0 0 -10 0
0.4440 -0.3555 -0.0027 0 0 -10 0
0.4440 -0.3555 -0.0027 0 0 -10 0
0.4420 -0.3549 -0.0024 0 0 -10 0
0.4540 -0.3542 -0.0011 0 0 -10 0
0.4640 -0.3538 -0.0009 0 0 -10 0
0.4620 -0.3534 -0.0032 0 0 -10 0
0.4300 -0.3536 -0.0032 0 0 -10 0
0.4600 -0.3533 -0.0033 0 0 -10 0
0.4600 -0.3533 -0.0033 0 0 -10 0
0.4400 -0.3530 -0.0016 0 0 -10 0
0.4640 -0.3523 -0.0007 0 0 -10 0
0.4360 -0.3518 -0.0016 0 0 -10 0
0.4360 -0.3510 -0.0021 0 0 -10 0
0.4580 -0.3508 -0.0029 0 0 -10 0
0.4440 -0.3512 -0.0033 0 0 -10 0
0.4440 -0.3512 -0.0033 0 0 -10 0
0.4540 -0.3519 -0.0012 0 0 -10 0
0.4520 -0.3517 -0.0009 0 0 -10 0
0.4260 -0.3509 0.0000 0 0 -10 0
0.4360 -0.3491 0.0017 0 0 -10 0
0.4420 -0.3480 0.0017 0 0 -10 0
0.4420 -0.3480 0.0017 0 0 -10 0
0.4600 -0.3471 0.0037 0 0 -10 0
0.4340 -0.3466 0.0037 0 0 -10 0
0.4520 -0.3465 0.0044 0 0 -10 0
0.4320 -0.3464 0.0039 0 0 -10 0
0.4640 -0.3461 0.0027 0 0 -10 0
0.4360 -0.3464 0.0021 0 0 -10 0
0.4400 -0.3461 0.0024 0 0 -10 0
0.4400 -0.3461 0.0024 0 0 -10 0
0.4640 -0.3454 0.0023 0 0 -10 0
0.4520 -0.3447 -0.0003 0 0 -10 0
0.4380 -0.3444 -0.0005 0 0 -10 0
0.4540 -0.3439 0.0000 0 0 -10 0
0.4380 -0.3433 -0.0004 0 0 -10 0
0.4620 -0.3428 -0.0012 0 0 -10 0
0.4620 -0.3428 -0.0012 0 0 -10 0
0.4560 -0.3414 0.0003 0 0 -10 0
0.4480 -0.3410 0.0005 0 0 -10 0
0.4400 -0.3403 0.0003 0 0 -10 0
0.4220 -0.3398 -0.0021 0 0 -10 0
0.4320 -0.3401 -0.0002 0 0 -10 0
0.4340 -0.3406 -0.0006 0 0 -10 0
0.4340 -0.3406 -0.0006 0 0 -10 0
0.4500 -0.3413 -0.0005 0 0 -10 0
0.4280 -0.3408 0.0021 0 0 -10 0
0.4360 -0.3401 0.0035 0 0 -10 0
0.4360 -0.3392 0.0031 0 0 -10 0
0.4440 -0.3382 0.0010 0 0 -10 0
0.4360 -0.3375 0.0002 0 0 -10 0
0.4360 -0.3375 0.0002 0 0 -10 0
0.4320 -0.3373 0.0014 0 0 -10 0
0.4200 -0.3373 0.0016 0 0 -10 0
0.4560 -0.3372 0.0010 0 0 -10 0
0.4560 -0.3372 0.0010 0 0 -10 0
0.4560 -0.3358 0.0021 0 0 -10 0
0.4440 -0.3347 0.0016 0 0 -10 0
0.4340 -0.3336 0.0019 0 0 -10 0
0.4520 -0.3329 0.0016 0 0 -10 0
0.4300 -0.3332 0.0019 0 0 -10 0
0.4300 -0.3332 0.0019 0 0 -10 0
0.4200 -0.3334 0.0017 0 0 -10 0
0.4340 -0.3332 0.0014 0 0 -10 0
0.4480 -0.3321 0.0018 0 0 -10 0
0.4420 -0.3306 0.0031 0 0 -10 0
0.4420 -0.3306 0.0031 0 0 -10 0
0.4200 -0.3280 0.0007 0 0 -10 0
0.4200 -0.3280 0.0007 0 0 -10 0
0.4420 -0.3279 0.0010 0 0 -10 0
0.4480 -0.3279 0.0022 0 0 -10 0
0.4540 -0.3284 0.0023 0 0 -10 0
0.4540 -0.3284 0.0023 0 0 -10 0
0.4340 -0.3293 0.0020 0 0 -10 0
0.4240 -0.3294 0.0035 0 0 -10 0
0.4240 -0.3289 0.0053 0 0 -10 0
0.4440 -0.3284 0.0020 0 0 -10 0
0.4660 -0.3274 0.0014 0 0 -10 0
0.4440 -0.3267 0.0015 0 0 -10 0
0.4440 -0.3267 0.0015 0 0 -10 0
0.4580 -0.3262 0.0012 0 0 -10 0
0.4360 -0.3266 0.0003 0 0 -10 0
0.4560 -0.3268 -0.0001 0 0 -10 0
0.4380 -0.3269 -0.0015 0 0 -10 0
0.4380 -0.3269 -0.0015 0 0 -10 0
0.4280 -0.3261 -0.0025 0 0 -10 0
0.4280 -0.3261 -0.0025 0 0 -10 0
0.4400 -0.3251 -0.0032 0 0 -10 0
0.4560 -0.3237 -0.0033 0 0 -10 0
0.4320 -0.3230 -0.0045 0 0 -10 0
0.4440 -0.3223 -0.0049 0 0 -10 0
0.4440 -0.3221 -0.0050 0 0 -10 0
0.4580 -0.3220 -0.0051 0 0 -10 0
0.4580 -0.3220 -0.0051 0 0 -10 0
0.4660 -0.3220 -0.0058 0 0 -10 0
0.4420 -0.3215 -0.0060 0 0 -10 0
0.4440 -0.3212 -0.0062 0 0 -10 0
0.4440 -0.3212 -0.0062 0 0 -10 0
0.4480 -0.3208 -0.0060 0 0 -10 0
0.4500 -0.3197 -0.0076 0 0 -10 0
0.4500 -0.3197 -0.0076 0 0 -10 0
0.4440 -0.3188 -0.0082 0 0 -10 0
0.4600 -0.3182 -0.0084 0 0 -10 0
0.4540 -0.3183 -0.0083 0 0 -10 0
0.4540 -0.3183 -0.0083 0 0 -10 0
0.4380 -0.3175 -0.0071 0 0 -10 0
0.4540 -0.3171 -0.0083 0 0 -10 0
0.4480 -0.3165 -0.0077 0 0 -10 0
0.4360 -0.3157 -0.0065 0 0 -10 0
0.4520 -0.3152 -0.0051 0 0 -10 0
0.4480 -0.3151 -0.0062 0 0 -10 0
0.4480 -0.3151 -0.0062 0 0 -10 0
0.4480 -0.3149 -0.0080 0 0 -10 0
0.4440 -0.3146 -0.0075 0 0 -10 0
0.4320 -0.3142 -0.0050 0 0 -10 0
0.4620 -0.3141 -0.0051 0 0 -10 0
0.4620 -0.3141 -0.0051 0 0 -10 0
0.4720 -0.3140 -0.0045 0 0 -10 0
0.4340 -0.3142 -0.0046 0 0 -10 0
0.4320 -0.3138 -0.0076 0 0 -10 0
0.4320 -0.3135 -0.0113 0 0 -10 0
0.4400 -0.3123 -0.0107 0 0 -10 0
0.4200 -0.3114 -0.0091 0 0 -10 0
0.4200 -0.3114 -0.0091 0 0 -10 0
0.4420 -0.3105 -0.0092 0 0 -10 0
0.4380 -0.3105 -0.0074 0 0 -10 0
0.4520 -0.3105 -0.0073 0 0 -10 0
0.4440 -0.3101 -0.0036 0 0 -10 0
0.4560 -0.3095 -0.0034 0 0 -10 0
0.4560 -0.3095 -0.0034 0 0 -10 0
0.4600 -0.3086 -0.0049 0 0 -10 0
0.4600 -0.3077 -0.0024 0 0 -10 0
0.4440 -0.3077 -0.0024 0 0 -10 0
0.4360 -0.3080 -0.0021 0 0 -10 0
0.4360 -0.3080 -0.0045 0 0 -10 0
0.4540 -0.3082 -0.0030 0 0 -10 0
0.4420 -0.3080 -0.0035 0 0 -10 0
0.4480 -0.3067 -0.0059 0 0 -10 0
0.4380 -0.3059 -0.0055 0 0 -10 0
0.4380 -0.3059 -0.0055 0 0 -10 0
0.4660 -0.3057 -0.0026 0 0 -10 0
0.4520 -0.3057 -0.0020 0 0 -10 0
0.4520 -0.3056 -0.0003 0 0 -10 0
0.4520 -0.3055 -0.0002 0 0 -10 0
0.4520 -0.3055 0.0028 0 0 -10 0
0.4380 -0.3050 0.0052 0 0 -10 0
0.4380 -0.3050 0.0052 0 0 -10 0
0.4480 -0.3039 0.0051 0 0 -10 0
0.4440 -0.3033 0.0050 0 0 -10 0
0.4340 -0.3028 0.0060 0 0 -10 0
0.4280 -0.3026 0.0053 0 0 -10 0
0.4660 -0.3029 0.0053 0 0 -10 0
0.4520 -0.3033 0.0048 0 0 -10 0
0.4500 -0.3030 0.0055 0 0 -10 0
0.4520 -0.3025 0.0053 0 0 -10 0
0.4640 -0.3024 0.0058 0 0 -10 0
0.4640 -0.3024 0.0058 0 0 -10 0
0.4440 -0.3022 0.0059 0 0 -10 0
0.4380 -0.3016 0.0060 0 0 -10 0
0.4420 -0.3010 0.0053 0 0 -10 0
0.4480 -0.3007 0.0058 0 0 -10 0
0.4500 -0.3001 0.0042 0 0 -10 0
0.4460 -0.2999 0.0042 0 0 -10 0
0.4460 -0.2999 0.0042 0 0 -10 0
0.4460 -0.2995 0.0028 0 0 -10 0
0.4600 -0.2991 0.0022 0 0 -10 0
0.4440 -0.2984 0.0039 0 0 -10 0
0.4620 -0.2975 0.0042 0 0 -10 0
0.4540 -0.2963 0.0024 0 0 -10 0
0.4540 -0.2955 0.0025 0 0 -10 0
0.4300 -0.2955 0.0025 0 0 -10 0
0.4440 -0.2944 0.0027 0 0 -10 0
0.4640 -0.2937 0.0028 0 0 -10 0
0.4480 -0.2939 0.0025 0 0 -10 0
0.4500 -0.2942 0.0025 0 0 -10 0
0.4500 -0.2942 0.0025 0 0 -10 0
0.4600 -0.2942 0.0042 0 0 -10 0
0.4400 -0.2940 0.0045 0 0 -10 0
0.4480 -0.2940 0.0048 0 0 -10 0
0.4660 -0.2933 0.0045 0 0 -10 0
0.4480 -0.2933 0.0044 0 0 -10 0
0.4480 -0.2933 0.0044 0 0 -10 0
0.4540 -0.2935 0.0040 0 0 -10 0
0.4540 -0.2927 0.0038 0 0 -10 0
0.4360 -0.2919 0.0037 0 0 -10 0
0.4420 -0.2911 0.0039 0 0 -10 0
0.4420 -0.2911 0.0039 0 0 -10 0
0.4640 -0.2904 0.0024 0 0 -10 0
0.4560 -0.2899 0.0026 0 0 -10 0
0.4540 -0.2896 0.0032 0 0 -10 0
0.4660 -0.2895 0.0025 0 0 -10 0
0.4620 -0.2895 0.0032 0 0 -10 0
0.4520 -0.2890 0.0047 0 0 -10 0
0.4660 -0.2885 0.0045 0 0 -10 0
0.4720 -0.2876 0.0023 0 0 -10 0
0.4780 -0.2870 0.0019 0 0 -10 0
0.4780 -0.2870 0.0019 0 0 -10 0
0.4560 -0.2859 0.0054 0 0 -10 0
0.4740 -0.2857 0.0053 0 0 -10 0
0.4700 -0.2855 0.0063 0 0 -10 0
0.4700 -0.2855 0.0063 0 0 -10 0
0.4580 -0.2843 0.0083 0 0 -10 0
0.4720 -0.2839 0.0081 0 0 -10 0
0.4720 -0.2839 0.0081 0 0 -10 0
0.4800 -0.2832 0.0082 0 0 -10 0
0.4760 -0.2829 0.0074 0 0 -10 0
0.4800 -0.2830 0.0069 0 0 -10 0
0.4800 -0.2830 0.0069 0 0 -10 0
0.4700 -0.2831 0.0042 0 0 -10 0
0.4640 -0.2828 0.0046 0 0 -10 0
0.4800 -0.2824 0.0060 0 0 -10 0
0.4920 -0.2819 0.0063 0 0 -10 0
0.4780 -0.2815 0.0045 0 0 -10 0
0.4720 -0.2810 0.0040 0 0 -10 0
0.4720 -0.2810 0.0040 0 0 -10 0
0.4820 -0.2804 0.0048 0 0 -10 0
0.4660 -0.2803 0.0021 0 0 -10 0
0.4860 -0.2801 0.0022 0 0 -10 0
0.4660 -0.2798 0.0023 0 0 -10 0
0.4820 -0.2797 0.0020 0 0 -10 0
0.4820 -0.2790 -0.0009 0 0 -10 0
0.4880 -0.2790 -0.0009 0 0 -10 0
0.4780 -0.2790 -0.0016 0 0 -10 0
0.4860 -0.2782 -0.0002 0 0 -10 0
0.4800 -0.2773 -0.0010 0 0 -10 0
0.4880 -0.2767 -0.0017 0 0 -10 0
0.4880 -0.2767 -0.0017 0 0 -10 0
0.4700 -0.2767 -0.0055 0 0 -10 0
0.4560 -0.2766 -0.0052 0 0 -10 0
0.4780 -0.2765 -0.0091 0 0 -10 0
0.4840 -0.2761 -0.0025 0 0 -10 0
0.4840 -0.2761 -0.0025 0 0 -10 0
0.4700 -0.2757 -0.0045 0 0 -10 0
0.4700 -0.2757 -0.0045 0 0 -10 0
0.4940 -0.2752 -0.0036 0 0 -10 0
0.4840 -0.2749 -0.0034 0 0 -10 0
0.4660 -0.2747 -0.0032 0 0 -10 0
0.4660 -0.2747 -0.0032 0 0 -10 0
0.4800 -0.2744 -0.0031 0 0 -10 0
0.4860 -0.2739 -0.0040 0 0 -10 0
0.4480 -0.2734 -0.0074 0 0 -10 0
0.4680 -0.2728 -0.0087 0 0 -10 0
0.4680 -0.2728 -0.0087 0 0 -10 0
0.4840 -0.2716 -0.0103 0 0 -10 0
0.4840 -0.2716 -0.0103 0 0 -10 0
0.4660 -0.2709 -0.0100 0 0 -10 0
0.4440 -0.2706 -0.0125 0 0 -10 0
0.4840 -0.2702 -0.0123 0 0 -10 0
0.4840 -0.2702 -0.0123 0 0 -10 0
0.4820 -0.2683 -0.0108 0 0 -10 0
0.4900 -0.2680 -0.0120 0 0 -10 0
0.4880 -0.2678 -0.0116 0 0 -10 0
0.4880 -0.2675 -0.0099 0 0 -10 0
0.4760 -0.2672 -0.0093 0 0 -10 0
0.4760 -0.2672 -0.0093 0 0 -10 0
0.4700 -0.2666 -0.0079 0 0 -10 0
0.4660 -0.2660 -0.0077 0 0 -10 0
0.4720 -0.2652 -0.0089 0 0 -10 0
0.4720 -0.2652 -0.0089 0 0 -10 0
0.4820 -0.2638 -0.0101 0 0 -10 0
0.4740 -0.2636 -0.0096 0 0 -10 0
0.4880 -0.2635 -0.0069 0 0 -10 0
0.4840 -0.2634 -0.0082 0 0 -10 0
0.4920 -0.2626 -0.0078 0 0 -10 0
0.4740 -0.2622 -0.0067 0 0 -10 0
0.4740 -0.2622 -0.0067 0 0 -10 0
0.4820 -0.2617 -0.0084 0 0 -10 0
0.4660 -0.2615 -0.0081 0 0 -10 0
0.4980 -0.2613 -0.0074 0 0 -10 0
0.4980 -0.2613 -0.0074 0 0 -10 0
0.4680 -0.2607 -0.0051 0 0 -10 0
0.4680 -0.2607 -0.0051 0 0 -10 0
0.4720 -0.2595 -0.0057 0 0 -10 0
0.4620 -0.2584 -0.0088 0 0 -10 0
0.4680 -0.2575 -0.0075 0 0 -10 0
0.4740 -0.2576 -0.0068 0 0 -10 0
0.4740 -0.2576 -0.0068 0 0 -10 0
0.4600 -0.2575 -0.0067 0 0 -10 0
0.4600 -0.2575 -0.0067 0 0 -10 0
0.4640 -0.2564 -0.0054 0 0 -10 0
0.4560 -0.2553 -0.0069 0 0 -10 0
0.4680 -0.2543 -0.0068 0 0 -10 0
0.4720 -0.2542 -0.0083 0 0 -10 0
0.4780 -0.2539 -0.0079 0 0 -10 0
0.4600 -0.2539 -0.0081 0 0 -10 0
0.4600 -0.2539 -0.0079 0 0 -10 0
0.4600 -0.2539 -0.0079 0 0 -10 0
0.4640 -0.2535 -0.0053 0 0 -10 0
0.4880 -0.2531 -0.0040 0 0 -10 0
0.4680 -0.2533 -0.0034 0 0 -10 0
0.4780 -0.2531 -0.0029 0 0 -10 0
0.4880 -0.2529 -0.0009 0 0 -10 0
0.4880 -0.2529 -0.0009 0 0 -10 0
0.4800 -0.2526 -0.0001 0 0 -10 0
0.4800 -0.2515 0.0010 0 0 -10 0
0.4780 -0.2510 0.0017 0 0 -10 0
0.4780 -0.2510 0.0017 0 0 -10 0
0.4820 -0.2509 0.0023 0 0 -10 0
0.4900 -0.2510 0.0024 0 0 -10 0
0.4620 -0.2515 0.0024 0 0 -10 0
0.5000 -0.2510 0.0018 0 0 -10 0
0.4800 -0.2500 0.0001 0 0 -10 0
0.4800 -0.2500 0.0001 0 0 -10 0
0.4820 -0.2490 0.0008 0 0 -10 0
0.4900 -0.2482 0.0019 0 0 -10 0
0.4640 -0.2471 0.0019 0 0 -10 0
0.4720 -0.2463 0.0002 0 0 -10 0
0.4720 -0.2463 0.0002 0 0 -10 0
0.4760 -0.2459 0.0000 0 0 -10 0
0.4960 -0.2457 0.0013 0 0 -10 0
0.4880 -0.2458 0.0005 0 0 -10 0
0.4760 -0.2456 0.0006 0 0 -10 0
0.4860 -0.2453 0.0005 0 0 -10 0
0.4860 -0.2453 0.0005 0 0 -10 0
0.4880 -0.2445 -0.0023 0 0 -10 0
0.4880 -0.2445 -0.0023 0 0 -10 0
0.4720 -0.2435 -0.0029 0 0 -10 0
0.4720 -0.2428 -0.0031 0 0 -10 0
0.4840 -0.2424 -0.0050 0 0 -10 0
0.4760 -0.2422 -0.0054 0 0 -10 0
0.4900 -0.2413 -0.0042 0 0 -10 0
0.4920 -0.2407 -0.0046 0 0 -10 0
0.5040 -0.2402 -0.0076 0 0 -10 0
0.4920 -0.2399 -0.0076 0 0 -10 0
0.4860 -0.2394 -0.0060 0 0 -10 0
0.4700 -0.2395 -0.0060 0 0 -10 0
0.4700 -0.2395 -0.0060 0 0 -10 0
0.5000 -0.2395 -0.0058 0 0 -10 0
0.4940 -0.2390 -0.0035 0 0 -10 0
0.4760 -0.2381 -0.0022 0 0 -10 0
0.4940 -0.2376 -0.0020 0 0 -10 0
0.5000 -0.2371 -0.0012 0 0 -10 0
0.5000 -0.2371 -0.0012 0 0 -10 0
0.5100 -0.2370 0.0011 0 0 -10 0
0.4760 -0.2369 0.0002 0 0 -10 0
0.4920 -0.2368 -0.0003 0 0 -10 0
0.4940 -0.2363 -0.0007 0 0 -10 0
0.4940 -0.2363 -0.0007 0 0 -10 0
0.4940 -0.2357 -0.0007 0 0 -10 0
0.4840 -0.2344 -0.0039 0 0 -10 0
0.4900 -0.2343 -0.0058 0 0 -10 0
0.4940 -0.2341 -0.0057 0 0 -10 0
0.4720 -0.2342 -0.0073 0 0 -10 0
0.4720 -0.2342 -0.0073 0 0 -10 0
0.4900 -0.2344 -0.0067 0 0 -10 0
0.4920 -0.2341 -0.0058 0 0 -10 0
0.4840 -0.2336 -0.0061 0 0 -10 0
0.4840 -0.2336 -0.0061 0 0 -10 0
0.4940 -0.2330 -0.0080 0 0 -10 0
0.5060 -0.2325 -0.0074 0 0 -10 0
0.4760 -0.2325 -0.0091 0 0 -10 0
0.4780 -0.2320 -0.0094 0 0 -10 0
0.4940 -0.2313 -0.0047 0 0 -10 0
0.4860 -0.2311 -0.0045 0 0 -10 0
0.4860 -0.2311 -0.0045 0 0 -10 0
0.4900 -0.2309 -0.0047 0 0 -10 0
0.4920 -0.2303 -0.0049 0 0 -10 0
0.4800 -0.2294 -0.0049 0 0 -10 0
0.4900 -0.2290 -0.0065 0 0 -10 0
0.4840 -0.2282 -0.0113 0 0 -10 0
0.4840 -0.2282 -0.0113 0 0 -10 0
0.4820 -0.2275 -0.0123 0 0 -10 0
0.4860 -0.2275 -0.0117 0 0 -10 0
0.5000 -0.2274 -0.0129 0 0 -10 0
0.4880 -0.2273 -0.0154 0 0 -10 0
0.4860 -0.2270 -0.0155 0 0 -10 0
0.4920 -0.2264 -0.0129 0 0 -10 0
0.4920 -0.2264 -0.0129 0 0 -10 0
0.4700 -0.2261 -0.0138 0 0 -10 0
0.4880 -0.2259 -0.0103 0 0 -10 0
0.4820 -0.2261 -0.0097 0 0 -10 0
0.4720 -0.2261 -0.0092 0 0 -10 0
0.4800 -0.2255 -0.0052 0 0 -10 0
0.4780 -0.2249 -0.0049 0 0 -10 0
0.4820 -0.2246 -0.0057 0 0 -10 0
0.4720 -0.2240 -0.0050 0 0 -10 0
0.4720 -0.2240 -0.0050 0 0 -10 0
0.4660 -0.2231 -0.0063 0 0 -10 0
0.4840 -0.2225 -0.0061 0 0 -10 0
0.4980 -0.2215 -0.0070 0 0 -10 0
0.4940 -0.2208 -0.0068 0 0 -10 0
0.4940 -0.2208 -0.0068 0 0 -10 0
0.4900 -0.2193 -0.0074 0 0 -10 0
0.4900 -0.2193 -0.0074 0 0 -10 0
0.4960 -0.2190 -0.0060 0 0 -10 0
0.5100 -0.2188 -0.0056 0 0 -10 0
0.4760 -0.2176 -0.0051 0 0 -10 0
0.4820 -0.2163 -0.0075 0 0 -10 0
0.4820 -0.2163 -0.0075 0 0 -10 0
0.4980 -0.2149 -0.0065 0 0 -10 0
0.4980 -0.2149 -0.0065 0 0 -10 0
0.4820 -0.2145 -0.0060 0 0 -10 0
0.4940 -0.2145 -0.0043 0 0 -10 0
0.4900 -0.2146 -0.0058 0 0 -10 0
0.4900 -0.2146 -0.0058 0 0 -10 0
0.4860 -0.2149 -0.0070 0 0 -10 0
0.4760 -0.2154 -0.0062 0 0 -10 0
0.4860 -0.2145 -0.0054 0 0 -10 0
0.5040 -0.2133 -0.0066 0 0 -10 0
0.4960 -0.2125 -0.0062 0 0 -10 0
0.4960 -0.2125 -0.0062 0 0 -10 0
0.4780 -0.2116 -0.0035 0 0 -10 0
0.4960 -0.2109 -0.0075 0 0 -10 0
0.5060 -0.2104 -0.0070 0 0 -10 0
0.4820 -0.2095 -0.0060 0 0 -10 0
0.4960 -0.2093 -0.0063 0 0 -10 0
0.5140 -0.2089 -0.0051 0 0 -10 0
0.5140 -0.2089 -0.0051 0 0 -10 0
0.5140 -0.2089 -0.0048 0 0 -10 0
0.5160 -0.2086 -0.0004 0 0 -10 0
0.4960 -0.2083 -0.0005 0 0 -10 0
0.5160 -0.2084 0.0003 0 0 -10 0
0.5000 -0.2083 0.0002 0 0 -10 0
0.5080 -0.2079 -0.0020 0 0 -10 0
0.5080 -0.2079 -0.0020 0 0 -10 0
0.4920 -0.2078 -0.0014 0 0 -10 0
0.5020 -0.2076 0.0027 0 0 -10 0
0.4880 -0.2073 0.0027 0 0 -10 0
0.4920 -0.2070 0.0070 0 0 -10 0
0.4920 -0.2070 0.0070 0 0 -10 0
0.4860 -0.2056 0.0070 0 0 -10 0
0.5160 -0.2056 0.0070 0 0 -10 0
0.5000 -0.2048 0.0089 0 0 -10 0
0.4820 -0.2045 0.0096 0 0 -10 0
0.4940 -0.2046 0.0084 0 0 -10 0
0.4940 -0.2046 0.0084 0 0 -10 0
0.5020 -0.2049 0.0078 0 0 -10 0
0.4920 -0.2039 0.0088 0 0 -10 0
0.5040 -0.2039 0.0088 0 0 -10 0
0.4960 -0.2034 0.0071 0 0 -10 0
0.5040 -0.2031 0.0064 0 0 -10 0
0.4980 -0.2029 0.0066 0 0 -10 0
0.4980 -0.2029 0.0066 0 0 -10 0
0.5120 -0.2029 0.0056 0 0 -10 0
0.5020 -0.2020 0.0030 0 0 -10 0
0.5440 -0.2013 0.0024 0 0 -10 0
0.5140 -0.2006 0.0024 0 0 -10 0
0.5140 -0.2003 0.0012 0 0 -10 0
0.4940 -0.2003 0.0012 0 0 -10 0
0.5140 -0.2001 0.0023 0 0 -10 0
0.5140 -0.1997 0.0018 0 0 -10 0
0.5280 -0.1988 0.0022 0 0 -10 0
0.4740 -0.1983 0.0021 0 0 -10 0
0.4740 -0.1983 0.0021 0 0 -10 0
0.5100 -0.1982 0.0035 0 0 -10 0
0.5000 -0.1982 0.0033 0 0 -10 0
0.5140 -0.1979 0.0056 0 0 -10 0
0.5180 -0.1969 0.0052 0 0 -10 0
0.5400 -0.1959 0.0079 0 0 -10 0
0.5160 -0.1951 0.0074 0 0 -10 0
0.5200 -0.1948 0.0093 0 0 -10 0
0.5200 -0.1948 0.0093 0 0 -10 0
0.5200 -0.1947 0.0093 0 0 -10 0
0.5240 -0.1947 0.0088 0 0 -10 0
0.5180 -0.1945 0.0087 0 0 -10 0
0.5100 -0.1942 0.0112 0 0 -10 0
0.5100 -0.1941 0.0119 0 0 -10 0
0.5280 -0.1933 0.0149 0 0 -10 0
0.5240 -0.1933 0.0149 0 0 -10 0
0.5140 -0.1928 0.0148 0 0 -10 0
0.5400 -0.1923 0.0159 0 0 -10 0
0.5260 -0.1911 0.0176 0 0 -10 0
0.5160 -0.1902 0.0165 0 0 -10 0
0.5160 -0.1902 0.0165 0 0 -10 0
0.5280 -0.1900 0.0163 0 0 -10 0
0.5480 -0.1898 0.0157 0 0 -10 0
0.5300 -0.1898 0.0150 0 0 -10 0
0.5280 -0.1898 0.0124 0 0 -10 0
0.5280 -0.1895 0.0149 0 0 -10 0
0.5140 -0.1889 0.0144 0 0 -10 0
0.5140 -0.1889 0.0144 0 0 -10 0
0.5280 -0.1884 0.0130 0 0 -10 0
0.5280 -0.1876 0.0112 0 0 -10 0
0.5080 -0.1869 0.0133 0 0 -10 0
0.5260 -0.1864 0.0124 0 0 -10 0
0.5400 -0.1861 0.0074 0 0 -10 0
0.5400 -0.1861 0.0074 0 0 -10 0
0.4980 -0.1863 0.0071 0 0 -10 0
0.5220 -0.1860 0.0131 0 0 -10 0
0.5440 -0.1857 0.0146 0 0 -10 0
0.5240 -0.1850 0.0126 0 0 -10 0
0.5240 -0.1850 0.0126 0 0 -10 0
0.5380 -0.1842 0.0120 0 0 -10 0
0.5260 -0.1833 0.0147 0 0 -10 0
0.5060 -0.1827 0.0108 0 0 -10 0
0.5180 -0.1824 0.0104 0 0 -10 0
0.5060 -0.1821 0.0105 0 0 -10 0
0.5060 -0.1821 0.0105 0 0 -10 0
0.5160 -0.1811 0.0101 0 0 -10 0
0.5320 -0.1809 0.0054 0 0 -10 0
0.5340 -0.1807 0.0074 0 0 -10 0
0.5280 -0.1811 0.0096 0 0 -10 0
0.5280 -0.1811 0.0096 0 0 -10 0
0.5380 -0.1809 0.0109 0 0 -10 0
0.5240 -0.1804 0.0110 0 0 -10 0
0.5360 -0.1798 0.0104 0 0 -10 0
0.5400 -0.1790 0.0102 0 0 -10 0
0.5400 -0.1790 0.0099 0 0 -10 0
0.5420 -0.1789 0.0088 0 0 -10 0
0.5340 -0.1788 0.0104 0 0 -10 0
0.5280 -0.1785 0.0098 0 0 -10 0
0.5200 -0.1782 0.0108 0 0 -10 0
0.5280 -0.1774 0.0103 0 0 -10 0
0.5280 -0.1768 0.0110 0 0 -10 0
0.5360 -0.1760 0.0100 0 0 -10 0
0.5340 -0.1754 0.0096 0 0 -10 0
0.5120 -0.1756 0.0090 0 0 -10 0
0.5120 -0.1756 0.0090 0 0 -10 0
0.5300 -0.1756 0.0099 0 0 -10 0
0.5340 -0.1745 0.0092 0 0 -10 0
0.5160 -0.1742 0.0082 0 0 -10 0
0.5420 -0.1736 0.0072 0 0 -10 0
0.5420 -0.1736 0.0072 0 0 -10 0
0.5100 -0.1732 0.0056 0 0 -10 0
0.5280 -0.1729 0.0070 0 0 -10 0
0.5280 -0.1729 0.0070 0 0 -10 0
0.5200 -0.1727 0.0075 0 0 -10 0
0.5320 -0.1730 0.0073 0 0 -10 0
0.5360 -0.1727 0.0058 0 0 -10 0
0.5380 -0.1722 0.0058 0 0 -10 0
0.5220 -0.1717 0.0058 0 0 -10 0
0.5080 -0.1707 0.0058 0 0 -10 0
0.5320 -0.1696 0.0030 0 0 -10 0
0.5300 -0.1690 0.0029 0 0 -10 0
0.5500 -0.1689 0.0021 0 0 -10 0
0.5200 -0.1692 0.0018 0 0 -10 0
0.5300 -0.1695 0.0026 0 0 -10 0
0.5280 -0.1697 0.0025 0 0 -10 0
0.5220 -0.1691 0.0017 0 0 -10 0
0.5340 -0.1682 0.0025 0 0 -10 0
0.5340 -0.1674 0.0015 0 0 -10 0
0.5420 -0.1668 0.0030 0 0 -10 0
0.5300 -0.1663 0.0031 0 0 -10 0
0.5360 -0.1659 0.0028 0 0 -10 0
0.5360 -0.1659 0.0028 0 0 -10 0
0.5340 -0.1661 0.0020 0 0 -10 0
0.5300 -0.1663 0.0040 0 0 -10 0
0.5300 -0.1663 0.0040 0 0 -10 0
0.5380 -0.1653 0.0036 0 0 -10 0
0.5380 -0.1653 0.0036 0 0 -10 0
0.5380 -0.1649 0.0064 0 0 -10 0
0.5180 -0.1638 0.0088 0 0 -10 0
0.5260 -0.1635 0.0067 0 0 -10 0
0.5200 -0.1628 0.0068 0 0 -10 0
0.5200 -0.1628 0.0068 0 0 -10 0
0.5120 -0.1623 0.0096 0 0 -10 0
0.5240 -0.1621 0.0101 0 0 -10 0
0.5240 -0.1616 0.0101 0 0 -10 0
0.5240 -0.1616 0.0101 0 0 -10 0
0.5240 -0.1611 0.0114 0 0 -10 0
0.5280 -0.1602 0.0091 0 0 -10 0
0.5440 -0.1598 0.0087 0 0 -10 0
0.5220 -0.1596 0.0088 0 0 -10 0
0.5220 -0.1596 0.0088 0 0 -10 0
0.5380 -0.1576 0.0086 0 0 -10 0
0.5240 -0.1575 0.0084 0 0 -10 0
0.5440 -0.1574 0.0104 0 0 -10 0
0.5400 -0.1575 0.0099 0 0 -10 0
0.5440 -0.1572 0.0098 0 0 -10 0
0.5220 -0.1566 0.0113 0 0 -10 0
0.5440 -0.1567 0.0116 0 0 -10 0
0.5400 -0.1571 0.0121 0 0 -10 0
0.5480 -0.1573 0.0111 0 0 -10 0
0.5400 -0.1567 0.0102 0 0 -10 0
0.5400 -0.1567 0.0102 0 0 -10 0
0.5460 -0.1557 0.0093 0 0 -10 0
0.5100 -0.1552 0.0102 0 0 -10 0
0.5260 -0.1553 0.0105 0 0 -10 0
0.5460 -0.1554 0.0103 0 0 -10 0
0.5460 -0.1554 0.0103 0 0 -10 0
0.5480 -0.1553 0.0085 0 0 -10 0
0.5560 -0.1548 0.0078 0 0 -10 0
0.5500 -0.1535 0.0073 0 0 -10 0
0.5360 -0.1526 0.0049 0 0 -10 0
0.5300 -0.1522 0.0047 0 0 -10 0
0.5300 -0.1522 0.0047 0 0 -10 0
0.5480 -0.1522 0.0037 0 0 -10 0
0.5540 -0.1522 0.0037 0 0 -10 0
0.5620 -0.1519 0.0015 0 0 -10 0
0.5400 -0.1513 0.0002 0 0 -10 0
0.5620 -0.1506 0.0011 0 0 -10 0
0.5560 -0.1500 0.0007 0 0 -10 0
0.5560 -0.1500 0.0007 0 0 -10 0
0.5540 -0.1495 -0.0009 0 0 -10 0
0.5660 -0.1487 -0.0002 0 0 -10 0
0.5720 -0.1484 0.0005 0 0 -10 0
0.5460 -0.1479 0.0016 0 0 -10 0
0.5460 -0.1477 -0.0016 0 0 -10 0
0.5740 -0.1471 -0.0002 0 0 -10 0
0.5740 -0.1471 -0.0002 0 0 -10 0
0.5640 -0.1466 0.0002 0 0 -10 0
0.5740 -0.1461 0.0002 0 0 -10 0
0.5740 -0.1461 0.0002 0 0 -10 0
0.5500 -0.1461 -0.0001 0 0 -10 0
0.5560 -0.1459 -0.0004 0 0 -10 0
0.5900 -0.1457 0.0002 0 0 -10 0
0.5640 -0.1450 0.0001 0 0 -10 0
0.5640 -0.1450 0.0001 0 0 -10 0
0.5560 -0.1435 -0.0007 0 0 -10 0
0.5560 -0.1435 -0.0007 0 0 -10 0
0.5640 -0.1429 -0.0024 0 0 -10 0
0.5640 -0.1425 -0.0024 0 0 -10 0
0.5700 -0.1424 -0.0006 0 0 -10 0
0.5660 -0.1423 -0.0007 0 0 -10 0
0.5660 -0.1423 -0.0007 0 0 -10 0
0.5740 -0.1421 -0.0053 0 0 -10 0
0.5820 -0.1413 -0.0023 0 0 -10 0
0.5860 -0.1405 -0.0022 0 0 -10 0
0.5860 -0.1405 -0.0022 0 0 -10 0
0.5860 -0.1396 -0.0012 0 0 -10 0
0.5860 -0.1396 -0.0012 0 0 -10 0
0.5580 -0.1393 0.0006 0 0 -10 0
0.5580 -0.1389 0.0010 0 0 -10 0
0.5760 -0.1383 -0.0020 0 0 -10 0
0.5620 -0.1379 -0.0023 0 0 -10 0
0.5680 -0.1375 -0.0006 0 0 -10 0
0.5680 -0.1375 -0.0006 0 0 -10 0
0.5700 -0.1372 -0.0012 0 0 -10 0
0.5600 -0.1366 -0.0024 0 0 -10 0
0.5560 -0.1358 -0.0012 0 0 -10 0
0.5820 -0.1349 -0.0011 0 0 -10 0
0.5860 -0.1348 -0.0010 0 0 -10 0
0.5920 -0.1342 -0.0021 0 0 -10 0
0.5920 -0.1342 -0.0021 0 0 -10 0
0.5720 -0.1336 -0.0013 0 0 -10 0
0.5780 -0.1328 -0.0022 0 0 -10 0
0.5800 -0.1322 -0.0021 0 0 -10 0
0.5500 -0.1319 -0.0026 0 0 -10 0
0.5680 -0.1321 -0.0015 0 0 -10 0
0.5760 -0.1323 -0.0012 0 0 -10 0
0.5720 -0.1318 -0.0004 0 0 -10 0
0.5640 -0.1311 -0.0004 0 0 -10 0
0.5640 -0.1311 -0.0004 0 0 -10 0
0.5800 -0.1296 0.0012 0 0 -10 0
0.5860 -0.1289 0.0009 0 0 -10 0
0.5700 -0.1284 -0.0007 0 0 -10 0
0.5840 -0.1281 0.0021 0 0 -10 0
0.5820 -0.1278 0.0043 0 0 -10 0
0.5680 -0.1276 0.0014 0 0 -10 0
0.5680 -0.1276 0.0014 0 0 -10 0
0.5820 -0.1274 0.0034 0 0 -10 0
0.5880 -0.1270 0.0059 0 0 -10 0
0.5820 -0.1271 0.0057 0 0 -10 0
0.6000 -0.1266 0.0061 0 0 -10 0
0.5800 -0.1261 0.0057 0 0 -10 0
0.5560 -0.1256 0.0063 0 0 -10 0
0.5560 -0.1256 0.0063 0 0 -10 0
0.5860 -0.1255 0.0045 0 0 -10 0
0.5760 -0.1253 0.0044 0 0 -10 0
0.6060 -0.1251 0.0048 0 0 -10 0
0.5780 -0.1246 0.0054 0 0 -10 0
0.5780 -0.1246 0.0054 0 0 -10 0
0.5720 -0.1246 0.0031 0 0 -10 0
0.5640 -0.1240 0.0030 0 0 -10 0
0.5940 -0.1236 0.0042 0 0 -10 0
0.5780 -0.1226 0.0033 0 0 -10 0
0.5780 -0.1226 0.0033 0 0 -10 0
0.5760 -0.1206 0.0040 0 0 -10 0
0.5760 -0.1206 0.0040 0 0 -10 0
0.5720 -0.1200 0.0037 0 0 -10 0
0.6060 -0.1199 0.0029 0 0 -10 0
0.6000 -0.1198 0.0029 0 0 -10 0
0.5900 -0.1199 0.0022 0 0 -10 0
0.5900 -0.1199 0.0022 0 0 -10 0
0.5760 -0.1195 -0.0011 0 0 -10 0
0.5920 -0.1195 -0.0011 0 0 -10 0
0.5800 -0.1192 -0.0009 0 0 -10 0
0.6020 -0.1187 -0.0000 0 0 -10 0
0.6040 -0.1185 -0.0016 0 0 -10 0
0.5820 -0.1182 -0.0013 0 0 -10 0
0.5820 -0.1182 -0.0013 0 0 -10 0
0.5780 -0.1181 -0.0000 0 0 -10 0
0.5860 -0.1178 0.0002 0 0 -10 0
0.6000 -0.1168 -0.0005 0 0 -10 0
0.6060 -0.1161 0.0013 0 0 -10 0
0.5940 -0.1153 0.0013 0 0 -10 0
0.5940 -0.1153 0.0013 0 0 -10 0
0.6000 -0.1151 0.0004 0 0 -10 0
0.6120 -0.1157 0.0033 0 0 -10 0
0.6120 -0.1157 0.0033 0 0 -10 0
0.5960 -0.1154 -0.0016 0 0 -10 0
0.5920 -0.1153 -0.0022 0 0 -10 0
0.5980 -0.1147 -0.0018 0 0 -10 0
0.5980 -0.1144 -0.0024 0 0 -10 0
0.5900 -0.1140 -0.0025 0 0 -10 0
0.5900 -0.1140 -0.0025 0 0 -10 0
0.5900 -0.1136 -0.0034 0 0 -10 0
0.6080 -0.1121 -0.0078 0 0 -10 0
0.5840 -0.1116 -0.0101 0 0 -10 0
0.5860 -0.1112 -0.0124 0 0 -10 0
0.5860 -0.1112 -0.0124 0 0 -10 0
0.5940 -0.1113 -0.0103 0 0 -10 0
0.5940 -0.1113 -0.0103 0 0 -10 0
0.5860 -0.1109 -0.0090 0 0 -10 0
0.6060 -0.1110 -0.0082 0 0 -10 0
0.6060 -0.1108 -0.0066 0 0 -10 0
0.6100 -0.1104 -0.0057 0 0 -10 0
0.6100 -0.1104 -0.0057 0 0 -10 0
0.5940 -0.1091 -0.0062 0 0 -10 0
0.6060 -0.1087 -0.0057 0 0 -10 0
0.5900 -0.1082 -0.0055 0 0 -10 0
0.5780 -0.1080 -0.0066 0 0 -10 0
0.5960 -0.1082 -0.0085 0 0 -10 0
0.5960 -0.1080 -0.0079 0 0 -10 0
0.5960 -0.1080 -0.0079 0 0 -10 0
0.6080 -0.1078 -0.0095 0 0 -10 0
0.6120 -0.1076 -0.0091 0 0 -10 0
0.6060 -0.1072 -0.0113 0 0 -10 0
0.5920 -0.1067 -0.0112 0 0 -10 0
0.6000 -0.1063 -0.0118 0 0 -10 0
0.6080 -0.1052 -0.0122 0 0 -10 0
0.5700 -0.1047 -0.0110 0 0 -10 0
0.5700 -0.1047 -0.0110 0 0 -10 0
0.5860 -0.1041 -0.0116 0 0 -10 0
0.6020 -0.1039 -0.0140 0 0 -10 0
0.6020 -0.1039 -0.0156 0 0 -10 0
0.6300 -0.1039 -0.0156 0 0 -10 0
0.5920 -0.1029 -0.0186 0 0 -10 0
0.5920 -0.1029 -0.0186 0 0 -10 0
0.5960 -0.1014 -0.0198 0 0 -10 0
0.5820 -0.1012 -0.0226 0 0 -10 0
0.5820 -0.1012 -0.0226 0 0 -10 0
0.5900 -0.1003 -0.0240 0 0 -10 0
0.6120 -0.1002 -0.0258 0 0 -10 0
0.6060 -0.0998 -0.0215 0 0 -10 0
0.6020 -0.0994 -0.0203 0 0 -10 0
0.6020 -0.0994 -0.0203 0 0 -10 0
0.6300 -0.0986 -0.0182 0 0 -10 0
0.6300 -0.0986 -0.0182 0 0 -10 0
0.5940 -0.0985 -0.0151 0 0 -10 0
0.6200 -0.0983 -0.0130 0 0 -10 0
0.6040 -0.0981 -0.0125 0 0 -10 0
0.6480 -0.0976 -0.0110 0 0 -10 0
0.6480 -0.0976 -0.0110 0 0 -10 0
0.6100 -0.0966 -0.0104 0 0 -10 0
0.6300 -0.0960 -0.0128 0 0 -10 0
0.6300 -0.0953 -0.0124 0 0 -10 0
0.6340 -0.0952 -0.0094 0 0 -10 0
0.6400 -0.0948 -0.0095 0 0 -10 0
0.6400 -0.0946 -0.0087 0 0 -10 0
0.6300 -0.0946 -0.0087 0 0 -10 0
0.6140 -0.0939 -0.0081 0 0 -10 0
0.6060 -0.0933 -0.0071 0 0 -10 0
0.6120 -0.0929 -0.0064 0 0 -10 0
0.6200 -0.0923 -0.0063 0 0 -10 0
0.6280 -0.0914 -0.0060 0 0 -10 0
0.6280 -0.0914 -0.0060 0 0 -10 0
0.6220 -0.0899 -0.0024 0 0 -10 0
0.6360 -0.0899 -0.0014 0 0 -10 0
0.6220 -0.0902 -0.0015 0 0 -10 0
0.6220 -0.0903 0.0007 0 0 -10 0
0.6220 -0.0903 0.0007 0 0 -10 0
0.6540 -0.0892 0.0006 0 0 -10 0
0.6540 -0.0892 0.0006 0 0 -10 0
0.6280 -0.0883 0.0006 0 0 -10 0
0.6440 -0.0880 0.0002 0 0 -10 0
0.6560 -0.0881 0.0007 0 0 -10 0
0.6300 -0.0880 0.0011 0 0 -10 0
0.6300 -0.0880 0.0011 0 0 -10 0
0.6400 -0.0877 0.0011 0 0 -10 0
0.6500 -0.0873 0.0013 0 0 -10 0
0.6540 -0.0872 -0.0003 0 0 -10 0
0.6360 -0.0875 -0.0004 0 0 -10 0
0.6720 -0.0869 -0.0021 0 0 -10 0
0.6460 -0.0862 -0.0022 0 0 -10 0
0.6580 -0.0855 -0.0018 0 0 -10 0
0.6300 -0.0847 -0.0021 0 0 -10 0
0.6300 -0.0847 -0.0021 0 0 -10 0
0.6440 -0.0844 -0.0014 0 0 -10 0
0.6540 -0.0842 -0.0008 0 0 -10 0
0.6160 -0.0841 -0.0012 0 0 -10 0
0.6480 -0.0835 -0.0001 0 0 -10 0
0.6480 -0.0835 -0.0001 0 0 -10 0
0.6520 -0.0827 0.0045 0 0 -10 0
0.6420 -0.0825 0.0048 0 0 -10 0
0.6680 -0.0820 0.0049 0 0 -10 0
0.6720 -0.0823 0.0050 0 0 -10 0
0.6660 -0.0823 0.0059 0 0 -10 0
0.6660 -0.0823 0.0059 0 0 -10 0
0.6540 -0.0818 0.0046 0 0 -10 0
0.6560 -0.0818 0.0036 0 0 -10 0
0.6500 -0.0815 0.0038 0 0 -10 0
0.6840 -0.0813 0.0041 0 0 -10 0
0.6580 -0.0808 0.0025 0 0 -10 0
0.6680 -0.0797 0.0008 0 0 -10 0
0.6720 -0.0791 -0.0025 0 0 -10 0
0.6740 -0.0790 -0.0027 0 0 -10 0
0.6580 -0.0789 -0.0032 0 0 -10 0
0.6580 -0.0789 -0.0032 0 0 -10 0
0.6600 -0.0784 -0.0031 0 0 -10 0
0.6660 -0.0783 -0.0014 0 0 -10 0
0.6440 -0.0778 -0.0028 0 0 -10 0
0.6580 -0.0772 -0.0021 0 0 -10 0
0.6720 -0.0769 -0.0018 0 0 -10 0
0.6760 -0.0772 -0.0025 0 0 -10 0
0.6500 -0.0768 -0.0012 0 0 -10 0
0.6500 -0.0761 0.0001 0 0 -10 0
0.6640 -0.0754 0.0022 0 0 -10 0
0.6640 -0.0754 0.0022 0 0 -10 0
0.6720 -0.0747 0.0019 0 0 -10 0
0.6720 -0.0742 0.0005 0 0 -10 0
0.6760 -0.0741 0.0007 0 0 -10 0
0.6740 -0.0739 0.0003 0 0 -10 0
0.6740 -0.0739 0.0003 0 0 -10 0
0.6900 -0.0739 -0.0004 0 0 -10 0
0.6900 -0.0738 -0.0009 0 0 -10 0
0.6780 -0.0731 -0.0000 0 0 -10 0
0.6940 -0.0726 -0.0027 0 0 -10 0
0.7000 -0.0718 -0.0028 0 0 -10 0
0.7000 -0.0718 -0.0028 0 0 -10 0
0.7280 -0.0713 -0.0029 0 0 -10 0
0.6920 -0.0708 -0.0077 0 0 -10 0
0.6860 -0.0701 -0.0090 0 0 -10 0
0.6860 -0.0701 -0.0090 0 0 -10 0
0.7020 -0.0705 -0.0065 0 0 -10 0
0.7020 -0.0705 -0.0065 0 0 -10 0
0.7120 -0.0705 -0.0057 0 0 -10 0
0.7020 -0.0700 -0.0049 0 0 -10 0
0.7100 -0.0696 -0.0047 0 0 -10 0
0.6880 -0.0693 -0.0046 0 0 -10 0
0.6880 -0.0693 -0.0046 0 0 -10 0
0.7260 -0.0675 -0.0077 0 0 -10 0
0.7260 -0.0675 -0.0077 0 0 -10 0
0.7120 -0.0665 -0.0075 0 0 -10 0
0.7120 -0.0656 -0.0048 0 0 -10 0
0.7220 -0.0656 -0.0053 0 0 -10 0
0.7320 -0.0655 -0.0055 0 0 -10 0
0.7320 -0.0655 -0.0055 0 0 -10 0
0.7160 -0.0649 -0.0037 0 0 -10 0
0.7120 -0.0649 -0.0040 0 0 -10 0
0.7260 -0.0645 -0.0045 0 0 -10 0
0.7320 -0.0635 -0.0046 0 0 -10 0
0.7080 -0.0631 -0.0043 0 0 -10 0
0.7140 -0.0622 -0.0031 0 0 -10 0
0.7140 -0.0622 -0.0031 0 0 -10 0
0.7180 -0.0616 -0.0081 0 0 -10 0
0.7340 -0.0610 -0.0079 0 0 -10 0
0.7420 -0.0604 -0.0065 0 0 -10 0
0.7420 -0.0604 -0.0065 0 0 -10 0
0.7200 -0.0600 -0.0096 0 0 -10 0
0.7400 -0.0603 -0.0072 0 0 -10 0
0.7400 -0.0603 -0.0072 0 0 -10 0
0.7560 -0.0603 -0.0050 0 0 -10 0
0.7280 -0.0603 -0.0050 0 0 -10 0
0.7200 -0.0597 -0.0042 0 0 -10 0
0.7140 -0.0578 -0.0013 0 0 -10 0
0.7420 -0.0573 -0.0011 0 0 -10 0
0.7420 -0.0573 -0.0011 0 0 -10 0
0.7480 -0.0566 -0.0003 0 0 -10 0
0.7500 -0.0565 0.0005 0 0 -10 0
0.7340 -0.0563 0.0007 0 0 -10 0
0.7160 -0.0559 -0.0002 0 0 -10 0
0.7360 -0.0560 -0.0002 0 0 -10 0
0.7500 -0.0563 -0.0004 0 0 -10 0
0.7500 -0.0563 -0.0004 0 0 -10 0
0.7340 -0.0558 0.0015 0 0 -10 0
0.7280 -0.0551 0.0014 0 0 -10 0
0.7540 -0.0546 0.0027 0 0 -10 0
0.7540 -0.0540 0.0034 0 0 -10 0
0.7480 -0.0537 0.0024 0 0 -10 0
0.7480 -0.0532 0.0023 0 0 -10 0
0.7340 -0.0532 0.0023 0 0 -10 0
0.7300 -0.0531 0.0033 0 0 -10 0
0.7360 -0.0527 0.0033 0 0 -10 0
0.7220 -0.0518 0.0006 0 0 -10 0
0.7480 -0.0511 -0.0002 0 0 -10 0
0.7340 -0.0506 0.0001 0 0 -10 0
0.7340 -0.0506 0.0001 0 0 -10 0
0.7300 -0.0499 -0.0000 0 0 -10 0
0.7180 -0.0491 0.0012 0 0 -10 0
0.7520 -0.0489 0.0007 0 0 -10 0
0.7480 -0.0482 0.0022 0 0 -10 0
0.7480 -0.0482 0.0022 0 0 -10 0
0.7200 -0.0473 0.0014 0 0 -10 0
0.7200 -0.0473 0.0014 0 0 -10 0
0.7200 -0.0465 0.0026 0 0 -10 0
0.7320 -0.0460 0.0019 0 0 -10 0
0.7320 -0.0460 0.0019 0 0 -10 0
0.7400 -0.0457 0.0013 0 0 -10 0
0.7280 -0.0454 0.0002 0 0 -10 0
0.7520 -0.0451 0.0032 0 0 -10 0
0.7520 -0.0451 0.0032 0 0 -10 0
0.7340 -0.0453 -0.0001 0 0 -10 0
0.7300 -0.0450 0.0023 0 0 -10 0
0.7300 -0.0450 0.0023 0 0 -10 0
0.7400 -0.0444 0.0032 0 0 -10 0
0.7640 -0.0440 0.0038 0 0 -10 0
0.7740 -0.0434 0.0033 0 0 -10 0
0.7740 -0.0434 0.0033 0 0 -10 0
0.7480 -0.0421 0.0029 0 0 -10 0
0.7520 -0.0409 0.0023 0 0 -10 0
0.7540 -0.0410 0.0035 0 0 -10 0
0.7540 -0.0410 0.0035 0 0 -10 0
0.7600 -0.0408 0.0040 0 0 -10 0
0.7500 -0.0401 0.0037 0 0 -10 0
0.7480 -0.0392 0.0062 0 0 -10 0
0.7580 -0.0387 0.0055 0 0 -10 0
0.7620 -0.0381 0.0051 0 0 -10 0
0.7620 -0.0381 0.0051 0 0 -10 0
0.7700 -0.0377 0.0084 0 0 -10 0
0.7700 -0.0377 0.0084 0 0 -10 0
0.7620 -0.0376 0.0093 0 0 -10 0
0.7280 -0.0383 0.0097 0 0 -10 0
0.7380 -0.0383 0.0104 0 0 -10 0
0.7440 -0.0382 0.0140 0 0 -10 0
0.7360 -0.0377 0.0151 0 0 -10 0
0.7700 -0.0371 0.0148 0 0 -10 0
0.7700 -0.0371 0.0148 0 0 -10 0
0.7640 -0.0361 0.0155 0 0 -10 0
0.7760 -0.0357 0.0158 0 0 -10 0
0.7740 -0.0354 0.0149 0 0 -10 0
0.7560 -0.0349 0.0175 0 0 -10 0
0.7560 -0.0349 0.0175 0 0 -10 0
0.7460 -0.0342 0.0172 0 0 -10 0
0.7480 -0.0337 0.0139 0 0 -10 0
0.7480 -0.0337 0.0132 0 0 -10 0
0.7640 -0.0337 0.0147 0 0 -10 0
0.7640 -0.0337 0.0147 0 0 -10 0
0.7700 -0.0339 0.0142 0 0 -10 0
0.7700 -0.0331 0.0137 0 0 -10 0
0.7760 -0.0332 0.0148 0 0 -10 0
0.7800 -0.0331 0.0145 0 0 -10 0
0.7800 -0.0330 0.0121 0 0 -10 0
0.7740 -0.0327 0.0116 0 0 -10 0
0.7740 -0.0327 0.0116 0 0 -10 0
0.7380 -0.0327 0.0128 0 0 -10 0
0.7460 -0.0325 0.0120 0 0 -10 0
0.7460 -0.0315 0.0113 0 0 -10 0
0.7420 -0.0315 0.0113 0 0 -10 0
0.7500 -0.0303 0.0112 0 0 -10 0
0.7640 -0.0297 0.0133 0 0 -10 0
0.7580 -0.0293 0.0129 0 0 -10 0
0.7640 -0.0288 0.0076 0 0 -10 0
0.7620 -0.0284 0.0089 0 0 -10 0
0.7540 -0.0283 0.0090 0 0 -10 0
0.7540 -0.0283 0.0090 0 0 -10 0
0.7400 -0.0266 0.0125 0 0 -10 0
0.7540 -0.0260 0.0129 0 0 -10 0
0.7540 -0.0260 0.0129 0 0 -10 0
0.7600 -0.0249 0.0118 0 0 -10 0
0.7300 -0.0244 0.0107 0 0 -10 0
0.7360 -0.0244 0.0112 0 0 -10 0
0.7300 -0.0241 0.0125 0 0 -10 0
0.7300 -0.0241 0.0125 0 0 -10 0
0.7400 -0.0233 0.0112 0 0 -10 0
0.7640 -0.0234 0.0128 0 0 -10 0
0.7640 -0.0234 0.0128 0 0 -10 0
0.7600 -0.0235 0.0125 0 0 -10 0
0.7360 -0.0235 0.0096 0 0 -10 0
0.7680 -0.0237 0.0088 0 0 -10 0
0.7740 -0.0235 0.0070 0 0 -10 0
0.7840 -0.0235 0.0070 0 0 -10 0
0.7620 -0.0231 0.0028 0 0 -10 0
0.7620 -0.0231 0.0028 0 0 -10 0
0.7600 -0.0222 0.0028 0 0 -10 0
0.7740 -0.0215 0.0043 0 0 -10 0
0.7620 -0.0206 0.0043 0 0 -10 0
0.7820 -0.0197 0.0033 0 0 -10 0
0.7820 -0.0193 0.0020 0 0 -10 0
0.7560 -0.0193 0.0020 0 0 -10 0
0.7580 -0.0189 0.0024 0 0 -10 0
0.7720 -0.0187 -0.0000 0 0 -10 0
0.7680 -0.0186 -0.0004 0 0 -10 0
0.7720 -0.0180 -0.0005 0 0 -10 0
0.7720 -0.0180 -0.0005 0 0 -10 0
0.7600 -0.0175 -0.0010 0 0 -10 0
0.7700 -0.0168 -0.0019 0 0 -10 0
0.7580 -0.0158 -0.0025 0 0 -10 0
0.7660 -0.0151 -0.0033 0 0 -10 0
0.7720 -0.0145 -0.0040 0 0 -10 0
0.7720 -0.0145 -0.0040 0 0 -10 0
0.7740 -0.0148 -0.0015 0 0 -10 0
0.7640 -0.0150 -0.0013 0 0 -10 0
0.7640 -0.0149 -0.0023 0 0 -10 0
0.7620 -0.0142 -0.0016 0 0 -10 0
0.7580 -0.0141 -0.0033 0 0 -10 0
0.7580 -0.0141 -0.0033 0 0 -10 0
0.7600 -0.0135 -0.0051 0 0 -10 0
0.7860 -0.0133 -0.0049 0 0 -10 0
0.7540 -0.0128 -0.0069 0 0 -10 0
0.7540 -0.0128 -0.0069 0 0 -10 0
0.7640 -0.0122 -0.0077 0 0 -10 0
0.7640 -0.0122 -0.0077 0 0 -10 0
0.7660 -0.0118 -0.0078 0 0 -10 0
0.7700 -0.0114 -0.0101 0 0 -10 0
0.7560 -0.0111 -0.0101 0 0 -10 0
0.7620 -0.0107 -0.0134 0 0 -10 0
0.7620 -0.0107 -0.0134 0 0 -10 0
0.7600 -0.0099 -0.0129 0 0 -10 0
0.7500 -0.0098 -0.0128 0 0 -10 0
0.7500 -0.0098 -0.0128 0 0 -10 0
0.7540 -0.0085 -0.0109 0 0 -10 0
0.7540 -0.0085 -0.0109 0 0 -10 0
0.7600 -0.0078 -0.0103 0 0 -10 0
0.7780 -0.0066 -0.0090 0 0 -10 0
0.7620 -0.0063 -0.0093 0 0 -10 0
0.7640 -0.0060 -0.0110 0 0 -10 0
0.7640 -0.0060 -0.0110 0 0 -10 0
0.7660 -0.0056 -0.0153 0 0 -10 0
