0.6200 -0.0010 0.0292 -10 0 0 0
0.6200 -0.0007 0.0302 -10 0 0 0
0.6305 -0.0005 0.0326 -10 0 0 0
0.6096 -0.0004 0.0325 -10 0 0 0
0.6138 -0.0005 0.0313 -10 0 0 0
0.6033 -0.0006 0.0333 -10 0 0 0
0.6033 -0.0006 0.0333 -10 0 0 0
0.6326 -0.0007 0.0331 -10 0 0 0
0.6284 -0.0006 0.0336 -10 0 0 0
0.6367 -0.0010 0.0350 -10 0 0 0
0.6033 -0.0012 0.0348 -10 0 0 0
0.6054 -0.0016 0.0343 -10 0 0 0
0.6242 -0.0018 0.0338 -10 0 0 0
0.6242 -0.0018 0.0338 -10 0 0 0
0.6305 -0.0019 0.0342 -10 0 0 0
0.6305 -0.0013 0.0342 -10 0 0 0
0.6200 -0.0013 0.0335 -10 0 0 0
0.6096 -0.0017 0.0340 -10 0 0 0
0.6096 -0.0018 0.0336 -10 0 0 0
0.6263 -0.0020 0.0345 -10 0 0 0
0.6263 -0.0019 0.0351 -10 0 0 0
0.5992 -0.0019 0.0351 -10 0 0 0
0.6159 -0.0015 0.0357 -10 0 0 0
0.6347 -0.0010 0.0364 -10 0 0 0
0.6221 -0.0007 0.0361 -10 0 0 0
0.6180 -0.0008 0.0367 -10 0 0 0
0.6180 -0.0008 0.0367 -10 0 0 0
0.6159 -0.0012 0.0369 -10 0 0 0
0.6138 -0.0015 0.0350 -10 0 0 0
0.6054 -0.0016 0.0348 -10 0 0 0
0.5992 -0.0014 0.0345 -10 0 0 0
0.5992 -0.0014 0.0345 -10 0 0 0
0.5992 -0.0016 0.0337 -10 0 0 0
0.6159 -0.0019 0.0314 -10 0 0 0
0.6221 -0.0017 0.0312 -10 0 0 0
0.6221 -0.0017 0.0312 -10 0 0 0
0.6326 -0.0017 0.0326 -10 0 0 0
0.6326 -0.0014 0.0325 -10 0 0 0
0.6305 -0.0012 0.0298 -10 0 0 0
0.6200 -0.0017 0.0303 -10 0 0 0
0.6117 -0.0017 0.0293 -10 0 0 0
0.6180 -0.0012 0.0307 -10 0 0 0
0.6180 -0.0012 0.0307 -10 0 0 0
0.6075 -0.0007 0.0300 -10 0 0 0
0.6263 -0.0006 0.0313 -10 0 0 0
0.6054 -0.0009 0.0299 -10 0 0 0
0.6054 -0.0009 0.0299 -10 0 0 0
0.6534 -0.0015 0.0285 -10 0 0 0
0.6096 -0.0017 0.0280 -10 0 0 0
0.6075 -0.0017 0.0270 -10 0 0 0
0.6180 -0.0015 0.0273 -10 0 0 0
0.6117 -0.0017 0.0259 -10 0 0 0
0.6159 -0.0019 0.0239 -10 0 0 0
0.6159 -0.0019 0.0239 -10 0 0 0
0.6013 -0.0011 0.0232 -10 0 0 0
0.6096 -0.0010 0.0223 -10 0 0 0
0.6159 -0.0009 0.0219 -10 0 0 0
0.6159 -0.0009 0.0219 -10 0 0 0
0.5950 -0.0007 0.0221 -10 0 0 0
0.6096 -0.0013 0.0222 0 0 0 0
0.6180 -0.0015 0.0248 -10 0 0 0
0.6430 -0.0013 0.0252 -10 0 0 0
0.6326 -0.0005 0.0250 -10 0 0 0
0.6159 -0.0005 0.0255 -10 0 0 0
0.6159 -0.0007 0.0264 0 0 0 0
0.6409 -0.0003 0.0287 -10 0 0 0
0.6159 -0.0007 0.0257 -10 0 0 0
0.6284 -0.0012 0.0222 -10 0 0 0
0.6284 -0.0012 0.0222 0 0 0 0
0.6347 -0.0018 0.0244 -10 0 0 0
0.6367 -0.0010 0.0260 -10 0 0 0
0.6013 -0.0007 0.0275 0 0 0 0
0.6388 0.0000 0.0294 -10 0 0 0
0.6451 -0.0003 0.0288 0 0 0 0
0.6326 -0.0012 0.0300 -10 0 0 0
0.6326 -0.0008 0.0302 -10 0 0 0
0.6472 -0.0015 0.0301 0 0 0 0
0.6326 -0.0019 0.0295 0 0 0 -10
0.6221 -0.0015 0.0256 0 0 0 -10
0.6451 -0.0020 0.0281 0 0 0 -10
0.6451 -0.0011 0.0276 0 0 0 0
0.6284 0.0003 0.0270 0 0 0 -10
0.6284 -0.0025 0.0237 0 0 0 -10
0.6138 -0.0030 0.0237 0 0 0 0
0.6284 -0.0009 0.0217 0 0 0 -10
0.6138 -0.0021 0.0255 0 0 0 0
0.6326 -0.0007 0.0243 0 0 0 -10
0.6033 -0.0005 0.0253 0 0 0 0
0.6305 0.0005 0.0270 0 0 0 -10
0.6242 -0.0012 0.0288 0 0 0 -10
0.5992 -0.0018 0.0289 0 0 0 0
0.6138 -0.0003 0.0261 0 0 0 -10
0.6409 -0.0004 0.0210 0 0 0 0
0.6326 -0.0018 0.0204 0 0 0 -10
0.6284 0.0001 0.0200 0 0 0 -10
0.6305 -0.0002 0.0211 0 0 0 0
0.6180 -0.0010 0.0204 0 0 0 -10
0.6305 -0.0018 0.0172 0 0 0 -10
0.6263 -0.0011 0.0127 0 0 0 0
0.6180 -0.0035 0.0064 0 0 0 -10
0.6409 -0.0022 0.0042 0 0 0 -10
0.6117 -0.0033 0.0025 0 0 0 0
0.6013 -0.0019 0.0002 -10 0 0 0
0.6075 -0.0033 -0.0061 -10 0 0 0
0.6347 -0.0021 -0.0117 -10 0 0 0
0.6347 -0.0021 -0.0117 -10 0 0 0
0.6180 -0.0021 -0.0121 0 0 0 0
0.6263 -0.0014 -0.0135 0 0 0 10
0.6075 -0.0012 -0.0119 0 0 0 10
0.6263 -0.0006 -0.0131 0 0 0 0
0.6180 -0.0009 -0.0034 0 0 0 10
0.6534 -0.0016 -0.0039 0 0 0 0
0.6367 -0.0002 0.0114 0 0 0 10
0.6263 -0.0008 0.0089 0 0 0 0
0.6326 -0.0016 0.0092 -10 0 0 0
0.6430 -0.0022 0.0088 -10 0 0 0
0.6263 -0.0020 0.0031 -10 0 0 0
0.6263 -0.0020 0.0022 -10 0 0 0
0.6263 -0.0020 0.0022 -10 0 0 0
0.6263 -0.0023 0.0016 0 0 0 0
0.6326 -0.0015 0.0021 -10 0 0 0
0.6242 -0.0013 0.0009 -10 0 0 0
0.6409 -0.0015 0.0005 -10 0 0 0
0.6326 -0.0015 -0.0003 0 0 0 0
0.6242 -0.0023 0.0010 -10 0 0 0
0.6096 -0.0028 0.0017 -10 0 0 0
0.6367 -0.0028 0.0019 -10 0 0 0
0.6555 -0.0025 0.0010 -10 0 0 0
0.6555 -0.0025 0.0010 0 0 0 0
0.6326 -0.0018 0.0029 -10 0 0 0
0.6430 -0.0010 0.0029 -10 0 0 0
0.6430 -0.0012 0.0032 -10 0 0 0
0.6388 -0.0017 0.0038 -10 0 0 0
0.6388 -0.0017 0.0038 0 0 0 0
0.6284 -0.0020 0.0062 -10 0 0 0
0.6263 -0.0015 0.0052 -10 0 0 0
0.6263 -0.0015 0.0052 0 0 0 0
0.6326 -0.0010 0.0052 -10 0 0 0
0.6451 -0.0015 0.0037 -10 0 0 0
0.6451 -0.0015 0.0053 0 0 0 0
0.6451 -0.0023 0.0053 -10 0 0 0
0.6430 -0.0012 0.0096 -10 0 0 0
0.6096 -0.0013 0.0080 -10 0 0 0
0.6221 -0.0017 0.0066 0 0 0 0
0.6347 -0.0013 0.0105 -10 0 0 0
0.6159 -0.0012 0.0135 -10 0 0 0
0.6075 -0.0013 0.0165 0 0 0 0
0.6284 -0.0014 0.0166 -10 0 0 0
0.6096 -0.0013 0.0161 -10 0 0 0
0.6033 -0.0016 0.0157 0 0 0 0
0.6430 -0.0010 0.0164 -10 0 0 0
0.6430 -0.0008 0.0146 -10 0 0 0
0.6555 -0.0015 0.0147 0 0 0 0
0.6493 -0.0017 0.0144 0 0 0 -10
0.6639 -0.0010 0.0115 0 0 0 0
0.6409 -0.0015 0.0082 0 0 0 -10
0.6388 -0.0007 0.0086 0 0 0 0
0.6367 -0.0009 0.0079 -10 0 0 0
0.6451 -0.0007 0.0068 -10 0 0 0
0.6514 -0.0008 0.0087 0 0 0 0
0.6242 -0.0008 0.0071 -10 0 0 0
0.6472 -0.0010 0.0040 -10 0 0 0
0.6388 -0.0006 0.0068 -10 0 0 0
0.6221 -0.0015 0.0066 0 0 0 0
0.6180 -0.0025 0.0048 -10 0 0 0
0.6451 -0.0023 0.0042 -10 0 0 0
0.6493 -0.0023 0.0042 -10 0 0 0
0.6534 -0.0027 0.0042 -10 0 0 0
0.6326 -0.0032 0.0045 0 0 0 0
0.6263 -0.0024 0.0049 -10 0 0 0
0.6284 -0.0021 0.0054 -10 0 0 0
0.6284 -0.0021 0.0054 -10 0 0 0
0.6180 -0.0022 0.0044 0 0 0 0
0.6096 -0.0025 0.0073 -10 0 0 0
0.6493 -0.0023 0.0048 -10 0 0 0
0.6576 -0.0017 0.0051 0 0 0 0
0.6451 -0.0020 0.0064 -10 0 0 0
0.6576 -0.0026 0.0047 -10 0 0 0
0.6367 -0.0025 0.0032 -10 0 0 0
0.6326 -0.0024 0.0047 -10 0 0 0
0.6430 -0.0024 0.0035 0 0 0 0
0.6430 -0.0025 0.0046 -10 0 0 0
0.6493 -0.0027 0.0044 -10 0 0 0
0.6618 -0.0025 0.0073 -10 0 0 0
0.6367 -0.0025 0.0081 -10 0 0 0
0.6284 -0.0025 0.0105 -10 0 0 0
0.6284 -0.0025 0.0105 -10 0 0 0
0.6242 -0.0024 0.0146 -10 0 0 0
0.6242 -0.0024 0.0146 -10 0 0 0
0.6472 -0.0022 0.0152 -10 0 0 0
0.6388 -0.0018 0.0163 -10 0 0 0
0.6221 -0.0015 0.0162 -10 0 0 0
0.6221 -0.0015 0.0162 -10 0 0 0
0.6284 -0.0005 0.0171 0 0 0 0
0.6347 -0.0009 0.0198 -10 0 0 0
0.6514 -0.0002 0.0173 -10 0 0 0
0.6159 -0.0004 0.0132 -10 0 0 0
0.6284 -0.0004 0.0132 0 0 0 0
0.6555 -0.0005 0.0120 -10 0 0 0
0.6534 -0.0005 0.0121 -10 0 0 0
0.6493 -0.0006 0.0108 -10 0 0 0
0.6660 -0.0008 0.0107 0 0 0 0
0.6430 -0.0016 0.0163 -10 0 0 0
0.6451 -0.0021 0.0159 -10 0 0 0
0.6534 -0.0025 0.0137 0 0 0 0
0.6534 -0.0022 0.0102 -10 0 0 0
0.6534 -0.0020 0.0077 -10 0 0 0
0.6451 -0.0015 0.0061 0 0 0 0
0.6514 -0.0021 0.0040 -10 0 0 0
0.6534 -0.0007 0.0048 -10 0 0 0
0.6409 -0.0008 0.0052 0 0 0 0
0.6660 -0.0022 0.0036 -10 0 0 0
0.6284 -0.0013 0.0014 -10 0 0 0
0.6555 -0.0012 0.0025 0 0 0 0
0.6555 -0.0012 0.0043 -10 0 0 0
0.6618 -0.0009 0.0040 -10 0 0 0
0.6618 -0.0009 0.0040 -10 0 0 0
0.6597 -0.0010 0.0082 0 0 0 0
0.6534 -0.0020 0.0084 -10 0 0 0
0.6534 -0.0012 0.0095 -10 0 0 0
0.6534 -0.0012 0.0095 -10 0 0 0
0.6367 -0.0010 0.0072 0 0 0 0
0.6347 -0.0010 0.0057 -10 0 0 0
0.6534 -0.0008 0.0065 -10 0 0 0
0.6367 -0.0005 0.0058 0 0 0 0
0.6534 -0.0005 0.0029 -10 0 0 0
0.6534 -0.0018 0.0041 -10 0 0 0
0.6347 -0.0017 0.0045 -10 0 0 0
0.6347 -0.0013 0.0051 0 0 0 0
0.6681 -0.0012 0.0075 -10 0 0 0
0.6493 -0.0020 0.0076 -10 0 0 0
0.6681 -0.0017 0.0072 -10 0 0 0
0.6681 -0.0015 0.0021 0 0 0 0
0.6493 -0.0003 0.0006 -10 0 0 0
0.6493 -0.0004 -0.0007 -10 0 0 0
0.6367 -0.0003 -0.0041 0 0 0 0
0.6430 -0.0010 -0.0047 -10 0 0 0
0.6472 -0.0016 -0.0067 -10 0 0 0
0.6534 -0.0007 -0.0058 -10 0 0 0
0.6430 0.0000 -0.0058 0 0 0 0
0.6722 -0.0001 -0.0046 -10 0 0 0
0.6263 -0.0015 -0.0042 -10 0 0 0
0.6263 -0.0015 -0.0042 -10 0 0 0
0.6263 -0.0015 -0.0042 -10 0 0 0
0.6263 -0.0015 -0.0042 0 0 0 0
0.6618 -0.0009 -0.0051 -10 0 0 0
0.6660 -0.0018 -0.0033 -10 0 0 0
0.6952 -0.0010 -0.0020 0 0 0 0
0.6576 0.0000 -0.0016 -10 0 0 0
0.6534 -0.0000 -0.0024 -10 0 0 0
0.6722 0.0002 -0.0017 0 0 0 0
0.6910 -0.0007 0.0001 -10 0 0 0
0.6764 -0.0008 0.0022 -10 0 0 0
0.6764 -0.0008 0.0022 -10 0 0 0
0.6743 -0.0014 0.0010 0 0 0 0
0.6868 -0.0000 0.0016 -10 0 0 0
0.6764 0.0003 0.0007 -10 0 0 0
0.6681 -0.0013 0.0002 -10 0 0 0
0.6764 -0.0013 0.0002 0 0 0 0
0.6910 -0.0014 -0.0004 -10 0 0 0
0.6722 -0.0020 0.0004 -10 0 0 0
0.6931 -0.0020 0.0009 -10 0 0 0
0.6910 -0.0020 0.0009 -10 0 0 0
0.6973 -0.0022 0.0008 0 0 0 0
0.6681 -0.0018 0.0009 -10 0 0 0
0.6952 -0.0020 0.0044 -10 0 0 0
0.6743 -0.0018 0.0064 0 0 0 0
0.6806 -0.0021 0.0037 -10 0 0 0
0.6764 -0.0015 -0.0016 -10 0 0 0
0.6701 -0.0018 -0.0003 -10 0 0 0
