0.6347 -0.0013 -0.0333 -10 0 0 0
0.6430 -0.0015 -0.0331 -10 0 0 0
0.6263 -0.0007 -0.0335 -10 0 0 0
0.6221 -0.0005 -0.0334 -10 0 0 0
0.6221 -0.0005 -0.0334 -10 0 0 0
0.6388 -0.0005 -0.0336 -10 0 0 0
0.6284 -0.0006 -0.0342 -10 0 0 0
0.6367 -0.0008 -0.0343 -10 0 0 0
0.6367 -0.0008 -0.0343 -10 0 0 0
0.6430 -0.0010 -0.0352 -10 0 0 0
0.6326 -0.0015 -0.0353 -10 0 0 0
0.6305 -0.0010 -0.0365 -10 0 0 0
0.6305 -0.0010 -0.0365 -10 0 0 0
0.6221 -0.0010 -0.0361 -10 0 0 0
0.6221 -0.0010 -0.0361 -10 0 0 0
0.6096 -0.0012 -0.0343 -10 0 0 0
0.6180 -0.0015 -0.0340 -10 0 0 0
0.6326 -0.0016 -0.0315 -10 0 0 0
0.6117 -0.0017 -0.0313 -10 0 0 0
0.6117 -0.0017 -0.0313 -10 0 0 0
0.6033 -0.0021 -0.0315 -10 0 0 0
0.6284 -0.0021 -0.0315 -10 0 0 0
0.6284 -0.0022 -0.0311 -10 0 0 0
0.6284 -0.0018 -0.0308 -10 0 0 0
0.6221 -0.0015 -0.0317 -10 0 0 0
0.6096 -0.0009 -0.0319 -10 0 0 0
0.6096 -0.0009 -0.0319 -10 0 0 0
0.6305 -0.0012 -0.0319 -10 0 0 0
0.6305 -0.0012 -0.0319 -10 0 0 0
0.6242 -0.0015 -0.0337 -10 0 0 0
0.6326 -0.0010 -0.0345 -10 0 0 0
0.6221 -0.0007 -0.0345 -10 0 0 0
0.6221 -0.0007 -0.0345 -10 0 0 0
0.6305 -0.0003 -0.0365 -10 0 0 0
0.6263 0.0002 -0.0365 -10 0 0 0
0.6347 0.0005 -0.0365 -10 0 0 0
0.6326 0.0006 -0.0360 -10 0 0 0
0.6326 0.0006 -0.0360 -10 0 0 0
0.6430 -0.0002 -0.0373 -10 0 0 0
0.6430 -0.0002 -0.0373 -10 0 0 0
0.6367 -0.0008 -0.0383 -10 0 0 0
0.6263 -0.0007 -0.0380 -10 0 0 0
0.6242 -0.0006 -0.0386 -10 0 0 0
0.6242 -0.0006 -0.0386 -10 0 0 0
0.6326 -0.0002 -0.0380 -10 0 0 0
0.6200 -0.0005 -0.0376 -10 0 0 0
0.6221 -0.0010 -0.0391 -10 0 0 0
0.6347 -0.0017 -0.0390 -10 0 0 0
0.6555 -0.0019 -0.0411 -10 0 0 0
0.6555 -0.0019 -0.0411 -10 0 0 0
0.6430 -0.0013 -0.0411 -10 0 0 0
0.6367 -0.0005 -0.0420 -10 0 0 0
0.6430 -0.0003 -0.0419 -10 0 0 0
0.6430 -0.0003 -0.0419 -10 0 0 0
0.6472 -0.0007 -0.0398 -10 0 0 0
0.6347 -0.0010 -0.0386 -10 0 0 0
0.6472 -0.0015 -0.0385 -10 0 0 0
0.6493 -0.0017 -0.0359 -10 0 0 0
0.6534 -0.0018 -0.0353 -10 0 0 0
0.6284 -0.0020 -0.0353 -10 0 0 0
0.6409 -0.0019 -0.0345 -10 0 0 0
0.6409 -0.0019 -0.0345 -10 0 0 0
0.6367 -0.0015 -0.0338 -10 0 0 0
0.6159 -0.0012 -0.0336 -10 0 0 0
0.6576 -0.0015 -0.0336 -10 0 0 0
0.6576 -0.0015 -0.0336 -10 0 0 0
0.6514 -0.0020 -0.0339 -10 0 0 0
0.6409 -0.0027 -0.0324 -10 0 0 0
0.6555 -0.0031 -0.0325 -10 0 0 0
0.6326 -0.0030 -0.0336 -10 0 0 0
0.6576 -0.0027 -0.0336 -10 0 0 0
0.6576 -0.0020 -0.0337 -10 0 0 0
0.6180 -0.0020 -0.0337 -10 0 0 0
0.6451 -0.0016 -0.0364 -10 0 0 0
0.6326 -0.0015 -0.0372 -10 0 0 0
0.6326 -0.0015 -0.0372 -10 0 0 0
0.6534 -0.0018 -0.0371 -10 0 0 0
0.6326 -0.0020 -0.0367 -10 0 0 0
0.6722 -0.0018 -0.0370 0 0 0 0
0.6347 -0.0013 -0.0407 0 0 0 -10
0.6639 -0.0015 -0.0434 0 0 0 -10
0.6639 -0.0015 -0.0434 0 0 0 -10
0.6660 -0.0015 -0.0417 0 0 0 0
0.6806 -0.0012 -0.0448 0 0 0 -10
0.6681 0.0000 -0.0502 0 0 0 0
0.6722 -0.0020 -0.0483 0 0 0 10
0.6785 -0.0005 -0.0461 0 0 0 0
0.6827 -0.0019 -0.0425 0 0 0 10
0.6806 -0.0018 -0.0430 0 0 0 10
0.7077 -0.0016 -0.0419 0 0 0 0
0.7015 -0.0016 -0.0367 0 0 0 10
0.6848 -0.0017 -0.0350 0 0 0 0
0.6868 -0.0014 -0.0294 0 0 0 10
0.6994 -0.0018 -0.0273 0 0 0 10
0.6848 -0.0013 -0.0258 0 0 0 0
0.6973 -0.0010 -0.0232 0 0 0 10
0.6722 -0.0014 -0.0213 0 0 0 0
0.6952 -0.0005 -0.0159 0 0 0 10
