0.4547 0.0091 0.0344 30 0 0 0
0.4547 0.0091 0.0344 30 0 0 0
0.4527 0.0092 0.0349 30 0 0 0
0.4406 0.0096 0.0348 30 0 0 0
0.4406 0.0101 0.0358 30 0 0 0
0.4366 0.0101 0.0358 30 0 0 0
0.4427 0.0101 0.0360 30 0 0 0
0.4306 0.0098 0.0363 30 0 0 0
0.4427 0.0095 0.0357 30 0 0 0
0.4427 0.0095 0.0357 30 0 0 0
0.4427 0.0095 0.0357 30 0 0 0
0.4306 0.0093 0.0366 30 0 0 0
0.4306 0.0093 0.0366 30 0 0 0
0.4306 0.0093 0.0366 30 0 0 0
0.4306 0.0093 0.0366 30 0 0 0
0.4306 0.0093 0.0366 30 0 0 0
0.4326 0.0092 0.0362 30 0 0 0
0.4326 0.0092 0.0362 0 0 0 0
0.4567 0.0081 0.0397 30 0 0 0
0.4588 0.0085 0.0400 30 0 0 0
0.4748 0.0085 0.0400 30 0 0 0
0.4507 0.0089 0.0386 30 0 0 0
0.4588 0.0094 0.0378 30 0 0 0
0.4467 0.0102 0.0379 30 0 0 0
0.4628 0.0096 0.0378 30 0 0 0
0.4628 0.0096 0.0378 30 0 0 0
0.4628 0.0091 0.0380 30 0 0 0
0.4628 0.0091 0.0380 30 0 0 0
0.4628 0.0091 0.0380 30 0 0 0
0.4628 0.0091 0.0380 30 0 0 0
0.4628 0.0089 0.0376 30 0 0 0
0.4628 0.0089 0.0376 30 0 0 0
0.4628 0.0089 0.0376 30 0 0 0
0.4628 0.0089 0.0376 30 0 0 0
0.4628 0.0089 0.0376 30 0 0 0
0.4507 0.0088 0.0369 0 0 0 0
0.4507 0.0092 0.0359 30 0 0 0
0.4507 0.0092 0.0359 30 0 0 0
0.4547 0.0090 0.0351 30 0 0 0
0.4487 0.0086 0.0350 30 0 0 0
0.4346 0.0078 0.0342 30 0 0 0
0.4346 0.0078 0.0342 30 0 0 0
0.4346 0.0078 0.0342 30 0 0 0
0.4346 0.0078 0.0342 30 0 0 0
0.4487 0.0075 0.0339 30 0 0 0
0.4487 0.0075 0.0339 30 0 0 0
0.4487 0.0075 0.0339 30 0 0 0
0.4487 0.0075 0.0339 0 0 0 0
0.4809 0.0137 0.0055 0 0 0 -30
0.4628 0.0152 0.0052 0 0 0 -30
0.4909 0.0153 0.0056 0 0 0 -30
0.4909 0.0153 0.0056 0 0 0 -30
0.4708 0.0155 0.0060 0 0 0 -30
0.4789 0.0160 0.0054 0 0 0 -30
0.4628 0.0161 0.0055 0 0 0 -30
0.4628 0.0161 0.0055 0 0 0 0
0.4628 0.0144 0.0160 0 0 30 0
0.4708 0.0144 0.0160 0 0 30 0
0.4688 0.0136 0.0156 0 0 30 0
0.4909 0.0132 0.0165 0 0 30 0
0.4909 0.0132 0.0165 0 0 30 0
0.5030 0.0139 0.0181 0 0 30 0
0.4869 0.0138 0.0189 0 0 30 0
0.4869 0.0140 0.0198 0 0 30 0
0.4869 0.0140 0.0198 0 0 30 0
0.4869 0.0140 0.0198 0 0 30 0
0.5050 0.0144 0.0201 0 0 30 0
0.5050 0.0144 0.0201 0 0 30 0
0.5050 0.0144 0.0201 0 0 30 0
0.4829 0.0149 0.0213 0 0 0 0
0.4909 0.0182 0.0249 0 0 30 0
0.4909 0.0182 0.0249 0 0 30 0
0.4829 0.0182 0.0243 0 0 30 0
0.4829 0.0182 0.0243 0 0 30 0
0.4950 0.0177 0.0238 0 0 30 0
0.4849 0.0166 0.0235 0 0 30 0
0.4829 0.0153 0.0242 0 0 30 0
0.4829 0.0153 0.0242 0 0 30 0
0.4829 0.0153 0.0242 0 0 30 0
0.4829 0.0153 0.0242 0 0 30 0
0.4829 0.0153 0.0242 0 0 0 0
0.4728 0.0155 0.0235 0 0 30 0
0.4547 0.0155 0.0242 0 0 30 0
0.4628 0.0153 0.0238 0 0 30 0
0.4628 0.0153 0.0238 0 0 30 0
0.4688 0.0144 0.0234 0 0 30 0
0.4930 0.0132 0.0229 0 0 30 0
0.4769 0.0125 0.0226 0 0 30 0
0.4769 0.0125 0.0226 0 0 30 0
0.4909 0.0122 0.0230 0 0 30 0
0.4909 0.0125 0.0225 0 0 0 0
0.4889 0.0143 0.0213 0 0 30 0
0.5030 0.0146 0.0214 0 0 30 0
0.4849 0.0146 0.0209 0 0 30 0
0.4769 0.0141 0.0199 0 0 30 0
0.4769 0.0141 0.0199 0 0 30 0
0.5070 0.0138 0.0196 0 0 30 0
0.4889 0.0137 0.0192 0 0 0 0
0.5010 0.0173 0.0167 0 0 30 0
0.4628 0.0176 0.0170 0 0 30 0
0.4628 0.0176 0.0170 0 0 30 0
0.4748 0.0179 0.0164 0 0 30 0
0.5030 0.0175 0.0160 0 0 30 0
0.4990 0.0170 0.0169 0 0 30 0
0.4990 0.0170 0.0169 0 0 30 0
0.4990 0.0170 0.0169 0 0 30 0
0.4990 0.0170 0.0169 0 0 30 0
0.4990 0.0170 0.0169 0 0 0 0
0.4769 0.0202 0.0153 0 0 30 0
0.4728 0.0205 0.0155 0 0 30 0
0.4769 0.0217 0.0156 0 0 30 0
0.4728 0.0222 0.0147 0 0 30 0
0.4688 0.0213 0.0137 0 0 30 0
0.4688 0.0213 0.0137 0 0 0 0
0.5050 0.0201 0.0108 0 0 30 0
0.4950 0.0201 0.0108 0 0 30 0
0.5070 0.0203 0.0103 0 0 30 0
0.5070 0.0203 0.0103 0 0 30 0
0.4889 0.0206 0.0105 0 0 0 0
0.4527 0.0216 0.0103 0 0 -30 0
0.5091 0.0217 0.0103 0 0 -30 0
0.5091 0.0217 0.0103 0 0 0 0
0.4688 0.0223 0.0104 0 0 -30 0
0.5091 0.0228 0.0085 0 0 -30 0
0.4889 0.0248 0.0082 0 0 -30 0
0.4889 0.0248 0.0082 0 0 -30 0
0.4930 0.0253 0.0084 0 0 -30 0
0.4930 0.0253 0.0084 0 0 -30 0
0.4849 0.0256 0.0082 0 0 -30 0
0.4809 0.0253 0.0085 0 0 0 0
0.4909 0.0242 0.0072 0 0 -30 0
0.4909 0.0242 0.0072 0 0 -30 0
0.4909 0.0236 0.0076 0 0 -30 0
0.4909 0.0232 0.0077 0 0 -30 0
0.4728 0.0226 0.0081 0 0 -30 0
0.4728 0.0226 0.0081 0 0 0 0
0.4970 0.0221 0.0084 0 0 -30 0
0.5091 0.0221 0.0084 0 0 -30 0
0.5111 0.0222 0.0095 0 0 -30 0
0.5111 0.0222 0.0095 0 0 -30 0
0.5151 0.0221 0.0103 0 0 -30 0
0.5050 0.0221 0.0097 0 0 -30 0
0.5050 0.0221 0.0097 0 0 -30 0
0.5050 0.0221 0.0097 0 0 -30 0
0.4930 0.0219 0.0094 0 0 -30 0
0.4930 0.0219 0.0094 0 0 0 0
0.5010 0.0215 0.0098 0 0 -30 0
0.5091 0.0210 0.0097 0 0 -30 0
0.4990 0.0206 0.0100 0 0 -30 0
0.4990 0.0206 0.0100 0 0 -30 0
0.5050 0.0205 0.0102 0 0 -30 0
0.4970 0.0204 0.0106 0 0 -30 0
0.4970 0.0204 0.0106 0 0 -30 0
0.4970 0.0204 0.0106 0 0 -30 0
0.4970 0.0204 0.0106 0 0 -30 0
0.4970 0.0204 0.0106 0 0 0 0
0.4970 0.0200 0.0101 0 0 -30 0
0.4970 0.0200 0.0101 0 0 -30 0
0.4748 0.0195 0.0100 0 0 -30 0
0.4748 0.0195 0.0100 0 0 -30 0
0.4789 0.0189 0.0102 0 0 -30 0
0.5050 0.0183 0.0090 0 0 0 0
0.4829 0.0178 0.0094 0 0 -30 0
0.4769 0.0174 0.0099 0 0 -30 0
0.4849 0.0166 0.0100 0 0 -30 0
0.5091 0.0158 0.0102 0 0 -30 0
0.5091 0.0158 0.0102 0 0 -30 0
0.5091 0.0158 0.0102 0 0 -30 0
0.4849 0.0153 0.0106 0 0 -30 0
0.4849 0.0153 0.0106 0 0 -30 0
0.4849 0.0153 0.0106 0 0 -30 0
0.4849 0.0153 0.0106 0 0 -30 0
0.5010 0.0148 0.0107 0 0 0 0
0.5010 0.0142 0.0116 0 0 -30 0
0.4688 0.0138 0.0121 0 0 -30 0
0.5010 0.0130 0.0118 0 0 -30 0
0.5010 0.0124 0.0123 0 0 -30 0
0.4688 0.0124 0.0123 0 0 -30 0
0.4849 0.0119 0.0124 0 0 -30 0
0.4849 0.0119 0.0124 0 0 -30 0
0.4789 0.0117 0.0128 0 0 -30 0
0.4789 0.0117 0.0128 0 0 -30 0
0.4789 0.0117 0.0128 0 0 0 0
0.4970 0.0109 -0.0009 0 0 -30 0
0.4970 0.0103 -0.0002 0 0 -30 0
0.4990 0.0096 -0.0012 0 0 -30 0
0.4990 0.0096 -0.0012 0 0 -30 0
0.5111 0.0094 -0.0005 0 0 -30 0
0.5191 0.0099 -0.0036 0 0 0 0
0.5091 0.0022 0.0161 0 0 0 -30
0.5111 0.0022 0.0161 0 0 0 -30
0.5070 0.0018 0.0161 0 0 0 -30
0.5151 0.0023 0.0174 0 0 0 -30
0.5151 0.0023 0.0174 0 0 0 -30
0.5050 0.0032 0.0175 0 0 0 0
0.4990 0.0062 0.0172 0 0 0 -30
0.4909 0.0067 0.0169 0 0 0 -30
0.5070 0.0067 0.0169 0 0 0 0
0.5050 0.0044 0.0155 0 0 0 -30
0.5030 0.0044 0.0155 0 0 0 -30
0.5191 0.0049 0.0146 0 0 0 -30
0.5191 0.0049 0.0146 0 0 0 -30
0.5010 0.0048 0.0150 0 0 0 -30
0.5111 0.0048 0.0147 0 0 0 -30
0.4889 0.0052 0.0140 0 0 0 -30
0.5111 0.0059 0.0133 0 0 0 0
0.5111 0.0036 0.0047 0 0 0 -30
0.5151 0.0036 0.0047 0 0 0 -30
0.5091 0.0037 0.0023 0 0 0 -30
0.5171 0.0045 0.0014 0 0 0 -30
0.5332 0.0056 0.0011 0 0 0 0
