0.5694 0.0153 0.0032 0 0 30 0
0.5292 0.0153 0.0032 0 0 30 0
0.5473 0.0153 0.0046 0 0 30 0
0.5352 0.0153 0.0039 0 0 30 0
0.5352 0.0153 0.0039 0 0 30 0
0.5553 0.0153 0.0051 0 0 30 0
0.5453 0.0155 0.0057 0 0 30 0
0.5654 0.0154 0.0055 0 0 0 0
0.5734 0.0156 -0.0344 0 0 30 0
0.5654 0.0156 -0.0344 0 0 30 0
0.5654 0.0156 -0.0344 0 0 30 0
0.5654 0.0157 -0.0334 0 0 30 0
0.5654 0.0157 -0.0334 0 0 30 0
0.5694 0.0159 -0.0322 0 0 30 0
0.5694 0.0166 -0.0309 0 0 30 0
0.5755 0.0162 -0.0287 0 0 0 0
0.5493 0.0181 -0.0184 0 0 -30 0
0.5493 0.0184 -0.0173 0 0 -30 0
0.5755 0.0181 -0.0189 0 0 -30 0
0.5594 0.0182 -0.0208 0 0 0 0
0.5755 0.0181 -0.0196 0 0 -30 0
0.5755 0.0180 -0.0187 0 0 -30 0
0.5714 0.0180 -0.0187 0 0 -30 0
0.5372 0.0179 -0.0191 0 0 -30 0
0.5815 0.0175 -0.0214 0 0 -30 0
0.5815 0.0175 -0.0214 0 0 0 0
0.5533 0.0166 -0.0217 0 0 -30 0
0.5634 0.0165 -0.0203 0 0 -30 0
0.5634 0.0165 -0.0203 0 0 -30 0
0.5654 0.0162 -0.0200 0 0 -30 0
0.5614 0.0162 -0.0190 0 0 -30 0
0.5614 0.0162 -0.0190 0 0 0 0
0.5493 0.0170 -0.0150 0 0 -30 0
0.5352 0.0170 -0.0153 0 0 -30 0
0.5332 0.0166 -0.0162 0 0 -30 0
0.5513 0.0155 -0.0151 0 0 -30 0
0.5372 0.0153 -0.0156 0 0 0 0
0.5513 0.0134 -0.0171 0 0 -30 0
0.5513 0.0134 -0.0171 0 0 -30 0
0.5714 0.0131 -0.0156 0 0 -30 0
0.5553 0.0131 -0.0154 0 0 0 0
0.5352 0.0112 -0.0043 0 0 0 30
0.5412 0.0117 -0.0043 0 0 0 30
0.5412 0.0117 -0.0043 0 0 0 30
0.5231 0.0120 -0.0037 0 0 0 30
0.5231 0.0120 -0.0037 0 0 0 30
0.5533 0.0120 -0.0037 0 0 0 30
0.5292 0.0115 -0.0005 0 0 0 30
0.5614 0.0113 -0.0005 0 0 0 30
0.5372 0.0110 0.0006 0 0 0 30
0.5372 0.0110 0.0006 0 0 0 30
0.5372 0.0110 0.0006 0 0 0 30
0.5372 0.0110 0.0006 0 0 0 0
0.5332 0.0112 0.0041 0 0 0 30
0.5272 0.0114 0.0061 0 0 0 30
0.5272 0.0109 0.0075 0 0 0 30
0.5433 0.0109 0.0075 0 0 0 30
0.5433 0.0105 0.0091 0 0 0 30
0.5433 0.0105 0.0091 0 0 0 30
0.5453 0.0104 0.0091 0 0 0 0
0.5372 0.0115 0.0355 30 0 0 0
0.5372 0.0115 0.0355 30 0 0 0
0.5191 0.0110 0.0369 30 0 0 0
0.5513 0.0112 0.0370 30 0 0 0
0.5513 0.0112 0.0370 30 0 0 0
0.5392 0.0114 0.0378 30 0 0 0
0.5312 0.0109 0.0385 30 0 0 0
0.5412 0.0107 0.0366 30 0 0 0
0.5412 0.0107 0.0366 30 0 0 0
0.5412 0.0112 0.0347 30 0 0 0
0.5332 0.0118 0.0346 30 0 0 0
0.5332 0.0118 0.0346 30 0 0 0
0.5332 0.0118 0.0346 30 0 0 0
0.5332 0.0118 0.0346 30 0 0 0
0.5272 0.0124 0.0327 30 0 0 0
0.5272 0.0124 0.0327 30 0 0 0
0.5272 0.0124 0.0327 30 0 0 0
0.5272 0.0124 0.0327 30 0 0 0
0.5453 0.0124 0.0294 30 0 0 0
0.5453 0.0124 0.0294 30 0 0 0
0.5453 0.0124 0.0294 30 0 0 0
0.5453 0.0124 0.0294 30 0 0 0
0.5453 0.0124 0.0294 30 0 0 0
0.5453 0.0123 0.0275 30 0 0 0
0.5191 0.0123 0.0275 30 0 0 0
0.5191 0.0123 0.0275 30 0 0 0
0.5191 0.0123 0.0275 30 0 0 0
0.5191 0.0123 0.0275 30 0 0 0
0.5252 0.0126 0.0269 30 0 0 0
0.5252 0.0126 0.0269 30 0 0 0
0.5252 0.0126 0.0269 30 0 0 0
0.5252 0.0126 0.0269 30 0 0 0
0.5412 0.0130 0.0267 30 0 0 0
0.5412 0.0130 0.0267 30 0 0 0
0.5412 0.0130 0.0267 30 0 0 0
0.5412 0.0130 0.0267 30 0 0 0
0.5292 0.0136 0.0274 30 0 0 0
0.5292 0.0136 0.0274 30 0 0 0
0.5292 0.0136 0.0274 30 0 0 0
0.5292 0.0136 0.0274 30 0 0 0
0.5292 0.0136 0.0274 30 0 0 0
0.5332 0.0133 0.0269 30 0 0 0
0.5332 0.0133 0.0269 30 0 0 0
0.5332 0.0133 0.0269 30 0 0 0
0.5332 0.0133 0.0269 30 0 0 0
0.5211 0.0131 0.0269 30 0 0 0
0.5211 0.0131 0.0269 30 0 0 0
0.5211 0.0131 0.0269 30 0 0 0
0.5211 0.0131 0.0269 30 0 0 0
0.5171 0.0129 0.0270 30 0 0 0
0.5171 0.0129 0.0270 30 0 0 0
0.5171 0.0129 0.0270 0 0 0 0
0.5272 0.0121 0.0178 0 30 0 0
0.5292 0.0130 0.0179 0 30 0 0
0.5553 0.0136 0.0167 0 30 0 0
0.5292 0.0142 0.0168 0 30 0 0
0.5272 0.0146 0.0167 0 30 0 0
0.5272 0.0143 0.0153 0 30 0 0
0.5433 0.0142 0.0133 0 30 0 0
0.5252 0.0142 0.0133 0 30 0 0
0.5252 0.0142 0.0133 0 30 0 0
0.5553 0.0141 0.0117 0 30 0 0
0.5553 0.0141 0.0117 0 30 0 0
0.5553 0.0141 0.0117 0 30 0 0
0.5553 0.0142 0.0117 0 30 0 0
0.5352 0.0142 0.0117 0 30 0 0
0.5352 0.0142 0.0117 0 30 0 0
0.5352 0.0142 0.0117 0 30 0 0
0.5352 0.0142 0.0117 0 30 0 0
0.5352 0.0142 0.0117 0 30 0 0
0.5433 0.0143 0.0117 0 30 0 0
0.5433 0.0143 0.0117 0 30 0 0
0.5433 0.0143 0.0117 0 30 0 0
0.5433 0.0143 0.0117 0 30 0 0
0.5433 0.0143 0.0117 0 30 0 0
0.5211 0.0140 0.0112 0 30 0 0
0.5211 0.0140 0.0112 0 30 0 0
0.5211 0.0140 0.0112 0 30 0 0
0.5211 0.0140 0.0112 0 30 0 0
0.5211 0.0140 0.0112 0 30 0 0
0.5171 0.0134 0.0110 0 30 0 0
0.5171 0.0134 0.0110 0 30 0 0
0.5171 0.0134 0.0110 0 30 0 0
0.5171 0.0134 0.0110 0 30 0 0
0.5171 0.0134 0.0110 0 30 0 0
0.5372 0.0129 0.0109 0 30 0 0
0.5372 0.0129 0.0109 0 30 0 0
0.5372 0.0129 0.0109 0 30 0 0
0.5332 0.0124 0.0112 0 30 0 0
0.5332 0.0124 0.0112 0 30 0 0
0.5332 0.0124 0.0112 0 30 0 0
0.5332 0.0124 0.0112 0 30 0 0
0.5332 0.0124 0.0112 0 30 0 0
0.5332 0.0123 0.0110 0 30 0 0
0.5332 0.0123 0.0110 0 30 0 0
0.5332 0.0123 0.0110 0 30 0 0
0.5332 0.0123 0.0110 0 30 0 0
0.5332 0.0123 0.0110 0 30 0 0
0.5352 0.0125 0.0109 0 30 0 0
0.5352 0.0125 0.0109 0 30 0 0
0.5352 0.0125 0.0109 0 30 0 0
0.5352 0.0125 0.0109 0 30 0 0
0.5070 0.0129 0.0110 0 30 0 0
0.5070 0.0129 0.0110 0 30 0 0
0.5070 0.0129 0.0110 0 30 0 0
0.5070 0.0129 0.0110 0 30 0 0
0.5070 0.0133 0.0112 0 30 0 0
0.5070 0.0133 0.0112 0 30 0 0
0.5070 0.0133 0.0112 0 30 0 0
0.5070 0.0133 0.0112 0 30 0 0
0.5070 0.0133 0.0112 0 30 0 0
0.5070 0.0133 0.0112 0 30 0 0
0.5111 0.0136 0.0115 0 30 0 0
0.5111 0.0136 0.0115 0 30 0 0
0.5111 0.0136 0.0115 0 30 0 0
0.5111 0.0136 0.0115 0 30 0 0
0.5050 0.0139 0.0122 0 30 0 0
0.5050 0.0139 0.0122 0 30 0 0
0.5050 0.0139 0.0122 0 30 0 0
0.5050 0.0139 0.0122 0 30 0 0
0.5050 0.0140 0.0125 0 30 0 0
0.5050 0.0140 0.0125 0 30 0 0
0.5050 0.0140 0.0125 0 30 0 0
0.5050 0.0140 0.0125 0 30 0 0
0.5030 0.0140 0.0140 0 30 0 0
0.5030 0.0140 0.0140 0 30 0 0
0.5030 0.0140 0.0140 0 30 0 0
0.5030 0.0140 0.0140 0 30 0 0
0.5151 0.0140 0.0138 0 30 0 0
0.5151 0.0140 0.0138 0 30 0 0
0.5151 0.0140 0.0138 0 30 0 0
0.5151 0.0140 0.0138 0 30 0 0
0.5151 0.0140 0.0138 0 30 0 0
0.5131 0.0141 0.0136 0 30 0 0
0.5131 0.0141 0.0136 0 30 0 0
0.5131 0.0141 0.0136 0 30 0 0
0.5131 0.0141 0.0136 0 30 0 0
0.5131 0.0141 0.0136 0 30 0 0
0.5131 0.0141 0.0136 0 30 0 0
0.5111 0.0146 0.0144 0 30 0 0
0.5111 0.0146 0.0144 0 30 0 0
0.5111 0.0146 0.0144 0 30 0 0
0.5111 0.0146 0.0144 0 30 0 0
0.5231 0.0149 0.0145 0 30 0 0
0.5231 0.0149 0.0145 0 30 0 0
0.5231 0.0149 0.0145 0 30 0 0
0.5131 0.0152 0.0142 0 30 0 0
0.5131 0.0152 0.0142 0 30 0 0
0.5131 0.0152 0.0142 0 30 0 0
0.5131 0.0152 0.0142 0 30 0 0
0.5131 0.0152 0.0142 0 30 0 0
0.5131 0.0152 0.0142 0 30 0 0
0.5091 0.0161 0.0143 0 30 0 0
0.5091 0.0161 0.0143 0 30 0 0
0.5091 0.0161 0.0143 0 30 0 0
0.5030 0.0164 0.0144 0 30 0 0
0.5030 0.0164 0.0144 0 30 0 0
0.5030 0.0164 0.0144 0 30 0 0
0.5030 0.0164 0.0144 0 30 0 0
0.5030 0.0164 0.0144 0 30 0 0
0.5252 0.0165 0.0141 0 30 0 0
0.5252 0.0165 0.0141 0 30 0 0
0.5252 0.0165 0.0141 0 30 0 0
0.5252 0.0165 0.0141 0 30 0 0
0.5252 0.0165 0.0141 0 30 0 0
0.5332 0.0164 0.0132 0 30 0 0
0.5332 0.0164 0.0132 0 30 0 0
0.5332 0.0164 0.0132 0 30 0 0
0.5171 0.0161 0.0132 0 30 0 0
0.5171 0.0161 0.0132 0 30 0 0
0.5171 0.0161 0.0132 0 30 0 0
0.5171 0.0161 0.0132 0 30 0 0
0.5171 0.0161 0.0132 0 30 0 0
0.5252 0.0159 0.0126 0 30 0 0
0.5252 0.0159 0.0126 0 30 0 0
0.5252 0.0159 0.0126 0 30 0 0
0.5252 0.0159 0.0126 0 30 0 0
0.5252 0.0159 0.0126 0 30 0 0
0.5252 0.0159 0.0126 0 30 0 0
0.5252 0.0159 0.0126 0 30 0 0
0.5252 0.0159 0.0126 0 30 0 0
0.5252 0.0159 0.0126 0 30 0 0
0.5252 0.0159 0.0126 0 30 0 0
0.5252 0.0159 0.0126 0 30 0 0
0.5252 0.0159 0.0126 0 30 0 0
0.5252 0.0159 0.0128 0 30 0 0
0.5131 0.0159 0.0128 0 30 0 0
0.5211 0.0159 0.0132 0 30 0 0
0.5191 0.0157 0.0131 0 30 0 0
0.5191 0.0157 0.0131 0 30 0 0
0.5191 0.0157 0.0131 0 30 0 0
0.5191 0.0157 0.0131 0 30 0 0
0.4970 0.0157 0.0141 0 30 0 0
0.4970 0.0157 0.0141 0 30 0 0
0.4970 0.0157 0.0141 0 30 0 0
0.4970 0.0157 0.0141 0 30 0 0
0.5171 0.0159 0.0146 0 30 0 0
0.5171 0.0159 0.0146 0 30 0 0
0.5171 0.0159 0.0146 0 30 0 0
0.5171 0.0159 0.0146 0 30 0 0
0.5171 0.0161 0.0147 0 30 0 0
0.4950 0.0161 0.0147 0 30 0 0
0.4950 0.0161 0.0147 0 30 0 0
0.4950 0.0161 0.0147 0 30 0 0
0.4950 0.0161 0.0147 0 30 0 0
0.4950 0.0161 0.0147 0 30 0 0
0.4950 0.0161 0.0147 0 30 0 0
0.5050 0.0169 0.0153 0 30 0 0
0.5050 0.0169 0.0153 0 30 0 0
0.5050 0.0169 0.0153 0 30 0 0
0.5211 0.0173 0.0152 0 30 0 0
0.5211 0.0173 0.0152 0 30 0 0
0.5211 0.0173 0.0152 0 30 0 0
0.5050 0.0174 0.0160 0 30 0 0
0.5050 0.0174 0.0160 0 30 0 0
0.5050 0.0174 0.0160 0 30 0 0
0.5050 0.0174 0.0160 0 30 0 0
0.5050 0.0174 0.0160 0 30 0 0
0.5050 0.0174 0.0160 0 30 0 0
0.5050 0.0174 0.0160 0 30 0 0
0.5050 0.0174 0.0160 0 30 0 0
0.5131 0.0180 0.0154 0 30 0 0
0.5131 0.0180 0.0154 0 30 0 0
0.4950 0.0185 0.0168 0 30 0 0
0.5010 0.0188 0.0167 0 30 0 0
0.5010 0.0188 0.0167 0 30 0 0
0.5010 0.0188 0.0167 0 0 0 0
0.5171 0.0106 0.0200 0 30 0 0
0.5131 0.0109 0.0208 0 30 0 0
0.5131 0.0108 0.0211 0 30 0 0
0.5030 0.0108 0.0209 0 30 0 0
0.5171 0.0106 0.0211 0 30 0 0
0.5030 0.0102 0.0209 0 30 0 0
0.5252 0.0098 0.0211 0 30 0 0
0.5252 0.0098 0.0211 0 30 0 0
0.5252 0.0098 0.0211 0 30 0 0
0.5252 0.0098 0.0211 0 30 0 0
0.5312 0.0100 0.0205 0 30 0 0
0.5312 0.0100 0.0205 0 30 0 0
0.5312 0.0100 0.0205 0 30 0 0
0.5312 0.0103 0.0205 0 30 0 0
0.5171 0.0103 0.0205 0 30 0 0
0.5171 0.0103 0.0205 0 30 0 0
0.5171 0.0103 0.0205 0 30 0 0
0.5171 0.0103 0.0203 0 30 0 0
0.5312 0.0103 0.0203 0 30 0 0
0.5312 0.0103 0.0203 0 30 0 0
0.5312 0.0103 0.0203 0 30 0 0
0.5312 0.0103 0.0203 0 30 0 0
0.5312 0.0103 0.0203 0 30 0 0
0.5312 0.0103 0.0203 0 30 0 0
0.5312 0.0103 0.0203 0 30 0 0
0.5312 0.0103 0.0203 0 30 0 0
0.5312 0.0103 0.0203 0 30 0 0
0.5312 0.0103 0.0203 0 30 0 0
0.5312 0.0103 0.0203 0 30 0 0
0.5312 0.0103 0.0203 0 30 0 0
0.5312 0.0103 0.0203 0 30 0 0
0.5312 0.0106 0.0203 0 30 0 0
0.5131 0.0109 0.0201 0 30 0 0
0.4950 0.0112 0.0198 0 30 0 0
0.4950 0.0112 0.0198 0 30 0 0
0.4950 0.0112 0.0198 0 30 0 0
0.4950 0.0112 0.0198 0 30 0 0
0.5171 0.0116 0.0196 0 30 0 0
0.5171 0.0116 0.0196 0 30 0 0
0.5171 0.0116 0.0196 0 30 0 0
0.5111 0.0120 0.0199 0 30 0 0
0.5111 0.0120 0.0199 0 30 0 0
0.5111 0.0120 0.0199 0 30 0 0
0.5111 0.0120 0.0199 0 30 0 0
0.5010 0.0123 0.0200 0 30 0 0
0.5010 0.0123 0.0200 0 30 0 0
0.5010 0.0123 0.0200 0 30 0 0
0.5010 0.0123 0.0200 0 30 0 0
0.5010 0.0123 0.0200 0 30 0 0
0.5010 0.0123 0.0200 0 30 0 0
0.5010 0.0123 0.0200 0 30 0 0
0.5171 0.0125 0.0207 0 30 0 0
0.5171 0.0125 0.0207 0 30 0 0
0.5171 0.0125 0.0207 0 30 0 0
0.5191 0.0122 0.0207 0 30 0 0
0.5191 0.0122 0.0207 0 30 0 0
0.5191 0.0122 0.0207 0 30 0 0
0.5191 0.0122 0.0207 0 30 0 0
0.5191 0.0122 0.0207 0 30 0 0
0.5352 0.0116 0.0210 0 30 0 0
0.5352 0.0116 0.0210 0 30 0 0
0.5352 0.0116 0.0210 0 30 0 0
0.5352 0.0116 0.0210 0 30 0 0
0.5352 0.0116 0.0210 0 30 0 0
0.5352 0.0116 0.0207 0 30 0 0
0.5352 0.0116 0.0207 0 30 0 0
0.5352 0.0116 0.0207 0 30 0 0
0.5392 0.0116 0.0210 0 30 0 0
0.5392 0.0116 0.0210 0 30 0 0
0.5392 0.0116 0.0210 0 30 0 0
0.5392 0.0116 0.0210 0 30 0 0
0.5392 0.0116 0.0210 0 30 0 0
0.5352 0.0118 0.0216 0 30 0 0
0.5352 0.0118 0.0216 0 30 0 0
0.5352 0.0118 0.0216 0 30 0 0
0.5352 0.0118 0.0216 0 30 0 0
0.5231 0.0118 0.0208 0 0 0 0
0.5533 0.0112 0.0200 0 30 0 0
0.5533 0.0111 0.0188 0 30 0 0
0.5513 0.0111 0.0188 0 30 0 0
0.5412 0.0113 0.0190 0 30 0 0
0.5151 0.0116 0.0187 0 30 0 0
0.5151 0.0116 0.0187 0 30 0 0
0.5231 0.0123 0.0196 0 30 0 0
0.5231 0.0123 0.0196 0 30 0 0
0.5231 0.0123 0.0196 0 30 0 0
0.5231 0.0123 0.0196 0 30 0 0
0.5231 0.0123 0.0196 0 30 0 0
0.5412 0.0131 0.0203 0 30 0 0
0.5412 0.0131 0.0203 0 30 0 0
0.5412 0.0131 0.0203 0 30 0 0
0.5292 0.0135 0.0206 0 30 0 0
0.5292 0.0135 0.0206 0 30 0 0
0.5292 0.0135 0.0206 0 30 0 0
0.5292 0.0135 0.0206 0 30 0 0
0.5292 0.0135 0.0206 0 30 0 0
0.5292 0.0135 0.0206 0 30 0 0
0.5231 0.0134 0.0208 0 30 0 0
0.5231 0.0134 0.0208 0 30 0 0
0.5231 0.0134 0.0208 0 30 0 0
0.5231 0.0134 0.0208 0 30 0 0
0.5352 0.0130 0.0204 0 30 0 0
0.5352 0.0130 0.0204 0 30 0 0
0.5312 0.0128 0.0212 0 30 0 0
0.5312 0.0128 0.0212 0 30 0 0
0.5312 0.0128 0.0212 0 30 0 0
0.5312 0.0128 0.0212 0 30 0 0
0.5634 0.0130 0.0207 0 0 0 0
0.5292 0.0126 0.0167 0 30 0 0
0.5231 0.0120 0.0169 0 30 0 0
0.5352 0.0118 0.0170 0 30 0 0
0.5493 0.0117 0.0179 0 30 0 0
0.5292 0.0116 0.0151 0 30 0 0
0.5513 0.0116 0.0185 0 30 0 0
0.5513 0.0116 0.0185 0 30 0 0
0.5292 0.0117 0.0199 0 30 0 0
0.5292 0.0117 0.0199 0 30 0 0
0.5292 0.0117 0.0199 0 30 0 0
0.5292 0.0117 0.0199 0 30 0 0
0.5292 0.0117 0.0199 0 30 0 0
0.5352 0.0118 0.0180 0 30 0 0
0.5231 0.0119 0.0189 0 30 0 0
0.5231 0.0119 0.0189 0 30 0 0
0.5231 0.0119 0.0189 0 30 0 0
0.5231 0.0119 0.0189 0 30 0 0
0.5231 0.0119 0.0189 0 30 0 0
0.5231 0.0119 0.0189 0 30 0 0
0.5211 0.0121 0.0167 0 30 0 0
0.5211 0.0121 0.0167 0 30 0 0
0.5211 0.0121 0.0167 0 30 0 0
0.5211 0.0121 0.0167 0 30 0 0
0.5211 0.0121 0.0167 0 30 0 0
0.5312 0.0123 0.0134 0 30 0 0
0.5312 0.0123 0.0134 0 30 0 0
0.5312 0.0123 0.0134 0 30 0 0
0.5151 0.0127 0.0125 0 30 0 0
0.5151 0.0127 0.0125 0 30 0 0
0.5151 0.0127 0.0125 0 30 0 0
0.5151 0.0127 0.0125 0 30 0 0
0.5151 0.0127 0.0125 0 30 0 0
0.5151 0.0127 0.0125 0 30 0 0
0.5231 0.0136 0.0145 0 30 0 0
0.5231 0.0136 0.0145 0 30 0 0
0.5231 0.0136 0.0145 0 30 0 0
0.5231 0.0136 0.0145 0 30 0 0
0.5231 0.0136 0.0145 0 30 0 0
0.5332 0.0138 0.0163 0 30 0 0
0.5332 0.0138 0.0163 0 30 0 0
0.5332 0.0138 0.0163 0 30 0 0
0.5332 0.0138 0.0163 0 30 0 0
0.5392 0.0137 0.0182 0 30 0 0
0.5392 0.0137 0.0182 0 30 0 0
0.5392 0.0137 0.0182 0 30 0 0
0.5392 0.0137 0.0182 0 30 0 0
0.5412 0.0135 0.0188 0 30 0 0
0.5412 0.0135 0.0188 0 30 0 0
0.5412 0.0135 0.0188 0 30 0 0
0.5412 0.0135 0.0188 0 30 0 0
0.5412 0.0135 0.0188 0 30 0 0
0.5292 0.0133 0.0205 0 30 0 0
0.5292 0.0133 0.0205 0 30 0 0
0.5292 0.0133 0.0205 0 30 0 0
0.5292 0.0133 0.0205 0 30 0 0
0.5292 0.0133 0.0205 0 30 0 0
0.5412 0.0131 0.0213 0 30 0 0
0.5412 0.0131 0.0213 0 30 0 0
0.5412 0.0131 0.0213 0 30 0 0
0.5412 0.0131 0.0213 0 30 0 0
0.5412 0.0131 0.0213 0 30 0 0
0.5553 0.0132 0.0194 0 30 0 0
0.5553 0.0132 0.0194 0 30 0 0
0.5553 0.0132 0.0194 0 30 0 0
0.5553 0.0132 0.0194 0 30 0 0
0.5292 0.0133 0.0205 0 30 0 0
0.5292 0.0133 0.0205 0 30 0 0
0.5292 0.0133 0.0205 0 30 0 0
0.5292 0.0133 0.0205 0 30 0 0
0.5392 0.0135 0.0222 0 30 0 0
0.5392 0.0135 0.0222 0 30 0 0
0.5392 0.0135 0.0222 0 30 0 0
0.5392 0.0134 0.0206 0 30 0 0
0.5191 0.0134 0.0206 0 30 0 0
0.5191 0.0134 0.0206 0 30 0 0
0.5191 0.0134 0.0206 0 30 0 0
0.5191 0.0134 0.0206 0 30 0 0
0.5211 0.0129 0.0207 0 30 0 0
0.5211 0.0129 0.0207 0 30 0 0
0.5211 0.0129 0.0207 0 30 0 0
0.5211 0.0129 0.0207 0 30 0 0
0.5050 0.0126 0.0197 0 30 0 0
0.5050 0.0126 0.0197 0 30 0 0
0.5050 0.0126 0.0197 0 30 0 0
0.5050 0.0126 0.0197 0 30 0 0
0.5131 0.0128 0.0210 0 30 0 0
0.5131 0.0128 0.0210 0 30 0 0
0.5131 0.0128 0.0210 0 30 0 0
0.5131 0.0128 0.0210 0 30 0 0
0.5131 0.0128 0.0210 0 30 0 0
0.5131 0.0128 0.0210 0 30 0 0
0.5131 0.0128 0.0210 0 30 0 0
0.5070 0.0129 0.0208 0 30 0 0
0.5070 0.0129 0.0208 0 30 0 0
0.5070 0.0129 0.0208 0 30 0 0
0.5070 0.0129 0.0208 0 30 0 0
0.5070 0.0129 0.0208 0 30 0 0
0.5312 0.0128 0.0204 0 30 0 0
0.5312 0.0128 0.0204 0 30 0 0
0.5171 0.0127 0.0204 0 30 0 0
0.5171 0.0127 0.0204 0 30 0 0
0.5171 0.0127 0.0204 0 30 0 0
0.5231 0.0127 0.0200 0 30 0 0
0.5231 0.0127 0.0200 0 30 0 0
0.5231 0.0127 0.0200 0 30 0 0
0.5231 0.0127 0.0200 0 30 0 0
0.5473 0.0125 0.0209 0 30 0 0
0.5473 0.0125 0.0209 0 30 0 0
0.5473 0.0125 0.0209 0 30 0 0
0.5473 0.0125 0.0209 0 30 0 0
0.5412 0.0125 0.0208 0 30 0 0
0.5412 0.0125 0.0208 0 30 0 0
0.5412 0.0125 0.0208 0 30 0 0
0.5412 0.0125 0.0208 0 30 0 0
0.5412 0.0125 0.0208 0 30 0 0
0.5513 0.0124 0.0208 0 30 0 0
0.5513 0.0124 0.0208 0 0 0 0
0.5191 0.0125 0.0188 0 30 0 0
0.5211 0.0129 0.0173 0 30 0 0
0.5352 0.0128 0.0174 0 30 0 0
0.5372 0.0126 0.0171 0 30 0 0
0.5372 0.0123 0.0169 0 30 0 0
0.5594 0.0125 0.0163 0 30 0 0
0.5513 0.0130 0.0150 0 30 0 0
0.5533 0.0136 0.0154 0 30 0 0
0.5533 0.0136 0.0154 0 30 0 0
0.5292 0.0138 0.0143 0 30 0 0
0.5292 0.0138 0.0143 0 30 0 0
0.5292 0.0138 0.0143 0 30 0 0
0.5292 0.0138 0.0143 0 30 0 0
0.5352 0.0137 0.0142 0 30 0 0
0.5352 0.0137 0.0142 0 30 0 0
0.5352 0.0137 0.0142 0 30 0 0
0.5352 0.0137 0.0142 0 30 0 0
0.5392 0.0134 0.0139 0 30 0 0
0.5392 0.0134 0.0139 0 30 0 0
0.5392 0.0134 0.0139 0 30 0 0
0.5392 0.0134 0.0139 0 30 0 0
0.5392 0.0134 0.0139 0 30 0 0
0.5392 0.0134 0.0139 0 30 0 0
0.5412 0.0132 0.0134 0 30 0 0
0.5412 0.0132 0.0134 0 30 0 0
0.5412 0.0132 0.0134 0 30 0 0
0.5412 0.0132 0.0134 0 30 0 0
0.5272 0.0130 0.0132 0 30 0 0
0.5272 0.0130 0.0132 0 30 0 0
0.5272 0.0130 0.0132 0 30 0 0
0.5433 0.0136 0.0132 0 30 0 0
0.5433 0.0136 0.0132 0 30 0 0
0.5433 0.0136 0.0132 0 30 0 0
0.5433 0.0136 0.0132 0 30 0 0
0.5433 0.0136 0.0132 0 30 0 0
0.5453 0.0144 0.0142 0 30 0 0
0.5453 0.0144 0.0142 0 30 0 0
0.5453 0.0144 0.0142 0 30 0 0
0.5453 0.0144 0.0142 0 30 0 0
0.5453 0.0144 0.0142 0 30 0 0
0.5453 0.0144 0.0142 0 30 0 0
0.5453 0.0150 0.0139 0 30 0 0
0.5453 0.0150 0.0139 0 30 0 0
0.5453 0.0150 0.0139 0 30 0 0
0.5292 0.0154 0.0133 0 30 0 0
0.5292 0.0154 0.0133 0 30 0 0
0.5292 0.0154 0.0133 0 30 0 0
0.5292 0.0154 0.0133 0 30 0 0
0.5292 0.0154 0.0133 0 30 0 0
0.5453 0.0155 0.0120 0 30 0 0
0.5453 0.0155 0.0120 0 30 0 0
0.5453 0.0155 0.0120 0 30 0 0
0.5453 0.0155 0.0120 0 30 0 0
0.5453 0.0155 0.0120 0 30 0 0
0.5473 0.0150 0.0117 0 30 0 0
0.5473 0.0150 0.0117 0 30 0 0
0.5473 0.0150 0.0117 0 30 0 0
0.5473 0.0150 0.0117 0 30 0 0
0.5473 0.0146 0.0098 0 30 0 0
0.5473 0.0146 0.0098 0 30 0 0
0.5473 0.0146 0.0098 0 30 0 0
0.5473 0.0146 0.0098 0 30 0 0
0.5473 0.0146 0.0098 0 30 0 0
0.5513 0.0143 0.0094 0 30 0 0
0.5513 0.0143 0.0094 0 30 0 0
0.5513 0.0143 0.0094 0 30 0 0
0.5513 0.0143 0.0094 0 30 0 0
0.5513 0.0141 0.0090 0 30 0 0
0.5654 0.0141 0.0090 0 30 0 0
0.5654 0.0141 0.0090 0 30 0 0
0.5654 0.0141 0.0090 0 30 0 0
0.5573 0.0141 0.0089 0 30 0 0
0.5573 0.0141 0.0089 0 30 0 0
0.5573 0.0141 0.0089 0 30 0 0
0.5573 0.0141 0.0089 0 30 0 0
0.5573 0.0141 0.0089 0 30 0 0
0.5634 0.0140 0.0080 0 30 0 0
0.5634 0.0140 0.0080 0 30 0 0
0.5634 0.0140 0.0080 0 30 0 0
0.5634 0.0140 0.0080 0 30 0 0
0.5634 0.0140 0.0080 0 30 0 0
0.5513 0.0143 0.0083 0 30 0 0
0.5513 0.0143 0.0083 0 30 0 0
0.5513 0.0143 0.0083 0 30 0 0
0.5513 0.0143 0.0083 0 30 0 0
0.5473 0.0147 0.0089 0 30 0 0
0.5473 0.0147 0.0089 0 30 0 0
0.5473 0.0147 0.0089 0 30 0 0
0.5473 0.0147 0.0089 0 30 0 0
0.5473 0.0147 0.0089 0 30 0 0
0.5091 0.0150 0.0091 0 0 0 0
0.5372 0.0172 0.0093 0 30 0 0
0.5412 0.0178 0.0091 0 30 0 0
0.5412 0.0178 0.0091 0 30 0 0
0.5412 0.0181 0.0093 0 30 0 0
0.5131 0.0178 0.0079 0 30 0 0
0.5151 0.0174 0.0084 0 30 0 0
0.5272 0.0171 0.0064 0 30 0 0
0.5292 0.0170 0.0073 0 30 0 0
0.5272 0.0173 0.0082 0 30 0 0
0.5272 0.0173 0.0082 0 30 0 0
0.5272 0.0173 0.0082 0 30 0 0
0.5292 0.0174 0.0086 0 30 0 0
0.5292 0.0174 0.0086 0 30 0 0
0.5292 0.0174 0.0086 0 30 0 0
0.5292 0.0174 0.0086 0 30 0 0
0.5292 0.0174 0.0086 0 30 0 0
0.5231 0.0177 0.0087 0 30 0 0
0.5231 0.0177 0.0087 0 30 0 0
0.5231 0.0177 0.0087 0 30 0 0
0.5231 0.0177 0.0087 0 30 0 0
0.5231 0.0177 0.0087 0 30 0 0
0.5231 0.0177 0.0087 0 30 0 0
0.5191 0.0183 0.0095 0 30 0 0
0.5191 0.0183 0.0095 0 30 0 0
0.5191 0.0183 0.0095 0 30 0 0
0.5191 0.0189 0.0103 0 30 0 0
0.5312 0.0189 0.0103 0 30 0 0
0.5312 0.0189 0.0103 0 30 0 0
0.5312 0.0189 0.0103 0 30 0 0
0.5252 0.0194 0.0106 0 30 0 0
0.5252 0.0194 0.0106 0 30 0 0
0.5252 0.0194 0.0106 0 30 0 0
0.5252 0.0194 0.0106 0 30 0 0
0.5252 0.0194 0.0106 0 30 0 0
0.5252 0.0194 0.0106 0 30 0 0
0.5272 0.0199 0.0104 0 30 0 0
0.5272 0.0199 0.0104 0 30 0 0
0.5272 0.0199 0.0104 0 30 0 0
0.5272 0.0199 0.0104 0 30 0 0
0.5312 0.0201 0.0106 0 30 0 0
0.5312 0.0201 0.0106 0 30 0 0
0.5312 0.0201 0.0106 0 30 0 0
0.5312 0.0201 0.0106 0 30 0 0
0.5030 0.0200 0.0113 0 30 0 0
0.5030 0.0200 0.0113 0 30 0 0
0.5030 0.0200 0.0113 0 30 0 0
0.5030 0.0200 0.0113 0 30 0 0
0.5030 0.0200 0.0113 0 30 0 0
0.5030 0.0200 0.0113 0 30 0 0
0.5030 0.0200 0.0113 0 30 0 0
0.5030 0.0200 0.0113 0 30 0 0
0.5030 0.0200 0.0113 0 30 0 0
0.5030 0.0200 0.0113 0 0 0 0
0.5231 0.0186 0.0113 0 30 0 0
0.5131 0.0184 0.0127 0 30 0 0
0.5252 0.0186 0.0125 0 30 0 0
0.5252 0.0186 0.0125 0 30 0 0
0.5191 0.0191 0.0133 0 30 0 0
0.5070 0.0175 0.0139 0 30 0 0
0.5473 0.0160 0.0149 0 30 0 0
0.5473 0.0160 0.0149 0 30 0 0
0.5473 0.0160 0.0149 0 30 0 0
0.5372 0.0155 0.0158 0 30 0 0
0.5372 0.0155 0.0158 0 30 0 0
0.5372 0.0155 0.0158 0 30 0 0
0.5372 0.0155 0.0158 0 30 0 0
0.5372 0.0155 0.0158 0 30 0 0
0.5372 0.0155 0.0158 0 30 0 0
0.5231 0.0153 0.0161 0 30 0 0
0.5231 0.0153 0.0161 0 30 0 0
0.5231 0.0153 0.0161 0 30 0 0
0.5231 0.0153 0.0161 0 30 0 0
0.5231 0.0153 0.0161 0 30 0 0
0.5412 0.0153 0.0169 0 30 0 0
0.5412 0.0153 0.0169 0 30 0 0
0.5412 0.0153 0.0169 0 30 0 0
0.5513 0.0157 0.0169 0 30 0 0
0.5513 0.0157 0.0169 0 30 0 0
0.5533 0.0159 0.0169 0 30 0 0
0.5533 0.0159 0.0169 0 30 0 0
0.5533 0.0159 0.0169 0 30 0 0
0.5533 0.0159 0.0169 0 30 0 0
0.5453 0.0161 0.0172 0 30 0 0
0.5453 0.0161 0.0172 0 30 0 0
0.5453 0.0161 0.0172 0 30 0 0
0.5453 0.0161 0.0172 0 30 0 0
0.5453 0.0161 0.0172 0 30 0 0
0.5453 0.0161 0.0172 0 30 0 0
0.5453 0.0161 0.0172 0 30 0 0
0.5493 0.0165 0.0165 0 30 0 0
0.5493 0.0165 0.0165 0 30 0 0
0.5493 0.0165 0.0165 0 30 0 0
0.5533 0.0166 0.0157 0 30 0 0
0.5533 0.0166 0.0157 0 30 0 0
0.5533 0.0166 0.0157 0 30 0 0
0.5533 0.0166 0.0157 0 30 0 0
0.5533 0.0166 0.0157 0 30 0 0
0.5493 0.0164 0.0164 0 30 0 0
0.5493 0.0164 0.0164 0 30 0 0
0.5493 0.0164 0.0164 0 30 0 0
0.5493 0.0164 0.0164 0 30 0 0
0.5493 0.0164 0.0164 0 30 0 0
0.5493 0.0158 0.0169 0 30 0 0
0.5855 0.0158 0.0169 0 30 0 0
0.5855 0.0158 0.0169 0 30 0 0
0.5855 0.0158 0.0169 0 30 0 0
0.5372 0.0155 0.0166 0 30 0 0
0.5372 0.0155 0.0166 0 30 0 0
0.5372 0.0155 0.0166 0 30 0 0
0.5372 0.0155 0.0166 0 30 0 0
0.5453 0.0155 0.0153 0 30 0 0
0.5453 0.0155 0.0153 0 30 0 0
0.5453 0.0155 0.0153 0 30 0 0
0.5453 0.0155 0.0153 0 30 0 0
0.5453 0.0155 0.0153 0 30 0 0
0.5493 0.0156 0.0148 0 30 0 0
0.5493 0.0156 0.0148 0 30 0 0
0.5493 0.0156 0.0148 0 30 0 0
0.5352 0.0160 0.0138 0 30 0 0
0.5352 0.0160 0.0138 0 30 0 0
0.5352 0.0160 0.0138 0 30 0 0
0.5352 0.0160 0.0138 0 30 0 0
0.5352 0.0160 0.0138 0 30 0 0
0.5473 0.0163 0.0138 0 30 0 0
0.5473 0.0163 0.0138 0 30 0 0
0.5473 0.0163 0.0138 0 30 0 0
0.5473 0.0163 0.0138 0 30 0 0
0.5473 0.0163 0.0138 0 30 0 0
0.5473 0.0163 0.0138 0 30 0 0
0.5372 0.0167 0.0144 0 30 0 0
0.5372 0.0167 0.0144 0 30 0 0
0.5292 0.0170 0.0150 0 30 0 0
0.5292 0.0170 0.0150 0 30 0 0
0.5292 0.0170 0.0150 0 30 0 0
0.5292 0.0170 0.0150 0 30 0 0
0.5332 0.0171 0.0149 0 30 0 0
0.5332 0.0171 0.0149 0 30 0 0
0.5332 0.0171 0.0149 0 30 0 0
0.5332 0.0171 0.0149 0 30 0 0
0.5332 0.0171 0.0149 0 30 0 0
0.5332 0.0171 0.0149 0 30 0 0
0.5151 0.0176 0.0149 0 30 0 0
0.5151 0.0176 0.0149 0 30 0 0
0.5151 0.0176 0.0149 0 30 0 0
0.5312 0.0180 0.0152 0 30 0 0
0.5312 0.0180 0.0152 0 30 0 0
0.5312 0.0180 0.0152 0 30 0 0
0.5312 0.0180 0.0152 0 30 0 0
0.5312 0.0180 0.0152 0 30 0 0
0.5392 0.0182 0.0142 0 30 0 0
0.5392 0.0182 0.0142 0 30 0 0
0.5392 0.0182 0.0142 0 30 0 0
0.5392 0.0182 0.0142 0 30 0 0
0.5392 0.0182 0.0142 0 30 0 0
0.5191 0.0178 0.0139 0 30 0 0
0.5191 0.0178 0.0139 0 30 0 0
0.5191 0.0178 0.0139 0 30 0 0
0.5191 0.0178 0.0139 0 30 0 0
0.5191 0.0178 0.0139 0 30 0 0
0.5191 0.0178 0.0139 0 30 0 0
0.5191 0.0178 0.0139 0 30 0 0
0.5191 0.0178 0.0139 0 30 0 0
0.5191 0.0178 0.0139 0 30 0 0
0.5191 0.0178 0.0139 0 30 0 0
0.5372 0.0173 0.0137 0 30 0 0
0.5372 0.0173 0.0137 0 30 0 0
0.5594 0.0164 0.0144 0 30 0 0
0.5473 0.0159 0.0142 0 30 0 0
0.5473 0.0159 0.0142 0 30 0 0
0.5453 0.0156 0.0143 0 30 0 0
0.5453 0.0156 0.0143 0 30 0 0
0.5453 0.0156 0.0143 0 30 0 0
0.5453 0.0156 0.0143 0 30 0 0
0.5453 0.0156 0.0143 0 30 0 0
0.5453 0.0156 0.0143 0 30 0 0
0.5191 0.0156 0.0126 0 30 0 0
0.5191 0.0156 0.0126 0 30 0 0
0.5191 0.0156 0.0126 0 30 0 0
0.5191 0.0156 0.0126 0 30 0 0
0.5352 0.0158 0.0126 0 30 0 0
0.5352 0.0158 0.0126 0 30 0 0
0.5352 0.0158 0.0126 0 30 0 0
0.5352 0.0158 0.0126 0 30 0 0
0.5412 0.0158 0.0136 0 30 0 0
0.5412 0.0158 0.0136 0 30 0 0
0.5412 0.0158 0.0136 0 30 0 0
0.5412 0.0158 0.0136 0 30 0 0
0.5412 0.0158 0.0136 0 30 0 0
0.5412 0.0158 0.0136 0 30 0 0
0.5412 0.0158 0.0136 0 30 0 0
0.5513 0.0158 0.0140 0 30 0 0
0.5513 0.0158 0.0140 0 30 0 0
0.5513 0.0158 0.0140 0 30 0 0
0.5392 0.0159 0.0137 0 30 0 0
0.5392 0.0159 0.0137 0 30 0 0
0.5392 0.0159 0.0137 0 30 0 0
0.5392 0.0165 0.0135 0 30 0 0
0.5292 0.0165 0.0135 0 30 0 0
0.5292 0.0165 0.0135 0 30 0 0
0.5292 0.0165 0.0135 0 30 0 0
0.5292 0.0165 0.0135 0 30 0 0
0.5292 0.0165 0.0135 0 30 0 0
0.5533 0.0176 0.0138 0 30 0 0
0.5533 0.0176 0.0138 0 30 0 0
0.5533 0.0176 0.0138 0 30 0 0
0.5533 0.0176 0.0138 0 30 0 0
0.5473 0.0182 0.0137 0 30 0 0
0.5473 0.0182 0.0137 0 30 0 0
0.5473 0.0182 0.0137 0 30 0 0
0.5473 0.0182 0.0137 0 30 0 0
0.5352 0.0184 0.0137 0 30 0 0
0.5352 0.0184 0.0137 0 30 0 0
0.5352 0.0184 0.0137 0 30 0 0
0.5352 0.0184 0.0137 0 30 0 0
0.5352 0.0184 0.0137 0 30 0 0
0.5352 0.0184 0.0137 0 30 0 0
0.5493 0.0177 0.0144 0 30 0 0
0.5493 0.0177 0.0144 0 30 0 0
0.5493 0.0177 0.0144 0 30 0 0
0.5493 0.0177 0.0144 0 30 0 0
0.5553 0.0171 0.0144 0 30 0 0
0.5553 0.0171 0.0144 0 30 0 0
0.5553 0.0171 0.0144 0 30 0 0
0.5553 0.0171 0.0144 0 30 0 0
0.5553 0.0171 0.0144 0 30 0 0
0.5553 0.0171 0.0144 0 30 0 0
0.5553 0.0171 0.0144 0 30 0 0
0.5553 0.0171 0.0144 0 30 0 0
0.5553 0.0171 0.0144 0 30 0 0
0.5553 0.0171 0.0144 0 30 0 0
0.5553 0.0169 0.0140 0 30 0 0
0.5553 0.0169 0.0140 0 30 0 0
0.5553 0.0169 0.0140 0 30 0 0
0.5553 0.0169 0.0140 0 30 0 0
0.5473 0.0174 0.0146 0 30 0 0
0.5412 0.0179 0.0134 0 30 0 0
0.5412 0.0179 0.0134 0 30 0 0
0.5412 0.0184 0.0133 0 30 0 0
0.5412 0.0184 0.0133 0 30 0 0
0.5412 0.0184 0.0133 0 30 0 0
0.5412 0.0184 0.0133 0 30 0 0
0.5412 0.0184 0.0133 0 30 0 0
0.5171 0.0184 0.0126 0 0 0 0
0.5292 0.0179 0.0143 0 30 0 0
0.5070 0.0174 0.0151 0 30 0 0
0.5191 0.0173 0.0152 0 30 0 0
0.5392 0.0167 0.0145 0 30 0 0
0.5392 0.0167 0.0145 0 30 0 0
0.5392 0.0167 0.0145 0 30 0 0
0.5392 0.0167 0.0145 0 30 0 0
0.5191 0.0157 0.0146 0 30 0 0
0.5191 0.0157 0.0146 0 30 0 0
0.5191 0.0157 0.0146 0 30 0 0
0.5191 0.0157 0.0146 0 30 0 0
0.5191 0.0157 0.0146 0 30 0 0
0.5191 0.0157 0.0146 0 30 0 0
0.5412 0.0144 0.0141 0 30 0 0
0.5412 0.0144 0.0141 0 30 0 0
0.5412 0.0144 0.0141 0 30 0 0
0.5533 0.0136 0.0141 0 30 0 0
0.5533 0.0136 0.0141 0 30 0 0
0.5533 0.0136 0.0141 0 30 0 0
0.5533 0.0136 0.0141 0 30 0 0
0.5533 0.0136 0.0141 0 30 0 0
0.5171 0.0130 0.0134 0 30 0 0
0.5171 0.0130 0.0134 0 30 0 0
0.5171 0.0130 0.0134 0 30 0 0
0.5171 0.0130 0.0134 0 30 0 0
0.5332 0.0132 0.0134 0 30 0 0
0.5332 0.0132 0.0134 0 30 0 0
0.5332 0.0132 0.0134 0 30 0 0
0.5332 0.0132 0.0134 0 30 0 0
0.5091 0.0137 0.0128 0 30 0 0
0.5091 0.0137 0.0128 0 30 0 0
0.5091 0.0137 0.0128 0 30 0 0
0.5091 0.0137 0.0128 0 30 0 0
0.5091 0.0137 0.0128 0 30 0 0
0.5352 0.0146 0.0132 0 30 0 0
0.5352 0.0146 0.0132 0 30 0 0
0.5352 0.0146 0.0132 0 30 0 0
0.5352 0.0146 0.0132 0 30 0 0
0.5352 0.0146 0.0132 0 30 0 0
0.5292 0.0153 0.0136 0 30 0 0
0.5292 0.0153 0.0136 0 30 0 0
0.5292 0.0153 0.0136 0 30 0 0
0.5292 0.0153 0.0136 0 30 0 0
0.5272 0.0159 0.0135 0 30 0 0
0.5272 0.0159 0.0135 0 30 0 0
0.5272 0.0159 0.0135 0 30 0 0
0.5272 0.0159 0.0135 0 30 0 0
0.5272 0.0164 0.0123 0 30 0 0
0.5231 0.0164 0.0123 0 30 0 0
0.5231 0.0164 0.0123 0 30 0 0
0.5231 0.0164 0.0123 0 30 0 0
0.5231 0.0164 0.0123 0 30 0 0
0.5272 0.0166 0.0111 0 30 0 0
0.5272 0.0166 0.0111 0 30 0 0
0.5272 0.0166 0.0111 0 30 0 0
0.5392 0.0169 0.0108 0 30 0 0
0.5392 0.0169 0.0108 0 30 0 0
0.5392 0.0169 0.0108 0 30 0 0
0.5392 0.0169 0.0108 0 30 0 0
0.5392 0.0169 0.0108 0 30 0 0
0.5392 0.0169 0.0108 0 30 0 0
0.5111 0.0173 0.0112 0 30 0 0
0.5111 0.0173 0.0112 0 30 0 0
0.5111 0.0173 0.0112 0 30 0 0
0.5111 0.0173 0.0112 0 30 0 0
0.5050 0.0175 0.0114 0 30 0 0
0.5050 0.0175 0.0114 0 30 0 0
0.5050 0.0175 0.0114 0 30 0 0
0.5050 0.0175 0.0114 0 30 0 0
0.5070 0.0176 0.0107 0 30 0 0
0.5070 0.0176 0.0107 0 30 0 0
0.5070 0.0176 0.0107 0 30 0 0
0.5070 0.0176 0.0107 0 30 0 0
0.5070 0.0176 0.0107 0 30 0 0
0.5070 0.0176 0.0107 0 30 0 0
0.5111 0.0178 0.0107 0 30 0 0
0.5111 0.0178 0.0107 0 30 0 0
0.5111 0.0178 0.0107 0 30 0 0
0.5111 0.0178 0.0107 0 30 0 0
0.5111 0.0178 0.0107 0 30 0 0
0.5171 0.0180 0.0090 0 30 0 0
0.5171 0.0180 0.0090 0 30 0 0
0.4950 0.0179 0.0095 0 30 0 0
0.4950 0.0179 0.0095 0 30 0 0
0.4950 0.0179 0.0095 0 30 0 0
0.4950 0.0179 0.0095 0 30 0 0
0.4950 0.0179 0.0095 0 30 0 0
0.4950 0.0179 0.0095 0 30 0 0
0.5091 0.0174 0.0086 0 30 0 0
0.5091 0.0174 0.0086 0 30 0 0
0.5091 0.0174 0.0086 0 30 0 0
0.5091 0.0174 0.0086 0 30 0 0
0.5070 0.0171 0.0088 0 30 0 0
0.5070 0.0171 0.0088 0 30 0 0
0.5070 0.0171 0.0088 0 30 0 0
0.5070 0.0171 0.0088 0 30 0 0
0.5070 0.0171 0.0088 0 30 0 0
0.5252 0.0168 0.0067 0 30 0 0
0.5252 0.0168 0.0067 0 30 0 0
0.5252 0.0168 0.0067 0 30 0 0
0.5252 0.0168 0.0067 0 30 0 0
0.5252 0.0168 0.0067 0 30 0 0
0.5091 0.0168 0.0056 0 30 0 0
0.5091 0.0168 0.0056 0 30 0 0
0.5091 0.0168 0.0056 0 30 0 0
0.5091 0.0168 0.0056 0 30 0 0
0.5272 0.0169 0.0058 0 30 0 0
0.5272 0.0169 0.0058 0 30 0 0
0.5272 0.0169 0.0058 0 30 0 0
0.5272 0.0169 0.0058 0 30 0 0
0.5272 0.0172 0.0049 0 30 0 0
0.5392 0.0172 0.0049 0 30 0 0
0.5392 0.0172 0.0049 0 30 0 0
0.5392 0.0172 0.0049 0 30 0 0
0.5392 0.0172 0.0049 0 30 0 0
0.5392 0.0172 0.0049 0 30 0 0
0.5473 0.0174 0.0054 0 30 0 0
0.5473 0.0174 0.0054 0 30 0 0
0.5473 0.0174 0.0054 0 30 0 0
0.5473 0.0174 0.0054 0 30 0 0
0.5211 0.0174 0.0048 0 30 0 0
0.5211 0.0174 0.0048 0 30 0 0
0.5211 0.0174 0.0048 0 30 0 0
0.5211 0.0174 0.0048 0 30 0 0
0.5211 0.0174 0.0049 0 30 0 0
0.5191 0.0174 0.0049 0 30 0 0
0.5191 0.0174 0.0049 0 30 0 0
0.5191 0.0174 0.0049 0 30 0 0
0.5191 0.0174 0.0049 0 30 0 0
0.5292 0.0175 0.0030 0 30 0 0
0.5292 0.0175 0.0030 0 30 0 0
0.5292 0.0175 0.0030 0 30 0 0
0.5292 0.0175 0.0030 0 30 0 0
0.5332 0.0178 0.0032 0 30 0 0
0.5332 0.0178 0.0032 0 30 0 0
0.5332 0.0178 0.0032 0 30 0 0
0.5332 0.0178 0.0032 0 30 0 0
0.5191 0.0184 0.0033 0 30 0 0
0.5191 0.0184 0.0033 0 30 0 0
0.5191 0.0184 0.0033 0 30 0 0
0.5191 0.0184 0.0033 0 30 0 0
0.5191 0.0184 0.0033 0 30 0 0
0.5272 0.0189 0.0041 0 30 0 0
0.5272 0.0189 0.0041 0 30 0 0
0.5272 0.0189 0.0041 0 30 0 0
0.5272 0.0189 0.0041 0 30 0 0
0.5272 0.0189 0.0041 0 30 0 0
0.5272 0.0189 0.0041 0 30 0 0
0.5493 0.0192 0.0039 0 30 0 0
0.5493 0.0192 0.0039 0 30 0 0
0.5493 0.0192 0.0039 0 30 0 0
0.5513 0.0193 0.0041 0 30 0 0
0.5513 0.0193 0.0041 0 30 0 0
0.5513 0.0193 0.0041 0 30 0 0
0.5513 0.0193 0.0041 0 30 0 0
0.5513 0.0193 0.0041 0 30 0 0
0.5734 0.0191 0.0048 0 30 0 0
0.5734 0.0191 0.0048 0 30 0 0
0.5734 0.0191 0.0048 0 30 0 0
0.5734 0.0191 0.0048 0 30 0 0
0.5734 0.0191 0.0048 0 30 0 0
0.5412 0.0187 0.0056 0 30 0 0
0.5412 0.0187 0.0056 0 30 0 0
0.5412 0.0187 0.0056 0 30 0 0
0.5553 0.0184 0.0053 0 30 0 0
0.5553 0.0184 0.0053 0 30 0 0
0.5553 0.0184 0.0053 0 30 0 0
0.5553 0.0184 0.0053 0 30 0 0
0.5553 0.0184 0.0053 0 30 0 0
0.5634 0.0181 0.0050 0 0 0 0
0.5171 0.0175 -0.0247 -30 0 0 0
0.5312 0.0179 -0.0225 -30 0 0 0
0.5312 0.0185 -0.0221 -30 0 0 0
0.5573 0.0185 -0.0221 -30 0 0 0
0.5070 0.0188 -0.0207 -30 0 0 0
0.5171 0.0183 -0.0184 -30 0 0 0
0.5392 0.0181 -0.0177 -30 0 0 0
0.5392 0.0181 -0.0177 -30 0 0 0
0.5312 0.0182 -0.0177 -30 0 0 0
0.5312 0.0182 -0.0177 -30 0 0 0
0.5312 0.0182 -0.0177 -30 0 0 0
0.5312 0.0182 -0.0177 -30 0 0 0
0.5272 0.0180 -0.0172 -30 0 0 0
0.5272 0.0180 -0.0172 -30 0 0 0
0.5272 0.0180 -0.0172 -30 0 0 0
0.5272 0.0180 -0.0172 -30 0 0 0
0.5272 0.0180 -0.0172 -30 0 0 0
0.5272 0.0180 -0.0172 -30 0 0 0
0.5392 0.0180 -0.0164 -30 0 0 0
0.5392 0.0180 -0.0164 -30 0 0 0
0.5392 0.0180 -0.0153 -30 0 0 0
0.5312 0.0180 -0.0153 -30 0 0 0
0.5312 0.0180 -0.0153 -30 0 0 0
0.5312 0.0180 -0.0153 -30 0 0 0
0.5312 0.0180 -0.0153 -30 0 0 0
0.5312 0.0180 -0.0153 -30 0 0 0
0.5312 0.0180 -0.0153 -30 0 0 0
0.5231 0.0179 -0.0140 -30 0 0 0
0.5231 0.0179 -0.0140 -30 0 0 0
0.5231 0.0179 -0.0140 -30 0 0 0
0.5231 0.0179 -0.0140 -30 0 0 0
0.5312 0.0177 -0.0131 -30 0 0 0
0.5312 0.0177 -0.0131 -30 0 0 0
0.5312 0.0177 -0.0131 -30 0 0 0
0.5091 0.0175 -0.0123 -30 0 0 0
0.5091 0.0175 -0.0123 -30 0 0 0
0.5091 0.0175 -0.0123 -30 0 0 0
0.5091 0.0175 -0.0123 -30 0 0 0
0.5091 0.0175 -0.0123 -30 0 0 0
0.5332 0.0172 -0.0114 0 0 0 0
0.5211 0.0179 -0.0073 -30 0 0 0
0.5091 0.0179 -0.0073 -30 0 0 0
0.5171 0.0181 -0.0074 -30 0 0 0
0.5272 0.0178 -0.0064 -30 0 0 0
0.5272 0.0173 -0.0057 -30 0 0 0
0.5372 0.0173 -0.0057 -30 0 0 0
0.5151 0.0166 -0.0041 -30 0 0 0
0.5091 0.0160 -0.0036 -30 0 0 0
0.5091 0.0160 -0.0036 -30 0 0 0
0.5091 0.0160 -0.0036 -30 0 0 0
0.5091 0.0160 -0.0036 -30 0 0 0
0.5211 0.0153 -0.0019 -30 0 0 0
0.5211 0.0153 -0.0019 -30 0 0 0
0.5211 0.0153 -0.0019 -30 0 0 0
0.5211 0.0153 -0.0019 -30 0 0 0
0.5211 0.0153 -0.0019 -30 0 0 0
0.5252 0.0146 -0.0009 -30 0 0 0
0.5252 0.0146 -0.0009 -30 0 0 0
0.5252 0.0146 -0.0009 -30 0 0 0
0.5252 0.0146 -0.0009 -30 0 0 0
0.5252 0.0146 -0.0009 -30 0 0 0
0.5151 0.0141 -0.0014 -30 0 0 0
0.5151 0.0141 -0.0014 -30 0 0 0
0.5151 0.0141 -0.0014 -30 0 0 0
0.5151 0.0141 -0.0014 -30 0 0 0
0.5151 0.0141 -0.0014 -30 0 0 0
0.5010 0.0143 -0.0008 -30 0 0 0
0.5010 0.0143 -0.0008 -30 0 0 0
0.5010 0.0143 -0.0008 -30 0 0 0
0.5010 0.0143 -0.0008 -30 0 0 0
0.5010 0.0145 -0.0008 -30 0 0 0
0.5111 0.0145 -0.0008 -30 0 0 0
0.5111 0.0145 -0.0008 -30 0 0 0
0.5111 0.0145 -0.0008 -30 0 0 0
0.5352 0.0150 -0.0005 -30 0 0 0
0.5352 0.0150 -0.0005 -30 0 0 0
0.5352 0.0150 -0.0005 -30 0 0 0
0.5352 0.0150 -0.0005 -30 0 0 0
0.5352 0.0150 -0.0005 -30 0 0 0
0.4970 0.0154 -0.0010 -30 0 0 0
0.4970 0.0154 -0.0010 -30 0 0 0
0.4970 0.0154 -0.0010 -30 0 0 0
0.4970 0.0154 -0.0010 -30 0 0 0
0.4970 0.0154 -0.0010 -30 0 0 0
0.5412 0.0158 -0.0003 -30 0 0 0
0.5412 0.0158 -0.0003 -30 0 0 0
0.5412 0.0158 -0.0003 -30 0 0 0
0.5412 0.0158 -0.0003 -30 0 0 0
0.5412 0.0158 -0.0003 -30 0 0 0
0.5412 0.0158 -0.0003 -30 0 0 0
0.5050 0.0165 0.0003 -30 0 0 0
0.5050 0.0165 0.0003 -30 0 0 0
0.5050 0.0165 0.0003 -30 0 0 0
0.5050 0.0165 0.0003 -30 0 0 0
0.5191 0.0170 0.0008 -30 0 0 0
0.5191 0.0170 0.0008 -30 0 0 0
0.5211 0.0177 0.0016 -30 0 0 0
0.5211 0.0177 0.0016 -30 0 0 0
0.5211 0.0177 0.0016 -30 0 0 0
0.5211 0.0177 0.0016 -30 0 0 0
0.5332 0.0182 0.0025 -30 0 0 0
0.5332 0.0182 0.0025 -30 0 0 0
0.5332 0.0182 0.0025 -30 0 0 0
0.5332 0.0182 0.0025 -30 0 0 0
0.5332 0.0182 0.0025 -30 0 0 0
0.5332 0.0185 0.0031 -30 0 0 0
0.5332 0.0185 0.0031 -30 0 0 0
0.5332 0.0185 0.0031 -30 0 0 0
0.5332 0.0185 0.0031 -30 0 0 0
0.5332 0.0185 0.0031 -30 0 0 0
0.5332 0.0185 0.0031 -30 0 0 0
0.5312 0.0185 0.0039 -30 0 0 0
0.5312 0.0185 0.0039 -30 0 0 0
0.5312 0.0185 0.0039 -30 0 0 0
0.5151 0.0181 0.0042 -30 0 0 0
0.5151 0.0181 0.0042 -30 0 0 0
0.5151 0.0181 0.0042 -30 0 0 0
0.5151 0.0181 0.0042 -30 0 0 0
0.5151 0.0181 0.0042 -30 0 0 0
0.5151 0.0181 0.0042 0 0 0 0
0.5231 0.0131 0.0196 -30 0 0 0
0.5231 0.0131 0.0196 -30 0 0 0
0.5272 0.0121 0.0200 -30 0 0 0
0.5272 0.0121 0.0200 -30 0 0 0
0.5050 0.0121 0.0203 -30 0 0 0
0.5050 0.0121 0.0203 -30 0 0 0
0.5070 0.0121 0.0220 -30 0 0 0
0.5131 0.0122 0.0218 -30 0 0 0
0.5151 0.0121 0.0221 -30 0 0 0
0.5171 0.0122 0.0224 -30 0 0 0
0.5191 0.0121 0.0241 -30 0 0 0
0.5191 0.0121 0.0241 -30 0 0 0
0.5211 0.0119 0.0240 -30 0 0 0
0.5211 0.0119 0.0240 -30 0 0 0
0.5211 0.0119 0.0240 -30 0 0 0
0.5211 0.0119 0.0240 -30 0 0 0
0.5211 0.0119 0.0240 -30 0 0 0
0.5211 0.0119 0.0240 -30 0 0 0
0.5211 0.0119 0.0240 -30 0 0 0
0.5312 0.0119 0.0253 -30 0 0 0
0.5312 0.0119 0.0253 -30 0 0 0
0.5050 0.0121 0.0251 -30 0 0 0
0.5050 0.0121 0.0251 -30 0 0 0
0.5050 0.0121 0.0251 -30 0 0 0
0.5050 0.0121 0.0251 -30 0 0 0
0.5050 0.0121 0.0251 -30 0 0 0
0.4970 0.0125 0.0258 -30 0 0 0
0.4970 0.0125 0.0258 -30 0 0 0
0.4970 0.0125 0.0258 -30 0 0 0
0.4970 0.0125 0.0258 -30 0 0 0
0.4970 0.0125 0.0258 -30 0 0 0
0.4970 0.0125 0.0258 -30 0 0 0
0.5252 0.0130 0.0252 -30 0 0 0
0.5252 0.0130 0.0252 -30 0 0 0
0.5252 0.0130 0.0252 -30 0 0 0
0.5252 0.0133 0.0237 -30 0 0 0
0.5252 0.0133 0.0237 -30 0 0 0
0.5252 0.0133 0.0237 -30 0 0 0
0.5252 0.0133 0.0237 -30 0 0 0
0.5171 0.0134 0.0237 -30 0 0 0
0.5171 0.0134 0.0237 -30 0 0 0
0.5171 0.0134 0.0237 -30 0 0 0
0.5171 0.0134 0.0237 -30 0 0 0
0.5171 0.0134 0.0237 -30 0 0 0
0.5171 0.0134 0.0251 -30 0 0 0
0.5171 0.0134 0.0251 -30 0 0 0
0.5030 0.0136 0.0251 -30 0 0 0
0.5030 0.0136 0.0251 -30 0 0 0
0.5030 0.0136 0.0251 -30 0 0 0
0.5030 0.0136 0.0251 -30 0 0 0
0.5030 0.0138 0.0246 -30 0 0 0
0.5050 0.0138 0.0246 -30 0 0 0
0.5050 0.0138 0.0246 -30 0 0 0
0.5050 0.0138 0.0246 -30 0 0 0
0.5050 0.0138 0.0246 -30 0 0 0
0.5050 0.0138 0.0246 -30 0 0 0
0.5050 0.0140 0.0247 -30 0 0 0
0.5010 0.0140 0.0247 -30 0 0 0
0.5010 0.0140 0.0247 -30 0 0 0
0.5010 0.0140 0.0247 -30 0 0 0
0.5070 0.0138 0.0243 -30 0 0 0
0.5070 0.0138 0.0243 -30 0 0 0
0.5070 0.0138 0.0243 -30 0 0 0
0.5070 0.0138 0.0243 -30 0 0 0
0.5070 0.0136 0.0244 -30 0 0 0
0.5010 0.0136 0.0244 -30 0 0 0
0.5010 0.0136 0.0244 -30 0 0 0
0.5010 0.0136 0.0244 -30 0 0 0
0.5010 0.0136 0.0244 -30 0 0 0
0.5010 0.0136 0.0244 -30 0 0 0
0.5010 0.0132 0.0243 -30 0 0 0
0.5091 0.0132 0.0243 -30 0 0 0
0.5091 0.0132 0.0243 -30 0 0 0
0.5091 0.0129 0.0251 -30 0 0 0
0.5050 0.0129 0.0251 -30 0 0 0
0.5050 0.0129 0.0251 -30 0 0 0
0.5050 0.0129 0.0251 -30 0 0 0
0.5332 0.0128 0.0245 -30 0 0 0
0.5332 0.0128 0.0245 -30 0 0 0
0.5332 0.0128 0.0245 -30 0 0 0
0.5332 0.0128 0.0245 -30 0 0 0
0.5332 0.0128 0.0245 -30 0 0 0
0.5332 0.0128 0.0245 -30 0 0 0
0.5332 0.0125 0.0259 -30 0 0 0
0.5131 0.0125 0.0259 -30 0 0 0
0.5131 0.0125 0.0259 -30 0 0 0
0.5131 0.0124 0.0257 -30 0 0 0
0.5372 0.0124 0.0257 -30 0 0 0
0.5372 0.0124 0.0257 -30 0 0 0
0.5372 0.0124 0.0257 -30 0 0 0
0.5372 0.0124 0.0257 -30 0 0 0
0.5252 0.0124 0.0263 -30 0 0 0
0.5252 0.0124 0.0263 -30 0 0 0
0.5252 0.0124 0.0263 -30 0 0 0
0.5252 0.0124 0.0263 -30 0 0 0
0.5252 0.0124 0.0263 -30 0 0 0
0.5252 0.0124 0.0263 -30 0 0 0
0.5091 0.0121 0.0263 -30 0 0 0
0.5091 0.0121 0.0263 -30 0 0 0
0.5091 0.0121 0.0263 -30 0 0 0
0.5091 0.0121 0.0263 -30 0 0 0
0.5091 0.0121 0.0263 -30 0 0 0
0.5091 0.0121 0.0263 -30 0 0 0
0.5091 0.0121 0.0263 -30 0 0 0
0.5091 0.0121 0.0263 -30 0 0 0
0.5091 0.0121 0.0263 -30 0 0 0
0.5091 0.0121 0.0263 -30 0 0 0
0.5091 0.0121 0.0263 -30 0 0 0
0.4909 0.0120 0.0256 -30 0 0 0
0.4909 0.0120 0.0256 -30 0 0 0
0.5030 0.0119 0.0250 0 0 0 0
0.5171 0.0128 0.0270 0 -30 0 0
0.5231 0.0128 0.0281 0 -30 0 0
0.4990 0.0125 0.0279 0 -30 0 0
0.5553 0.0122 0.0276 0 -30 0 0
0.5352 0.0120 0.0272 0 -30 0 0
0.5352 0.0120 0.0272 0 -30 0 0
0.5352 0.0120 0.0272 0 -30 0 0
0.5352 0.0120 0.0272 0 -30 0 0
0.5211 0.0115 0.0267 0 -30 0 0
0.5211 0.0115 0.0267 0 -30 0 0
0.5211 0.0115 0.0267 0 -30 0 0
0.5332 0.0111 0.0268 0 -30 0 0
0.5332 0.0111 0.0268 0 -30 0 0
0.5332 0.0111 0.0268 0 -30 0 0
0.5332 0.0111 0.0268 0 -30 0 0
0.5332 0.0111 0.0268 0 -30 0 0
0.5332 0.0111 0.0268 0 -30 0 0
0.5332 0.0111 0.0268 0 -30 0 0
0.5332 0.0111 0.0268 0 -30 0 0
0.5151 0.0109 0.0270 0 -30 0 0
0.5151 0.0109 0.0270 0 -30 0 0
0.5151 0.0109 0.0270 0 -30 0 0
0.5151 0.0109 0.0270 0 -30 0 0
0.5392 0.0109 0.0269 0 -30 0 0
0.5392 0.0109 0.0269 0 -30 0 0
0.5392 0.0109 0.0269 0 -30 0 0
0.5392 0.0109 0.0266 0 -30 0 0
0.5312 0.0109 0.0266 0 -30 0 0
0.5312 0.0109 0.0266 0 -30 0 0
0.5312 0.0109 0.0266 0 -30 0 0
0.5654 0.0112 0.0264 0 -30 0 0
0.5654 0.0112 0.0264 0 -30 0 0
0.5654 0.0112 0.0264 0 -30 0 0
0.5352 0.0115 0.0261 0 -30 0 0
0.5352 0.0115 0.0261 0 -30 0 0
0.5352 0.0115 0.0261 0 -30 0 0
0.5352 0.0117 0.0269 0 -30 0 0
0.5171 0.0117 0.0269 0 -30 0 0
0.5171 0.0117 0.0269 0 -30 0 0
0.5171 0.0117 0.0269 0 -30 0 0
0.5171 0.0117 0.0269 0 -30 0 0
0.5171 0.0117 0.0269 0 -30 0 0
0.5433 0.0116 0.0264 0 -30 0 0
0.5433 0.0116 0.0264 0 -30 0 0
0.5433 0.0116 0.0264 0 -30 0 0
0.5433 0.0116 0.0264 0 -30 0 0
0.5433 0.0116 0.0264 0 -30 0 0
0.5433 0.0116 0.0264 0 -30 0 0
0.5433 0.0116 0.0264 0 -30 0 0
0.5433 0.0116 0.0264 0 -30 0 0
0.5433 0.0116 0.0264 0 -30 0 0
0.5433 0.0116 0.0264 0 -30 0 0
0.5433 0.0116 0.0264 0 -30 0 0
0.5433 0.0116 0.0264 0 -30 0 0
0.5332 0.0114 0.0277 0 -30 0 0
0.5332 0.0114 0.0274 0 -30 0 0
0.5372 0.0114 0.0274 0 -30 0 0
0.5372 0.0115 0.0280 0 -30 0 0
0.5372 0.0115 0.0280 0 -30 0 0
0.5372 0.0115 0.0280 0 -30 0 0
0.5372 0.0115 0.0276 0 -30 0 0
0.5433 0.0115 0.0276 0 -30 0 0
0.5433 0.0115 0.0276 0 -30 0 0
0.5433 0.0115 0.0276 0 -30 0 0
0.5433 0.0115 0.0276 0 -30 0 0
0.5433 0.0115 0.0276 0 -30 0 0
0.5433 0.0115 0.0276 0 -30 0 0
0.5433 0.0115 0.0276 0 -30 0 0
0.5433 0.0115 0.0276 0 -30 0 0
0.5433 0.0115 0.0276 0 -30 0 0
0.5433 0.0115 0.0276 0 -30 0 0
0.5292 0.0116 0.0282 0 -30 0 0
0.5292 0.0116 0.0282 0 -30 0 0
0.5654 0.0114 0.0281 0 -30 0 0
0.5292 0.0113 0.0274 0 -30 0 0
0.5292 0.0113 0.0274 0 -30 0 0
0.5553 0.0112 0.0273 0 -30 0 0
0.5553 0.0112 0.0273 0 -30 0 0
0.5553 0.0112 0.0273 0 -30 0 0
0.5553 0.0112 0.0273 0 -30 0 0
0.5553 0.0112 0.0273 0 -30 0 0
0.5453 0.0113 0.0267 0 -30 0 0
0.5453 0.0113 0.0267 0 -30 0 0
0.5453 0.0113 0.0267 0 -30 0 0
0.5453 0.0113 0.0267 0 -30 0 0
0.5453 0.0113 0.0267 0 -30 0 0
0.5433 0.0113 0.0244 0 0 0 0
0.5855 0.0131 0.0229 0 -30 0 0
0.5855 0.0131 0.0229 0 -30 0 0
0.5815 0.0134 0.0229 0 -30 0 0
0.5915 0.0138 0.0222 0 -30 0 0
0.6016 0.0143 0.0209 0 -30 0 0
0.5996 0.0144 0.0208 0 -30 0 0
0.5775 0.0157 0.0192 0 -30 0 0
0.5775 0.0157 0.0192 0 -30 0 0
0.5795 0.0157 0.0193 0 -30 0 0
0.5795 0.0157 0.0193 0 -30 0 0
0.5936 0.0156 0.0188 0 -30 0 0
0.5936 0.0156 0.0188 0 -30 0 0
0.5936 0.0156 0.0188 0 -30 0 0
0.5936 0.0156 0.0188 0 -30 0 0
0.5936 0.0156 0.0188 0 -30 0 0
0.6197 0.0154 0.0191 0 -30 0 0
0.6197 0.0154 0.0191 0 -30 0 0
0.6197 0.0154 0.0191 0 -30 0 0
0.6197 0.0154 0.0191 0 -30 0 0
0.6197 0.0154 0.0191 0 -30 0 0
0.5835 0.0148 0.0193 0 -30 0 0
0.5835 0.0148 0.0193 0 -30 0 0
0.5835 0.0148 0.0193 0 -30 0 0
0.5936 0.0142 0.0193 0 -30 0 0
0.5936 0.0142 0.0193 0 -30 0 0
0.5936 0.0142 0.0193 0 -30 0 0
0.5936 0.0142 0.0193 0 -30 0 0
0.5936 0.0142 0.0193 0 -30 0 0
0.5775 0.0138 0.0186 0 -30 0 0
0.5775 0.0138 0.0186 0 -30 0 0
0.5775 0.0138 0.0186 0 -30 0 0
0.5775 0.0138 0.0186 0 -30 0 0
0.5775 0.0138 0.0186 0 -30 0 0
0.5936 0.0138 0.0185 0 -30 0 0
0.5936 0.0138 0.0185 0 -30 0 0
0.5936 0.0136 0.0186 0 -30 0 0
0.5815 0.0136 0.0186 0 -30 0 0
0.5815 0.0136 0.0186 0 -30 0 0
0.5815 0.0136 0.0186 0 -30 0 0
0.5815 0.0136 0.0186 0 -30 0 0
0.5815 0.0136 0.0186 0 -30 0 0
0.5855 0.0132 0.0182 0 -30 0 0
0.5855 0.0132 0.0182 0 -30 0 0
0.5855 0.0132 0.0182 0 -30 0 0
0.5855 0.0132 0.0182 0 -30 0 0
0.5855 0.0132 0.0182 0 -30 0 0
0.5895 0.0129 0.0176 0 -30 0 0
0.5895 0.0129 0.0176 0 -30 0 0
0.5915 0.0126 0.0176 0 -30 0 0
0.5915 0.0126 0.0176 0 -30 0 0
0.5915 0.0126 0.0176 0 -30 0 0
0.5915 0.0126 0.0176 0 -30 0 0
0.5915 0.0126 0.0176 0 -30 0 0
0.5915 0.0126 0.0176 0 -30 0 0
0.5855 0.0127 0.0181 0 -30 0 0
0.5855 0.0127 0.0181 0 -30 0 0
0.5855 0.0127 0.0181 0 -30 0 0
0.5855 0.0127 0.0181 0 -30 0 0
0.5855 0.0127 0.0181 0 -30 0 0
0.5614 0.0127 0.0189 0 -30 0 0
0.5614 0.0127 0.0189 0 -30 0 0
0.5614 0.0127 0.0189 0 0 0 0
0.5714 0.0124 0.0179 30 0 0 0
0.5875 0.0123 0.0179 30 0 0 0
0.5533 0.0128 0.0183 30 0 0 0
0.5775 0.0130 0.0183 30 0 0 0
0.5775 0.0130 0.0183 30 0 0 0
0.5775 0.0130 0.0183 30 0 0 0
0.5775 0.0130 0.0183 30 0 0 0
0.5775 0.0130 0.0183 30 0 0 0
0.5775 0.0130 0.0183 30 0 0 0
0.5775 0.0130 0.0183 30 0 0 0
0.5775 0.0130 0.0183 30 0 0 0
0.5775 0.0130 0.0183 30 0 0 0
0.5775 0.0130 0.0183 30 0 0 0
0.5734 0.0130 0.0184 30 0 0 0
0.5734 0.0128 0.0172 30 0 0 0
0.5734 0.0128 0.0172 30 0 0 0
0.5493 0.0126 0.0159 30 0 0 0
0.5493 0.0126 0.0159 30 0 0 0
0.5493 0.0126 0.0159 30 0 0 0
0.5493 0.0126 0.0159 30 0 0 0
0.5634 0.0124 0.0160 30 0 0 0
0.5634 0.0124 0.0160 30 0 0 0
0.5634 0.0124 0.0160 30 0 0 0
0.5634 0.0124 0.0160 30 0 0 0
0.5634 0.0124 0.0160 30 0 0 0
0.5614 0.0123 0.0158 30 0 0 0
0.5614 0.0123 0.0158 30 0 0 0
0.5614 0.0123 0.0158 30 0 0 0
0.5614 0.0123 0.0158 30 0 0 0
0.5553 0.0122 0.0159 30 0 0 0
0.5553 0.0122 0.0159 30 0 0 0
0.5553 0.0122 0.0159 30 0 0 0
0.5553 0.0122 0.0159 30 0 0 0
0.5553 0.0122 0.0159 30 0 0 0
0.5533 0.0122 0.0164 30 0 0 0
0.5533 0.0122 0.0164 30 0 0 0
0.5533 0.0122 0.0164 30 0 0 0
0.5533 0.0122 0.0164 30 0 0 0
0.5614 0.0122 0.0165 30 0 0 0
0.5614 0.0122 0.0165 30 0 0 0
0.5614 0.0122 0.0165 30 0 0 0
0.5614 0.0122 0.0165 30 0 0 0
0.5614 0.0122 0.0165 30 0 0 0
0.5614 0.0122 0.0165 30 0 0 0
0.5654 0.0124 0.0178 30 0 0 0
0.5654 0.0124 0.0178 30 0 0 0
0.5654 0.0124 0.0178 30 0 0 0
0.5654 0.0124 0.0178 30 0 0 0
0.5433 0.0124 0.0177 30 0 0 0
0.5433 0.0124 0.0177 30 0 0 0
0.5433 0.0124 0.0177 30 0 0 0
0.5594 0.0123 0.0182 30 0 0 0
0.5594 0.0123 0.0182 30 0 0 0
0.5594 0.0123 0.0182 30 0 0 0
0.5594 0.0123 0.0182 30 0 0 0
0.5594 0.0123 0.0182 30 0 0 0
0.5694 0.0122 0.0182 30 0 0 0
0.5694 0.0122 0.0182 30 0 0 0
0.5694 0.0122 0.0182 30 0 0 0
0.5694 0.0122 0.0182 30 0 0 0
0.5694 0.0122 0.0182 30 0 0 0
0.5674 0.0121 0.0186 30 0 0 0
0.5674 0.0121 0.0186 30 0 0 0
0.5674 0.0121 0.0186 30 0 0 0
0.5674 0.0121 0.0186 30 0 0 0
0.5573 0.0117 0.0183 30 0 0 0
0.5573 0.0117 0.0183 30 0 0 0
0.5573 0.0117 0.0183 30 0 0 0
0.5573 0.0117 0.0183 30 0 0 0
0.5815 0.0114 0.0182 30 0 0 0
0.5815 0.0114 0.0182 30 0 0 0
0.5815 0.0114 0.0182 30 0 0 0
0.5815 0.0114 0.0182 30 0 0 0
0.5815 0.0114 0.0182 30 0 0 0
0.5875 0.0111 0.0184 30 0 0 0
0.5875 0.0111 0.0184 30 0 0 0
0.5875 0.0111 0.0184 30 0 0 0
0.5875 0.0109 0.0190 30 0 0 0
0.5674 0.0109 0.0190 30 0 0 0
0.5674 0.0109 0.0190 30 0 0 0
0.5674 0.0109 0.0190 30 0 0 0
0.5674 0.0109 0.0190 30 0 0 0
0.5674 0.0109 0.0190 30 0 0 0
0.5654 0.0112 0.0196 30 0 0 0
0.5654 0.0112 0.0196 30 0 0 0
0.5654 0.0112 0.0196 30 0 0 0
0.5654 0.0112 0.0196 30 0 0 0
0.5795 0.0117 0.0193 30 0 0 0
0.5795 0.0117 0.0193 30 0 0 0
0.5795 0.0117 0.0193 30 0 0 0
0.5795 0.0117 0.0193 30 0 0 0
0.5835 0.0119 0.0192 30 0 0 0
0.5835 0.0119 0.0192 30 0 0 0
0.5835 0.0119 0.0192 30 0 0 0
0.5835 0.0119 0.0192 30 0 0 0
0.5835 0.0119 0.0192 30 0 0 0
0.5694 0.0124 0.0185 30 0 0 0
0.5694 0.0124 0.0185 30 0 0 0
0.5694 0.0124 0.0185 30 0 0 0
0.5694 0.0124 0.0185 30 0 0 0
0.5694 0.0124 0.0185 30 0 0 0
0.5493 0.0127 0.0185 0 0 0 0
0.5533 0.0126 0.0209 30 0 0 0
0.5634 0.0126 0.0209 30 0 0 0
0.5755 0.0122 0.0226 30 0 0 0
0.5533 0.0121 0.0240 30 0 0 0
0.5775 0.0122 0.0242 30 0 0 0
0.5775 0.0123 0.0243 30 0 0 0
0.5915 0.0123 0.0243 30 0 0 0
0.5594 0.0120 0.0254 30 0 0 0
0.5553 0.0118 0.0265 30 0 0 0
0.5553 0.0118 0.0265 30 0 0 0
0.5553 0.0118 0.0265 30 0 0 0
0.5553 0.0118 0.0265 30 0 0 0
0.5835 0.0116 0.0262 30 0 0 0
0.5835 0.0116 0.0262 30 0 0 0
0.5835 0.0116 0.0262 30 0 0 0
0.5835 0.0116 0.0256 30 0 0 0
0.5795 0.0116 0.0256 30 0 0 0
0.5795 0.0116 0.0256 30 0 0 0
0.5795 0.0116 0.0256 30 0 0 0
0.5795 0.0116 0.0256 30 0 0 0
0.5734 0.0115 0.0247 30 0 0 0
0.5734 0.0115 0.0247 30 0 0 0
0.5734 0.0115 0.0247 0 0 0 0
0.5614 0.0130 0.0226 30 0 0 0
0.5533 0.0130 0.0223 30 0 0 0
0.5694 0.0130 0.0223 30 0 0 0
0.5694 0.0127 0.0210 30 0 0 0
0.5533 0.0120 0.0216 30 0 0 0
0.5533 0.0120 0.0216 30 0 0 0
0.5533 0.0120 0.0216 30 0 0 0
0.5533 0.0120 0.0216 30 0 0 0
0.5533 0.0120 0.0216 30 0 0 0
0.5594 0.0113 0.0212 30 0 0 0
0.5594 0.0113 0.0212 30 0 0 0
0.5594 0.0113 0.0212 30 0 0 0
0.5614 0.0108 0.0207 30 0 0 0
0.5614 0.0108 0.0207 30 0 0 0
0.5614 0.0108 0.0207 30 0 0 0
0.5614 0.0108 0.0207 30 0 0 0
0.5473 0.0107 0.0204 0 0 0 0
0.5553 0.0107 0.0229 30 0 0 0
0.5855 0.0106 0.0224 30 0 0 0
0.5533 0.0106 0.0223 30 0 0 0
0.5533 0.0107 0.0223 30 0 0 0
0.5412 0.0108 0.0219 30 0 0 0
0.5614 0.0107 0.0214 30 0 0 0
0.5614 0.0107 0.0214 30 0 0 0
0.5614 0.0107 0.0214 30 0 0 0
0.5614 0.0107 0.0214 30 0 0 0
0.5614 0.0108 0.0209 30 0 0 0
0.5815 0.0108 0.0209 30 0 0 0
0.5815 0.0108 0.0209 30 0 0 0
0.5815 0.0108 0.0209 30 0 0 0
0.5815 0.0108 0.0209 30 0 0 0
0.5815 0.0108 0.0209 30 0 0 0
0.5674 0.0113 0.0204 30 0 0 0
0.5674 0.0113 0.0204 0 0 0 0
0.5493 0.0117 0.0196 30 0 0 0
0.5473 0.0121 0.0194 30 0 0 0
0.5553 0.0126 0.0193 30 0 0 0
0.5674 0.0128 0.0191 30 0 0 0
0.5674 0.0128 0.0191 30 0 0 0
0.5553 0.0128 0.0186 30 0 0 0
0.5553 0.0128 0.0186 30 0 0 0
0.5553 0.0128 0.0186 30 0 0 0
0.5553 0.0128 0.0186 30 0 0 0
0.5553 0.0128 0.0186 30 0 0 0
0.5433 0.0127 0.0190 30 0 0 0
0.5433 0.0127 0.0190 30 0 0 0
0.5433 0.0127 0.0190 30 0 0 0
0.5473 0.0123 0.0190 30 0 0 0
0.5473 0.0123 0.0190 30 0 0 0
0.5473 0.0123 0.0190 30 0 0 0
0.5473 0.0123 0.0190 30 0 0 0
0.5553 0.0119 0.0198 30 0 0 0
0.5553 0.0119 0.0198 30 0 0 0
0.5553 0.0119 0.0198 30 0 0 0
0.5553 0.0119 0.0198 30 0 0 0
0.5553 0.0119 0.0198 30 0 0 0
0.5553 0.0119 0.0198 30 0 0 0
0.5553 0.0119 0.0198 30 0 0 0
0.5594 0.0123 0.0192 30 0 0 0
0.5594 0.0123 0.0192 30 0 0 0
0.5352 0.0125 0.0193 30 0 0 0
0.5352 0.0125 0.0193 30 0 0 0
0.5352 0.0125 0.0193 30 0 0 0
0.5352 0.0125 0.0193 30 0 0 0
0.5352 0.0125 0.0193 30 0 0 0
0.5654 0.0123 0.0192 30 0 0 0
0.5654 0.0123 0.0192 30 0 0 0
0.5654 0.0123 0.0192 30 0 0 0
0.5654 0.0123 0.0192 30 0 0 0
0.5654 0.0123 0.0192 30 0 0 0
0.5694 0.0117 0.0191 30 0 0 0
0.5694 0.0117 0.0191 30 0 0 0
0.5694 0.0117 0.0191 30 0 0 0
0.5674 0.0112 0.0195 30 0 0 0
0.5674 0.0112 0.0195 30 0 0 0
0.5674 0.0112 0.0195 30 0 0 0
0.5674 0.0112 0.0195 30 0 0 0
0.5674 0.0112 0.0195 30 0 0 0
0.5614 0.0111 0.0198 30 0 0 0
0.5614 0.0111 0.0198 30 0 0 0
0.5614 0.0111 0.0198 30 0 0 0
0.5614 0.0111 0.0198 30 0 0 0
0.5614 0.0111 0.0198 30 0 0 0
0.5614 0.0111 0.0198 30 0 0 0
0.5614 0.0111 0.0198 30 0 0 0
0.5614 0.0110 0.0200 30 0 0 0
0.5573 0.0110 0.0200 30 0 0 0
0.5533 0.0110 0.0203 30 0 0 0
0.5533 0.0110 0.0203 30 0 0 0
0.5533 0.0110 0.0203 30 0 0 0
0.5533 0.0110 0.0203 30 0 0 0
0.5694 0.0112 0.0200 30 0 0 0
0.5694 0.0112 0.0200 30 0 0 0
0.5694 0.0112 0.0200 30 0 0 0
0.5694 0.0112 0.0200 30 0 0 0
0.5694 0.0112 0.0200 30 0 0 0
0.5694 0.0112 0.0200 30 0 0 0
0.5573 0.0117 0.0196 30 0 0 0
0.5573 0.0117 0.0196 30 0 0 0
0.5573 0.0117 0.0196 30 0 0 0
0.5573 0.0123 0.0209 30 0 0 0
0.5453 0.0123 0.0209 30 0 0 0
0.5453 0.0123 0.0209 30 0 0 0
0.5453 0.0123 0.0209 30 0 0 0
0.5453 0.0123 0.0209 30 0 0 0
0.5372 0.0125 0.0214 30 0 0 0
0.5372 0.0125 0.0214 30 0 0 0
0.5372 0.0125 0.0214 30 0 0 0
0.5372 0.0125 0.0214 30 0 0 0
0.5372 0.0125 0.0214 30 0 0 0
0.5694 0.0124 0.0220 30 0 0 0
0.5694 0.0124 0.0220 30 0 0 0
0.5694 0.0124 0.0220 30 0 0 0
0.5473 0.0124 0.0312 30 0 0 0
0.5473 0.0124 0.0312 30 0 0 0
0.5473 0.0124 0.0312 30 0 0 0
0.5473 0.0124 0.0312 30 0 0 0
0.5231 0.0124 0.0299 30 0 0 0
0.5231 0.0124 0.0299 30 0 0 0
0.5231 0.0124 0.0299 30 0 0 0
0.5231 0.0124 0.0299 30 0 0 0
0.5231 0.0124 0.0299 30 0 0 0
0.5231 0.0124 0.0299 30 0 0 0
0.5211 0.0125 0.0288 30 0 0 0
0.5211 0.0125 0.0288 30 0 0 0
0.5211 0.0125 0.0288 30 0 0 0
0.5453 0.0127 0.0291 30 0 0 0
0.5453 0.0127 0.0291 30 0 0 0
0.5453 0.0127 0.0291 30 0 0 0
0.5453 0.0127 0.0291 30 0 0 0
0.5453 0.0127 0.0291 30 0 0 0
0.5453 0.0127 0.0291 30 0 0 0
0.5634 0.0129 0.0308 30 0 0 0
0.5634 0.0129 0.0308 30 0 0 0
0.5634 0.0129 0.0308 30 0 0 0
0.5634 0.0129 0.0308 30 0 0 0
0.5634 0.0129 0.0308 30 0 0 0
0.5412 0.0128 0.0308 30 0 0 0
0.5412 0.0128 0.0308 30 0 0 0
0.5412 0.0128 0.0308 30 0 0 0
0.5412 0.0128 0.0308 30 0 0 0
0.5412 0.0128 0.0308 30 0 0 0
0.5412 0.0128 0.0308 30 0 0 0
0.5412 0.0128 0.0308 30 0 0 0
0.5412 0.0128 0.0308 30 0 0 0
0.5412 0.0128 0.0308 30 0 0 0
0.5412 0.0128 0.0308 30 0 0 0
0.5412 0.0128 0.0308 30 0 0 0
0.5473 0.0124 0.0321 30 0 0 0
0.5453 0.0119 0.0367 30 0 0 0
0.5332 0.0115 0.0373 30 0 0 0
0.5332 0.0115 0.0373 30 0 0 0
0.5372 0.0114 0.0367 30 0 0 0
0.5372 0.0114 0.0367 30 0 0 0
0.5372 0.0114 0.0367 30 0 0 0
0.5372 0.0114 0.0367 30 0 0 0
0.5372 0.0114 0.0367 30 0 0 0
0.5372 0.0114 0.0367 30 0 0 0
0.5573 0.0112 0.0381 30 0 0 0
0.5573 0.0112 0.0381 30 0 0 0
0.5573 0.0112 0.0381 30 0 0 0
0.5573 0.0112 0.0381 30 0 0 0
0.5573 0.0112 0.0381 30 0 0 0
0.5513 0.0109 0.0376 30 0 0 0
0.5513 0.0109 0.0376 30 0 0 0
0.5392 0.0107 0.0384 30 0 0 0
0.5392 0.0107 0.0384 30 0 0 0
0.5392 0.0107 0.0384 30 0 0 0
0.5392 0.0107 0.0384 30 0 0 0
0.5392 0.0107 0.0384 30 0 0 0
0.5392 0.0104 0.0388 30 0 0 0
0.5453 0.0104 0.0388 30 0 0 0
0.5453 0.0104 0.0388 30 0 0 0
0.5453 0.0104 0.0388 30 0 0 0
0.5453 0.0104 0.0388 30 0 0 0
0.5634 0.0103 0.0392 30 0 0 0
0.5634 0.0103 0.0392 30 0 0 0
0.5634 0.0103 0.0392 30 0 0 0
0.5392 0.0104 0.0395 30 0 0 0
0.5392 0.0104 0.0395 30 0 0 0
0.5392 0.0104 0.0395 30 0 0 0
0.5392 0.0104 0.0395 30 0 0 0
0.5392 0.0104 0.0395 30 0 0 0
0.5392 0.0104 0.0395 30 0 0 0
0.5433 0.0109 0.0381 30 0 0 0
0.5433 0.0109 0.0381 30 0 0 0
0.5433 0.0109 0.0381 30 0 0 0
0.5433 0.0109 0.0381 30 0 0 0
0.5433 0.0109 0.0381 30 0 0 0
0.5634 0.0111 0.0387 30 0 0 0
0.5634 0.0111 0.0387 30 0 0 0
0.5634 0.0111 0.0387 30 0 0 0
0.5634 0.0113 0.0382 30 0 0 0
0.5634 0.0113 0.0382 30 0 0 0
0.5634 0.0113 0.0382 30 0 0 0
0.5634 0.0113 0.0382 30 0 0 0
0.5634 0.0113 0.0382 30 0 0 0
0.5634 0.0113 0.0382 30 0 0 0
0.5674 0.0118 0.0376 30 0 0 0
0.5674 0.0118 0.0376 30 0 0 0
0.5674 0.0118 0.0376 30 0 0 0
0.5674 0.0118 0.0376 30 0 0 0
0.5674 0.0118 0.0376 30 0 0 0
0.5674 0.0118 0.0376 0 0 0 0
0.5634 0.0097 0.0361 0 -30 0 0
0.5634 0.0097 0.0361 0 -30 0 0
0.5654 0.0110 0.0329 0 -30 0 0
0.5412 0.0120 0.0321 0 -30 0 0
0.5412 0.0120 0.0321 0 -30 0 0
0.5352 0.0128 0.0309 0 -30 0 0
0.5473 0.0133 0.0296 0 -30 0 0
0.5352 0.0129 0.0286 0 -30 0 0
0.5252 0.0126 0.0252 0 -30 0 0
0.5473 0.0125 0.0242 0 -30 0 0
0.5473 0.0125 0.0242 0 -30 0 0
0.5473 0.0125 0.0242 0 -30 0 0
0.5332 0.0123 0.0208 0 -30 0 0
0.5332 0.0123 0.0208 0 -30 0 0
0.5332 0.0123 0.0208 0 -30 0 0
0.5614 0.0123 0.0206 0 -30 0 0
0.5614 0.0123 0.0206 0 -30 0 0
0.5614 0.0123 0.0206 0 -30 0 0
0.5614 0.0123 0.0206 0 -30 0 0
0.5614 0.0123 0.0206 0 -30 0 0
0.5614 0.0123 0.0206 0 -30 0 0
0.5533 0.0122 0.0206 0 -30 0 0
0.5533 0.0122 0.0206 0 -30 0 0
0.5533 0.0122 0.0206 0 -30 0 0
0.5533 0.0122 0.0206 0 -30 0 0
0.5533 0.0122 0.0206 0 -30 0 0
0.5533 0.0122 0.0206 0 -30 0 0
0.5533 0.0122 0.0206 0 -30 0 0
0.5533 0.0122 0.0206 0 -30 0 0
0.5533 0.0122 0.0206 0 -30 0 0
0.5533 0.0122 0.0206 0 -30 0 0
0.5533 0.0122 0.0206 0 -30 0 0
0.5614 0.0121 0.0205 0 -30 0 0
0.5614 0.0121 0.0205 0 -30 0 0
0.5513 0.0119 0.0216 0 -30 0 0
0.5533 0.0116 0.0217 0 -30 0 0
0.5533 0.0116 0.0217 0 -30 0 0
0.5533 0.0116 0.0217 0 -30 0 0
0.5453 0.0114 0.0216 0 -30 0 0
0.5453 0.0114 0.0216 0 -30 0 0
0.5453 0.0114 0.0216 0 -30 0 0
0.5674 0.0112 0.0213 0 -30 0 0
0.5674 0.0112 0.0213 0 -30 0 0
0.5674 0.0112 0.0213 0 -30 0 0
0.5674 0.0112 0.0213 0 -30 0 0
0.5674 0.0112 0.0213 0 -30 0 0
0.5674 0.0112 0.0213 0 -30 0 0
0.5714 0.0112 0.0211 0 -30 0 0
0.5714 0.0112 0.0211 0 -30 0 0
0.5714 0.0112 0.0211 0 -30 0 0
0.5714 0.0112 0.0211 0 -30 0 0
0.5493 0.0114 0.0211 0 -30 0 0
0.5493 0.0114 0.0211 0 -30 0 0
0.5493 0.0114 0.0211 0 -30 0 0
0.5493 0.0115 0.0212 0 -30 0 0
0.5473 0.0115 0.0212 0 -30 0 0
0.5473 0.0115 0.0212 0 -30 0 0
0.5473 0.0115 0.0212 0 -30 0 0
0.5473 0.0115 0.0212 0 -30 0 0
0.5473 0.0115 0.0212 0 -30 0 0
0.5392 0.0118 0.0213 0 -30 0 0
0.5392 0.0118 0.0213 0 -30 0 0
0.5392 0.0118 0.0213 0 -30 0 0
0.5392 0.0118 0.0213 0 -30 0 0
0.5392 0.0119 0.0212 0 -30 0 0
0.5453 0.0119 0.0212 0 -30 0 0
0.5453 0.0119 0.0212 0 -30 0 0
0.5533 0.0120 0.0211 0 -30 0 0
0.5533 0.0120 0.0211 0 -30 0 0
0.5533 0.0120 0.0211 0 -30 0 0
0.5533 0.0120 0.0211 0 -30 0 0
0.5533 0.0120 0.0211 0 -30 0 0
0.5533 0.0120 0.0211 0 -30 0 0
0.5775 0.0119 0.0207 0 -30 0 0
0.5775 0.0119 0.0207 0 -30 0 0
0.5775 0.0119 0.0207 0 -30 0 0
0.5775 0.0119 0.0207 0 -30 0 0
0.5775 0.0119 0.0207 0 -30 0 0
0.5634 0.0116 0.0191 0 -30 0 0
0.5634 0.0116 0.0191 0 -30 0 0
0.5634 0.0116 0.0191 0 -30 0 0
0.5614 0.0113 0.0193 0 -30 0 0
0.5614 0.0113 0.0193 0 -30 0 0
0.5614 0.0113 0.0193 0 -30 0 0
0.5614 0.0113 0.0193 0 -30 0 0
0.5614 0.0113 0.0193 0 -30 0 0
0.5614 0.0113 0.0193 0 -30 0 0
0.5412 0.0112 0.0179 0 -30 0 0
0.5412 0.0112 0.0179 0 -30 0 0
0.5412 0.0112 0.0179 0 -30 0 0
0.5412 0.0112 0.0179 0 -30 0 0
0.5553 0.0113 0.0181 0 -30 0 0
0.5553 0.0113 0.0181 0 -30 0 0
0.5553 0.0113 0.0181 0 -30 0 0
0.5553 0.0113 0.0181 0 -30 0 0
0.5614 0.0112 0.0176 0 -30 0 0
0.5614 0.0112 0.0176 0 -30 0 0
0.5614 0.0112 0.0176 0 -30 0 0
0.5614 0.0112 0.0176 0 -30 0 0
0.5755 0.0113 0.0180 0 -30 0 0
0.5755 0.0113 0.0180 0 -30 0 0
0.5755 0.0113 0.0180 0 -30 0 0
0.5755 0.0113 0.0180 0 -30 0 0
0.5755 0.0113 0.0180 0 -30 0 0
0.5835 0.0113 0.0167 0 -30 0 0
0.5835 0.0113 0.0167 0 -30 0 0
0.5835 0.0113 0.0167 0 -30 0 0
0.5513 0.0113 0.0165 0 -30 0 0
0.5513 0.0113 0.0165 0 0 0 0
0.5714 0.0108 0.0163 -30 0 0 0
0.5714 0.0123 0.0170 -30 0 0 0
0.5775 0.0140 0.0173 -30 0 0 0
0.5513 0.0159 0.0169 -30 0 0 0
0.5513 0.0159 0.0169 -30 0 0 0
0.5352 0.0175 0.0173 -30 0 0 0
0.5352 0.0175 0.0173 -30 0 0 0
0.5352 0.0175 0.0173 -30 0 0 0
0.5352 0.0175 0.0173 -30 0 0 0
0.5694 0.0177 0.0187 -30 0 0 0
0.5694 0.0177 0.0187 -30 0 0 0
0.5513 0.0163 0.0184 -30 0 0 0
0.5634 0.0163 0.0184 -30 0 0 0
0.5654 0.0159 0.0186 -30 0 0 0
0.5654 0.0159 0.0186 -30 0 0 0
0.5654 0.0159 0.0186 -30 0 0 0
0.5654 0.0159 0.0186 -30 0 0 0
0.5654 0.0159 0.0186 -30 0 0 0
0.5634 0.0159 0.0189 -30 0 0 0
0.5634 0.0159 0.0189 -30 0 0 0
0.5634 0.0159 0.0189 -30 0 0 0
0.5634 0.0156 0.0186 -30 0 0 0
0.5734 0.0156 0.0186 -30 0 0 0
0.5734 0.0156 0.0186 -30 0 0 0
0.5734 0.0156 0.0186 -30 0 0 0
0.5734 0.0156 0.0186 -30 0 0 0
0.5875 0.0152 0.0187 -30 0 0 0
0.5875 0.0152 0.0187 -30 0 0 0
0.5875 0.0152 0.0187 -30 0 0 0
0.5875 0.0152 0.0187 -30 0 0 0
0.5875 0.0152 0.0187 -30 0 0 0
0.5553 0.0144 0.0187 -30 0 0 0
0.5553 0.0144 0.0187 -30 0 0 0
0.5553 0.0144 0.0187 -30 0 0 0
0.5553 0.0144 0.0187 -30 0 0 0
0.5553 0.0144 0.0187 -30 0 0 0
0.5674 0.0140 0.0184 -30 0 0 0
0.5674 0.0140 0.0184 -30 0 0 0
0.5674 0.0140 0.0184 -30 0 0 0
0.5674 0.0140 0.0184 -30 0 0 0
0.5634 0.0136 0.0185 -30 0 0 0
0.5634 0.0136 0.0185 -30 0 0 0
0.5634 0.0136 0.0185 -30 0 0 0
0.5634 0.0136 0.0185 -30 0 0 0
0.5634 0.0136 0.0185 -30 0 0 0
0.5694 0.0133 0.0186 -30 0 0 0
0.5694 0.0133 0.0186 -30 0 0 0
0.5694 0.0133 0.0186 -30 0 0 0
0.5694 0.0133 0.0186 -30 0 0 0
0.5835 0.0133 0.0183 0 0 0 0
0.5614 0.0159 0.0193 -30 0 0 0
0.5875 0.0165 0.0190 -30 0 0 0
0.5835 0.0172 0.0175 -30 0 0 0
0.5614 0.0169 0.0178 -30 0 0 0
0.5795 0.0163 0.0174 -30 0 0 0
0.5734 0.0158 0.0169 -30 0 0 0
0.5734 0.0158 0.0169 -30 0 0 0
0.5734 0.0158 0.0169 -30 0 0 0
0.5795 0.0159 0.0167 -30 0 0 0
0.5795 0.0159 0.0167 -30 0 0 0
0.5795 0.0159 0.0167 -30 0 0 0
0.5795 0.0163 0.0169 -30 0 0 0
0.5674 0.0163 0.0169 -30 0 0 0
0.5674 0.0163 0.0169 -30 0 0 0
0.5674 0.0163 0.0169 -30 0 0 0
0.5694 0.0165 0.0153 -30 0 0 0
0.5694 0.0165 0.0153 -30 0 0 0
0.5694 0.0165 0.0153 -30 0 0 0
0.5694 0.0165 0.0153 -30 0 0 0
0.5694 0.0165 0.0153 -30 0 0 0
0.5694 0.0165 0.0153 -30 0 0 0
0.5755 0.0167 0.0157 -30 0 0 0
0.5755 0.0167 0.0157 -30 0 0 0
0.5755 0.0167 0.0157 -30 0 0 0
0.5694 0.0168 0.0148 -30 0 0 0
0.5694 0.0168 0.0148 -30 0 0 0
0.5694 0.0168 0.0148 -30 0 0 0
0.5694 0.0168 0.0148 -30 0 0 0
0.5694 0.0167 0.0149 -30 0 0 0
0.5433 0.0167 0.0149 -30 0 0 0
0.5433 0.0167 0.0149 -30 0 0 0
0.5433 0.0167 0.0149 -30 0 0 0
0.5433 0.0167 0.0149 -30 0 0 0
0.5433 0.0167 0.0149 -30 0 0 0
0.5795 0.0163 0.0140 -30 0 0 0
0.5795 0.0163 0.0140 -30 0 0 0
0.5795 0.0163 0.0140 -30 0 0 0
0.5795 0.0163 0.0140 -30 0 0 0
0.5795 0.0159 0.0152 -30 0 0 0
0.5795 0.0159 0.0152 -30 0 0 0
0.5795 0.0159 0.0152 -30 0 0 0
0.5795 0.0159 0.0152 -30 0 0 0
0.5795 0.0159 0.0152 -30 0 0 0
0.5795 0.0159 0.0152 -30 0 0 0
0.5795 0.0159 0.0152 -30 0 0 0
0.5795 0.0155 0.0147 -30 0 0 0
0.5734 0.0155 0.0147 0 0 0 0
0.5513 0.0153 0.0083 0 -30 0 0
0.5654 0.0153 0.0083 0 -30 0 0
0.5654 0.0155 0.0079 0 -30 0 0
0.5674 0.0151 0.0082 0 -30 0 0
0.5594 0.0151 0.0082 0 -30 0 0
0.5755 0.0150 0.0090 0 -30 0 0
0.5614 0.0154 0.0075 0 -30 0 0
0.5755 0.0159 0.0066 0 -30 0 0
0.5755 0.0159 0.0066 0 -30 0 0
0.5755 0.0159 0.0066 0 -30 0 0
0.5755 0.0159 0.0066 0 -30 0 0
0.5755 0.0159 0.0066 0 -30 0 0
0.5936 0.0164 0.0063 0 -30 0 0
0.5936 0.0164 0.0063 0 -30 0 0
0.5936 0.0164 0.0063 0 -30 0 0
0.5936 0.0164 0.0063 0 -30 0 0
0.5936 0.0164 0.0063 0 -30 0 0
0.5936 0.0164 0.0063 0 -30 0 0
0.5533 0.0168 0.0072 0 -30 0 0
0.5533 0.0168 0.0072 0 -30 0 0
0.5533 0.0168 0.0072 0 -30 0 0
0.5513 0.0167 0.0067 0 -30 0 0
0.5513 0.0167 0.0067 0 -30 0 0
0.5513 0.0167 0.0067 0 -30 0 0
0.5513 0.0167 0.0067 0 -30 0 0
0.5513 0.0167 0.0067 0 -30 0 0
0.5513 0.0167 0.0067 0 -30 0 0
0.5513 0.0167 0.0067 0 -30 0 0
0.5513 0.0167 0.0067 0 -30 0 0
0.5513 0.0167 0.0067 0 -30 0 0
0.5895 0.0163 0.0069 0 -30 0 0
0.5895 0.0163 0.0069 0 -30 0 0
0.5895 0.0163 0.0069 0 -30 0 0
0.5895 0.0163 0.0069 0 -30 0 0
0.5895 0.0163 0.0069 0 -30 0 0
0.5714 0.0159 0.0068 0 -30 0 0
0.5573 0.0158 0.0067 0 -30 0 0
0.5573 0.0158 0.0067 0 -30 0 0
0.5674 0.0159 0.0055 0 -30 0 0
0.5674 0.0159 0.0055 0 -30 0 0
0.5674 0.0159 0.0055 0 -30 0 0
0.5674 0.0159 0.0055 0 -30 0 0
0.5674 0.0159 0.0055 0 -30 0 0
0.5674 0.0159 0.0055 0 -30 0 0
0.5714 0.0161 0.0067 0 -30 0 0
0.5714 0.0161 0.0067 0 -30 0 0
0.5714 0.0161 0.0067 0 -30 0 0
0.5714 0.0161 0.0070 0 -30 0 0
0.5714 0.0161 0.0070 0 -30 0 0
0.5714 0.0161 0.0070 0 -30 0 0
0.5714 0.0161 0.0070 0 -30 0 0
0.5714 0.0161 0.0070 0 -30 0 0
0.5714 0.0161 0.0070 0 -30 0 0
0.5714 0.0161 0.0070 0 -30 0 0
0.5714 0.0161 0.0070 0 -30 0 0
0.5714 0.0161 0.0070 0 -30 0 0
0.5714 0.0161 0.0070 0 -30 0 0
0.5714 0.0161 0.0070 0 -30 0 0
0.5875 0.0162 0.0075 0 -30 0 0
0.5875 0.0162 0.0075 0 -30 0 0
0.5875 0.0162 0.0075 0 -30 0 0
0.5875 0.0162 0.0075 0 -30 0 0
0.5875 0.0162 0.0075 0 -30 0 0
0.5674 0.0163 0.0066 0 -30 0 0
0.5714 0.0163 0.0065 0 -30 0 0
0.5433 0.0161 0.0069 0 -30 0 0
0.5433 0.0161 0.0069 0 -30 0 0
0.5433 0.0161 0.0069 0 -30 0 0
0.5433 0.0161 0.0069 0 -30 0 0
0.5433 0.0161 0.0069 0 -30 0 0
0.5553 0.0157 0.0088 0 -30 0 0
0.5553 0.0157 0.0088 0 -30 0 0
0.5553 0.0157 0.0088 0 -30 0 0
0.5553 0.0153 0.0087 0 -30 0 0
0.5553 0.0153 0.0087 0 -30 0 0
0.5553 0.0153 0.0087 0 -30 0 0
0.5553 0.0153 0.0087 0 -30 0 0
0.5553 0.0153 0.0087 0 -30 0 0
0.5694 0.0147 0.0097 0 -30 0 0
0.5694 0.0147 0.0097 0 -30 0 0
0.5694 0.0147 0.0097 0 -30 0 0
0.5694 0.0147 0.0097 0 -30 0 0
0.5694 0.0147 0.0097 0 -30 0 0
0.5573 0.0135 0.0097 0 -30 0 0
0.5573 0.0135 0.0097 0 -30 0 0
0.5573 0.0135 0.0097 0 -30 0 0
0.5614 0.0125 0.0102 0 -30 0 0
0.5614 0.0125 0.0102 0 -30 0 0
0.5614 0.0125 0.0102 0 -30 0 0
0.5614 0.0125 0.0102 0 -30 0 0
0.5594 0.0121 0.0103 0 -30 0 0
0.5594 0.0121 0.0103 0 -30 0 0
0.5594 0.0121 0.0103 0 -30 0 0
0.5594 0.0121 0.0103 0 -30 0 0
0.5594 0.0121 0.0103 0 -30 0 0
0.5594 0.0121 0.0103 0 -30 0 0
0.5553 0.0118 0.0101 0 -30 0 0
0.5553 0.0118 0.0101 0 -30 0 0
0.5553 0.0118 0.0101 0 -30 0 0
0.5594 0.0116 0.0111 0 -30 0 0
0.5594 0.0116 0.0111 0 -30 0 0
0.5594 0.0116 0.0111 0 -30 0 0
0.5594 0.0116 0.0111 0 -30 0 0
0.5594 0.0116 0.0111 0 -30 0 0
0.5252 0.0117 0.0119 0 -30 0 0
0.5252 0.0117 0.0119 0 -30 0 0
0.5252 0.0117 0.0119 0 -30 0 0
0.5252 0.0117 0.0119 0 -30 0 0
0.5433 0.0120 0.0120 0 -30 0 0
0.5433 0.0120 0.0120 0 -30 0 0
0.5433 0.0120 0.0120 0 -30 0 0
0.5433 0.0120 0.0120 0 -30 0 0
0.5433 0.0120 0.0120 0 -30 0 0
0.5433 0.0120 0.0120 0 -30 0 0
0.5433 0.0120 0.0120 0 -30 0 0
0.5433 0.0120 0.0120 0 -30 0 0
0.5433 0.0120 0.0120 0 -30 0 0
0.5433 0.0120 0.0120 0 -30 0 0
0.5493 0.0119 0.0128 0 -30 0 0
0.5493 0.0119 0.0128 0 -30 0 0
0.5493 0.0119 0.0128 0 -30 0 0
0.5533 0.0117 0.0126 0 -30 0 0
0.5272 0.0113 0.0106 0 0 0 0
0.5372 0.0120 0.0133 0 -30 0 0
0.5453 0.0120 0.0133 0 -30 0 0
0.5372 0.0128 0.0135 0 -30 0 0
0.5412 0.0143 0.0152 0 -30 0 0
0.5493 0.0144 0.0159 0 -30 0 0
0.5594 0.0137 0.0150 0 -30 0 0
0.5312 0.0129 0.0146 0 -30 0 0
0.5312 0.0129 0.0146 0 -30 0 0
0.5312 0.0129 0.0146 0 -30 0 0
0.5312 0.0129 0.0146 0 -30 0 0
0.5312 0.0129 0.0146 0 -30 0 0
0.5634 0.0123 0.0156 0 -30 0 0
0.5634 0.0123 0.0156 0 -30 0 0
0.5634 0.0123 0.0156 0 -30 0 0
0.5634 0.0123 0.0156 0 -30 0 0
0.5634 0.0123 0.0156 0 -30 0 0
0.5513 0.0121 0.0158 0 -30 0 0
0.5513 0.0121 0.0158 0 -30 0 0
0.5513 0.0120 0.0158 0 -30 0 0
0.5553 0.0120 0.0158 0 -30 0 0
0.5553 0.0120 0.0158 0 -30 0 0
0.5553 0.0120 0.0158 0 -30 0 0
0.5553 0.0120 0.0158 0 -30 0 0
0.5553 0.0120 0.0158 0 -30 0 0
0.5473 0.0117 0.0159 0 -30 0 0
0.5473 0.0117 0.0159 0 -30 0 0
0.5473 0.0117 0.0159 0 -30 0 0
0.5473 0.0117 0.0159 0 -30 0 0
0.5634 0.0112 0.0157 0 -30 0 0
0.5634 0.0112 0.0157 0 -30 0 0
0.5634 0.0112 0.0157 0 -30 0 0
0.5252 0.0111 0.0161 0 -30 0 0
0.5252 0.0111 0.0161 0 -30 0 0
0.5252 0.0111 0.0161 0 -30 0 0
0.5252 0.0111 0.0161 0 -30 0 0
0.5252 0.0111 0.0161 0 -30 0 0
0.5252 0.0111 0.0161 0 -30 0 0
0.5392 0.0114 0.0152 0 -30 0 0
0.5392 0.0114 0.0152 0 -30 0 0
0.5392 0.0114 0.0152 0 -30 0 0
0.5392 0.0114 0.0152 0 -30 0 0
0.5392 0.0114 0.0152 0 -30 0 0
0.5573 0.0115 0.0151 0 -30 0 0
0.5573 0.0115 0.0151 0 -30 0 0
0.5573 0.0115 0.0151 0 -30 0 0
0.5533 0.0120 0.0145 0 -30 0 0
0.5533 0.0120 0.0145 0 -30 0 0
0.5533 0.0120 0.0145 0 -30 0 0
0.5533 0.0120 0.0145 0 -30 0 0
0.5533 0.0120 0.0145 0 -30 0 0
0.5533 0.0124 0.0145 0 -30 0 0
0.5473 0.0124 0.0145 0 -30 0 0
0.5473 0.0124 0.0145 0 -30 0 0
0.5473 0.0124 0.0145 0 -30 0 0
0.5412 0.0126 0.0141 0 -30 0 0
0.5412 0.0126 0.0141 0 -30 0 0
0.5412 0.0126 0.0141 0 -30 0 0
0.5412 0.0126 0.0140 0 -30 0 0
0.5594 0.0126 0.0140 0 -30 0 0
0.5594 0.0126 0.0140 0 -30 0 0
0.5594 0.0126 0.0140 0 -30 0 0
0.5594 0.0126 0.0140 0 -30 0 0
0.5594 0.0126 0.0140 0 -30 0 0
0.5674 0.0120 0.0147 0 -30 0 0
0.5674 0.0120 0.0147 0 -30 0 0
0.5674 0.0120 0.0147 0 -30 0 0
0.5674 0.0120 0.0147 0 -30 0 0
0.5674 0.0116 0.0153 0 -30 0 0
0.5654 0.0116 0.0153 0 -30 0 0
0.5654 0.0116 0.0153 0 -30 0 0
0.5654 0.0116 0.0153 0 -30 0 0
0.5775 0.0114 0.0153 0 -30 0 0
0.5775 0.0114 0.0153 0 -30 0 0
0.5775 0.0114 0.0153 0 -30 0 0
0.5775 0.0114 0.0153 0 -30 0 0
0.5775 0.0114 0.0153 0 -30 0 0
0.5775 0.0111 0.0147 0 -30 0 0
0.5694 0.0111 0.0147 0 -30 0 0
0.5694 0.0111 0.0147 0 -30 0 0
0.5694 0.0111 0.0147 0 -30 0 0
0.5694 0.0111 0.0147 0 -30 0 0
0.5694 0.0111 0.0147 0 -30 0 0
0.5694 0.0111 0.0147 0 -30 0 0
0.5694 0.0111 0.0147 0 -30 0 0
0.5694 0.0112 0.0146 0 -30 0 0
0.5694 0.0112 0.0146 0 -30 0 0
0.5694 0.0112 0.0146 0 -30 0 0
0.5573 0.0115 0.0148 0 -30 0 0
0.5573 0.0115 0.0148 0 -30 0 0
0.5674 0.0113 0.0148 0 -30 0 0
0.5674 0.0113 0.0148 0 -30 0 0
0.5674 0.0113 0.0148 0 -30 0 0
0.5674 0.0113 0.0148 0 -30 0 0
0.5453 0.0112 0.0139 0 -30 0 0
0.5453 0.0112 0.0139 0 -30 0 0
0.5453 0.0112 0.0139 0 -30 0 0
0.5372 0.0112 0.0134 0 -30 0 0
0.5372 0.0112 0.0134 0 -30 0 0
0.5372 0.0112 0.0134 0 -30 0 0
0.5372 0.0112 0.0134 0 -30 0 0
0.5372 0.0112 0.0134 0 -30 0 0
0.5131 0.0113 0.0136 0 -30 0 0
0.5131 0.0113 0.0136 0 -30 0 0
0.5131 0.0113 0.0136 0 -30 0 0
0.5131 0.0113 0.0136 0 -30 0 0
0.5131 0.0113 0.0136 0 -30 0 0
0.5312 0.0115 0.0131 0 -30 0 0
0.5312 0.0115 0.0131 0 -30 0 0
0.5312 0.0115 0.0131 0 -30 0 0
0.5292 0.0117 0.0127 0 -30 0 0
0.5292 0.0117 0.0127 0 -30 0 0
0.5292 0.0117 0.0127 0 -30 0 0
0.5292 0.0117 0.0127 0 -30 0 0
0.5292 0.0117 0.0127 0 -30 0 0
0.5292 0.0117 0.0127 0 -30 0 0
0.5151 0.0118 0.0124 0 -30 0 0
0.5151 0.0118 0.0124 0 -30 0 0
0.5151 0.0118 0.0124 0 -30 0 0
0.5151 0.0118 0.0124 0 -30 0 0
0.5151 0.0118 0.0124 0 -30 0 0
0.5392 0.0118 0.0123 0 -30 0 0
0.5392 0.0118 0.0123 0 -30 0 0
0.5392 0.0118 0.0123 0 -30 0 0
0.5332 0.0118 0.0121 0 -30 0 0
0.5332 0.0118 0.0121 0 -30 0 0
0.5332 0.0118 0.0121 0 -30 0 0
0.5332 0.0118 0.0121 0 -30 0 0
0.5332 0.0118 0.0121 0 -30 0 0
0.5332 0.0118 0.0121 0 -30 0 0
0.5352 0.0117 0.0118 0 -30 0 0
0.5352 0.0117 0.0118 0 -30 0 0
0.5352 0.0117 0.0118 0 -30 0 0
0.5352 0.0117 0.0118 0 0 0 0
0.5533 0.0107 0.0117 0 -30 0 0
0.5453 0.0109 0.0119 0 -30 0 0
0.5372 0.0109 0.0125 0 -30 0 0
0.5392 0.0108 0.0127 0 -30 0 0
0.5714 0.0106 0.0139 0 -30 0 0
0.5614 0.0105 0.0140 0 -30 0 0
0.5734 0.0104 0.0144 0 -30 0 0
0.5734 0.0104 0.0144 0 -30 0 0
0.5734 0.0104 0.0144 0 -30 0 0
0.5573 0.0105 0.0142 0 -30 0 0
0.5573 0.0105 0.0142 0 -30 0 0
0.5573 0.0105 0.0142 0 -30 0 0
0.5573 0.0105 0.0142 0 -30 0 0
0.5573 0.0105 0.0142 0 -30 0 0
0.5473 0.0105 0.0136 0 -30 0 0
0.5473 0.0105 0.0136 0 -30 0 0
0.5473 0.0105 0.0136 0 -30 0 0
0.5473 0.0106 0.0132 0 -30 0 0
0.5513 0.0106 0.0132 0 -30 0 0
0.5513 0.0106 0.0132 0 -30 0 0
0.5513 0.0106 0.0132 0 -30 0 0
0.5513 0.0106 0.0132 0 -30 0 0
0.5513 0.0106 0.0132 0 -30 0 0
0.5573 0.0106 0.0132 0 -30 0 0
0.5573 0.0106 0.0132 0 -30 0 0
0.5573 0.0106 0.0132 0 -30 0 0
0.5573 0.0106 0.0132 0 -30 0 0
0.5573 0.0106 0.0132 0 -30 0 0
0.5573 0.0106 0.0132 0 -30 0 0
0.5533 0.0106 0.0131 0 -30 0 0
0.5533 0.0106 0.0131 0 -30 0 0
0.5533 0.0106 0.0131 0 -30 0 0
0.5533 0.0106 0.0131 0 -30 0 0
0.5533 0.0106 0.0131 0 -30 0 0
0.5332 0.0104 0.0133 0 -30 0 0
0.5332 0.0104 0.0133 0 -30 0 0
0.5332 0.0104 0.0133 0 -30 0 0
0.5372 0.0102 0.0137 0 -30 0 0
0.5372 0.0102 0.0137 0 -30 0 0
0.5372 0.0102 0.0137 0 -30 0 0
0.5372 0.0102 0.0137 0 0 0 0
0.5392 0.0098 0.0136 0 -30 0 0
0.5191 0.0098 0.0141 0 -30 0 0
0.5191 0.0096 0.0155 0 -30 0 0
0.5292 0.0096 0.0153 0 -30 0 0
0.5292 0.0100 0.0150 0 -30 0 0
0.5292 0.0100 0.0150 0 -30 0 0
0.5292 0.0100 0.0150 0 -30 0 0
0.5292 0.0100 0.0150 0 -30 0 0
0.5231 0.0101 0.0151 0 -30 0 0
0.5231 0.0101 0.0151 0 -30 0 0
0.5231 0.0101 0.0151 0 -30 0 0
0.5231 0.0101 0.0151 0 -30 0 0
0.5111 0.0100 0.0151 0 -30 0 0
0.5111 0.0100 0.0151 0 -30 0 0
0.5111 0.0100 0.0151 0 -30 0 0
0.5111 0.0100 0.0151 0 -30 0 0
0.5111 0.0100 0.0151 0 -30 0 0
0.5433 0.0101 0.0140 0 -30 0 0
0.5433 0.0101 0.0140 0 -30 0 0
0.5433 0.0101 0.0140 0 -30 0 0
0.5433 0.0101 0.0140 0 -30 0 0
0.5151 0.0101 0.0139 0 -30 0 0
0.5151 0.0101 0.0139 0 -30 0 0
0.5151 0.0101 0.0139 0 -30 0 0
0.5151 0.0101 0.0139 0 -30 0 0
0.5151 0.0101 0.0139 0 -30 0 0
0.5151 0.0101 0.0139 0 -30 0 0
0.5151 0.0101 0.0139 0 -30 0 0
0.5151 0.0101 0.0139 0 -30 0 0
0.5151 0.0101 0.0139 0 -30 0 0
0.5151 0.0101 0.0139 0 -30 0 0
0.5151 0.0101 0.0139 0 -30 0 0
0.5151 0.0101 0.0139 0 -30 0 0
0.5151 0.0101 0.0139 0 -30 0 0
0.5211 0.0101 0.0106 0 -30 0 0
0.5372 0.0100 0.0110 0 -30 0 0
0.5332 0.0103 0.0119 0 -30 0 0
0.5332 0.0103 0.0119 0 -30 0 0
0.5553 0.0105 0.0121 0 -30 0 0
0.5553 0.0105 0.0121 0 -30 0 0
0.5553 0.0105 0.0121 0 -30 0 0
0.5553 0.0105 0.0121 0 -30 0 0
0.5553 0.0105 0.0121 0 -30 0 0
0.5292 0.0111 0.0121 0 -30 0 0
0.5292 0.0111 0.0121 0 -30 0 0
0.5292 0.0111 0.0121 0 -30 0 0
0.5292 0.0111 0.0121 0 -30 0 0
0.5292 0.0111 0.0121 0 -30 0 0
0.5151 0.0116 0.0132 0 -30 0 0
0.5151 0.0116 0.0132 0 -30 0 0
0.5151 0.0116 0.0132 0 -30 0 0
0.5151 0.0116 0.0132 0 -30 0 0
0.5252 0.0118 0.0137 0 -30 0 0
0.5252 0.0118 0.0137 0 -30 0 0
0.5252 0.0118 0.0137 0 -30 0 0
0.5252 0.0118 0.0137 0 -30 0 0
0.5252 0.0118 0.0137 0 -30 0 0
0.5252 0.0118 0.0137 0 -30 0 0
0.5252 0.0118 0.0137 0 -30 0 0
0.5252 0.0118 0.0137 0 -30 0 0
0.5252 0.0118 0.0137 0 -30 0 0
0.5252 0.0118 0.0137 0 -30 0 0
0.5252 0.0118 0.0137 0 -30 0 0
0.5252 0.0118 0.0137 0 -30 0 0
0.5332 0.0120 0.0150 0 -30 0 0
0.5191 0.0118 0.0152 0 -30 0 0
0.5231 0.0115 0.0141 0 -30 0 0
0.5231 0.0115 0.0141 0 -30 0 0
0.5231 0.0115 0.0141 0 -30 0 0
0.5231 0.0114 0.0159 0 -30 0 0
0.5231 0.0114 0.0159 0 -30 0 0
0.5231 0.0114 0.0159 0 -30 0 0
0.5352 0.0115 0.0152 0 -30 0 0
0.5352 0.0115 0.0152 0 -30 0 0
0.5352 0.0115 0.0152 0 -30 0 0
0.5352 0.0115 0.0152 0 -30 0 0
0.5352 0.0115 0.0152 0 -30 0 0
0.5533 0.0116 0.0156 0 -30 0 0
0.5533 0.0116 0.0156 0 -30 0 0
0.5533 0.0116 0.0156 0 -30 0 0
0.5533 0.0116 0.0156 0 -30 0 0
0.5533 0.0116 0.0156 0 -30 0 0
0.5533 0.0117 0.0138 0 -30 0 0
0.5533 0.0117 0.0138 0 -30 0 0
0.5533 0.0117 0.0138 0 -30 0 0
0.5533 0.0117 0.0138 0 -30 0 0
0.5312 0.0123 0.0156 0 -30 0 0
0.5312 0.0123 0.0156 0 -30 0 0
0.5312 0.0123 0.0156 0 -30 0 0
0.5312 0.0123 0.0156 0 -30 0 0
0.5312 0.0123 0.0156 0 -30 0 0
0.5312 0.0123 0.0156 0 -30 0 0
0.5312 0.0123 0.0156 0 -30 0 0
0.5312 0.0123 0.0156 0 0 0 0
0.5312 0.0106 0.0130 0 -30 0 0
0.5493 0.0104 0.0146 0 -30 0 0
0.5372 0.0106 0.0152 0 -30 0 0
0.5352 0.0113 0.0160 0 -30 0 0
0.5151 0.0125 0.0141 0 -30 0 0
0.5151 0.0124 0.0131 0 -30 0 0
0.5151 0.0122 0.0106 0 -30 0 0
0.5151 0.0122 0.0106 0 -30 0 0
0.5151 0.0122 0.0106 0 -30 0 0
0.5151 0.0122 0.0106 0 -30 0 0
0.5151 0.0122 0.0106 0 -30 0 0
0.5151 0.0122 0.0106 0 -30 0 0
0.5151 0.0122 0.0106 0 -30 0 0
0.5151 0.0122 0.0106 0 -30 0 0
0.5151 0.0122 0.0106 0 -30 0 0
0.5151 0.0120 0.0097 0 -30 0 0
0.5151 0.0120 0.0097 0 -30 0 0
0.5151 0.0120 0.0097 0 -30 0 0
0.5252 0.0118 0.0073 0 -30 0 0
0.5412 0.0117 0.0068 0 -30 0 0
0.5412 0.0117 0.0068 0 -30 0 0
0.5412 0.0117 0.0068 0 -30 0 0
0.5412 0.0117 0.0068 0 -30 0 0
0.5433 0.0117 0.0046 0 -30 0 0
0.5433 0.0117 0.0046 0 -30 0 0
0.5433 0.0117 0.0046 0 -30 0 0
0.5433 0.0117 0.0046 0 -30 0 0
0.5433 0.0117 0.0046 0 -30 0 0
0.5433 0.0117 0.0046 0 -30 0 0
0.5513 0.0114 0.0043 0 -30 0 0
0.5513 0.0114 0.0043 0 -30 0 0
0.5392 0.0114 0.0039 0 0 0 0
