0.4456 0.0597 0.2654 0 0 0 -10
0.4435 0.0596 0.2658 0 0 0 -10
0.4536 0.0599 0.2681 0 0 0 -10
0.4637 0.0596 0.2682 0 0 0 -10
0.4597 0.0599 0.2696 0 0 0 -10
0.4516 0.0601 0.2696 0 0 0 -10
0.4597 0.0603 0.2687 0 0 0 -10
0.4496 0.0599 0.2672 0 0 0 -10
0.4698 0.0596 0.2674 0 0 0 -10
0.4577 0.0599 0.2664 0 0 0 -10
0.4798 0.0601 0.2663 0 0 0 -10
0.4415 0.0602 0.2651 0 0 0 -10
0.4476 0.0601 0.2659 0 0 0 -10
0.4476 0.0601 0.2659 0 0 0 -10
0.4738 0.0598 0.2608 0 0 0 -10
0.4758 0.0600 0.2573 0 0 0 -10
0.4738 0.0602 0.2541 0 0 0 -10
0.4617 0.0602 0.2531 0 0 0 -10
0.4516 0.0601 0.2532 0 0 0 -10
0.4516 0.0601 0.2532 0 0 0 -10
0.4677 0.0605 0.2502 0 0 0 -10
0.4597 0.0605 0.2502 0 0 0 -10
0.4435 0.0604 0.2434 0 0 0 -10
0.4335 0.0608 0.2396 0 0 0 -10
0.4597 0.0611 0.2409 0 0 0 -10
0.4476 0.0612 0.2383 0 0 0 -10
0.4476 0.0612 0.2383 0 0 0 -10
0.4496 0.0613 0.2339 0 0 0 -10
0.4335 0.0610 0.2318 0 0 0 -10
0.4395 0.0608 0.2301 0 0 0 -10
0.4395 0.0608 0.2301 0 0 0 -10
0.4617 0.0605 0.2225 0 0 0 -10
0.4617 0.0605 0.2225 0 0 0 -10
0.4758 0.0604 0.2213 0 0 0 -10
0.4375 0.0608 0.2190 0 0 0 -10
0.4395 0.0611 0.2156 0 0 0 -10
0.4395 0.0611 0.2156 0 0 0 -10
0.4577 0.0607 0.2108 0 0 0 -10
0.4456 0.0607 0.2085 0 0 0 -10
0.4415 0.0606 0.2020 0 0 0 -10
0.4617 0.0604 0.1994 0 0 0 -10
0.4435 0.0608 0.1973 0 0 0 -10
0.4657 0.0611 0.1948 0 0 0 -10
0.4657 0.0611 0.1948 0 0 0 -10
0.4556 0.0606 0.1898 0 0 0 -10
0.4556 0.0606 0.1898 0 0 0 -10
0.4698 0.0606 0.1850 0 0 0 -10
0.4516 0.0607 0.1838 0 0 0 -10
0.4516 0.0607 0.1838 0 0 0 -10
0.4597 0.0605 0.1827 0 0 0 -10
0.4677 0.0603 0.1806 0 0 0 -10
0.4637 0.0601 0.1796 0 0 0 0
0.4758 0.0611 0.1676 0 0 0 -10
0.4617 0.0617 0.1586 0 0 0 -10
0.4597 0.0618 0.1578 0 0 0 -10
0.4960 0.0616 0.1579 0 0 0 -10
0.4718 0.0615 0.1561 0 0 0 -10
0.4738 0.0615 0.1558 0 0 0 -10
0.4738 0.0614 0.1546 0 0 0 -10
0.4738 0.0614 0.1546 0 0 0 -10
0.4698 0.0614 0.1495 0 0 0 -10
0.4698 0.0614 0.1495 0 0 0 -10
0.4758 0.0615 0.1479 0 0 0 -10
0.4839 0.0615 0.1451 0 0 0 -10
0.4839 0.0615 0.1451 0 0 0 -10
0.4839 0.0619 0.1406 0 0 0 -10
0.4980 0.0615 0.1364 0 0 0 -10
0.4980 0.0615 0.1364 0 0 0 -10
0.4778 0.0615 0.1324 0 0 0 -10
0.4597 0.0620 0.1310 0 0 0 -10
0.4597 0.0625 0.1295 0 0 0 -10
0.4859 0.0628 0.1304 0 0 0 -10
0.4738 0.0630 0.1295 0 0 0 -10
0.4738 0.0630 0.1295 0 0 0 -10
0.4919 0.0625 0.1338 0 0 0 -10
0.4940 0.0625 0.1313 0 0 0 -10
0.4940 0.0627 0.1267 0 0 0 -10
0.4758 0.0620 0.1234 0 0 0 -10
0.4758 0.0620 0.1234 0 0 0 -10
0.4839 0.0618 0.1136 0 0 0 0
0.4899 0.0626 0.1062 0 0 0 -10
0.4859 0.0621 0.1008 0 0 0 -10
0.4879 0.0621 0.1005 0 0 0 -10
0.4940 0.0621 0.1033 0 0 0 0
0.4859 0.0625 0.1039 0 0 0 -10
0.4919 0.0624 0.0999 0 0 0 -10
0.4819 0.0616 0.0973 0 0 0 -10
0.4960 0.0614 0.0968 0 0 0 0
0.5020 0.0625 0.0945 0 0 0 -10
0.5141 0.0629 0.0884 0 0 0 -10
0.4960 0.0625 0.0870 0 0 0 -10
0.5101 0.0618 0.0888 0 0 0 -10
0.4819 0.0616 0.0879 0 0 0 -10
0.4980 0.0614 0.0845 0 0 0 -10
0.5101 0.0610 0.0823 0 0 0 -10
0.5020 0.0613 0.0817 0 0 0 -10
0.5020 0.0613 0.0817 0 0 0 -10
0.5000 0.0616 0.0796 0 0 0 -10
0.4919 0.0616 0.0746 0 0 0 -10
0.5081 0.0612 0.0732 0 0 0 -10
0.5020 0.0614 0.0737 0 0 0 -10
0.4960 0.0617 0.0722 0 0 0 -10
0.4960 0.0617 0.0722 0 0 0 -10
0.4899 0.0615 0.0705 0 0 0 -10
0.4738 0.0614 0.0688 0 0 0 -10
0.4899 0.0611 0.0655 0 0 0 0
0.5040 0.0610 0.0572 0 0 0 -10
0.5323 0.0617 0.0548 0 0 0 -10
0.5323 0.0617 0.0548 0 0 0 -10
0.5323 0.0617 0.0548 0 0 0 0
0.4839 0.0604 0.0485 0 0 0 -10
0.5181 0.0615 0.0433 0 0 0 -10
0.5101 0.0619 0.0403 0 0 0 -10
0.5020 0.0617 0.0402 0 0 0 -10
0.5060 0.0613 0.0392 0 0 0 0
0.5202 0.0607 0.0378 0 0 0 -10
0.5101 0.0616 0.0282 0 0 0 -10
0.5101 0.0616 0.0282 0 0 0 -10
0.5101 0.0620 0.0239 0 0 0 -10
0.5403 0.0622 0.0212 0 0 0 -10
0.5121 0.0621 0.0203 0 0 0 -10
0.5222 0.0613 0.0129 0 0 0 -10
0.5242 0.0605 0.0096 0 0 0 -10
0.5242 0.0605 0.0096 0 0 0 -10
0.5444 0.0603 0.0054 0 0 0 -10
0.5040 0.0605 0.0033 0 0 0 -10
0.5101 0.0610 0.0020 0 0 0 -10
0.5101 0.0613 0.0016 0 0 0 -10
0.5101 0.0610 0.0007 0 0 0 -10
0.5101 0.0610 0.0007 0 0 0 -10
0.5524 0.0606 -0.0027 0 0 0 -10
0.5040 0.0602 -0.0040 0 0 0 0
0.5302 0.0607 -0.0135 0 0 0 -10
0.5081 0.0603 -0.0205 0 0 0 -10
0.5181 0.0609 -0.0239 0 0 0 -10
0.5202 0.0614 -0.0234 0 0 0 0
0.5121 0.0620 -0.0331 0 0 0 -10
0.5020 0.0610 -0.0350 0 0 0 -10
0.5282 0.0602 -0.0351 0 0 0 0
0.5141 0.0610 -0.0354 0 0 0 -10
0.5000 0.0613 -0.0399 0 0 0 -10
0.5181 0.0608 -0.0432 0 0 0 0
0.5262 0.0605 -0.0447 0 0 0 -10
0.5161 0.0613 -0.0442 0 0 0 -10
0.5282 0.0603 -0.0421 0 0 0 0
0.5040 0.0602 -0.0408 0 0 0 10
0.5141 0.0609 -0.0412 0 0 0 10
0.5363 0.0607 -0.0406 0 0 0 0
0.5141 0.0615 -0.0428 0 0 0 10
0.5222 0.0604 -0.0343 0 0 0 10
0.5302 0.0596 -0.0331 0 0 0 0
0.5343 0.0590 -0.0318 0 0 0 10
0.5101 0.0598 -0.0265 0 0 0 10
0.5202 0.0595 -0.0248 0 0 0 0
0.5282 0.0592 -0.0264 0 0 0 10
0.5282 0.0582 -0.0215 0 0 0 10
0.5282 0.0581 -0.0204 0 0 0 0
0.5060 0.0592 -0.0188 0 0 0 10
0.5181 0.0595 -0.0127 0 0 0 10
0.5202 0.0598 -0.0113 0 0 0 0
0.5262 0.0602 -0.0076 0 0 0 10
0.5282 0.0600 -0.0059 0 0 0 10
0.5222 0.0599 -0.0021 0 0 0 0
0.5101 0.0595 0.0013 0 0 0 10
0.5363 0.0600 0.0009 0 0 0 10
0.5202 0.0601 0.0015 0 0 0 0
0.5242 0.0608 0.0076 0 0 10 0
0.5202 0.0590 0.0047 0 0 10 0
0.5343 0.0594 0.0049 0 0 10 0
0.5202 0.0591 0.0043 0 0 10 0
0.5202 0.0591 0.0043 0 0 10 0
0.5282 0.0592 0.0041 0 0 10 0
0.5222 0.0592 0.0039 0 0 10 0
0.5141 0.0593 0.0051 0 0 10 0
0.5363 0.0593 0.0048 0 0 10 0
0.5262 0.0598 0.0032 0 0 10 0
0.5262 0.0602 0.0036 0 0 10 0
0.5181 0.0602 0.0036 0 0 10 0
0.5383 0.0597 0.0033 0 0 10 0
0.5181 0.0595 0.0031 0 0 10 0
0.5202 0.0590 0.0007 0 0 10 0
0.5202 0.0590 0.0007 0 0 10 0
0.5262 0.0583 0.0022 0 0 10 0
0.5262 0.0583 0.0022 0 0 10 0
0.5363 0.0584 0.0018 0 0 10 0
0.5363 0.0584 0.0018 0 0 10 0
0.5161 0.0575 0.0026 0 0 10 0
0.5161 0.0575 0.0026 0 0 10 0
0.5161 0.0563 0.0029 0 0 10 0
0.5202 0.0560 0.0019 0 0 10 0
0.5302 0.0556 0.0021 0 0 10 0
0.5242 0.0556 0.0036 0 0 10 0
0.5222 0.0559 0.0039 0 0 10 0
0.5403 0.0559 0.0030 0 0 10 0
0.5403 0.0559 0.0030 0 0 10 0
0.5282 0.0553 0.0026 0 0 10 0
0.5262 0.0551 0.0037 0 0 10 0
0.5363 0.0549 0.0034 0 0 10 0
0.5302 0.0538 0.0020 0 0 10 0
0.5222 0.0515 0.0039 0 0 10 0
0.5222 0.0515 0.0039 0 0 10 0
0.5323 0.0511 0.0055 0 0 10 0
0.5323 0.0513 0.0059 0 0 10 0
0.5222 0.0514 0.0067 0 0 10 0
0.5222 0.0514 0.0067 0 0 10 0
0.5202 0.0514 0.0066 0 0 10 0
0.5343 0.0514 0.0046 0 0 10 0
0.5302 0.0512 0.0050 0 0 10 0
0.5242 0.0502 0.0051 0 0 10 0
0.5383 0.0488 0.0042 0 0 10 0
0.5262 0.0488 0.0042 0 0 10 0
0.5081 0.0482 0.0045 0 0 10 0
0.5161 0.0477 0.0049 0 0 0 0
0.5181 0.0462 0.0045 0 0 10 0
0.5383 0.0462 0.0036 0 0 10 0
0.5202 0.0445 0.0033 0 0 10 0
0.5181 0.0438 0.0036 0 0 10 0
0.5121 0.0435 0.0029 0 0 10 0
0.5181 0.0433 0.0020 0 0 10 0
0.5181 0.0433 0.0020 0 0 10 0
0.5222 0.0429 0.0015 0 0 10 0
0.5423 0.0425 0.0014 0 0 10 0
0.5282 0.0423 0.0007 0 0 10 0
0.5282 0.0423 0.0007 0 0 10 0
0.5343 0.0422 0.0008 0 0 10 0
0.5383 0.0425 0.0021 0 0 10 0
0.5302 0.0427 0.0016 0 0 10 0
0.5383 0.0421 0.0002 0 0 0 0
0.5242 0.0400 -0.0035 0 0 10 0
0.5585 0.0399 -0.0029 0 0 10 0
0.5363 0.0383 -0.0018 0 0 10 0
0.5101 0.0376 -0.0032 0 0 10 0
0.5121 0.0375 -0.0041 0 0 10 0
0.5121 0.0375 -0.0041 0 0 10 0
0.5323 0.0379 -0.0037 0 0 10 0
0.5302 0.0381 -0.0036 0 0 10 0
0.5403 0.0379 -0.0051 0 0 10 0
0.5302 0.0371 -0.0054 0 0 10 0
0.5383 0.0366 -0.0040 0 0 10 0
0.5383 0.0366 -0.0040 0 0 10 0
0.5202 0.0363 -0.0049 0 0 10 0
0.5242 0.0359 -0.0051 0 0 10 0
0.5323 0.0357 -0.0049 0 0 10 0
0.5242 0.0358 -0.0034 0 0 10 0
0.5343 0.0358 -0.0038 0 0 10 0
0.5343 0.0358 -0.0038 0 0 10 0
0.5222 0.0355 -0.0052 0 0 10 0
0.5343 0.0354 -0.0041 0 0 10 0
0.5343 0.0351 -0.0042 0 0 10 0
0.5444 0.0348 -0.0060 0 0 10 0
0.5262 0.0346 -0.0060 0 0 10 0
0.5262 0.0346 -0.0060 0 0 0 0
0.5363 0.0323 -0.0049 0 0 10 0
0.5081 0.0317 -0.0014 0 0 10 0
0.5081 0.0317 -0.0014 0 0 10 0
0.5403 0.0308 0.0037 0 0 10 0
0.5484 0.0305 0.0040 0 0 0 0
0.5343 0.0292 -0.0009 0 0 10 0
0.5444 0.0286 -0.0024 0 0 10 0
0.5343 0.0273 -0.0044 0 0 10 0
0.5302 0.0270 -0.0043 0 0 10 0
0.5403 0.0274 0.0015 0 0 10 0
0.5403 0.0274 0.0015 0 0 0 0
0.5343 0.0281 -0.0010 0 0 10 0
0.5524 0.0284 -0.0020 0 0 10 0
0.5323 0.0288 0.0003 0 0 10 0
0.5423 0.0290 -0.0008 0 0 10 0
0.5423 0.0290 -0.0008 0 0 0 0
0.5403 0.0274 -0.0010 0 0 10 0
0.5383 0.0260 -0.0044 0 0 10 0
0.5121 0.0257 -0.0034 0 0 10 0
0.5383 0.0259 -0.0031 0 0 0 0
0.5645 0.0261 -0.0065 0 0 10 0
0.5302 0.0249 -0.0005 0 0 10 0
0.5363 0.0247 0.0013 0 0 0 0
0.5544 0.0230 0.0031 0 0 10 0
0.5423 0.0227 0.0033 0 0 10 0
0.5423 0.0222 0.0015 0 0 10 0
0.5423 0.0222 0.0015 0 0 0 0
0.5242 0.0208 -0.0002 0 0 10 0
0.5323 0.0211 0.0014 0 0 10 0
0.5323 0.0211 0.0014 0 0 10 0
0.5484 0.0210 0.0016 0 0 0 0
0.5282 0.0195 0.0001 0 0 10 0
0.5504 0.0191 0.0023 0 0 10 0
0.5484 0.0175 0.0026 0 0 0 0
0.5444 0.0168 0.0043 0 0 10 0
0.5464 0.0163 0.0050 0 0 10 0
0.5464 0.0163 0.0050 0 0 10 0
0.5605 0.0168 0.0061 0 0 0 0
0.5544 0.0165 0.0036 0 0 0 0
0.5484 0.0150 0.0047 0 0 10 0
0.5504 0.0145 0.0060 0 0 10 0
0.5605 0.0145 0.0060 0 0 0 0
0.5484 0.0113 -0.0010 0 0 0 10
0.5423 0.0117 -0.0054 0 0 0 10
0.5323 0.0111 -0.0080 0 0 0 10
0.5504 0.0112 -0.0058 0 0 0 0
0.5444 0.0110 0.0041 0 0 0 10
0.5706 0.0115 0.0056 0 0 0 10
0.5464 0.0113 0.0059 0 0 0 0
0.5403 0.0100 0.0129 0 0 10 0
0.5544 0.0102 0.0120 0 0 10 0
0.5444 0.0101 0.0134 0 0 0 0
0.5464 0.0115 0.0170 0 0 0 10
0.5423 0.0102 0.0163 0 0 0 10
0.5484 0.0112 0.0173 0 0 0 0
0.5484 0.0105 0.0207 0 0 0 10
0.5565 0.0111 0.0222 0 0 0 10
0.5242 0.0117 0.0220 0 0 0 0
0.5323 0.0110 0.0238 0 0 0 -10
0.5343 0.0105 0.0266 0 0 0 -10
0.5282 0.0105 0.0287 0 0 0 0
0.5403 0.0110 0.0284 0 0 0 -10
0.5181 0.0122 0.0231 0 0 0 -10
0.5181 0.0122 0.0231 0 0 0 -10
0.5464 0.0120 0.0219 0 0 0 0
0.5363 0.0118 0.0153 0 0 0 -10
0.5565 0.0117 0.0160 0 0 0 -10
0.5625 0.0120 0.0154 0 0 0 -10
0.5565 0.0120 0.0157 0 0 0 0
0.5444 0.0118 0.0123 0 0 0 -10
0.5544 0.0134 0.0044 0 0 0 -10
0.5544 0.0134 0.0044 0 0 0 -10
0.5605 0.0136 0.0054 0 0 0 0
0.5343 0.0095 -0.0002 0 0 0 -10
0.5565 0.0109 -0.0028 0 0 0 -10
0.5565 0.0119 -0.0017 0 0 0 0
0.5444 0.0101 -0.0065 0 0 0 -10
0.5423 0.0117 -0.0093 0 0 0 -10
0.5323 0.0103 -0.0090 0 0 0 0
0.5625 0.0091 -0.0147 0 0 0 -10
0.5363 0.0113 -0.0205 0 0 0 -10
0.5464 0.0116 -0.0209 0 0 0 0
0.5363 0.0104 -0.0318 0 0 0 10
0.5504 0.0095 -0.0330 0 0 0 0
0.5625 0.0100 -0.0278 0 0 0 10
0.5645 0.0107 -0.0240 0 0 0 10
0.5444 0.0102 -0.0251 0 0 0 0
0.5343 0.0095 -0.0238 0 0 0 10
0.5323 0.0108 -0.0233 0 0 0 10
0.5423 0.0101 -0.0216 0 0 0 10
0.5242 0.0094 -0.0209 0 0 0 0
0.5343 0.0108 -0.0189 0 0 0 10
0.5504 0.0108 -0.0159 0 0 0 10
0.5766 0.0100 -0.0152 0 0 0 10
0.5585 0.0099 -0.0150 0 0 0 10
0.5524 0.0104 -0.0138 0 0 0 0
0.5383 0.0102 -0.0047 0 0 0 10
0.5323 0.0109 -0.0068 0 0 0 10
0.5302 0.0114 -0.0065 0 0 0 0
0.5383 0.0111 -0.0004 0 0 0 10
0.5665 0.0120 -0.0013 0 0 0 10
0.5504 0.0119 -0.0032 0 0 0 10
0.5504 0.0119 -0.0032 0 0 0 0
0.5645 0.0101 0.0143 0 0 10 0
0.5403 0.0099 0.0181 0 0 10 0
0.5585 0.0101 0.0159 0 0 10 0
0.5625 0.0105 0.0186 0 0 10 0
0.5625 0.0105 0.0186 0 0 0 0
0.5665 0.0108 0.0149 0 0 10 0
0.5585 0.0115 0.0164 0 0 10 0
0.5585 0.0115 0.0164 0 0 10 0
0.5544 0.0115 0.0219 0 0 10 0
0.5524 0.0109 0.0212 0 0 0 0
0.5403 0.0091 0.0207 0 0 10 0
0.5423 0.0093 0.0212 0 0 10 0
0.5504 0.0065 0.0162 0 0 10 0
0.5504 0.0065 0.0162 0 0 0 0
0.5726 0.0077 0.0156 0 0 10 0
0.5444 0.0064 0.0142 0 0 10 0
0.5323 0.0061 0.0127 0 0 10 0
0.5524 0.0061 0.0141 0 0 0 0
0.5423 0.0053 0.0138 0 0 10 0
0.5645 0.0041 0.0141 0 0 0 0
0.5806 0.0026 0.0165 0 0 10 0
0.5685 0.0027 0.0186 0 0 10 0
0.5726 0.0026 0.0188 0 0 10 0
0.5665 0.0027 0.0187 0 0 0 0
0.5504 0.0026 0.0179 0 0 10 0
0.5383 0.0018 0.0118 0 0 0 0
0.5423 0.0034 0.0139 0 0 0 -10
0.5423 0.0010 0.0136 0 0 0 -10
0.5847 0.0010 0.0156 0 0 0 -10
0.5726 0.0011 0.0159 0 0 0 0
0.5302 0.0024 0.0128 0 0 0 -10
0.5645 0.0022 0.0127 0 0 0 0
0.5625 0.0020 0.0075 0 0 0 -10
0.5565 0.0033 0.0075 0 0 0 0
