0.5202 -0.0013 0.0879 0 0 0 -10
0.5101 -0.0009 0.0868 0 0 0 -10
0.5161 -0.0006 0.0953 0 0 0 -10
0.5181 -0.0001 0.0931 0 0 0 -10
0.5181 -0.0001 0.0931 0 0 0 -10
0.5040 -0.0004 0.0932 0 0 0 -10
0.5121 -0.0004 0.0916 0 0 0 -10
0.4980 -0.0006 0.0899 0 0 0 -10
0.4980 -0.0006 0.0899 0 0 0 -10
0.4960 -0.0007 0.0837 0 0 0 -10
0.5000 -0.0002 0.0853 0 0 0 -10
0.4960 0.0008 0.0847 0 0 0 -10
0.5161 0.0008 0.0843 0 0 0 -10
0.5161 0.0006 0.0827 0 0 0 -10
0.5060 -0.0003 0.0832 0 0 0 -10
0.4839 -0.0006 0.0809 0 0 0 -10
0.4839 -0.0006 0.0809 0 0 0 -10
0.5141 -0.0007 0.0764 0 0 0 0
0.5040 0.0004 0.0777 0 0 0 -10
0.4980 -0.0001 0.0730 0 0 0 -10
0.4859 -0.0002 0.0729 0 0 0 -10
0.5020 0.0005 0.0700 0 0 0 -10
0.4980 0.0013 0.0694 0 0 0 -10
0.5262 0.0020 0.0678 0 0 0 0
0.4980 0.0018 0.0670 0 0 0 -10
0.5101 0.0007 0.0594 0 0 0 -10
0.5222 0.0010 0.0587 0 0 0 -10
0.5222 0.0010 0.0587 0 0 0 -10
0.5181 0.0014 0.0578 0 0 0 -10
0.5101 0.0018 0.0570 0 0 0 -10
0.5060 0.0018 0.0573 0 0 0 -10
0.4980 0.0018 0.0558 0 0 0 -10
0.4859 0.0008 0.0511 0 0 0 -10
0.4859 0.0008 0.0511 0 0 0 0
0.5161 0.0001 0.0433 0 0 0 -10
0.5242 0.0010 0.0379 0 0 0 -10
0.5222 0.0010 0.0379 0 0 0 0
0.5121 0.0012 0.0343 0 0 0 -10
0.5343 -0.0007 0.0340 0 0 0 -10
0.5262 -0.0002 0.0358 0 0 0 0
0.5161 0.0007 0.0308 0 0 0 -10
0.5242 -0.0002 0.0243 0 0 0 -10
0.5000 -0.0002 0.0254 0 0 0 0
0.5323 -0.0002 0.0223 0 0 0 -10
0.5282 0.0004 0.0208 0 0 0 -10
0.5262 0.0013 0.0186 0 0 0 -10
0.5161 0.0007 0.0186 0 0 0 0
0.5242 -0.0000 0.0150 0 0 0 -10
0.5060 0.0012 0.0170 0 0 0 0
0.5161 -0.0001 0.0133 0 0 0 -10
0.5363 0.0004 0.0105 0 0 0 -10
0.5101 0.0013 0.0080 0 0 0 0
0.5141 0.0015 0.0075 0 0 0 -10
0.5262 0.0016 -0.0001 0 0 0 -10
0.5262 0.0016 -0.0001 0 0 0 0
0.5101 0.0008 -0.0055 0 0 0 -10
0.5181 0.0001 -0.0059 0 0 0 0
0.5302 0.0016 -0.0152 0 0 0 10
0.5302 0.0003 -0.0175 0 0 0 0
0.5262 0.0003 -0.0187 0 0 0 10
0.5141 0.0004 -0.0188 0 0 0 0
0.5302 0.0011 -0.0191 0 0 0 10
0.5444 -0.0005 -0.0174 0 0 0 0
0.5222 0.0006 -0.0157 0 0 0 10
0.5282 -0.0012 -0.0149 0 0 0 0
0.5262 0.0014 -0.0130 0 0 0 0
0.5181 -0.0008 -0.0086 0 0 0 0
0.5020 -0.0000 -0.0044 0 0 0 0
0.5242 -0.0003 -0.0013 0 0 0 10
0.5020 -0.0005 0.0044 0 0 0 0
