0.4798 -0.0078 0.2331 0 0 0 -10
0.4778 -0.0064 0.2345 0 0 0 -10
0.4738 -0.0063 0.2377 0 0 0 -10
0.4718 -0.0065 0.2379 0 0 0 -10
0.4617 -0.0070 0.2392 0 0 0 -10
0.4617 -0.0070 0.2392 0 0 0 -10
0.4657 -0.0079 0.2365 0 0 0 -10
0.4738 -0.0082 0.2346 0 0 0 -10
0.4758 -0.0080 0.2317 0 0 0 -10
0.4758 -0.0081 0.2301 0 0 0 -10
0.4758 -0.0081 0.2301 0 0 0 -10
0.4778 -0.0084 0.2248 0 0 0 -10
0.4536 -0.0085 0.2240 0 0 0 -10
0.4617 -0.0085 0.2229 0 0 0 -10
0.4657 -0.0079 0.2224 0 0 0 -10
0.4657 -0.0079 0.2224 0 0 0 -10
0.4597 -0.0078 0.2208 0 0 0 -10
0.4718 -0.0075 0.2170 0 0 0 -10
0.4698 -0.0074 0.2149 0 0 0 -10
0.4738 -0.0074 0.2133 0 0 0 -10
0.4738 -0.0074 0.2133 0 0 0 -10
0.4839 -0.0070 0.2124 0 0 0 -10
0.4637 -0.0067 0.2110 0 0 0 -10
0.4698 -0.0068 0.2088 0 0 0 -10
0.4698 -0.0068 0.2088 0 0 0 -10
0.4738 -0.0072 0.2092 0 0 0 -10
0.4738 -0.0072 0.2092 0 0 0 -10
0.4657 -0.0068 0.2072 0 0 0 -10
0.4718 -0.0062 0.2062 0 0 0 -10
0.4698 -0.0062 0.2094 0 0 0 -10
0.4879 -0.0063 0.2077 0 0 0 -10
0.4879 -0.0063 0.2077 0 0 0 -10
0.4738 -0.0071 0.2007 0 0 0 -10
0.4879 -0.0070 0.1999 0 0 0 -10
0.4819 -0.0063 0.1967 0 0 0 -10
0.4879 -0.0061 0.1940 0 0 0 -10
0.4899 -0.0063 0.1918 0 0 0 -10
0.4899 -0.0063 0.1918 0 0 0 -10
0.4657 -0.0064 0.1913 0 0 0 -10
0.5000 -0.0064 0.1913 0 0 0 -10
0.4798 -0.0063 0.1904 0 0 0 -10
0.4718 -0.0068 0.1891 0 0 0 -10
0.4819 -0.0074 0.1876 0 0 0 -10
0.4819 -0.0074 0.1876 0 0 0 -10
0.4718 -0.0075 0.1835 0 0 0 -10
0.4778 -0.0075 0.1804 0 0 0 -10
0.5121 -0.0070 0.1788 0 0 0 -10
0.4879 -0.0065 0.1772 0 0 0 -10
0.4879 -0.0062 0.1748 0 0 0 -10
0.5181 -0.0062 0.1726 0 0 0 -10
0.4879 -0.0061 0.1699 0 0 0 -10
0.4879 -0.0061 0.1699 0 0 0 -10
0.4899 -0.0064 0.1655 0 0 0 -10
0.4718 -0.0058 0.1640 0 0 0 -10
0.4718 -0.0058 0.1640 0 0 0 -10
0.4879 -0.0053 0.1617 0 0 0 -10
0.4879 -0.0053 0.1642 0 0 0 -10
0.5202 -0.0057 0.1630 0 0 0 -10
0.4940 -0.0063 0.1595 0 0 0 -10
0.5202 -0.0061 0.1573 0 0 0 -10
0.5181 -0.0059 0.1548 0 0 0 -10
0.5181 -0.0059 0.1548 0 0 0 -10
0.5040 -0.0057 0.1508 0 0 0 -10
0.5121 -0.0057 0.1475 0 0 0 -10
0.5403 -0.0052 0.1454 0 0 0 -10
0.5403 -0.0047 0.1419 0 0 0 -10
0.5242 -0.0046 0.1401 0 0 0 -10
0.5242 -0.0050 0.1388 0 0 0 -10
0.5222 -0.0050 0.1388 0 0 0 -10
0.5121 -0.0055 0.1347 0 0 0 -10
0.5141 -0.0057 0.1310 0 0 0 -10
0.4819 -0.0057 0.1289 0 0 0 -10
0.4819 -0.0057 0.1289 0 0 0 -10
0.5101 -0.0053 0.1276 0 0 0 -10
0.4839 -0.0046 0.1246 0 0 0 -10
0.5040 -0.0042 0.1221 0 0 0 -10
0.5081 -0.0052 0.1168 0 0 0 -10
0.5081 -0.0052 0.1168 0 0 0 -10
0.4980 -0.0054 0.1133 0 0 0 -10
0.5121 -0.0053 0.1112 0 0 0 -10
0.4940 -0.0049 0.1072 0 0 0 -10
0.4940 -0.0049 0.1072 0 0 0 -10
0.4899 -0.0044 0.1053 0 0 0 -10
0.4839 -0.0038 0.1015 0 0 0 -10
0.4940 -0.0035 0.1008 0 0 0 0
0.4859 -0.0049 0.0966 0 0 0 -10
0.4919 -0.0046 0.0895 0 0 0 -10
0.4919 -0.0046 0.0895 0 0 0 -10
0.5060 -0.0044 0.0884 0 0 0 0
0.4859 -0.0047 0.0872 0 0 0 -10
0.4859 -0.0040 0.0846 0 0 0 -10
0.4859 -0.0040 0.0846 0 0 0 0
0.4919 -0.0040 0.0838 0 0 0 -10
0.4879 -0.0052 0.0792 0 0 0 0
0.5081 -0.0054 0.0742 0 0 0 -10
0.5161 -0.0056 0.0703 0 0 0 0
0.5242 -0.0049 0.0634 0 0 0 -10
0.5101 -0.0047 0.0632 0 0 0 -10
0.4919 -0.0056 0.0594 0 0 0 0
0.5181 -0.0056 0.0589 0 0 0 -10
0.5181 -0.0051 0.0544 0 0 0 0
0.4960 -0.0051 0.0546 0 0 0 -10
0.5343 -0.0053 0.0553 0 0 0 -10
0.5363 -0.0059 0.0534 0 0 0 0
0.5081 -0.0059 0.0525 0 0 0 -10
0.5020 -0.0049 0.0436 0 0 0 -10
0.5000 -0.0052 0.0427 0 0 0 0
0.4940 -0.0058 0.0418 0 0 0 -10
0.4980 -0.0063 0.0396 0 0 0 -10
0.4879 -0.0062 0.0410 0 0 0 0
0.5121 -0.0058 0.0403 0 0 0 -10
0.5161 -0.0057 0.0405 0 0 0 0
0.4980 -0.0049 0.0413 0 0 0 -10
0.5242 -0.0051 0.0373 0 0 0 -10
0.5242 -0.0056 0.0379 0 0 0 0
0.5262 -0.0053 0.0371 0 0 0 -10
0.5222 -0.0043 0.0304 0 0 0 -10
0.5242 -0.0051 0.0279 0 0 0 0
0.5302 -0.0056 0.0252 0 0 0 -10
0.5242 -0.0057 0.0201 0 0 0 -10
0.5121 -0.0057 0.0201 0 0 0 0
0.4879 -0.0057 0.0196 0 0 0 -10
0.5302 -0.0052 0.0168 0 0 0 -10
0.5302 -0.0054 0.0146 0 0 0 0
0.5302 -0.0057 0.0119 0 0 0 -10
0.5282 -0.0056 0.0087 0 0 0 -10
0.5403 -0.0056 0.0079 0 0 0 0
0.5141 -0.0056 0.0086 0 0 0 -10
0.5444 -0.0063 0.0052 0 0 0 -10
0.5363 -0.0066 0.0037 0 0 0 0
0.5444 -0.0060 0.0003 0 0 0 -10
0.5141 -0.0067 -0.0027 0 0 0 -10
0.5262 -0.0067 -0.0053 0 0 0 0
0.5262 -0.0059 -0.0065 0 0 0 -10
0.5181 -0.0063 -0.0090 0 0 0 -10
0.5181 -0.0070 -0.0098 0 0 0 -10
0.5161 -0.0066 -0.0099 0 0 0 0
0.5222 -0.0053 -0.0183 0 0 0 -10
0.5363 -0.0055 -0.0186 0 0 0 0
0.5161 -0.0044 -0.0193 0 0 0 10
0.5202 -0.0053 -0.0243 0 0 0 0
0.5181 -0.0056 -0.0270 0 0 0 10
0.5020 -0.0058 -0.0305 0 0 0 10
0.5181 -0.0058 -0.0298 0 0 0 0
0.5222 -0.0058 -0.0263 0 0 0 10
0.5060 -0.0071 -0.0238 0 0 0 10
0.5020 -0.0067 -0.0210 0 0 0 0
0.5040 -0.0057 -0.0145 0 0 0 10
0.5222 -0.0058 -0.0116 0 0 0 10
0.4940 -0.0063 -0.0119 0 0 0 0
0.5363 -0.0066 -0.0127 0 0 0 10
0.5040 -0.0068 -0.0115 0 0 0 10
0.4919 -0.0080 -0.0120 0 0 0 0
0.5323 -0.0077 -0.0083 0 0 0 10
0.4980 -0.0073 -0.0080 0 0 0 10
0.5101 -0.0075 -0.0085 0 0 0 0
0.5060 -0.0064 -0.0006 0 0 0 10
0.4899 -0.0064 0.0019 0 0 0 10
0.5141 -0.0067 0.0040 0 0 0 0
0.5202 -0.0066 0.0120 0 0 0 10
0.5121 -0.0047 0.0077 0 0 0 0
