0.4415 -0.0085 0.2670 0 0 0 -10
0.4617 -0.0080 0.2674 0 0 0 -10
0.4536 -0.0087 0.2700 0 0 0 -10
0.4375 -0.0085 0.2730 0 0 0 -10
0.4536 -0.0075 0.2722 0 0 0 -10
0.4536 -0.0075 0.2722 0 0 0 -10
0.4516 -0.0073 0.2717 0 0 0 -10
0.4456 -0.0072 0.2720 0 0 0 -10
0.4214 -0.0068 0.2744 0 0 0 -10
0.4335 -0.0071 0.2733 0 0 0 -10
0.4335 -0.0071 0.2733 0 0 0 -10
0.4435 -0.0077 0.2708 0 0 0 -10
0.4738 -0.0080 0.2698 0 0 0 -10
0.4617 -0.0078 0.2678 0 0 0 -10
0.4577 -0.0081 0.2638 0 0 0 -10
0.4315 -0.0078 0.2619 0 0 0 -10
0.4315 -0.0078 0.2619 0 0 0 -10
0.4435 -0.0072 0.2624 0 0 0 -10
0.4597 -0.0072 0.2611 0 0 0 -10
0.4637 -0.0073 0.2580 0 0 0 -10
0.4657 -0.0075 0.2556 0 0 0 -10
0.4637 -0.0080 0.2546 0 0 0 -10
0.4577 -0.0073 0.2521 0 0 0 -10
0.4577 -0.0073 0.2521 0 0 0 -10
0.4335 -0.0063 0.2505 0 0 0 -10
0.4536 -0.0058 0.2482 0 0 0 -10
0.4456 -0.0060 0.2465 0 0 0 -10
0.4536 -0.0063 0.2436 0 0 0 -10
0.4536 -0.0063 0.2436 0 0 0 -10
0.4698 -0.0070 0.2347 0 0 0 -10
0.4698 -0.0070 0.2347 0 0 0 -10
0.4476 -0.0063 0.2336 0 0 0 -10
0.4415 -0.0059 0.2332 0 0 0 -10
0.4597 -0.0057 0.2317 0 0 0 -10
0.4839 -0.0060 0.2342 0 0 0 -10
0.4839 -0.0060 0.2342 0 0 0 -10
0.4577 -0.0067 0.2306 0 0 0 -10
0.4476 -0.0067 0.2272 0 0 0 -10
0.4698 -0.0066 0.2241 0 0 0 -10
0.4698 -0.0066 0.2241 0 0 0 -10
0.4556 -0.0064 0.2210 0 0 0 -10
0.4415 -0.0059 0.2183 0 0 0 -10
0.4758 -0.0055 0.2150 0 0 0 -10
0.4718 -0.0047 0.2113 0 0 0 -10
0.4718 -0.0055 0.2101 0 0 0 -10
0.4718 -0.0055 0.2101 0 0 0 -10
0.4577 -0.0063 0.2061 0 0 0 -10
0.4859 -0.0073 0.2032 0 0 0 -10
0.4798 -0.0075 0.2030 0 0 0 -10
0.4819 -0.0070 0.2013 0 0 0 -10
0.4698 -0.0059 0.1986 0 0 0 -10
0.4637 -0.0049 0.1975 0 0 0 -10
0.4819 -0.0047 0.1965 0 0 0 -10
0.4819 -0.0047 0.1965 0 0 0 -10
0.4738 -0.0055 0.1933 0 0 0 -10
0.4577 -0.0061 0.1922 0 0 0 -10
0.4839 -0.0062 0.1901 0 0 0 -10
0.4839 -0.0062 0.1901 0 0 0 -10
0.4657 -0.0056 0.1861 0 0 0 -10
0.4919 -0.0048 0.1850 0 0 0 -10
0.4657 -0.0034 0.1823 0 0 0 -10
0.4919 -0.0028 0.1804 0 0 0 -10
0.5060 -0.0037 0.1786 0 0 0 -10
0.4879 -0.0044 0.1773 0 0 0 -10
0.4758 -0.0059 0.1734 0 0 0 -10
0.4859 -0.0059 0.1692 0 0 0 -10
0.4859 -0.0059 0.1692 0 0 0 -10
0.4940 -0.0045 0.1687 0 0 0 -10
0.4960 -0.0040 0.1675 0 0 0 -10
0.4819 -0.0036 0.1657 0 0 0 -10
0.4819 -0.0036 0.1657 0 0 0 -10
0.4980 -0.0052 0.1616 0 0 0 -10
0.5121 -0.0056 0.1597 0 0 0 -10
0.5121 -0.0056 0.1597 0 0 0 -10
0.5020 -0.0056 0.1540 0 0 0 -10
0.4798 -0.0047 0.1483 0 0 0 -10
0.4798 -0.0047 0.1483 0 0 0 -10
0.5020 -0.0032 0.1462 0 0 0 -10
0.4879 -0.0032 0.1462 0 0 0 -10
0.4960 -0.0038 0.1432 0 0 0 -10
0.4960 -0.0038 0.1432 0 0 0 -10
0.5141 -0.0046 0.1415 0 0 0 -10
0.5040 -0.0054 0.1396 0 0 0 -10
0.5161 -0.0061 0.1366 0 0 0 -10
0.5081 -0.0059 0.1342 0 0 0 -10
0.5181 -0.0055 0.1319 0 0 0 -10
0.5202 -0.0048 0.1315 0 0 0 -10
0.5202 -0.0048 0.1315 0 0 0 -10
0.4819 -0.0045 0.1272 0 0 0 0
0.4738 -0.0043 0.1230 0 0 0 -10
0.4798 -0.0061 0.1190 0 0 0 -10
0.4798 -0.0061 0.1190 0 0 0 0
0.5000 -0.0051 0.1165 0 0 0 -10
0.4960 -0.0057 0.1081 0 0 0 -10
0.5060 -0.0049 0.1071 0 0 0 0
0.4859 -0.0046 0.1030 0 0 0 -10
0.4899 -0.0061 0.0997 0 0 0 -10
0.4738 -0.0061 0.0997 0 0 0 0
0.5101 -0.0060 0.0991 0 0 0 -10
0.4879 -0.0062 0.0964 0 0 0 -10
0.4758 -0.0065 0.0949 0 0 0 0
0.4919 -0.0044 0.0916 0 0 0 -10
0.4798 -0.0043 0.0900 0 0 0 -10
0.4758 -0.0050 0.0845 0 0 0 0
0.5060 -0.0043 0.0850 0 0 0 -10
0.5101 -0.0050 0.0804 0 0 0 0
0.5161 -0.0059 0.0784 0 0 0 -10
0.5161 -0.0059 0.0781 0 0 0 0
0.4980 -0.0082 0.0757 0 0 0 -10
0.4980 -0.0067 0.0694 0 0 0 -10
0.5020 -0.0067 0.0683 0 0 0 0
0.4919 -0.0059 0.0661 0 0 0 -10
0.4960 -0.0057 0.0659 0 0 0 0
0.4919 -0.0064 0.0657 0 0 0 -10
0.5141 -0.0067 0.0659 0 0 0 0
0.4919 -0.0077 0.0569 0 0 0 -10
0.4960 -0.0067 0.0508 0 0 0 0
0.5060 -0.0070 0.0488 0 0 0 -10
0.4899 -0.0067 0.0427 0 0 0 -10
0.4798 -0.0073 0.0416 0 0 0 0
0.4919 -0.0066 0.0413 0 0 0 0
0.5101 -0.0040 0.0366 0 0 0 -10
0.5081 -0.0044 0.0379 0 0 0 -10
0.5121 -0.0050 0.0377 0 0 0 0
0.4960 -0.0060 0.0363 0 0 0 -10
0.4919 -0.0066 0.0358 0 0 0 -10
0.5101 -0.0068 0.0334 0 0 0 0
0.5222 -0.0063 0.0331 0 0 0 -10
0.5121 -0.0070 0.0287 0 0 0 -10
0.5121 -0.0070 0.0287 0 0 0 0
0.5040 -0.0075 0.0278 0 0 0 -10
0.4899 -0.0063 0.0255 0 0 0 -10
0.5040 -0.0071 0.0243 0 0 0 0
0.5121 -0.0060 0.0229 0 0 0 -10
0.4819 -0.0065 0.0195 0 0 0 -10
0.5101 -0.0068 0.0180 0 0 0 0
0.5101 -0.0068 0.0180 0 0 0 -10
0.5242 -0.0052 0.0158 0 0 0 -10
0.5141 -0.0068 0.0117 0 0 0 0
0.5020 -0.0074 0.0129 0 0 0 -10
0.4960 -0.0068 0.0027 0 0 0 -10
0.5121 -0.0056 0.0005 0 0 0 0
0.4839 -0.0043 -0.0020 0 0 0 -10
0.5141 -0.0065 -0.0062 0 0 0 -10
0.5000 -0.0069 -0.0080 0 0 0 0
0.5081 -0.0046 -0.0087 0 0 0 -10
0.5302 -0.0061 -0.0148 0 0 0 0
0.4940 -0.0070 -0.0279 0 0 0 10
0.5101 -0.0061 -0.0273 0 0 0 10
0.5060 -0.0060 -0.0260 0 0 0 0
0.4980 -0.0057 -0.0183 0 0 0 10
0.5000 -0.0056 -0.0149 0 0 0 10
0.4960 -0.0061 -0.0126 0 0 0 0
0.4960 -0.0061 -0.0099 0 0 0 10
0.5181 -0.0057 -0.0043 0 0 0 10
0.5181 -0.0057 -0.0043 0 0 0 10
0.5101 -0.0058 -0.0033 0 0 0 0
0.5302 -0.0060 0.0050 0 0 0 10
0.5101 -0.0043 0.0077 0 0 0 10
0.5363 -0.0047 0.0070 0 0 0 0
