0.5101 -0.0078 0.1365 0 0 0 -10
0.5121 -0.0087 0.1378 0 0 0 -10
0.5181 -0.0077 0.1380 0 0 0 -10
0.5242 -0.0076 0.1384 0 0 0 -10
0.5242 -0.0076 0.1384 0 0 0 -10
0.5222 -0.0077 0.1410 0 0 0 -10
0.5202 -0.0076 0.1407 0 0 0 -10
0.5302 -0.0074 0.1372 0 0 0 -10
0.5040 -0.0071 0.1362 0 0 0 -10
0.5161 -0.0067 0.1370 0 0 0 -10
0.5161 -0.0067 0.1370 0 0 0 -10
0.5121 -0.0063 0.1359 0 0 0 -10
0.5202 -0.0060 0.1364 0 0 0 -10
0.5060 -0.0054 0.1348 0 0 0 -10
0.5040 -0.0056 0.1322 0 0 0 -10
0.5040 -0.0056 0.1322 0 0 0 -10
0.4980 -0.0056 0.1301 0 0 0 -10
0.5202 -0.0061 0.1284 0 0 0 -10
0.4960 -0.0065 0.1296 0 0 0 -10
0.4940 -0.0060 0.1289 0 0 0 -10
0.4798 -0.0061 0.1266 0 0 0 -10
0.5282 -0.0061 0.1228 0 0 0 -10
0.5282 -0.0061 0.1228 0 0 0 -10
0.4879 -0.0061 0.1208 0 0 0 -10
0.4919 -0.0064 0.1178 0 0 0 -10
0.4778 -0.0066 0.1134 0 0 0 -10
0.4879 -0.0068 0.1114 0 0 0 -10
0.4859 -0.0061 0.1084 0 0 0 -10
0.4859 -0.0061 0.1084 0 0 0 -10
0.5020 -0.0049 0.1049 0 0 0 -10
0.5081 -0.0042 0.1019 0 0 0 -10
0.5101 -0.0042 0.0987 0 0 0 -10
0.4819 -0.0043 0.0947 0 0 0 -10
0.4819 -0.0047 0.0919 0 0 0 -10
0.4899 -0.0047 0.0919 0 0 0 -10
0.4899 -0.0049 0.0907 0 0 0 -10
0.4778 -0.0049 0.0902 0 0 0 -10
0.4859 -0.0047 0.0890 0 0 0 -10
0.5081 -0.0046 0.0838 0 0 0 -10
0.5081 -0.0046 0.0838 0 0 0 -10
0.5081 -0.0053 0.0770 0 0 0 -10
0.4919 -0.0056 0.0749 0 0 0 -10
0.4899 -0.0061 0.0719 0 0 0 -10
0.5121 -0.0059 0.0708 0 0 0 -10
0.5121 -0.0059 0.0708 0 0 0 -10
0.5202 -0.0054 0.0718 0 0 0 -10
0.5060 -0.0052 0.0701 0 0 0 -10
0.5101 -0.0054 0.0684 0 0 0 0
0.5060 -0.0049 0.0496 0 0 0 -10
0.5020 -0.0039 0.0489 0 0 0 -10
0.4879 -0.0041 0.0501 0 0 0 0
0.4960 -0.0053 0.0473 0 0 0 -10
0.4798 -0.0044 0.0430 0 0 0 -10
0.4980 -0.0044 0.0430 0 0 0 0
0.4839 -0.0042 0.0487 0 0 0 -10
0.4738 -0.0040 0.0519 0 0 0 -10
0.4919 -0.0042 0.0495 0 0 0 0
0.5081 -0.0046 0.0465 0 0 0 -10
0.5121 -0.0049 0.0401 0 0 0 -10
0.5000 -0.0049 0.0390 0 0 0 0
0.5040 -0.0046 0.0374 0 0 0 -10
0.5081 -0.0037 0.0320 0 0 0 0
0.5060 -0.0050 0.0342 0 0 0 -10
0.5202 -0.0047 0.0316 0 0 0 -10
0.5121 -0.0049 0.0297 0 0 0 0
0.5101 -0.0037 0.0263 0 0 0 0
0.5222 -0.0047 0.0159 0 0 0 0
0.4919 -0.0051 0.0120 0 0 0 0
0.5222 -0.0061 0.0074 0 0 0 0
0.5121 -0.0068 0.0087 0 0 0 0
0.5000 -0.0073 0.0010 0 0 0 -10
0.5060 -0.0075 0.0015 0 0 0 0
