0.9231 0.0082 0.2364 0 30 0 0
0.8205 0.0082 0.2364 0 30 0 0
0.9231 0.0080 0.2368 0 30 0 0
0.9231 0.0083 0.2370 0 30 0 0
0.8462 0.0083 0.2370 0 30 0 0
0.7949 0.0084 0.2375 0 30 0 0
0.7949 0.0084 0.2375 0 30 0 0
0.7949 0.0082 0.2369 0 30 0 0
0.8205 0.0082 0.2369 0 30 0 0
0.8205 0.0082 0.2369 0 30 0 0
0.8205 0.0082 0.2369 0 30 0 0
0.8205 0.0082 0.2369 0 30 0 0
0.8205 0.0082 0.2369 0 30 0 0
0.8205 0.0082 0.2369 0 30 0 0
0.8205 0.0082 0.2369 0 30 0 0
0.8205 0.0082 0.2369 0 30 0 0
0.8462 0.0083 0.2377 0 30 0 0
0.8462 0.0083 0.2377 0 30 0 0
0.8462 0.0083 0.2377 0 30 0 0
0.8205 0.0080 0.2354 0 30 0 0
0.8205 0.0076 0.2347 0 30 0 0
0.9231 0.0076 0.2347 0 30 0 0
0.8462 0.0072 0.2332 0 30 0 0
0.8462 0.0072 0.2332 0 30 0 0
0.8462 0.0072 0.2332 0 30 0 0
0.8462 0.0072 0.2332 0 30 0 0
0.8462 0.0072 0.2332 0 30 0 0
0.8462 0.0072 0.2332 0 30 0 0
0.8462 0.0072 0.2332 0 30 0 0
0.8462 0.0066 0.2328 0 30 0 0
0.8462 0.0066 0.2328 0 30 0 0
0.8462 0.0066 0.2328 0 30 0 0
0.8462 0.0066 0.2328 0 30 0 0
0.8462 0.0066 0.2328 0 30 0 0
0.8462 0.0066 0.2328 0 30 0 0
0.8718 0.0063 0.2331 0 30 0 0
0.8718 0.0063 0.2331 0 30 0 0
0.8718 0.0063 0.2331 0 30 0 0
0.8718 0.0063 0.2331 0 30 0 0
0.8718 0.0063 0.2331 0 30 0 0
0.8462 0.0063 0.2335 0 30 0 0
0.8462 0.0063 0.2335 0 30 0 0
0.8462 0.0063 0.2335 0 30 0 0
0.8462 0.0063 0.2335 0 30 0 0
0.8462 0.0063 0.2335 0 30 0 0
0.8462 0.0063 0.2335 0 30 0 0
0.8462 0.0063 0.2335 0 30 0 0
0.8462 0.0063 0.2335 0 30 0 0
0.7949 0.0065 0.2463 0 30 0 0
0.7949 0.0065 0.2463 0 30 0 0
0.7949 0.0065 0.2463 0 30 0 0
0.7949 0.0065 0.2463 0 30 0 0
0.8205 0.0069 0.2471 0 30 0 0
0.8205 0.0069 0.2471 0 30 0 0
0.8205 0.0069 0.2471 0 30 0 0
0.8205 0.0069 0.2471 0 30 0 0
0.8205 0.0069 0.2471 0 30 0 0
0.8205 0.0074 0.2617 0 30 0 0
0.8205 0.0074 0.2617 0 30 0 0
0.8205 0.0074 0.2617 0 30 0 0
0.8205 0.0074 0.2617 0 30 0 0
0.8205 0.0074 0.2617 0 30 0 0
0.8205 0.0074 0.2617 0 30 0 0
0.8205 0.0074 0.2617 0 30 0 0
0.8205 0.0074 0.2617 0 30 0 0
0.8205 0.0080 0.2614 0 30 0 0
0.8205 0.0080 0.2614 0 30 0 0
0.8205 0.0080 0.2614 0 30 0 0
0.8205 0.0080 0.2614 0 30 0 0
0.8205 0.0080 0.2614 0 30 0 0
0.8205 0.0086 0.2684 0 30 0 0
0.8205 0.0086 0.2684 0 30 0 0
0.8205 0.0086 0.2684 0 30 0 0
0.8205 0.0086 0.2684 0 30 0 0
0.8205 0.0086 0.2684 0 30 0 0
0.8205 0.0090 0.2676 0 30 0 0
0.8205 0.0090 0.2676 0 30 0 0
0.8205 0.0090 0.2676 0 30 0 0
0.8205 0.0090 0.2676 0 30 0 0
0.8205 0.0090 0.2676 0 30 0 0
0.8205 0.0090 0.2676 0 30 0 0
0.8205 0.0090 0.2676 0 30 0 0
0.8205 0.0090 0.2676 0 30 0 0
0.8205 0.0090 0.2676 0 30 0 0
0.8205 0.0089 0.2617 0 30 0 0
0.8205 0.0089 0.2617 0 30 0 0
0.8205 0.0089 0.2617 0 30 0 0
0.8205 0.0089 0.2617 0 30 0 0
0.8205 0.0089 0.2617 0 30 0 0
0.8718 0.0086 0.2625 0 30 0 0
0.8718 0.0086 0.2625 0 30 0 0
0.8718 0.0086 0.2625 0 30 0 0
0.8718 0.0086 0.2625 0 30 0 0
0.8718 0.0086 0.2625 0 30 0 0
0.8718 0.0086 0.2625 0 30 0 0
0.8462 0.0083 0.2631 0 30 0 0
0.8462 0.0083 0.2631 0 30 0 0
0.8462 0.0083 0.2631 0 30 0 0
0.8462 0.0083 0.2631 0 30 0 0
0.8462 0.0083 0.2631 0 30 0 0
0.8462 0.0083 0.2631 0 30 0 0
0.8462 0.0083 0.2631 0 30 0 0
0.8462 0.0083 0.2631 0 30 0 0
0.7436 0.0078 0.2626 0 30 0 0
0.7436 0.0078 0.2626 0 30 0 0
0.7436 0.0078 0.2626 0 30 0 0
0.7436 0.0078 0.2626 0 30 0 0
0.7436 0.0078 0.2626 0 30 0 0
0.6923 0.0079 0.2630 0 30 0 0
0.6923 0.0079 0.2630 0 30 0 0
0.6923 0.0079 0.2630 0 30 0 0
0.6923 0.0079 0.2630 0 30 0 0
0.6923 0.0084 0.2617 0 30 0 0
0.7692 0.0084 0.2617 0 30 0 0
0.7692 0.0084 0.2617 0 30 0 0
0.7692 0.0084 0.2617 0 30 0 0
0.7692 0.0084 0.2617 0 30 0 0
0.7692 0.0084 0.2617 0 30 0 0
0.7692 0.0084 0.2617 0 30 0 0
0.7692 0.0084 0.2617 0 30 0 0
0.7692 0.0089 0.2624 0 30 0 0
0.7949 0.0089 0.2624 0 30 0 0
0.7949 0.0089 0.2624 0 30 0 0
0.7949 0.0089 0.2624 0 30 0 0
0.7949 0.0095 0.2629 0 30 0 0
0.7949 0.0095 0.2629 0 30 0 0
0.7949 0.0095 0.2629 0 30 0 0
0.7949 0.0095 0.2629 0 30 0 0
0.7949 0.0095 0.2629 0 30 0 0
0.7949 0.0095 0.2629 0 30 0 0
0.7436 0.0100 0.2642 0 30 0 0
0.7436 0.0100 0.2642 0 30 0 0
0.7436 0.0100 0.2642 0 30 0 0
0.7436 0.0100 0.2642 0 30 0 0
0.7436 0.0100 0.2642 0 30 0 0
0.7436 0.0100 0.2642 0 30 0 0
0.7436 0.0100 0.2642 0 30 0 0
0.7436 0.0100 0.2642 0 30 0 0
0.7436 0.0100 0.2642 0 30 0 0
0.7436 0.0106 0.2644 0 30 0 0
0.7436 0.0106 0.2644 0 30 0 0
0.7436 0.0106 0.2644 0 30 0 0
0.7436 0.0106 0.2644 0 30 0 0
0.7436 0.0106 0.2644 0 30 0 0
0.7436 0.0106 0.2644 0 30 0 0
0.7436 0.0105 0.2643 0 30 0 0
0.7436 0.0105 0.2643 0 30 0 0
0.7436 0.0105 0.2643 0 30 0 0
0.7436 0.0105 0.2643 0 30 0 0
0.7949 0.0103 0.2638 0 30 0 0
0.7949 0.0103 0.2638 0 30 0 0
0.7949 0.0103 0.2638 0 30 0 0
0.7949 0.0103 0.2638 0 30 0 0
0.7949 0.0103 0.2638 0 30 0 0
0.7949 0.0103 0.2638 0 30 0 0
0.7949 0.0103 0.2638 0 30 0 0
0.7949 0.0103 0.2638 0 30 0 0
0.7179 0.0099 0.2647 0 30 0 0
0.7179 0.0099 0.2647 0 30 0 0
0.7179 0.0099 0.2647 0 30 0 0
0.7179 0.0099 0.2647 0 30 0 0
0.7179 0.0099 0.2647 0 30 0 0
0.7179 0.0099 0.2631 0 30 0 0
0.7436 0.0099 0.2631 0 30 0 0
0.7436 0.0099 0.2631 0 30 0 0
0.7436 0.0099 0.2631 0 30 0 0
0.7436 0.0099 0.2631 0 30 0 0
0.7436 0.0101 0.2619 0 30 0 0
0.7692 0.0101 0.2619 0 30 0 0
0.7692 0.0101 0.2619 0 30 0 0
0.7692 0.0101 0.2619 0 30 0 0
0.7692 0.0101 0.2619 0 30 0 0
0.7692 0.0101 0.2619 0 30 0 0
0.7692 0.0101 0.2619 0 30 0 0
0.7692 0.0101 0.2619 0 30 0 0
0.7179 0.0105 0.2605 0 30 0 0
0.7179 0.0105 0.2605 0 30 0 0
0.7179 0.0105 0.2605 0 30 0 0
0.7179 0.0105 0.2605 0 30 0 0
0.7179 0.0105 0.2605 0 30 0 0
0.7692 0.0106 0.2590 0 30 0 0
0.7692 0.0106 0.2590 0 30 0 0
0.7692 0.0106 0.2590 0 30 0 0
0.7692 0.0106 0.2590 0 30 0 0
0.7692 0.0106 0.2590 0 30 0 0
0.7436 0.0104 0.2585 0 30 0 0
0.7436 0.0104 0.2585 0 30 0 0
0.7436 0.0104 0.2585 0 30 0 0
0.7436 0.0104 0.2585 0 30 0 0
0.7436 0.0104 0.2585 0 30 0 0
0.7436 0.0104 0.2585 0 30 0 0
0.7436 0.0104 0.2585 0 30 0 0
0.7436 0.0104 0.2585 0 30 0 0
0.7436 0.0098 0.2586 0 30 0 0
0.7436 0.0098 0.2586 0 30 0 0
0.7436 0.0098 0.2586 0 30 0 0
0.7436 0.0098 0.2586 0 30 0 0
0.7436 0.0098 0.2586 0 30 0 0
0.8205 0.0091 0.2591 0 30 0 0
0.8205 0.0091 0.2591 0 30 0 0
0.8205 0.0091 0.2591 0 30 0 0
0.8205 0.0091 0.2591 0 30 0 0
0.8205 0.0091 0.2591 0 30 0 0
0.8205 0.0091 0.2591 0 30 0 0
0.7179 0.0083 0.2607 0 30 0 0
0.7179 0.0083 0.2607 0 30 0 0
0.7179 0.0083 0.2607 0 30 0 0
0.7179 0.0083 0.2607 0 30 0 0
0.7179 0.0083 0.2607 0 30 0 0
0.7179 0.0083 0.2607 0 30 0 0
0.7179 0.0083 0.2607 0 30 0 0
0.7179 0.0083 0.2607 0 30 0 0
0.7692 0.0074 0.2604 0 30 0 0
0.7692 0.0074 0.2604 0 30 0 0
0.7692 0.0074 0.2604 0 30 0 0
0.7692 0.0074 0.2604 0 30 0 0
0.7692 0.0074 0.2604 0 30 0 0
0.7692 0.0068 0.2608 0 30 0 0
0.7436 0.0068 0.2608 0 30 0 0
0.7436 0.0068 0.2608 0 30 0 0
0.7436 0.0068 0.2608 0 30 0 0
0.7436 0.0068 0.2608 0 30 0 0
0.7949 0.0062 0.2610 0 30 0 0
0.7949 0.0062 0.2610 0 30 0 0
0.7949 0.0062 0.2610 0 30 0 0
0.7949 0.0062 0.2610 0 30 0 0
0.7949 0.0062 0.2610 0 30 0 0
0.7949 0.0062 0.2610 0 30 0 0
0.7949 0.0062 0.2610 0 30 0 0
0.7949 0.0062 0.2610 0 30 0 0
0.7949 0.0062 0.2610 0 30 0 0
0.7949 0.0058 0.2592 0 30 0 0
0.7949 0.0058 0.2592 0 30 0 0
0.7949 0.0058 0.2592 0 30 0 0
0.7949 0.0058 0.2592 0 30 0 0
0.7949 0.0058 0.2592 0 30 0 0
0.7949 0.0059 0.2599 0 30 0 0
0.7949 0.0059 0.2599 0 30 0 0
0.7949 0.0059 0.2599 0 30 0 0
0.7949 0.0059 0.2599 0 30 0 0
0.7949 0.0059 0.2599 0 30 0 0
0.7949 0.0060 0.2589 0 30 0 0
0.7949 0.0060 0.2589 0 30 0 0
0.7949 0.0060 0.2589 0 30 0 0
0.7949 0.0060 0.2589 0 30 0 0
0.7949 0.0060 0.2589 0 30 0 0
0.7949 0.0060 0.2589 0 30 0 0
0.7949 0.0060 0.2589 0 30 0 0
0.7949 0.0060 0.2589 0 30 0 0
0.8205 0.0058 -0.0780 0 30 0 0
0.8205 0.0058 -0.0780 0 30 0 0
0.8205 0.0058 -0.0780 0 30 0 0
0.8205 0.0058 -0.0780 0 30 0 0
0.8205 0.0058 -0.0780 0 30 0 0
0.8462 0.0055 -0.0775 0 30 0 0
0.8462 0.0055 -0.0775 0 30 0 0
0.8462 0.0055 -0.0775 0 30 0 0
0.8462 0.0055 -0.0775 0 30 0 0
0.8462 0.0055 -0.0775 0 30 0 0
0.8462 0.0055 -0.0775 0 30 0 0
0.7179 0.0054 -0.0760 0 30 0 0
0.7179 0.0054 -0.0760 0 30 0 0
0.7179 0.0054 -0.0760 0 30 0 0
0.7179 0.0054 -0.0760 0 30 0 0
0.7179 0.0054 -0.0760 0 30 0 0
0.7179 0.0054 -0.0760 0 30 0 0
0.7179 0.0054 -0.0760 0 30 0 0
0.7179 0.0054 -0.0760 0 30 0 0
0.7179 0.0052 -0.0743 0 30 0 0
0.7179 0.0052 -0.0743 0 30 0 0
0.7179 0.0052 -0.0743 0 30 0 0
0.7179 0.0052 -0.0743 0 30 0 0
0.7179 0.0053 -0.0741 0 30 0 0
0.8205 0.0053 -0.0741 0 30 0 0
0.8205 0.0053 -0.0741 0 30 0 0
0.8205 0.0053 -0.0741 0 30 0 0
0.8205 0.0053 -0.0741 0 30 0 0
0.8205 0.0053 -0.0741 0 30 0 0
0.8205 0.0053 -0.0774 0 30 0 0
0.7949 0.0053 -0.0774 0 30 0 0
0.7949 0.0053 -0.0774 0 30 0 0
0.7949 0.0053 -0.0774 0 30 0 0
0.7949 0.0053 -0.0774 0 30 0 0
0.7949 0.0053 -0.0774 0 30 0 0
0.7949 0.0053 -0.0774 0 30 0 0
0.7436 0.0053 -0.0787 0 30 0 0
0.7436 0.0053 -0.0787 0 30 0 0
0.7436 0.0053 -0.0787 0 30 0 0
0.7436 0.0053 -0.0787 0 30 0 0
0.7692 0.0050 -0.0776 0 30 0 0
0.7692 0.0050 -0.0776 0 30 0 0
0.7692 0.0050 -0.0776 0 30 0 0
0.7692 0.0050 -0.0776 0 30 0 0
0.7692 0.0050 -0.0776 0 30 0 0
0.7692 0.0050 -0.0776 0 30 0 0
0.7692 0.0050 -0.0776 0 30 0 0
0.7692 0.0050 -0.0776 0 30 0 0
0.7692 0.0050 -0.0776 0 30 0 0
0.7949 0.0045 -0.0758 0 30 0 0
0.7949 0.0045 -0.0758 0 30 0 0
0.7949 0.0045 -0.0758 0 30 0 0
0.7949 0.0045 -0.0758 0 30 0 0
0.7949 0.0045 -0.0758 0 30 0 0
0.7949 0.0045 -0.0758 0 30 0 0
0.7436 0.0037 -0.0751 0 30 0 0
0.7436 0.0037 -0.0751 0 30 0 0
0.7436 0.0037 -0.0751 0 30 0 0
0.7436 0.0037 -0.0751 0 30 0 0
0.7436 0.0037 -0.0751 0 30 0 0
0.7436 0.0037 -0.0751 0 30 0 0
0.7179 0.0031 -0.0710 0 30 0 0
0.7179 0.0031 -0.0710 0 30 0 0
0.7179 0.0031 -0.0710 0 30 0 0
0.7179 0.0031 -0.0710 0 30 0 0
0.7179 0.0031 -0.0710 0 30 0 0
0.7179 0.0031 -0.0710 0 30 0 0
0.7179 0.0031 -0.0710 0 30 0 0
0.7692 0.0026 -0.0680 0 30 0 0
0.7692 0.0026 -0.0680 0 30 0 0
0.7692 0.0026 -0.0680 0 30 0 0
0.7692 0.0026 -0.0680 0 30 0 0
0.7692 0.0026 -0.0680 0 30 0 0
0.7692 0.0026 -0.0680 0 30 0 0
0.7692 0.0025 0.3111 0 30 0 0
0.8205 0.0025 0.3111 0 30 0 0
0.8205 0.0025 0.3111 0 30 0 0
0.8205 0.0025 0.3111 0 30 0 0
0.8205 0.0025 0.3111 0 30 0 0
0.8205 0.0026 0.3096 0 30 0 0
0.7179 0.0026 0.3096 0 30 0 0
0.7179 0.0026 0.3096 0 30 0 0
0.7179 0.0026 0.3096 0 30 0 0
0.7179 0.0026 0.3096 0 30 0 0
0.7179 0.0026 0.3096 0 30 0 0
0.7179 0.0026 0.3096 0 30 0 0
0.7179 0.0026 0.3096 0 30 0 0
0.7179 0.0027 0.3113 0 30 0 0
0.7179 0.0027 0.3113 0 30 0 0
0.7179 0.0027 0.3113 0 30 0 0
0.7179 0.0027 0.3113 0 30 0 0
0.7179 0.0027 0.3113 0 30 0 0
0.7179 0.0027 0.3113 0 30 0 0
0.6923 0.0027 0.3132 0 30 0 0
0.6923 0.0027 0.3132 0 30 0 0
0.6923 0.0027 0.3132 0 30 0 0
0.6923 0.0027 0.3132 0 30 0 0
0.6923 0.0027 0.3132 0 30 0 0
0.7436 0.0029 0.3066 0 30 0 0
0.7436 0.0029 0.3066 0 30 0 0
0.7436 0.0029 0.3066 0 30 0 0
0.7436 0.0029 0.3066 0 30 0 0
0.7436 0.0029 0.3066 0 30 0 0
0.7436 0.0029 0.3066 0 30 0 0
0.7436 0.0029 0.3066 0 30 0 0
0.7436 0.0029 0.3066 0 30 0 0
0.7949 0.0030 0.2976 0 30 0 0
0.7949 0.0030 0.2976 0 0 0 0
0.7949 0.0048 0.2837 0 30 0 0
0.7949 0.0048 0.2837 0 30 0 0
0.7436 0.0069 0.2811 0 30 0 0
0.7436 0.0088 0.2807 0 30 0 0
0.7949 0.0088 0.2807 0 30 0 0
0.7949 0.0103 0.2939 0 30 0 0
0.7179 0.0111 0.2946 0 30 0 0
0.7436 0.0111 0.2946 0 30 0 0
0.6923 0.0105 0.2993 0 30 0 0
0.6923 0.0105 0.2993 0 30 0 0
0.6923 0.0105 0.2993 0 30 0 0
0.6923 0.0105 0.2993 0 30 0 0
0.7436 0.0100 0.2875 0 30 0 0
0.7436 0.0100 0.2875 0 30 0 0
0.7436 0.0100 0.2875 0 30 0 0
0.7436 0.0100 0.2875 0 30 0 0
0.7436 0.0100 0.2875 0 30 0 0
0.7436 0.0100 0.2875 0 30 0 0
0.7692 0.0098 0.2836 0 30 0 0
0.7692 0.0098 0.2836 0 30 0 0
0.7692 0.0098 0.2836 0 30 0 0
0.7692 0.0098 0.2836 0 30 0 0
0.8205 0.0094 0.2871 0 30 0 0
0.8205 0.0094 0.2871 0 30 0 0
0.8205 0.0094 0.2871 0 30 0 0
0.8205 0.0094 0.2871 0 30 0 0
0.8205 0.0094 0.2871 0 30 0 0
0.8205 0.0094 0.2871 0 30 0 0
0.8205 0.0094 0.2871 0 30 0 0
0.8205 0.0094 0.2871 0 30 0 0
0.8205 0.0094 0.2871 0 30 0 0
0.6923 0.0084 0.2973 0 30 0 0
0.6923 0.0084 0.2973 0 30 0 0
0.6923 0.0084 0.2973 0 30 0 0
0.6923 0.0084 0.2973 0 30 0 0
0.6923 0.0084 0.2973 0 30 0 0
0.6923 0.0084 0.2973 0 30 0 0
0.7179 0.0078 0.2971 0 30 0 0
0.7179 0.0078 0.2971 0 0 0 0
0.8462 0.0080 0.3078 0 30 0 0
0.7179 0.0089 0.3071 0 30 0 0
0.7179 0.0095 0.3032 0 30 0 0
0.7179 0.0103 -0.0345 0 30 0 0
0.7692 0.0103 -0.0357 0 30 0 0
0.7436 0.0103 -0.0357 0 30 0 0
0.7436 0.0103 -0.0357 0 30 0 0
0.7436 0.0103 -0.0357 0 30 0 0
0.7436 0.0102 -0.0372 0 30 0 0
0.7436 0.0102 -0.0372 0 30 0 0
0.7436 0.0101 -0.0376 0 30 0 0
0.7436 0.0101 -0.0376 0 30 0 0
0.8205 0.0100 -0.0364 0 30 0 0
0.8205 0.0100 -0.0364 0 30 0 0
0.8205 0.0100 -0.0364 0 30 0 0
0.8205 0.0100 -0.0364 0 30 0 0
0.8205 0.0100 -0.0364 0 30 0 0
0.8205 0.0100 -0.0364 0 30 0 0
0.8205 0.0100 -0.0364 0 30 0 0
0.8205 0.0093 -0.0346 0 30 0 0
0.8205 0.0093 -0.0346 0 30 0 0
0.8205 0.0093 -0.0346 0 0 0 0
0.6410 0.0069 -0.0213 0 30 0 0
0.7436 0.0069 -0.0213 0 30 0 0
0.7692 0.0077 -0.0207 0 30 0 0
0.7692 0.0085 -0.0201 0 30 0 0
0.7179 0.0085 -0.0201 0 30 0 0
0.7179 0.0085 -0.0177 0 30 0 0
0.7179 0.0085 -0.0177 0 30 0 0
0.7179 0.0085 -0.0177 0 30 0 0
0.7179 0.0083 -0.0199 0 30 0 0
0.7179 0.0082 -0.0191 0 30 0 0
0.7949 0.0083 -0.0193 0 30 0 0
0.7949 0.0083 -0.0193 0 30 0 0
0.7949 0.0083 -0.0193 0 30 0 0
0.7949 0.0083 -0.0193 0 30 0 0
0.7949 0.0083 -0.0193 0 30 0 0
0.7949 0.0083 -0.0193 0 30 0 0
0.7436 0.0089 -0.0210 0 30 0 0
0.7436 0.0089 -0.0210 0 30 0 0
0.7436 0.0089 -0.0210 0 30 0 0
0.7436 0.0089 -0.0210 0 30 0 0
0.7436 0.0089 -0.0210 0 30 0 0
0.7436 0.0089 -0.0210 0 30 0 0
0.7436 0.0089 -0.0210 0 30 0 0
0.6923 0.0099 -0.0209 0 30 0 0
0.6923 0.0099 -0.0209 0 30 0 0
0.6923 0.0099 -0.0209 0 30 0 0
0.6923 0.0099 -0.0209 0 30 0 0
0.6923 0.0099 -0.0209 0 30 0 0
0.6923 0.0099 -0.0209 0 30 0 0
0.7692 0.0104 -0.0222 0 30 0 0
0.7692 0.0104 -0.0222 0 30 0 0
0.7692 0.0104 -0.0222 0 30 0 0
0.7692 0.0104 -0.0222 0 30 0 0
0.7692 0.0104 -0.0222 0 30 0 0
0.7692 0.0104 -0.0222 0 30 0 0
0.7692 0.0104 -0.0222 0 30 0 0
0.7692 0.0104 -0.0222 0 30 0 0
0.6667 0.0103 -0.0221 0 30 0 0
0.6667 0.0103 -0.0221 0 30 0 0
0.6667 0.0103 -0.0221 0 30 0 0
0.6667 0.0103 -0.0221 0 30 0 0
0.6667 0.0103 -0.0221 0 30 0 0
0.6667 0.0098 -0.0220 0 30 0 0
0.6667 0.0098 -0.0220 0 30 0 0
0.6667 0.0098 -0.0220 0 30 0 0
0.6667 0.0098 -0.0220 0 30 0 0
0.6667 0.0098 -0.0220 0 30 0 0
0.7949 0.0093 -0.0229 0 30 0 0
0.7949 0.0093 -0.0229 0 30 0 0
0.7949 0.0093 -0.0229 0 30 0 0
0.7949 0.0093 -0.0229 0 30 0 0
0.7949 0.0093 -0.0229 0 30 0 0
0.7949 0.0093 -0.0229 0 30 0 0
0.7949 0.0093 -0.0229 0 30 0 0
0.7692 0.0083 -0.0220 0 30 0 0
0.7692 0.0083 -0.0220 0 30 0 0
0.7692 0.0083 -0.0220 0 30 0 0
0.7692 0.0083 -0.0220 0 30 0 0
0.7692 0.0083 -0.0220 0 30 0 0
0.7692 0.0083 -0.0220 0 30 0 0
0.7692 0.0083 -0.0220 0 30 0 0
0.7179 0.0078 -0.0237 0 30 0 0
0.7179 0.0078 -0.0237 0 30 0 0
0.7179 0.0078 -0.0237 0 30 0 0
0.7179 0.0078 -0.0237 0 30 0 0
0.7179 0.0078 -0.0237 0 30 0 0
0.7179 0.0078 -0.0237 0 30 0 0
0.7179 0.0078 -0.0237 0 30 0 0
0.7179 0.0078 -0.0237 0 30 0 0
0.7179 0.0078 -0.0237 0 30 0 0
0.7179 0.0078 -0.0237 0 30 0 0
0.7179 0.0078 -0.0237 0 30 0 0
0.7179 0.0078 -0.0237 0 30 0 0
0.7179 0.0078 -0.0237 0 30 0 0
0.7179 0.0078 -0.0237 0 30 0 0
0.7179 0.0078 -0.0237 0 30 0 0
0.7179 0.0078 -0.0237 0 30 0 0
0.7179 0.0078 -0.0237 0 30 0 0
0.7179 0.0078 -0.0237 0 30 0 0
0.7179 0.0078 -0.0237 0 30 0 0
0.7436 0.0073 -0.0232 0 30 0 0
0.7436 0.0069 -0.0239 0 30 0 0
0.6667 0.0069 -0.0239 0 30 0 0
0.6667 0.0064 -0.0239 0 30 0 0
0.6667 0.0064 -0.0239 0 30 0 0
0.6667 0.0064 -0.0239 0 30 0 0
0.6667 0.0064 -0.0239 0 30 0 0
0.7436 0.0061 -0.0254 0 30 0 0
0.7436 0.0061 -0.0254 0 30 0 0
0.7436 0.0061 -0.0254 0 30 0 0
0.7436 0.0061 -0.0254 0 30 0 0
0.7436 0.0061 -0.0254 0 30 0 0
0.7436 0.0061 -0.0254 0 30 0 0
0.7436 0.0059 -0.0244 0 30 0 0
0.7436 0.0059 -0.0244 0 30 0 0
0.7436 0.0059 -0.0244 0 30 0 0
0.7436 0.0059 -0.0244 0 30 0 0
0.7436 0.0059 -0.0244 0 30 0 0
0.7436 0.0055 -0.0240 0 30 0 0
0.7179 0.0055 -0.0240 0 30 0 0
0.7179 0.0055 -0.0240 0 30 0 0
0.7179 0.0055 -0.0240 0 30 0 0
0.7179 0.0055 -0.0240 0 30 0 0
0.7179 0.0055 -0.0240 0 30 0 0
0.7179 0.0055 -0.0240 0 30 0 0
0.7949 0.0053 -0.0247 0 30 0 0
0.7949 0.0053 -0.0247 0 30 0 0
0.7949 0.0053 -0.0247 0 30 0 0
0.7949 0.0053 -0.0247 0 30 0 0
0.7949 0.0053 -0.0247 0 30 0 0
0.7949 0.0053 -0.0247 0 30 0 0
0.7949 0.0053 -0.0247 0 30 0 0
0.7949 0.0053 -0.0247 0 30 0 0
0.7949 0.0053 -0.0247 0 30 0 0
0.7949 0.0053 -0.0247 0 30 0 0
0.7949 0.0053 -0.0247 0 30 0 0
0.7949 0.0053 -0.0247 0 30 0 0
0.7949 0.0053 -0.0247 0 30 0 0
0.7949 0.0053 -0.0247 0 30 0 0
0.7949 0.0053 -0.0247 0 30 0 0
0.7949 0.0053 -0.0247 0 30 0 0
0.7949 0.0053 -0.0247 0 30 0 0
0.7949 0.0053 -0.0247 0 30 0 0
0.7949 0.0053 -0.0247 0 30 0 0
0.7949 0.0055 -0.0265 0 30 0 0
0.7436 0.0058 -0.0257 0 30 0 0
0.7436 0.0058 -0.0257 0 30 0 0
0.7436 0.0059 -0.0244 0 30 0 0
0.7436 0.0059 -0.0244 0 30 0 0
0.7436 0.0059 -0.0244 0 30 0 0
0.7179 0.0056 -0.0251 0 30 0 0
0.7179 0.0056 -0.0251 0 30 0 0
0.7179 0.0056 -0.0251 0 30 0 0
0.7179 0.0056 -0.0251 0 30 0 0
0.7179 0.0056 -0.0251 0 30 0 0
0.7179 0.0056 -0.0251 0 30 0 0
0.7179 0.0056 -0.0251 0 30 0 0
0.6923 0.0053 -0.0227 0 30 0 0
0.6923 0.0053 -0.0227 0 30 0 0
0.6923 0.0053 -0.0227 0 30 0 0
0.6923 0.0053 -0.0227 0 30 0 0
0.6923 0.0053 -0.0227 0 30 0 0
0.6923 0.0049 -0.0218 0 30 0 0
0.6667 0.0049 -0.0218 0 30 0 0
0.6667 0.0049 -0.0218 0 30 0 0
0.6667 0.0049 -0.0218 0 30 0 0
0.6667 0.0049 -0.0218 0 30 0 0
0.6667 0.0049 -0.0218 0 30 0 0
0.6667 0.0049 -0.0218 0 30 0 0
0.6667 0.0049 -0.0218 0 30 0 0
0.6667 0.0049 -0.0218 0 30 0 0
0.7692 0.0051 -0.0219 0 30 0 0
0.7692 0.0051 -0.0219 0 30 0 0
0.7692 0.0051 -0.0219 0 30 0 0
0.7692 0.0051 -0.0219 0 30 0 0
0.7692 0.0051 -0.0219 0 30 0 0
0.7692 0.0051 -0.0219 0 30 0 0
0.7692 0.0055 -0.0193 0 30 0 0
0.7692 0.0055 -0.0193 0 30 0 0
0.7692 0.0055 -0.0193 0 30 0 0
0.7692 0.0055 -0.0193 0 30 0 0
0.7692 0.0055 -0.0193 0 30 0 0
0.7692 0.0055 -0.0193 0 30 0 0
0.7436 0.0058 -0.0196 0 30 0 0
0.7436 0.0058 -0.0196 0 30 0 0
0.7436 0.0058 -0.0196 0 30 0 0
0.7436 0.0058 -0.0196 0 30 0 0
0.7436 0.0058 -0.0196 0 30 0 0
0.7436 0.0058 -0.0196 0 30 0 0
0.7436 0.0058 -0.0196 0 30 0 0
0.7436 0.0060 -0.0219 0 30 0 0
0.7179 0.0060 -0.0219 0 30 0 0
0.7179 0.0060 -0.0219 0 30 0 0
0.7179 0.0060 -0.0219 0 30 0 0
0.7179 0.0060 -0.0219 0 30 0 0
0.7179 0.0060 -0.0219 0 30 0 0
0.7179 0.0059 -0.0224 0 30 0 0
0.7436 0.0059 -0.0224 0 30 0 0
0.7436 0.0059 -0.0224 0 30 0 0
0.7436 0.0059 -0.0224 0 30 0 0
0.7436 0.0059 -0.0224 0 30 0 0
0.7436 0.0059 -0.0224 0 30 0 0
0.7436 0.0059 -0.0224 0 30 0 0
0.7436 0.0059 -0.0224 0 30 0 0
0.7436 0.0059 -0.0224 0 30 0 0
0.7436 0.0059 -0.0224 0 30 0 0
0.7436 0.0059 -0.0224 0 30 0 0
0.7436 0.0059 -0.0224 0 30 0 0
0.7436 0.0059 -0.0224 0 30 0 0
0.7436 0.0055 -0.0240 0 30 0 0
0.6923 0.0055 -0.0240 0 30 0 0
0.7436 0.0051 -0.0225 0 30 0 0
0.7436 0.0051 -0.0225 0 30 0 0
0.7436 0.0051 -0.0225 0 30 0 0
0.7436 0.0051 -0.0225 0 30 0 0
0.7436 0.0051 -0.0225 0 30 0 0
0.7692 0.0047 -0.0205 0 30 0 0
0.7692 0.0047 -0.0205 0 30 0 0
0.7692 0.0047 -0.0205 0 30 0 0
0.7692 0.0047 -0.0205 0 30 0 0
0.7692 0.0047 -0.0205 0 30 0 0
0.7692 0.0047 -0.0205 0 30 0 0
0.7436 0.0047 -0.0196 0 30 0 0
0.7436 0.0047 -0.0196 0 30 0 0
0.7436 0.0047 -0.0196 0 30 0 0
0.7436 0.0047 -0.0196 0 30 0 0
0.7436 0.0047 -0.0196 0 30 0 0
0.7436 0.0047 -0.0196 0 30 0 0
0.7436 0.0047 -0.0196 0 30 0 0
0.7179 0.0052 -0.0221 0 30 0 0
0.7179 0.0052 -0.0221 0 30 0 0
0.7179 0.0052 -0.0221 0 30 0 0
0.7179 0.0052 -0.0221 0 30 0 0
0.7179 0.0052 -0.0221 0 30 0 0
0.7179 0.0052 -0.0221 0 30 0 0
0.7436 0.0056 -0.0227 0 30 0 0
0.7436 0.0056 -0.0227 0 30 0 0
0.7436 0.0056 -0.0227 0 30 0 0
0.7436 0.0056 -0.0227 0 30 0 0
0.7436 0.0056 -0.0227 0 30 0 0
0.7436 0.0056 -0.0227 0 30 0 0
0.6923 0.0058 -0.0211 0 30 0 0
0.6923 0.0058 -0.0211 0 30 0 0
0.6923 0.0058 -0.0211 0 30 0 0
0.6923 0.0058 -0.0211 0 30 0 0
0.6923 0.0058 -0.0211 0 30 0 0
0.6923 0.0058 -0.0211 0 30 0 0
0.6923 0.0058 -0.0211 0 30 0 0
0.6923 0.0058 -0.0211 0 30 0 0
0.6923 0.0058 -0.0211 0 30 0 0
0.7436 0.0060 0.3615 0 30 0 0
0.7436 0.0060 0.3615 0 30 0 0
0.7436 0.0060 0.3615 0 30 0 0
0.7436 0.0060 0.3615 0 30 0 0
0.7436 0.0060 0.3615 0 30 0 0
0.7436 0.0060 0.3615 0 30 0 0
0.7436 0.0060 0.3615 0 30 0 0
0.7436 0.0060 0.3615 0 0 0 0
0.6410 0.0160 0.3635 0 30 0 0
0.6923 0.0160 0.3635 0 30 0 0
0.7179 0.0147 0.3641 0 30 0 0
0.7179 0.0141 0.3640 0 30 0 0
0.7436 0.0141 0.3640 0 30 0 0
0.6667 0.0133 0.3608 0 30 0 0
0.6923 0.0129 0.3550 0 30 0 0
0.6923 0.0129 0.3550 0 30 0 0
0.6923 0.0129 0.3550 0 30 0 0
0.6923 0.0129 0.3550 0 30 0 0
0.6923 0.0124 0.3544 0 30 0 0
0.6923 0.0118 0.3538 0 30 0 0
0.7179 0.0118 0.3538 0 30 0 0
0.7179 0.0118 0.3538 0 30 0 0
0.7179 0.0118 0.3538 0 30 0 0
0.7949 0.0116 0.3521 0 30 0 0
0.7949 0.0116 0.3521 0 30 0 0
0.7949 0.0116 0.3521 0 30 0 0
0.7949 0.0116 0.3521 0 30 0 0
0.7949 0.0116 0.3521 0 30 0 0
0.7949 0.0116 0.3521 0 30 0 0
0.7949 0.0116 0.3521 0 30 0 0
0.7949 0.0116 0.3521 0 30 0 0
0.6667 0.0116 0.3530 0 30 0 0
0.6667 0.0116 0.3530 0 30 0 0
0.6667 0.0116 0.3530 0 30 0 0
0.6667 0.0116 0.3530 0 0 0 0
0.7692 0.0106 0.3507 0 30 0 0
0.7692 0.0087 0.3468 0 30 0 0
0.7692 0.0087 0.3468 0 30 0 0
0.7692 0.0075 0.3456 0 30 0 0
0.7436 0.0075 0.3456 0 30 0 0
0.7436 0.0072 0.3441 0 30 0 0
0.7692 0.0072 0.3441 0 30 0 0
0.7692 0.0072 0.3441 0 30 0 0
0.7692 0.0072 0.3441 0 30 0 0
0.7692 0.0072 0.3441 0 30 0 0
0.7692 0.0072 0.3441 0 30 0 0
0.7179 0.0087 0.3447 0 30 0 0
0.7179 0.0087 0.3447 0 30 0 0
0.7179 0.0087 0.3447 0 30 0 0
0.7179 0.0087 0.3447 0 30 0 0
0.7179 0.0087 0.3447 0 0 0 0
0.7436 0.0087 0.3559 0 30 0 0
0.6667 0.0094 0.3554 0 30 0 0
0.7179 0.0105 0.3551 0 30 0 0
0.7179 0.0105 0.3551 0 30 0 0
0.7179 0.0116 0.3535 0 30 0 0
0.7179 0.0127 0.3546 0 30 0 0
0.7179 0.0127 0.3546 0 30 0 0
0.7179 0.0139 0.3568 0 30 0 0
0.7179 0.0139 0.3568 0 30 0 0
0.7179 0.0139 0.3568 0 30 0 0
0.7179 0.0139 0.3568 0 30 0 0
0.7179 0.0139 0.3568 0 30 0 0
0.7179 0.0139 0.3568 0 30 0 0
0.7692 0.0146 0.3519 0 30 0 0
0.7692 0.0146 0.3519 0 30 0 0
0.7692 0.0146 0.3519 0 30 0 0
0.7692 0.0146 0.3519 0 30 0 0
0.7692 0.0146 0.3519 0 30 0 0
0.7692 0.0150 0.3505 0 30 0 0
0.6923 0.0150 0.3505 0 0 0 0
0.6923 0.0134 0.3537 0 30 0 0
0.6923 0.0134 0.3537 0 30 0 0
0.7179 0.0131 0.3570 0 30 0 0
0.7179 0.0133 0.3564 0 30 0 0
0.6667 0.0133 0.3564 0 30 0 0
0.6667 0.0137 0.3561 0 30 0 0
0.7436 0.0137 0.3561 0 30 0 0
0.7436 0.0137 0.3561 0 30 0 0
0.7436 0.0137 0.3561 0 30 0 0
0.7436 0.0137 0.3561 0 30 0 0
0.7436 0.0133 0.3578 0 30 0 0
0.7692 0.0133 0.3578 0 30 0 0
0.7692 0.0133 0.3578 0 30 0 0
0.7692 0.0133 0.3578 0 30 0 0
0.7692 0.0133 0.3578 0 30 0 0
0.7692 0.0133 0.3578 0 30 0 0
0.7692 0.0125 0.3581 0 30 0 0
0.8205 0.0125 0.3581 0 30 0 0
0.8205 0.0125 0.3581 0 30 0 0
0.8205 0.0125 0.3581 0 30 0 0
0.8205 0.0125 0.3581 0 30 0 0
0.7949 0.0119 0.3565 0 30 0 0
0.7949 0.0119 0.3565 0 30 0 0
0.7949 0.0119 0.3565 0 30 0 0
0.7949 0.0119 0.3565 0 30 0 0
0.7949 0.0119 0.3565 0 30 0 0
0.7949 0.0119 0.3565 0 30 0 0
0.7949 0.0119 0.3565 0 30 0 0
0.7949 0.0119 0.3565 0 30 0 0
0.7949 0.0119 0.3565 0 30 0 0
0.7949 0.0108 0.3580 0 30 0 0
0.7949 0.0108 0.3580 0 30 0 0
0.7949 0.0108 0.3580 0 0 0 0
0.8718 0.0109 0.3524 0 30 0 0
0.7692 0.0109 0.3524 0 30 0 0
0.7692 0.0121 0.3400 0 30 0 0
0.8462 0.0121 0.3400 0 30 0 0
0.8462 0.0121 0.3400 0 30 0 0
0.7692 0.0131 0.3411 0 30 0 0
0.7692 0.0131 0.3411 0 30 0 0
0.7692 0.0134 0.3344 0 30 0 0
0.8205 0.0134 0.3344 0 30 0 0
0.8205 0.0134 0.3344 0 30 0 0
0.8205 0.0134 0.3344 0 30 0 0
0.8205 0.0134 0.3344 0 30 0 0
0.8205 0.0134 0.3344 0 30 0 0
0.8205 0.0134 0.3344 0 30 0 0
0.8205 0.0134 0.3344 0 30 0 0
0.8205 0.0134 0.3344 0 30 0 0
0.7436 0.0136 0.3323 0 30 0 0
0.7436 0.0136 0.3323 0 30 0 0
0.7436 0.0136 0.3323 0 30 0 0
0.7436 0.0136 0.3323 0 30 0 0
0.7436 0.0136 0.3323 0 30 0 0
0.7436 0.0136 0.3323 0 30 0 0
0.8205 0.0134 0.3292 0 30 0 0
0.8205 0.0134 0.3292 0 30 0 0
0.8205 0.0134 0.3292 0 30 0 0
0.8205 0.0134 0.3292 0 30 0 0
0.8205 0.0134 0.3292 0 30 0 0
0.8205 0.0134 0.3292 0 30 0 0
0.7179 0.0129 0.3308 0 30 0 0
0.7179 0.0129 0.3308 0 30 0 0
0.7179 0.0129 0.3308 0 30 0 0
0.7179 0.0129 0.3308 0 30 0 0
0.7179 0.0129 0.3308 0 30 0 0
0.7179 0.0129 0.3308 0 30 0 0
0.7179 0.0129 0.3308 0 30 0 0
0.7179 0.0129 0.3308 0 30 0 0
0.7179 0.0129 0.3308 0 30 0 0
0.7179 0.0129 0.3308 0 30 0 0
0.7179 0.0129 0.3308 0 30 0 0
0.7179 0.0129 0.3308 0 30 0 0
0.7179 0.0129 0.3308 0 30 0 0
0.7179 0.0129 0.3308 0 30 0 0
0.7179 0.0129 0.3308 0 30 0 0
0.7179 0.0129 0.3308 0 30 0 0
0.7179 0.0122 0.3313 0 30 0 0
0.7949 0.0122 0.3313 0 30 0 0
0.7436 0.0119 0.3280 0 30 0 0
0.7436 0.0119 0.3280 0 30 0 0
0.6667 0.0119 0.3293 0 30 0 0
0.6667 0.0119 0.3293 0 30 0 0
0.6667 0.0119 0.3293 0 30 0 0
0.6667 0.0119 0.3293 0 30 0 0
0.6667 0.0119 0.3293 0 30 0 0
0.6667 0.0119 0.3293 0 30 0 0
0.7179 0.0114 0.3294 0 30 0 0
0.7179 0.0114 0.3294 0 30 0 0
0.7179 0.0114 0.3294 0 30 0 0
0.7179 0.0114 0.3294 0 30 0 0
0.7179 0.0114 0.3294 0 30 0 0
0.7179 0.0114 0.3294 0 30 0 0
0.7179 0.0114 0.3294 0 30 0 0
0.6923 0.0110 0.3284 0 30 0 0
0.6923 0.0110 0.3284 0 30 0 0
0.6923 0.0110 0.3284 0 30 0 0
0.6923 0.0110 0.3284 0 30 0 0
0.6923 0.0110 0.3284 0 30 0 0
0.6923 0.0110 0.3284 0 30 0 0
0.7436 0.0107 0.3254 0 30 0 0
0.7436 0.0107 0.3254 0 30 0 0
0.7436 0.0107 0.3254 0 30 0 0
0.7436 0.0107 0.3254 0 30 0 0
0.7436 0.0107 0.3254 0 30 0 0
0.7436 0.0107 0.3254 0 30 0 0
0.7436 0.0107 0.3254 0 30 0 0
0.7436 0.0107 0.3254 0 30 0 0
0.7436 0.0107 0.3254 0 30 0 0
0.7436 0.0107 0.3254 0 30 0 0
0.7436 0.0107 0.3254 0 30 0 0
0.7436 0.0107 0.3254 0 30 0 0
0.7436 0.0107 0.3254 0 30 0 0
0.7436 0.0107 0.3254 0 30 0 0
0.7436 0.0107 0.3254 0 30 0 0
0.7436 0.0101 0.3254 0 30 0 0
0.7179 0.0101 0.3254 0 30 0 0
0.7179 0.0101 0.3254 0 30 0 0
0.7179 0.0101 0.3254 0 30 0 0
0.7179 0.0101 0.3254 0 30 0 0
0.7179 0.0101 0.3254 0 30 0 0
0.6923 0.0096 0.3275 0 30 0 0
0.6923 0.0092 0.3295 0 30 0 0
0.6667 0.0092 0.3295 0 30 0 0
0.6667 0.0092 0.3295 0 30 0 0
0.6667 0.0092 0.3295 0 30 0 0
0.6667 0.0092 0.3295 0 30 0 0
0.6667 0.0092 0.3295 0 30 0 0
0.7179 0.0090 0.3263 0 30 0 0
0.7179 0.0090 0.3263 0 30 0 0
0.7179 0.0090 0.3263 0 30 0 0
0.7179 0.0090 0.3263 0 30 0 0
0.7179 0.0090 0.3263 0 30 0 0
0.7179 0.0090 0.3263 0 30 0 0
0.7179 0.0087 0.3284 0 30 0 0
0.6410 0.0087 0.3284 0 30 0 0
0.6410 0.0087 0.3284 0 30 0 0
0.6410 0.0087 0.3284 0 30 0 0
0.6410 0.0087 0.3284 0 30 0 0
0.6410 0.0087 0.3284 0 30 0 0
0.6667 0.0082 0.3296 0 30 0 0
0.6667 0.0082 0.3296 0 30 0 0
0.6667 0.0082 0.3296 0 30 0 0
0.6667 0.0082 0.3296 0 30 0 0
0.6667 0.0082 0.3296 0 30 0 0
0.6667 0.0082 0.3296 0 30 0 0
0.6667 0.0082 0.3296 0 30 0 0
0.6667 0.0078 0.3285 0 30 0 0
0.6154 0.0078 0.3285 0 30 0 0
0.6154 0.0078 0.3285 0 30 0 0
0.6154 0.0078 0.3285 0 30 0 0
0.6154 0.0078 0.3285 0 30 0 0
0.6154 0.0078 0.3285 0 30 0 0
0.6154 0.0078 0.3285 0 30 0 0
0.6154 0.0078 0.3285 0 30 0 0
0.6154 0.0078 0.3285 0 30 0 0
0.6154 0.0078 0.3285 0 30 0 0
0.6154 0.0078 0.3285 0 30 0 0
0.6154 0.0078 0.3285 0 30 0 0
0.6154 0.0078 0.3285 0 30 0 0
0.6154 0.0078 0.3285 0 30 0 0
0.6154 0.0078 0.3285 0 30 0 0
0.6154 0.0078 0.3285 0 30 0 0
0.6154 0.0078 0.3285 0 30 0 0
0.6154 0.0078 0.3285 0 30 0 0
0.6154 0.0078 0.3285 0 30 0 0
0.7949 0.0078 0.3302 0 30 0 0
0.7949 0.0078 0.3302 0 30 0 0
0.7179 0.0078 0.3291 0 30 0 0
0.7179 0.0078 0.3291 0 30 0 0
0.7692 0.0082 0.3286 0 30 0 0
0.7692 0.0082 0.3286 0 30 0 0
0.7692 0.0082 0.3286 0 30 0 0
0.7692 0.0082 0.3286 0 30 0 0
0.7692 0.0082 0.3286 0 30 0 0
0.6667 0.0083 0.3275 0 30 0 0
0.6667 0.0083 0.3275 0 30 0 0
0.6667 0.0083 0.3275 0 30 0 0
0.6667 0.0083 0.3275 0 30 0 0
0.6667 0.0083 0.3275 0 30 0 0
0.6154 0.0079 0.3274 0 30 0 0
0.6154 0.0079 0.3274 0 30 0 0
0.6154 0.0079 0.3274 0 30 0 0
0.6154 0.0079 0.3274 0 30 0 0
0.6154 0.0079 0.3274 0 30 0 0
0.6154 0.0079 0.3274 0 30 0 0
0.6154 0.0079 0.3274 0 30 0 0
0.6154 0.0079 0.3274 0 30 0 0
0.6667 0.0076 0.3258 0 30 0 0
0.6667 0.0076 0.3258 0 30 0 0
0.6667 0.0076 0.3258 0 30 0 0
0.6667 0.0076 0.3258 0 30 0 0
0.6667 0.0076 0.3258 0 30 0 0
0.6667 0.0076 0.3258 0 30 0 0
0.7179 0.0076 0.3260 0 30 0 0
0.7179 0.0076 0.3260 0 30 0 0
0.7179 0.0076 0.3260 0 30 0 0
0.7179 0.0076 0.3260 0 30 0 0
0.7179 0.0076 0.3260 0 30 0 0
0.7179 0.0076 0.3260 0 30 0 0
0.6923 0.0077 0.3282 0 30 0 0
0.6923 0.0077 0.3282 0 30 0 0
0.6923 0.0077 0.3282 0 30 0 0
0.6923 0.0077 0.3282 0 30 0 0
0.6923 0.0077 0.3282 0 30 0 0
0.6923 0.0077 0.3282 0 30 0 0
0.6923 0.0077 0.3282 0 30 0 0
0.6923 0.0080 0.3269 0 30 0 0
0.6667 0.0080 0.3269 0 30 0 0
0.6667 0.0080 0.3269 0 30 0 0
0.6667 0.0080 0.3269 0 30 0 0
0.6667 0.0080 0.3269 0 30 0 0
0.6667 0.0080 0.3269 0 30 0 0
0.6667 0.0080 0.3269 0 30 0 0
0.6667 0.0085 0.3256 0 30 0 0
0.6410 0.0085 0.3256 0 30 0 0
0.6410 0.0085 0.3256 0 30 0 0
0.6410 0.0085 0.3256 0 30 0 0
0.6410 0.0085 0.3256 0 30 0 0
0.7436 0.0089 0.3225 0 30 0 0
0.7436 0.0089 0.3225 0 30 0 0
0.7436 0.0089 0.3225 0 30 0 0
0.7436 0.0089 0.3225 0 30 0 0
0.7436 0.0089 0.3225 0 30 0 0
0.7436 0.0089 0.3225 0 30 0 0
0.7436 0.0089 0.3225 0 30 0 0
0.7436 0.0089 0.3225 0 30 0 0
0.7436 0.0089 0.3225 0 30 0 0
0.6667 0.0087 0.3198 0 30 0 0
0.6667 0.0087 0.3198 0 30 0 0
0.6667 0.0087 0.3198 0 30 0 0
0.6667 0.0087 0.3198 0 30 0 0
0.6667 0.0087 0.3198 0 30 0 0
0.6667 0.0087 0.3198 0 30 0 0
0.6667 0.0087 0.3198 0 30 0 0
0.6667 0.0087 0.3198 0 30 0 0
0.7949 0.0080 0.3201 0 30 0 0
0.7949 0.0080 0.3201 0 30 0 0
0.7949 0.0080 0.3201 0 30 0 0
0.7949 0.0080 0.3201 0 30 0 0
0.7949 0.0073 0.3190 0 30 0 0
0.6923 0.0073 0.3190 0 30 0 0
0.6923 0.0073 0.3190 0 30 0 0
0.6923 0.0073 0.3190 0 30 0 0
0.6923 0.0073 0.3190 0 30 0 0
0.6923 0.0073 0.3190 0 30 0 0
0.6923 0.0073 0.3190 0 30 0 0
0.6923 0.0073 0.3190 0 30 0 0
0.7949 0.0065 0.3223 0 30 0 0
0.7949 0.0065 0.3223 0 30 0 0
0.7949 0.0065 0.3223 0 30 0 0
0.7949 0.0065 0.3223 0 30 0 0
0.7949 0.0065 0.3223 0 30 0 0
0.7949 0.0065 0.3223 0 30 0 0
0.7949 0.0065 0.3223 0 30 0 0
0.7179 0.0060 0.3249 0 30 0 0
0.7179 0.0060 0.3249 0 30 0 0
0.7179 0.0060 0.3249 0 30 0 0
0.7179 0.0060 0.3249 0 30 0 0
0.6667 0.0057 0.3277 0 30 0 0
0.6667 0.0057 0.3277 0 30 0 0
0.6667 0.0057 0.3277 0 30 0 0
0.6667 0.0057 0.3277 0 30 0 0
0.6667 0.0057 0.3277 0 30 0 0
0.6667 0.0057 0.3277 0 0 0 0
0.7692 0.0052 0.3367 -30 0 0 0
0.7179 0.0054 0.3391 -30 0 0 0
0.7179 0.0054 0.3391 -30 0 0 0
0.6154 0.0061 0.3437 -30 0 0 0
0.6154 0.0061 0.3437 -30 0 0 0
0.7436 0.0069 0.3458 -30 0 0 0
0.7436 0.0069 0.3458 -30 0 0 0
0.6667 0.0087 0.3459 -30 0 0 0
0.6667 0.0087 0.3459 -30 0 0 0
0.6667 0.0087 0.3459 -30 0 0 0
0.6667 0.0087 0.3459 -30 0 0 0
0.6667 0.0087 0.3459 -30 0 0 0
0.6667 0.0087 0.3459 -30 0 0 0
0.6667 0.0087 0.3459 -30 0 0 0
0.7179 0.0119 0.3452 -30 0 0 0
0.7179 0.0119 0.3452 -30 0 0 0
0.7179 0.0119 0.3452 -30 0 0 0
0.7179 0.0119 0.3452 -30 0 0 0
0.7179 0.0119 0.3452 -30 0 0 0
0.7179 0.0119 0.3452 -30 0 0 0
0.7179 0.0119 0.3452 -30 0 0 0
0.6923 0.0145 0.3420 -30 0 0 0
0.6923 0.0145 0.3420 -30 0 0 0
0.6923 0.0145 0.3420 -30 0 0 0
0.6923 0.0145 0.3420 -30 0 0 0
0.6923 0.0145 0.3420 -30 0 0 0
0.6923 0.0145 0.3420 -30 0 0 0
0.6923 0.0145 0.3420 -30 0 0 0
0.6923 0.0145 0.3420 -30 0 0 0
0.6923 0.0145 0.3420 -30 0 0 0
0.7436 0.0163 0.3376 -30 0 0 0
0.7436 0.0163 0.3376 -30 0 0 0
0.7436 0.0163 0.3376 -30 0 0 0
0.7436 0.0163 0.3376 -30 0 0 0
0.7436 0.0163 0.3376 -30 0 0 0
0.7436 0.0165 0.3327 -30 0 0 0
0.7436 0.0165 0.3327 -30 0 0 0
0.7436 0.0165 0.3327 -30 0 0 0
0.7436 0.0165 0.3327 -30 0 0 0
0.7436 0.0165 0.3327 -30 0 0 0
0.7436 0.0157 0.3331 -30 0 0 0
0.7436 0.0157 0.3331 -30 0 0 0
0.7436 0.0157 0.3331 -30 0 0 0
0.7436 0.0157 0.3331 -30 0 0 0
0.7436 0.0157 0.3331 -30 0 0 0
0.7436 0.0157 0.3331 -30 0 0 0
0.7436 0.0157 0.3331 -30 0 0 0
0.6923 0.0147 0.3319 -30 0 0 0
0.6923 0.0147 0.3319 -30 0 0 0
0.6923 0.0147 0.3319 -30 0 0 0
0.6923 0.0147 0.3319 -30 0 0 0
0.6923 0.0147 0.3319 -30 0 0 0
0.6923 0.0147 0.3319 -30 0 0 0
0.6923 0.0147 0.3319 -30 0 0 0
0.6923 0.0146 0.3343 -30 0 0 0
0.7692 0.0146 0.3343 -30 0 0 0
0.7692 0.0146 0.3343 -30 0 0 0
0.7692 0.0146 0.3343 -30 0 0 0
0.7692 0.0146 0.3343 -30 0 0 0
0.7692 0.0146 0.3343 -30 0 0 0
0.7692 0.0153 0.3356 -30 0 0 0
0.7179 0.0153 0.3356 -30 0 0 0
0.7179 0.0153 0.3356 -30 0 0 0
0.7179 0.0153 0.3356 -30 0 0 0
0.7179 0.0153 0.3356 -30 0 0 0
0.7179 0.0153 0.3356 -30 0 0 0
0.7179 0.0153 0.3356 -30 0 0 0
0.7436 0.0166 0.3318 -30 0 0 0
0.7436 0.0166 0.3318 -30 0 0 0
0.7436 0.0166 0.3318 -30 0 0 0
0.7436 0.0166 0.3318 -30 0 0 0
0.7436 0.0166 0.3318 -30 0 0 0
0.6667 0.0177 0.3303 -30 0 0 0
0.6667 0.0177 0.3303 -30 0 0 0
0.6667 0.0177 0.3303 -30 0 0 0
0.6667 0.0177 0.3303 -30 0 0 0
0.6667 0.0177 0.3303 -30 0 0 0
0.6667 0.0177 0.3303 -30 0 0 0
0.6667 0.0177 0.3303 -30 0 0 0
0.6923 0.0185 0.3333 -30 0 0 0
0.6923 0.0185 0.3333 -30 0 0 0
0.6923 0.0185 0.3333 -30 0 0 0
0.6923 0.0185 0.3333 -30 0 0 0
0.6923 0.0185 0.3333 -30 0 0 0
0.6923 0.0185 0.3333 -30 0 0 0
0.6410 0.0190 0.3339 -30 0 0 0
0.6410 0.0190 0.3339 -30 0 0 0
0.6410 0.0190 0.3339 -30 0 0 0
0.6410 0.0190 0.3339 -30 0 0 0
0.6410 0.0190 0.3339 -30 0 0 0
0.6410 0.0193 0.3346 -30 0 0 0
0.6410 0.0193 0.3346 -30 0 0 0
0.6410 0.0193 0.3346 -30 0 0 0
0.6410 0.0193 0.3346 -30 0 0 0
0.6410 0.0193 0.3346 -30 0 0 0
0.6410 0.0193 0.3346 -30 0 0 0
0.6410 0.0193 0.3346 -30 0 0 0
0.6667 0.0194 0.3300 -30 0 0 0
0.6667 0.0194 0.3300 -30 0 0 0
0.6667 0.0194 0.3300 -30 0 0 0
0.6667 0.0194 0.3300 -30 0 0 0
0.6667 0.0194 0.3300 -30 0 0 0
0.6667 0.0194 0.3300 -30 0 0 0
0.6667 0.0194 0.3300 -30 0 0 0
0.6923 0.0198 0.3308 -30 0 0 0
0.6923 0.0198 0.3308 -30 0 0 0
0.6923 0.0198 0.3308 -30 0 0 0
0.6923 0.0198 0.3308 -30 0 0 0
0.6923 0.0198 0.3308 -30 0 0 0
0.6923 0.0198 0.3308 -30 0 0 0
0.6923 0.0199 0.3308 -30 0 0 0
0.6667 0.0199 0.3308 -30 0 0 0
0.6667 0.0199 0.3308 -30 0 0 0
0.6667 0.0199 0.3308 -30 0 0 0
0.6667 0.0199 0.3308 -30 0 0 0
0.6667 0.0199 0.3308 -30 0 0 0
0.6667 0.0202 0.3292 -30 0 0 0
0.6667 0.0202 0.3292 -30 0 0 0
0.6667 0.0202 0.3292 -30 0 0 0
0.6667 0.0202 0.3292 -30 0 0 0
0.6667 0.0202 0.3292 -30 0 0 0
0.6667 0.0202 0.3292 -30 0 0 0
0.6667 0.0202 0.3292 -30 0 0 0
0.6667 0.0202 0.3292 -30 0 0 0
0.6667 0.0202 0.3292 -30 0 0 0
0.6667 0.0202 0.3276 -30 0 0 0
0.6667 0.0202 0.3276 -30 0 0 0
0.6667 0.0202 0.3276 -30 0 0 0
0.6667 0.0202 0.3276 -30 0 0 0
0.6667 0.0202 0.3276 -30 0 0 0
0.6667 0.0199 0.3272 -30 0 0 0
0.7179 0.0199 0.3272 -30 0 0 0
0.7179 0.0199 0.3272 -30 0 0 0
0.7179 0.0199 0.3272 -30 0 0 0
0.7179 0.0199 0.3272 -30 0 0 0
0.7179 0.0199 0.3272 -30 0 0 0
0.7436 0.0192 0.3295 -30 0 0 0
0.7436 0.0192 0.3295 -30 0 0 0
0.7436 0.0192 0.3295 -30 0 0 0
0.7436 0.0192 0.3295 -30 0 0 0
0.7436 0.0192 0.3295 -30 0 0 0
0.7436 0.0192 0.3295 -30 0 0 0
0.7436 0.0192 0.3295 -30 0 0 0
0.6667 0.0180 0.3287 -30 0 0 0
0.6667 0.0180 0.3287 -30 0 0 0
0.6667 0.0180 0.3287 -30 0 0 0
0.6667 0.0180 0.3287 -30 0 0 0
0.6667 0.0180 0.3287 -30 0 0 0
0.6667 0.0180 0.3287 -30 0 0 0
0.6923 0.0175 0.3265 -30 0 0 0
0.6923 0.0175 0.3265 -30 0 0 0
0.6923 0.0175 0.3265 -30 0 0 0
0.6923 0.0175 0.3265 -30 0 0 0
0.6923 0.0175 0.3265 -30 0 0 0
0.6923 0.0175 0.3265 -30 0 0 0
0.7436 0.0171 0.3227 -30 0 0 0
0.7436 0.0171 0.3227 -30 0 0 0
0.7436 0.0171 0.3227 -30 0 0 0
0.7436 0.0171 0.3227 -30 0 0 0
0.7436 0.0171 0.3227 -30 0 0 0
0.7436 0.0171 0.3227 -30 0 0 0
0.7436 0.0171 0.3227 -30 0 0 0
0.7436 0.0171 0.3227 -30 0 0 0
0.7436 0.0166 0.3125 -30 0 0 0
0.7436 0.0166 0.3125 -30 0 0 0
0.7436 0.0166 0.3125 -30 0 0 0
0.7436 0.0166 0.3125 -30 0 0 0
0.7436 0.0166 0.3125 -30 0 0 0
0.7436 0.0166 0.3125 -30 0 0 0
0.7436 0.0166 0.3125 -30 0 0 0
0.7436 0.0166 0.3125 -30 0 0 0
0.7436 0.0164 0.3120 -30 0 0 0
0.7436 0.0164 0.3120 -30 0 0 0
0.7436 0.0164 0.3120 -30 0 0 0
0.7436 0.0164 0.3120 -30 0 0 0
0.7436 0.0164 0.3120 -30 0 0 0
0.7436 0.0164 0.3120 -30 0 0 0
0.7179 0.0161 0.2976 -30 0 0 0
0.7179 0.0161 0.2976 -30 0 0 0
0.7179 0.0161 0.2976 -30 0 0 0
0.7179 0.0161 0.2976 -30 0 0 0
0.7179 0.0161 0.2976 -30 0 0 0
0.7179 0.0161 0.2976 -30 0 0 0
0.7179 0.0161 0.2976 -30 0 0 0
0.7436 0.0155 0.2980 -30 0 0 0
0.7436 0.0155 0.2980 -30 0 0 0
0.7436 0.0155 0.2980 -30 0 0 0
0.7436 0.0155 0.2980 -30 0 0 0
0.7436 0.0155 0.2980 -30 0 0 0
0.7436 0.0155 0.2980 -30 0 0 0
0.7436 0.0148 0.2867 -30 0 0 0
0.7436 0.0148 0.2867 -30 0 0 0
0.7436 0.0148 0.2867 -30 0 0 0
0.7436 0.0148 0.2867 -30 0 0 0
0.7436 0.0148 0.2867 -30 0 0 0
0.7436 0.0148 0.2867 -30 0 0 0
0.7436 0.0148 0.2867 -30 0 0 0
0.7436 0.0140 0.2866 -30 0 0 0
0.7436 0.0140 0.2866 -30 0 0 0
0.7436 0.0140 0.2866 -30 0 0 0
0.7436 0.0140 0.2866 -30 0 0 0
0.7436 0.0140 0.2866 -30 0 0 0
0.7436 0.0140 0.2866 -30 0 0 0
0.7436 0.0140 0.2866 -30 0 0 0
0.7436 0.0140 0.2866 -30 0 0 0
0.7692 0.0125 0.2867 -30 0 0 0
0.7692 0.0125 0.2867 -30 0 0 0
0.7692 0.0125 0.2867 -30 0 0 0
0.7692 0.0125 0.2867 -30 0 0 0
0.7692 0.0125 0.2867 -30 0 0 0
0.7692 0.0125 0.2867 -30 0 0 0
0.7692 0.0125 0.2867 -30 0 0 0
0.7692 0.0125 0.2867 -30 0 0 0
0.7692 0.0125 0.2867 -30 0 0 0
0.7692 0.0125 0.2867 -30 0 0 0
0.7692 0.0125 0.2867 -30 0 0 0
0.7692 0.0125 0.2867 -30 0 0 0
0.7692 0.0125 0.2867 -30 0 0 0
0.7692 0.0125 0.2867 -30 0 0 0
0.7692 0.0125 0.2867 -30 0 0 0
0.7692 0.0125 0.2867 -30 0 0 0
0.7692 0.0125 0.2867 -30 0 0 0
0.7692 0.0125 0.2867 -30 0 0 0
0.7692 0.0125 0.2867 -30 0 0 0
0.7692 0.0116 0.2882 -30 0 0 0
0.7692 0.0116 0.2882 -30 0 0 0
0.6410 0.0105 0.2903 -30 0 0 0
0.6410 0.0105 0.2903 -30 0 0 0
0.7949 0.0097 0.2950 -30 0 0 0
0.7949 0.0097 0.2950 -30 0 0 0
0.7949 0.0097 0.2950 -30 0 0 0
0.7949 0.0097 0.2950 -30 0 0 0
0.7692 0.0096 0.2996 -30 0 0 0
0.7692 0.0096 0.2996 -30 0 0 0
0.7692 0.0096 0.2996 -30 0 0 0
0.7692 0.0096 0.2996 -30 0 0 0
0.7692 0.0096 0.2996 -30 0 0 0
0.7692 0.0096 0.2996 -30 0 0 0
0.7436 0.0100 0.3018 -30 0 0 0
0.7436 0.0100 0.3018 -30 0 0 0
0.7436 0.0100 0.3018 -30 0 0 0
0.7436 0.0100 0.3018 -30 0 0 0
0.7436 0.0100 0.3018 -30 0 0 0
0.7436 0.0100 0.3018 -30 0 0 0
0.7436 0.0100 0.3018 -30 0 0 0
0.7692 0.0106 0.2993 -30 0 0 0
0.7692 0.0106 0.2993 -30 0 0 0
0.7692 0.0106 0.2993 -30 0 0 0
0.7692 0.0106 0.2993 -30 0 0 0
0.7692 0.0106 0.2993 -30 0 0 0
0.7179 0.0110 0.2957 -30 0 0 0
0.7179 0.0110 0.2957 -30 0 0 0
0.7179 0.0110 0.2957 -30 0 0 0
0.7179 0.0110 0.2957 -30 0 0 0
0.7179 0.0110 0.2957 -30 0 0 0
0.7179 0.0110 0.2957 -30 0 0 0
0.7179 0.0110 0.2957 -30 0 0 0
0.7179 0.0113 0.2965 -30 0 0 0
0.7179 0.0113 0.2965 -30 0 0 0
0.7179 0.0113 0.2965 -30 0 0 0
0.7179 0.0113 0.2965 -30 0 0 0
0.7179 0.0113 0.2965 -30 0 0 0
0.7179 0.0113 0.2965 -30 0 0 0
0.7179 0.0113 0.2965 -30 0 0 0
0.7179 0.0113 0.2965 -30 0 0 0
0.7179 0.0113 0.2965 -30 0 0 0
0.7179 0.0120 0.2975 -30 0 0 0
0.7179 0.0120 0.2975 -30 0 0 0
0.7179 0.0120 0.2975 -30 0 0 0
0.7179 0.0120 0.2975 -30 0 0 0
0.7179 0.0120 0.2975 -30 0 0 0
0.7179 0.0120 0.2975 -30 0 0 0
0.6667 0.0124 0.3001 -30 0 0 0
0.6667 0.0124 0.3001 -30 0 0 0
0.6667 0.0124 0.3001 -30 0 0 0
0.6667 0.0124 0.3001 -30 0 0 0
0.6667 0.0124 0.3001 -30 0 0 0
0.6667 0.0124 0.3001 -30 0 0 0
0.6667 0.0124 0.3001 -30 0 0 0
0.7179 0.0126 0.3025 -30 0 0 0
0.7179 0.0126 0.3025 -30 0 0 0
0.7179 0.0126 0.3025 -30 0 0 0
0.7179 0.0126 0.3025 -30 0 0 0
0.7179 0.0126 0.3025 -30 0 0 0
0.7179 0.0126 0.3025 -30 0 0 0
0.7179 0.0123 0.3024 -30 0 0 0
0.7436 0.0123 0.3024 -30 0 0 0
0.7436 0.0123 0.3024 -30 0 0 0
0.7436 0.0123 0.3024 -30 0 0 0
0.7436 0.0123 0.3024 -30 0 0 0
0.7436 0.0123 0.3024 -30 0 0 0
0.7436 0.0119 0.3013 -30 0 0 0
0.6923 0.0119 0.3013 -30 0 0 0
0.6923 0.0119 0.3013 -30 0 0 0
0.6923 0.0119 0.3013 -30 0 0 0
0.6923 0.0119 0.3013 -30 0 0 0
0.6923 0.0119 0.3013 -30 0 0 0
0.6923 0.0119 0.3013 -30 0 0 0
0.7436 0.0115 0.3046 -30 0 0 0
0.7436 0.0115 0.3046 -30 0 0 0
0.7436 0.0115 0.3046 -30 0 0 0
0.7436 0.0115 0.3046 -30 0 0 0
0.7436 0.0115 0.3046 -30 0 0 0
0.7436 0.0115 0.3046 -30 0 0 0
0.7436 0.0115 0.3046 -30 0 0 0
0.7436 0.0114 0.3040 -30 0 0 0
0.7436 0.0114 0.3040 -30 0 0 0
0.7436 0.0114 0.3040 -30 0 0 0
0.7436 0.0114 0.3040 -30 0 0 0
0.7436 0.0114 0.3040 -30 0 0 0
0.7436 0.0114 0.3040 -30 0 0 0
0.7436 0.0114 0.3040 -30 0 0 0
0.7436 0.0114 0.3040 -30 0 0 0
0.7436 0.0114 0.3040 -30 0 0 0
0.7436 0.0113 0.3074 -30 0 0 0
0.5897 0.0113 0.3074 -30 0 0 0
0.5897 0.0113 0.3074 -30 0 0 0
0.5897 0.0113 0.3074 -30 0 0 0
0.5897 0.0113 0.3074 -30 0 0 0
0.5897 0.0113 0.3074 -30 0 0 0
0.5897 0.0113 0.3074 -30 0 0 0
0.5897 0.0113 0.3074 -30 0 0 0
0.5897 0.0109 0.3093 -30 0 0 0
0.6923 0.0109 0.3093 -30 0 0 0
0.6923 0.0109 0.3093 -30 0 0 0
0.6410 0.0103 0.3074 -30 0 0 0
0.6410 0.0103 0.3074 -30 0 0 0
0.6410 0.0103 0.3074 -30 0 0 0
0.6410 0.0103 0.3074 -30 0 0 0
0.6410 0.0103 0.3074 -30 0 0 0
0.6410 0.0103 0.3074 -30 0 0 0
0.6410 0.0101 0.3097 -30 0 0 0
0.6410 0.0101 0.3097 -30 0 0 0
0.6410 0.0101 0.3097 -30 0 0 0
0.6410 0.0101 0.3097 -30 0 0 0
0.6410 0.0101 0.3097 -30 0 0 0
0.6410 0.0101 0.3097 -30 0 0 0
0.5897 0.0103 0.3147 -30 0 0 0
0.5897 0.0103 0.3147 -30 0 0 0
0.5897 0.0103 0.3147 -30 0 0 0
0.5897 0.0103 0.3147 -30 0 0 0
0.5897 0.0103 0.3147 -30 0 0 0
0.5897 0.0103 0.3147 -30 0 0 0
0.5897 0.0103 0.3147 -30 0 0 0
0.5897 0.0111 0.3035 -30 0 0 0
0.7436 0.0111 0.3035 -30 0 0 0
0.7436 0.0111 0.3035 -30 0 0 0
0.7436 0.0111 0.3035 -30 0 0 0
0.7436 0.0111 0.3035 -30 0 0 0
0.7436 0.0111 0.3035 -30 0 0 0
0.7436 0.0111 0.3035 -30 0 0 0
0.7179 0.0119 0.2964 -30 0 0 0
0.7179 0.0119 0.2964 -30 0 0 0
0.7179 0.0119 0.2964 -30 0 0 0
0.7179 0.0119 0.2964 -30 0 0 0
0.7179 0.0119 0.2964 -30 0 0 0
0.7179 0.0119 0.2964 -30 0 0 0
0.7179 0.0119 0.2964 -30 0 0 0
0.7179 0.0119 0.2964 -30 0 0 0
0.7179 0.0119 0.2964 -30 0 0 0
0.7179 0.0119 0.2964 -30 0 0 0
0.7179 0.0128 0.2975 -30 0 0 0
0.7179 0.0128 0.2975 -30 0 0 0
0.7179 0.0128 0.2975 -30 0 0 0
0.7436 0.0133 0.2937 -30 0 0 0
0.7436 0.0133 0.2937 -30 0 0 0
0.7436 0.0133 0.2937 -30 0 0 0
0.7436 0.0133 0.2937 -30 0 0 0
0.7436 0.0133 0.2937 -30 0 0 0
0.7436 0.0133 0.2937 -30 0 0 0
0.7436 0.0136 0.2936 -30 0 0 0
0.7692 0.0136 0.2936 -30 0 0 0
0.7692 0.0136 0.2936 -30 0 0 0
0.7692 0.0136 0.2936 -30 0 0 0
0.7692 0.0136 0.2936 -30 0 0 0
0.7692 0.0136 0.2936 -30 0 0 0
0.7692 0.0136 0.2936 -30 0 0 0
0.7692 0.0136 0.2936 -30 0 0 0
0.7692 0.0136 0.2936 -30 0 0 0
0.7692 0.0131 0.2881 -30 0 0 0
0.6923 0.0131 0.2881 -30 0 0 0
0.6923 0.0131 0.2881 -30 0 0 0
0.6923 0.0131 0.2881 -30 0 0 0
0.6923 0.0131 0.2881 -30 0 0 0
0.7692 0.0124 0.2881 -30 0 0 0
0.7692 0.0124 0.2881 -30 0 0 0
0.7692 0.0124 0.2881 -30 0 0 0
0.7692 0.0124 0.2881 -30 0 0 0
0.7692 0.0124 0.2881 -30 0 0 0
0.7692 0.0124 0.2881 -30 0 0 0
0.7692 0.0124 0.2881 -30 0 0 0
0.6667 0.0115 0.2878 -30 0 0 0
0.6667 0.0115 0.2878 -30 0 0 0
0.6667 0.0115 0.2878 -30 0 0 0
0.6667 0.0115 0.2878 -30 0 0 0
0.6667 0.0115 0.2878 -30 0 0 0
0.6667 0.0115 0.2878 -30 0 0 0
0.6667 0.0115 0.2878 -30 0 0 0
0.6667 0.0115 0.2878 -30 0 0 0
0.6667 0.0105 0.2873 -30 0 0 0
0.7949 0.0105 0.2873 -30 0 0 0
0.7949 0.0105 0.2873 -30 0 0 0
0.7949 0.0105 0.2873 -30 0 0 0
0.7949 0.0105 0.2873 -30 0 0 0
0.7949 0.0105 0.2873 -30 0 0 0
0.7949 0.0105 0.2873 -30 0 0 0
0.7949 0.0105 0.2873 -30 0 0 0
0.7949 0.0105 0.2873 -30 0 0 0
0.7949 0.0105 0.2873 -30 0 0 0
0.7949 0.0101 0.2886 -30 0 0 0
0.6667 0.0101 0.2886 -30 0 0 0
0.6667 0.0101 0.2886 -30 0 0 0
0.7436 0.0100 0.2869 -30 0 0 0
0.7436 0.0100 0.2869 -30 0 0 0
0.7436 0.0100 0.2869 -30 0 0 0
0.7436 0.0100 0.2869 -30 0 0 0
0.7436 0.0100 0.2869 -30 0 0 0
0.7436 0.0100 0.2869 -30 0 0 0
0.7436 0.0100 0.2869 -30 0 0 0
0.7436 0.0098 0.2864 -30 0 0 0
0.7436 0.0098 0.2864 -30 0 0 0
0.7436 0.0098 0.2864 -30 0 0 0
0.7436 0.0098 0.2864 -30 0 0 0
0.7436 0.0098 0.2864 -30 0 0 0
0.7436 0.0099 0.2854 -30 0 0 0
0.7436 0.0099 0.2854 -30 0 0 0
0.7436 0.0099 0.2854 -30 0 0 0
0.7436 0.0099 0.2854 -30 0 0 0
0.7436 0.0099 0.2854 -30 0 0 0
0.7436 0.0099 0.2854 -30 0 0 0
0.7179 0.0101 0.2847 -30 0 0 0
0.7179 0.0101 0.2847 -30 0 0 0
0.7179 0.0101 0.2847 -30 0 0 0
0.7179 0.0101 0.2847 -30 0 0 0
0.7179 0.0101 0.2847 -30 0 0 0
0.7179 0.0101 0.2847 -30 0 0 0
0.7179 0.0101 0.2847 -30 0 0 0
0.7179 0.0101 0.2847 -30 0 0 0
0.7179 0.0101 0.2847 -30 0 0 0
0.6410 0.0102 0.2865 -30 0 0 0
0.6410 0.0102 0.2865 -30 0 0 0
0.6410 0.0102 0.2865 -30 0 0 0
0.6410 0.0102 0.2865 -30 0 0 0
0.6410 0.0102 0.2865 -30 0 0 0
0.6667 0.0106 0.2879 -30 0 0 0
0.6667 0.0106 0.2879 -30 0 0 0
0.6667 0.0106 0.2879 -30 0 0 0
0.6667 0.0106 0.2879 -30 0 0 0
0.6667 0.0106 0.2879 -30 0 0 0
0.6667 0.0106 0.2879 -30 0 0 0
0.6667 0.0106 0.2879 -30 0 0 0
0.6667 0.0106 0.2879 -30 0 0 0
0.6667 0.0106 0.2879 -30 0 0 0
0.6667 0.0112 0.2863 -30 0 0 0
0.7436 0.0112 0.2863 -30 0 0 0
0.7436 0.0112 0.2863 -30 0 0 0
0.7436 0.0112 0.2863 -30 0 0 0
0.7436 0.0112 0.2863 -30 0 0 0
0.7436 0.0112 0.2863 -30 0 0 0
0.7436 0.0115 0.2860 -30 0 0 0
0.7179 0.0115 0.2860 -30 0 0 0
0.7179 0.0115 0.2860 -30 0 0 0
0.7179 0.0115 0.2860 -30 0 0 0
0.7179 0.0115 0.2860 -30 0 0 0
0.7179 0.0115 0.2860 -30 0 0 0
0.6667 0.0115 0.2860 -30 0 0 0
0.6667 0.0115 0.2860 -30 0 0 0
0.6667 0.0115 0.2860 -30 0 0 0
0.6667 0.0115 0.2860 -30 0 0 0
0.6667 0.0115 0.2860 -30 0 0 0
0.6667 0.0115 0.2860 -30 0 0 0
0.6667 0.0112 0.2845 -30 0 0 0
0.6667 0.0112 0.2845 -30 0 0 0
0.6667 0.0112 0.2845 -30 0 0 0
0.6667 0.0112 0.2845 -30 0 0 0
0.6667 0.0112 0.2845 -30 0 0 0
0.6667 0.0112 0.2845 -30 0 0 0
0.6667 0.0112 0.2845 -30 0 0 0
0.6667 0.0106 0.2842 -30 0 0 0
0.7436 0.0106 0.2842 -30 0 0 0
0.7436 0.0106 0.2842 -30 0 0 0
0.7436 0.0106 0.2842 -30 0 0 0
0.7436 0.0106 0.2842 -30 0 0 0
0.7436 0.0101 0.2838 -30 0 0 0
0.6667 0.0101 0.2838 -30 0 0 0
0.6667 0.0101 0.2838 -30 0 0 0
0.6667 0.0101 0.2838 -30 0 0 0
0.6667 0.0101 0.2838 -30 0 0 0
0.6667 0.0101 0.2838 -30 0 0 0
0.6667 0.0101 0.2838 -30 0 0 0
0.7179 0.0094 0.2841 -30 0 0 0
0.7179 0.0094 0.2841 -30 0 0 0
0.7179 0.0094 0.2841 -30 0 0 0
0.7179 0.0094 0.2841 -30 0 0 0
0.7179 0.0094 0.2841 -30 0 0 0
0.7179 0.0094 0.2841 -30 0 0 0
0.7179 0.0094 0.2841 -30 0 0 0
0.7179 0.0094 0.2841 -30 0 0 0
0.7179 0.0094 0.2841 -30 0 0 0
0.7179 0.0081 0.2842 -30 0 0 0
0.6410 0.0081 0.2842 -30 0 0 0
0.6410 0.0081 0.2842 -30 0 0 0
0.6410 0.0081 0.2842 -30 0 0 0
0.6410 0.0081 0.2842 -30 0 0 0
0.6667 0.0076 0.2837 -30 0 0 0
0.6667 0.0076 0.2837 -30 0 0 0
0.6667 0.0076 0.2837 -30 0 0 0
0.6667 0.0076 0.2837 -30 0 0 0
0.6667 0.0076 0.2837 -30 0 0 0
0.6923 0.0074 0.2853 -30 0 0 0
0.6923 0.0074 0.2853 -30 0 0 0
0.6923 0.0074 0.2853 -30 0 0 0
0.6923 0.0074 0.2853 -30 0 0 0
0.6923 0.0074 0.2853 -30 0 0 0
0.6923 0.0074 0.2853 -30 0 0 0
0.6923 0.0074 0.2853 -30 0 0 0
0.6923 0.0074 0.2853 -30 0 0 0
0.6923 0.0071 -0.0362 -30 0 0 0
0.6923 0.0071 -0.0362 -30 0 0 0
0.6923 0.0071 -0.0362 -30 0 0 0
0.6923 0.0071 -0.0362 -30 0 0 0
0.6923 0.0071 -0.0362 -30 0 0 0
0.6923 0.0071 -0.0362 -30 0 0 0
0.6154 0.0069 -0.0369 -30 0 0 0
0.6154 0.0069 -0.0369 -30 0 0 0
0.6154 0.0069 -0.0369 -30 0 0 0
0.6154 0.0069 -0.0369 -30 0 0 0
0.6154 0.0069 -0.0369 -30 0 0 0
0.6154 0.0069 -0.0369 -30 0 0 0
0.6154 0.0068 -0.0377 -30 0 0 0
0.7179 0.0068 -0.0377 -30 0 0 0
0.7179 0.0068 -0.0377 -30 0 0 0
0.7179 0.0068 -0.0377 -30 0 0 0
0.7179 0.0068 -0.0377 -30 0 0 0
0.7179 0.0068 -0.0377 -30 0 0 0
0.7179 0.0068 -0.0377 -30 0 0 0
0.7179 0.0068 -0.0377 -30 0 0 0
0.7179 0.0068 -0.0377 -30 0 0 0
0.7179 0.0068 -0.0377 -30 0 0 0
0.7179 0.0069 -0.0389 -30 0 0 0
0.6923 0.0069 -0.0389 -30 0 0 0
0.6923 0.0069 -0.0389 -30 0 0 0
0.6923 0.0069 -0.0389 -30 0 0 0
0.6923 0.0069 -0.0389 -30 0 0 0
0.7436 0.0072 -0.0394 -30 0 0 0
0.7436 0.0072 -0.0394 -30 0 0 0
0.7436 0.0072 -0.0394 -30 0 0 0
0.7436 0.0072 -0.0394 -30 0 0 0
0.7436 0.0072 -0.0394 -30 0 0 0
0.7436 0.0079 -0.0382 -30 0 0 0
0.6410 0.0079 -0.0382 -30 0 0 0
0.6410 0.0079 -0.0382 -30 0 0 0
0.6410 0.0079 -0.0382 -30 0 0 0
0.6410 0.0079 -0.0382 -30 0 0 0
0.6410 0.0079 -0.0382 -30 0 0 0
0.6410 0.0079 -0.0382 -30 0 0 0
0.6410 0.0079 -0.0382 -30 0 0 0
0.6410 0.0093 -0.0357 -30 0 0 0
0.7436 0.0093 -0.0357 -30 0 0 0
0.7436 0.0093 -0.0357 -30 0 0 0
0.7436 0.0093 -0.0357 -30 0 0 0
0.7436 0.0093 -0.0357 -30 0 0 0
0.7436 0.0105 -0.0347 -30 0 0 0
0.6923 0.0105 -0.0347 -30 0 0 0
0.6923 0.0105 -0.0347 -30 0 0 0
0.6923 0.0105 -0.0347 -30 0 0 0
0.6923 0.0105 -0.0347 -30 0 0 0
0.6923 0.0105 -0.0347 -30 0 0 0
0.6923 0.0114 -0.0348 -30 0 0 0
0.6923 0.0114 -0.0348 -30 0 0 0
0.6923 0.0114 -0.0348 -30 0 0 0
0.6923 0.0114 -0.0348 -30 0 0 0
0.6923 0.0114 -0.0348 -30 0 0 0
0.6923 0.0114 -0.0348 -30 0 0 0
0.6923 0.0114 -0.0348 -30 0 0 0
0.6923 0.0114 -0.0348 -30 0 0 0
0.7949 0.0120 -0.0366 -30 0 0 0
0.7949 0.0120 -0.0366 -30 0 0 0
0.7949 0.0120 -0.0366 -30 0 0 0
0.7949 0.0120 -0.0366 -30 0 0 0
0.7949 0.0120 -0.0366 -30 0 0 0
0.7949 0.0120 -0.0366 -30 0 0 0
0.7436 0.0123 -0.0354 -30 0 0 0
0.7436 0.0123 -0.0354 -30 0 0 0
0.7436 0.0123 -0.0354 -30 0 0 0
0.7436 0.0123 -0.0354 -30 0 0 0
0.7436 0.0123 -0.0354 -30 0 0 0
0.7436 0.0123 -0.0354 -30 0 0 0
0.7436 0.0123 -0.0354 -30 0 0 0
0.6923 0.0119 -0.0350 -30 0 0 0
0.6923 0.0119 -0.0350 -30 0 0 0
0.6923 0.0119 -0.0350 -30 0 0 0
0.6923 0.0119 -0.0350 -30 0 0 0
0.6923 0.0119 -0.0350 -30 0 0 0
0.6923 0.0119 -0.0350 -30 0 0 0
0.6923 0.0119 -0.0350 -30 0 0 0
0.6923 0.0119 -0.0350 -30 0 0 0
0.6923 0.0113 -0.0330 -30 0 0 0
0.6667 0.0113 -0.0330 -30 0 0 0
0.6667 0.0113 -0.0330 -30 0 0 0
0.6667 0.0113 -0.0330 -30 0 0 0
0.6667 0.0113 -0.0330 -30 0 0 0
0.6667 0.0113 -0.0330 -30 0 0 0
0.7179 0.0109 -0.0314 -30 0 0 0
0.7179 0.0109 -0.0314 -30 0 0 0
0.7179 0.0109 -0.0314 -30 0 0 0
0.7179 0.0109 -0.0314 -30 0 0 0
0.7179 0.0109 -0.0314 -30 0 0 0
0.7179 0.0109 -0.0314 -30 0 0 0
0.7179 0.0107 -0.0329 -30 0 0 0
0.8205 0.0107 -0.0329 -30 0 0 0
0.8205 0.0107 -0.0329 -30 0 0 0
0.8205 0.0107 -0.0329 -30 0 0 0
0.8205 0.0107 -0.0329 -30 0 0 0
0.8205 0.0107 -0.0329 -30 0 0 0
0.8205 0.0107 -0.0329 -30 0 0 0
0.8205 0.0107 -0.0329 -30 0 0 0
0.8205 0.0110 -0.0277 -30 0 0 0
0.6923 0.0110 -0.0277 -30 0 0 0
0.6923 0.0110 -0.0277 -30 0 0 0
0.6923 0.0110 -0.0277 -30 0 0 0
0.6923 0.0110 -0.0277 -30 0 0 0
0.6923 0.0110 -0.0277 -30 0 0 0
0.7179 0.0118 -0.0273 -30 0 0 0
0.7179 0.0118 -0.0273 -30 0 0 0
0.7179 0.0118 -0.0273 -30 0 0 0
0.7179 0.0118 -0.0273 -30 0 0 0
0.7179 0.0118 -0.0273 -30 0 0 0
0.7179 0.0118 -0.0273 -30 0 0 0
0.6923 0.0130 -0.0265 -30 0 0 0
0.6923 0.0130 -0.0265 -30 0 0 0
0.6923 0.0130 -0.0265 -30 0 0 0
0.6923 0.0130 -0.0265 -30 0 0 0
0.6923 0.0130 -0.0265 -30 0 0 0
0.6923 0.0130 -0.0265 -30 0 0 0
0.6923 0.0130 -0.0265 -30 0 0 0
0.6923 0.0130 -0.0265 -30 0 0 0
0.6923 0.0130 -0.0265 -30 0 0 0
0.7436 0.0145 -0.0306 -30 0 0 0
0.7436 0.0145 -0.0306 -30 0 0 0
0.7436 0.0145 -0.0306 -30 0 0 0
0.7436 0.0145 -0.0306 -30 0 0 0
0.7436 0.0145 -0.0306 -30 0 0 0
0.7436 0.0145 -0.0306 -30 0 0 0
0.7179 0.0148 -0.0311 -30 0 0 0
0.7179 0.0148 -0.0311 -30 0 0 0
0.7179 0.0148 -0.0311 -30 0 0 0
0.7179 0.0148 -0.0311 -30 0 0 0
0.7179 0.0148 -0.0311 -30 0 0 0
0.7179 0.0151 -0.0298 -30 0 0 0
0.7692 0.0151 -0.0298 -30 0 0 0
0.7692 0.0151 -0.0298 -30 0 0 0
0.7692 0.0151 -0.0298 -30 0 0 0
0.7692 0.0151 -0.0298 -30 0 0 0
0.7692 0.0151 -0.0298 -30 0 0 0
0.7692 0.0151 -0.0298 -30 0 0 0
0.7692 0.0151 -0.0298 -30 0 0 0
0.7692 0.0151 -0.0298 -30 0 0 0
0.7179 0.0151 -0.0269 -30 0 0 0
0.7179 0.0151 -0.0269 -30 0 0 0
0.7179 0.0151 -0.0269 -30 0 0 0
0.7179 0.0151 -0.0269 -30 0 0 0
0.7179 0.0151 -0.0269 -30 0 0 0
0.7179 0.0153 -0.0277 -30 0 0 0
0.7436 0.0153 -0.0277 -30 0 0 0
0.7436 0.0153 -0.0277 -30 0 0 0
0.7436 0.0153 -0.0277 -30 0 0 0
0.7436 0.0153 -0.0277 -30 0 0 0
0.7436 0.0153 -0.0277 -30 0 0 0
0.7692 0.0155 -0.0246 -30 0 0 0
0.7692 0.0155 -0.0246 -30 0 0 0
0.7692 0.0155 -0.0246 -30 0 0 0
0.7692 0.0155 -0.0246 -30 0 0 0
0.7692 0.0155 -0.0246 -30 0 0 0
0.7692 0.0155 -0.0246 -30 0 0 0
0.7692 0.0155 -0.0246 -30 0 0 0
0.7692 0.0155 -0.0246 -30 0 0 0
0.7692 0.0157 -0.0265 -30 0 0 0
0.6923 0.0157 -0.0265 -30 0 0 0
0.6923 0.0157 -0.0265 -30 0 0 0
0.6923 0.0157 -0.0265 -30 0 0 0
0.6923 0.0157 -0.0265 -30 0 0 0
0.6923 0.0157 -0.0265 -30 0 0 0
0.6923 0.0155 -0.0290 -30 0 0 0
0.7179 0.0155 -0.0290 -30 0 0 0
0.7179 0.0155 -0.0290 -30 0 0 0
0.7179 0.0155 -0.0290 -30 0 0 0
0.7179 0.0155 -0.0290 -30 0 0 0
0.7179 0.0155 -0.0290 -30 0 0 0
0.7179 0.0155 -0.0290 -30 0 0 0
0.7179 0.0155 -0.0290 -30 0 0 0
0.7949 0.0150 -0.0259 -30 0 0 0
0.7949 0.0150 -0.0259 -30 0 0 0
0.7949 0.0150 -0.0259 -30 0 0 0
0.7949 0.0150 -0.0259 -30 0 0 0
0.7949 0.0150 -0.0259 -30 0 0 0
0.6923 0.0147 -0.0279 -30 0 0 0
0.6923 0.0147 -0.0279 -30 0 0 0
0.6923 0.0147 -0.0279 -30 0 0 0
0.6923 0.0147 -0.0279 -30 0 0 0
0.6923 0.0147 -0.0279 -30 0 0 0
0.6923 0.0147 -0.0279 -30 0 0 0
0.7436 0.0145 -0.0262 -30 0 0 0
0.7436 0.0145 -0.0262 -30 0 0 0
0.7436 0.0145 -0.0262 -30 0 0 0
0.7436 0.0145 -0.0262 -30 0 0 0
0.7436 0.0145 -0.0262 -30 0 0 0
0.7436 0.0145 -0.0262 -30 0 0 0
0.7436 0.0145 -0.0262 -30 0 0 0
0.7436 0.0145 -0.0262 -30 0 0 0
0.7436 0.0145 -0.0262 -30 0 0 0
0.7179 0.0146 -0.0273 -30 0 0 0
0.7179 0.0146 -0.0273 -30 0 0 0
0.7179 0.0146 -0.0273 -30 0 0 0
0.7179 0.0146 -0.0273 -30 0 0 0
0.7179 0.0146 -0.0273 -30 0 0 0
0.7179 0.0146 -0.0273 -30 0 0 0
0.7179 0.0146 -0.0273 -30 0 0 0
0.7179 0.0146 -0.0273 -30 0 0 0
0.7179 0.0146 -0.0273 -30 0 0 0
0.7179 0.0146 -0.0273 -30 0 0 0
0.7179 0.0146 -0.0273 -30 0 0 0
0.7179 0.0146 -0.0273 -30 0 0 0
0.7179 0.0145 -0.0257 -30 0 0 0
0.7692 0.0145 -0.0257 -30 0 0 0
0.7692 0.0145 -0.0257 -30 0 0 0
0.7692 0.0145 -0.0257 -30 0 0 0
0.7692 0.0145 -0.0257 -30 0 0 0
0.7692 0.0144 -0.0297 -30 0 0 0
0.7179 0.0144 -0.0297 -30 0 0 0
0.7692 0.0144 -0.0319 -30 0 0 0
0.7692 0.0144 -0.0319 -30 0 0 0
0.7692 0.0144 -0.0319 -30 0 0 0
0.7692 0.0144 -0.0319 -30 0 0 0
0.7692 0.0144 -0.0319 -30 0 0 0
0.7692 0.0144 -0.0319 -30 0 0 0
0.7179 0.0144 -0.0341 -30 0 0 0
0.7179 0.0144 -0.0341 -30 0 0 0
0.7179 0.0144 -0.0341 -30 0 0 0
0.7179 0.0144 -0.0341 -30 0 0 0
0.7179 0.0144 -0.0341 -30 0 0 0
0.7179 0.0144 -0.0341 -30 0 0 0
0.7179 0.0144 -0.0341 -30 0 0 0
0.7179 0.0144 -0.0341 -30 0 0 0
0.7179 0.0144 -0.0341 -30 0 0 0
0.7179 0.0144 -0.0341 -30 0 0 0
0.7179 0.0144 -0.0341 -30 0 0 0
0.7179 0.0144 -0.0341 -30 0 0 0
0.7179 0.0144 -0.0341 -30 0 0 0
0.7179 0.0144 -0.0341 -30 0 0 0
0.7179 0.0144 -0.0341 -30 0 0 0
0.6154 0.0143 -0.0314 -30 0 0 0
0.6154 0.0143 -0.0314 -30 0 0 0
0.6410 0.0140 -0.0324 -30 0 0 0
0.6410 0.0140 -0.0324 -30 0 0 0
0.7179 0.0134 -0.0283 -30 0 0 0
0.7179 0.0134 -0.0283 -30 0 0 0
0.7179 0.0134 -0.0283 -30 0 0 0
0.7179 0.0134 -0.0283 -30 0 0 0
0.7436 0.0127 -0.0288 -30 0 0 0
0.7436 0.0127 -0.0288 -30 0 0 0
0.7436 0.0127 -0.0288 -30 0 0 0
0.7436 0.0127 -0.0288 -30 0 0 0
0.7436 0.0127 -0.0288 -30 0 0 0
0.7436 0.0127 -0.0288 -30 0 0 0
0.7436 0.0127 -0.0288 -30 0 0 0
0.7436 0.0127 -0.0288 -30 0 0 0
0.6667 0.0121 -0.0290 -30 0 0 0
0.6667 0.0121 -0.0290 -30 0 0 0
0.6667 0.0121 -0.0290 -30 0 0 0
0.6667 0.0121 -0.0290 -30 0 0 0
0.6667 0.0121 -0.0290 -30 0 0 0
0.6667 0.0121 -0.0290 -30 0 0 0
0.6667 0.0121 -0.0290 -30 0 0 0
0.6667 0.0121 -0.0290 -30 0 0 0
0.6667 0.0114 -0.0303 -30 0 0 0
0.6667 0.0114 -0.0303 -30 0 0 0
0.6667 0.0114 -0.0303 -30 0 0 0
0.6667 0.0114 -0.0303 -30 0 0 0
0.6667 0.0109 -0.0287 -30 0 0 0
0.6667 0.0109 -0.0287 -30 0 0 0
0.6667 0.0109 -0.0287 -30 0 0 0
0.6667 0.0109 -0.0287 -30 0 0 0
0.6667 0.0109 -0.0287 -30 0 0 0
0.6667 0.0109 -0.0287 -30 0 0 0
0.6667 0.0109 -0.0287 -30 0 0 0
0.6667 0.0105 -0.0267 -30 0 0 0
0.6667 0.0105 -0.0267 -30 0 0 0
0.6667 0.0105 -0.0267 -30 0 0 0
0.6667 0.0105 -0.0267 -30 0 0 0
0.6667 0.0105 -0.0267 -30 0 0 0
0.6667 0.0105 -0.0267 -30 0 0 0
0.7179 0.0105 -0.0269 -30 0 0 0
0.7179 0.0105 -0.0269 -30 0 0 0
0.7179 0.0105 -0.0269 -30 0 0 0
0.7179 0.0105 -0.0269 -30 0 0 0
0.7179 0.0106 -0.0266 -30 0 0 0
0.6923 0.0106 -0.0266 -30 0 0 0
0.6923 0.0106 -0.0266 -30 0 0 0
0.6923 0.0106 -0.0266 -30 0 0 0
0.6923 0.0106 -0.0266 -30 0 0 0
0.6923 0.0106 -0.0266 -30 0 0 0
0.6923 0.0106 -0.0266 -30 0 0 0
0.6923 0.0106 -0.0266 -30 0 0 0
0.6923 0.0106 -0.0266 -30 0 0 0
0.7436 0.0107 -0.0247 -30 0 0 0
0.7436 0.0107 -0.0247 -30 0 0 0
0.7436 0.0107 -0.0247 -30 0 0 0
0.7436 0.0107 -0.0247 -30 0 0 0
0.7436 0.0107 -0.0247 -30 0 0 0
0.7436 0.0107 -0.0247 -30 0 0 0
0.7436 0.0107 -0.0247 -30 0 0 0
0.7179 0.0108 -0.0221 0 0 0 0
0.6923 0.0113 -0.0269 0 30 0 0
0.7179 0.0119 -0.0253 0 30 0 0
0.7179 0.0125 -0.0271 0 30 0 0
0.7436 0.0125 -0.0271 0 30 0 0
0.7436 0.0133 -0.0269 0 30 0 0
0.7436 0.0134 -0.0292 0 30 0 0
0.7179 0.0134 -0.0292 0 30 0 0
0.7692 0.0121 -0.0314 0 30 0 0
0.7692 0.0121 -0.0314 0 30 0 0
0.7692 0.0121 -0.0314 0 30 0 0
0.7692 0.0103 -0.0266 0 30 0 0
0.7692 0.0103 -0.0266 0 30 0 0
0.7692 0.0103 -0.0266 0 30 0 0
0.7692 0.0103 -0.0266 0 30 0 0
0.7692 0.0103 -0.0266 0 30 0 0
0.7692 0.0103 -0.0266 0 30 0 0
0.7692 0.0103 -0.0266 0 30 0 0
0.7692 0.0103 -0.0266 0 30 0 0
0.6667 0.0078 -0.0254 0 30 0 0
0.6667 0.0078 -0.0254 0 30 0 0
0.6667 0.0078 -0.0254 0 30 0 0
0.6667 0.0078 -0.0254 0 30 0 0
0.6667 0.0078 -0.0254 0 30 0 0
0.6667 0.0078 -0.0254 0 30 0 0
0.6667 0.0078 -0.0254 0 30 0 0
0.6667 0.0066 -0.0226 0 30 0 0
0.6667 0.0066 -0.0226 0 30 0 0
0.6667 0.0066 -0.0226 0 30 0 0
0.6667 0.0066 -0.0226 0 30 0 0
0.7179 0.0061 -0.0264 0 30 0 0
0.7179 0.0061 -0.0264 0 30 0 0
0.7179 0.0061 -0.0264 0 30 0 0
0.7179 0.0061 -0.0264 0 30 0 0
0.7179 0.0061 -0.0264 0 30 0 0
0.7179 0.0061 -0.0264 0 30 0 0
0.7179 0.0061 -0.0264 0 30 0 0
0.7179 0.0064 -0.0312 0 30 0 0
0.7436 0.0064 -0.0312 0 30 0 0
0.7436 0.0064 -0.0312 0 30 0 0
0.7436 0.0064 -0.0312 0 30 0 0
0.7436 0.0064 -0.0312 0 30 0 0
0.7436 0.0064 -0.0312 0 30 0 0
0.7179 0.0070 -0.0301 0 30 0 0
0.7179 0.0070 -0.0301 0 30 0 0
0.7179 0.0070 -0.0301 0 30 0 0
0.7179 0.0070 -0.0301 0 30 0 0
0.7436 0.0078 -0.0296 0 30 0 0
0.7436 0.0078 -0.0296 0 30 0 0
0.7436 0.0078 -0.0296 0 30 0 0
0.7436 0.0078 -0.0296 0 30 0 0
0.7436 0.0078 -0.0296 0 30 0 0
0.7436 0.0078 -0.0296 0 30 0 0
0.7436 0.0078 -0.0296 0 30 0 0
0.7436 0.0078 -0.0296 0 30 0 0
0.7692 0.0085 -0.0340 0 30 0 0
0.7692 0.0085 -0.0340 0 30 0 0
0.7692 0.0085 -0.0340 0 30 0 0
0.7692 0.0085 -0.0340 0 30 0 0
0.7692 0.0085 -0.0340 0 30 0 0
0.7692 0.0085 -0.0340 0 30 0 0
0.7692 0.0085 -0.0340 0 30 0 0
0.7692 0.0086 -0.0341 0 30 0 0
0.7692 0.0086 -0.0341 0 30 0 0
0.7692 0.0086 -0.0341 0 30 0 0
0.7692 0.0086 -0.0341 0 30 0 0
0.7692 0.0086 -0.0394 0 30 0 0
0.7692 0.0086 -0.0394 0 30 0 0
0.7692 0.0086 -0.0394 0 30 0 0
0.7692 0.0086 -0.0394 0 30 0 0
0.7692 0.0086 -0.0394 0 30 0 0
0.7692 0.0086 -0.0394 0 30 0 0
0.7692 0.0086 -0.0394 0 30 0 0
0.7692 0.0086 -0.0394 0 30 0 0
0.7692 0.0086 -0.0394 0 30 0 0
0.7692 0.0082 -0.0390 0 30 0 0
0.6923 0.0082 -0.0390 0 30 0 0
0.6923 0.0082 -0.0390 0 30 0 0
0.6923 0.0082 -0.0390 0 30 0 0
0.6923 0.0082 -0.0390 0 30 0 0
0.6923 0.0082 -0.0390 0 30 0 0
0.6923 0.0082 -0.0390 0 30 0 0
0.6923 0.0082 -0.0390 0 30 0 0
0.6923 0.0082 -0.0390 0 30 0 0
0.6410 0.0081 -0.0517 0 30 0 0
0.6410 0.0081 -0.0517 0 30 0 0
0.6410 0.0081 -0.0517 0 30 0 0
0.6410 0.0080 -0.0474 0 30 0 0
0.7949 0.0080 -0.0474 0 30 0 0
0.7949 0.0080 -0.0474 0 30 0 0
0.7949 0.0080 -0.0474 0 30 0 0
0.7949 0.0080 -0.0474 0 30 0 0
0.7949 0.0080 -0.0474 0 30 0 0
0.7949 0.0083 -0.0737 0 30 0 0
0.7949 0.0083 -0.0737 0 30 0 0
0.7949 0.0083 -0.0737 0 30 0 0
0.7949 0.0083 -0.0737 0 30 0 0
0.7949 0.0083 -0.0737 0 30 0 0
0.7949 0.0083 -0.0737 0 30 0 0
0.7692 0.0089 -0.0730 0 30 0 0
0.7692 0.0089 -0.0730 0 30 0 0
0.7692 0.0089 -0.0730 0 30 0 0
0.7692 0.0089 -0.0730 0 30 0 0
0.7692 0.0089 -0.0730 0 30 0 0
0.7692 0.0089 -0.0730 0 30 0 0
0.7692 0.0089 -0.0730 0 30 0 0
0.7692 0.0089 -0.0730 0 30 0 0
0.7692 0.0089 -0.0730 0 30 0 0
0.7692 0.0089 -0.0730 0 30 0 0
0.7692 0.0089 -0.0730 0 30 0 0
0.7692 0.0089 -0.0730 0 30 0 0
0.7692 0.0089 -0.0730 0 30 0 0
0.7692 0.0089 -0.0730 0 30 0 0
0.6923 0.0095 -0.0967 0 30 0 0
0.6923 0.0095 -0.0967 0 30 0 0
0.6923 0.0095 -0.0967 0 30 0 0
0.6923 0.0098 -0.0919 0 30 0 0
0.7949 0.0098 -0.0919 0 30 0 0
0.7436 0.0098 -0.0934 0 30 0 0
0.7436 0.0098 -0.0934 0 30 0 0
0.7436 0.0098 -0.0934 0 30 0 0
0.7436 0.0098 -0.0934 0 30 0 0
0.7436 0.0094 -0.0928 0 30 0 0
0.7436 0.0094 -0.0928 0 30 0 0
0.7436 0.0094 -0.0928 0 30 0 0
0.7436 0.0094 -0.0928 0 30 0 0
0.7436 0.0094 -0.0928 0 30 0 0
0.7436 0.0094 -0.0928 0 30 0 0
0.7436 0.0094 -0.0928 0 30 0 0
0.7436 0.0094 -0.0928 0 30 0 0
0.7179 0.0091 -0.0894 0 30 0 0
0.7179 0.0091 -0.0894 0 30 0 0
0.7179 0.0091 -0.0894 0 30 0 0
0.7179 0.0091 -0.0894 0 30 0 0
0.7179 0.0091 -0.0894 0 30 0 0
0.7179 0.0091 -0.0894 0 30 0 0
0.7949 0.0089 -0.0902 0 30 0 0
0.7949 0.0089 -0.0902 0 30 0 0
0.7949 0.0089 -0.0902 0 30 0 0
0.7949 0.0089 -0.0902 0 30 0 0
0.7949 0.0089 -0.0902 0 30 0 0
0.7949 0.0089 -0.0902 0 30 0 0
0.6923 0.0089 -0.0925 0 30 0 0
0.6923 0.0089 -0.0925 0 30 0 0
0.6923 0.0089 -0.0925 0 30 0 0
0.6923 0.0089 -0.0925 0 30 0 0
0.6923 0.0089 -0.0925 0 30 0 0
0.6923 0.0089 -0.0925 0 30 0 0
0.6923 0.0089 -0.0925 0 30 0 0
0.6923 0.0089 -0.0925 0 30 0 0
0.6923 0.0083 -0.0846 0 30 0 0
0.6923 0.0083 -0.0846 0 30 0 0
0.6923 0.0083 -0.0846 0 30 0 0
0.6923 0.0083 -0.0846 0 30 0 0
0.6923 0.0083 -0.0846 0 30 0 0
0.6923 0.0077 -0.0858 0 30 0 0
0.7179 0.0077 -0.0858 0 30 0 0
0.7179 0.0077 -0.0858 0 30 0 0
0.7179 0.0077 -0.0858 0 30 0 0
0.7179 0.0077 -0.0858 0 30 0 0
0.7179 0.0077 -0.0858 0 30 0 0
0.7179 0.0077 -0.0858 0 30 0 0
0.7436 0.0072 -0.0859 0 30 0 0
0.7436 0.0072 -0.0859 0 30 0 0
0.7436 0.0072 -0.0859 0 30 0 0
0.7436 0.0072 -0.0859 0 30 0 0
0.7436 0.0072 -0.0859 0 30 0 0
0.7692 0.0073 -0.0884 0 30 0 0
0.7692 0.0073 -0.0884 0 30 0 0
0.7692 0.0073 -0.0884 0 30 0 0
0.7692 0.0073 -0.0884 0 30 0 0
0.7692 0.0073 -0.0884 0 30 0 0
0.7692 0.0073 -0.0884 0 30 0 0
0.7692 0.0077 -0.0907 0 30 0 0
0.7692 0.0077 -0.0907 0 30 0 0
0.7692 0.0077 -0.0907 0 30 0 0
0.7692 0.0077 -0.0907 0 30 0 0
0.7692 0.0077 -0.0907 0 30 0 0
0.7692 0.0077 -0.0907 0 30 0 0
0.7692 0.0077 -0.0907 0 30 0 0
0.7949 0.0085 -0.0843 0 30 0 0
0.7949 0.0085 -0.0843 0 30 0 0
0.7949 0.0085 -0.0843 0 30 0 0
0.7949 0.0085 -0.0843 0 30 0 0
0.7949 0.0085 -0.0843 0 30 0 0
0.7949 0.0085 -0.0843 0 30 0 0
0.7949 0.0086 -0.0841 0 30 0 0
0.7436 0.0086 -0.0841 0 30 0 0
0.7436 0.0086 -0.0841 0 30 0 0
0.7436 0.0086 -0.0841 0 30 0 0
0.7436 0.0086 -0.0841 0 30 0 0
0.7436 0.0086 -0.0841 0 30 0 0
0.7436 0.0086 -0.0841 0 30 0 0
0.7949 0.0081 -0.0810 0 30 0 0
0.7949 0.0081 -0.0810 0 30 0 0
0.7949 0.0081 -0.0810 0 30 0 0
0.7949 0.0081 -0.0810 0 30 0 0
0.7949 0.0081 -0.0810 0 30 0 0
0.7949 0.0081 -0.0810 0 30 0 0
0.7436 0.0071 -0.0814 0 30 0 0
0.7436 0.0071 -0.0814 0 30 0 0
0.7436 0.0071 -0.0814 0 0 0 0
0.7436 0.0071 -0.0814 0 30 0 0
0.8205 0.0063 -0.0802 0 30 0 0
0.7179 0.0056 -0.0733 0 30 0 0
0.7179 0.0056 -0.0733 0 30 0 0
0.7179 0.0051 -0.0754 0 30 0 0
0.7179 0.0051 -0.0754 0 30 0 0
0.6923 0.0049 -0.0706 0 30 0 0
0.6923 0.0049 -0.0706 0 30 0 0
0.6923 0.0049 -0.0706 0 30 0 0
0.7436 0.0051 -0.0722 0 30 0 0
0.7436 0.0051 -0.0722 0 30 0 0
0.7436 0.0051 -0.0722 0 30 0 0
0.7436 0.0051 -0.0722 0 30 0 0
0.7436 0.0051 -0.0722 0 30 0 0
0.7436 0.0051 -0.0722 0 30 0 0
0.7436 0.0051 -0.0774 0 30 0 0
0.8205 0.0051 -0.0774 0 30 0 0
0.7949 0.0049 -0.0752 0 30 0 0
0.7949 0.0049 -0.0752 0 30 0 0
0.7949 0.0049 -0.0752 0 30 0 0
0.7949 0.0049 -0.0752 0 30 0 0
0.7949 0.0049 -0.0752 0 30 0 0
0.6410 0.0046 -0.0771 0 30 0 0
0.6410 0.0046 -0.0771 0 30 0 0
0.6410 0.0046 -0.0771 0 30 0 0
0.6410 0.0046 -0.0771 0 30 0 0
0.6410 0.0046 -0.0771 0 30 0 0
0.6410 0.0046 -0.0771 0 30 0 0
0.6410 0.0046 -0.0771 0 30 0 0
0.6923 0.0044 -0.0786 0 30 0 0
0.6923 0.0044 -0.0786 0 30 0 0
0.6923 0.0044 -0.0786 0 30 0 0
0.6923 0.0044 -0.0786 0 30 0 0
0.6923 0.0044 -0.0786 0 30 0 0
0.6923 0.0044 -0.0786 0 30 0 0
0.6923 0.0044 -0.0786 0 30 0 0
0.7692 0.0044 -0.0792 0 30 0 0
0.7692 0.0044 -0.0792 0 30 0 0
0.7692 0.0044 -0.0792 0 30 0 0
0.7692 0.0044 -0.0792 0 30 0 0
0.7692 0.0044 -0.0792 0 30 0 0
0.7692 0.0051 -0.0814 0 30 0 0
0.7692 0.0051 -0.0814 0 30 0 0
0.7692 0.0051 -0.0814 0 30 0 0
0.7692 0.0051 -0.0814 0 30 0 0
0.7692 0.0051 -0.0814 0 30 0 0
0.7692 0.0062 -0.0818 0 30 0 0
0.7179 0.0062 -0.0818 0 30 0 0
0.7179 0.0062 -0.0818 0 30 0 0
0.7179 0.0062 -0.0818 0 30 0 0
0.7179 0.0062 -0.0818 0 30 0 0
0.7179 0.0062 -0.0818 0 30 0 0
0.7436 0.0073 -0.0822 0 30 0 0
0.7436 0.0073 -0.0822 0 30 0 0
0.7436 0.0073 -0.0822 0 30 0 0
0.7436 0.0073 -0.0822 0 30 0 0
0.7436 0.0073 -0.0822 0 30 0 0
0.7436 0.0076 -0.0836 0 30 0 0
0.7436 0.0076 -0.0836 0 30 0 0
0.7436 0.0076 -0.0836 0 30 0 0
0.7436 0.0076 -0.0836 0 30 0 0
0.7436 0.0076 -0.0836 0 30 0 0
0.7436 0.0076 -0.0836 0 30 0 0
0.7436 0.0076 -0.0836 0 30 0 0
0.7692 0.0072 -0.1062 0 30 0 0
0.7692 0.0072 -0.1062 0 30 0 0
0.7692 0.0072 -0.1062 0 30 0 0
0.7692 0.0072 -0.1062 0 30 0 0
0.7692 0.0072 -0.1062 0 30 0 0
0.7692 0.0072 -0.1062 0 30 0 0
0.8462 0.0065 -0.1244 0 30 0 0
0.8462 0.0065 -0.1244 0 30 0 0
0.8462 0.0065 -0.1244 0 30 0 0
0.8462 0.0065 -0.1244 0 30 0 0
0.8462 0.0065 -0.1244 0 30 0 0
0.8462 0.0065 -0.1244 0 30 0 0
0.8462 0.0065 -0.1244 0 30 0 0
0.8205 0.0059 -0.1234 0 30 0 0
0.8205 0.0059 -0.1234 0 30 0 0
0.8205 0.0059 -0.1234 0 30 0 0
0.8205 0.0059 -0.1234 0 30 0 0
0.8205 0.0059 -0.1234 0 30 0 0
0.8205 0.0059 -0.1234 0 30 0 0
0.8205 0.0059 -0.1234 0 30 0 0
0.8462 0.0056 -0.1405 0 30 0 0
0.8462 0.0056 -0.1405 0 30 0 0
0.8462 0.0056 -0.1405 0 30 0 0
0.8462 0.0056 -0.1405 0 30 0 0
0.8462 0.0056 -0.1405 0 30 0 0
0.8462 0.0056 -0.1387 0 30 0 0
0.8462 0.0056 -0.1387 0 30 0 0
0.8462 0.0056 -0.1387 0 30 0 0
0.8462 0.0056 -0.1387 0 30 0 0
0.8462 0.0056 -0.1387 0 30 0 0
0.8462 0.0056 -0.1387 0 30 0 0
0.8462 0.0059 -0.1471 0 30 0 0
0.7436 0.0059 -0.1471 0 30 0 0
0.7436 0.0059 -0.1471 0 30 0 0
0.7436 0.0059 -0.1471 0 30 0 0
0.7436 0.0059 -0.1471 0 30 0 0
0.7436 0.0059 -0.1445 0 30 0 0
0.7692 0.0059 -0.1445 0 30 0 0
0.7692 0.0059 -0.1445 0 30 0 0
0.7692 0.0059 -0.1445 0 30 0 0
0.7692 0.0059 -0.1445 0 30 0 0
0.7692 0.0059 -0.1445 0 30 0 0
0.8205 0.0057 -0.1431 0 30 0 0
0.8205 0.0057 -0.1431 0 30 0 0
0.8205 0.0057 -0.1431 0 30 0 0
0.8205 0.0057 -0.1431 0 30 0 0
0.8205 0.0057 -0.1431 0 30 0 0
0.8205 0.0057 -0.1431 0 30 0 0
0.8205 0.0054 -0.1437 0 30 0 0
0.8205 0.0054 -0.1437 0 30 0 0
0.8205 0.0054 -0.1437 0 30 0 0
0.8205 0.0054 -0.1437 0 30 0 0
0.8205 0.0054 -0.1437 0 30 0 0
0.8205 0.0054 -0.1437 0 30 0 0
0.8205 0.0054 -0.1437 0 30 0 0
0.8974 0.0052 -0.1361 0 30 0 0
0.8974 0.0052 -0.1361 0 30 0 0
0.8974 0.0052 -0.1361 0 30 0 0
0.8974 0.0052 -0.1361 0 30 0 0
0.8974 0.0052 -0.1361 0 30 0 0
0.8974 0.0052 -0.1361 0 30 0 0
0.7436 0.0054 -0.1326 0 30 0 0
0.7436 0.0054 -0.1326 0 30 0 0
0.7436 0.0054 -0.1326 0 30 0 0
0.7436 0.0054 -0.1326 0 30 0 0
0.7436 0.0054 -0.1326 0 30 0 0
0.7436 0.0054 -0.1326 0 30 0 0
0.7436 0.0054 -0.1326 0 30 0 0
0.8974 0.0058 -0.1302 0 30 0 0
0.8974 0.0058 -0.1302 0 30 0 0
0.8974 0.0058 -0.1302 0 30 0 0
0.8974 0.0058 -0.1302 0 30 0 0
0.8974 0.0058 -0.1302 0 30 0 0
0.8974 0.0058 -0.1302 0 30 0 0
0.8974 0.0059 -0.1275 0 30 0 0
0.8974 0.0059 -0.1275 0 30 0 0
0.8974 0.0059 -0.1275 0 30 0 0
0.8974 0.0059 -0.1275 0 30 0 0
0.8974 0.0059 -0.1275 0 30 0 0
0.8974 0.0061 -0.1273 0 30 0 0
0.8974 0.0061 -0.1273 0 30 0 0
0.8974 0.0061 -0.1273 0 30 0 0
0.8974 0.0061 -0.1273 0 30 0 0
0.8974 0.0061 -0.1273 0 30 0 0
0.8974 0.0061 -0.1273 0 30 0 0
0.8462 0.0064 -0.1291 0 30 0 0
0.8462 0.0064 -0.1291 0 30 0 0
0.8462 0.0064 -0.1291 0 30 0 0
0.8462 0.0064 -0.1291 0 30 0 0
0.8462 0.0064 -0.1291 0 30 0 0
0.8462 0.0064 -0.1291 0 30 0 0
0.8462 0.0064 -0.1291 0 30 0 0
0.8974 0.0067 -0.1303 0 30 0 0
0.8974 0.0067 -0.1303 0 30 0 0
0.8974 0.0067 -0.1303 0 30 0 0
0.8974 0.0067 -0.1303 0 30 0 0
0.8974 0.0067 -0.1303 0 30 0 0
0.8974 0.0065 -0.1240 0 30 0 0
0.8718 0.0065 -0.1240 0 30 0 0
0.8718 0.0065 -0.1240 0 30 0 0
0.8718 0.0065 -0.1240 0 30 0 0
0.8718 0.0065 -0.1240 0 30 0 0
0.8718 0.0065 -0.1240 0 30 0 0
0.8974 0.0061 -0.1234 0 30 0 0
0.8974 0.0061 -0.1234 0 30 0 0
0.8974 0.0061 -0.1234 0 30 0 0
0.8974 0.0061 -0.1234 0 30 0 0
0.8974 0.0061 -0.1234 0 30 0 0
0.8974 0.0061 -0.1234 0 30 0 0
0.8974 0.0061 -0.1234 0 30 0 0
0.8462 0.0056 -0.1239 0 30 0 0
0.8462 0.0056 -0.1239 0 30 0 0
0.8462 0.0056 -0.1239 0 30 0 0
0.8462 0.0056 -0.1239 0 30 0 0
0.8462 0.0056 -0.1239 0 30 0 0
0.8462 0.0056 -0.1239 0 30 0 0
0.8462 0.0050 -0.1196 0 30 0 0
0.8462 0.0050 -0.1196 0 30 0 0
0.8462 0.0050 -0.1196 0 30 0 0
0.8462 0.0050 -0.1196 0 30 0 0
0.8462 0.0050 -0.1196 0 30 0 0
0.8462 0.0044 -0.1198 0 30 0 0
0.9231 0.0044 -0.1198 0 30 0 0
0.9231 0.0044 -0.1198 0 30 0 0
0.9231 0.0044 -0.1198 0 30 0 0
0.9231 0.0044 -0.1198 0 30 0 0
0.9231 0.0044 -0.1198 0 30 0 0
0.9231 0.0044 -0.1198 0 30 0 0
0.9231 0.0040 -0.1237 0 30 0 0
0.9231 0.0040 -0.1237 0 30 0 0
0.9231 0.0040 -0.1237 0 30 0 0
0.9231 0.0040 -0.1237 0 30 0 0
0.9231 0.0040 -0.1237 0 30 0 0
0.9231 0.0040 -0.1237 0 30 0 0
0.8974 0.0040 -0.1201 0 30 0 0
0.8974 0.0040 -0.1201 0 30 0 0
0.8974 0.0040 -0.1201 0 30 0 0
0.8974 0.0040 -0.1201 0 30 0 0
0.8974 0.0040 -0.1201 0 30 0 0
0.8974 0.0040 -0.1201 0 30 0 0
0.8718 0.0040 -0.1170 0 30 0 0
0.8718 0.0040 -0.1170 0 30 0 0
0.8718 0.0040 -0.1170 0 30 0 0
0.8718 0.0040 -0.1170 0 30 0 0
0.8718 0.0040 -0.1170 0 30 0 0
0.8718 0.0040 -0.1170 0 30 0 0
0.8718 0.0040 -0.1170 0 30 0 0
0.8718 0.0040 -0.1170 0 30 0 0
0.8718 0.0040 -0.1170 0 30 0 0
0.8718 0.0040 -0.1170 0 30 0 0
0.8718 0.0040 -0.1170 0 30 0 0
0.8718 0.0040 -0.1170 0 30 0 0
0.8718 0.0040 -0.1170 0 30 0 0
0.8718 0.0040 -0.1170 0 30 0 0
0.8974 0.0039 -0.1237 0 30 0 0
0.8974 0.0039 -0.1237 0 30 0 0
0.8974 0.0039 -0.1237 0 30 0 0
0.8974 0.0039 -0.1237 0 30 0 0
0.8974 0.0038 -0.1241 0 30 0 0
0.8974 0.0038 -0.1241 0 30 0 0
0.9487 0.0033 -0.1249 0 30 0 0
0.9487 0.0033 -0.1249 0 30 0 0
0.9487 0.0033 -0.1249 0 30 0 0
0.9487 0.0033 -0.1249 0 30 0 0
0.9231 0.0031 -0.1273 0 30 0 0
0.9231 0.0031 -0.1273 0 30 0 0
0.9231 0.0031 -0.1273 0 30 0 0
0.9231 0.0031 -0.1273 0 30 0 0
0.9231 0.0031 -0.1244 0 30 0 0
0.9231 0.0031 -0.1244 0 30 0 0
0.9231 0.0031 -0.1244 0 30 0 0
0.9231 0.0031 -0.1244 0 30 0 0
0.9231 0.0031 -0.1244 0 30 0 0
0.9231 0.0031 -0.1244 0 30 0 0
0.9231 0.0031 -0.1244 0 30 0 0
0.9231 0.0031 -0.1244 0 30 0 0
0.8974 0.0029 -0.1278 0 30 0 0
0.8974 0.0029 -0.1278 0 30 0 0
0.8974 0.0029 -0.1278 0 30 0 0
0.8974 0.0029 -0.1278 0 30 0 0
0.8974 0.0029 -0.1278 0 30 0 0
0.9487 0.0030 -0.1261 0 30 0 0
0.9487 0.0030 -0.1261 0 30 0 0
0.9487 0.0030 -0.1261 0 30 0 0
0.9487 0.0030 -0.1261 0 30 0 0
0.9487 0.0030 -0.1261 0 30 0 0
0.9487 0.0033 -0.1261 0 30 0 0
0.9487 0.0033 -0.1261 0 30 0 0
0.9487 0.0033 -0.1261 0 30 0 0
0.9487 0.0033 -0.1261 0 30 0 0
0.9487 0.0033 -0.1261 0 30 0 0
0.9487 0.0033 -0.1261 0 30 0 0
0.9487 0.0033 -0.1261 0 30 0 0
0.9487 0.0041 -0.1227 0 30 0 0
0.8718 0.0041 -0.1227 30 30 0 0
0.8718 0.0041 -0.1227 30 30 0 0
0.8718 0.0041 -0.1227 30 30 0 0
0.8718 0.0041 -0.1227 30 30 0 0
0.8718 0.0041 -0.1227 30 30 0 0
0.9231 0.0048 -0.1253 30 30 0 0
0.9231 0.0048 -0.1253 30 30 0 0
0.9231 0.0048 -0.1253 30 30 0 0
0.9231 0.0048 -0.1253 30 30 0 0
0.9231 0.0048 -0.1253 30 30 0 0
0.8974 0.0053 -0.1247 30 30 0 0
0.8974 0.0053 -0.1247 30 30 0 0
0.8974 0.0053 -0.1247 30 30 0 0
0.8974 0.0053 -0.1247 30 30 0 0
0.8974 0.0053 -0.1247 30 30 0 0
0.8974 0.0053 -0.1247 30 30 0 0
0.8974 0.0053 -0.1247 30 30 0 0
0.8974 0.0053 -0.1247 30 30 0 0
0.9231 0.0056 -0.1247 30 30 0 0
0.9231 0.0056 -0.1247 30 30 0 0
0.9231 0.0056 -0.1247 30 30 0 0
0.9231 0.0056 -0.1247 30 30 0 0
0.9231 0.0058 -0.1264 30 30 0 0
0.9231 0.0058 -0.1264 30 30 0 0
0.9231 0.0058 -0.1264 30 30 0 0
0.9231 0.0058 -0.1264 30 30 0 0
0.9231 0.0058 -0.1264 30 30 0 0
0.9231 0.0058 -0.1264 30 30 0 0
0.8974 0.0058 -0.1230 30 30 0 0
0.8974 0.0058 -0.1230 30 30 0 0
0.8974 0.0058 -0.1230 30 30 0 0
0.8974 0.0058 -0.1230 30 30 0 0
0.8974 0.0058 -0.1230 30 30 0 0
0.8974 0.0058 -0.1230 30 30 0 0
0.8974 0.0058 -0.1230 30 0 0 0
0.8974 0.0058 -0.1230 30 0 0 0
0.8974 0.0058 -0.1195 30 0 0 0
0.8974 0.0058 -0.1195 30 0 0 0
0.8974 0.0058 -0.1195 30 0 0 0
0.8974 0.0058 -0.1195 30 0 0 0
0.8974 0.0058 -0.1195 30 0 0 0
0.9487 0.0056 -0.1152 30 0 0 0
0.9487 0.0056 -0.1152 30 0 0 0
0.9487 0.0056 -0.1152 30 0 0 0
0.9487 0.0056 -0.1152 30 0 0 0
0.8205 0.0054 -0.1127 30 0 0 0
0.8205 0.0054 -0.1127 30 0 0 0
0.8205 0.0054 -0.1127 30 0 0 0
0.8205 0.0054 -0.1127 30 0 0 0
0.8205 0.0054 -0.1127 30 0 0 0
0.8205 0.0054 -0.1086 30 0 0 0
0.8974 0.0054 -0.1086 30 0 0 0
0.8974 0.0054 -0.1086 30 0 0 0
0.8974 0.0054 -0.1086 30 0 0 0
0.8974 0.0051 -0.1069 30 0 0 0
0.9231 0.0051 -0.1069 30 0 0 0
0.9231 0.0051 -0.1069 30 0 0 0
0.9231 0.0051 -0.1069 30 0 0 0
0.9231 0.0051 -0.1069 30 0 0 0
0.9231 0.0051 -0.1069 30 0 0 0
0.8974 0.0051 -0.0983 30 0 0 0
0.8974 0.0051 -0.0983 30 0 0 0
0.8974 0.0051 -0.0983 30 0 0 0
0.8974 0.0051 -0.0983 30 0 0 0
0.8974 0.0051 -0.0983 30 0 0 0
0.8974 0.0051 -0.0983 30 0 0 0
0.8974 0.0051 -0.0983 30 0 0 0
0.8974 0.0051 -0.0983 30 0 0 0
0.8974 0.0056 -0.0922 30 0 0 0
0.8974 0.0056 -0.0922 30 0 0 0
0.8974 0.0056 -0.0922 30 0 0 0
0.8974 0.0056 -0.0922 30 0 0 0
0.8974 0.0056 -0.0922 30 0 0 0
0.8974 0.0056 -0.0922 30 0 0 0
0.8974 0.0056 -0.0922 30 0 0 0
0.8974 0.0056 -0.0922 30 0 0 0
0.8974 0.0056 -0.0922 30 0 0 0
0.8974 0.0056 -0.0922 30 0 0 0
0.8974 0.0056 -0.0922 30 0 0 0
0.8974 0.0056 -0.0922 30 0 0 0
0.8974 0.0056 -0.0922 30 0 0 0
0.8974 0.0056 -0.0922 30 0 0 0
0.8974 0.0056 -0.0922 30 0 0 0
0.8974 0.0058 -0.0899 30 0 0 0
0.8974 0.0058 -0.0899 30 0 0 0
0.8974 0.0058 -0.0899 30 0 0 0
0.8974 0.0059 -0.0921 30 0 0 0
0.9231 0.0059 -0.0921 30 0 0 0
0.9231 0.0059 -0.0893 30 0 0 0
0.9231 0.0059 -0.0893 30 0 0 0
0.9231 0.0059 -0.0893 30 0 0 0
0.9231 0.0058 -0.0863 30 0 0 0
0.9231 0.0058 -0.0863 0 0 0 0
0.8718 0.0055 -0.0808 30 0 0 0
0.8718 0.0054 -0.0794 30 0 0 0
0.9231 0.0054 -0.0755 30 0 0 0
0.8718 0.0054 -0.0755 30 0 0 0
0.8974 0.0054 -0.0746 30 0 0 0
0.8718 0.0052 -0.0725 30 0 0 0
0.8718 0.0052 -0.0725 30 0 0 0
0.8462 0.0047 -0.0722 30 0 0 0
0.8462 0.0047 -0.0722 30 0 0 0
0.8462 0.0047 -0.0722 30 0 0 0
0.8462 0.0047 -0.0722 30 0 0 0
0.8462 0.0047 -0.0722 30 0 0 0
0.8462 0.0047 -0.0722 30 0 0 0
0.8462 0.0047 -0.0722 30 0 0 0
0.8462 0.0047 -0.0722 30 0 0 0
0.8462 0.0047 -0.0722 30 0 0 0
0.8462 0.0047 -0.0722 30 0 0 0
0.8462 0.0047 -0.0722 30 0 0 0
0.8462 0.0047 -0.0722 30 0 0 0
0.8718 0.0044 -0.0714 30 0 0 0
0.8718 0.0044 -0.0714 30 0 0 0
0.8718 0.0044 -0.0714 30 0 0 0
0.8718 0.0044 -0.0714 30 0 0 0
0.8974 0.0044 -0.0710 30 0 0 0
0.8974 0.0044 -0.0710 30 0 0 0
0.8974 0.0042 -0.0715 30 0 0 0
0.8974 0.0042 -0.0715 30 0 0 0
0.8974 0.0042 -0.0715 30 0 0 0
0.8974 0.0040 -0.0718 30 0 0 0
0.8974 0.0040 -0.0718 30 0 0 0
0.8974 0.0040 -0.0718 30 0 0 0
0.8974 0.0040 -0.0718 30 0 0 0
0.8974 0.0041 -0.0710 30 0 0 0
0.8974 0.0041 -0.0710 30 0 0 0
0.8974 0.0041 -0.0710 30 0 0 0
0.8974 0.0041 -0.0710 30 0 0 0
0.8974 0.0041 -0.0710 30 0 0 0
0.8974 0.0041 -0.0710 30 0 0 0
0.8974 0.0041 -0.0710 30 0 0 0
0.9231 0.0041 -0.0710 30 0 0 0
0.9231 0.0041 -0.0710 30 0 0 0
0.9231 0.0041 -0.0710 30 0 0 0
0.9231 0.0041 -0.0710 30 0 0 0
0.9231 0.0041 -0.0710 30 0 0 0
0.9231 0.0041 -0.0710 30 0 0 0
0.9231 0.0041 -0.0710 30 0 0 0
0.9231 0.0041 -0.0710 30 0 0 0
0.9487 0.0040 -0.0686 30 0 0 0
0.9487 0.0040 -0.0686 30 0 0 0
0.9487 0.0040 -0.0686 30 0 0 0
0.9487 0.0040 -0.0686 30 0 0 0
0.9487 0.0040 -0.0686 30 0 0 0
0.8974 0.0041 -0.0665 30 0 0 0
0.8974 0.0041 -0.0665 30 0 0 0
0.8974 0.0041 -0.0665 30 0 0 0
0.8974 0.0041 -0.0665 30 0 0 0
0.9487 0.0042 -0.0656 30 0 0 0
0.9487 0.0042 -0.0656 30 0 0 0
0.9487 0.0042 -0.0656 30 0 0 0
0.9487 0.0042 -0.0656 30 0 0 0
0.9487 0.0042 -0.0656 30 0 0 0
0.9487 0.0042 -0.0656 30 0 0 0
0.9487 0.0042 -0.0656 30 0 0 0
0.9744 0.0043 -0.0644 30 0 0 0
0.9744 0.0043 -0.0644 30 0 0 0
0.9744 0.0043 -0.0644 30 0 0 0
0.9744 0.0043 -0.0644 30 0 0 0
0.9231 0.0043 -0.0649 30 0 0 0
0.9231 0.0043 -0.0649 30 0 0 0
0.9231 0.0043 -0.0649 30 0 0 0
0.9231 0.0043 -0.0649 30 0 0 0
0.9231 0.0043 -0.0649 30 0 0 0
0.9231 0.0043 -0.0649 30 0 0 0
0.8974 0.0042 -0.0630 30 0 0 0
0.8974 0.0042 -0.0630 30 0 0 0
0.8974 0.0042 -0.0630 30 0 0 0
0.8974 0.0042 -0.0630 30 0 0 0
0.8974 0.0042 -0.0630 30 0 0 0
0.8974 0.0042 -0.0630 30 0 0 0
0.8974 0.0042 -0.0630 30 0 0 0
0.8974 0.0042 -0.0630 30 0 0 0
0.8974 0.0036 -0.0621 30 0 0 0
0.8974 0.0036 -0.0621 30 0 0 0
0.8974 0.0036 -0.0621 30 0 0 0
0.8974 0.0036 -0.0621 30 0 0 0
0.9231 0.0035 -0.0625 30 0 0 0
0.9231 0.0035 -0.0625 30 0 0 0
0.9231 0.0035 -0.0625 30 0 0 0
0.9231 0.0035 -0.0625 30 0 0 0
0.9231 0.0035 -0.0625 30 0 0 0
0.9231 0.0035 -0.0625 30 0 0 0
0.9231 0.0035 -0.0625 30 0 0 0
0.9231 0.0035 -0.0625 30 0 0 0
0.9231 0.0035 -0.0625 30 0 0 0
0.9231 0.0035 -0.0625 30 0 0 0
0.9231 0.0035 -0.0625 30 0 0 0
0.9231 0.0035 -0.0625 30 0 0 0
0.9231 0.0035 -0.0625 30 0 0 0
0.9231 0.0035 -0.0625 30 0 0 0
0.9231 0.0035 -0.0625 30 0 0 0
0.9231 0.0035 -0.0625 30 0 0 0
0.8718 0.0035 -0.0623 30 0 0 0
0.8718 0.0035 -0.0623 30 0 0 0
0.8718 0.0035 -0.0623 30 0 0 0
0.8718 0.0031 -0.0547 30 0 0 0
0.8718 0.0030 -0.0251 30 0 0 0
0.9744 0.0030 -0.0251 30 0 0 0
0.9744 0.0030 -0.0251 30 0 0 0
0.9231 0.0029 -0.0274 30 0 0 0
0.9231 0.0029 -0.0274 30 0 0 0
0.9231 0.0029 -0.0274 30 0 0 0
0.9231 0.0029 -0.0274 30 0 0 0
0.9231 0.0029 -0.0274 30 0 0 0
0.9231 0.0029 -0.0274 30 0 0 0
0.9231 0.0029 -0.0274 30 0 0 0
0.9231 0.0036 -0.0255 30 0 0 0
0.9231 0.0036 -0.0255 30 0 0 0
0.9231 0.0036 -0.0255 30 0 0 0
0.9231 0.0036 -0.0255 30 0 0 0
0.9231 0.0036 -0.0255 30 0 0 0
0.9231 0.0036 -0.0255 30 0 0 0
0.8974 0.0046 -0.0260 30 0 0 0
0.8974 0.0046 -0.0260 30 0 0 0
0.8974 0.0046 -0.0260 30 0 0 0
0.8974 0.0046 -0.0260 30 0 0 0
0.8974 0.0046 -0.0260 30 0 0 0
0.8974 0.0046 -0.0260 30 0 0 0
0.8974 0.0056 -0.0269 30 0 0 0
0.8974 0.0056 -0.0269 30 0 0 0
0.8974 0.0056 -0.0269 30 0 0 0
0.8974 0.0056 -0.0269 30 0 0 0
0.8974 0.0056 -0.0269 30 0 0 0
0.8974 0.0056 -0.0269 30 0 0 0
0.8974 0.0056 -0.0269 30 0 0 0
0.8974 0.0056 -0.0269 30 0 0 0
0.8974 0.0056 -0.0269 30 0 0 0
0.8974 0.0056 -0.0269 30 0 0 0
0.8974 0.0056 -0.0269 30 0 0 0
0.8974 0.0056 -0.0269 30 0 0 0
0.8974 0.0056 -0.0269 30 0 0 0
0.8974 0.0056 -0.0269 30 0 0 0
0.8974 0.0056 -0.0269 30 0 0 0
0.8974 0.0063 -0.0271 30 0 0 0
0.8974 0.0063 -0.0271 30 0 0 0
0.9487 0.0066 -0.0037 30 0 0 0
