0.6667 0.0052 -0.0399 0 0 0 30
0.6154 0.0052 -0.0399 0 0 0 30
0.6154 0.0052 -0.0399 0 0 0 30
0.5641 0.0060 -0.0427 0 0 0 30
0.5641 0.0060 -0.0427 0 0 0 30
0.5641 0.0072 -0.0483 0 0 0 30
0.5897 0.0072 -0.0483 0 0 0 30
0.6154 0.0080 -0.0491 0 0 0 30
0.6154 0.0080 -0.0491 0 0 0 30
0.6154 0.0080 -0.0491 0 0 0 30
0.6154 0.0079 -0.0477 0 0 0 30
0.6154 0.0073 -0.0486 0 0 0 30
0.5641 0.0073 -0.0486 0 0 0 30
0.5641 0.0073 -0.0486 0 0 0 30
0.5641 0.0073 -0.0486 0 0 0 30
0.6410 0.0070 -0.0488 0 0 0 30
0.6410 0.0070 -0.0488 0 0 0 0
0.6410 0.0069 -0.0492 0 0 0 30
0.6410 0.0062 -0.0515 0 0 0 30
0.6154 0.0062 -0.0515 0 0 0 30
0.6154 0.0059 -0.0502 0 0 0 30
0.6154 0.0059 -0.0502 0 0 0 30
0.6667 0.0059 -0.0502 0 0 0 30
0.6667 0.0059 -0.0502 0 0 0 30
0.6667 0.0059 -0.0502 0 0 0 30
0.6667 0.0059 -0.0502 0 0 0 30
0.6667 0.0059 -0.0502 0 0 0 30
0.6667 0.0059 -0.0502 0 0 0 30
0.6667 0.0059 -0.0502 0 0 0 30
0.6667 0.0062 -0.0480 0 0 0 30
0.6923 0.0062 -0.0480 0 0 0 30
0.6923 0.0062 -0.0480 0 0 0 30
0.6923 0.0062 -0.0480 0 0 0 30
0.6923 0.0062 -0.0480 0 0 0 0
0.6410 0.0069 -0.0444 0 0 0 30
0.6667 0.0069 -0.0444 0 0 0 30
0.6667 0.0069 -0.0444 0 0 0 30
0.5897 0.0068 -0.0423 0 0 0 30
0.5897 0.0069 -0.0409 0 0 0 30
0.6154 0.0069 -0.0409 0 0 0 30
0.6154 0.0069 -0.0409 0 0 0 30
0.6410 0.0070 -0.0378 0 0 0 30
0.6410 0.0070 -0.0378 0 0 0 30
0.6410 0.0070 -0.0378 0 0 0 30
0.6410 0.0070 -0.0378 0 0 0 30
0.6410 0.0070 -0.0378 0 0 0 30
0.6410 0.0070 -0.0378 0 0 0 0
0.5641 0.0046 -0.0316 0 0 0 30
0.5641 0.0046 -0.0316 0 0 0 30
0.7179 0.0043 -0.0302 0 0 0 30
0.6923 0.0043 -0.0297 0 0 0 30
0.6923 0.0044 -0.0288 0 0 0 30
0.6923 0.0044 -0.0288 0 0 0 30
0.5385 0.0044 -0.0288 0 0 0 30
0.5641 0.0045 -0.0251 0 0 0 0
0.6667 0.0042 -0.0277 0 0 0 30
0.7179 0.0042 -0.0277 0 0 0 30
0.7179 0.0045 -0.0298 0 0 0 30
0.7179 0.0045 -0.0298 0 0 0 30
0.7179 0.0048 -0.0292 0 0 0 0
0.6923 0.0049 -0.0267 0 0 0 30
0.6923 0.0049 -0.0267 0 0 0 30
0.6154 0.0050 -0.0250 0 0 0 30
0.6154 0.0051 -0.0268 0 0 0 30
0.6667 0.0051 -0.0268 0 0 0 30
0.6667 0.0051 -0.0268 0 0 0 30
0.6923 0.0061 -0.0266 0 0 0 0
0.5641 0.0066 -0.0239 0 0 0 30
0.5641 0.0060 -0.0226 0 0 0 30
0.6410 0.0056 -0.0213 0 0 0 30
0.6410 0.0056 -0.0213 0 0 0 30
0.6923 0.0059 -0.0192 0 0 0 30
0.6923 0.0059 -0.0192 0 0 0 30
0.5385 0.0063 -0.0170 0 0 0 30
0.5385 0.0063 -0.0170 0 0 0 30
0.5385 0.0063 -0.0170 0 0 0 30
0.5385 0.0063 -0.0170 0 0 0 30
0.5385 0.0063 -0.0170 0 0 0 0
0.6154 0.0060 -0.0176 0 0 0 30
0.5897 0.0057 -0.0172 0 0 0 30
0.5897 0.0055 -0.0163 0 0 0 30
0.5897 0.0059 -0.0129 0 0 0 30
0.5897 0.0063 -0.0111 0 0 0 30
0.5897 0.0063 -0.0111 0 0 0 0
0.6154 0.0049 -0.0093 0 0 0 30
0.6154 0.0051 -0.0084 0 0 0 30
0.5897 0.0051 -0.0084 0 0 0 30
0.6154 0.0053 -0.0056 0 0 0 30
0.6154 0.0052 -0.0055 0 0 0 30
0.6410 0.0052 -0.0055 0 0 0 0
0.5897 0.0066 -0.0056 0 0 0 30
0.6154 0.0066 -0.0056 0 0 0 30
0.6154 0.0065 -0.0030 0 0 0 30
0.6154 0.0065 -0.0030 0 0 0 30
0.6154 0.0068 -0.0016 0 0 0 30
0.6667 0.0071 -0.0016 0 0 0 30
0.6667 0.0078 0.0002 0 0 0 30
0.6154 0.0078 0.0002 0 0 0 0
0.5641 0.0123 0.0288 0 0 -30 0
0.5897 0.0124 0.0290 0 0 -30 0
0.5897 0.0129 0.0282 0 0 -30 0
0.5897 0.0129 0.0282 0 0 -30 0
0.5641 0.0125 0.0288 0 0 -30 0
0.5641 0.0125 0.0288 0 0 -30 0
0.5641 0.0120 0.0299 0 0 -30 0
0.5641 0.0117 0.0277 0 0 -30 0
0.5641 0.0117 0.0277 0 0 -30 0
0.5641 0.0117 0.0277 0 0 -30 0
0.5897 0.0114 0.0273 0 0 -30 0
0.5897 0.0114 0.0273 0 0 -30 0
0.5897 0.0114 0.0273 0 0 -30 0
0.5897 0.0114 0.0273 0 0 -30 0
0.5897 0.0114 0.0273 0 0 -30 0
0.5897 0.0114 0.0273 0 0 -30 0
0.5897 0.0114 0.0273 0 0 0 0
0.6410 0.0108 0.0220 0 0 30 0
0.6410 0.0110 0.0204 0 0 30 0
0.5641 0.0110 0.0204 0 0 30 0
0.5641 0.0111 0.0187 0 0 30 0
0.6667 0.0111 0.0187 0 0 30 0
0.6667 0.0108 0.0181 0 0 30 0
0.5641 0.0108 0.0181 0 0 30 0
0.5641 0.0099 0.0171 0 0 30 0
0.5641 0.0099 0.0171 0 0 30 0
0.5641 0.0094 0.0148 0 0 30 0
0.6410 0.0094 0.0148 0 0 30 0
0.7179 0.0091 0.0158 0 0 30 0
0.7179 0.0091 0.0158 0 0 30 0
0.7179 0.0091 0.0158 0 0 30 0
0.7179 0.0091 0.0158 0 0 30 0
0.7179 0.0091 0.0158 0 0 30 0
0.7179 0.0091 0.0158 0 0 30 0
0.7179 0.0091 0.0158 0 0 30 0
0.7179 0.0091 0.0158 0 0 30 0
0.7179 0.0091 0.0175 0 0 0 0
0.6154 0.0089 0.0093 0 0 30 0
0.6154 0.0089 0.0093 0 0 30 0
0.5385 0.0086 0.0085 0 0 30 0
0.5385 0.0078 0.0107 0 0 30 0
0.6154 0.0078 0.0107 0 0 30 0
0.5385 0.0069 0.0094 0 0 30 0
0.5385 0.0069 0.0094 0 0 30 0
0.6667 0.0056 0.0053 0 0 30 0
0.6667 0.0056 0.0053 0 0 30 0
0.6667 0.0053 0.0041 0 0 30 0
0.6667 0.0051 -0.0019 0 0 30 0
0.5897 0.0051 -0.0019 0 0 30 0
0.5897 0.0051 -0.0019 0 0 30 0
0.5897 0.0051 -0.0019 0 0 30 0
0.5897 0.0051 -0.0019 0 0 30 0
0.6667 0.0049 -0.0061 0 0 30 0
0.6667 0.0049 -0.0061 0 0 30 0
0.6667 0.0049 -0.0061 0 0 30 0
0.6667 0.0049 -0.0061 0 0 0 0
0.6667 0.0042 -0.0018 0 30 0 0
0.6667 0.0045 -0.0015 0 30 0 0
0.5897 0.0045 -0.0015 0 30 0 0
0.5897 0.0045 -0.0015 0 30 0 0
0.5897 0.0050 -0.0017 0 30 0 0
0.7179 0.0050 -0.0017 0 30 0 0
