0.6800 0.0091 -0.0062 0 0 0 10
0.6600 0.0090 -0.0065 0 0 0 0
0.6660 0.0100 0.0062 0 0 0 10
0.6780 0.0098 0.0037 0 0 0 10
0.6920 0.0101 0.0016 0 0 0 0
0.6700 0.0095 0.0131 0 0 10 0
0.6720 0.0087 0.0145 0 0 10 0
0.6960 0.0092 0.0118 0 0 10 0
0.7060 0.0088 0.0135 0 0 10 0
0.6840 0.0086 0.0128 0 0 0 0
0.6960 0.0076 0.0111 0 0 10 0
0.6860 0.0070 0.0132 0 0 0 0
0.6640 0.0070 0.0124 0 0 10 0
0.6640 0.0066 0.0151 0 0 10 0
0.6820 0.0058 0.0156 0 0 0 0
0.6900 0.0061 0.0119 0 0 10 0
0.6680 0.0057 0.0064 0 0 10 0
0.6920 0.0060 0.0090 0 0 0 0
0.6600 0.0068 0.0037 0 0 10 0
0.6560 0.0071 0.0107 0 0 10 0
0.6860 0.0071 0.0107 0 0 0 0
0.6720 0.0049 0.0109 0 0 0 0
0.6880 0.0053 0.0066 0 0 -10 0
0.6740 0.0052 -0.0020 0 0 -10 0
0.6800 0.0047 -0.0038 0 0 0 0
0.6760 0.0049 -0.0056 0 0 -10 0
0.6940 0.0048 0.0048 0 0 -10 0
0.6980 0.0041 0.0046 0 0 0 0
0.6760 0.0047 0.0046 0 0 -10 0
0.6760 0.0042 0.0057 0 0 0 0
0.6940 0.0080 -0.0064 0 0 10 0
0.6840 0.0084 -0.0017 0 0 10 0
0.6800 0.0074 0.0014 0 0 0 0
0.6960 0.0068 -0.0003 0 0 10 0
0.6800 0.0061 0.0030 0 0 10 0
0.6940 0.0072 0.0023 0 0 10 0
0.6940 0.0072 0.0023 0 0 0 0
