0.5480 -0.0019 0.0210 10 0 0 0
0.5360 -0.0007 0.0172 10 0 0 0
0.5300 -0.0013 0.0178 10 0 0 0
0.5340 -0.0021 0.0185 10 0 0 0
0.5340 -0.0021 0.0185 10 0 0 0
0.5500 -0.0017 0.0195 10 0 0 0
0.5400 -0.0016 0.0194 10 0 0 0
0.5380 -0.0019 0.0193 10 0 0 0
0.5380 -0.0019 0.0193 10 0 0 0
0.5460 -0.0017 0.0197 10 0 0 0
0.5460 -0.0020 0.0197 10 0 0 0
0.5360 -0.0023 0.0195 10 0 0 0
0.5440 -0.0022 0.0192 10 0 0 0
0.5440 -0.0022 0.0192 10 0 0 0
0.5400 -0.0019 0.0192 10 0 0 0
0.5400 -0.0019 0.0192 10 0 0 0
0.5500 -0.0017 0.0184 10 0 0 0
0.5500 -0.0017 0.0184 10 0 0 0
0.5520 -0.0025 0.0193 10 0 0 0
0.5520 -0.0025 0.0193 10 0 0 0
0.5460 -0.0023 0.0196 10 0 0 0
0.5580 -0.0019 0.0189 10 0 0 0
0.5660 -0.0016 0.0185 10 0 0 0
0.5400 -0.0016 0.0193 10 0 0 0
0.5500 -0.0021 0.0196 10 0 0 0
0.5500 -0.0021 0.0196 10 0 0 0
0.5500 -0.0025 0.0204 10 0 0 0
0.5400 -0.0024 0.0217 10 0 0 0
0.5520 -0.0022 0.0216 10 0 0 0
0.5540 -0.0018 0.0210 10 0 0 0
0.5540 -0.0018 0.0210 10 0 0 0
0.5480 -0.0018 0.0211 10 0 0 0
0.5580 -0.0023 0.0215 10 0 0 0
0.5620 -0.0021 0.0221 10 0 0 0
0.5620 -0.0021 0.0221 10 0 0 0
0.5580 -0.0019 0.0229 10 0 0 0
0.5580 -0.0019 0.0229 10 0 0 0
0.5520 -0.0018 0.0227 10 0 0 0
0.5600 -0.0023 0.0231 10 0 0 0
0.5560 -0.0025 0.0232 10 0 0 0
0.5560 -0.0025 0.0232 10 0 0 0
0.5660 -0.0028 0.0235 10 0 0 0
0.5360 -0.0025 0.0234 10 0 0 0
0.5600 -0.0019 0.0240 10 0 0 0
0.5660 -0.0012 0.0233 10 0 0 0
0.5660 -0.0012 0.0233 10 0 0 0
0.5440 -0.0010 0.0233 10 0 0 0
0.5440 -0.0010 0.0233 10 0 0 0
0.5600 -0.0017 0.0226 10 0 0 0
0.5600 -0.0020 0.0225 10 0 0 0
0.5400 -0.0025 0.0224 10 0 0 0
0.5400 -0.0025 0.0224 10 0 0 0
0.5520 -0.0026 0.0197 10 0 0 0
0.5440 -0.0022 0.0196 10 0 0 0
0.5520 -0.0021 0.0183 10 0 0 0
0.5740 -0.0015 0.0186 10 0 0 0
0.5740 -0.0015 0.0186 10 0 0 0
0.5420 -0.0011 0.0179 10 0 0 0
0.5420 -0.0011 0.0179 10 0 0 0
0.5500 -0.0017 0.0165 10 0 0 0
0.5600 -0.0017 0.0166 10 0 0 0
0.5560 -0.0014 0.0144 10 0 0 0
0.5560 -0.0014 0.0144 10 0 0 0
0.5820 -0.0012 0.0143 10 0 0 0
0.5700 -0.0010 0.0144 10 0 0 0
0.5440 -0.0012 0.0148 10 0 0 0
0.5600 -0.0013 0.0159 10 0 0 0
0.5460 -0.0011 0.0159 10 0 0 0
0.5460 -0.0011 0.0159 10 0 0 0
0.5580 -0.0012 0.0170 10 0 0 0
0.5740 -0.0014 0.0172 10 0 0 0
0.5480 -0.0018 0.0186 10 0 0 0
0.5680 -0.0024 0.0188 10 0 0 0
0.5680 -0.0024 0.0188 10 0 0 0
0.5600 -0.0024 0.0204 10 0 0 0
0.5420 -0.0025 0.0198 10 0 0 0
0.5400 -0.0024 0.0200 10 0 0 0
0.5420 -0.0023 0.0174 10 0 0 0
0.5440 -0.0022 0.0177 10 0 0 0
0.5440 -0.0022 0.0187 10 0 0 0
0.5640 -0.0022 0.0187 10 0 0 0
0.5140 -0.0027 0.0188 10 0 0 0
0.5500 -0.0030 0.0179 10 0 0 0
0.5580 -0.0030 0.0179 10 0 0 0
0.5420 -0.0026 0.0154 10 0 0 0
0.5580 -0.0026 0.0152 10 0 0 0
0.5580 -0.0026 0.0152 10 0 0 0
0.5640 -0.0025 0.0148 10 0 0 0
0.5500 -0.0023 0.0148 10 0 0 0
0.5540 -0.0017 0.0153 10 0 0 0
0.5580 -0.0012 0.0156 10 0 0 0
0.5580 -0.0012 0.0156 10 0 0 0
0.5540 -0.0007 0.0157 10 0 0 0
0.5420 -0.0010 0.0164 10 0 0 0
0.5240 -0.0014 0.0165 10 0 0 0
0.5380 -0.0015 0.0161 10 0 0 0
0.5520 -0.0012 0.0164 10 0 0 0
0.5520 -0.0012 0.0164 10 0 0 0
0.5400 -0.0007 0.0181 10 0 0 0
0.5520 -0.0004 0.0188 10 0 0 0
0.5680 -0.0002 0.0200 10 0 0 0
0.5600 -0.0000 0.0198 10 0 0 0
0.5680 0.0001 0.0190 10 0 0 0
0.5580 0.0001 0.0185 10 0 0 0
0.5580 0.0001 0.0185 10 0 0 0
0.5760 -0.0001 0.0166 10 0 0 0
0.5820 0.0001 0.0165 10 0 0 0
0.5680 0.0005 0.0173 10 0 0 0
0.5680 0.0005 0.0173 10 0 0 0
0.5680 0.0004 0.0176 10 0 0 0
0.5780 0.0000 0.0175 10 0 0 0
0.5780 -0.0005 0.0177 10 0 0 0
0.5520 -0.0007 0.0173 10 0 0 0
0.5820 -0.0008 0.0134 10 0 0 0
0.5980 -0.0010 0.0134 10 0 0 0
0.5980 -0.0010 0.0134 10 0 0 0
0.5840 -0.0009 0.0133 10 0 0 0
0.5760 -0.0005 0.0131 10 0 0 0
0.5840 -0.0003 0.0090 10 0 0 0
0.5800 -0.0006 0.0090 10 0 0 0
0.5800 -0.0006 0.0090 10 0 0 0
0.5800 -0.0006 0.0105 10 0 0 0
0.5880 -0.0007 0.0106 10 0 0 0
0.5800 -0.0005 0.0115 10 0 0 0
0.5800 0.0002 0.0128 10 0 0 0
0.5620 0.0004 0.0127 10 0 0 0
0.5620 0.0004 0.0132 10 0 0 0
0.5560 0.0004 0.0132 10 0 0 0
0.5560 0.0004 0.0128 0 0 0 0
0.5580 -0.0002 0.0128 0 0 0 -10
0.5720 -0.0000 0.0133 0 0 0 -10
0.5600 -0.0004 0.0122 0 0 0 -10
0.5740 -0.0002 0.0124 0 0 0 -10
0.5740 -0.0002 0.0124 0 0 0 0
0.5560 -0.0010 0.0106 0 0 0 -10
0.5620 -0.0028 0.0075 0 0 0 -10
0.5720 -0.0025 0.0082 0 0 0 -10
0.5720 -0.0025 0.0082 0 0 0 0
0.5760 -0.0025 -0.0013 0 0 0 -10
0.5700 -0.0021 -0.0008 0 0 0 0
0.5640 -0.0005 -0.0012 10 0 0 0
0.5660 -0.0014 -0.0072 10 0 0 0
0.5720 -0.0007 -0.0050 10 0 0 0
0.5720 -0.0005 -0.0052 10 0 0 0
0.5520 -0.0000 -0.0026 10 0 0 0
0.5680 -0.0001 -0.0026 10 0 0 0
0.6000 -0.0006 -0.0031 10 0 0 0
0.6000 -0.0006 -0.0031 10 0 0 0
0.5700 -0.0013 -0.0021 10 0 0 0
0.5680 -0.0019 -0.0020 10 0 0 0
0.5680 -0.0016 -0.0009 0 0 0 0
0.5620 0.0001 0.0018 10 0 0 0
0.5600 -0.0026 0.0030 10 0 0 0
0.5600 -0.0026 0.0030 10 0 0 0
0.5540 -0.0019 0.0051 10 0 0 0
0.5620 -0.0018 0.0062 0 0 0 0
0.5580 -0.0013 0.0049 10 0 0 0
0.5840 -0.0015 0.0068 10 0 0 0
0.5740 -0.0019 0.0068 10 0 0 0
0.5740 -0.0019 0.0068 10 0 0 0
0.5840 -0.0022 0.0058 0 0 0 0
0.5800 -0.0021 0.0055 10 0 0 0
0.5960 -0.0008 0.0053 10 0 0 0
0.6060 -0.0010 0.0054 10 0 0 0
0.6060 -0.0010 0.0054 10 0 0 0
0.5960 -0.0014 0.0070 10 0 0 0
0.5760 -0.0017 0.0061 0 0 0 0
0.5860 -0.0021 0.0062 10 0 0 0
0.5800 -0.0011 0.0086 10 0 0 0
0.5720 -0.0014 0.0118 10 0 0 0
0.5720 -0.0014 0.0118 10 0 0 0
0.5580 -0.0015 0.0123 10 0 0 0
0.5900 -0.0013 0.0151 10 0 0 0
0.5820 -0.0016 0.0144 10 0 0 0
0.5780 -0.0018 0.0140 10 0 0 0
0.5780 -0.0018 0.0140 10 0 0 0
0.5800 -0.0021 0.0138 10 0 0 0
0.5840 -0.0017 0.0134 10 0 0 0
0.5760 -0.0012 0.0140 10 0 0 0
0.5860 -0.0012 0.0132 10 0 0 0
0.5960 -0.0005 0.0130 10 0 0 0
0.6040 -0.0002 0.0128 0 0 0 0
0.5800 -0.0016 0.0149 10 0 0 0
0.5860 -0.0020 0.0196 10 0 0 0
0.5880 -0.0024 0.0178 10 0 0 0
0.5900 -0.0026 0.0174 10 0 0 0
0.5900 -0.0026 0.0174 0 0 0 0
0.5880 -0.0037 0.0111 0 0 0 -10
0.6080 -0.0014 0.0117 0 0 0 -10
0.6100 -0.0019 0.0118 0 0 0 0
0.5900 -0.0008 0.0058 0 0 0 -10
0.6100 -0.0003 0.0069 0 0 0 -10
0.6180 -0.0022 0.0032 0 0 0 0
0.6060 -0.0023 -0.0118 10 0 0 0
0.6040 -0.0023 -0.0111 10 0 0 0
0.5940 -0.0025 -0.0061 10 0 0 0
0.5940 -0.0025 -0.0061 10 0 0 0
0.6000 -0.0033 -0.0044 10 0 0 0
0.6180 -0.0027 -0.0077 10 0 0 0
0.6180 -0.0027 -0.0077 10 0 0 0
0.6160 -0.0020 -0.0076 0 0 0 0
0.5960 -0.0005 -0.0091 10 0 0 0
0.6060 -0.0012 -0.0082 10 0 0 0
0.6100 -0.0007 -0.0122 10 0 0 0
0.6160 -0.0005 -0.0118 10 0 0 0
0.6220 -0.0001 -0.0100 0 0 0 0
0.6000 -0.0003 -0.0082 10 0 0 0
0.5960 -0.0008 -0.0081 10 0 0 0
0.5800 -0.0009 -0.0081 10 0 0 0
0.5800 -0.0009 -0.0081 10 0 0 0
0.5840 -0.0010 -0.0089 10 0 0 0
0.6000 -0.0011 -0.0119 0 0 0 0
0.6140 -0.0021 -0.0143 10 0 0 0
0.6100 -0.0020 -0.0155 10 0 0 0
0.6220 -0.0008 -0.0158 10 0 0 0
0.6080 -0.0001 -0.0175 10 0 0 0
0.6080 -0.0001 -0.0175 10 0 0 0
0.6020 -0.0009 -0.0161 0 0 0 0
0.6180 -0.0013 -0.0161 10 0 0 0
0.6040 -0.0016 -0.0154 10 0 0 0
0.6080 -0.0018 -0.0139 10 0 0 0
0.6100 -0.0017 -0.0145 10 0 0 0
0.6100 -0.0017 -0.0145 0 0 0 0
0.6020 -0.0018 -0.0138 10 0 0 0
0.6000 -0.0016 -0.0149 10 0 0 0
0.6060 -0.0017 -0.0148 10 0 0 0
0.6100 -0.0018 -0.0147 10 0 0 0
0.5980 -0.0019 -0.0146 10 0 0 0
0.5900 -0.0019 -0.0137 10 0 0 0
0.5900 -0.0019 -0.0137 0 0 0 0
0.6080 -0.0018 -0.0135 0 0 0 10
0.5880 -0.0021 -0.0116 0 0 0 10
0.6280 -0.0014 -0.0103 0 0 0 0
0.6040 -0.0017 -0.0025 0 0 0 10
0.6340 0.0002 -0.0018 0 0 0 0
0.6120 -0.0009 0.0015 0 0 0 10
0.6160 -0.0004 0.0021 0 0 0 0
0.6220 -0.0005 0.0003 10 0 0 0
0.6360 -0.0015 -0.0001 10 0 0 0
0.6300 -0.0012 0.0011 10 0 0 0
0.6260 -0.0011 0.0000 10 0 0 0
0.6260 -0.0011 0.0000 10 0 0 0
0.6360 -0.0010 -0.0017 10 0 0 0
0.6380 -0.0010 -0.0013 10 0 0 0
0.6320 -0.0014 -0.0005 0 0 0 0
0.6400 -0.0017 -0.0001 10 0 0 0
0.6360 -0.0021 0.0004 10 0 0 0
0.6060 -0.0029 0.0005 10 0 0 0
0.6140 -0.0032 0.0001 10 0 0 0
0.6140 -0.0033 0.0020 0 0 0 0
0.6280 -0.0035 0.0018 10 0 0 0
0.6120 -0.0018 -0.0010 10 0 0 0
0.6120 -0.0012 -0.0016 10 0 0 0
0.6240 -0.0012 -0.0016 10 0 0 0
0.6300 -0.0016 0.0001 10 0 0 0
0.6120 -0.0026 -0.0000 0 0 0 0
0.6200 -0.0034 0.0011 10 0 0 0
0.6300 -0.0028 0.0042 10 0 0 0
0.6460 -0.0025 0.0042 10 0 0 0
0.6280 -0.0024 0.0044 10 0 0 0
0.6280 -0.0024 0.0044 10 0 0 0
0.6240 -0.0022 0.0036 0 0 0 0
0.6240 -0.0019 -0.0006 10 0 0 0
0.6080 -0.0018 -0.0013 10 0 0 0
0.6180 -0.0016 -0.0003 10 0 0 0
0.6240 -0.0015 -0.0002 10 0 0 0
0.6100 -0.0016 -0.0006 0 0 0 0
0.6320 -0.0017 -0.0003 10 0 0 0
0.6140 -0.0008 -0.0011 10 0 0 0
0.6220 -0.0003 -0.0014 10 0 0 0
0.6200 -0.0002 -0.0014 10 0 0 0
0.6200 0.0001 -0.0014 10 0 0 0
0.6200 0.0001 -0.0014 0 0 0 0
0.6200 -0.0003 -0.0029 10 0 0 0
0.6260 0.0002 -0.0029 10 0 0 0
0.6280 0.0000 -0.0028 10 0 0 0
0.6280 -0.0004 -0.0026 10 0 0 0
0.6280 -0.0004 -0.0026 0 0 0 0
0.6260 -0.0005 -0.0044 10 0 0 0
0.6260 0.0002 -0.0045 10 0 0 0
0.6260 0.0002 -0.0045 10 0 0 0
0.6200 0.0002 -0.0051 0 0 0 0
0.6240 0.0001 -0.0066 10 0 0 0
0.6200 0.0001 -0.0077 10 0 0 0
0.6300 0.0001 -0.0060 10 0 0 0
0.6180 0.0004 -0.0059 10 0 0 0
0.6300 0.0007 -0.0043 0 0 0 0
0.6220 0.0009 -0.0053 10 0 0 0
0.6260 0.0002 -0.0039 10 0 0 0
0.6400 0.0001 -0.0034 10 0 0 0
0.6400 -0.0001 -0.0030 10 0 0 0
0.6420 -0.0001 -0.0030 0 0 0 0
0.6420 -0.0003 -0.0015 10 0 0 0
0.6300 -0.0012 -0.0021 10 0 0 0
0.6380 -0.0013 -0.0021 10 0 0 0
0.6320 -0.0001 -0.0041 0 0 0 0
0.6280 -0.0003 -0.0035 10 0 0 0
0.6360 -0.0006 -0.0030 10 0 0 0
0.6360 -0.0005 -0.0029 10 0 0 0
0.6420 -0.0004 -0.0049 10 0 0 0
0.6420 -0.0004 -0.0049 10 0 0 0
0.6460 -0.0005 -0.0056 0 0 0 0
0.6240 -0.0007 -0.0085 10 0 0 0
0.6180 -0.0010 -0.0128 10 0 0 0
0.6180 -0.0010 -0.0128 10 0 0 0
0.6240 -0.0007 -0.0129 10 0 0 0
0.6100 -0.0007 -0.0127 0 0 0 0
0.6040 -0.0010 -0.0111 10 0 0 0
0.6040 -0.0005 -0.0101 10 0 0 0
0.6160 -0.0000 -0.0092 10 0 0 0
0.6160 -0.0000 -0.0092 10 0 0 0
0.6200 -0.0003 -0.0092 10 0 0 0
0.6160 -0.0000 -0.0094 0 0 0 0
0.6260 -0.0002 -0.0081 10 0 0 0
0.6380 -0.0003 -0.0073 10 0 0 0
0.6160 -0.0005 -0.0065 10 0 0 0
0.6160 -0.0005 -0.0065 0 0 0 0
0.6280 0.0004 -0.0064 10 0 0 0
0.6340 0.0010 -0.0043 10 0 0 0
0.6460 -0.0010 -0.0037 10 0 0 0
0.6460 -0.0010 -0.0037 10 0 0 0
0.6220 -0.0012 -0.0037 0 0 0 0
0.6280 -0.0014 -0.0050 10 0 0 0
0.6400 -0.0018 -0.0029 10 0 0 0
0.6280 -0.0018 -0.0028 10 0 0 0
0.6160 -0.0021 -0.0012 0 0 0 0
0.6320 -0.0019 -0.0026 10 0 0 0
0.6360 -0.0025 -0.0034 10 0 0 0
0.6360 -0.0025 -0.0034 10 0 0 0
0.6200 -0.0027 -0.0013 0 0 0 0
0.6380 -0.0025 0.0033 10 0 0 0
0.6500 -0.0027 0.0018 10 0 0 0
0.6420 -0.0028 0.0069 10 0 0 0
0.6420 -0.0031 0.0062 10 0 0 0
0.6460 -0.0029 0.0048 10 0 0 0
0.6460 -0.0029 0.0048 0 0 0 0
0.6180 -0.0028 0.0015 10 0 0 0
0.6220 -0.0025 -0.0029 10 0 0 0
0.6180 -0.0023 -0.0036 10 0 0 0
0.6200 -0.0025 -0.0040 10 0 0 0
0.6200 -0.0025 -0.0040 0 0 0 0
0.6160 -0.0030 -0.0041 10 0 0 0
0.6140 -0.0020 -0.0056 10 0 0 0
0.6240 -0.0019 -0.0058 10 0 0 0
0.6240 -0.0019 -0.0058 10 0 0 0
0.6280 -0.0019 -0.0059 0 0 0 0
0.6280 -0.0018 -0.0060 10 0 0 0
0.6200 -0.0017 -0.0024 10 0 0 0
0.6200 -0.0017 -0.0024 10 0 0 0
0.6340 -0.0023 -0.0030 10 0 0 0
0.6260 -0.0025 -0.0029 0 0 0 0
0.6140 -0.0022 -0.0048 10 0 0 0
0.6160 -0.0012 -0.0060 10 0 0 0
0.6240 -0.0009 -0.0038 0 0 0 0
0.6260 -0.0002 0.0104 10 0 0 0
0.6200 -0.0005 0.0030 10 0 0 0
0.5960 -0.0007 0.0004 10 0 0 0
0.6220 -0.0007 -0.0038 0 0 0 0
0.6280 -0.0015 -0.0056 10 0 0 0
0.6100 -0.0021 -0.0034 10 0 0 0
0.6200 -0.0017 -0.0030 10 0 0 0
0.6360 -0.0017 0.0043 0 0 0 0
0.6440 -0.0021 0.0028 10 0 0 0
0.6240 -0.0018 0.0035 10 0 0 0
0.6340 -0.0019 0.0009 10 0 0 0
0.6280 -0.0020 -0.0004 10 0 0 0
0.6280 -0.0020 -0.0004 0 0 0 0
0.6440 -0.0022 -0.0057 10 0 0 0
0.6300 -0.0026 -0.0068 10 0 0 0
0.6240 -0.0029 -0.0074 10 0 0 0
0.6540 -0.0029 -0.0076 0 0 0 0
0.6500 -0.0024 -0.0087 10 0 0 0
0.6320 -0.0011 -0.0090 10 0 0 0
0.6380 -0.0008 -0.0076 10 0 0 0
0.6380 -0.0008 -0.0076 10 0 0 0
0.6260 -0.0011 -0.0079 10 0 0 0
0.6600 -0.0011 -0.0079 10 0 0 0
0.6440 -0.0014 -0.0079 0 0 0 0
0.6360 -0.0019 -0.0089 10 0 0 0
0.6420 -0.0015 -0.0075 10 0 0 0
0.6360 -0.0015 -0.0060 10 0 0 0
0.6280 -0.0012 -0.0061 10 0 0 0
0.6280 -0.0012 -0.0061 0 0 0 0
0.6620 -0.0014 -0.0054 10 0 0 0
0.6440 -0.0015 -0.0024 10 0 0 0
0.6260 -0.0011 -0.0015 10 0 0 0
0.6260 -0.0011 -0.0015 10 0 0 0
0.6200 -0.0007 -0.0005 10 0 0 0
0.6200 -0.0007 -0.0005 0 0 0 0
0.6260 -0.0010 -0.0010 10 0 0 0
0.6440 -0.0015 -0.0005 10 0 0 0
0.6440 -0.0015 -0.0005 10 0 0 0
0.6380 -0.0012 -0.0008 0 0 0 0
0.6380 -0.0014 -0.0016 10 0 0 0
0.6400 -0.0016 0.0015 10 0 0 0
0.6180 -0.0019 0.0030 10 0 0 0
0.6280 -0.0019 0.0030 10 0 0 0
0.6500 -0.0021 0.0033 10 0 0 0
0.6460 -0.0018 0.0033 0 0 0 0
0.6420 -0.0019 0.0011 10 0 0 0
0.6340 -0.0012 0.0017 10 0 0 0
0.6560 -0.0011 0.0009 10 0 0 0
0.6560 -0.0011 0.0009 10 0 0 0
0.6500 -0.0009 0.0007 0 0 0 0
0.6460 -0.0008 0.0007 10 0 0 0
0.6500 -0.0013 0.0015 10 0 0 0
0.6500 -0.0013 0.0015 10 0 0 0
0.6500 -0.0013 0.0015 10 0 0 0
0.6500 -0.0013 0.0015 0 0 0 0
0.6500 -0.0019 -0.0035 10 0 0 0
0.6480 -0.0010 -0.0046 10 0 0 0
0.6420 -0.0003 -0.0045 10 0 0 0
0.6420 -0.0003 -0.0045 0 0 0 0
0.6560 -0.0008 -0.0059 10 0 0 0
0.6480 -0.0020 -0.0071 10 0 0 0
0.6520 -0.0016 -0.0064 10 0 0 0
0.6660 -0.0010 -0.0064 10 0 0 0
0.6660 -0.0010 -0.0064 0 0 0 0
0.6700 -0.0008 -0.0030 10 0 0 0
0.6780 -0.0016 -0.0020 10 0 0 0
0.6640 -0.0017 -0.0019 10 0 0 0
0.6740 -0.0016 -0.0006 10 0 0 0
0.6560 -0.0012 0.0004 0 0 0 0
0.6660 -0.0004 0.0007 10 0 0 0
0.6660 -0.0011 0.0000 10 0 0 0
0.6740 -0.0014 0.0003 10 0 0 0
0.6500 -0.0015 -0.0007 10 0 0 0
0.6720 -0.0011 -0.0010 0 0 0 0
0.6940 -0.0001 -0.0033 10 0 0 0
0.7000 -0.0002 -0.0060 10 0 0 0
