0.6080 -0.0019 -0.0060 -10 0 0 0
0.6060 0.0005 -0.0086 -10 0 0 0
0.5920 0.0008 -0.0099 -10 0 0 0
0.5940 0.0010 -0.0117 -10 0 0 0
0.5940 0.0010 -0.0117 -10 0 0 0
0.5920 0.0008 -0.0119 -10 0 0 0
0.6080 0.0009 -0.0115 -10 0 0 0
0.5900 0.0012 -0.0122 -10 0 0 0
0.5940 0.0012 -0.0119 -10 0 0 0
0.5940 0.0012 -0.0119 0 0 0 0
0.5780 0.0031 -0.0124 -10 0 0 0
0.5960 0.0021 -0.0127 -10 0 0 0
0.6040 0.0017 -0.0143 -10 0 0 0
0.6080 0.0015 -0.0142 -10 0 0 0
0.6080 0.0015 -0.0142 -10 0 0 0
0.6160 0.0015 -0.0130 -10 0 0 0
0.5980 0.0012 -0.0131 -10 0 0 0
0.5860 0.0013 -0.0131 -10 0 0 0
0.5940 0.0009 -0.0133 -10 0 0 0
0.5940 0.0009 -0.0133 0 0 0 0
0.5980 0.0012 -0.0123 -10 0 0 0
0.6320 0.0003 -0.0120 -10 0 0 0
0.6180 0.0006 -0.0114 -10 0 0 0
0.6120 0.0009 -0.0111 -10 0 0 0
0.6100 0.0009 -0.0122 -10 0 0 0
0.6180 0.0008 -0.0099 -10 0 0 0
0.5940 0.0010 -0.0094 0 0 0 0
0.6080 0.0015 -0.0077 0 0 0 10
0.6020 0.0023 -0.0052 0 0 0 10
0.6020 0.0023 -0.0052 0 0 0 10
0.6120 0.0022 -0.0040 0 0 0 0
0.5980 0.0006 0.0081 0 0 0 10
0.5760 -0.0007 0.0136 0 0 0 0
0.6000 0.0026 0.0208 0 0 0 -10
0.5960 0.0022 0.0257 0 0 0 0
0.5720 0.0020 0.0256 -10 0 0 0
0.5820 0.0005 0.0290 -10 0 0 0
0.5800 0.0008 0.0341 -10 0 0 0
0.5860 0.0013 0.0355 -10 0 0 0
0.5740 0.0013 0.0366 -10 0 0 0
0.5720 0.0014 0.0363 -10 0 0 0
0.5720 0.0014 0.0363 -10 0 0 0
0.5820 0.0009 0.0345 -10 0 0 0
0.5680 0.0002 0.0337 -10 0 0 0
0.5760 -0.0000 0.0330 -10 0 0 0
0.5760 -0.0000 0.0330 -10 0 0 0
0.5820 -0.0010 0.0318 -10 0 0 0
0.5840 -0.0010 0.0311 -10 0 0 0
0.5840 -0.0010 0.0311 0 0 0 0
0.5800 -0.0001 0.0369 0 0 0 -10
0.5980 -0.0006 0.0402 0 0 0 -10
0.5800 -0.0004 0.0406 0 0 0 0
0.5720 -0.0005 0.0387 -10 0 0 0
0.5940 -0.0020 0.0357 -10 0 0 0
0.5760 -0.0013 0.0347 -10 0 0 0
0.5820 -0.0010 0.0354 -10 0 0 0
0.5820 -0.0010 0.0354 -10 0 0 0
0.5780 -0.0007 0.0377 -10 0 0 0
0.5880 -0.0005 0.0371 -10 0 0 0
0.6060 -0.0004 0.0374 -10 0 0 0
0.6040 -0.0004 0.0376 -10 0 0 0
0.6020 -0.0010 0.0410 0 0 0 0
0.6200 -0.0016 0.0430 0 0 0 -10
0.5720 -0.0002 0.0433 0 0 0 -10
0.5680 -0.0003 0.0429 0 0 0 -10
0.6000 -0.0000 0.0455 0 0 0 0
0.5560 -0.0002 0.0432 0 0 0 -10
0.5720 0.0010 0.0460 0 0 0 -10
0.5680 0.0009 0.0464 0 0 0 0
0.5600 -0.0007 0.0356 0 0 0 -10
0.5900 0.0008 0.0324 0 0 0 -10
0.5760 0.0009 0.0313 0 0 0 0
0.5960 -0.0006 0.0186 0 0 0 -10
0.5620 -0.0005 0.0182 0 0 0 -10
0.5820 -0.0007 0.0187 0 0 0 0
0.5800 -0.0009 0.0229 0 0 0 -10
0.5800 -0.0010 0.0204 0 0 0 -10
0.5780 -0.0008 0.0197 0 0 0 0
0.5840 -0.0006 0.0112 0 0 0 -10
0.5940 -0.0016 0.0140 0 0 0 -10
0.5780 -0.0017 0.0096 0 0 0 0
0.5900 -0.0014 0.0113 0 0 0 -10
0.6000 -0.0018 0.0135 0 0 0 0
0.5960 -0.0007 0.0155 0 0 0 10
0.5800 -0.0004 0.0212 0 0 0 0
0.5920 0.0002 0.0143 0 0 0 -10
0.5860 -0.0002 0.0172 0 0 0 0
0.6020 -0.0011 0.0116 0 0 0 -10
0.5820 -0.0017 0.0071 0 0 0 -10
0.5820 -0.0017 0.0071 0 0 0 0
0.5920 -0.0021 -0.0003 -10 0 0 0
0.5880 -0.0015 -0.0044 -10 0 0 0
0.5920 -0.0023 -0.0078 -10 0 0 0
0.5840 -0.0026 -0.0056 -10 0 0 0
0.5780 -0.0025 -0.0054 -10 0 0 0
0.5900 -0.0023 -0.0057 -10 0 0 0
0.5860 -0.0021 -0.0060 -10 0 0 0
0.5860 -0.0018 -0.0058 -10 0 0 0
0.5860 -0.0018 -0.0058 -10 0 0 0
0.5940 -0.0018 -0.0054 -10 0 0 0
0.5940 -0.0018 -0.0054 -10 0 0 0
0.5780 -0.0017 -0.0052 -10 0 0 0
0.5800 -0.0020 -0.0049 -10 0 0 0
0.5840 -0.0020 -0.0054 -10 0 0 0
0.5840 -0.0019 -0.0058 -10 0 0 0
0.5920 -0.0019 -0.0058 -10 0 0 0
0.5860 -0.0022 -0.0080 -10 0 0 0
0.5840 -0.0019 -0.0087 -10 0 0 0
0.5880 -0.0018 -0.0076 -10 0 0 0
0.5860 -0.0019 -0.0069 -10 0 0 0
0.6060 -0.0021 -0.0074 -10 0 0 0
0.6060 -0.0021 -0.0074 -10 0 0 0
0.5920 -0.0020 -0.0063 -10 0 0 0
0.5760 -0.0014 -0.0058 -10 0 0 0
0.5800 -0.0013 -0.0061 -10 0 0 0
0.5700 -0.0013 -0.0067 -10 0 0 0
0.5700 -0.0013 -0.0067 -10 0 0 0
0.5820 -0.0016 -0.0068 -10 0 0 0
0.5880 -0.0017 -0.0067 -10 0 0 0
0.5880 -0.0018 -0.0089 -10 0 0 0
0.5640 -0.0016 -0.0101 -10 0 0 0
0.5640 -0.0005 -0.0125 -10 0 0 0
0.5640 -0.0002 -0.0123 -10 0 0 0
0.5720 -0.0002 -0.0137 -10 0 0 0
0.5820 -0.0007 -0.0141 -10 0 0 0
0.5820 -0.0007 -0.0141 -10 0 0 0
0.5980 -0.0009 -0.0139 -10 0 0 0
0.5760 -0.0013 -0.0136 -10 0 0 0
0.6020 -0.0011 -0.0140 -10 0 0 0
0.5820 -0.0009 -0.0143 -10 0 0 0
0.5820 -0.0009 -0.0143 -10 0 0 0
0.5960 -0.0004 -0.0134 -10 0 0 0
0.6120 0.0001 -0.0132 -10 0 0 0
0.6180 -0.0004 -0.0132 -10 0 0 0
0.6140 -0.0006 -0.0132 -10 0 0 0
0.5920 -0.0005 -0.0172 -10 0 0 0
0.5920 -0.0005 -0.0172 -10 0 0 0
0.5960 -0.0004 -0.0170 -10 0 0 0
0.6100 -0.0004 -0.0216 -10 0 0 0
0.6140 -0.0004 -0.0223 -10 0 0 0
0.6140 -0.0004 -0.0223 -10 0 0 0
0.6160 -0.0004 -0.0217 -10 0 0 0
0.6120 -0.0002 -0.0199 -10 0 0 0
0.6080 -0.0004 -0.0191 -10 0 0 0
0.5820 0.0000 -0.0194 -10 0 0 0
0.5820 0.0000 -0.0194 -10 0 0 0
0.5980 0.0004 -0.0193 -10 0 0 0
0.5940 0.0007 -0.0204 -10 0 0 0
0.5960 0.0008 -0.0205 -10 0 0 0
0.6120 0.0008 -0.0223 -10 0 0 0
0.5960 0.0005 -0.0224 0 0 0 0
0.5880 0.0007 -0.0211 -10 0 0 0
0.6160 0.0000 -0.0185 -10 0 0 0
0.6040 0.0003 -0.0199 -10 0 0 0
0.5840 0.0007 -0.0193 -10 0 0 0
0.5880 0.0008 -0.0193 -10 0 0 0
0.5920 0.0010 -0.0173 -10 0 0 0
0.5900 0.0014 -0.0168 -10 0 0 0
0.5900 0.0014 -0.0168 -10 0 0 0
0.6060 0.0015 -0.0170 -10 0 0 0
0.5900 0.0012 -0.0164 -10 0 0 0
0.6020 0.0008 -0.0165 -10 0 0 0
0.5980 0.0004 -0.0165 0 0 0 0
0.5940 -0.0002 -0.0141 0 0 0 10
0.5960 0.0004 -0.0163 0 0 0 10
0.5940 0.0000 -0.0213 0 0 0 10
0.5960 0.0004 -0.0206 0 0 0 0
0.5800 0.0020 0.0045 0 0 0 10
0.5840 0.0024 0.0074 0 0 0 10
0.5840 0.0024 0.0074 0 0 0 10
0.5780 0.0025 0.0054 0 0 0 0
0.5780 0.0003 0.0152 -10 0 0 0
0.5820 -0.0001 0.0162 -10 0 0 0
0.6000 -0.0002 0.0158 -10 0 0 0
0.5540 -0.0002 0.0152 -10 0 0 0
0.5540 -0.0002 0.0152 -10 0 0 0
0.5620 -0.0003 0.0149 -10 0 0 0
0.5580 -0.0005 0.0148 -10 0 0 0
0.5720 -0.0005 0.0144 -10 0 0 0
0.5760 0.0000 0.0097 -10 0 0 0
0.5760 0.0000 0.0097 -10 0 0 0
0.5720 0.0003 0.0101 -10 0 0 0
0.5720 0.0003 0.0101 -10 0 0 0
0.5620 0.0000 0.0120 -10 0 0 0
0.5600 -0.0002 0.0139 -10 0 0 0
0.5600 -0.0002 0.0139 -10 0 0 0
0.5560 -0.0002 0.0131 -10 0 0 0
0.5780 -0.0007 0.0158 -10 0 0 0
0.5660 -0.0005 0.0154 -10 0 0 0
0.5660 -0.0005 0.0154 -10 0 0 0
0.5600 -0.0007 0.0155 -10 0 0 0
0.5540 -0.0007 0.0150 -10 0 0 0
0.5760 -0.0005 0.0164 -10 0 0 0
0.5420 -0.0008 0.0159 -10 0 0 0
0.5620 -0.0011 0.0155 -10 0 0 0
0.5620 -0.0011 0.0155 -10 0 0 0
0.5760 -0.0006 0.0159 -10 0 0 0
0.5640 -0.0001 0.0160 -10 0 0 0
0.5780 -0.0001 0.0158 -10 0 0 0
0.5820 -0.0004 0.0159 -10 0 0 0
0.5800 -0.0008 0.0155 -10 0 0 0
0.5660 -0.0012 0.0121 -10 0 0 0
0.5660 -0.0012 0.0121 -10 0 0 0
0.5700 -0.0020 0.0128 -10 0 0 0
0.5700 -0.0021 0.0117 0 0 0 0
0.5820 -0.0021 0.0058 -10 0 0 0
0.5740 -0.0013 0.0122 -10 0 0 0
0.5760 -0.0011 0.0117 -10 0 0 0
0.5940 -0.0014 0.0141 -10 0 0 0
0.5700 -0.0016 0.0142 -10 0 0 0
0.5700 -0.0016 0.0142 -10 0 0 0
0.5700 -0.0016 0.0144 -10 0 0 0
0.5680 -0.0011 0.0150 -10 0 0 0
0.5780 -0.0013 0.0128 -10 0 0 0
0.5540 -0.0011 0.0130 -10 0 0 0
0.5680 -0.0013 0.0146 -10 0 0 0
0.5680 -0.0012 0.0149 -10 0 0 0
0.5720 -0.0012 0.0149 -10 0 0 0
0.5760 -0.0012 0.0169 -10 0 0 0
0.5800 -0.0011 0.0153 -10 0 0 0
0.5760 -0.0011 0.0151 -10 0 0 0
0.5780 -0.0013 0.0154 -10 0 0 0
0.5540 -0.0016 0.0155 -10 0 0 0
0.5540 -0.0016 0.0155 -10 0 0 0
0.5680 -0.0019 0.0166 -10 0 0 0
0.5880 -0.0019 0.0162 -10 0 0 0
0.5600 -0.0018 0.0157 -10 0 0 0
0.5760 -0.0014 0.0153 0 0 0 0
0.5680 -0.0018 0.0106 0 0 0 -10
0.5820 -0.0016 0.0078 0 0 0 -10
0.5780 -0.0014 0.0073 0 0 0 0
0.5680 -0.0015 -0.0028 0 0 0 -10
0.5760 -0.0012 -0.0047 0 0 0 -10
0.5680 -0.0005 -0.0052 0 0 0 -10
0.5920 -0.0005 -0.0083 0 0 0 0
0.6040 -0.0019 -0.0225 0 0 0 10
0.5540 -0.0013 -0.0250 0 0 0 10
0.5500 -0.0013 -0.0238 0 0 0 0
0.5820 -0.0008 -0.0175 0 0 0 -10
0.5780 -0.0011 -0.0175 0 0 0 0
0.5660 -0.0015 -0.0190 0 0 0 -10
0.5440 -0.0013 -0.0141 0 0 0 0
0.5460 -0.0016 -0.0154 0 0 0 0
0.5440 -0.0018 -0.0138 0 0 0 10
0.5420 -0.0030 -0.0158 0 0 0 10
0.5420 -0.0029 -0.0155 0 0 0 0
0.5500 -0.0018 -0.0164 0 0 0 10
0.5720 -0.0007 -0.0133 0 0 0 10
0.5500 -0.0005 -0.0124 0 0 0 0
0.5380 -0.0000 -0.0065 0 0 0 10
0.5380 -0.0005 -0.0052 0 0 0 0
0.5460 -0.0013 -0.0055 -10 0 0 0
0.5860 -0.0012 -0.0040 -10 0 0 0
0.5520 -0.0012 -0.0024 -10 0 0 0
0.5420 -0.0014 -0.0015 -10 0 0 0
0.5560 -0.0016 -0.0018 -10 0 0 0
0.5560 -0.0016 -0.0038 -10 0 0 0
0.5560 -0.0016 -0.0038 -10 0 0 0
0.5540 -0.0016 -0.0038 -10 0 0 0
0.5620 -0.0014 -0.0046 -10 0 0 0
0.5480 -0.0012 -0.0048 -10 0 0 0
0.5620 -0.0012 -0.0058 -10 0 0 0
0.5600 -0.0017 -0.0048 -10 0 0 0
0.5600 -0.0017 -0.0048 -10 0 0 0
0.5600 -0.0026 -0.0059 -10 0 0 0
0.5620 -0.0029 -0.0059 -10 0 0 0
0.5560 -0.0028 -0.0076 -10 0 0 0
0.5560 -0.0028 -0.0076 -10 0 0 0
0.5500 -0.0022 -0.0076 -10 0 0 0
0.5460 -0.0016 -0.0074 -10 0 0 0
0.5440 -0.0017 -0.0072 -10 0 0 0
0.5640 -0.0021 -0.0062 -10 0 0 0
0.5640 -0.0025 -0.0059 -10 0 0 0
0.5640 -0.0027 -0.0049 -10 0 0 0
0.5400 -0.0026 -0.0051 -10 0 0 0
0.5340 -0.0023 -0.0041 -10 0 0 0
0.5380 -0.0021 -0.0039 -10 0 0 0
0.5460 -0.0017 -0.0037 -10 0 0 0
0.5420 -0.0013 -0.0038 -10 0 0 0
0.5420 -0.0013 -0.0038 -10 0 0 0
0.5480 -0.0008 -0.0035 -10 0 0 0
0.5520 -0.0010 -0.0023 -10 0 0 0
0.5720 -0.0012 -0.0023 -10 0 0 0
0.5600 -0.0013 0.0012 -10 0 0 0
0.5600 -0.0013 0.0012 -10 0 0 0
0.5620 -0.0012 0.0016 -10 0 0 0
0.5620 -0.0012 0.0016 -10 0 0 0
0.5500 -0.0009 0.0013 -10 0 0 0
0.5580 -0.0007 0.0009 -10 0 0 0
0.5460 -0.0011 -0.0004 -10 0 0 0
0.5460 -0.0011 -0.0004 -10 0 0 0
0.5400 -0.0012 -0.0024 -10 0 0 0
0.5400 -0.0012 -0.0024 -10 0 0 0
0.5480 -0.0012 -0.0022 -10 0 0 0
0.5480 -0.0013 -0.0056 -10 0 0 0
0.5520 -0.0013 -0.0059 -10 0 0 0
0.5520 -0.0013 -0.0059 -10 0 0 0
0.5660 -0.0014 -0.0057 -10 0 0 0
0.5680 -0.0017 -0.0042 -10 0 0 0
0.5520 -0.0020 -0.0042 -10 0 0 0
0.5480 -0.0026 -0.0023 -10 0 0 0
0.5780 -0.0033 -0.0032 -10 0 0 0
0.5780 -0.0033 -0.0032 -10 0 0 0
0.5700 -0.0030 -0.0032 -10 0 0 0
0.5640 -0.0026 -0.0030 0 0 0 0
0.5520 -0.0017 0.0002 -10 0 0 0
0.5600 -0.0009 0.0007 -10 0 0 0
0.5860 -0.0018 0.0023 -10 0 0 0
0.5980 -0.0020 0.0020 -10 0 0 0
0.5740 -0.0018 0.0019 -10 0 0 0
0.5740 -0.0021 0.0015 -10 0 0 0
0.5740 -0.0021 0.0015 -10 0 0 0
0.5660 -0.0019 -0.0002 -10 0 0 0
0.5520 -0.0018 0.0008 -10 0 0 0
0.5500 -0.0015 0.0007 -10 0 0 0
0.5560 -0.0013 0.0002 -10 0 0 0
0.5660 -0.0010 0.0002 -10 0 0 0
0.5700 -0.0012 0.0007 -10 0 0 0
0.5460 -0.0009 0.0003 -10 0 0 0
0.5700 -0.0009 -0.0009 0 0 0 0
0.5780 -0.0012 -0.0088 10 0 0 0
0.5740 -0.0011 -0.0078 10 0 0 0
0.5800 -0.0007 -0.0056 10 0 0 0
0.5960 -0.0012 -0.0054 10 0 0 0
0.5900 -0.0014 -0.0078 10 0 0 0
0.5880 -0.0012 -0.0048 10 0 0 0
0.5840 -0.0014 -0.0046 10 0 0 0
0.5780 -0.0013 -0.0057 10 0 0 0
0.5760 -0.0012 -0.0051 10 0 0 0
0.5800 -0.0015 -0.0027 10 0 0 0
0.5840 -0.0013 -0.0018 10 0 0 0
0.5840 -0.0013 -0.0018 10 0 0 0
0.5900 -0.0015 -0.0019 10 0 0 0
0.5860 -0.0018 -0.0013 10 0 0 0
0.5820 -0.0016 -0.0020 10 0 0 0
0.5820 -0.0016 -0.0020 10 0 0 0
0.5840 -0.0017 -0.0028 10 0 0 0
0.5800 -0.0017 -0.0028 10 0 0 0
0.5680 -0.0016 -0.0018 10 0 0 0
0.5700 -0.0014 -0.0045 10 0 0 0
0.5860 -0.0009 -0.0048 10 0 0 0
0.5800 -0.0004 -0.0068 10 0 0 0
0.5800 -0.0004 -0.0068 10 0 0 0
0.5680 -0.0002 -0.0076 10 0 0 0
0.5780 -0.0006 -0.0121 10 0 0 0
0.5920 -0.0012 -0.0121 10 0 0 0
0.5820 -0.0015 -0.0150 10 0 0 0
0.5840 -0.0012 -0.0153 10 0 0 0
0.5700 -0.0006 -0.0179 10 0 0 0
0.5600 -0.0002 -0.0182 10 0 0 0
0.5760 -0.0002 -0.0199 10 0 0 0
0.5700 -0.0006 -0.0198 10 0 0 0
0.5700 -0.0006 -0.0198 10 0 0 0
0.5960 -0.0014 -0.0203 10 0 0 0
0.5960 -0.0016 -0.0209 10 0 0 0
0.5880 -0.0016 -0.0209 10 0 0 0
0.5760 -0.0008 -0.0216 10 0 0 0
0.5520 -0.0007 -0.0215 10 0 0 0
0.5520 -0.0007 -0.0215 10 0 0 0
0.5560 -0.0007 -0.0218 10 0 0 0
0.5700 -0.0009 -0.0244 10 0 0 0
0.5820 -0.0011 -0.0256 10 0 0 0
0.5820 -0.0011 -0.0255 10 0 0 0
0.5840 -0.0006 -0.0283 10 0 0 0
0.5840 -0.0006 -0.0283 10 0 0 0
0.5900 -0.0005 -0.0279 10 0 0 0
0.5780 -0.0009 -0.0297 10 0 0 0
0.5740 -0.0013 -0.0295 0 0 0 0
0.5500 -0.0018 -0.0345 10 0 0 0
0.5620 -0.0013 -0.0355 10 0 0 0
0.5580 -0.0012 -0.0352 10 0 0 0
0.5700 -0.0007 -0.0351 10 0 0 0
0.5700 -0.0007 -0.0351 10 0 0 0
0.5520 -0.0009 -0.0346 10 0 0 0
0.5660 -0.0009 -0.0349 10 0 0 0
0.5540 -0.0010 -0.0343 10 0 0 0
0.5460 -0.0011 -0.0353 10 0 0 0
0.5680 -0.0013 -0.0355 0 0 0 0
0.5680 -0.0007 -0.0341 10 0 0 0
0.5620 -0.0000 -0.0286 10 0 0 0
0.5680 -0.0002 -0.0286 10 0 0 0
0.5540 -0.0002 -0.0285 10 0 0 0
0.5640 -0.0002 -0.0281 10 0 0 0
0.5640 -0.0002 -0.0281 10 0 0 0
0.5480 -0.0001 -0.0281 10 0 0 0
0.5620 -0.0002 -0.0270 10 0 0 0
0.5540 -0.0001 -0.0268 10 0 0 0
0.5760 -0.0002 -0.0276 10 0 0 0
0.5760 -0.0002 -0.0276 10 0 0 0
0.5480 -0.0002 -0.0274 10 0 0 0
0.5480 -0.0002 -0.0274 10 0 0 0
0.5540 -0.0003 -0.0291 10 0 0 0
0.5620 -0.0006 -0.0290 10 0 0 0
0.5620 -0.0006 -0.0290 10 0 0 0
0.5500 -0.0009 -0.0313 10 0 0 0
0.5640 -0.0002 -0.0305 0 0 0 0
0.5360 -0.0007 -0.0338 0 -10 0 0
0.5660 -0.0004 -0.0344 0 -10 0 0
0.5460 -0.0001 -0.0363 0 -10 0 0
0.5340 0.0003 -0.0372 0 -10 0 0
0.5280 -0.0002 -0.0382 0 -10 0 0
0.5220 -0.0007 -0.0377 0 -10 0 0
0.5220 -0.0007 -0.0377 0 -10 0 0
0.5380 -0.0012 -0.0387 0 -10 0 0
0.5240 -0.0011 -0.0379 0 -10 0 0
0.5180 -0.0012 -0.0356 0 -10 0 0
0.5180 -0.0005 -0.0349 0 -10 0 0
0.5380 -0.0005 -0.0349 0 -10 0 0
0.5160 -0.0001 -0.0341 0 -10 0 0
0.5160 -0.0001 -0.0341 0 -10 0 0
0.5100 -0.0006 -0.0340 0 -10 0 0
0.5260 -0.0011 -0.0332 0 -10 0 0
0.5300 -0.0015 -0.0338 0 -10 0 0
0.5360 -0.0015 -0.0333 0 -10 0 0
0.5360 -0.0015 -0.0333 0 -10 0 0
0.5240 -0.0012 -0.0325 0 -10 0 0
0.5200 -0.0012 -0.0305 0 0 0 0
0.5240 -0.0018 -0.0317 0 -10 0 0
0.5160 -0.0011 -0.0355 0 -10 0 0
0.5300 -0.0002 -0.0352 0 -10 0 0
0.5240 0.0001 -0.0351 0 -10 0 0
0.5240 0.0001 -0.0351 0 -10 0 0
0.5300 -0.0005 -0.0314 0 -10 0 0
0.5380 -0.0015 -0.0317 0 -10 0 0
0.5320 -0.0017 -0.0314 0 -10 0 0
0.5340 -0.0013 -0.0315 0 -10 0 0
0.5120 -0.0010 -0.0316 0 -10 0 0
0.5260 -0.0013 -0.0317 0 -10 0 0
0.5260 -0.0017 -0.0307 0 -10 0 0
0.5080 -0.0017 -0.0307 0 -10 0 0
0.5140 -0.0020 -0.0302 0 -10 0 0
0.5420 -0.0023 -0.0286 0 -10 0 0
0.5500 -0.0021 -0.0281 0 -10 0 0
0.5280 -0.0017 -0.0262 0 -10 0 0
0.5280 -0.0014 -0.0257 0 -10 0 0
0.5160 -0.0014 -0.0257 0 -10 0 0
0.5400 -0.0013 -0.0253 0 -10 0 0
0.5240 -0.0009 -0.0252 0 -10 0 0
0.5180 -0.0013 -0.0256 0 -10 0 0
0.5100 -0.0015 -0.0272 0 -10 0 0
0.5220 -0.0017 -0.0273 0 -10 0 0
0.5320 -0.0018 -0.0270 0 -10 0 0
0.5380 -0.0015 -0.0283 0 -10 0 0
0.5260 -0.0009 -0.0283 0 -10 0 0
0.5260 -0.0009 -0.0283 0 -10 0 0
0.5280 -0.0005 -0.0258 0 -10 0 0
0.5300 -0.0006 -0.0256 0 -10 0 0
0.5180 -0.0007 -0.0249 0 -10 0 0
0.5180 -0.0007 -0.0249 0 -10 0 0
0.5380 -0.0012 -0.0227 0 -10 0 0
0.5440 -0.0013 -0.0231 0 -10 0 0
0.5300 -0.0013 -0.0231 0 -10 0 0
0.5100 -0.0012 -0.0221 0 -10 0 0
0.5220 -0.0009 -0.0231 0 -10 0 0
0.5040 -0.0007 -0.0227 0 -10 0 0
0.5040 -0.0007 -0.0227 0 -10 0 0
0.5160 -0.0006 -0.0219 0 -10 0 0
0.5160 -0.0006 -0.0219 0 -10 0 0
0.4920 -0.0007 -0.0205 0 -10 0 0
0.5420 -0.0010 -0.0203 0 -10 0 0
0.5140 -0.0011 -0.0216 0 -10 0 0
0.5240 -0.0007 -0.0211 0 -10 0 0
0.5240 -0.0007 -0.0211 0 -10 0 0
0.5140 -0.0008 -0.0205 0 -10 0 0
0.5180 -0.0010 -0.0199 0 -10 0 0
0.5200 -0.0011 -0.0187 0 -10 0 0
0.5200 -0.0011 -0.0187 0 -10 0 0
0.5260 -0.0016 -0.0189 0 -10 0 0
0.5340 -0.0018 -0.0187 0 -10 0 0
0.5340 -0.0018 -0.0187 0 -10 0 0
0.5180 -0.0014 -0.0207 0 -10 0 0
0.5240 -0.0013 -0.0201 0 -10 0 0
0.5340 -0.0008 -0.0201 0 -10 0 0
0.5260 -0.0002 -0.0217 0 -10 0 0
0.5260 -0.0002 -0.0217 0 -10 0 0
0.5380 -0.0002 -0.0228 0 -10 0 0
0.5380 -0.0002 -0.0228 0 -10 0 0
0.5140 -0.0008 -0.0200 0 -10 0 0
0.5140 -0.0008 -0.0200 0 -10 0 0
0.5220 -0.0013 -0.0201 0 -10 0 0
0.5460 -0.0015 -0.0145 0 -10 0 0
0.5460 -0.0015 -0.0145 0 -10 0 0
0.5280 -0.0014 -0.0169 0 -10 0 0
0.5300 -0.0008 -0.0183 0 -10 0 0
0.5180 -0.0006 -0.0185 0 -10 0 0
0.5180 -0.0006 -0.0185 0 -10 0 0
0.5280 -0.0007 -0.0219 0 -10 0 0
0.5280 -0.0007 -0.0219 0 -10 0 0
0.5060 -0.0007 -0.0221 0 -10 0 0
0.5260 -0.0017 -0.0218 0 -10 0 0
0.5340 -0.0021 -0.0190 0 -10 0 0
0.5340 -0.0021 -0.0190 0 -10 0 0
0.5420 -0.0023 -0.0185 0 -10 0 0
0.5340 -0.0024 -0.0166 0 -10 0 0
0.5400 -0.0024 -0.0160 0 -10 0 0
0.5340 -0.0019 -0.0159 0 -10 0 0
0.5340 -0.0016 -0.0165 0 -10 0 0
0.5300 -0.0019 -0.0175 0 -10 0 0
0.5300 -0.0019 -0.0175 0 -10 0 0
0.5280 -0.0018 -0.0174 0 -10 0 0
0.5240 -0.0021 -0.0157 0 -10 0 0
0.5160 -0.0020 -0.0159 0 -10 0 0
0.5160 -0.0020 -0.0159 0 -10 0 0
0.5340 -0.0020 -0.0164 0 -10 0 0
0.5340 -0.0020 -0.0164 0 -10 0 0
0.5300 -0.0021 -0.0180 0 -10 0 0
0.5380 -0.0024 -0.0183 0 -10 0 0
0.5500 -0.0028 -0.0179 0 -10 0 0
0.5500 -0.0028 -0.0179 0 -10 0 0
0.5620 -0.0026 -0.0192 0 -10 0 0
0.5620 -0.0026 -0.0192 0 -10 0 0
0.5440 -0.0028 -0.0189 0 -10 0 0
0.5460 -0.0032 -0.0189 0 -10 0 0
0.5540 -0.0030 -0.0180 0 -10 0 0
0.5560 -0.0030 -0.0184 0 -10 0 0
0.5340 -0.0026 -0.0150 0 -10 0 0
0.5180 -0.0023 -0.0167 0 -10 0 0
0.5180 -0.0022 -0.0172 0 -10 0 0
0.5480 -0.0021 -0.0172 0 -10 0 0
0.5480 -0.0021 -0.0172 0 -10 0 0
0.5680 -0.0024 -0.0173 0 -10 0 0
0.5340 -0.0024 -0.0173 0 -10 0 0
0.5500 -0.0023 -0.0174 0 -10 0 0
0.5500 -0.0023 -0.0174 0 -10 0 0
0.5280 -0.0030 -0.0189 0 -10 0 0
0.5500 -0.0033 -0.0211 0 -10 0 0
0.5500 -0.0033 -0.0211 0 -10 0 0
0.5400 -0.0035 -0.0207 0 -10 0 0
0.5580 -0.0032 -0.0179 0 -10 0 0
0.5640 -0.0030 -0.0178 0 -10 0 0
0.5640 -0.0030 -0.0178 0 -10 0 0
0.5480 -0.0028 -0.0183 0 -10 0 0
0.5480 -0.0025 -0.0194 0 -10 0 0
0.5540 -0.0028 -0.0193 0 -10 0 0
0.5440 -0.0031 -0.0227 0 -10 0 0
0.5280 -0.0032 -0.0228 0 -10 0 0
0.5340 -0.0029 -0.0215 0 -10 0 0
0.5340 -0.0029 -0.0215 0 -10 0 0
0.5400 -0.0024 -0.0215 0 -10 0 0
0.5660 -0.0019 -0.0224 0 -10 0 0
0.5620 -0.0022 -0.0223 0 -10 0 0
0.5540 -0.0026 -0.0229 0 -10 0 0
0.5540 -0.0026 -0.0229 0 -10 0 0
0.5500 -0.0029 -0.0253 0 -10 0 0
0.5500 -0.0029 -0.0253 0 -10 0 0
0.5480 -0.0029 -0.0248 0 -10 0 0
0.5540 -0.0026 -0.0237 0 -10 0 0
0.5420 -0.0021 -0.0235 0 -10 0 0
0.5540 -0.0020 -0.0251 0 -10 0 0
0.5420 -0.0021 -0.0252 0 -10 0 0
0.5500 -0.0020 -0.0248 0 -10 0 0
0.5500 -0.0020 -0.0248 0 -10 0 0
0.5740 -0.0020 -0.0264 0 -10 0 0
0.5740 -0.0020 -0.0264 0 -10 0 0
0.5500 -0.0019 -0.0286 0 -10 0 0
0.5580 -0.0019 -0.0287 0 -10 0 0
0.5780 -0.0019 -0.0301 0 -10 0 0
0.5820 -0.0025 -0.0298 0 -10 0 0
0.5820 -0.0026 -0.0286 0 -10 0 0
0.5820 -0.0026 -0.0286 0 -10 0 0
0.5620 -0.0024 -0.0285 0 -10 0 0
0.5620 -0.0024 -0.0285 0 -10 0 0
0.5560 -0.0024 -0.0284 0 -10 0 0
0.5720 -0.0023 -0.0282 0 -10 0 0
0.5680 -0.0021 -0.0297 0 -10 0 0
0.5740 -0.0022 -0.0295 0 -10 0 0
0.5740 -0.0022 -0.0295 0 -10 0 0
0.5520 -0.0022 -0.0294 0 -10 0 0
0.5520 -0.0025 -0.0299 0 -10 0 0
0.5480 -0.0025 -0.0297 0 -10 0 0
0.5740 -0.0024 -0.0272 0 -10 0 0
0.5740 -0.0024 -0.0272 0 -10 0 0
0.5720 -0.0025 -0.0273 0 -10 0 0
0.5640 -0.0025 -0.0267 0 -10 0 0
0.5600 -0.0028 -0.0264 0 -10 0 0
0.5720 -0.0031 -0.0281 0 -10 0 0
0.5640 -0.0031 -0.0282 0 -10 0 0
0.5640 -0.0028 -0.0307 0 -10 0 0
0.5500 -0.0026 -0.0230 0 -10 0 0
0.5460 -0.0024 -0.0229 0 -10 0 0
0.5540 -0.0025 -0.0264 0 -10 0 0
0.5600 -0.0029 -0.0263 0 -10 0 0
0.5600 -0.0029 -0.0263 0 -10 0 0
0.5720 -0.0030 -0.0248 0 -10 0 0
0.5680 -0.0032 -0.0249 0 -10 0 0
0.5580 -0.0031 -0.0259 0 -10 0 0
0.5560 -0.0028 -0.0257 0 -10 0 0
0.5600 -0.0024 -0.0248 0 -10 0 0
0.5600 -0.0024 -0.0248 0 -10 0 0
0.5620 -0.0021 -0.0249 0 -10 0 0
0.5420 -0.0026 -0.0245 0 -10 0 0
0.5480 -0.0027 -0.0241 0 0 0 0
0.5940 -0.0007 -0.0232 -10 0 0 0
0.6000 -0.0007 -0.0246 -10 0 0 0
0.6220 0.0013 -0.0252 -10 0 0 0
0.6160 0.0013 -0.0253 -10 0 0 0
0.6060 0.0007 -0.0240 -10 0 0 0
0.6260 0.0005 -0.0238 -10 0 0 0
0.6080 0.0007 -0.0239 -10 0 0 0
0.6000 0.0005 -0.0234 -10 0 0 0
0.5920 0.0004 -0.0235 -10 0 0 0
0.5920 0.0000 -0.0236 -10 0 0 0
0.5960 0.0000 -0.0236 -10 0 0 0
0.6140 -0.0005 -0.0249 -10 0 0 0
0.6080 -0.0008 -0.0259 -10 0 0 0
0.6080 -0.0008 -0.0259 -10 0 0 0
0.5820 -0.0010 -0.0275 0 0 0 0
0.6280 -0.0016 -0.0233 -10 0 0 0
0.6180 -0.0005 -0.0189 -10 0 0 0
0.6440 -0.0009 -0.0170 -10 0 0 0
0.6440 -0.0009 -0.0170 -10 0 0 0
0.6200 -0.0010 -0.0166 -10 0 0 0
0.6060 -0.0010 -0.0161 -10 0 0 0
0.6220 -0.0009 -0.0138 -10 0 0 0
0.6220 -0.0009 -0.0138 -10 0 0 0
0.6120 -0.0002 -0.0135 -10 0 0 0
0.6140 0.0002 -0.0130 -10 0 0 0
0.6100 0.0005 -0.0129 -10 0 0 0
0.6000 0.0007 -0.0135 -10 0 0 0
0.6000 0.0007 -0.0135 -10 0 0 0
0.6100 0.0007 -0.0154 0 0 0 0
0.6260 0.0006 -0.0154 -10 0 0 0
0.6100 -0.0014 -0.0177 -10 0 0 0
0.6120 -0.0007 -0.0174 -10 0 0 0
0.6120 -0.0007 -0.0174 -10 0 0 0
0.6120 -0.0002 -0.0173 -10 0 0 0
0.6100 0.0000 -0.0169 -10 0 0 0
0.6140 0.0000 -0.0170 -10 0 0 0
0.6140 0.0000 -0.0170 -10 0 0 0
0.6000 -0.0005 -0.0171 -10 0 0 0
0.6260 -0.0008 -0.0172 -10 0 0 0
0.6060 -0.0009 -0.0187 -10 0 0 0
0.6080 -0.0012 -0.0203 -10 0 0 0
0.6340 -0.0016 -0.0207 -10 0 0 0
0.6280 -0.0019 -0.0230 -10 0 0 0
0.6280 -0.0019 -0.0230 -10 0 0 0
0.6300 -0.0020 -0.0229 -10 0 0 0
0.6180 -0.0017 -0.0222 -10 0 0 0
0.6360 -0.0013 -0.0218 -10 0 0 0
0.6280 -0.0007 -0.0226 0 0 0 0
0.6200 0.0003 -0.0266 0 0 0 10
0.6320 0.0004 -0.0341 0 0 0 10
0.6220 0.0017 -0.0340 0 0 0 0
0.6300 0.0009 -0.0184 0 0 0 10
0.6340 0.0005 -0.0170 0 0 0 10
0.6140 0.0005 -0.0163 0 0 0 10
0.6460 0.0004 -0.0163 0 0 0 0
0.6260 -0.0000 -0.0168 0 0 0 10
0.6380 -0.0000 -0.0155 0 0 0 10
0.6080 0.0002 -0.0131 0 0 0 10
0.6300 0.0003 -0.0114 0 0 0 0
0.6360 0.0005 -0.0052 0 0 0 10
0.6200 -0.0014 -0.0103 0 0 0 10
0.6200 -0.0014 -0.0103 0 0 0 0
0.6420 -0.0014 0.0001 0 0 0 10
0.6360 -0.0010 -0.0088 0 0 0 10
0.6300 -0.0011 -0.0159 0 0 0 0
0.6360 0.0007 -0.0138 0 0 0 10
0.6300 -0.0000 -0.0179 0 0 0 10
0.6380 -0.0002 -0.0176 0 0 0 0
0.6340 -0.0007 0.0067 0 0 0 10
0.6280 -0.0014 0.0030 0 0 0 10
0.6260 -0.0016 0.0031 0 0 0 0
0.6080 -0.0008 0.0099 -10 0 0 0
0.6020 -0.0016 0.0099 -10 0 0 0
0.6220 -0.0018 0.0147 -10 0 0 0
0.6160 -0.0014 0.0150 -10 0 0 0
0.6440 -0.0011 0.0156 -10 0 0 0
0.6460 -0.0012 0.0168 -10 0 0 0
0.6460 -0.0012 0.0168 -10 0 0 0
0.6360 -0.0016 0.0169 -10 0 0 0
0.6340 -0.0016 0.0183 -10 0 0 0
0.6280 -0.0015 0.0184 -10 0 0 0
0.6120 -0.0017 0.0202 -10 0 0 0
0.6300 -0.0014 0.0202 -10 0 0 0
0.6240 -0.0013 0.0202 -10 0 0 0
0.6240 -0.0013 0.0202 -10 0 0 0
0.6140 -0.0006 0.0213 -10 0 0 0
0.6140 -0.0003 0.0215 -10 0 0 0
0.6120 -0.0004 0.0223 -10 0 0 0
0.6100 -0.0002 0.0222 -10 0 0 0
0.6200 -0.0000 0.0224 -10 0 0 0
0.6200 -0.0000 0.0224 0 0 0 0
0.6280 -0.0011 0.0244 -10 0 0 0
0.6280 -0.0014 0.0262 -10 0 0 0
0.6480 -0.0015 0.0267 -10 0 0 0
0.6480 -0.0015 0.0267 -10 0 0 0
0.6340 -0.0009 0.0279 -10 0 0 0
0.6420 -0.0014 0.0291 -10 0 0 0
0.6300 -0.0018 0.0292 -10 0 0 0
0.6300 -0.0018 0.0292 -10 0 0 0
0.6340 -0.0020 0.0313 -10 0 0 0
0.6320 -0.0022 0.0312 -10 0 0 0
0.6240 -0.0020 0.0314 -10 0 0 0
0.6380 -0.0019 0.0314 -10 0 0 0
0.6380 -0.0019 0.0314 -10 0 0 0
0.6120 -0.0019 0.0329 -10 0 0 0
0.6160 -0.0023 0.0336 -10 0 0 0
0.6340 -0.0023 0.0337 0 0 0 0
0.6380 -0.0017 0.0253 10 0 0 0
0.6360 -0.0006 0.0392 10 0 0 0
0.6280 -0.0009 0.0396 10 0 0 0
0.6240 -0.0008 0.0391 10 0 0 0
0.6220 -0.0008 0.0391 10 0 0 0
0.6220 -0.0001 0.0353 10 0 0 0
0.6340 0.0004 0.0352 10 0 0 0
0.6280 0.0006 0.0378 10 0 0 0
0.6280 0.0006 0.0378 10 0 0 0
0.6320 0.0010 0.0378 10 0 0 0
0.6320 0.0010 0.0394 10 0 0 0
0.6280 0.0006 0.0394 10 0 0 0
0.6360 0.0000 0.0419 10 0 0 0
0.6360 0.0000 0.0419 10 0 0 0
0.6180 -0.0010 0.0437 10 0 0 0
0.6180 -0.0010 0.0437 10 0 0 0
0.6180 -0.0006 0.0451 10 0 0 0
0.6180 -0.0006 0.0451 0 0 0 0
0.6380 0.0000 0.0430 0 -10 0 0
0.6220 -0.0000 0.0446 0 -10 0 0
0.6320 -0.0002 0.0441 0 -10 0 0
0.6300 -0.0003 0.0444 0 -10 0 0
0.6300 -0.0003 0.0444 0 -10 0 0
0.6400 -0.0009 0.0439 0 -10 0 0
0.6300 -0.0011 0.0441 0 -10 0 0
0.6340 -0.0011 0.0436 0 -10 0 0
0.6260 -0.0007 0.0446 0 -10 0 0
0.6240 -0.0004 0.0443 0 -10 0 0
0.6240 -0.0001 0.0436 0 -10 0 0
0.6280 0.0003 0.0426 0 -10 0 0
0.6120 0.0003 0.0426 0 -10 0 0
0.6200 0.0006 0.0424 0 -10 0 0
0.6200 0.0009 0.0418 0 -10 0 0
0.6400 0.0009 0.0415 0 -10 0 0
0.6400 0.0009 0.0415 0 -10 0 0
0.6340 0.0007 0.0404 0 -10 0 0
0.6140 0.0003 0.0390 0 -10 0 0
0.6280 0.0003 0.0382 0 -10 0 0
0.6460 0.0003 0.0398 0 -10 0 0
0.6460 0.0003 0.0398 0 -10 0 0
0.6540 0.0003 0.0390 0 -10 0 0
0.6540 0.0003 0.0390 0 -10 0 0
0.6460 0.0003 0.0376 0 -10 0 0
0.6400 0.0006 0.0365 0 -10 0 0
0.6500 0.0004 0.0349 0 -10 0 0
0.6500 0.0004 0.0349 0 -10 0 0
0.6560 0.0008 0.0339 0 -10 0 0
0.6620 0.0008 0.0322 0 -10 0 0
0.6620 -0.0003 0.0294 0 -10 0 0
0.6720 -0.0003 0.0294 0 -10 0 0
0.6460 -0.0011 0.0294 0 -10 0 0
0.6620 -0.0014 0.0271 0 -10 0 0
0.6620 -0.0011 0.0301 0 -10 0 0
0.6740 -0.0009 0.0300 0 -10 0 0
0.6660 -0.0006 0.0329 0 -10 0 0
0.6640 -0.0006 0.0347 0 -10 0 0
0.6680 -0.0004 0.0344 0 -10 0 0
0.6680 -0.0004 0.0344 0 -10 0 0
0.6820 -0.0008 0.0355 0 -10 0 0
0.6880 -0.0014 0.0350 0 -10 0 0
0.6740 -0.0015 0.0352 0 -10 0 0
0.6800 -0.0017 0.0347 0 -10 0 0
0.6800 -0.0017 0.0347 0 -10 0 0
0.6940 -0.0018 0.0352 0 -10 0 0
0.6940 -0.0018 0.0352 0 -10 0 0
0.6780 -0.0016 0.0349 0 -10 0 0
0.6760 -0.0018 0.0344 0 -10 0 0
0.6900 -0.0019 0.0364 0 -10 0 0
0.6900 -0.0019 0.0364 0 -10 0 0
0.6820 -0.0019 0.0366 0 -10 0 0
0.6920 -0.0019 0.0362 0 0 0 0
0.6820 -0.0021 0.0348 0 -10 0 0
0.6860 -0.0028 0.0338 0 -10 0 0
0.7140 -0.0029 0.0336 0 -10 0 0
0.7080 -0.0027 0.0320 0 -10 0 0
0.7020 -0.0026 0.0318 0 -10 0 0
0.7020 -0.0026 0.0318 0 -10 0 0
0.6980 -0.0021 0.0323 0 -10 0 0
0.7220 -0.0016 0.0331 0 -10 0 0
0.7180 -0.0014 0.0326 0 -10 0 0
0.7100 -0.0017 0.0307 0 -10 0 0
0.7100 -0.0017 0.0307 0 -10 0 0
0.7140 -0.0021 0.0305 0 0 0 0
0.7340 -0.0025 0.0173 0 0 0 -10
0.7260 -0.0017 0.0146 0 0 0 -10
0.7280 -0.0019 0.0179 0 0 0 -10
0.7280 -0.0019 0.0179 0 0 0 0
0.7240 -0.0020 0.0138 0 0 0 -10
0.7240 -0.0024 0.0123 0 0 0 -10
0.7160 -0.0021 0.0118 0 0 0 0
