0.5920 0.0015 -0.0227 0 0 0 0
0.5960 -0.0002 0.0406 0 0 0 10
0.5860 -0.0012 0.0342 0 0 0 0
0.5940 0.0002 0.0366 0 0 0 -10
0.5900 -0.0018 0.0337 0 0 0 0
0.5920 -0.0023 0.0311 0 0 0 -10
0.5800 -0.0020 0.0257 0 0 0 0
0.6100 -0.0014 0.0254 0 0 0 -10
0.6040 -0.0017 0.0238 0 0 0 -10
0.6060 -0.0012 0.0265 0 0 0 0
0.6120 -0.0021 0.0330 0 0 0 -10
0.5920 -0.0006 0.0304 0 0 0 0
0.5860 -0.0004 0.0184 0 0 0 -10
0.5780 0.0002 0.0268 0 0 0 0
0.5960 -0.0007 0.0242 0 0 0 -10
0.5980 0.0002 0.0225 0 0 0 0
0.5980 -0.0005 0.0143 0 0 0 -10
0.5960 -0.0002 0.0123 0 0 0 0
0.6080 -0.0013 0.0018 0 0 0 -10
0.6040 -0.0005 0.0080 0 0 0 0
0.6100 -0.0006 -0.0289 -10 0 0 0
0.6140 -0.0005 -0.0448 -10 0 0 0
0.6100 -0.0013 -0.0519 -10 0 0 0
0.6240 -0.0017 -0.0560 -10 0 0 0
0.6240 -0.0017 -0.0560 -10 0 0 0
0.5860 -0.0022 -0.0564 -10 0 0 0
0.6080 -0.0019 -0.0602 -10 0 0 0
0.6280 -0.0013 -0.0601 0 0 0 0
0.6020 -0.0011 -0.0671 -10 0 0 0
0.5980 -0.0007 -0.0678 -10 0 0 0
0.5980 -0.0007 -0.0678 -10 0 0 0
0.6020 -0.0011 -0.0688 -10 0 0 0
0.6060 -0.0014 -0.0699 -10 0 0 0
0.5960 -0.0016 -0.0713 -10 0 0 0
0.6000 -0.0016 -0.0708 -10 0 0 0
0.6040 -0.0019 -0.0714 -10 0 0 0
0.6040 -0.0019 -0.0714 -10 0 0 0
0.5840 -0.0020 -0.0709 -10 0 0 0
0.5940 -0.0015 -0.0722 -10 0 0 0
0.5900 -0.0005 -0.0741 -10 0 0 0
0.6020 -0.0005 -0.0730 -10 0 0 0
0.6020 -0.0005 -0.0730 -10 0 0 0
0.5860 -0.0006 -0.0739 -10 0 0 0
0.5880 -0.0004 -0.0757 -10 0 0 0
0.5980 -0.0002 -0.0753 -10 0 0 0
0.6020 0.0005 -0.0777 -10 0 0 0
0.5880 0.0003 -0.0764 -10 0 0 0
0.5880 0.0003 -0.0764 -10 0 0 0
0.6100 0.0005 -0.0760 -10 0 0 0
0.6240 0.0007 -0.0758 -10 0 0 0
0.6100 0.0005 -0.0773 -10 0 0 0
0.6300 0.0002 -0.0768 -10 0 0 0
0.6160 -0.0002 -0.0777 -10 0 0 0
0.6160 -0.0004 -0.0771 -10 0 0 0
0.6160 -0.0004 -0.0771 -10 0 0 0
0.6180 -0.0006 -0.0793 -10 0 0 0
0.6100 -0.0009 -0.0789 -10 0 0 0
0.6080 -0.0016 -0.0811 -10 0 0 0
0.6080 -0.0016 -0.0811 -10 0 0 0
0.6080 -0.0020 -0.0803 -10 0 0 0
0.6180 -0.0016 -0.0803 -10 0 0 0
0.6100 -0.0011 -0.0797 -10 0 0 0
0.6160 -0.0006 -0.0807 -10 0 0 0
0.6200 -0.0004 -0.0803 -10 0 0 0
0.6200 -0.0004 -0.0803 0 0 0 0
0.6160 -0.0021 -0.0873 -10 0 0 0
0.6260 -0.0016 -0.0905 -10 0 0 0
0.6020 -0.0020 -0.0894 -10 0 0 0
0.6100 -0.0018 -0.0893 -10 0 0 0
0.6100 -0.0018 -0.0893 -10 0 0 0
0.6240 -0.0015 -0.0912 -10 0 0 0
0.6100 -0.0008 -0.0905 -10 0 0 0
0.6200 -0.0001 -0.0908 -10 0 0 0
0.6260 0.0001 -0.0902 -10 0 0 0
0.6260 0.0001 -0.0902 -10 0 0 0
0.6280 -0.0007 -0.0915 -10 0 0 0
0.6300 -0.0008 -0.0910 -10 0 0 0
0.6260 -0.0007 -0.0903 -10 0 0 0
0.6300 -0.0012 -0.0900 -10 0 0 0
0.6240 -0.0015 -0.0896 -10 0 0 0
0.6240 -0.0015 -0.0896 -10 0 0 0
0.6380 -0.0015 -0.0875 -10 0 0 0
0.6160 -0.0016 -0.0866 0 0 0 0
0.6320 -0.0019 -0.0869 -10 0 0 0
0.6380 -0.0010 -0.0888 -10 0 0 0
0.6400 -0.0004 -0.0933 -10 0 0 0
0.6400 -0.0004 -0.0933 -10 0 0 0
0.6240 -0.0008 -0.0943 -10 0 0 0
0.6340 -0.0009 -0.0928 -10 0 0 0
0.6560 -0.0009 -0.0918 -10 0 0 0
0.6560 -0.0009 -0.0918 -10 0 0 0
0.6360 -0.0008 -0.0908 -10 0 0 0
0.6320 -0.0005 -0.0908 -10 0 0 0
0.6280 -0.0002 -0.0901 -10 0 0 0
0.6240 -0.0004 -0.0900 0 0 0 0
0.6440 0.0005 -0.0870 -10 0 0 0
0.6380 0.0008 -0.0831 -10 0 0 0
0.6420 0.0004 -0.0836 -10 0 0 0
0.6300 -0.0003 -0.0827 -10 0 0 0
0.6300 -0.0003 -0.0827 -10 0 0 0
0.6480 -0.0006 -0.0824 -10 0 0 0
0.6480 -0.0002 -0.0826 -10 0 0 0
0.6480 -0.0002 -0.0826 -10 0 0 0
0.6420 0.0010 -0.0800 0 0 0 0
0.6260 0.0003 -0.0773 0 0 0 10
0.6200 -0.0008 -0.0768 0 0 0 10
0.6360 -0.0006 -0.0751 0 0 0 0
0.6400 -0.0011 -0.0764 0 0 0 0
0.6240 -0.0013 -0.0708 0 0 0 10
0.6440 0.0007 -0.0695 0 0 0 0
0.6400 -0.0002 -0.0697 0 0 0 10
0.6520 -0.0003 -0.0664 0 0 0 10
0.6460 0.0004 -0.0656 0 0 0 0
0.6400 0.0002 -0.0654 0 0 0 10
0.6500 -0.0006 -0.0620 0 0 0 10
0.6380 -0.0009 -0.0615 0 0 0 0
0.6360 -0.0009 -0.0631 0 0 0 10
0.6440 0.0005 -0.0626 0 0 0 10
0.6440 0.0005 -0.0626 0 0 0 0
0.6260 0.0012 -0.0593 0 0 0 10
0.6460 -0.0004 -0.0510 0 0 0 10
0.6380 -0.0001 -0.0479 0 0 0 0
0.6460 -0.0007 -0.0417 0 0 0 10
0.6560 -0.0012 -0.0272 0 0 0 10
0.6860 -0.0009 -0.0270 0 0 0 10
0.6780 -0.0011 -0.0304 0 0 0 0
0.6380 -0.0009 -0.0189 0 0 0 10
0.6400 0.0004 -0.0237 0 0 0 10
0.6520 0.0002 -0.0238 0 0 0 0
0.6680 0.0003 -0.0199 0 0 0 10
0.6540 -0.0007 -0.0167 0 0 0 10
0.6540 -0.0007 -0.0167 0 0 0 10
0.6480 -0.0015 -0.0166 0 0 0 0
0.6160 -0.0007 -0.0086 0 0 0 10
0.6200 -0.0012 -0.0091 0 0 0 10
0.6200 -0.0016 -0.0095 0 0 0 0
0.6420 -0.0000 -0.0018 0 0 0 10
0.6520 -0.0019 -0.0031 0 0 0 0
0.6420 -0.0011 0.0046 -10 0 0 0
0.6120 -0.0002 0.0071 -10 0 0 0
0.6280 -0.0010 0.0070 -10 0 0 0
0.6360 -0.0011 0.0077 -10 0 0 0
0.6360 -0.0011 0.0077 -10 0 0 0
0.6280 -0.0006 0.0060 -10 0 0 0
0.6320 -0.0009 0.0057 -10 0 0 0
0.6320 -0.0009 0.0057 -10 0 0 0
0.6420 -0.0012 0.0052 -10 0 0 0
0.6360 -0.0016 0.0050 -10 0 0 0
0.6320 -0.0016 0.0049 -10 0 0 0
0.6460 -0.0015 0.0065 -10 0 0 0
0.6380 -0.0011 0.0061 -10 0 0 0
0.6340 -0.0007 0.0060 -10 0 0 0
0.6260 -0.0002 0.0059 0 0 0 0
0.6580 -0.0007 -0.0059 -10 0 0 0
0.6260 0.0005 -0.0052 -10 0 0 0
0.6460 -0.0004 -0.0071 -10 0 0 0
0.6340 0.0003 -0.0067 -10 0 0 0
0.6440 0.0009 -0.0054 -10 0 0 0
0.6440 0.0010 -0.0052 -10 0 0 0
0.6440 0.0010 -0.0052 -10 0 0 0
0.6580 0.0014 -0.0046 -10 0 0 0
0.6540 0.0012 -0.0046 -10 0 0 0
0.6540 0.0004 -0.0040 -10 0 0 0
0.6560 0.0001 -0.0041 -10 0 0 0
0.6580 -0.0002 -0.0054 -10 0 0 0
0.6580 -0.0002 -0.0054 -10 0 0 0
0.6520 -0.0001 -0.0060 -10 0 0 0
0.6500 -0.0002 -0.0057 -10 0 0 0
0.6520 -0.0004 -0.0071 -10 0 0 0
0.6500 -0.0007 -0.0061 -10 0 0 0
0.6500 -0.0007 -0.0061 -10 0 0 0
0.6380 -0.0007 -0.0058 -10 0 0 0
0.6520 -0.0011 -0.0048 -10 0 0 0
0.6480 -0.0012 -0.0047 -10 0 0 0
0.6720 -0.0014 -0.0037 -10 0 0 0
0.6500 -0.0018 -0.0028 -10 0 0 0
0.6500 -0.0018 -0.0028 0 0 0 0
0.6560 -0.0030 0.0000 -10 0 0 0
0.6480 -0.0022 0.0007 -10 0 0 0
0.6800 -0.0019 0.0016 -10 0 0 0
0.6740 -0.0022 0.0007 -10 0 0 0
0.6740 -0.0025 0.0009 -10 0 0 0
0.6800 -0.0025 0.0009 -10 0 0 0
0.6520 -0.0028 0.0016 -10 0 0 0
0.6580 -0.0023 0.0018 -10 0 0 0
0.6420 -0.0015 0.0044 -10 0 0 0
0.6420 -0.0015 0.0044 -10 0 0 0
0.6800 -0.0013 0.0110 -10 0 0 0
0.6800 -0.0013 0.0110 -10 0 0 0
0.6860 -0.0015 0.0106 -10 0 0 0
0.6900 -0.0018 0.0066 -10 0 0 0
0.6840 -0.0019 0.0055 -10 0 0 0
0.6860 -0.0016 0.0054 -10 0 0 0
0.6860 -0.0016 0.0054 -10 0 0 0
0.6840 -0.0012 0.0056 -10 0 0 0
0.6820 -0.0011 0.0052 -10 0 0 0
0.6780 -0.0008 0.0049 0 0 0 0
0.6980 -0.0012 0.0020 -10 0 0 0
0.6860 -0.0010 -0.0005 -10 0 0 0
0.6920 0.0001 -0.0009 -10 0 0 0
0.7000 -0.0002 0.0001 -10 0 0 0
0.7000 -0.0002 0.0001 -10 0 0 0
0.6940 -0.0004 -0.0011 -10 0 0 0
0.6880 -0.0004 -0.0012 -10 0 0 0
0.6800 -0.0005 -0.0018 -10 0 0 0
0.6800 -0.0005 -0.0018 -10 0 0 0
0.6740 -0.0007 -0.0004 -10 0 0 0
0.6800 -0.0010 -0.0004 -10 0 0 0
0.6740 -0.0010 -0.0001 0 0 0 0
