0.6280 -0.0019 0.0397 0 0 0 -10
0.6340 -0.0012 0.0493 0 0 0 -10
0.6180 -0.0011 0.0467 0 0 0 0
0.6300 -0.0012 0.0397 0 0 0 -10
0.5920 -0.0002 0.0394 0 0 0 0
0.6220 0.0001 0.0392 0 0 0 -10
0.6260 0.0001 0.0316 0 0 0 -10
0.6260 0.0007 0.0219 0 0 0 -10
0.6260 0.0007 0.0219 0 0 0 0
0.6600 -0.0002 0.0252 0 0 0 -10
0.6560 0.0000 0.0149 0 0 0 -10
0.6480 0.0002 0.0090 0 0 0 0
0.6180 -0.0002 0.0061 0 0 0 -10
0.6280 -0.0013 0.0029 0 0 0 -10
0.6220 -0.0015 0.0026 0 0 0 0
0.6280 -0.0024 -0.0068 0 0 0 -10
0.6420 0.0003 -0.0144 0 0 0 0
0.6400 -0.0004 -0.0088 0 0 0 10
0.6400 -0.0002 -0.0113 0 0 0 10
0.6540 -0.0014 -0.0153 0 0 0 0
0.6200 -0.0011 -0.0134 0 0 0 10
0.6120 -0.0012 -0.0024 0 0 0 0
0.6300 -0.0010 -0.0110 -10 0 0 0
0.6200 -0.0016 -0.0125 -10 0 0 0
0.6320 -0.0013 -0.0074 -10 0 0 0
0.6380 -0.0011 -0.0076 -10 0 0 0
0.6340 -0.0014 -0.0119 -10 0 0 0
0.6320 -0.0011 -0.0125 -10 0 0 0
0.6320 -0.0011 -0.0125 -10 0 0 0
0.6220 -0.0008 -0.0146 -10 0 0 0
0.6320 -0.0004 -0.0150 -10 0 0 0
0.6220 -0.0002 -0.0156 -10 0 0 0
0.6280 -0.0004 -0.0191 -10 0 0 0
0.6280 -0.0004 -0.0190 -10 0 0 0
0.6160 0.0000 -0.0192 -10 0 0 0
0.6160 0.0000 -0.0192 -10 0 0 0
0.6220 0.0005 -0.0175 -10 0 0 0
0.6060 0.0003 -0.0179 0 0 0 0
0.6360 0.0005 -0.0168 -10 0 0 0
0.6240 0.0001 -0.0125 -10 0 0 0
0.6060 -0.0002 -0.0105 -10 0 0 0
0.6200 0.0001 -0.0103 -10 0 0 0
0.6220 0.0003 -0.0142 -10 0 0 0
0.6400 0.0000 -0.0141 -10 0 0 0
0.6220 -0.0001 -0.0113 0 0 0 0
0.6040 0.0002 -0.0074 -10 0 0 0
0.6040 -0.0000 -0.0034 -10 0 0 0
0.6400 -0.0004 -0.0007 -10 0 0 0
0.6260 -0.0002 0.0009 -10 0 0 0
0.6260 -0.0002 0.0009 -10 0 0 0
0.6360 0.0005 -0.0004 -10 0 0 0
0.6360 0.0005 -0.0004 -10 0 0 0
0.6200 0.0013 -0.0034 -10 0 0 0
0.6200 0.0013 -0.0034 -10 0 0 0
0.6420 0.0001 -0.0025 0 0 0 0
0.6300 0.0007 0.0002 -10 0 0 0
0.6240 -0.0002 0.0018 -10 0 0 0
0.6440 -0.0007 0.0022 -10 0 0 0
0.6440 -0.0006 0.0020 -10 0 0 0
0.6320 -0.0003 0.0020 -10 0 0 0
0.6320 -0.0003 0.0020 -10 0 0 0
0.6480 0.0003 0.0032 -10 0 0 0
0.6500 0.0003 0.0027 -10 0 0 0
0.6480 0.0000 0.0024 -10 0 0 0
0.6400 -0.0002 0.0027 -10 0 0 0
0.6400 -0.0002 0.0027 -10 0 0 0
0.6740 -0.0011 0.0027 -10 0 0 0
0.6740 -0.0011 0.0027 -10 0 0 0
0.6500 -0.0010 0.0016 -10 0 0 0
0.6700 -0.0009 0.0018 0 0 0 0
0.6160 -0.0010 -0.0021 -10 0 0 0
0.6440 -0.0014 0.0014 -10 0 0 0
0.6440 -0.0014 0.0014 -10 0 0 0
0.6420 -0.0013 0.0016 -10 0 0 0
0.6560 -0.0014 0.0020 -10 0 0 0
0.6440 -0.0019 0.0021 -10 0 0 0
0.6600 -0.0018 0.0021 -10 0 0 0
0.6600 -0.0018 0.0021 -10 0 0 0
0.6440 -0.0017 0.0033 -10 0 0 0
0.6180 -0.0013 0.0053 -10 0 0 0
0.6580 -0.0011 0.0051 -10 0 0 0
0.6780 -0.0009 0.0018 -10 0 0 0
0.6780 -0.0009 0.0018 0 0 0 0
0.6620 -0.0002 -0.0090 -10 0 0 0
0.6720 0.0006 -0.0079 -10 0 0 0
0.6680 -0.0003 -0.0069 -10 0 0 0
0.6620 -0.0003 -0.0064 -10 0 0 0
0.6620 -0.0003 -0.0064 -10 0 0 0
0.6820 -0.0002 -0.0092 -10 0 0 0
0.6720 -0.0005 -0.0094 -10 0 0 0
0.6920 -0.0012 -0.0093 -10 0 0 0
0.6940 -0.0007 -0.0090 -10 0 0 0
0.6740 -0.0006 -0.0086 0 0 0 0
0.6840 -0.0001 -0.0156 -10 0 0 0
0.6780 0.0003 -0.0239 -10 0 0 0
0.7040 0.0004 -0.0253 -10 0 0 0
0.6860 0.0000 -0.0254 -10 0 0 0
0.6920 -0.0006 -0.0303 -10 0 0 0
0.6920 -0.0006 -0.0303 -10 0 0 0
0.6960 -0.0010 -0.0298 -10 0 0 0
0.6880 -0.0009 -0.0282 0 0 0 0
0.6900 -0.0024 -0.0275 0 0 0 10
0.6720 -0.0011 -0.0284 0 0 0 0
0.6660 -0.0016 -0.0304 0 0 0 10
0.6540 -0.0020 -0.0282 0 0 0 10
0.6680 -0.0016 -0.0253 0 0 0 10
0.6680 -0.0016 -0.0253 0 0 0 0
0.6900 -0.0020 -0.0235 0 0 0 10
0.6780 -0.0012 -0.0197 0 0 0 10
0.6800 -0.0010 -0.0203 0 0 0 0
0.6780 -0.0021 -0.0186 0 0 0 10
0.6760 -0.0017 -0.0166 0 0 0 10
0.6780 -0.0016 -0.0165 0 0 0 0
0.6640 -0.0016 -0.0181 0 0 0 10
0.6900 -0.0011 -0.0100 0 0 0 10
0.6860 -0.0012 -0.0082 0 0 0 0
0.6580 -0.0006 0.0027 -10 0 0 0
0.6720 -0.0008 0.0012 -10 0 0 0
0.6800 -0.0009 0.0021 -10 0 0 0
0.6780 -0.0005 0.0012 -10 0 0 0
0.6720 -0.0001 0.0014 -10 0 0 0
0.6720 -0.0001 0.0014 -10 0 0 0
0.6600 0.0001 0.0016 -10 0 0 0
0.6660 -0.0004 0.0009 -10 0 0 0
0.6680 -0.0011 0.0011 -10 0 0 0
0.6760 -0.0015 0.0010 -10 0 0 0
0.6720 -0.0013 0.0010 -10 0 0 0
0.6740 -0.0009 0.0001 -10 0 0 0
0.6740 -0.0009 0.0001 0 0 0 0
0.6840 -0.0011 -0.0041 -10 0 0 0
0.6620 -0.0017 -0.0076 -10 0 0 0
0.6720 -0.0011 -0.0088 -10 0 0 0
0.6820 -0.0012 -0.0092 -10 0 0 0
0.6820 -0.0012 -0.0092 -10 0 0 0
0.6860 -0.0007 -0.0137 -10 0 0 0
0.6740 -0.0007 -0.0137 -10 0 0 0
0.6920 -0.0007 -0.0135 -10 0 0 0
0.6800 -0.0005 -0.0126 -10 0 0 0
0.6820 -0.0011 -0.0122 0 0 0 0
0.6900 -0.0011 -0.0148 -10 0 0 0
0.6900 -0.0011 -0.0126 -10 0 0 0
0.6900 -0.0019 -0.0108 -10 0 0 0
0.6940 -0.0021 -0.0093 -10 0 0 0
0.6900 -0.0026 -0.0083 -10 0 0 0
