0.5880 0.0043 0.0153 0 30 0 0
0.5920 0.0043 0.0153 0 30 0 0
0.6020 0.0047 0.0154 0 30 0 0
0.6020 0.0047 0.0154 0 30 0 0
0.5780 0.0054 0.0151 0 30 0 0
0.5900 0.0066 0.0152 0 30 0 0
0.5760 0.0059 0.0147 0 30 0 0
0.5760 0.0059 0.0147 0 30 0 0
0.5760 0.0059 0.0147 0 30 0 0
0.5760 0.0059 0.0147 0 30 0 0
0.5760 0.0058 0.0147 0 30 0 0
0.5760 0.0058 0.0147 0 30 0 0
0.5760 0.0058 0.0147 0 30 0 0
0.5800 0.0059 0.0143 0 30 0 0
0.5800 0.0057 0.0144 0 30 0 0
0.5800 0.0057 0.0144 0 30 0 0
0.5800 0.0057 0.0144 0 30 0 0
0.5880 0.0052 0.0136 0 30 0 0
0.5880 0.0052 0.0136 0 30 0 0
0.5880 0.0052 0.0136 0 30 0 0
0.5820 0.0048 0.0146 0 30 0 0
0.5820 0.0048 0.0146 0 30 0 0
0.5820 0.0048 0.0146 0 30 0 0
0.5820 0.0048 0.0146 0 30 0 0
0.5820 0.0048 0.0146 0 30 0 0
0.5800 0.0043 0.0156 0 30 0 0
0.5800 0.0043 0.0156 0 30 0 0
0.5800 0.0043 0.0156 0 30 0 0
0.5800 0.0043 0.0156 0 30 0 0
0.5800 0.0043 0.0156 0 30 0 0
0.5800 0.0043 0.0156 0 30 0 0
0.5800 0.0043 0.0156 0 30 0 0
0.5800 0.0043 0.0156 0 30 0 0
0.5800 0.0043 0.0156 0 30 0 0
0.5800 0.0043 0.0156 0 30 0 0
0.5840 0.0043 0.0164 0 30 0 0
0.5840 0.0043 0.0164 0 30 0 0
0.5580 0.0043 0.0174 0 30 0 0
0.5680 0.0047 0.0184 0 30 0 0
0.5680 0.0047 0.0184 0 30 0 0
0.5680 0.0047 0.0184 0 30 0 0
0.5680 0.0047 0.0184 0 30 0 0
0.5620 0.0057 0.0186 0 30 0 0
0.5620 0.0057 0.0186 0 30 0 0
0.5620 0.0057 0.0186 0 30 0 0
0.5780 0.0065 0.0197 0 30 0 0
0.5780 0.0065 0.0197 0 30 0 0
0.5780 0.0065 0.0197 0 30 0 0
0.5780 0.0065 0.0197 0 30 0 0
0.5780 0.0065 0.0197 0 30 0 0
0.5840 0.0072 0.0205 0 30 0 0
0.5840 0.0072 0.0205 0 30 0 0
0.5840 0.0072 0.0205 0 30 0 0
0.5840 0.0074 0.0185 0 30 0 0
0.5600 0.0074 0.0185 0 30 0 0
0.5600 0.0074 0.0185 0 30 0 0
0.5600 0.0074 0.0185 0 30 0 0
0.5600 0.0074 0.0185 0 30 0 0
0.5580 0.0073 0.0182 0 30 0 0
0.5580 0.0073 0.0182 0 30 0 0
0.5580 0.0073 0.0182 0 30 0 0
0.5580 0.0073 0.0182 0 30 0 0
0.5540 0.0066 0.0222 0 30 0 0
0.5540 0.0066 0.0222 0 30 0 0
0.5540 0.0066 0.0222 0 30 0 0
0.5540 0.0066 0.0222 0 30 0 0
0.5560 0.0056 0.0208 0 30 0 0
0.5560 0.0056 0.0208 0 30 0 0
0.5560 0.0056 0.0208 0 30 0 0
0.5560 0.0056 0.0208 0 30 0 0
0.5800 0.0049 0.0238 0 30 0 0
0.5800 0.0049 0.0238 0 30 0 0
0.5800 0.0049 0.0238 0 30 0 0
0.5800 0.0049 0.0238 0 30 0 0
0.5720 0.0048 0.0232 0 30 0 0
0.5720 0.0048 0.0232 0 30 0 0
0.5720 0.0048 0.0232 0 30 0 0
0.5720 0.0048 0.0232 0 30 0 0
0.5600 0.0051 0.0199 0 30 0 0
0.5600 0.0051 0.0199 0 30 0 0
0.5600 0.0051 0.0199 0 30 0 0
0.5720 0.0059 0.0168 0 30 0 0
0.5720 0.0059 0.0168 0 30 0 0
0.5720 0.0059 0.0168 0 30 0 0
0.5720 0.0059 0.0168 0 30 0 0
0.5580 0.0065 0.0164 0 30 0 0
0.5580 0.0065 0.0164 0 30 0 0
0.5580 0.0065 0.0164 0 30 0 0
0.5580 0.0065 0.0164 0 30 0 0
0.5700 0.0067 0.0143 0 30 0 0
0.5700 0.0067 0.0143 0 30 0 0
0.5700 0.0067 0.0143 0 30 0 0
0.5700 0.0067 0.0143 0 30 0 0
0.5700 0.0067 0.0132 0 30 0 0
0.5680 0.0067 0.0132 0 30 0 0
0.5680 0.0067 0.0132 0 30 0 0
0.5680 0.0067 0.0132 0 30 0 0
0.5680 0.0067 0.0132 0 30 0 0
0.5880 0.0066 0.0120 0 30 0 0
0.5880 0.0066 0.0120 0 30 0 0
0.5880 0.0066 0.0120 0 30 0 0
0.5880 0.0066 0.0120 0 30 0 0
0.5880 0.0066 0.0120 0 30 0 0
0.6140 0.0065 0.0121 0 30 0 0
0.6140 0.0065 0.0121 0 30 0 0
0.6140 0.0065 0.0121 0 30 0 0
0.6140 0.0065 0.0121 0 30 0 0
0.5840 0.0066 0.0109 0 30 0 0
0.5840 0.0066 0.0109 0 30 0 0
0.5840 0.0066 0.0109 0 30 0 0
0.5640 0.0064 0.0112 0 30 0 0
0.5640 0.0064 0.0112 0 30 0 0
0.5640 0.0064 0.0112 0 30 0 0
0.5640 0.0064 0.0112 0 30 0 0
0.5480 0.0061 0.0101 0 30 0 0
0.5480 0.0061 0.0101 0 30 0 0
0.5480 0.0061 0.0101 0 30 0 0
0.5640 0.0060 0.0089 0 0 0 0
0.5520 0.0057 0.0133 0 -30 0 0
0.5400 0.0057 0.0133 0 -30 0 0
0.5340 0.0053 0.0127 0 -30 0 0
0.5360 0.0055 0.0119 0 -30 0 0
0.5320 0.0064 0.0114 0 -30 0 0
0.5460 0.0066 0.0104 0 -30 0 0
0.5400 0.0061 0.0111 0 -30 0 0
0.5320 0.0055 0.0100 0 -30 0 0
0.5320 0.0055 0.0100 0 -30 0 0
0.5320 0.0055 0.0100 0 -30 0 0
0.5320 0.0055 0.0100 0 -30 0 0
0.5320 0.0055 0.0100 0 -30 0 0
0.5320 0.0055 0.0100 0 -30 0 0
0.5320 0.0055 0.0100 0 -30 0 0
0.5300 0.0052 0.0101 0 -30 0 0
0.5300 0.0052 0.0101 0 -30 0 0
0.5400 0.0048 0.0104 0 -30 0 0
0.5760 0.0046 0.0101 0 -30 0 0
0.5760 0.0046 0.0101 0 0 0 0
0.5440 0.0043 0.0116 0 -30 0 0
0.5440 0.0043 0.0116 0 -30 0 0
0.5340 0.0042 0.0114 0 -30 0 0
0.5160 0.0039 0.0104 0 -30 0 0
0.5480 0.0038 0.0098 0 -30 0 0
0.5600 0.0040 0.0103 0 -30 0 0
0.5400 0.0041 0.0107 0 -30 0 0
0.5400 0.0041 0.0107 0 -30 0 0
0.5380 0.0042 0.0105 0 -30 0 0
0.5380 0.0042 0.0105 0 -30 0 0
0.5380 0.0042 0.0105 0 -30 0 0
0.5380 0.0042 0.0105 0 -30 0 0
0.5360 0.0044 0.0087 0 -30 0 0
0.5360 0.0044 0.0087 0 -30 0 0
0.5360 0.0044 0.0087 0 -30 0 0
0.5360 0.0044 0.0087 0 -30 0 0
0.5360 0.0044 0.0087 0 -30 0 0
0.5340 0.0045 0.0085 0 -30 0 0
0.5340 0.0045 0.0085 0 -30 0 0
0.5380 0.0044 0.0082 0 -30 0 0
0.5380 0.0044 0.0082 0 -30 0 0
0.5380 0.0044 0.0082 0 0 0 0
0.5320 0.0039 -0.0417 30 0 0 0
0.5100 0.0041 -0.0420 30 0 0 0
0.5120 0.0041 -0.0427 30 0 0 0
0.5240 0.0046 -0.0418 30 0 0 0
0.5160 0.0061 -0.0407 30 0 0 0
0.5080 0.0059 -0.0419 30 0 0 0
0.5080 0.0059 -0.0419 30 0 0 0
0.5200 0.0050 -0.0408 30 0 0 0
0.5200 0.0050 -0.0408 30 0 0 0
0.5080 0.0045 -0.0430 30 0 0 0
0.5080 0.0045 -0.0430 30 0 0 0
0.5080 0.0045 -0.0430 30 0 0 0
0.5080 0.0045 -0.0430 30 0 0 0
0.5240 0.0044 -0.0411 30 0 0 0
0.5240 0.0044 -0.0411 30 0 0 0
0.5240 0.0044 -0.0411 30 0 0 0
0.5240 0.0044 -0.0411 30 0 0 0
0.5240 0.0044 -0.0411 30 0 0 0
0.5220 0.0048 -0.0429 30 0 0 0
0.5220 0.0048 -0.0429 30 0 0 0
0.5220 0.0048 -0.0429 30 0 0 0
0.5340 0.0052 -0.0429 30 0 0 0
0.5340 0.0052 -0.0429 30 0 0 0
0.5340 0.0052 -0.0429 30 0 0 0
0.5480 0.0055 -0.0458 30 0 0 0
0.5480 0.0055 -0.0458 30 0 0 0
0.5480 0.0055 -0.0458 30 0 0 0
0.5480 0.0055 -0.0458 30 0 0 0
0.5480 0.0055 -0.0458 30 0 0 0
0.5480 0.0055 -0.0458 30 0 0 0
0.5480 0.0055 -0.0458 30 0 0 0
0.5480 0.0055 -0.0458 30 0 0 0
0.5460 0.0056 -0.0452 30 0 0 0
0.5580 0.0054 -0.0447 30 0 0 0
0.5580 0.0054 -0.0447 30 0 0 0
0.5580 0.0054 -0.0447 30 0 0 0
0.5580 0.0054 -0.0447 30 0 0 0
0.5500 0.0050 -0.0436 30 0 0 0
0.5500 0.0050 -0.0436 30 0 0 0
0.5500 0.0050 -0.0436 30 0 0 0
0.5500 0.0050 -0.0436 30 0 0 0
0.5500 0.0050 -0.0436 30 0 0 0
0.5360 0.0049 -0.0427 30 0 0 0
0.5360 0.0049 -0.0427 30 0 0 0
0.5360 0.0050 -0.0417 30 0 0 0
0.5360 0.0050 -0.0417 30 0 0 0
0.5360 0.0050 -0.0417 30 0 0 0
0.5360 0.0050 -0.0417 30 0 0 0
0.5420 0.0051 -0.0417 30 0 0 0
0.5420 0.0051 -0.0417 30 0 0 0
0.5420 0.0051 -0.0417 30 0 0 0
0.5420 0.0051 -0.0417 30 0 0 0
0.5420 0.0051 -0.0417 30 0 0 0
0.5420 0.0051 -0.0417 30 0 0 0
0.5500 0.0056 -0.0418 30 0 0 0
0.5500 0.0056 -0.0418 30 0 0 0
0.5540 0.0057 -0.0407 30 0 0 0
0.5540 0.0057 -0.0407 30 0 0 0
0.5540 0.0057 -0.0407 30 0 0 0
0.5540 0.0057 -0.0407 30 0 0 0
0.5580 0.0055 -0.0403 30 0 0 0
0.5580 0.0055 -0.0403 30 0 0 0
0.5580 0.0055 -0.0403 30 0 0 0
0.5580 0.0055 -0.0403 30 0 0 0
0.5580 0.0055 -0.0403 30 0 0 0
0.5580 0.0055 -0.0403 30 0 0 0
0.5240 0.0048 -0.0400 30 0 0 0
0.5240 0.0048 -0.0400 30 0 0 0
0.5240 0.0048 -0.0400 30 0 0 0
0.5240 0.0048 -0.0400 30 0 0 0
0.5360 0.0040 -0.0394 30 0 0 0
0.5360 0.0040 -0.0394 30 0 0 0
0.5360 0.0040 -0.0394 30 0 0 0
0.5360 0.0040 -0.0394 30 0 0 0
0.5240 0.0036 -0.0401 30 0 0 0
0.5240 0.0036 -0.0401 30 0 0 0
0.5240 0.0036 -0.0401 30 0 0 0
0.5240 0.0036 -0.0401 30 0 0 0
0.5240 0.0036 -0.0401 30 0 0 0
0.5240 0.0036 -0.0401 30 0 0 0
0.5240 0.0036 -0.0401 30 0 0 0
0.5320 0.0039 -0.0399 30 0 0 0
0.5460 0.0042 -0.0397 30 0 0 0
0.5460 0.0042 -0.0397 30 0 0 0
0.5460 0.0042 -0.0397 30 0 0 0
0.5460 0.0042 -0.0397 30 0 0 0
0.5460 0.0042 -0.0397 30 0 0 0
0.5140 0.0046 -0.0405 30 0 0 0
0.5140 0.0046 -0.0405 30 0 0 0
0.5140 0.0046 -0.0405 30 0 0 0
0.5140 0.0046 -0.0405 30 0 0 0
0.5160 0.0050 -0.0405 30 0 0 0
0.5160 0.0050 -0.0405 30 0 0 0
0.5160 0.0050 -0.0405 30 0 0 0
0.5320 0.0051 -0.0405 30 0 0 0
0.5320 0.0051 -0.0405 30 0 0 0
0.5320 0.0051 -0.0405 30 0 0 0
0.5320 0.0051 -0.0405 30 0 0 0
0.5340 0.0051 -0.0396 30 0 0 0
0.5340 0.0051 -0.0396 30 0 0 0
0.5340 0.0051 -0.0396 30 0 0 0
0.5340 0.0051 -0.0396 30 0 0 0
0.5340 0.0051 -0.0396 30 0 0 0
0.5340 0.0051 -0.0396 30 0 0 0
0.5220 0.0052 0.3342 30 0 0 0
0.5220 0.0052 0.3342 30 0 0 0
0.5220 0.0052 0.3342 30 0 0 0
0.5220 0.0052 0.3342 30 0 0 0
0.5220 0.0052 0.3342 30 0 0 0
0.5220 0.0052 0.3342 30 0 0 0
0.5220 0.0053 0.3355 30 0 0 0
0.5120 0.0053 0.3355 30 0 0 0
0.5300 0.0056 0.3351 30 0 0 0
0.5300 0.0056 0.3351 30 0 0 0
0.5300 0.0056 0.3351 30 0 0 0
0.5300 0.0056 0.3351 30 0 0 0
0.5240 0.0057 0.3325 30 0 0 0
0.5240 0.0057 0.3325 30 0 0 0
0.5240 0.0057 0.3325 0 0 0 0
0.5400 0.0061 0.3251 30 0 0 0
0.5020 0.0066 0.3252 30 0 0 0
0.5100 0.0063 0.3266 30 0 0 0
0.5100 0.0063 0.3266 30 0 0 0
0.5100 0.0057 0.3284 30 0 0 0
0.5100 0.0054 0.3287 30 0 0 0
0.5180 0.0054 0.3287 30 0 0 0
0.4940 0.0056 0.3298 30 0 0 0
0.4940 0.0056 0.3298 30 0 0 0
0.4940 0.0056 0.3298 30 0 0 0
0.5220 0.0058 0.3301 30 0 0 0
0.5220 0.0058 0.3301 30 0 0 0
0.5220 0.0058 0.3301 30 0 0 0
0.5220 0.0058 0.3301 30 0 0 0
0.5220 0.0058 0.3301 30 0 0 0
0.5200 0.0057 0.3380 30 0 0 0
0.5200 0.0057 0.3380 30 0 0 0
0.5460 0.0056 0.3368 30 0 0 0
0.5460 0.0056 0.3368 30 0 0 0
0.5460 0.0056 0.3368 30 0 0 0
0.5460 0.0056 0.3368 0 0 0 0
0.5280 0.0044 0.3205 30 0 0 0
0.5340 0.0047 0.3156 30 0 0 0
0.5240 0.0051 0.3162 30 0 0 0
0.5240 0.0051 0.3162 30 0 0 0
0.5420 0.0053 0.3174 30 0 0 0
0.5420 0.0053 0.3174 30 0 0 0
0.5420 0.0053 0.3174 30 0 0 0
0.5420 0.0053 0.3174 30 0 0 0
0.5420 0.0053 0.3174 30 0 0 0
0.5420 0.0053 0.3174 30 0 0 0
0.5280 0.0052 0.3182 30 0 0 0
0.5280 0.0052 0.3182 30 0 0 0
0.5280 0.0052 0.3182 30 0 0 0
0.5200 0.0051 0.3196 30 0 0 0
0.5200 0.0051 0.3196 30 0 0 0
0.5320 0.0052 0.3225 30 0 0 0
0.5320 0.0052 0.3225 30 0 0 0
0.5320 0.0052 0.3225 0 0 0 0
0.5600 0.0047 0.3262 30 0 0 0
0.5540 0.0041 0.3291 30 0 0 0
0.5460 0.0038 0.3299 30 0 0 0
0.5460 0.0038 0.3299 30 0 0 0
0.5360 0.0040 0.3334 30 0 0 0
0.5360 0.0040 0.3334 30 0 0 0
0.5360 0.0040 0.3334 30 0 0 0
0.5720 0.0041 0.3320 30 0 0 0
0.5720 0.0041 0.3320 30 0 0 0
0.5720 0.0041 0.3320 30 0 0 0
0.5780 0.0036 0.3327 30 0 0 0
0.5780 0.0036 0.3327 30 0 0 0
0.5780 0.0036 0.3327 30 0 0 0
0.5780 0.0036 0.3327 30 0 0 0
0.5480 0.0030 0.3357 30 0 0 0
0.5480 0.0030 0.3357 30 0 0 0
0.5480 0.0030 0.3357 30 0 0 0
0.5480 0.0030 0.3357 30 0 0 0
0.5480 0.0029 0.3330 30 0 0 0
0.5480 0.0029 0.3330 30 0 0 0
0.5480 0.0029 0.3330 30 0 0 0
0.5460 0.0029 0.3306 30 0 0 0
0.5460 0.0029 0.3306 30 0 0 0
0.5460 0.0029 0.3306 30 0 0 0
0.5460 0.0029 0.3306 30 0 0 0
0.5460 0.0029 0.3306 30 0 0 0
0.5320 0.0033 0.3288 30 0 0 0
0.5320 0.0033 0.3288 30 0 0 0
0.5320 0.0033 0.3288 30 0 0 0
0.5320 0.0033 0.3288 30 0 0 0
0.5320 0.0033 0.3288 30 0 0 0
0.5480 0.0040 0.3296 0 0 0 0
0.5500 0.0036 -0.0556 30 0 0 0
0.5500 0.0038 -0.0532 30 0 0 0
0.5180 0.0038 -0.0525 30 0 0 0
0.5580 0.0034 -0.0514 30 0 0 0
0.5320 0.0034 -0.0518 30 0 0 0
0.5320 0.0034 -0.0518 30 0 0 0
0.5320 0.0034 -0.0518 30 0 0 0
0.5320 0.0034 -0.0518 30 0 0 0
0.5320 0.0034 -0.0518 30 0 0 0
0.5500 0.0038 -0.0543 30 0 0 0
0.5500 0.0038 -0.0543 30 0 0 0
0.5500 0.0038 -0.0543 30 0 0 0
0.5500 0.0038 -0.0543 30 0 0 0
0.5500 0.0038 -0.0543 30 0 0 0
0.5280 0.0039 -0.0571 30 0 0 0
0.5280 0.0039 -0.0571 30 0 0 0
0.5280 0.0039 -0.0571 30 0 0 0
0.5580 0.0036 -0.0539 30 0 0 0
0.5580 0.0036 -0.0539 30 0 0 0
0.5580 0.0036 -0.0539 30 0 0 0
0.5580 0.0036 -0.0539 30 0 0 0
0.5580 0.0036 -0.0539 30 0 0 0
0.5380 0.0032 -0.0531 0 0 0 0
0.5440 0.0031 -0.0515 30 0 0 0
0.5280 0.0033 -0.0516 30 0 0 0
0.5280 0.0039 -0.0487 30 0 0 0
0.5280 0.0039 -0.0487 30 0 0 0
0.5280 0.0039 -0.0487 30 0 0 0
0.5120 0.0043 -0.0481 30 0 0 0
0.5120 0.0043 -0.0481 30 0 0 0
0.5260 0.0037 -0.0470 30 0 0 0
0.5260 0.0037 -0.0470 30 0 0 0
0.5260 0.0037 -0.0470 30 0 0 0
0.5260 0.0037 -0.0470 30 0 0 0
0.5260 0.0037 -0.0470 30 0 0 0
0.5260 0.0037 -0.0470 30 0 0 0
0.5320 0.0029 -0.0450 30 0 0 0
0.5320 0.0029 -0.0450 30 0 0 0
0.5320 0.0029 -0.0450 30 0 0 0
0.5320 0.0029 -0.0450 30 0 0 0
0.5220 0.0041 -0.0441 30 0 0 0
0.5220 0.0041 -0.0441 30 0 0 0
0.5220 0.0041 -0.0441 30 0 0 0
0.5280 0.0051 -0.0409 30 0 0 0
0.5280 0.0051 -0.0409 30 0 0 0
0.5280 0.0051 -0.0409 30 0 0 0
0.5280 0.0051 -0.0409 30 0 0 0
0.5200 0.0052 -0.0384 30 0 0 0
0.5200 0.0052 -0.0384 30 0 0 0
0.5200 0.0052 -0.0384 30 0 0 0
0.5200 0.0052 -0.0384 30 0 0 0
0.5200 0.0052 -0.0384 30 0 0 0
0.5200 0.0048 -0.0395 30 0 0 0
0.5200 0.0048 -0.0395 30 0 0 0
0.5200 0.0048 -0.0395 30 0 0 0
0.5200 0.0044 -0.0362 30 0 0 0
0.5060 0.0044 -0.0362 30 0 0 0
0.5060 0.0044 -0.0362 30 0 0 0
0.5060 0.0044 -0.0362 30 0 0 0
0.5060 0.0044 -0.0362 30 0 0 0
0.5200 0.0041 -0.0384 30 0 0 0
0.5200 0.0041 -0.0384 30 0 0 0
0.5200 0.0041 -0.0384 30 0 0 0
0.5200 0.0041 -0.0384 30 0 0 0
0.5200 0.0041 -0.0384 30 0 0 0
0.5400 0.0040 -0.0393 30 0 0 0
0.5400 0.0040 -0.0393 30 0 0 0
0.5400 0.0040 -0.0393 30 0 0 0
0.5400 0.0040 -0.0393 30 0 0 0
0.5120 0.0041 -0.0446 30 0 0 0
0.5120 0.0041 -0.0446 30 0 0 0
0.5120 0.0041 -0.0446 30 0 0 0
0.5120 0.0041 -0.0446 30 0 0 0
0.5180 0.0040 -0.0463 30 0 0 0
0.5180 0.0040 -0.0463 30 0 0 0
0.5180 0.0040 -0.0463 30 0 0 0
0.5180 0.0040 -0.0463 30 0 0 0
0.5180 0.0037 -0.0480 30 0 0 0
0.5160 0.0037 -0.0480 30 0 0 0
0.5160 0.0037 -0.0480 30 0 0 0
0.5160 0.0037 -0.0480 30 0 0 0
0.5320 0.0038 -0.0476 30 0 0 0
0.5320 0.0038 -0.0476 30 0 0 0
0.5320 0.0038 -0.0476 30 0 0 0
0.5320 0.0038 -0.0476 30 0 0 0
0.5320 0.0038 -0.0476 30 0 0 0
0.5340 0.0040 -0.0472 30 0 0 0
0.5340 0.0040 -0.0472 30 0 0 0
0.5340 0.0040 -0.0472 30 0 0 0
0.5340 0.0040 -0.0472 30 0 0 0
0.5180 0.0044 -0.0463 30 0 0 0
0.5180 0.0044 -0.0463 30 0 0 0
0.5180 0.0044 -0.0463 0 0 0 0
0.5160 0.0069 -0.0422 30 0 0 0
0.5520 0.0074 -0.0409 30 0 0 0
0.5440 0.0089 -0.0328 30 0 0 0
0.5540 0.0142 -0.0332 30 0 0 0
0.5240 0.0169 -0.0324 30 0 0 0
0.5240 0.0169 -0.0324 30 0 0 0
0.5240 0.0169 -0.0324 30 0 0 0
0.5240 0.0169 -0.0324 30 0 0 0
0.5240 0.0196 -0.0337 30 0 0 0
0.5240 0.0196 -0.0337 30 0 0 0
0.5240 0.0196 -0.0337 30 0 0 0
0.5240 0.0205 -0.0337 30 0 0 0
0.5360 0.0205 -0.0337 30 0 0 0
0.5360 0.0205 -0.0337 30 0 0 0
0.5360 0.0205 -0.0337 30 0 0 0
0.5360 0.0205 -0.0337 30 0 0 0
0.5320 0.0211 -0.0425 0 0 0 0
0.5320 0.0211 -0.0425 30 0 0 0
0.5060 0.0201 -0.0434 30 0 0 0
0.5120 0.0183 -0.0499 30 0 0 0
0.5180 0.0167 -0.0483 30 0 0 0
0.5420 0.0152 -0.0523 0 0 0 0
0.5560 0.0063 -0.0528 0 0 0 30
0.5280 0.0067 -0.0529 0 0 0 30
0.5360 0.0077 -0.0520 0 0 0 30
0.5440 0.0090 -0.0512 0 0 0 30
0.5460 0.0106 -0.0491 0 0 0 30
0.5420 0.0108 -0.0498 0 0 0 30
0.5300 0.0108 -0.0547 0 0 0 30
0.5300 0.0108 -0.0550 0 0 0 30
0.5220 0.0108 -0.0550 0 0 0 30
0.5220 0.0108 -0.0550 0 0 0 0
0.5580 0.0114 -0.0553 0 0 0 30
0.5580 0.0114 -0.0553 0 0 0 30
0.5580 0.0114 -0.0553 0 0 0 30
0.5340 0.0116 0.3721 0 0 0 30
0.5340 0.0116 0.3721 0 0 0 30
0.5340 0.0114 0.3734 0 0 0 30
0.5560 0.0114 0.3734 0 0 0 30
0.5500 0.0109 0.3753 0 0 0 30
0.5360 0.0100 0.3750 0 0 0 0
0.5420 0.0085 0.3789 0 0 0 30
0.5600 0.0079 0.3815 0 0 0 30
0.5600 0.0079 0.3815 0 0 0 30
0.5640 0.0075 0.3835 0 0 0 30
0.5700 0.0082 0.3864 0 0 0 30
0.5680 0.0090 0.3898 0 0 0 0
0.5620 0.0059 0.3939 0 0 0 30
0.5740 0.0054 0.3933 0 0 0 30
0.5660 0.0054 0.3933 0 0 0 30
0.5480 0.0052 0.3909 0 0 0 30
0.5480 0.0052 0.3909 0 0 0 30
0.5480 0.0052 0.3909 0 0 0 30
0.5740 0.0050 0.3912 0 0 0 0
0.5440 0.0056 0.3893 0 0 0 30
0.5680 0.0056 0.3893 0 0 0 30
0.5580 0.0062 0.3900 0 0 0 30
0.5360 0.0068 0.3891 0 0 0 30
0.5640 0.0071 0.3894 0 0 0 30
0.5640 0.0077 0.3899 0 0 0 0
0.5340 0.0096 0.3666 0 0 0 30
0.5440 0.0097 0.3672 0 0 0 30
0.5340 0.0099 0.3675 0 0 0 30
0.5340 0.0095 0.3696 0 0 0 30
0.5480 0.0092 0.3716 0 0 0 30
0.5380 0.0092 0.3716 0 0 0 30
0.5380 0.0092 0.3716 0 0 0 0
0.5760 0.0053 -0.0116 0 0 -30 0
0.5760 0.0036 -0.0151 0 0 -30 0
0.5560 0.0036 -0.0151 0 0 -30 0
0.6000 0.0034 -0.0175 0 0 -30 0
0.5980 0.0033 -0.0138 0 0 -30 0
0.6000 0.0038 -0.0144 0 0 -30 0
0.5840 0.0044 -0.0146 0 0 0 0
