0.4900 0.0111 0.5256 30 0 0 0
0.4980 0.0110 0.5259 30 0 0 0
0.4740 0.0114 0.5260 30 0 0 0
0.4740 0.0114 0.5260 30 0 0 0
0.4700 0.0119 0.5242 30 0 0 0
0.4700 0.0119 0.5242 30 0 0 0
0.4760 0.0122 0.5207 30 0 0 0
0.4760 0.0122 0.5207 30 0 0 0
0.4740 0.0119 0.5194 30 0 0 0
0.4740 0.0119 0.5194 30 0 0 0
0.4640 0.0115 0.5199 30 0 0 0
0.4700 0.0115 0.5199 30 0 0 0
0.4700 0.0115 0.5199 30 0 0 0
0.4700 0.0115 0.5199 30 0 0 0
0.4700 0.0115 0.5199 30 0 0 0
0.4700 0.0115 0.5199 30 0 0 0
0.4540 0.0116 0.5205 30 0 0 0
0.4540 0.0116 0.5205 30 0 0 0
0.4540 0.0116 0.5205 30 0 0 0
0.4540 0.0116 0.5205 30 0 0 0
0.4540 0.0116 0.5205 30 0 0 0
0.4540 0.0116 0.5205 30 0 0 0
0.4540 0.0116 0.5205 30 0 0 0
0.4540 0.0116 0.5205 30 0 0 0
0.4540 0.0116 0.5205 30 0 0 0
0.4540 0.0116 0.5205 30 0 0 0
0.4540 0.0116 0.5205 30 0 0 0
0.4960 0.0118 0.5213 30 0 0 0
0.4760 0.0123 0.5236 30 0 0 0
0.4760 0.0123 0.5236 30 0 0 0
0.4680 0.0124 0.5251 30 0 0 0
0.4680 0.0124 0.5251 30 0 0 0
0.4680 0.0124 0.5251 30 0 0 0
0.4680 0.0124 0.5251 30 0 0 0
0.4780 0.0125 0.5255 30 0 0 0
0.4780 0.0125 0.5255 30 0 0 0
0.4780 0.0125 0.5255 30 0 0 0
0.4780 0.0125 0.5255 30 0 0 0
0.4760 0.0124 0.5249 30 0 0 0
0.4760 0.0124 0.5249 30 0 0 0
0.4760 0.0124 0.5249 30 0 0 0
0.4760 0.0124 0.5249 30 0 0 0
0.4800 0.0124 0.5260 30 0 0 0
0.4800 0.0124 0.5260 30 0 0 0
0.4800 0.0124 0.5260 30 0 0 0
0.4800 0.0124 0.5260 30 0 0 0
0.4720 0.0121 0.5267 30 0 0 0
0.4720 0.0121 0.5267 30 0 0 0
0.4720 0.0121 0.5267 30 0 0 0
0.4720 0.0116 0.5269 30 0 0 0
0.4720 0.0116 0.5269 30 0 0 0
0.4720 0.0116 0.5269 30 0 0 0
0.4720 0.0116 0.5269 30 0 0 0
0.4720 0.0116 0.5269 30 0 0 0
0.4720 0.0116 0.5269 30 0 0 0
0.4680 0.0111 0.5275 30 0 0 0
0.4680 0.0111 0.5275 30 0 0 0
0.4680 0.0111 0.5275 30 0 0 0
0.4680 0.0111 0.5275 30 0 0 0
0.4840 0.0106 0.5278 30 0 0 0
0.4840 0.0106 0.5278 30 0 0 0
0.4840 0.0106 0.5278 30 0 0 0
0.4840 0.0106 0.5278 30 0 0 0
0.4800 0.0099 0.5277 30 0 0 0
0.4800 0.0099 0.5277 30 0 0 0
0.4800 0.0099 0.5277 30 0 0 0
0.4800 0.0099 0.5277 30 0 0 0
0.4800 0.0099 0.5277 30 0 0 0
0.4800 0.0096 0.5286 30 0 0 0
0.4800 0.0096 0.5286 30 0 0 0
0.4800 0.0096 0.5286 30 0 0 0
0.4800 0.0096 0.5286 30 0 0 0
0.4860 0.0096 0.5284 30 0 0 0
0.4860 0.0096 0.5284 30 0 0 0
0.4860 0.0096 0.5284 30 0 0 0
0.4860 0.0096 0.5284 30 0 0 0
0.4880 0.0097 0.5294 30 0 0 0
0.4880 0.0097 0.5294 30 0 0 0
0.4880 0.0097 0.5294 30 0 0 0
0.4760 0.0100 0.5315 30 0 0 0
0.4760 0.0100 0.5315 30 0 0 0
0.4760 0.0100 0.5315 30 0 0 0
0.4760 0.0100 0.5315 30 0 0 0
0.4900 0.0101 0.5301 30 0 0 0
0.4900 0.0101 0.5301 30 0 0 0
0.4900 0.0101 0.5301 30 0 0 0
0.4900 0.0101 0.5301 30 0 0 0
0.4900 0.0101 0.5301 30 0 0 0
0.4840 0.0103 0.5247 30 0 0 0
0.4840 0.0103 0.5247 30 0 0 0
0.4840 0.0103 0.5247 30 0 0 0
0.4840 0.0103 0.5247 30 0 0 0
0.4840 0.0103 0.5247 30 0 0 0
0.4720 0.0103 0.5228 30 0 0 0
0.4720 0.0103 0.5228 30 0 0 0
0.4720 0.0103 0.5228 30 0 0 0
0.4720 0.0103 0.5228 30 0 0 0
0.4720 0.0102 0.5215 30 0 0 0
0.4820 0.0102 0.5215 30 0 0 0
0.4820 0.0102 0.5215 30 0 0 0
0.4820 0.0102 0.5215 30 0 0 0
0.4920 0.0101 0.5223 30 0 0 0
0.4920 0.0101 0.5223 30 0 0 0
0.4920 0.0101 0.5223 30 0 0 0
0.4920 0.0101 0.5223 30 0 0 0
0.4780 0.0099 0.5214 30 0 0 0
0.4780 0.0099 0.5214 30 0 0 0
0.4780 0.0099 0.5214 30 0 0 0
0.4780 0.0099 0.5214 30 0 0 0
0.4780 0.0099 0.5214 30 0 0 0
0.4780 0.0099 0.5214 30 0 0 0
0.4780 0.0099 0.5214 30 0 0 0
0.4780 0.0099 0.5214 30 0 0 0
0.4780 0.0099 0.5214 30 0 0 0
0.4780 0.0099 0.5214 30 0 0 0
0.4780 0.0095 0.5226 30 0 0 0
0.5000 0.0095 0.5226 30 0 0 0
0.5000 0.0095 0.5226 30 0 0 0
0.5000 0.0095 0.5226 30 0 0 0
0.4740 0.0090 0.5232 30 0 0 0
0.4880 0.0087 0.5235 30 0 0 0
0.4880 0.0087 0.5235 30 0 0 0
0.4620 0.0087 0.5238 30 0 0 0
0.4620 0.0087 0.5238 30 0 0 0
0.4620 0.0087 0.5238 30 0 0 0
0.4620 0.0087 0.5238 30 0 0 0
0.4620 0.0087 0.5238 30 0 0 0
0.4620 0.0087 0.5238 30 0 0 0
0.4620 0.0087 0.5238 30 0 0 0
0.4520 0.0087 0.5247 30 0 0 0
0.4700 0.0087 0.5231 30 0 0 0
0.4700 0.0087 0.5231 30 0 0 0
0.4700 0.0087 0.5231 30 0 0 0
0.4700 0.0087 0.5231 30 0 0 0
0.4840 0.0087 0.5213 30 0 0 0
0.4840 0.0087 0.5213 30 0 0 0
0.4840 0.0087 0.5213 30 0 0 0
0.4700 0.0087 0.5201 30 0 0 0
0.4700 0.0087 0.5201 30 0 0 0
0.4700 0.0087 0.5201 30 0 0 0
0.4700 0.0087 0.5201 30 0 0 0
0.4700 0.0087 0.5201 30 0 0 0
0.4580 0.0087 0.5198 30 0 0 0
0.4580 0.0087 0.5198 30 0 0 0
0.4580 0.0087 0.5198 30 0 0 0
0.4580 0.0087 0.5198 30 0 0 0
0.4760 0.0089 0.5208 30 0 0 0
0.4760 0.0089 0.5208 30 0 0 0
0.4760 0.0089 0.5208 30 0 0 0
0.4760 0.0089 0.5208 30 0 0 0
0.4760 0.0089 0.5208 30 0 0 0
0.4540 0.0093 0.5200 30 0 0 0
0.4540 0.0093 0.5200 30 0 0 0
0.4540 0.0093 0.5200 30 0 0 0
0.4540 0.0093 0.5200 30 0 0 0
0.4760 0.0098 0.5184 30 0 0 0
0.4760 0.0098 0.5184 30 0 0 0
0.4760 0.0098 0.5184 30 0 0 0
0.4760 0.0098 0.5184 30 0 0 0
0.4760 0.0098 0.5184 30 0 0 0
0.4920 0.0105 0.5178 30 0 0 0
0.4920 0.0105 0.5178 30 0 0 0
0.4920 0.0105 0.5178 30 0 0 0
0.4920 0.0105 0.5178 30 0 0 0
0.4840 0.0118 0.5172 30 0 0 0
0.4840 0.0118 0.5172 30 0 0 0
0.4840 0.0118 0.5172 30 0 0 0
0.4840 0.0118 0.5172 30 0 0 0
0.4780 0.0129 0.5176 30 0 0 0
0.4780 0.0129 0.5176 30 0 0 0
0.4780 0.0129 0.5176 30 0 0 0
0.4780 0.0129 0.5176 30 0 0 0
0.4780 0.0129 0.5176 30 0 0 0
0.4780 0.0129 0.5176 30 0 0 0
0.4720 0.0138 0.5171 30 0 0 0
0.4720 0.0138 0.5171 30 0 0 0
0.5000 0.0140 0.5169 30 0 0 0
0.5000 0.0140 0.5169 30 0 0 0
0.5000 0.0140 0.5169 30 0 0 0
0.5000 0.0140 0.5169 30 0 0 0
0.5000 0.0140 0.5169 30 0 0 0
0.5000 0.0140 0.5169 30 0 0 0
0.4840 0.0139 0.5155 30 0 0 0
0.4840 0.0139 0.5155 30 0 0 0
0.4840 0.0139 0.5155 30 0 0 0
0.4840 0.0139 0.5155 30 0 0 0
0.4840 0.0139 0.5155 30 0 0 0
0.4880 0.0135 0.0084 30 0 0 0
0.4880 0.0135 0.0084 30 0 0 0
0.4880 0.0131 0.0098 30 0 0 0
0.4820 0.0131 0.0098 30 0 0 0
0.4820 0.0131 0.0098 30 0 0 0
0.4820 0.0131 0.0098 30 0 0 0
0.4800 0.0126 0.0134 30 0 0 0
0.4800 0.0126 0.0134 30 0 0 0
0.4800 0.0126 0.0134 30 0 0 0
0.4800 0.0126 0.0134 30 0 0 0
0.4800 0.0126 0.0134 30 0 0 0
0.4800 0.0116 0.0153 30 0 0 0
0.4720 0.0116 0.0153 30 0 0 0
0.4720 0.0116 0.0153 30 0 0 0
0.4720 0.0116 0.0153 30 0 0 0
0.5080 0.0111 0.0148 30 0 0 0
0.5080 0.0111 0.0148 30 0 0 0
0.5080 0.0111 0.0148 30 0 0 0
0.5080 0.0111 0.0148 30 0 0 0
0.4980 0.0109 0.0173 30 0 0 0
0.4980 0.0109 0.0173 30 0 0 0
0.4980 0.0109 0.0173 30 0 0 0
0.4980 0.0109 0.0173 30 0 0 0
0.4980 0.0109 0.0173 30 0 0 0
0.4980 0.0109 0.0173 30 0 0 0
0.4960 0.0111 0.0165 30 0 0 0
0.4960 0.0111 0.0165 30 0 0 0
0.4820 0.0113 0.0179 30 0 0 0
0.4820 0.0113 0.0179 30 0 0 0
0.4820 0.0113 0.0179 30 0 0 0
0.4820 0.0113 0.0179 30 0 0 0
0.4820 0.0113 0.0179 30 0 0 0
0.4640 0.0114 0.0144 30 0 0 0
0.4640 0.0114 0.0144 30 0 0 0
0.4640 0.0114 0.0144 30 0 0 0
0.4640 0.0114 0.0144 30 0 0 0
0.4640 0.0114 0.0144 30 0 0 0
0.4680 0.0116 0.0153 30 0 0 0
0.4680 0.0116 0.0153 30 0 0 0
0.4680 0.0116 0.0153 30 0 0 0
0.4620 0.0117 0.0120 30 0 0 0
0.4620 0.0117 0.0120 30 0 0 0
0.4620 0.0117 0.0120 30 0 0 0
0.4740 0.0117 0.0102 30 0 0 0
0.4740 0.0117 0.0102 30 0 0 0
0.4740 0.0117 0.0102 30 0 0 0
0.4740 0.0117 0.0102 30 0 0 0
0.4740 0.0117 0.0102 30 0 0 0
0.4740 0.0117 0.0102 30 0 0 0
0.4740 0.0117 0.0102 30 0 0 0
0.4660 0.0117 0.0107 30 0 0 0
0.4660 0.0117 0.0107 30 0 0 0
0.4660 0.0117 0.0107 30 0 0 0
0.4900 0.0118 0.0110 30 0 0 0
0.4900 0.0118 0.0110 30 0 0 0
0.4900 0.0118 0.0110 30 0 0 0
0.4900 0.0118 0.0110 30 0 0 0
0.4480 0.0119 0.0126 30 0 0 0
0.4480 0.0119 0.0126 30 0 0 0
0.4480 0.0119 0.0126 30 0 0 0
0.4480 0.0119 0.0126 30 0 0 0
0.4480 0.0119 0.0126 30 0 0 0
0.4480 0.0119 0.0126 30 0 0 0
0.4480 0.0119 0.0126 30 0 0 0
0.4480 0.0119 0.0126 30 0 0 0
0.4480 0.0119 0.0126 30 0 0 0
0.4480 0.0119 0.0126 30 0 0 0
0.4740 0.0118 0.0100 30 0 0 0
0.4740 0.0118 0.0100 30 0 0 0
0.4740 0.0118 0.0100 30 0 0 0
0.4740 0.0116 0.0093 30 0 0 0
0.4860 0.0114 0.0099 30 0 0 0
0.4880 0.0114 0.0099 30 0 0 0
0.4880 0.0114 0.0099 30 0 0 0
0.4880 0.0114 0.0099 30 0 0 0
0.4880 0.0111 0.0099 30 0 0 0
0.4660 0.0111 0.0099 30 0 0 0
0.4660 0.0111 0.0099 30 0 0 0
0.4660 0.0108 0.0099 30 0 0 0
0.4700 0.0108 0.0099 30 0 0 0
0.4700 0.0108 0.0099 30 0 0 0
0.4700 0.0108 0.0099 30 0 0 0
0.4700 0.0108 0.0099 30 0 0 0
0.4880 0.0106 0.0102 30 0 0 0
0.4880 0.0106 0.0102 30 0 0 0
0.4880 0.0106 0.0102 30 0 0 0
0.4880 0.0106 0.0102 30 0 0 0
0.4880 0.0106 0.0102 30 0 0 0
0.4880 0.0106 0.0102 30 0 0 0
0.4680 0.0104 0.0072 30 0 0 0
0.4680 0.0104 0.0072 30 0 0 0
0.4600 0.0102 0.0077 30 0 0 0
0.4600 0.0102 0.0077 30 0 0 0
0.4600 0.0102 0.0077 30 0 0 0
0.4600 0.0102 0.0077 30 0 0 0
0.4600 0.0102 0.0077 30 0 0 0
0.4520 0.0102 0.0081 30 0 0 0
0.4520 0.0102 0.0081 30 0 0 0
0.4520 0.0102 0.0081 30 0 0 0
0.4520 0.0102 0.0081 30 0 0 0
0.4520 0.0102 0.0081 30 0 0 0
0.4540 0.0103 0.0108 30 0 0 0
0.4540 0.0103 0.0108 30 0 0 0
0.4540 0.0103 0.0108 30 0 0 0
0.4820 0.0103 0.0092 30 0 0 0
0.4820 0.0103 0.0092 30 0 0 0
0.4820 0.0103 0.0092 30 0 0 0
0.4820 0.0103 0.0092 30 0 0 0
0.4820 0.0103 0.0092 30 0 0 0
0.4820 0.0103 0.0092 30 0 0 0
0.4820 0.0103 0.0092 30 0 0 0
0.4820 0.0103 0.0092 30 0 0 0
0.4820 0.0103 0.0092 30 0 0 0
0.4820 0.0103 0.0092 30 0 0 0
0.4820 0.0103 0.0092 30 0 0 0
0.4720 0.0104 0.0089 30 0 0 0
0.4720 0.0105 0.0088 30 0 0 0
0.4720 0.0105 0.0088 30 0 0 0
0.4720 0.0106 0.0102 30 0 0 0
0.4720 0.0106 0.0102 30 0 0 0
0.4700 0.0107 0.0105 30 0 0 0
0.4700 0.0107 0.0105 30 0 0 0
0.4700 0.0107 0.0105 30 0 0 0
0.4700 0.0107 0.0105 30 0 0 0
0.4700 0.0107 0.0105 30 0 0 0
0.4700 0.0107 0.0105 30 0 0 0
0.4700 0.0110 0.0117 30 0 0 0
0.4700 0.0110 0.0117 30 0 0 0
0.4700 0.0110 0.0117 30 0 0 0
0.4580 0.0112 0.0126 30 0 0 0
0.4580 0.0112 0.0126 30 0 0 0
0.4580 0.0112 0.0126 30 0 0 0
0.4580 0.0112 0.0126 30 0 0 0
0.4660 0.0113 0.0124 30 0 0 0
0.4660 0.0113 0.0124 30 0 0 0
0.4660 0.0113 0.0124 30 0 0 0
0.4660 0.0113 0.0124 30 0 0 0
0.4660 0.0113 0.0124 30 0 0 0
0.4680 0.0115 0.0096 30 0 0 0
0.4680 0.0115 0.0096 30 0 0 0
0.4680 0.0115 0.0096 30 0 0 0
0.4680 0.0117 0.0090 30 0 0 0
0.4680 0.0117 0.0090 30 0 0 0
0.4680 0.0117 0.0090 30 0 0 0
0.4680 0.0117 0.0090 30 0 0 0
0.4900 0.0121 0.0111 30 0 0 0
0.4900 0.0121 0.0111 30 0 0 0
0.4900 0.0121 0.0111 30 0 0 0
0.4900 0.0121 0.0111 30 0 0 0
0.4900 0.0121 0.0111 30 0 0 0
0.4800 0.0123 0.0139 30 0 0 0
0.4800 0.0123 0.0139 30 0 0 0
0.4800 0.0123 0.0139 30 0 0 0
0.4800 0.0123 0.0139 30 0 0 0
0.4940 0.0126 0.0133 30 0 0 0
0.4940 0.0126 0.0133 30 0 0 0
0.4940 0.0126 0.0133 30 0 0 0
0.4800 0.0127 0.0148 30 0 0 0
0.4800 0.0127 0.0148 30 0 0 0
0.4800 0.0127 0.0148 30 0 0 0
0.4800 0.0127 0.0148 30 0 0 0
0.4800 0.0127 0.0148 30 0 0 0
0.4800 0.0127 0.0148 30 0 0 0
0.4960 0.0129 0.0141 30 0 0 0
0.4960 0.0129 0.0141 30 0 0 0
0.4960 0.0129 0.0141 30 0 0 0
0.5060 0.0132 0.0149 30 0 0 0
0.5060 0.0132 0.0149 30 0 0 0
0.5060 0.0132 0.0149 30 0 0 0
0.4840 0.0133 0.0153 30 0 0 0
0.4840 0.0133 0.0153 30 0 0 0
0.4840 0.0133 0.0153 30 0 0 0
0.4840 0.0133 0.0153 0 0 0 0
0.4680 0.0183 0.0173 0 30 0 0
0.4740 0.0174 0.0166 0 30 0 0
0.4800 0.0170 0.0166 0 30 0 0
0.4680 0.0167 0.0221 0 30 0 0
0.4560 0.0145 0.0216 0 30 0 0
0.4560 0.0145 0.0216 0 30 0 0
0.4720 0.0135 0.0227 0 30 0 0
0.4720 0.0135 0.0227 0 30 0 0
0.4700 0.0123 0.0206 0 30 0 0
0.4700 0.0123 0.0206 0 30 0 0
0.4700 0.0123 0.0206 0 30 0 0
0.4700 0.0123 0.0206 0 30 0 0
0.4700 0.0114 0.0167 0 30 0 0
0.4820 0.0114 0.0167 0 30 0 0
0.4820 0.0114 0.0167 0 30 0 0
0.4820 0.0105 0.3819 0 30 0 0
0.4660 0.0105 0.3819 0 30 0 0
0.4660 0.0105 0.3819 0 30 0 0
0.4660 0.0105 0.3819 0 30 0 0
0.4660 0.0105 0.3819 0 30 0 0
0.4660 0.0105 0.3819 0 30 0 0
0.4880 0.0100 0.3794 0 30 0 0
0.4880 0.0100 0.3794 0 30 0 0
0.4880 0.0100 0.3794 0 30 0 0
0.4880 0.0100 0.3794 0 30 0 0
0.4760 0.0100 0.3792 0 30 0 0
0.4760 0.0100 0.3792 0 30 0 0
0.4760 0.0100 0.3792 0 30 0 0
0.4800 0.0102 0.3769 0 30 0 0
0.4800 0.0102 0.3769 0 30 0 0
0.4800 0.0102 0.3769 0 30 0 0
0.4800 0.0102 0.3769 0 30 0 0
0.4800 0.0104 0.3762 0 30 0 0
0.4820 0.0104 0.3762 0 30 0 0
0.4820 0.0104 0.3762 0 30 0 0
0.4820 0.0104 0.3762 0 30 0 0
0.4820 0.0104 0.3762 0 30 0 0
0.4680 0.0106 0.3729 0 30 0 0
0.4680 0.0106 0.3729 0 30 0 0
0.4680 0.0106 0.3729 0 30 0 0
0.4740 0.0110 0.3745 0 30 0 0
0.4740 0.0110 0.3745 0 30 0 0
0.4740 0.0110 0.3745 0 30 0 0
0.4740 0.0110 0.3745 0 30 0 0
0.4740 0.0116 0.3756 0 30 0 0
0.4920 0.0116 0.3756 0 30 0 0
0.4920 0.0116 0.3756 0 30 0 0
0.4920 0.0116 0.3756 0 30 0 0
0.4920 0.0116 0.3756 0 30 0 0
0.4920 0.0120 0.3724 0 30 0 0
0.4880 0.0120 0.3724 0 30 0 0
0.4880 0.0120 0.3724 0 30 0 0
0.4820 0.0120 0.3729 0 30 0 0
0.4820 0.0120 0.3729 0 30 0 0
0.4820 0.0120 0.3729 0 30 0 0
0.4820 0.0120 0.3729 0 30 0 0
0.4820 0.0120 0.3729 0 30 0 0
0.5120 0.0115 0.3722 0 30 0 0
0.5120 0.0115 0.3722 0 30 0 0
0.5120 0.0115 0.3722 0 30 0 0
0.5120 0.0115 0.3722 0 30 0 0
0.4740 0.0108 0.3705 0 30 0 0
0.4740 0.0108 0.3705 0 30 0 0
0.4740 0.0108 0.3705 0 30 0 0
0.4720 0.0103 0.3736 0 30 0 0
0.4720 0.0103 0.3736 0 30 0 0
0.4720 0.0103 0.3736 0 30 0 0
0.4720 0.0103 0.3736 0 30 0 0
0.4720 0.0103 0.3736 0 30 0 0
0.4720 0.0103 0.3736 0 30 0 0
0.4640 0.0090 0.3724 0 30 0 0
0.4640 0.0090 0.3724 0 30 0 0
0.4640 0.0090 0.3724 0 30 0 0
0.4640 0.0090 0.3724 0 30 0 0
0.4640 0.0090 0.3724 0 30 0 0
0.4800 0.0085 0.3736 0 30 0 0
0.4800 0.0085 0.3736 0 30 0 0
0.4800 0.0085 0.3736 0 30 0 0
0.4740 0.0079 0.3771 0 30 0 0
0.4740 0.0079 0.3771 0 30 0 0
0.4740 0.0079 0.3771 0 30 0 0
0.4740 0.0079 0.3771 0 30 0 0
0.4720 0.0077 0.3782 0 30 0 0
0.4720 0.0077 0.3782 0 30 0 0
0.4720 0.0077 0.3782 0 30 0 0
0.4720 0.0077 0.3782 0 30 0 0
0.4840 0.0075 0.3762 0 30 0 0
0.4840 0.0075 0.3762 0 30 0 0
0.4840 0.0075 0.3762 0 30 0 0
0.4840 0.0075 0.3762 0 30 0 0
0.4840 0.0075 0.3762 0 30 0 0
0.4840 0.0075 0.3762 0 30 0 0
0.4840 0.0075 0.3762 0 30 0 0
0.4840 0.0075 0.3762 0 30 0 0
0.4840 0.0075 0.3762 0 30 0 0
0.4840 0.0075 0.3762 0 30 0 0
0.4840 0.0075 0.3762 0 30 0 0
0.4780 0.0075 0.3745 0 30 0 0
0.4780 0.0075 0.3727 0 30 0 0
0.4820 0.0076 0.3720 0 30 0 0
0.4820 0.0076 0.3720 0 30 0 0
0.4820 0.0076 0.3720 0 30 0 0
0.4820 0.0077 0.3725 0 30 0 0
0.4640 0.0077 0.3725 0 30 0 0
0.4640 0.0077 0.3725 0 30 0 0
0.4640 0.0077 0.3725 0 30 0 0
0.4640 0.0077 0.3725 0 30 0 0
0.4660 0.0078 0.3822 0 30 0 0
0.4660 0.0078 0.3822 0 30 0 0
0.4660 0.0078 0.3822 0 30 0 0
0.4660 0.0078 0.3822 0 30 0 0
0.4660 0.0078 0.3822 0 30 0 0
0.4740 0.0081 0.3841 0 30 0 0
0.4740 0.0081 0.3841 0 30 0 0
0.4740 0.0081 0.3841 0 30 0 0
0.4740 0.0081 0.3841 0 30 0 0
0.4680 0.0085 0.3827 0 30 0 0
0.4680 0.0085 0.3827 0 30 0 0
0.4680 0.0085 0.3827 0 30 0 0
0.4680 0.0085 0.3827 0 30 0 0
0.4680 0.0085 0.3827 0 30 0 0
0.4680 0.0085 0.3827 0 30 0 0
0.4680 0.0085 0.3827 0 30 0 0
0.4680 0.0085 0.3827 0 30 0 0
0.4680 0.0085 0.3827 0 30 0 0
0.4680 0.0085 0.3827 0 30 0 0
0.4680 0.0085 0.3827 0 30 0 0
0.4680 0.0085 0.3827 0 30 0 0
0.4800 0.0091 0.3859 0 30 0 0
0.4800 0.0091 0.3859 0 30 0 0
0.4600 0.0098 0.3811 0 30 0 0
0.4700 0.0108 0.3804 0 30 0 0
0.4740 0.0110 0.3808 0 30 0 0
0.4740 0.0110 0.3808 0 30 0 0
0.4740 0.0110 0.3808 0 30 0 0
0.4740 0.0110 0.3808 0 30 0 0
0.4740 0.0110 0.3808 0 30 0 0
0.4760 0.0111 0.3785 0 30 0 0
0.4760 0.0111 0.3785 0 30 0 0
0.4760 0.0111 0.3785 0 30 0 0
0.4760 0.0112 0.3776 0 30 0 0
0.4840 0.0112 0.3776 0 30 0 0
0.4840 0.0112 0.3776 0 30 0 0
0.4840 0.0112 0.3776 0 30 0 0
0.4840 0.0112 0.3776 0 30 0 0
0.4700 0.0112 0.3763 0 30 0 0
0.4700 0.0112 0.3763 0 30 0 0
0.4700 0.0112 0.3763 0 30 0 0
0.4700 0.0112 0.3763 0 30 0 0
0.4720 0.0112 0.3766 0 30 0 0
0.4720 0.0112 0.3766 0 30 0 0
0.4720 0.0112 0.3766 0 30 0 0
0.4720 0.0112 0.3766 0 30 0 0
0.4900 0.0107 0.3770 0 30 0 0
0.4900 0.0107 0.3770 0 30 0 0
0.4900 0.0107 0.3770 0 30 0 0
0.4900 0.0107 0.3770 0 30 0 0
0.4700 0.0099 0.3769 0 30 0 0
0.4700 0.0099 0.3769 0 30 0 0
0.4700 0.0099 0.3769 0 30 0 0
0.4700 0.0099 0.3769 0 30 0 0
0.4620 0.0093 0.3822 0 30 0 0
0.4620 0.0093 0.3822 0 30 0 0
0.4620 0.0093 0.3822 0 30 0 0
0.4620 0.0093 0.3822 0 30 0 0
0.4580 0.0088 0.3841 0 30 0 0
0.4580 0.0088 0.3841 0 30 0 0
0.4580 0.0088 0.3841 0 30 0 0
0.4580 0.0088 0.3841 0 30 0 0
0.4520 0.0086 0.3896 0 30 0 0
0.4520 0.0086 0.3896 0 30 0 0
0.4520 0.0086 0.3896 0 30 0 0
0.4520 0.0086 0.3896 0 30 0 0
0.4680 0.0085 0.3898 0 30 0 0
0.4680 0.0085 0.3898 0 30 0 0
0.4680 0.0085 0.3898 0 30 0 0
0.4680 0.0085 0.3898 0 30 0 0
0.4740 0.0083 0.3887 0 30 0 0
0.4740 0.0083 0.3887 0 30 0 0
0.4740 0.0083 0.3887 0 30 0 0
0.4880 0.0081 0.3878 0 30 0 0
0.4880 0.0081 0.3878 0 30 0 0
0.4880 0.0081 0.3878 0 30 0 0
0.4880 0.0081 0.3878 0 30 0 0
0.4880 0.0081 0.3878 0 30 0 0
0.4840 0.0079 0.3895 0 30 0 0
0.4840 0.0079 0.3895 0 30 0 0
0.4840 0.0079 0.3895 0 30 0 0
0.4840 0.0079 0.3895 0 30 0 0
0.4880 0.0075 0.3894 0 30 0 0
0.4880 0.0075 0.3894 0 30 0 0
0.4880 0.0075 0.3894 0 30 0 0
0.4880 0.0075 0.3894 0 30 0 0
0.4880 0.0075 0.3894 0 30 0 0
0.4900 0.0073 0.3878 0 30 0 0
0.4900 0.0073 0.3878 0 30 0 0
0.4900 0.0073 0.3878 0 30 0 0
0.4900 0.0076 0.3874 0 30 0 0
0.4740 0.0076 0.3874 0 30 0 0
0.4740 0.0076 0.3874 0 30 0 0
0.4740 0.0076 0.3874 0 30 0 0
0.4740 0.0076 0.3874 0 30 0 0
0.4840 0.0083 0.3883 0 30 0 0
0.4840 0.0083 0.3883 0 30 0 0
0.4840 0.0083 0.3883 0 30 0 0
0.4840 0.0083 0.3883 0 30 0 0
0.4880 0.0087 0.3892 0 30 0 0
0.4880 0.0087 0.3892 0 30 0 0
0.4880 0.0087 0.3892 0 30 0 0
0.4880 0.0087 0.3892 0 30 0 0
0.4880 0.0087 0.3892 0 30 0 0
0.4700 0.0088 0.3895 0 30 0 0
0.4700 0.0088 0.3895 0 30 0 0
0.4700 0.0088 0.3895 0 30 0 0
0.4700 0.0089 0.3915 0 30 0 0
0.4640 0.0089 0.3915 0 30 0 0
0.4640 0.0089 0.3915 0 30 0 0
0.4640 0.0089 0.3915 0 30 0 0
0.4640 0.0089 0.3915 0 30 0 0
0.4660 0.0091 0.3930 0 30 0 0
0.4660 0.0091 0.3930 0 30 0 0
0.4660 0.0091 0.3930 0 30 0 0
0.4660 0.0091 0.3930 0 30 0 0
0.4660 0.0091 0.3930 0 30 0 0
0.4840 0.0097 0.3990 0 30 0 0
0.4840 0.0097 0.3990 0 30 0 0
0.4840 0.0097 0.3990 0 30 0 0
0.4840 0.0097 0.3990 0 30 0 0
0.4900 0.0104 0.3996 0 30 0 0
0.4900 0.0104 0.3996 0 30 0 0
0.4900 0.0104 0.3996 0 30 0 0
0.4900 0.0104 0.3996 0 30 0 0
0.4900 0.0106 0.3999 0 30 0 0
0.4900 0.0106 0.3999 0 30 0 0
0.4900 0.0106 0.3999 0 30 0 0
0.4900 0.0106 0.3999 0 30 0 0
0.4900 0.0106 0.3999 0 30 0 0
0.4920 0.0104 0.3933 0 30 0 0
0.4920 0.0104 0.3933 0 30 0 0
0.4920 0.0104 0.3933 0 30 0 0
0.4920 0.0104 0.3933 0 30 0 0
0.5280 0.0101 0.3951 0 30 0 0
0.5280 0.0101 0.3951 0 30 0 0
0.5280 0.0101 0.3951 0 30 0 0
0.5280 0.0101 0.3951 0 30 0 0
0.4760 0.0103 0.3983 0 30 0 0
0.4760 0.0103 0.3983 0 30 0 0
0.4760 0.0103 0.3983 0 30 0 0
0.4760 0.0103 0.3983 0 30 0 0
0.4760 0.0103 0.3983 0 30 0 0
0.4900 0.0113 0.3984 0 30 0 0
0.4900 0.0113 0.3984 0 30 0 0
0.4900 0.0113 0.3984 0 30 0 0
0.4900 0.0113 0.3984 0 30 0 0
0.4960 0.0126 0.3979 0 30 0 0
0.4960 0.0126 0.3979 0 30 0 0
0.4960 0.0126 0.3979 0 30 0 0
0.4960 0.0126 0.3979 0 30 0 0
0.4960 0.0126 0.3979 0 30 0 0
0.4920 0.0132 0.3967 0 30 0 0
0.4920 0.0132 0.3967 0 30 0 0
0.4920 0.0132 0.3967 0 30 0 0
0.4920 0.0132 0.3967 0 30 0 0
0.4940 0.0132 0.3997 0 30 0 0
0.4940 0.0132 0.3997 0 30 0 0
0.4940 0.0132 0.3997 0 30 0 0
0.4940 0.0132 0.3997 0 30 0 0
0.4780 0.0127 0.3953 0 30 0 0
0.4780 0.0127 0.3953 0 30 0 0
0.4780 0.0127 0.3953 0 30 0 0
0.4780 0.0121 0.3923 0 30 0 0
0.5240 0.0121 0.3923 0 30 0 0
0.5240 0.0121 0.3923 0 30 0 0
0.5240 0.0121 0.3923 0 30 0 0
0.5240 0.0121 0.3923 0 30 0 0
0.5240 0.0121 0.3923 0 30 0 0
0.5240 0.0121 0.3923 0 30 0 0
0.5080 0.0110 0.3912 0 30 0 0
0.5080 0.0110 0.3912 0 30 0 0
0.4880 0.0101 0.3925 0 30 0 0
0.4880 0.0101 0.3925 0 30 0 0
0.4880 0.0101 0.3925 0 30 0 0
0.4880 0.0101 0.3925 0 30 0 0
0.4880 0.0101 0.3925 0 30 0 0
0.5040 0.0094 0.3926 0 30 0 0
0.5040 0.0094 0.3926 0 30 0 0
0.5040 0.0094 0.3926 0 30 0 0
0.5040 0.0094 0.3926 0 30 0 0
0.4880 0.0084 0.3926 0 30 0 0
0.4880 0.0084 0.3926 0 30 0 0
0.4880 0.0084 0.3926 0 30 0 0
0.4620 0.0080 0.3945 0 30 0 0
0.4620 0.0080 0.3945 0 30 0 0
0.4620 0.0080 0.3945 0 30 0 0
0.4620 0.0080 0.3945 0 30 0 0
0.4620 0.0080 0.3945 0 30 0 0
0.4840 0.0081 0.4008 0 30 0 0
0.4840 0.0081 0.4008 0 30 0 0
0.4840 0.0081 0.4008 0 30 0 0
0.4840 0.0081 0.4008 0 30 0 0
0.4840 0.0081 0.4008 0 30 0 0
0.4800 0.0086 0.3974 0 30 0 0
0.4800 0.0086 0.3974 0 30 0 0
0.4840 0.0091 0.3917 0 30 0 0
0.4840 0.0091 0.3917 0 30 0 0
0.4840 0.0091 0.3917 0 30 0 0
0.4840 0.0091 0.3917 0 30 0 0
0.4680 0.0093 0.3927 0 30 0 0
0.4680 0.0093 0.3927 0 30 0 0
0.4680 0.0093 0.3927 0 30 0 0
0.4680 0.0093 0.3927 0 30 0 0
0.4680 0.0093 0.3927 0 30 0 0
0.4740 0.0086 0.3930 0 30 0 0
0.4740 0.0086 0.3930 0 30 0 0
0.4740 0.0086 0.3930 0 30 0 0
0.4780 0.0082 0.3905 0 30 0 0
0.4780 0.0082 0.3905 0 30 0 0
0.4780 0.0082 0.3905 0 30 0 0
0.4780 0.0082 0.3905 0 30 0 0
0.4840 0.0077 0.3913 0 30 0 0
0.4840 0.0077 0.3913 0 30 0 0
0.4840 0.0077 0.3913 0 30 0 0
0.4840 0.0077 0.3913 0 30 0 0
0.4840 0.0077 0.3913 0 30 0 0
0.4840 0.0077 0.3913 0 30 0 0
0.4840 0.0077 0.3913 0 30 0 0
0.4840 0.0077 0.3913 0 30 0 0
0.4840 0.0077 0.3913 0 30 0 0
0.4840 0.0077 0.3913 0 30 0 0
0.4840 0.0077 0.3913 0 30 0 0
0.4840 0.0077 0.3913 0 30 0 0
0.4840 0.0077 0.3913 0 30 0 0
0.4860 0.0074 0.3928 0 30 0 0
0.4860 0.0074 0.3928 0 30 0 0
0.4860 0.0074 0.3928 0 30 0 0
0.4860 0.0074 0.3928 0 30 0 0
0.4820 0.0073 0.3968 0 30 0 0
0.4780 0.0076 0.3963 0 30 0 0
0.4960 0.0080 0.3975 0 30 0 0
0.4960 0.0080 0.3975 0 30 0 0
0.4820 0.0081 -0.1089 0 30 0 0
0.4820 0.0081 -0.1089 0 30 0 0
0.4820 0.0081 -0.1089 0 30 0 0
0.4820 0.0081 -0.1089 0 30 0 0
0.4820 0.0081 -0.1089 0 30 0 0
0.4860 0.0082 -0.1131 0 30 0 0
0.4860 0.0082 -0.1131 0 30 0 0
0.4860 0.0082 -0.1131 0 30 0 0
0.4860 0.0082 -0.1131 0 30 0 0
0.4680 0.0083 -0.1172 0 30 0 0
0.4680 0.0083 -0.1172 0 30 0 0
0.4680 0.0083 -0.1172 0 30 0 0
0.4680 0.0083 -0.1172 0 30 0 0
0.4720 0.0085 -0.1187 0 30 0 0
0.4720 0.0085 -0.1187 0 30 0 0
0.4720 0.0085 -0.1187 0 30 0 0
0.4720 0.0085 -0.1187 0 30 0 0
0.4860 0.0086 -0.1211 0 30 0 0
0.4860 0.0086 -0.1211 0 30 0 0
0.4860 0.0086 -0.1211 0 30 0 0
0.4860 0.0086 -0.1211 0 30 0 0
0.4860 0.0086 -0.1211 0 30 0 0
0.4580 0.0085 -0.1194 0 30 0 0
0.4580 0.0085 -0.1194 0 30 0 0
0.4580 0.0085 -0.1194 0 30 0 0
0.4580 0.0086 -0.1226 0 30 0 0
0.4700 0.0086 -0.1226 0 30 0 0
0.4700 0.0086 -0.1226 0 30 0 0
0.4700 0.0086 -0.1226 0 30 0 0
0.4700 0.0086 -0.1226 0 30 0 0
0.4700 0.0086 -0.1226 0 30 0 0
0.4700 0.0086 -0.1226 0 30 0 0
0.4700 0.0086 -0.1226 0 30 0 0
0.4700 0.0086 -0.1226 0 30 0 0
0.4700 0.0086 -0.1226 0 30 0 0
0.4700 0.0086 -0.1226 0 30 0 0
0.4660 0.0088 -0.1264 0 30 0 0
0.4800 0.0085 -0.1279 0 30 0 0
0.4800 0.0083 -0.1255 0 30 0 0
0.4540 0.0083 -0.1255 0 30 0 0
0.4540 0.0083 -0.1255 0 30 0 0
0.4620 0.0082 -0.1269 0 30 0 0
0.4620 0.0082 -0.1269 0 30 0 0
0.4620 0.0082 -0.1269 0 30 0 0
0.4620 0.0082 -0.1269 0 30 0 0
0.4620 0.0082 -0.1269 0 30 0 0
0.4580 0.0085 -0.1349 0 30 0 0
0.4580 0.0085 -0.1349 0 30 0 0
0.4580 0.0085 -0.1349 0 30 0 0
0.4580 0.0085 -0.1376 0 30 0 0
0.4560 0.0085 -0.1376 0 30 0 0
0.4560 0.0085 -0.1376 0 30 0 0
0.4560 0.0085 -0.1376 0 30 0 0
0.4560 0.0085 -0.1376 0 30 0 0
0.4480 0.0084 -0.1353 0 30 0 0
0.4480 0.0084 -0.1353 0 30 0 0
0.4480 0.0084 -0.1353 0 30 0 0
0.4480 0.0084 -0.1353 0 30 0 0
0.4480 0.0084 -0.1353 0 30 0 0
0.4480 0.0084 -0.1353 0 30 0 0
0.4540 0.0085 -0.1403 0 30 0 0
0.4540 0.0085 -0.1403 0 30 0 0
0.4540 0.0085 -0.1403 0 30 0 0
0.4640 0.0084 -0.1393 0 30 0 0
0.4640 0.0084 -0.1393 0 30 0 0
0.4640 0.0084 -0.1393 0 30 0 0
0.4640 0.0084 -0.1393 0 30 0 0
0.4700 0.0081 -0.1379 0 30 0 0
0.4700 0.0081 -0.1379 0 30 0 0
0.4700 0.0081 -0.1379 0 30 0 0
0.4700 0.0081 -0.1379 0 30 0 0
0.4700 0.0081 -0.1379 0 30 0 0
0.4700 0.0081 -0.1379 0 30 0 0
0.4540 0.0076 -0.1341 0 30 0 0
0.4540 0.0076 -0.1341 0 30 0 0
0.4540 0.0073 -0.1339 0 30 0 0
0.4480 0.0073 -0.1339 0 30 0 0
0.4480 0.0073 -0.1339 0 30 0 0
0.4480 0.0073 -0.1339 0 30 0 0
0.4480 0.0073 -0.1339 0 30 0 0
0.4520 0.0069 -0.1355 0 30 0 0
0.4520 0.0069 -0.1355 0 30 0 0
0.4520 0.0069 -0.1355 0 30 0 0
0.4520 0.0069 -0.1355 0 30 0 0
0.4520 0.0069 -0.1355 0 30 0 0
0.4600 0.0064 -0.1379 0 30 0 0
0.4600 0.0064 -0.1379 0 30 0 0
0.4600 0.0063 -0.1366 0 30 0 0
0.4440 0.0063 -0.1366 0 30 0 0
0.4440 0.0063 -0.1366 0 30 0 0
0.4440 0.0063 -0.1366 0 30 0 0
0.4520 0.0062 -0.1319 0 30 0 0
0.4520 0.0062 -0.1319 0 30 0 0
0.4520 0.0062 -0.1319 0 30 0 0
0.4520 0.0062 -0.1319 0 30 0 0
0.4520 0.0062 -0.1319 0 30 0 0
0.4520 0.0062 -0.1319 0 30 0 0
0.4520 0.0062 -0.1319 0 30 0 0
0.4420 0.0058 -0.1336 0 30 0 0
0.4420 0.0058 -0.1336 0 30 0 0
0.4420 0.0058 -0.1336 0 30 0 0
0.4540 0.0052 -0.1312 0 30 0 0
0.4540 0.0052 -0.1312 0 30 0 0
0.4540 0.0052 -0.1312 0 30 0 0
0.4540 0.0052 -0.1312 0 30 0 0
0.4280 0.0047 -0.1298 0 30 0 0
0.4280 0.0047 -0.1298 0 30 0 0
0.4280 0.0047 -0.1298 0 30 0 0
0.4280 0.0047 -0.1298 0 30 0 0
0.4280 0.0047 -0.1298 0 30 0 0
0.4280 0.0047 -0.1298 0 30 0 0
0.4360 0.0047 -0.1316 0 30 0 0
0.4360 0.0047 -0.1316 0 30 0 0
0.4360 0.0047 -0.1316 0 30 0 0
0.4660 0.0048 -0.1321 0 30 0 0
0.4660 0.0048 -0.1321 0 30 0 0
0.4660 0.0048 -0.1321 0 30 0 0
0.4660 0.0048 -0.1321 0 30 0 0
0.4560 0.0044 -0.1305 0 30 0 0
0.4560 0.0044 -0.1305 0 30 0 0
0.4560 0.0044 -0.1305 0 30 0 0
0.4560 0.0044 -0.1305 0 30 0 0
0.4560 0.0044 -0.1305 0 30 0 0
0.4560 0.0037 -0.1327 0 30 0 0
0.4540 0.0037 -0.1327 0 30 0 0
0.4540 0.0037 -0.1327 0 30 0 0
0.4540 0.0037 -0.1327 0 30 0 0
0.4600 0.0034 -0.1322 0 30 0 0
0.4600 0.0034 -0.1322 0 30 0 0
0.4600 0.0034 -0.1322 0 30 0 0
0.4600 0.0034 -0.1322 0 30 0 0
0.4600 0.0034 -0.1322 0 30 0 0
0.4400 0.0034 -0.1333 0 30 0 0
0.4400 0.0034 -0.1333 0 30 0 0
0.4400 0.0034 -0.1333 0 30 0 0
0.4400 0.0034 -0.1333 0 30 0 0
0.4400 0.0034 -0.1333 0 30 0 0
0.4400 0.0034 -0.1333 0 30 0 0
0.4460 0.0041 -0.1358 0 30 0 0
0.4460 0.0041 -0.1358 0 30 0 0
0.4460 0.0045 -0.1328 0 30 0 0
0.4440 0.0045 -0.1328 0 30 0 0
0.4440 0.0045 -0.1328 0 30 0 0
0.4440 0.0045 -0.1328 0 30 0 0
0.4440 0.0045 -0.1328 0 30 0 0
0.4440 0.0045 -0.1328 0 30 0 0
0.4440 0.0045 -0.1276 0 30 0 0
0.4440 0.0045 -0.1276 0 30 0 0
0.4440 0.0045 -0.1276 0 30 0 0
0.4440 0.0045 -0.1276 0 30 0 0
0.4480 0.0046 -0.1249 0 30 0 0
0.4480 0.0046 -0.1249 0 30 0 0
0.4480 0.0046 -0.1249 0 30 0 0
0.4500 0.0048 -0.1232 0 30 0 0
0.4500 0.0048 -0.1232 0 30 0 0
0.4500 0.0048 -0.1232 0 30 0 0
0.4500 0.0048 -0.1232 0 30 0 0
0.4500 0.0048 -0.1232 0 30 0 0
0.4480 0.0053 -0.1240 0 30 0 0
0.4480 0.0053 -0.1240 0 30 0 0
0.4480 0.0053 -0.1240 0 30 0 0
0.4480 0.0053 -0.1240 0 30 0 0
0.4480 0.0053 -0.1240 0 30 0 0
0.4440 0.0056 -0.1246 0 30 0 0
0.4440 0.0056 -0.1246 0 30 0 0
0.4440 0.0056 -0.1246 0 30 0 0
0.4460 0.0055 -0.1240 0 30 0 0
0.4460 0.0055 -0.1240 0 30 0 0
0.4460 0.0055 -0.1240 0 30 0 0
0.4460 0.0055 -0.1240 0 30 0 0
0.4460 0.0055 -0.1240 0 30 0 0
0.4660 0.0053 -0.1216 0 30 0 0
0.4660 0.0053 -0.1216 0 30 0 0
0.4660 0.0053 -0.1216 0 30 0 0
0.4660 0.0053 -0.1216 0 30 0 0
0.4280 0.0049 -0.1239 0 30 0 0
0.4280 0.0049 -0.1239 0 30 0 0
0.4280 0.0049 -0.1239 0 30 0 0
0.4520 0.0048 -0.1240 0 30 0 0
0.4520 0.0048 -0.1240 0 30 0 0
0.4520 0.0048 -0.1240 0 30 0 0
0.4520 0.0048 -0.1240 0 30 0 0
0.4520 0.0048 -0.1240 0 30 0 0
0.4420 0.0045 -0.1227 0 30 0 0
0.4420 0.0045 -0.1227 0 30 0 0
0.4420 0.0045 -0.1227 0 30 0 0
0.4420 0.0045 -0.1227 0 30 0 0
0.4420 0.0045 -0.1227 0 30 0 0
0.4440 0.0041 -0.1251 0 30 0 0
0.4440 0.0041 -0.1251 0 30 0 0
0.4440 0.0041 -0.1251 0 30 0 0
0.4600 0.0038 -0.1302 0 30 0 0
0.4600 0.0038 -0.1302 0 30 0 0
0.4600 0.0038 -0.1302 0 30 0 0
0.4600 0.0038 -0.1302 0 30 0 0
0.4600 0.0038 -0.1302 0 30 0 0
0.4500 0.0033 -0.1283 0 30 0 0
0.4500 0.0033 -0.1283 0 30 0 0
0.4500 0.0033 -0.1283 0 30 0 0
0.4500 0.0033 -0.1283 0 30 0 0
0.4380 0.0032 -0.1339 0 30 0 0
0.4380 0.0032 -0.1339 0 30 0 0
0.4380 0.0032 -0.1339 0 30 0 0
0.4380 0.0032 -0.1339 0 30 0 0
0.4640 0.0032 -0.1312 0 30 0 0
0.4640 0.0032 -0.1312 0 30 0 0
0.4640 0.0032 -0.1312 0 30 0 0
0.4640 0.0032 -0.1312 0 30 0 0
0.4640 0.0032 -0.1312 0 30 0 0
0.4360 0.0030 -0.1328 0 30 0 0
0.4360 0.0030 -0.1328 0 30 0 0
0.4360 0.0030 -0.1328 0 30 0 0
0.4360 0.0030 -0.1328 0 30 0 0
0.4440 0.0030 -0.1423 0 30 0 0
0.4440 0.0030 -0.1423 0 30 0 0
0.4440 0.0030 -0.1423 0 30 0 0
0.4360 0.0031 -0.1430 0 30 0 0
0.4360 0.0031 -0.1430 0 30 0 0
0.4360 0.0031 -0.1430 0 30 0 0
0.4360 0.0031 -0.1430 0 30 0 0
0.4360 0.0031 -0.1430 0 30 0 0
0.4360 0.0031 -0.1430 0 30 0 0
0.4460 0.0034 -0.1435 0 30 0 0
0.4460 0.0034 -0.1435 0 30 0 0
0.4460 0.0034 -0.1435 0 30 0 0
0.4460 0.0034 -0.1435 0 30 0 0
0.4460 0.0038 -0.1422 0 30 0 0
0.4460 0.0038 -0.1422 0 30 0 0
0.4460 0.0038 -0.1422 0 30 0 0
0.4560 0.0048 -0.1433 0 30 0 0
0.4560 0.0048 -0.1433 0 30 0 0
0.4560 0.0048 -0.1433 0 30 0 0
0.4560 0.0048 -0.1433 0 30 0 0
0.4520 0.0068 -0.1455 0 30 0 0
0.4520 0.0068 -0.1455 0 30 0 0
0.4520 0.0068 -0.1455 0 30 0 0
0.4520 0.0068 -0.1455 0 30 0 0
0.4520 0.0068 -0.1455 0 30 0 0
0.4520 0.0076 -0.1444 0 30 0 0
0.4440 0.0076 -0.1444 0 30 0 0
0.4440 0.0076 -0.1444 0 30 0 0
0.4520 0.0076 -0.1455 0 30 0 0
0.4520 0.0076 -0.1455 0 30 0 0
0.4520 0.0076 -0.1455 0 30 0 0
0.4520 0.0076 -0.1455 0 30 0 0
0.4520 0.0076 -0.1455 0 30 0 0
0.4520 0.0076 -0.1455 0 30 0 0
0.4600 0.0068 -0.1453 0 30 0 0
0.4600 0.0068 -0.1453 0 30 0 0
0.4600 0.0068 -0.1453 0 30 0 0
0.4600 0.0068 -0.1453 0 30 0 0
0.4600 0.0068 -0.1453 0 30 0 0
0.4580 0.0056 -0.1428 0 30 0 0
0.4580 0.0056 -0.1428 0 30 0 0
0.4560 0.0047 -0.1433 0 30 0 0
0.4560 0.0047 -0.1433 0 30 0 0
0.4560 0.0047 -0.1433 0 30 0 0
0.4560 0.0047 -0.1433 0 30 0 0
0.4560 0.0047 -0.1433 0 30 0 0
0.4420 0.0040 -0.1413 0 30 0 0
0.4420 0.0040 -0.1413 0 30 0 0
0.4420 0.0040 -0.1413 0 30 0 0
0.4420 0.0040 -0.1413 0 30 0 0
0.4620 0.0039 -0.1422 0 0 0 0
0.4560 0.0044 -0.1079 30 0 0 0
0.4860 0.0044 -0.1079 30 0 0 0
0.4680 0.0041 -0.1074 30 0 0 0
0.4680 0.0041 -0.1074 30 0 0 0
0.4520 0.0072 -0.1069 30 0 0 0
0.4520 0.0091 -0.1070 30 0 0 0
0.4620 0.0091 -0.1070 30 0 0 0
0.4860 0.0092 -0.1066 30 0 0 0
0.4860 0.0092 -0.1066 30 0 0 0
0.4860 0.0092 -0.1066 30 0 0 0
0.4900 0.0082 -0.1061 30 0 0 0
0.4900 0.0082 -0.1061 30 0 0 0
0.4840 0.0076 -0.1061 30 0 0 0
0.4840 0.0076 -0.1061 30 0 0 0
0.4840 0.0076 -0.1061 30 0 0 0
0.4840 0.0076 -0.1061 30 0 0 0
0.5000 0.0071 -0.1072 30 0 0 0
0.5000 0.0071 -0.1072 30 0 0 0
0.5000 0.0071 -0.1072 30 0 0 0
0.5000 0.0071 -0.1072 30 0 0 0
0.5000 0.0071 -0.1072 30 0 0 0
0.5000 0.0071 -0.1072 30 0 0 0
0.5000 0.0071 -0.1072 30 0 0 0
0.5000 0.0071 -0.1072 30 0 0 0
0.5000 0.0071 -0.1072 30 0 0 0
0.5000 0.0074 -0.1084 30 0 0 0
0.4780 0.0074 -0.1084 30 0 0 0
0.4780 0.0074 -0.1084 30 0 0 0
0.4780 0.0079 -0.1085 30 0 0 0
0.4660 0.0087 -0.1091 30 0 0 0
0.4660 0.0087 -0.1091 30 0 0 0
0.4660 0.0087 -0.1091 30 0 0 0
0.4660 0.0087 -0.1091 30 0 0 0
0.4700 0.0092 -0.1088 30 0 0 0
0.4700 0.0092 -0.1088 30 0 0 0
0.4700 0.0092 -0.1088 30 0 0 0
0.4700 0.0092 -0.1088 30 0 0 0
0.4700 0.0092 -0.1090 30 0 0 0
0.4700 0.0092 -0.1090 30 0 0 0
0.4700 0.0092 -0.1090 30 0 0 0
0.4700 0.0092 -0.1090 30 0 0 0
0.4660 0.0089 -0.1092 30 0 0 0
0.4660 0.0089 -0.1092 30 0 0 0
0.4660 0.0089 -0.1092 30 0 0 0
0.4660 0.0089 -0.1092 30 0 0 0
0.4660 0.0089 -0.1092 30 0 0 0
0.4660 0.0089 -0.1092 30 0 0 0
0.4680 0.0085 -0.1081 30 0 0 0
0.4680 0.0085 -0.1081 30 0 0 0
0.4800 0.0085 -0.1074 30 0 0 0
0.4800 0.0085 -0.1074 30 0 0 0
0.4800 0.0085 -0.1074 30 0 0 0
0.4800 0.0085 -0.1074 30 0 0 0
0.4580 0.0085 -0.1076 30 0 0 0
0.4580 0.0085 -0.1076 30 0 0 0
0.4580 0.0085 -0.1076 30 0 0 0
0.4580 0.0085 -0.1076 30 0 0 0
0.4580 0.0085 -0.1076 30 0 0 0
0.4580 0.0088 -0.1085 30 0 0 0
0.4640 0.0088 -0.1085 30 0 0 0
0.4640 0.0088 -0.1085 30 0 0 0
0.4640 0.0088 -0.1085 30 0 0 0
0.4740 0.0087 -0.1091 30 0 0 0
0.4740 0.0087 -0.1091 30 0 0 0
0.4740 0.0087 -0.1091 30 0 0 0
0.4740 0.0087 -0.1091 30 0 0 0
0.4740 0.0087 -0.1091 30 0 0 0
0.4740 0.0087 -0.1091 30 0 0 0
0.4740 0.0087 -0.1091 30 0 0 0
0.4740 0.0087 -0.1091 30 0 0 0
0.4740 0.0087 -0.1091 30 0 0 0
0.4740 0.0087 -0.1091 30 0 0 0
0.4820 0.0083 -0.1096 30 0 0 0
0.4820 0.0083 -0.1096 30 0 0 0
0.4900 0.0078 -0.1091 30 0 0 0
0.4800 0.0072 -0.1092 30 0 0 0
0.4800 0.0072 -0.1092 30 0 0 0
0.4800 0.0072 -0.1092 30 0 0 0
0.4800 0.0072 -0.1092 30 0 0 0
0.4800 0.0072 -0.1092 30 0 0 0
0.4580 0.0068 -0.1103 30 0 0 0
0.4580 0.0068 -0.1103 30 0 0 0
0.4580 0.0068 -0.1103 30 0 0 0
0.4580 0.0069 -0.1108 30 0 0 0
0.4880 0.0069 -0.1108 30 0 0 0
0.4880 0.0069 -0.1108 30 0 0 0
0.4720 0.0073 -0.1111 30 0 0 0
0.4720 0.0073 -0.1111 30 0 0 0
0.4720 0.0073 -0.1111 30 0 0 0
0.4720 0.0073 -0.1111 30 0 0 0
0.4720 0.0073 -0.1111 30 0 0 0
0.4720 0.0073 -0.1111 30 0 0 0
0.4780 0.0081 -0.1103 30 0 0 0
0.4780 0.0081 -0.1103 30 0 0 0
0.4780 0.0081 -0.1103 30 0 0 0
0.4780 0.0081 -0.1103 30 0 0 0
0.4780 0.0081 -0.1103 30 0 0 0
0.4580 0.0085 -0.1098 30 0 0 0
0.4580 0.0085 -0.1098 30 0 0 0
0.4580 0.0087 -0.1106 30 0 0 0
0.4600 0.0087 -0.1106 30 0 0 0
0.4600 0.0087 -0.1106 30 0 0 0
0.4600 0.0087 -0.1106 30 0 0 0
0.4600 0.0087 -0.1106 30 0 0 0
0.4600 0.0087 -0.1106 30 0 0 0
0.4640 0.0088 -0.1108 30 0 0 0
0.4640 0.0088 -0.1108 30 0 0 0
0.4640 0.0088 -0.1108 30 0 0 0
0.4640 0.0088 -0.1108 30 0 0 0
0.4640 0.0088 -0.1108 30 0 0 0
0.4480 0.0087 -0.1096 30 0 0 0
0.4500 0.0089 -0.1101 30 0 0 0
0.4500 0.0089 -0.1101 30 0 0 0
0.4500 0.0089 -0.1101 30 0 0 0
0.4500 0.0089 -0.1101 30 0 0 0
0.4500 0.0089 -0.1101 30 0 0 0
0.4500 0.0089 -0.1101 30 0 0 0
0.4500 0.0089 -0.1101 30 0 0 0
0.4660 0.0098 -0.1105 30 0 0 0
0.4660 0.0098 -0.1105 30 0 0 0
0.4660 0.0098 -0.1105 30 0 0 0
0.4660 0.0098 -0.1105 30 0 0 0
0.4660 0.0098 -0.1105 30 0 0 0
0.4560 0.0101 -0.1104 30 0 0 0
0.4560 0.0101 -0.1104 30 0 0 0
0.4700 0.0100 -0.1102 30 0 0 0
0.4700 0.0100 -0.1102 30 0 0 0
0.4700 0.0100 -0.1102 30 0 0 0
0.4700 0.0100 -0.1102 30 0 0 0
0.4700 0.0100 -0.1102 30 0 0 0
0.4700 0.0100 -0.1102 30 0 0 0
0.4580 0.0090 -0.1093 30 0 0 0
0.4580 0.0090 -0.1093 30 0 0 0
0.4580 0.0090 -0.1093 30 0 0 0
0.4580 0.0090 -0.1093 30 0 0 0
0.4800 0.0073 -0.1087 30 0 0 0
0.4800 0.0073 -0.1087 30 0 0 0
0.5060 0.0055 -0.1085 30 0 0 0
0.5060 0.0055 -0.1085 30 0 0 0
0.5060 0.0055 -0.1085 30 0 0 0
0.5060 0.0055 -0.1085 30 0 0 0
0.5060 0.0055 -0.1085 30 0 0 0
0.5060 0.0055 -0.1085 30 0 0 0
0.5000 0.0048 -0.1098 30 0 0 0
0.5000 0.0048 -0.1098 30 0 0 0
0.5000 0.0048 -0.1098 30 0 0 0
0.5000 0.0048 -0.1098 30 0 0 0
0.4640 0.0055 -0.1110 30 0 0 0
0.4640 0.0055 -0.1110 30 0 0 0
0.4520 0.0060 -0.1111 30 0 0 0
0.4520 0.0060 -0.1111 30 0 0 0
0.4520 0.0060 -0.1111 30 0 0 0
0.4520 0.0060 -0.1111 30 0 0 0
0.4520 0.0060 -0.1111 30 0 0 0
0.4520 0.0060 -0.1111 30 0 0 0
0.4520 0.0060 -0.1111 30 0 0 0
0.4560 0.0056 -0.1062 30 0 0 0
0.4560 0.0056 -0.1062 30 0 0 0
0.4560 0.0056 -0.1062 30 0 0 0
0.4560 0.0056 -0.1062 30 0 0 0
0.4700 0.0049 -0.1043 30 0 0 0
0.4700 0.0049 -0.1043 30 0 0 0
0.4700 0.0049 -0.1043 30 0 0 0
0.4700 0.0049 -0.1043 30 0 0 0
0.4700 0.0049 -0.1043 30 0 0 0
0.4700 0.0049 -0.1043 30 0 0 0
0.4700 0.0049 -0.1043 30 0 0 0
0.4700 0.0049 -0.1043 30 0 0 0
0.4700 0.0049 -0.1043 0 0 0 0
0.4540 0.0095 -0.1098 30 0 0 0
0.4640 0.0102 -0.1096 30 0 0 0
0.4820 0.0102 -0.1088 30 0 0 0
0.4520 0.0099 -0.1083 30 0 0 0
0.4520 0.0099 -0.1083 30 0 0 0
0.4520 0.0099 -0.1083 30 0 0 0
0.4520 0.0099 -0.1083 30 0 0 0
0.4520 0.0099 -0.1083 30 0 0 0
0.4520 0.0099 -0.1083 30 0 0 0
0.4540 0.0115 -0.1068 30 0 0 0
0.4440 0.0121 -0.1081 30 0 0 0
0.4440 0.0121 -0.1081 30 0 0 0
0.4600 0.0122 -0.1094 30 0 0 0
0.4600 0.0122 -0.1094 30 0 0 0
0.4300 0.0121 -0.1097 30 0 0 0
0.4300 0.0121 -0.1097 30 0 0 0
0.4300 0.0121 -0.1097 30 0 0 0
0.4300 0.0121 -0.1097 0 0 0 0
0.4360 0.0091 -0.1087 30 0 0 0
0.4300 0.0077 -0.1078 30 0 0 0
0.4400 0.0071 -0.1078 30 0 0 0
0.4240 0.0073 -0.1090 30 0 0 0
0.4280 0.0069 -0.1105 30 0 0 0
0.4280 0.0069 -0.1105 30 0 0 0
0.4280 0.0069 -0.1105 30 0 0 0
0.4280 0.0069 -0.1105 30 0 0 0
0.4280 0.0069 -0.1105 30 0 0 0
0.4420 0.0066 -0.1092 30 0 0 0
0.4420 0.0066 -0.1092 30 0 0 0
0.4420 0.0066 -0.1092 30 0 0 0
0.4420 0.0066 -0.1092 30 0 0 0
0.4380 0.0069 -0.1068 30 0 0 0
0.4380 0.0069 -0.1068 0 0 0 0
0.4660 0.0055 -0.0915 30 0 0 0
0.4600 0.0066 -0.0908 30 0 0 0
0.4620 0.0091 -0.0902 30 0 0 0
0.4620 0.0091 -0.0902 30 0 0 0
0.4740 0.0107 -0.0873 30 0 0 0
0.4800 0.0117 -0.0870 30 0 0 0
0.4800 0.0128 -0.0861 30 0 0 0
0.4800 0.0126 -0.0861 30 0 0 0
0.4720 0.0126 -0.0861 30 0 0 0
0.4720 0.0126 -0.0861 30 0 0 0
0.4720 0.0126 -0.0861 30 0 0 0
0.4720 0.0126 -0.0861 30 0 0 0
0.4860 0.0126 -0.0843 30 0 0 0
0.4860 0.0126 -0.0843 30 0 0 0
0.4860 0.0125 -0.0844 30 0 0 0
0.4760 0.0125 -0.0844 30 0 0 0
0.4760 0.0125 -0.0844 30 0 0 0
0.4760 0.0125 -0.0844 30 0 0 0
0.4760 0.0125 -0.0844 30 0 0 0
0.4900 0.0125 -0.0848 30 0 0 0
0.4900 0.0125 -0.0848 30 0 0 0
0.4900 0.0125 -0.0848 30 0 0 0
0.4900 0.0125 -0.0848 30 0 0 0
0.4900 0.0125 -0.0848 30 0 0 0
0.4900 0.0125 -0.0848 30 0 0 0
0.4900 0.0125 -0.0848 30 0 0 0
0.4880 0.0123 -0.0857 30 0 0 0
0.4880 0.0123 -0.0857 30 0 0 0
0.4880 0.0123 -0.0857 30 0 0 0
0.4920 0.0126 -0.0855 30 0 0 0
0.4920 0.0126 -0.0855 30 0 0 0
0.4920 0.0126 -0.0855 30 0 0 0
0.4920 0.0126 -0.0855 30 0 0 0
0.5060 0.0128 -0.0868 30 0 0 0
0.5060 0.0128 -0.0868 30 0 0 0
0.5060 0.0128 -0.0868 30 0 0 0
0.5060 0.0128 -0.0868 30 0 0 0
0.5060 0.0128 -0.0868 30 0 0 0
0.5060 0.0128 -0.0868 30 0 0 0
0.4660 0.0127 0.3313 0 0 0 0
0.4780 0.0115 0.3305 30 0 0 0
0.4700 0.0103 0.3303 30 0 0 0
0.4700 0.0103 0.3303 30 0 0 0
0.5000 0.0094 0.3305 30 0 0 0
0.4820 0.0084 0.3307 30 0 0 0
0.4820 0.0084 0.3307 30 0 0 0
0.4820 0.0084 0.3307 30 0 0 0
0.4800 0.0047 0.3305 30 0 0 0
0.4800 0.0047 0.3305 30 0 0 0
0.4820 0.0026 0.3318 30 0 0 0
0.4820 0.0026 0.3318 30 0 0 0
0.4820 0.0026 0.3318 30 0 0 0
0.4820 0.0026 0.3318 30 0 0 0
0.4820 0.0040 0.3316 30 0 0 0
0.4780 0.0040 0.3316 30 0 0 0
0.4780 0.0040 0.3316 30 0 0 0
0.4780 0.0040 0.3316 30 0 0 0
0.4780 0.0040 0.3316 30 0 0 0
0.4780 0.0040 0.3316 30 0 0 0
0.4780 0.0040 0.3316 30 0 0 0
0.4780 0.0040 0.3316 30 0 0 0
0.4780 0.0040 0.3316 30 0 0 0
0.4780 0.0040 0.3316 30 0 0 0
0.4780 0.0040 0.3316 30 0 0 0
0.4780 0.0040 0.3316 30 0 0 0
0.4700 0.0060 0.3329 0 0 0 0
0.4420 0.0050 0.3338 30 0 0 0
0.4420 0.0035 0.3321 30 0 0 0
0.4420 0.0025 0.3300 30 0 0 0
0.4500 0.0025 0.3300 30 0 0 0
0.4580 0.0020 0.3304 30 0 0 0
0.4800 0.0031 0.3297 30 0 0 0
0.4800 0.0028 0.3310 30 0 0 0
0.4900 0.0028 0.3310 30 0 0 0
0.4800 0.0022 0.3302 30 0 0 0
0.4800 0.0022 0.3302 30 0 0 0
0.4800 0.0022 0.3302 30 0 0 0
0.4800 0.0022 0.3302 0 0 0 0
0.4740 0.0065 0.3523 30 0 0 0
0.4740 0.0049 0.3525 30 0 0 0
0.4820 0.0049 0.3525 30 0 0 0
0.4720 0.0030 0.3520 30 0 0 0
0.4840 0.0021 0.3502 30 0 0 0
0.4520 0.0055 0.3499 30 0 0 0
0.4880 0.0056 0.3470 30 0 0 0
0.4880 0.0056 0.3470 30 0 0 0
0.4880 0.0056 0.3470 30 0 0 0
0.4880 0.0056 0.3470 30 0 0 0
0.4880 0.0056 0.3470 30 0 0 0
0.4560 0.0055 0.3451 30 0 0 0
0.4560 0.0055 0.3451 30 0 0 0
0.4560 0.0055 0.3451 30 0 0 0
0.4560 0.0055 0.3451 30 0 0 0
0.4560 0.0055 0.3451 30 0 0 0
0.4560 0.0055 0.3451 30 0 0 0
0.4820 0.0054 0.3476 30 0 0 0
0.4780 0.0054 0.3452 30 0 0 0
0.4780 0.0054 0.3452 30 0 0 0
0.4740 0.0058 0.3413 30 0 0 0
0.4740 0.0058 0.3413 30 0 0 0
0.4740 0.0058 0.3413 30 0 0 0
0.4740 0.0058 0.3413 30 0 0 0
0.4840 0.0059 0.3421 30 0 0 0
0.4840 0.0059 0.3421 30 0 0 0
0.4840 0.0059 0.3421 30 0 0 0
0.4760 0.0057 0.3393 30 0 0 0
0.4760 0.0057 0.3393 30 0 0 0
0.4760 0.0057 0.3393 30 0 0 0
0.4760 0.0057 0.3393 30 0 0 0
0.4760 0.0057 0.3393 30 0 0 0
0.4760 0.0057 0.3393 30 0 0 0
0.4780 0.0053 0.3414 30 0 0 0
0.4780 0.0053 0.3414 0 0 0 0
0.4580 0.0054 -0.0791 30 0 0 0
0.4720 0.0062 -0.0745 30 0 0 0
0.4660 0.0052 -0.0717 30 0 0 0
0.4400 0.0044 -0.0720 30 0 0 0
0.4640 0.0045 -0.0738 30 0 0 0
0.4320 0.0056 -0.0733 30 0 0 0
0.4540 0.0067 -0.0717 30 0 0 0
0.4600 0.0075 -0.0705 30 0 0 0
0.4600 0.0075 -0.0705 30 0 0 0
0.4600 0.0075 -0.0705 30 0 0 0
0.4600 0.0075 -0.0705 30 0 0 0
0.4600 0.0075 -0.0705 30 0 0 0
0.4520 0.0075 -0.0696 30 0 0 0
0.4520 0.0075 -0.0696 30 0 0 0
0.4520 0.0075 -0.0696 30 0 0 0
0.4520 0.0075 -0.0696 30 0 0 0
0.4520 0.0075 -0.0696 30 0 0 0
0.4580 0.0073 -0.0702 30 0 0 0
0.4580 0.0073 -0.0702 30 0 0 0
0.4580 0.0073 -0.0702 30 0 0 0
0.4580 0.0073 -0.0702 30 0 0 0
0.4640 0.0071 -0.0695 30 0 0 0
0.4640 0.0071 -0.0695 30 0 0 0
0.4640 0.0071 -0.0695 30 0 0 0
0.4640 0.0071 -0.0695 30 0 0 0
0.4600 0.0070 -0.0705 30 0 0 0
0.4600 0.0070 -0.0705 30 0 0 0
0.4600 0.0070 -0.0705 30 0 0 0
0.4600 0.0070 -0.0705 30 0 0 0
0.4580 0.0070 -0.0716 30 0 0 0
0.4580 0.0070 -0.0716 30 0 0 0
0.4580 0.0070 -0.0716 30 0 0 0
0.4500 0.0070 -0.0703 30 0 0 0
0.4500 0.0070 -0.0703 30 0 0 0
0.4500 0.0070 -0.0703 30 0 0 0
0.4500 0.0070 -0.0703 30 0 0 0
0.4700 0.0069 -0.0706 30 0 0 0
0.4700 0.0069 -0.0706 30 0 0 0
0.4700 0.0069 -0.0706 30 0 0 0
0.4700 0.0069 -0.0706 30 0 0 0
0.4700 0.0069 -0.0706 30 0 0 0
0.4660 0.0069 -0.0707 30 0 0 0
0.4660 0.0069 -0.0707 30 0 0 0
0.4660 0.0069 -0.0707 30 0 0 0
0.4660 0.0069 -0.0707 30 0 0 0
0.4500 0.0068 -0.0711 30 0 0 0
0.4500 0.0068 -0.0711 30 0 0 0
0.4500 0.0068 -0.0711 30 0 0 0
0.4500 0.0068 -0.0711 30 0 0 0
0.4500 0.0068 -0.0711 0 0 0 0
0.4680 0.0063 -0.0745 0 30 0 0
0.4660 0.0054 -0.0752 0 30 0 0
0.4740 0.0043 -0.0759 0 30 0 0
0.4740 0.0038 -0.0751 0 30 0 0
0.4780 0.0042 -0.0752 0 30 0 0
0.4780 0.0058 -0.0736 0 30 0 0
0.4800 0.0058 -0.0736 0 30 0 0
0.4900 0.0072 -0.0736 0 30 0 0
0.4760 0.0087 -0.0733 0 30 0 0
0.4760 0.0087 -0.0733 0 30 0 0
0.4760 0.0087 -0.0733 0 30 0 0
0.4780 0.0100 -0.0720 0 30 0 0
0.4780 0.0100 -0.0720 0 30 0 0
0.4780 0.0100 -0.0720 0 30 0 0
0.4780 0.0106 -0.0717 0 30 0 0
0.4700 0.0106 -0.0717 0 30 0 0
0.4700 0.0106 -0.0717 0 30 0 0
0.4700 0.0106 -0.0717 0 30 0 0
0.4700 0.0106 -0.0717 0 30 0 0
0.4700 0.0111 -0.0713 0 30 0 0
0.4700 0.0111 -0.0713 0 30 0 0
0.4700 0.0111 -0.0713 0 30 0 0
0.4740 0.0111 -0.0703 0 30 0 0
0.4740 0.0111 -0.0703 0 30 0 0
0.4740 0.0111 -0.0703 0 30 0 0
0.4740 0.0111 -0.0703 0 30 0 0
0.4720 0.0108 -0.0697 0 30 0 0
0.4720 0.0108 -0.0697 0 30 0 0
0.4720 0.0108 -0.0697 0 30 0 0
0.4720 0.0108 -0.0697 0 30 0 0
0.4720 0.0108 -0.0697 0 30 0 0
0.4560 0.0104 -0.0724 0 30 0 0
0.4560 0.0104 -0.0724 0 30 0 0
0.4560 0.0104 -0.0724 0 30 0 0
0.4560 0.0101 0.3101 0 30 0 0
0.4660 0.0101 0.3101 0 30 0 0
0.4660 0.0101 0.3101 0 30 0 0
0.4660 0.0101 0.3101 0 30 0 0
0.4660 0.0101 0.3101 0 30 0 0
0.4660 0.0101 0.3101 0 30 0 0
0.4680 0.0096 0.3110 0 30 0 0
0.4680 0.0096 0.3110 0 30 0 0
0.4680 0.0096 0.3110 0 30 0 0
0.4680 0.0096 0.3110 0 30 0 0
0.4680 0.0096 0.3110 0 30 0 0
0.4760 0.0093 0.3115 0 30 0 0
0.4760 0.0093 0.3115 0 30 0 0
0.4760 0.0093 0.3115 0 30 0 0
0.4760 0.0085 0.3113 0 30 0 0
0.4680 0.0085 0.3113 0 30 0 0
0.4680 0.0085 0.3113 0 30 0 0
0.4680 0.0085 0.3113 0 30 0 0
0.4680 0.0085 0.3113 0 30 0 0
0.4720 0.0077 0.3146 0 30 0 0
0.4720 0.0077 0.3146 0 30 0 0
0.4720 0.0077 0.3146 0 30 0 0
0.4720 0.0077 0.3146 0 30 0 0
0.4720 0.0077 0.3146 0 30 0 0
0.4740 0.0072 0.3137 0 30 0 0
0.4740 0.0072 0.3137 0 30 0 0
0.4740 0.0072 0.3137 0 30 0 0
0.4740 0.0068 0.3139 0 30 0 0
0.4720 0.0068 0.3139 0 30 0 0
0.4720 0.0068 0.3139 0 30 0 0
0.4720 0.0068 0.3139 0 30 0 0
0.4720 0.0068 0.3139 0 30 0 0
0.4900 0.0067 0.3154 0 30 0 0
0.4900 0.0067 0.3154 0 30 0 0
0.4900 0.0067 0.3154 0 30 0 0
0.4900 0.0067 0.3154 0 30 0 0
0.4900 0.0067 0.3154 0 30 0 0
0.4740 0.0070 0.3153 0 30 0 0
0.4740 0.0070 0.3153 0 30 0 0
0.4640 0.0072 0.3146 0 30 0 0
0.4640 0.0072 0.3146 0 30 0 0
0.4640 0.0072 0.3146 0 30 0 0
0.4640 0.0072 0.3146 0 30 0 0
0.4640 0.0072 0.3146 0 30 0 0
0.4460 0.0070 0.3151 0 30 0 0
0.4460 0.0070 0.3151 0 30 0 0
0.4460 0.0070 0.3151 0 30 0 0
0.4460 0.0070 0.3151 0 30 0 0
0.4460 0.0070 0.3151 0 30 0 0
0.4460 0.0070 0.3151 0 30 0 0
0.4580 0.0066 0.3165 0 30 0 0
0.4580 0.0066 0.3165 0 30 0 0
0.4580 0.0066 0.3165 0 30 0 0
0.4780 0.0065 0.3165 0 30 0 0
0.4780 0.0065 0.3165 0 30 0 0
0.4780 0.0065 0.3165 0 30 0 0
0.4780 0.0065 0.3165 0 30 0 0
0.4780 0.0064 0.3162 0 30 0 0
0.4620 0.0064 0.3162 0 30 0 0
0.4620 0.0064 0.3162 0 30 0 0
0.4620 0.0064 0.3162 0 30 0 0
0.4620 0.0064 0.3162 0 30 0 0
0.4720 0.0061 0.3206 0 30 0 0
0.4720 0.0061 0.3206 0 30 0 0
0.4720 0.0061 0.3206 0 30 0 0
0.4720 0.0059 0.3199 0 30 0 0
0.4720 0.0059 0.3199 0 30 0 0
0.4720 0.0059 0.3199 0 30 0 0
0.4720 0.0059 0.3199 0 30 0 0
0.4760 0.0057 0.3197 0 30 0 0
0.4760 0.0057 0.3197 0 30 0 0
0.4760 0.0057 0.3197 0 30 0 0
0.4760 0.0057 0.3197 0 30 0 0
0.4760 0.0057 0.3197 0 30 0 0
0.4620 0.0048 0.3164 0 30 0 0
0.4620 0.0048 0.3164 0 30 0 0
0.4620 0.0048 0.3164 0 30 0 0
0.4620 0.0048 0.3164 0 30 0 0
0.4540 0.0037 0.3171 0 30 0 0
0.4540 0.0037 0.3171 0 30 0 0
0.4540 0.0037 0.3171 0 30 0 0
0.4540 0.0037 0.3171 0 30 0 0
0.4540 0.0037 0.3171 0 30 0 0
0.4380 0.0029 0.3193 0 30 0 0
0.4380 0.0029 0.3193 0 30 0 0
0.4380 0.0029 0.3193 0 30 0 0
0.4380 0.0029 0.3193 0 30 0 0
0.4380 0.0029 0.3193 0 30 0 0
0.4380 0.0029 0.3193 0 30 0 0
0.4380 0.0029 0.3193 0 30 0 0
0.4380 0.0029 0.3193 0 30 0 0
0.4380 0.0029 0.3193 0 30 0 0
0.4620 0.0023 0.3181 0 30 0 0
0.4660 0.0022 0.3209 0 30 0 0
0.4660 0.0022 0.3209 0 30 0 0
0.4660 0.0022 0.3209 0 30 0 0
0.4840 0.0023 0.3229 0 30 0 0
0.4840 0.0023 0.3229 0 30 0 0
0.4840 0.0023 0.3229 0 30 0 0
0.4840 0.0023 0.3229 0 30 0 0
0.4840 0.0023 0.3229 0 30 0 0
0.4540 0.0022 0.3212 0 30 0 0
0.4540 0.0022 0.3212 0 30 0 0
0.4540 0.0021 0.3185 0 30 0 0
0.4640 0.0021 0.3185 0 30 0 0
0.4640 0.0021 0.3185 0 30 0 0
0.4640 0.0021 0.3185 0 30 0 0
0.4640 0.0021 0.3185 0 30 0 0
0.4460 0.0024 0.3146 0 30 0 0
0.4460 0.0024 0.3146 0 30 0 0
0.4460 0.0024 0.3146 0 0 0 0
0.4640 0.0025 0.3096 0 30 0 0
0.4640 0.0025 0.3096 0 30 0 0
0.4480 0.0027 0.3104 0 30 0 0
0.4560 0.0033 0.3118 0 30 0 0
0.4740 0.0041 0.3111 0 30 0 0
0.4340 0.0050 0.3056 0 30 0 0
0.4440 0.0058 0.3031 0 30 0 0
0.4440 0.0058 0.3031 0 30 0 0
0.4440 0.0058 0.3031 0 30 0 0
0.4400 0.0069 0.3051 0 30 0 0
0.4400 0.0069 0.3051 0 30 0 0
0.4400 0.0069 0.3051 0 30 0 0
0.4400 0.0074 0.3048 0 30 0 0
0.4400 0.0074 0.3048 0 30 0 0
0.4400 0.0074 0.3048 0 30 0 0
0.4400 0.0074 0.3048 0 30 0 0
0.4300 0.0077 0.3043 0 30 0 0
0.4300 0.0077 0.3043 0 30 0 0
0.4300 0.0077 0.3043 0 30 0 0
0.4300 0.0077 0.3043 0 30 0 0
0.4300 0.0077 0.3043 0 30 0 0
0.4300 0.0077 0.3043 0 30 0 0
0.4660 0.0072 0.3039 0 30 0 0
0.4660 0.0072 0.3039 0 30 0 0
0.4660 0.0072 0.3039 0 30 0 0
0.4560 0.0064 0.3026 0 30 0 0
0.4560 0.0064 0.3026 0 30 0 0
0.4560 0.0064 0.3026 0 30 0 0
0.4560 0.0064 0.3026 0 30 0 0
0.4640 0.0058 0.3027 0 30 0 0
0.4640 0.0058 0.3027 0 30 0 0
0.4640 0.0058 0.3027 0 30 0 0
0.4640 0.0058 0.3027 0 30 0 0
0.4640 0.0058 0.3027 0 30 0 0
0.4640 0.0058 0.3027 0 30 0 0
0.4640 0.0052 0.3043 0 30 0 0
0.4640 0.0052 0.3043 0 30 0 0
0.4640 0.0052 0.3043 0 30 0 0
0.4640 0.0051 0.3045 0 30 0 0
0.4640 0.0051 0.3045 0 30 0 0
0.4640 0.0051 0.3045 0 30 0 0
0.4640 0.0051 0.3045 0 30 0 0
0.4640 0.0052 0.3075 0 30 0 0
0.4700 0.0052 0.3075 0 30 0 0
0.4700 0.0052 0.3075 0 30 0 0
0.4700 0.0052 0.3075 0 30 0 0
0.4700 0.0052 0.3075 0 30 0 0
0.4700 0.0052 0.3075 0 30 0 0
0.4620 0.0052 0.3075 0 30 0 0
0.4620 0.0052 0.3075 0 30 0 0
0.4600 0.0052 0.3066 0 30 0 0
0.4600 0.0052 0.3066 0 30 0 0
0.4600 0.0052 0.3066 0 30 0 0
0.4600 0.0052 0.3066 0 30 0 0
0.4700 0.0053 0.3095 0 30 0 0
0.4700 0.0053 0.3095 0 30 0 0
0.4700 0.0053 0.3095 0 30 0 0
0.4700 0.0053 0.3095 0 30 0 0
0.4700 0.0053 0.3095 0 30 0 0
0.4700 0.0053 0.3095 0 30 0 0
0.4580 0.0055 0.2980 0 30 0 0
0.4580 0.0055 0.2980 0 30 0 0
0.4580 0.0055 0.2980 0 30 0 0
0.4540 0.0056 0.3002 0 30 0 0
0.4540 0.0056 0.3002 0 30 0 0
0.4540 0.0056 0.3002 0 30 0 0
0.4540 0.0056 0.3002 0 30 0 0
0.4540 0.0056 0.3002 0 30 0 0
0.4480 0.0054 0.2922 0 30 0 0
0.4480 0.0054 0.2922 0 30 0 0
0.4480 0.0054 0.2922 0 30 0 0
0.4480 0.0054 0.2922 0 30 0 0
0.4480 0.0054 0.2922 0 30 0 0
0.4480 0.0054 0.2922 0 30 0 0
0.4680 0.0050 0.2968 0 30 0 0
0.4680 0.0050 0.2968 0 30 0 0
0.4560 0.0048 0.2951 0 30 0 0
0.4560 0.0048 0.2951 0 30 0 0
0.4560 0.0048 0.2951 0 30 0 0
0.4560 0.0048 0.2951 0 30 0 0
0.4560 0.0048 0.2951 0 30 0 0
0.4720 0.0048 0.2941 0 30 0 0
0.4720 0.0048 0.2941 0 30 0 0
0.4720 0.0048 0.2941 0 30 0 0
0.4720 0.0048 0.2941 0 30 0 0
0.4720 0.0048 0.2941 0 30 0 0
0.4720 0.0048 0.2928 0 30 0 0
0.4720 0.0048 0.2928 0 30 0 0
0.4720 0.0048 0.2928 0 30 0 0
0.4880 0.0047 0.2933 0 30 0 0
0.4880 0.0047 0.2933 0 30 0 0
0.4880 0.0047 0.2933 0 30 0 0
0.4880 0.0047 0.2933 0 30 0 0
0.4880 0.0047 0.2933 0 30 0 0
0.4680 0.0045 0.2942 0 30 0 0
0.4680 0.0045 0.2942 0 30 0 0
0.4680 0.0045 0.2942 0 30 0 0
0.4680 0.0045 0.2942 0 30 0 0
0.4680 0.0045 0.2942 0 30 0 0
0.4680 0.0045 0.2942 0 30 0 0
0.4980 0.0043 0.2985 0 30 0 0
0.4980 0.0043 0.2985 0 30 0 0
0.4980 0.0043 0.2985 0 30 0 0
0.4980 0.0039 0.3024 0 30 0 0
0.4760 0.0039 0.3024 0 30 0 0
0.4760 0.0039 0.3024 0 30 0 0
0.4760 0.0039 0.3024 0 30 0 0
0.4760 0.0039 0.3024 0 30 0 0
0.4740 0.0033 0.3060 0 30 0 0
0.4740 0.0033 0.3060 0 30 0 0
0.4740 0.0033 0.3060 0 30 0 0
0.4740 0.0033 0.3060 0 30 0 0
0.4740 0.0033 0.3060 0 30 0 0
0.4760 0.0030 0.3042 0 30 0 0
0.4760 0.0030 0.3042 0 30 0 0
0.4760 0.0027 0.3025 0 0 0 0
0.4820 0.0099 0.2939 -30 0 0 0
0.4820 0.0099 0.2939 -30 0 0 0
0.5020 0.0089 0.2929 -30 0 0 0
0.4980 0.0093 0.2891 -30 0 0 0
0.4960 0.0116 0.2843 -30 0 0 0
0.4700 0.0119 0.2814 -30 0 0 0
0.4700 0.0119 0.2814 -30 0 0 0
0.4700 0.0119 0.2814 -30 0 0 0
0.4700 0.0119 0.2814 -30 0 0 0
0.4840 0.0115 0.2884 -30 0 0 0
0.4700 0.0115 0.2819 -30 0 0 0
0.4760 0.0117 0.2835 -30 0 0 0
0.4760 0.0117 0.2835 -30 0 0 0
0.4760 0.0113 0.2835 -30 0 0 0
0.4780 0.0113 0.2835 -30 0 0 0
0.4780 0.0113 0.2835 -30 0 0 0
0.4780 0.0113 0.2835 -30 0 0 0
0.4840 0.0107 0.2824 -30 0 0 0
0.4840 0.0107 0.2824 -30 0 0 0
0.4840 0.0107 0.2824 -30 0 0 0
0.4900 0.0102 0.2859 -30 0 0 0
0.4900 0.0102 0.2859 -30 0 0 0
0.4900 0.0102 0.2859 -30 0 0 0
0.4900 0.0102 0.2859 -30 0 0 0
0.4900 0.0102 0.2859 -30 0 0 0
0.4900 0.0102 0.2859 -30 0 0 0
0.4960 0.0098 0.2867 -30 0 0 0
0.4960 0.0098 0.2867 -30 0 0 0
0.4960 0.0098 0.2867 -30 0 0 0
0.4960 0.0098 0.2867 -30 0 0 0
0.4960 0.0098 0.2867 0 0 0 0
0.4640 0.0100 0.2901 -30 0 0 0
0.4740 0.0106 0.2914 -30 0 0 0
0.4800 0.0106 0.2914 -30 0 0 0
0.4840 0.0101 0.2933 -30 0 0 0
0.4840 0.0101 0.2933 -30 0 0 0
0.4840 0.0101 0.2933 -30 0 0 0
0.4840 0.0101 0.2933 -30 0 0 0
0.4840 0.0101 0.2933 -30 0 0 0
0.4900 0.0088 0.2942 -30 0 0 0
0.4900 0.0088 0.2942 -30 0 0 0
0.4900 0.0088 0.2942 -30 0 0 0
0.4900 0.0088 0.2942 -30 0 0 0
0.4900 0.0088 0.2942 -30 0 0 0
0.5220 0.0076 0.2940 -30 0 0 0
0.5220 0.0076 0.2940 -30 0 0 0
0.5220 0.0076 0.2940 -30 0 0 0
0.4820 0.0066 0.2946 -30 0 0 0
0.4820 0.0066 0.2946 -30 0 0 0
0.4820 0.0066 0.2946 -30 0 0 0
0.4820 0.0066 0.2946 -30 0 0 0
0.4820 0.0066 0.2946 -30 0 0 0
0.4820 0.0066 0.2946 -30 0 0 0
0.4820 0.0066 0.2946 -30 0 0 0
0.4680 0.0058 0.2914 -30 0 0 0
0.4680 0.0058 0.2914 -30 0 0 0
0.4680 0.0058 0.2914 -30 0 0 0
0.4680 0.0058 0.2914 -30 0 0 0
0.4800 0.0059 0.2870 -30 0 0 0
0.4800 0.0059 0.2870 -30 0 0 0
0.4800 0.0059 0.2870 -30 0 0 0
0.4820 0.0066 0.2859 -30 0 0 0
0.4820 0.0066 0.2859 -30 0 0 0
0.4820 0.0066 0.2859 -30 0 0 0
0.4820 0.0066 0.2859 -30 0 0 0
0.4640 0.0072 0.2854 -30 0 0 0
0.4640 0.0072 0.2854 -30 0 0 0
0.4640 0.0072 0.2854 -30 0 0 0
0.4640 0.0072 0.2854 -30 0 0 0
0.4800 0.0074 0.2868 -30 0 0 0
0.4800 0.0074 0.2868 -30 0 0 0
0.4800 0.0074 0.2868 -30 0 0 0
0.4900 0.0076 0.2866 -30 0 0 0
0.4900 0.0076 0.2866 -30 0 0 0
0.4900 0.0076 0.2866 -30 0 0 0
0.4900 0.0076 0.2866 -30 0 0 0
0.4900 0.0076 0.2866 -30 0 0 0
0.4980 0.0079 0.2879 -30 0 0 0
0.4980 0.0079 0.2879 -30 0 0 0
0.4980 0.0079 0.2879 -30 0 0 0
0.4980 0.0079 0.2879 -30 0 0 0
0.4980 0.0079 0.2879 -30 0 0 0
0.4680 0.0082 0.2862 -30 0 0 0
0.4680 0.0082 0.2862 -30 0 0 0
0.4680 0.0082 0.2862 -30 0 0 0
0.4680 0.0082 0.2862 -30 0 0 0
0.4680 0.0082 0.2862 -30 0 0 0
0.4680 0.0082 0.2862 -30 0 0 0
0.4960 0.0085 0.2830 -30 0 0 0
0.4960 0.0085 0.2830 -30 0 0 0
0.4960 0.0085 0.2830 -30 0 0 0
0.4680 0.0088 0.2820 -30 0 0 0
0.4680 0.0088 0.2820 -30 0 0 0
0.4680 0.0088 0.2820 -30 0 0 0
0.4960 0.0090 0.2797 -30 0 0 0
0.4960 0.0090 0.2797 -30 0 0 0
0.4960 0.0090 0.2797 0 0 0 0
0.4640 0.0079 0.2828 0 30 0 0
0.4780 0.0070 0.2822 0 30 0 0
0.4860 0.0070 0.2700 0 30 0 0
0.4760 0.0085 0.2567 0 30 0 0
0.4840 0.0114 0.2504 0 30 0 0
0.4680 0.0114 0.2504 0 30 0 0
0.4680 0.0114 0.2504 0 30 0 0
0.4680 0.0114 0.2504 0 30 0 0
0.4620 0.0129 0.2504 0 30 0 0
0.4620 0.0129 0.2504 0 30 0 0
0.4620 0.0129 0.2504 0 30 0 0
0.4620 0.0129 0.2504 0 30 0 0
0.4840 0.0137 0.2469 0 30 0 0
0.4840 0.0137 0.2469 0 30 0 0
0.4840 0.0137 0.2469 0 30 0 0
0.4840 0.0137 0.2469 0 30 0 0
0.4840 0.0137 0.2469 0 30 0 0
0.4680 0.0141 0.2434 0 30 0 0
0.4680 0.0141 0.2434 0 30 0 0
0.4680 0.0141 0.2434 0 30 0 0
0.4620 0.0133 0.2470 0 30 0 0
0.4620 0.0133 0.2470 0 30 0 0
0.4620 0.0133 0.2470 0 30 0 0
0.4620 0.0133 0.2470 0 30 0 0
0.4620 0.0133 0.2470 0 30 0 0
0.4640 0.0116 0.2463 0 30 0 0
0.4640 0.0116 0.2463 0 30 0 0
0.4640 0.0116 0.2463 0 30 0 0
0.4260 0.0097 0.2458 0 30 0 0
0.4260 0.0097 0.2458 0 30 0 0
0.4260 0.0097 0.2458 0 30 0 0
0.4260 0.0097 0.2458 0 30 0 0
0.4260 0.0074 0.2439 0 30 0 0
0.4360 0.0074 0.2439 0 30 0 0
0.4360 0.0074 0.2439 0 30 0 0
0.4360 0.0074 0.2439 0 30 0 0
0.4360 0.0074 0.2439 0 30 0 0
0.4360 0.0074 0.2439 0 30 0 0
0.4440 0.0058 0.2435 0 30 0 0
0.4440 0.0058 0.2435 0 30 0 0
0.4440 0.0058 0.2435 0 30 0 0
0.4440 0.0058 0.2435 0 30 0 0
0.4520 0.0051 0.2437 0 30 0 0
0.4520 0.0051 0.2437 0 30 0 0
0.4520 0.0051 0.2437 0 30 0 0
0.4520 0.0051 0.2437 0 30 0 0
0.4460 0.0050 0.2428 0 30 0 0
0.4460 0.0050 0.2428 0 30 0 0
0.4460 0.0050 0.2428 0 30 0 0
0.4460 0.0050 0.2428 0 30 0 0
0.4460 0.0054 0.2442 0 30 0 0
0.4620 0.0054 0.2442 0 30 0 0
0.4620 0.0054 0.2442 0 30 0 0
0.4620 0.0054 0.2442 0 30 0 0
0.4620 0.0054 0.2442 0 30 0 0
0.4620 0.0054 0.2442 0 30 0 0
0.4620 0.0054 0.2442 0 30 0 0
0.4620 0.0054 0.2442 0 0 0 0
0.4500 0.0046 0.2406 0 30 0 0
0.4520 0.0043 0.2408 0 30 0 0
0.4560 0.0045 0.2407 0 30 0 0
0.4560 0.0045 0.2407 0 30 0 0
0.4600 0.0092 0.2353 0 30 0 0
0.4520 0.0092 0.2353 0 30 0 0
0.4600 0.0125 0.2305 0 30 0 0
0.4420 0.0134 0.2288 0 30 0 0
0.4420 0.0134 0.2288 0 30 0 0
0.4420 0.0134 0.2288 0 30 0 0
0.4580 0.0141 0.2267 0 30 0 0
0.4580 0.0141 0.2267 0 30 0 0
0.4580 0.0141 0.2267 0 30 0 0
0.4580 0.0141 0.2267 0 30 0 0
0.4580 0.0141 0.2267 0 30 0 0
0.4540 0.0144 0.2272 0 0 0 0
0.4180 0.0123 0.2268 0 30 0 0
0.4520 0.0114 0.2300 0 30 0 0
0.4760 0.0107 0.2296 0 30 0 0
0.4620 0.0109 0.2292 0 30 0 0
0.4640 0.0116 0.2279 0 30 0 0
0.4640 0.0116 0.2279 0 30 0 0
0.4640 0.0116 0.2279 0 30 0 0
0.4640 0.0116 0.2279 0 30 0 0
0.4640 0.0116 0.2279 0 30 0 0
0.4560 0.0125 0.2271 0 30 0 0
0.4560 0.0125 0.2271 0 30 0 0
0.4560 0.0125 0.2271 0 30 0 0
0.4740 0.0129 0.2300 0 30 0 0
0.4740 0.0129 0.2300 0 30 0 0
0.4740 0.0129 0.2300 0 0 0 0
0.4420 0.0122 0.2333 0 30 0 0
0.4640 0.0116 0.2337 0 30 0 0
0.4720 0.0108 0.2353 0 30 0 0
0.4580 0.0104 0.2347 0 30 0 0
0.4620 0.0106 0.2365 0 30 0 0
0.4620 0.0106 0.2365 0 30 0 0
0.4620 0.0106 0.2365 0 30 0 0
0.4620 0.0106 0.2365 0 30 0 0
0.4620 0.0106 0.2365 0 30 0 0
0.4620 0.0106 0.2365 0 30 0 0
0.4660 0.0109 0.2350 0 30 0 0
0.4660 0.0109 0.2350 0 30 0 0
0.4660 0.0109 0.2350 0 30 0 0
0.4660 0.0109 0.2350 0 30 0 0
0.4420 0.0110 0.2388 0 30 0 0
0.4420 0.0107 0.2367 0 0 0 0
0.4580 0.0115 0.2530 0 30 0 0
0.4620 0.0110 0.2536 0 30 0 0
0.4600 0.0106 0.2550 0 30 0 0
0.4420 0.0082 0.2513 0 30 0 0
0.4600 0.0063 0.2632 0 30 0 0
0.4500 0.0057 0.2586 0 30 0 0
0.4500 0.0057 0.2586 0 30 0 0
0.4440 0.0051 0.2657 0 30 0 0
0.4440 0.0051 0.2657 0 30 0 0
0.4440 0.0051 0.2657 0 30 0 0
0.4640 0.0046 0.2707 0 30 0 0
0.4640 0.0046 0.2707 0 30 0 0
0.4640 0.0046 0.2707 0 30 0 0
0.4480 0.0042 0.2708 0 30 0 0
0.4480 0.0042 0.2708 0 30 0 0
0.4480 0.0042 0.2708 0 30 0 0
0.4480 0.0042 0.2708 0 30 0 0
0.4480 0.0042 0.2708 0 30 0 0
0.4480 0.0042 0.2708 0 30 0 0
0.4480 0.0042 0.2696 0 30 0 0
0.4420 0.0042 0.2696 0 0 0 0
0.4420 0.0045 0.2694 0 30 0 0
0.4420 0.0048 0.2707 0 30 0 0
0.4420 0.0048 0.2707 0 30 0 0
0.4420 0.0050 0.2669 0 30 0 0
0.4460 0.0050 0.2669 0 30 0 0
0.4460 0.0049 0.2651 0 30 0 0
0.4460 0.0049 0.2651 0 30 0 0
0.4460 0.0049 0.2651 0 30 0 0
0.4460 0.0049 0.2651 0 30 0 0
0.4460 0.0049 0.2651 0 30 0 0
0.4460 0.0049 0.2651 0 30 0 0
0.4460 0.0049 0.2651 0 30 0 0
0.4460 0.0049 0.2651 0 30 0 0
0.4460 0.0049 0.2651 0 30 0 0
0.4460 0.0049 0.2651 0 30 0 0
0.4460 0.0049 0.2651 0 30 0 0
0.4460 0.0049 0.2651 0 30 0 0
0.4460 0.0049 0.2651 0 30 0 0
0.4600 0.0046 0.2630 0 30 0 0
0.4300 0.0041 0.2599 0 30 0 0
0.4180 0.0037 0.2556 0 30 0 0
0.4180 0.0037 0.2556 0 30 0 0
0.4460 0.0033 0.2553 0 30 0 0
0.4460 0.0033 0.2553 0 30 0 0
0.4460 0.0033 0.2553 0 0 0 0
0.4680 0.0030 0.2500 30 0 0 0
0.4560 0.0039 0.2512 30 0 0 0
0.4560 0.0048 0.2517 30 0 0 0
0.4520 0.0057 0.2532 30 0 0 0
0.4560 0.0058 0.2528 30 0 0 0
0.4560 0.0058 0.2528 30 0 0 0
0.4560 0.0058 0.2530 30 0 0 0
0.4800 0.0058 0.2530 30 0 0 0
0.4800 0.0058 0.2530 30 0 0 0
0.4800 0.0058 0.2530 30 0 0 0
0.4800 0.0056 0.2528 30 0 0 0
0.4520 0.0056 0.2528 30 0 0 0
0.4440 0.0057 0.2553 30 0 0 0
0.4440 0.0057 0.2553 30 0 0 0
0.4440 0.0057 0.2553 30 0 0 0
0.4440 0.0057 0.2553 30 0 0 0
0.4440 0.0057 0.2553 30 0 0 0
0.4600 0.0054 0.2545 30 0 0 0
0.4600 0.0054 0.2545 30 0 0 0
0.4600 0.0054 0.2545 30 0 0 0
0.4600 0.0054 0.2545 30 0 0 0
0.4720 0.0048 0.2541 30 0 0 0
0.4720 0.0048 0.2541 30 0 0 0
0.4520 0.0041 0.2570 30 0 0 0
0.4520 0.0041 0.2570 30 0 0 0
0.4520 0.0041 0.2570 30 0 0 0
0.4520 0.0041 0.2570 30 0 0 0
0.4520 0.0041 0.2570 30 0 0 0
0.4520 0.0041 0.2570 30 0 0 0
0.4480 0.0034 0.2557 30 0 0 0
0.4480 0.0034 0.2557 30 0 0 0
0.4480 0.0034 0.2557 30 0 0 0
0.4480 0.0034 0.2557 30 0 0 0
0.4360 0.0034 0.2538 30 0 0 0
0.4360 0.0034 0.2538 30 0 0 0
0.4360 0.0034 0.2538 30 0 0 0
0.4260 0.0036 0.2569 30 0 0 0
0.4260 0.0036 0.2569 30 0 0 0
0.4260 0.0036 0.2569 30 0 0 0
0.4260 0.0036 0.2569 0 0 0 0
0.4640 0.0083 0.2595 -30 0 0 0
0.4460 0.0069 0.2553 -30 0 0 0
0.4460 0.0049 0.2569 -30 0 0 0
0.4400 0.0049 0.2586 -30 0 0 0
0.4520 0.0048 0.2600 -30 0 0 0
0.4580 0.0048 0.2555 -30 0 0 0
0.4580 0.0048 0.2555 -30 0 0 0
0.4580 0.0048 0.2555 -30 0 0 0
0.4580 0.0048 0.2555 -30 0 0 0
0.4580 0.0051 0.2529 -30 0 0 0
0.4580 0.0051 0.2529 -30 0 0 0
0.4600 0.0053 0.2525 -30 0 0 0
0.4600 0.0053 0.2525 -30 0 0 0
0.4600 0.0053 0.2525 -30 0 0 0
0.4600 0.0053 0.2525 -30 0 0 0
0.4600 0.0053 0.2525 -30 0 0 0
0.4600 0.0053 0.2525 -30 0 0 0
0.4600 0.0055 0.2513 -30 0 0 0
0.4600 0.0055 0.2513 0 0 0 0
0.4660 0.0053 0.2528 -30 0 0 0
0.4600 0.0056 0.2511 -30 0 0 0
0.4760 0.0056 0.2552 -30 0 0 0
0.4520 0.0056 0.2569 -30 0 0 0
0.4360 0.0053 0.2581 -30 0 0 0
0.4460 0.0047 0.2592 -30 0 0 0
0.4460 0.0047 0.2592 -30 0 0 0
0.4320 0.0042 0.2592 -30 0 0 0
0.4320 0.0042 0.2592 -30 0 0 0
0.4320 0.0042 0.2592 -30 0 0 0
0.4320 0.0042 0.2592 -30 0 0 0
0.4320 0.0042 0.2592 -30 0 0 0
0.4320 0.0042 0.2592 -30 0 0 0
0.4320 0.0042 0.2592 -30 0 0 0
0.4320 0.0042 0.2592 -30 0 0 0
0.4320 0.0043 0.2611 -30 0 0 0
0.4360 0.0043 0.2611 -30 0 0 0
0.4360 0.0043 0.2611 -30 0 0 0
0.4360 0.0043 0.2611 -30 0 0 0
0.4400 0.0042 0.2586 0 0 0 0
0.4480 0.0083 -0.1600 0 0 0 30
0.4480 0.0081 -0.1618 0 0 0 30
0.4380 0.0081 -0.1618 0 0 0 30
0.4400 0.0083 -0.1587 0 0 0 30
0.4440 0.0086 -0.1594 0 0 0 30
0.4520 0.0089 -0.1587 0 0 0 30
0.4660 0.0098 -0.1623 0 0 0 30
0.4300 0.0107 -0.1591 0 0 0 30
0.4300 0.0107 -0.1591 0 0 0 30
0.4480 0.0110 -0.1629 0 0 0 30
0.4480 0.0110 -0.1629 0 0 0 30
0.4480 0.0110 -0.1629 0 0 0 30
0.4480 0.0110 -0.1629 0 0 0 30
0.4480 0.0110 -0.1631 0 0 0 0
0.4440 0.0100 -0.1667 0 0 0 30
0.4460 0.0094 -0.1613 0 0 0 30
0.4460 0.0094 -0.1613 0 0 0 30
0.4460 0.0094 -0.1613 0 0 0 30
0.4460 0.0094 -0.1613 0 0 0 30
0.4460 0.0094 -0.1613 0 0 0 30
0.4460 0.0094 -0.1613 0 0 0 30
0.4460 0.0094 -0.1613 0 0 0 30
0.4460 0.0094 -0.1613 0 0 0 30
0.4380 0.0092 -0.1582 0 0 0 30
0.4380 0.0092 -0.1582 0 0 0 30
0.4760 0.0094 -0.1525 0 0 0 0
0.4520 0.0089 -0.1413 0 0 0 30
0.4480 0.0091 -0.1353 0 0 0 30
0.4540 0.0091 -0.1306 0 0 0 30
0.4540 0.0091 -0.1306 0 0 0 30
0.4540 0.0091 -0.1306 0 0 0 30
0.4540 0.0087 -0.1315 0 0 0 30
0.4680 0.0087 -0.1315 0 0 0 30
0.4680 0.0087 -0.1315 0 0 0 0
0.4560 0.0094 0.2773 0 0 0 30
0.4580 0.0105 0.2813 0 0 0 30
0.4560 0.0105 0.2789 0 0 0 30
0.4620 0.0098 0.2790 0 0 0 30
0.4620 0.0098 0.2790 0 0 0 30
0.4460 0.0077 0.2776 0 0 0 30
0.4380 0.0077 0.2776 0 0 0 30
0.4380 0.0077 0.2776 0 0 0 30
0.4380 0.0074 0.2772 0 0 0 0
0.4520 0.0072 0.2780 0 0 0 30
0.4420 0.0072 0.2780 0 0 0 30
0.4460 0.0079 0.2802 0 0 0 30
0.4460 0.0079 0.2802 0 0 0 30
0.4460 0.0079 0.2802 0 0 0 30
0.4460 0.0079 0.2802 0 0 0 30
0.4460 0.0079 0.2802 0 0 0 30
0.4540 0.0081 0.2796 0 0 0 30
0.4540 0.0081 0.2796 0 0 0 30
0.4540 0.0081 0.2796 0 0 0 0
0.4360 0.0074 0.2797 0 0 0 30
0.4420 0.0063 0.2803 0 0 0 30
0.4420 0.0050 0.2876 0 0 0 30
0.4380 0.0048 0.2905 0 0 0 30
0.4380 0.0048 0.2905 0 0 0 30
0.4600 0.0052 0.2949 0 0 0 30
0.4600 0.0052 0.2949 0 0 0 30
0.4600 0.0052 0.2949 0 0 0 30
0.4600 0.0052 0.2949 0 0 0 30
0.4600 0.0052 0.2949 0 0 0 0
0.4740 0.0061 0.2949 0 0 0 30
0.4260 0.0058 0.2962 0 0 0 30
0.4500 0.0058 0.2962 0 0 0 0
0.4540 0.0046 0.3042 0 0 0 30
0.4840 0.0050 0.3031 0 0 0 30
0.4840 0.0053 0.3028 0 0 0 30
0.4680 0.0065 0.3050 0 0 0 30
0.4680 0.0071 0.3069 0 0 0 30
0.4700 0.0076 0.3145 0 0 0 0
0.4380 0.0083 0.3146 0 0 0 30
0.4600 0.0083 0.3209 0 0 0 30
0.4660 0.0080 0.3184 0 0 0 30
0.4640 0.0077 0.3199 0 0 0 30
0.4560 0.0077 0.3215 0 0 0 30
0.4560 0.0077 0.3215 0 0 0 30
0.4480 0.0071 0.3253 0 0 0 0
0.4480 0.0076 0.3238 0 0 0 30
0.4820 0.0076 0.3238 0 0 0 30
0.5040 0.0079 0.3231 0 0 0 30
0.4800 0.0083 0.3240 0 0 0 0
0.4820 0.0087 0.3219 0 0 0 30
0.4920 0.0084 0.3224 0 0 0 30
0.4860 0.0084 0.3187 0 0 0 30
0.5300 0.0084 0.3201 0 0 0 30
0.5300 0.0084 0.3201 0 0 0 30
0.5300 0.0084 0.3201 0 0 0 30
0.5040 0.0082 0.3229 0 0 0 0
0.4560 0.0066 0.3396 0 0 0 30
0.4760 0.0067 0.3395 0 0 0 30
0.4560 0.0068 0.3337 0 0 0 30
0.4660 0.0064 0.3351 0 0 0 30
0.4760 0.0064 0.3347 0 0 0 30
0.4500 0.0070 0.3438 0 0 0 30
0.4500 0.0070 0.3438 0 0 0 30
0.4540 0.0075 0.3430 0 0 0 0
0.4620 0.0072 0.3404 0 0 0 30
0.4620 0.0064 0.3383 0 0 0 30
0.4640 0.0059 0.3370 0 0 0 30
0.4740 0.0054 0.3341 0 0 0 30
0.4740 0.0054 0.3341 0 0 0 30
0.4740 0.0054 0.3341 0 0 0 0
0.4800 0.0043 0.3422 0 0 0 -30
0.4720 0.0046 0.3444 0 0 0 -30
0.4960 0.0043 -0.0317 0 0 0 -30
0.4600 0.0042 -0.0355 0 0 0 0
0.4820 0.0054 -0.0394 0 0 0 -30
0.4820 0.0046 -0.0319 0 0 0 -30
0.4780 0.0046 -0.0319 0 0 0 -30
0.4700 0.0038 -0.0230 0 0 0 -30
0.4640 0.0038 -0.0230 0 0 0 -30
0.4640 0.0037 -0.0262 0 0 0 -30
0.4880 0.0037 -0.0262 0 0 0 -30
0.4880 0.0037 -0.0262 0 0 0 -30
0.4880 0.0037 -0.0262 0 0 0 0
0.4740 0.0032 -0.0294 0 0 0 -30
0.4620 0.0029 -0.0291 0 0 0 -30
0.4640 0.0037 -0.0303 0 0 0 -30
0.4560 0.0048 -0.0332 0 0 0 -30
0.4560 0.0057 -0.0366 0 0 0 0
0.4560 0.0061 -0.0378 0 0 0 -30
0.4560 0.0057 -0.0310 0 0 0 -30
0.4620 0.0058 -0.0321 0 0 0 -30
0.4440 0.0063 -0.0309 0 0 0 -30
0.4440 0.0063 -0.0309 0 0 0 -30
0.4440 0.0063 -0.0309 0 0 0 -30
0.4440 0.0063 -0.0309 0 0 0 0
0.4920 0.0030 -0.0489 0 0 0 30
0.4620 0.0030 -0.0489 0 0 0 30
0.4800 0.0038 -0.0534 0 0 0 30
0.4500 0.0055 -0.0561 0 0 0 30
0.4660 0.0057 -0.0651 0 0 0 0
0.4700 0.0057 -0.0785 0 0 0 30
0.4540 0.0050 -0.0808 0 0 0 30
0.4340 0.0049 -0.0643 0 0 0 30
0.4340 0.0049 -0.0643 0 0 0 30
0.4500 0.0043 -0.0627 0 0 0 30
0.4500 0.0043 -0.0627 0 0 0 30
0.4500 0.0043 -0.0627 0 0 0 0
0.4540 0.0032 -0.0653 0 0 0 30
0.4600 0.0028 -0.0666 0 0 0 30
0.4440 0.0029 -0.0680 0 0 0 30
0.4440 0.0029 -0.0680 0 0 0 30
0.4660 0.0030 -0.0679 0 0 0 30
0.4660 0.0030 -0.0679 0 0 0 30
0.4660 0.0030 -0.0679 0 0 0 30
0.4660 0.0030 -0.0679 0 0 0 30
0.4640 0.0035 -0.0709 0 0 0 0
0.4740 0.0046 -0.0737 0 0 0 30
0.4600 0.0056 -0.0722 0 0 0 30
0.4600 0.0056 -0.0722 0 0 0 30
0.4640 0.0062 -0.0687 0 0 0 30
0.4640 0.0062 -0.0687 0 0 0 30
0.4640 0.0062 -0.0687 0 0 0 30
0.4640 0.0062 -0.0687 0 0 0 30
0.4620 0.0058 -0.0680 0 0 0 0
0.4480 0.0046 -0.0560 0 0 0 30
0.4540 0.0046 -0.0560 0 0 0 30
0.4600 0.0052 -0.0562 0 0 0 30
0.4620 0.0052 -0.0562 0 0 0 30
0.4620 0.0052 -0.0562 0 0 0 0
0.4660 0.0079 -0.0566 0 0 0 30
0.4680 0.0085 -0.0582 0 0 0 30
0.5020 0.0093 -0.0601 0 0 0 30
0.4820 0.0096 -0.0639 0 0 0 30
0.4860 0.0090 -0.0669 0 0 0 30
0.4880 0.0081 -0.0675 0 0 0 0
0.4740 0.0091 -0.0736 0 0 0 30
0.4880 0.0112 -0.0706 0 0 0 30
0.4760 0.0117 -0.0682 0 0 0 30
0.5020 0.0112 -0.0656 0 0 0 30
0.4760 0.0069 -0.0610 0 0 0 30
0.4760 0.0069 -0.0610 0 0 0 30
0.4760 0.0069 -0.0610 0 0 0 30
0.4760 0.0069 -0.0610 0 0 0 0
0.5140 0.0052 -0.0606 0 0 0 30
0.4660 0.0052 -0.0598 0 0 0 30
0.4820 0.0057 -0.0516 0 0 0 30
0.4680 0.0060 -0.0493 0 0 0 30
0.4680 0.0060 -0.0493 0 0 0 30
0.4680 0.0056 -0.0410 0 0 0 30
0.4680 0.0056 -0.0410 0 0 0 0
0.4600 0.0033 -0.0227 0 0 0 30
0.4580 0.0033 -0.0227 0 0 0 30
0.4700 0.0036 -0.0210 0 0 0 30
0.4700 0.0039 -0.0204 0 0 0 30
0.4620 0.0039 -0.0203 0 0 0 30
0.4900 0.0039 -0.0203 0 0 0 30
0.4900 0.0039 -0.0203 0 0 0 30
0.4900 0.0039 -0.0203 0 0 0 0
0.5000 0.0027 -0.0175 0 0 0 30
0.4880 0.0027 -0.0175 0 0 0 30
0.4880 0.0023 -0.0136 0 0 0 30
0.4880 0.0018 -0.0100 0 0 0 0
0.4760 0.0042 -0.0077 0 0 0 30
0.4740 0.0036 -0.0072 0 0 0 30
0.5100 0.0034 -0.0082 0 0 0 30
0.4980 0.0041 -0.0108 0 0 0 30
0.4900 0.0047 -0.0108 0 0 0 30
0.4800 0.0049 -0.0077 0 0 0 30
0.4800 0.0049 -0.0077 0 0 0 30
0.4800 0.0049 -0.0077 0 0 0 0
0.4640 0.0088 0.3629 -30 0 0 0
0.4600 0.0093 0.3617 -30 0 0 0
0.4600 0.0093 0.3617 -30 0 0 0
0.4580 0.0093 0.3588 -30 0 0 0
0.4560 0.0090 0.3588 -30 0 0 0
0.4560 0.0090 0.3588 -30 0 0 0
0.4760 0.0086 0.3555 -30 0 0 0
0.4780 0.0069 0.3608 -30 0 0 0
0.4540 0.0060 0.3578 -30 0 0 0
0.4540 0.0060 0.3578 -30 0 0 0
0.4560 0.0053 0.3569 -30 0 0 0
0.4560 0.0053 0.3569 -30 0 0 0
0.4680 0.0046 0.3578 -30 0 0 0
0.4680 0.0046 0.3578 -30 0 0 0
0.4680 0.0046 0.3578 -30 0 0 0
0.4800 0.0042 0.3578 -30 0 0 0
0.4800 0.0042 0.3578 -30 0 0 0
0.4800 0.0042 0.3578 -30 0 0 0
0.4800 0.0042 0.3578 -30 0 0 0
0.4800 0.0042 0.3578 -30 0 0 0
0.4860 0.0042 0.3575 -30 0 0 0
0.4860 0.0042 0.3575 -30 0 0 0
0.4860 0.0042 0.3575 -30 0 0 0
0.4840 0.0047 0.3582 -30 0 0 0
0.4840 0.0047 0.3582 -30 0 0 0
0.4840 0.0047 0.3582 -30 0 0 0
0.4840 0.0047 0.3582 -30 0 0 0
0.4840 0.0047 0.3582 -30 0 0 0
0.4660 0.0054 0.3586 -30 0 0 0
0.4660 0.0054 0.3586 -30 0 0 0
0.4660 0.0054 0.3586 -30 0 0 0
0.4660 0.0054 0.3586 -30 0 0 0
0.4660 0.0054 0.3586 -30 0 0 0
0.4660 0.0054 0.3586 -30 0 0 0
0.4760 0.0063 0.3592 -30 0 0 0
0.4760 0.0063 0.3592 -30 0 0 0
0.4760 0.0063 0.3592 -30 0 0 0
0.4760 0.0063 0.3592 -30 0 0 0
0.4860 0.0068 0.3590 -30 0 0 0
0.4860 0.0068 0.3590 -30 0 0 0
0.4860 0.0068 0.3590 -30 0 0 0
0.4700 0.0072 0.3598 -30 0 0 0
0.4700 0.0072 0.3598 -30 0 0 0
0.4700 0.0072 0.3598 -30 0 0 0
0.4700 0.0072 0.3598 -30 0 0 0
0.4700 0.0072 0.3598 -30 0 0 0
0.4700 0.0076 0.3614 -30 0 0 0
0.4700 0.0076 0.3614 -30 0 0 0
0.4700 0.0076 0.3614 -30 0 0 0
0.4700 0.0076 0.3614 -30 0 0 0
0.4780 0.0078 0.3614 -30 0 0 0
0.4780 0.0078 0.3614 -30 0 0 0
0.4780 0.0078 0.3614 -30 0 0 0
0.4780 0.0078 0.3614 -30 0 0 0
0.4780 0.0078 0.3614 -30 0 0 0
0.4960 0.0080 0.3625 -30 0 0 0
0.4960 0.0080 0.3625 -30 0 0 0
0.4960 0.0080 0.3625 -30 0 0 0
0.4960 0.0080 0.3625 -30 0 0 0
0.4960 0.0080 0.3625 -30 0 0 0
0.4960 0.0080 0.3625 -30 0 0 0
0.4760 0.0078 0.3606 -30 0 0 0
0.4760 0.0078 0.3606 -30 0 0 0
0.4740 0.0077 0.3615 -30 0 0 0
0.4740 0.0077 0.3615 -30 0 0 0
0.4740 0.0077 0.3615 -30 0 0 0
0.4740 0.0077 0.3615 -30 0 0 0
0.4860 0.0076 0.3601 -30 0 0 0
0.4860 0.0076 0.3601 -30 0 0 0
0.4860 0.0076 0.3601 -30 0 0 0
0.4860 0.0076 0.3601 -30 0 0 0
0.4860 0.0076 0.3601 -30 0 0 0
0.4740 0.0073 0.3591 -30 0 0 0
0.4740 0.0073 0.3591 -30 0 0 0
0.4740 0.0066 0.3591 -30 0 0 0
0.4640 0.0066 0.3591 -30 0 0 0
0.4640 0.0066 0.3591 -30 0 0 0
0.4640 0.0066 0.3591 -30 0 0 0
0.4640 0.0066 0.3591 -30 0 0 0
0.4720 0.0060 0.3596 -30 0 0 0
0.4720 0.0060 0.3596 -30 0 0 0
0.4720 0.0060 0.3596 -30 0 0 0
0.4720 0.0060 0.3596 -30 0 0 0
0.4720 0.0060 0.3596 -30 0 0 0
0.4720 0.0060 0.3596 -30 0 0 0
0.4680 0.0052 0.3614 -30 0 0 0
0.4680 0.0052 0.3614 -30 0 0 0
0.4680 0.0052 0.3614 -30 0 0 0
0.4840 0.0047 0.3612 -30 0 0 0
0.4840 0.0047 0.3612 -30 0 0 0
0.4840 0.0047 0.3612 -30 0 0 0
0.4840 0.0047 0.3612 -30 0 0 0
0.4720 0.0049 0.3589 -30 0 0 0
0.4720 0.0049 0.3589 -30 0 0 0
0.4720 0.0049 0.3589 -30 0 0 0
0.4720 0.0049 0.3589 -30 0 0 0
0.4720 0.0049 0.3589 -30 0 0 0
0.4720 0.0049 0.3589 -30 0 0 0
0.4660 0.0055 0.3601 -30 0 0 0
0.4660 0.0055 0.3601 -30 0 0 0
0.4660 0.0055 0.3601 -30 0 0 0
0.4660 0.0055 0.3601 -30 0 0 0
0.4620 0.0054 -0.0657 -30 0 0 0
0.4620 0.0054 -0.0657 -30 0 0 0
0.4620 0.0054 -0.0657 -30 0 0 0
0.4900 0.0047 -0.0637 -30 0 0 0
0.4900 0.0047 -0.0637 -30 0 0 0
0.4900 0.0047 -0.0637 -30 0 0 0
0.4900 0.0047 -0.0637 -30 0 0 0
0.4900 0.0047 -0.0637 -30 0 0 0
0.4900 0.0047 -0.0637 -30 0 0 0
0.4900 0.0047 -0.0637 -30 0 0 0
0.4900 0.0047 -0.0637 -30 0 0 0
0.4900 0.0047 -0.0637 0 0 0 0
0.5000 0.0109 -0.0850 30 0 0 0
0.4800 0.0109 -0.0850 30 0 0 0
0.4920 0.0106 -0.0838 30 0 0 0
0.4840 0.0098 -0.0798 30 0 0 0
0.4840 0.0098 -0.0798 30 0 0 0
0.4860 0.0078 -0.0730 30 0 0 0
0.4860 0.0078 -0.0730 30 0 0 0
0.5040 0.0077 -0.0793 30 0 0 0
0.4740 0.0078 -0.0774 30 0 0 0
0.4740 0.0078 -0.0774 30 0 0 0
0.4840 0.0077 -0.0738 30 0 0 0
0.4840 0.0077 -0.0736 30 0 0 0
0.4760 0.0077 -0.0736 30 0 0 0
0.4760 0.0077 -0.0736 30 0 0 0
0.4760 0.0077 -0.0736 30 0 0 0
0.4760 0.0077 -0.0736 30 0 0 0
0.4760 0.0077 -0.0736 30 0 0 0
0.4500 0.0081 -0.0715 30 0 0 0
0.4500 0.0081 -0.0715 30 0 0 0
0.4500 0.0081 -0.0715 30 0 0 0
0.4500 0.0081 -0.0715 30 0 0 0
0.4500 0.0081 -0.0715 30 0 0 0
0.4660 0.0090 -0.0689 30 0 0 0
0.4660 0.0090 -0.0689 30 0 0 0
0.4660 0.0090 -0.0689 30 0 0 0
0.4760 0.0095 -0.0683 30 0 0 0
0.4760 0.0095 -0.0683 30 0 0 0
0.4760 0.0095 -0.0683 30 0 0 0
0.4760 0.0095 -0.0683 30 0 0 0
0.4760 0.0095 -0.0683 30 0 0 0
0.4760 0.0095 -0.0683 30 0 0 0
0.4720 0.0097 -0.0689 30 0 0 0
0.4720 0.0097 -0.0689 30 0 0 0
0.4720 0.0097 -0.0689 30 0 0 0
0.4800 0.0092 -0.0682 30 0 0 0
0.4800 0.0092 -0.0682 30 0 0 0
0.4800 0.0092 -0.0682 30 0 0 0
0.4800 0.0092 -0.0682 30 0 0 0
0.4860 0.0086 -0.0689 30 0 0 0
0.4860 0.0086 -0.0689 30 0 0 0
0.4860 0.0086 -0.0689 30 0 0 0
0.4860 0.0086 -0.0689 30 0 0 0
0.4860 0.0086 -0.0689 30 0 0 0
0.4840 0.0078 -0.0696 30 0 0 0
0.4840 0.0078 -0.0696 30 0 0 0
0.4840 0.0078 -0.0696 30 0 0 0
0.4840 0.0078 -0.0696 30 0 0 0
0.4840 0.0078 -0.0696 0 0 0 0
