0.5200 0.0099 0.5715 0 0 0 -30
0.4980 0.0104 0.5690 0 0 0 -30
0.4960 0.0108 0.5678 0 0 0 -30
0.5320 0.0111 0.5673 0 0 0 -30
0.5280 0.0125 0.5638 0 0 0 -30
0.5060 0.0135 0.5652 0 0 0 0
0.4860 0.0093 0.5535 0 0 0 -30
0.5080 0.0091 0.5555 0 0 0 -30
0.5080 0.0091 0.5555 0 0 0 -30
0.5080 0.0087 0.5549 0 0 0 -30
0.5040 0.0084 0.5543 0 0 0 -30
0.4980 0.0085 0.5545 0 0 0 -30
0.5220 0.0084 0.5558 0 0 0 -30
0.5220 0.0084 0.5558 0 0 0 0
0.4940 0.0074 -0.0035 0 0 0 -30
0.4780 0.0074 -0.0035 0 0 0 -30
0.4740 0.0082 -0.0027 0 0 0 -30
0.4780 0.0084 -0.0037 0 0 0 -30
0.4780 0.0084 -0.0037 0 0 0 -30
0.4860 0.0083 -0.0025 0 0 0 -30
0.4940 0.0081 -0.0034 0 0 0 -30
0.4940 0.0081 -0.0034 0 0 0 -30
0.4940 0.0081 -0.0034 0 0 0 0
0.4980 0.0077 -0.0027 0 0 0 -30
0.4860 0.0071 -0.0038 0 0 0 -30
0.4820 0.0067 -0.0029 0 0 0 -30
0.4860 0.0052 -0.0047 0 0 0 0
0.5060 0.0069 -0.0166 0 0 0 30
0.5000 0.0069 -0.0166 0 0 0 30
0.4960 0.0079 -0.0189 0 0 0 30
0.5060 0.0085 -0.0200 0 0 0 30
0.5040 0.0091 -0.0200 0 0 0 30
0.5160 0.0091 -0.0194 0 0 0 30
0.5000 0.0074 -0.0192 0 0 0 0
0.5240 0.0059 -0.0190 0 0 0 30
0.5280 0.0059 -0.0190 0 0 0 30
0.5120 0.0063 -0.0183 0 0 0 30
0.4860 0.0069 -0.0147 0 0 0 30
0.4900 0.0074 -0.0122 0 0 0 30
0.4900 0.0074 -0.0122 0 0 0 0
0.4900 0.0069 0.0008 0 0 0 30
0.5020 0.0068 0.0025 0 0 0 30
0.5060 0.0074 0.0021 0 0 0 30
0.5100 0.0071 0.0034 0 0 0 30
0.5100 0.0071 0.0034 0 0 0 30
0.4980 0.0063 0.0043 0 0 0 30
0.5080 0.0063 0.0042 0 0 0 30
0.5080 0.0063 0.0042 0 0 0 0
0.5220 0.0066 0.0043 0 0 0 30
0.5080 0.0068 0.0052 0 0 0 30
0.4820 0.0071 0.0050 0 0 0 30
0.4940 0.0073 0.0102 0 0 0 30
0.4940 0.0073 0.0102 0 0 0 30
0.4840 0.0077 0.0118 0 0 0 30
0.4840 0.0077 0.0118 0 0 0 0
0.5280 0.0136 0.0124 30 0 0 0
0.4880 0.0126 0.0135 30 0 0 0
0.5100 0.0126 0.0135 30 0 0 0
0.5020 0.0125 0.0150 30 0 0 0
0.4900 0.0120 0.0166 30 0 0 0
0.5120 0.0110 0.0182 30 0 0 0
0.5120 0.0110 0.0182 30 0 0 0
0.5120 0.0110 0.0182 30 0 0 0
0.5120 0.0110 0.0182 30 0 0 0
0.5060 0.0103 0.0185 30 0 0 0
0.5060 0.0103 0.0185 30 0 0 0
0.5060 0.0103 0.0185 30 0 0 0
0.5260 0.0100 0.0192 30 0 0 0
0.5260 0.0100 0.0192 30 0 0 0
0.5260 0.0100 0.0192 30 0 0 0
0.5260 0.0100 0.0192 30 0 0 0
0.5120 0.0100 0.0199 30 0 0 0
0.5120 0.0100 0.0199 30 0 0 0
0.5120 0.0100 0.0199 30 0 0 0
0.5120 0.0100 0.0199 30 0 0 0
0.5120 0.0100 0.0199 30 0 0 0
0.5260 0.0099 0.0218 30 0 0 0
0.5260 0.0099 0.0218 30 0 0 0
0.5260 0.0099 0.0218 30 0 0 0
0.5080 0.0099 0.0223 30 0 0 0
0.5080 0.0099 0.0223 30 0 0 0
0.5080 0.0099 0.0223 30 0 0 0
0.5080 0.0099 0.0223 30 0 0 0
0.5180 0.0098 0.0218 30 0 0 0
0.5180 0.0098 0.0218 30 0 0 0
0.5180 0.0098 0.0218 30 0 0 0
0.5180 0.0098 0.0218 30 0 0 0
0.5180 0.0098 0.0218 30 0 0 0
0.5080 0.0096 0.0224 30 0 0 0
0.5080 0.0096 0.0224 30 0 0 0
0.5080 0.0096 0.0224 30 0 0 0
0.5040 0.0094 0.0240 30 0 0 0
0.5040 0.0094 0.0240 30 0 0 0
0.5040 0.0094 0.0240 30 0 0 0
0.5040 0.0094 0.0240 30 0 0 0
0.5140 0.0093 0.0241 30 0 0 0
0.5140 0.0093 0.0241 30 0 0 0
0.5140 0.0093 0.0241 30 0 0 0
0.5140 0.0093 0.0241 30 0 0 0
0.5140 0.0093 0.0241 30 0 0 0
0.5140 0.0089 0.0231 30 0 0 0
0.5060 0.0089 0.0231 30 0 0 0
0.5060 0.0089 0.0231 30 0 0 0
0.5020 0.0089 0.0221 30 0 0 0
0.5020 0.0089 0.0221 30 0 0 0
0.5020 0.0089 0.0221 30 0 0 0
0.5020 0.0089 0.0221 30 0 0 0
0.5020 0.0089 0.0221 30 0 0 0
0.5120 0.0092 0.0210 30 0 0 0
0.5120 0.0092 0.0210 30 0 0 0
0.5120 0.0092 0.0210 30 0 0 0
0.5120 0.0092 0.0210 30 0 0 0
0.5120 0.0092 0.0210 30 0 0 0
0.5000 0.0092 0.0200 30 0 0 0
0.5000 0.0092 0.0200 30 0 0 0
0.4980 0.0091 0.0203 30 0 0 0
0.4980 0.0091 0.0203 30 0 0 0
0.4980 0.0091 0.0203 30 0 0 0
0.4980 0.0091 0.0203 30 0 0 0
0.5180 0.0092 0.0201 30 0 0 0
0.5180 0.0092 0.0201 30 0 0 0
0.5180 0.0092 0.0201 30 0 0 0
0.5180 0.0092 0.0201 30 0 0 0
0.5180 0.0092 0.0201 30 0 0 0
0.5180 0.0098 0.0215 30 0 0 0
0.4940 0.0098 0.0215 30 0 0 0
0.4940 0.0098 0.0215 30 0 0 0
0.5060 0.0102 0.0205 30 0 0 0
0.5060 0.0102 0.0205 30 0 0 0
0.5060 0.0102 0.0205 30 0 0 0
0.5060 0.0102 0.0205 30 0 0 0
0.5060 0.0102 0.0205 30 0 0 0
0.5060 0.0102 0.0205 30 0 0 0
0.5060 0.0104 0.0188 30 0 0 0
0.5060 0.0104 0.0188 30 0 0 0
0.5060 0.0104 0.0188 30 0 0 0
0.5060 0.0104 0.0188 30 0 0 0
0.5000 0.0107 0.0193 30 0 0 0
0.5000 0.0107 0.0193 30 0 0 0
0.5000 0.0107 0.0193 30 0 0 0
0.4980 0.0112 0.0205 30 0 0 0
0.4980 0.0112 0.0205 30 0 0 0
0.4980 0.0112 0.0205 30 0 0 0
0.4980 0.0112 0.0205 30 0 0 0
0.4980 0.0112 0.0205 30 0 0 0
0.4980 0.0117 0.0221 30 0 0 0
0.4980 0.0117 0.0221 30 0 0 0
0.4980 0.0117 0.0221 30 0 0 0
0.5120 0.0121 0.0221 30 0 0 0
0.5120 0.0121 0.0221 30 0 0 0
0.5120 0.0121 0.0221 30 0 0 0
0.5120 0.0120 0.0220 30 0 0 0
0.5160 0.0120 0.0220 30 0 0 0
0.5160 0.0120 0.0220 30 0 0 0
0.5160 0.0120 0.0220 30 0 0 0
0.5160 0.0120 0.0220 30 0 0 0
0.5160 0.0120 0.0220 30 0 0 0
0.5160 0.0120 0.0220 30 0 0 0
0.5160 0.0120 0.0220 30 0 0 0
0.5020 0.0114 0.0222 30 0 0 0
0.5020 0.0114 0.0222 30 0 0 0
0.5020 0.0114 0.0222 30 0 0 0
0.5160 0.0111 0.0235 30 0 0 0
0.5160 0.0111 0.0235 30 0 0 0
0.5180 0.0109 0.0242 30 0 0 0
0.5180 0.0109 0.0242 30 0 0 0
0.5180 0.0109 0.0242 30 0 0 0
0.5180 0.0109 0.0242 30 0 0 0
0.5180 0.0109 0.0242 30 0 0 0
0.5180 0.0109 0.0242 30 0 0 0
0.5040 0.0108 0.0257 30 0 0 0
0.5040 0.0108 0.0257 30 0 0 0
0.5040 0.0109 0.0264 30 0 0 0
0.5040 0.0109 0.0264 30 0 0 0
0.5040 0.0109 0.0270 30 0 0 0
0.5060 0.0109 0.0270 30 0 0 0
0.5060 0.0109 0.0270 30 0 0 0
0.5060 0.0109 0.0270 30 0 0 0
0.5060 0.0109 0.0270 30 0 0 0
0.5060 0.0109 0.0270 30 0 0 0
0.5060 0.0109 0.0270 30 0 0 0
0.5240 0.0106 0.0264 30 0 0 0
0.5240 0.0106 0.0264 30 0 0 0
0.5240 0.0106 0.0264 30 0 0 0
0.5240 0.0106 0.0264 30 0 0 0
0.4840 0.0101 0.0253 30 0 0 0
0.4840 0.0101 0.0253 30 0 0 0
0.4980 0.0097 0.0234 30 0 0 0
0.4980 0.0097 0.0234 30 0 0 0
0.4980 0.0097 0.0234 30 0 0 0
0.4980 0.0097 0.0234 30 0 0 0
0.4980 0.0097 0.0234 30 0 0 0
0.4980 0.0097 0.0234 30 0 0 0
0.5000 0.0090 0.0234 30 0 0 0
0.5000 0.0090 0.0234 30 0 0 0
0.5000 0.0090 0.0234 30 0 0 0
0.5000 0.0090 0.0234 30 0 0 0
0.5000 0.0085 0.0220 30 0 0 0
0.5000 0.0085 0.0220 30 0 0 0
0.5000 0.0085 0.0220 30 0 0 0
0.5300 0.0083 0.0225 30 0 0 0
0.5300 0.0083 0.0225 30 0 0 0
0.5300 0.0083 0.0225 30 0 0 0
0.5300 0.0083 0.0225 30 0 0 0
0.5300 0.0083 0.0225 30 0 0 0
0.5080 0.0082 0.0221 30 0 0 0
0.5080 0.0082 0.0221 30 0 0 0
0.5080 0.0082 0.0221 30 0 0 0
0.5080 0.0082 0.0221 30 0 0 0
0.4940 0.0081 0.0224 30 0 0 0
0.4940 0.0081 0.0224 30 0 0 0
0.5000 0.0080 0.0232 30 0 0 0
0.5000 0.0080 0.0232 30 0 0 0
0.5000 0.0080 0.0232 30 0 0 0
0.5000 0.0080 0.0232 30 0 0 0
0.5000 0.0080 0.0232 30 0 0 0
0.5000 0.0080 0.0232 30 0 0 0
0.5020 0.0077 0.0258 30 0 0 0
0.5020 0.0077 0.0258 30 0 0 0
0.5020 0.0077 0.0258 30 0 0 0
0.5020 0.0077 0.0258 30 0 0 0
0.5020 0.0077 0.0258 30 0 0 0
0.5140 0.0074 0.0241 30 0 0 0
0.5200 0.0073 0.0227 30 0 0 0
0.5200 0.0073 0.0227 30 0 0 0
0.5200 0.0073 0.0227 30 0 0 0
0.5200 0.0073 0.0227 30 0 0 0
0.5200 0.0073 0.0227 30 0 0 0
0.5200 0.0073 0.0227 30 0 0 0
0.5040 0.0073 0.0219 30 0 0 0
0.5040 0.0073 0.0219 30 0 0 0
0.5040 0.0073 0.0219 30 0 0 0
0.5040 0.0073 0.0219 30 0 0 0
0.5040 0.0073 0.0219 30 0 0 0
0.4980 0.0075 0.0226 30 0 0 0
0.4980 0.0075 0.0226 30 0 0 0
0.4980 0.0075 0.0226 30 0 0 0
0.5120 0.0078 0.0236 30 0 0 0
0.5120 0.0078 0.0236 30 0 0 0
0.5120 0.0078 0.0236 30 0 0 0
0.5120 0.0078 0.0236 30 0 0 0
0.5140 0.0083 0.0268 30 0 0 0
0.5140 0.0083 0.0268 30 0 0 0
0.5140 0.0083 0.0268 30 0 0 0
0.5140 0.0083 0.0268 30 0 0 0
0.5140 0.0087 0.0271 30 0 0 0
0.5080 0.0087 0.0271 30 0 0 0
0.5080 0.0087 0.0266 30 0 0 0
0.5120 0.0087 0.0266 30 0 0 0
0.5120 0.0087 0.0266 30 0 0 0
0.5120 0.0087 0.0266 30 0 0 0
0.5120 0.0087 0.0266 30 0 0 0
0.5120 0.0083 0.0262 30 0 0 0
0.5040 0.0083 0.0262 30 0 0 0
0.5040 0.0083 0.0262 30 0 0 0
0.5040 0.0083 0.0262 30 0 0 0
0.5040 0.0083 0.0262 30 0 0 0
0.5120 0.0079 0.0260 30 0 0 0
0.5120 0.0079 0.0260 30 0 0 0
0.5120 0.0079 0.0260 30 0 0 0
0.5060 0.0075 0.0237 30 0 0 0
0.5060 0.0075 0.0237 30 0 0 0
0.5060 0.0075 0.0237 30 0 0 0
0.5060 0.0075 0.0237 30 0 0 0
0.5060 0.0075 0.0237 30 0 0 0
0.4920 0.0075 0.0238 30 0 0 0
0.4920 0.0075 0.0238 30 0 0 0
0.4920 0.0075 0.0238 30 0 0 0
0.4920 0.0075 0.0238 30 0 0 0
0.4920 0.0075 0.0238 30 0 0 0
0.5080 0.0073 0.0180 30 0 0 0
0.5080 0.0073 0.0180 30 0 0 0
0.4940 0.0073 0.0167 30 0 0 0
0.4940 0.0073 0.0167 30 0 0 0
0.4940 0.0073 0.0167 30 0 0 0
0.4940 0.0073 0.0167 30 0 0 0
0.4940 0.0073 0.0167 30 0 0 0
0.4980 0.0074 0.0147 30 0 0 0
0.4980 0.0074 0.0147 30 0 0 0
0.4980 0.0074 0.0147 30 0 0 0
0.4980 0.0074 0.0147 30 0 0 0
0.4820 0.0075 0.0116 30 0 0 0
0.4820 0.0075 0.0116 30 0 0 0
0.4820 0.0075 0.0116 30 0 0 0
0.5020 0.0074 0.0137 30 0 0 0
0.5020 0.0074 0.0137 30 0 0 0
0.5020 0.0074 0.0137 30 0 0 0
0.5020 0.0074 0.0137 30 0 0 0
0.5020 0.0073 0.0147 30 0 0 0
0.5020 0.0073 0.0147 30 0 0 0
0.5020 0.0073 0.0147 30 0 0 0
0.5020 0.0073 0.0147 30 0 0 0
0.5020 0.0073 0.0147 30 0 0 0
0.5080 0.0072 0.0140 30 0 0 0
0.5080 0.0072 0.0140 30 0 0 0
0.5300 0.0071 0.0087 30 0 0 0
0.5300 0.0071 0.0087 30 0 0 0
0.5300 0.0071 0.0087 30 0 0 0
0.5300 0.0071 0.0087 30 0 0 0
0.5300 0.0071 0.0087 30 0 0 0
0.5300 0.0071 0.0087 30 0 0 0
0.5020 0.0072 0.0116 30 0 0 0
0.5020 0.0072 0.0116 30 0 0 0
0.5020 0.0072 0.0116 30 0 0 0
0.5020 0.0072 0.0116 30 0 0 0
0.5020 0.0072 0.0116 30 0 0 0
0.4900 0.0073 0.0103 30 0 0 0
0.4900 0.0074 0.0088 30 0 0 0
0.4880 0.0074 0.0088 30 0 0 0
0.4880 0.0074 0.0088 30 0 0 0
0.4880 0.0074 0.0088 30 0 0 0
0.4880 0.0074 0.0088 30 0 0 0
0.4920 0.0072 0.0034 30 0 0 0
0.4920 0.0072 0.0034 30 0 0 0
0.4920 0.0072 0.0034 30 0 0 0
0.4920 0.0072 0.0034 30 0 0 0
0.4920 0.0072 0.0034 30 0 0 0
0.5000 0.0067 0.0014 30 0 0 0
0.5000 0.0067 0.0014 30 0 0 0
0.5000 0.0067 0.0014 30 0 0 0
0.5000 0.0067 0.0014 30 0 0 0
0.4580 0.0063 -0.0030 30 0 0 0
0.4580 0.0063 -0.0030 30 0 0 0
0.4580 0.0063 -0.0030 30 0 0 0
0.4580 0.0063 -0.0030 30 0 0 0
0.4980 0.0062 -0.0037 30 0 0 0
0.4980 0.0062 -0.0037 30 0 0 0
0.4980 0.0062 -0.0037 30 0 0 0
0.4980 0.0062 -0.0037 30 0 0 0
0.5060 0.0062 0.0009 30 0 0 0
0.5060 0.0062 0.0009 30 0 0 0
0.5060 0.0062 0.0009 30 0 0 0
0.5060 0.0065 0.0079 30 0 0 0
0.4980 0.0065 0.0079 30 0 0 0
0.4980 0.0065 0.0079 30 0 0 0
0.4980 0.0065 0.0079 30 0 0 0
0.4980 0.0065 0.0079 30 0 0 0
0.4760 0.0068 0.0117 30 0 0 0
0.4760 0.0068 0.0117 30 0 0 0
0.4760 0.0068 0.0117 30 0 0 0
0.4760 0.0068 0.0117 30 0 0 0
0.5100 0.0070 0.0115 30 0 0 0
0.5100 0.0070 0.0115 30 0 0 0
0.5100 0.0070 0.0115 30 0 0 0
0.5100 0.0070 0.0115 30 0 0 0
0.5100 0.0077 0.0153 30 0 0 0
0.5100 0.0077 0.0153 30 0 0 0
0.5100 0.0077 0.0153 30 0 0 0
0.5100 0.0077 0.0153 30 0 0 0
0.5160 0.0080 0.0138 30 0 0 0
0.5160 0.0080 0.0138 30 0 0 0
0.5160 0.0080 0.0138 30 0 0 0
0.5340 0.0079 0.0117 30 0 0 0
0.5340 0.0079 0.0117 30 0 0 0
0.5340 0.0079 0.0117 30 0 0 0
0.5160 0.0073 0.0089 30 0 0 0
0.5160 0.0073 0.0089 30 0 0 0
0.5160 0.0073 0.0089 30 0 0 0
0.5160 0.0073 0.0089 30 0 0 0
0.5160 0.0069 0.0115 30 0 0 0
0.5160 0.0069 0.0115 30 0 0 0
0.5160 0.0069 0.0115 30 0 0 0
0.5160 0.0069 0.0115 30 0 0 0
0.5260 0.0067 0.0095 30 0 0 0
0.5260 0.0067 0.0095 30 0 0 0
0.5260 0.0067 0.0095 30 0 0 0
0.5260 0.0067 0.0095 30 0 0 0
0.5160 0.0070 0.0130 30 0 0 0
0.5160 0.0070 0.0130 30 0 0 0
0.5160 0.0070 0.0130 30 0 0 0
0.5160 0.0070 0.0130 30 0 0 0
0.5160 0.0070 0.0130 30 0 0 0
0.5120 0.0074 0.0095 30 0 0 0
0.5120 0.0074 0.0095 30 0 0 0
0.5120 0.0074 0.0095 30 0 0 0
0.5120 0.0074 0.0095 30 0 0 0
0.5020 0.0076 0.0109 30 0 0 0
0.5020 0.0076 0.0109 30 0 0 0
0.5020 0.0076 0.0109 30 0 0 0
0.5020 0.0076 0.0109 30 0 0 0
0.5240 0.0079 0.0101 30 0 0 0
0.5240 0.0079 0.0101 30 0 0 0
0.5240 0.0079 0.0101 30 0 0 0
0.5240 0.0079 0.0101 30 0 0 0
0.5240 0.0079 0.0101 30 0 0 0
0.5240 0.0079 0.0101 30 0 0 0
0.5240 0.0079 0.0101 30 0 0 0
0.5240 0.0079 0.0101 30 0 0 0
0.5240 0.0079 0.0101 30 0 0 0
0.5240 0.0079 0.0101 30 0 0 0
0.5240 0.0079 0.0101 30 0 0 0
0.5240 0.0079 0.0101 30 0 0 0
0.5320 0.0080 0.0092 30 0 0 0
0.5300 0.0081 0.0033 30 0 0 0
0.5160 0.0081 0.0065 30 0 0 0
0.5160 0.0081 0.0065 30 0 0 0
0.4980 0.0081 0.0119 30 0 0 0
0.4980 0.0081 0.0119 30 0 0 0
0.4980 0.0081 0.0119 30 0 0 0
0.4980 0.0081 0.0119 30 0 0 0
0.4980 0.0081 0.0119 30 0 0 0
0.5080 0.0084 0.0103 30 0 0 0
0.5080 0.0084 0.0103 30 0 0 0
0.5080 0.0084 0.0103 30 0 0 0
0.5080 0.0084 0.0103 30 0 0 0
0.4880 0.0092 0.0086 30 0 0 0
0.4880 0.0092 0.0086 30 0 0 0
0.4880 0.0092 0.0086 30 0 0 0
0.4880 0.0092 0.0086 30 0 0 0
0.5220 0.0097 0.0089 30 0 0 0
0.5220 0.0097 0.0089 30 0 0 0
0.5220 0.0097 0.0089 30 0 0 0
0.5220 0.0097 0.0089 30 0 0 0
0.5040 0.0103 0.0135 30 0 0 0
0.5040 0.0103 0.0135 30 0 0 0
0.5040 0.0103 0.0135 30 0 0 0
0.5040 0.0103 0.0135 30 0 0 0
0.5160 0.0109 0.0186 30 0 0 0
0.5160 0.0109 0.0186 30 0 0 0
0.5160 0.0109 0.0186 30 0 0 0
0.5160 0.0109 0.0186 30 0 0 0
0.5160 0.0109 0.0186 30 0 0 0
0.5120 0.0119 0.0195 30 0 0 0
0.5120 0.0119 0.0195 30 0 0 0
0.5120 0.0119 0.0195 30 0 0 0
0.5120 0.0119 0.0195 30 0 0 0
0.5200 0.0124 0.0160 30 0 0 0
0.5200 0.0124 0.0160 30 0 0 0
0.5200 0.0124 0.0160 30 0 0 0
0.5200 0.0128 0.0111 30 0 0 0
0.5200 0.0128 0.0111 30 0 0 0
0.5200 0.0128 0.0111 30 0 0 0
0.5200 0.0128 0.0111 30 0 0 0
0.5160 0.0127 0.0132 30 0 0 0
0.5160 0.0127 0.0132 0 0 0 0
0.5140 0.0175 0.5082 30 0 0 0
0.5260 0.0154 0.5074 30 0 0 0
0.5300 0.0132 0.5069 30 0 0 0
0.5380 0.0121 0.5065 30 0 0 0
0.5140 0.0114 0.5058 30 0 0 0
0.5280 0.0111 0.5043 30 0 0 0
0.5280 0.0109 0.5047 30 0 0 0
0.5440 0.0109 0.5047 30 0 0 0
0.5440 0.0109 0.5047 30 0 0 0
0.5440 0.0109 0.5047 30 0 0 0
0.5360 0.0109 0.5044 30 0 0 0
0.5360 0.0109 0.5044 30 0 0 0
0.5360 0.0109 0.5044 30 0 0 0
0.5360 0.0109 0.5044 30 0 0 0
0.5360 0.0109 0.5044 30 0 0 0
0.5360 0.0110 0.5048 30 0 0 0
0.5300 0.0110 0.5048 30 0 0 0
0.5300 0.0110 0.5048 30 0 0 0
0.5300 0.0111 0.5029 30 0 0 0
0.5440 0.0111 0.5029 30 0 0 0
0.5440 0.0111 0.5029 30 0 0 0
0.5440 0.0111 0.5029 30 0 0 0
0.5440 0.0111 0.5029 30 0 0 0
0.5500 0.0113 0.5008 30 0 0 0
0.5500 0.0113 0.5008 30 0 0 0
0.5500 0.0113 0.5008 30 0 0 0
0.5500 0.0113 0.5008 30 0 0 0
0.5500 0.0113 0.5008 30 0 0 0
0.5500 0.0113 0.5008 30 0 0 0
0.5100 0.0117 0.4991 30 0 0 0
0.5100 0.0117 0.4991 30 0 0 0
0.5180 0.0121 0.4988 30 0 0 0
0.5180 0.0121 0.4988 30 0 0 0
0.5180 0.0121 0.4988 30 0 0 0
0.5180 0.0121 0.4988 30 0 0 0
0.5280 0.0123 0.5005 30 0 0 0
0.5280 0.0123 0.5005 30 0 0 0
0.5280 0.0123 0.5005 30 0 0 0
0.5280 0.0123 0.5005 30 0 0 0
0.5280 0.0123 0.5005 30 0 0 0
0.5260 0.0119 0.0978 30 0 0 0
0.5260 0.0119 0.0978 30 0 0 0
0.5260 0.0119 0.0978 30 0 0 0
0.5400 0.0111 0.0961 30 0 0 0
0.5400 0.0111 0.0961 30 0 0 0
0.5400 0.0111 0.0961 30 0 0 0
0.5400 0.0111 0.0961 30 0 0 0
0.5400 0.0111 0.0961 30 0 0 0
0.5320 0.0100 0.0957 30 0 0 0
0.5320 0.0100 0.0957 30 0 0 0
0.5320 0.0100 0.0957 30 0 0 0
0.5320 0.0100 0.0957 30 0 0 0
0.5320 0.0100 0.0957 30 0 0 0
0.5240 0.0090 0.0955 30 0 0 0
0.5240 0.0090 0.0955 30 0 0 0
0.5240 0.0090 0.0955 30 0 0 0
0.5440 0.0088 0.1001 30 0 0 0
0.5440 0.0088 0.1001 30 0 0 0
0.5440 0.0088 0.1001 30 0 0 0
0.5440 0.0088 0.1001 30 0 0 0
0.5280 0.0091 0.0984 30 0 0 0
0.5280 0.0091 0.0984 30 0 0 0
0.5280 0.0091 0.0984 30 0 0 0
0.5280 0.0091 0.0984 30 0 0 0
0.5280 0.0091 0.0984 30 0 0 0
0.5280 0.0091 0.0984 30 0 0 0
0.5280 0.0091 0.0984 30 0 0 0
0.5280 0.0091 0.0984 30 0 0 0
0.5280 0.0091 0.0984 30 0 0 0
0.5280 0.0091 0.0984 30 0 0 0
0.5380 0.0096 0.0990 30 0 0 0
0.5380 0.0096 0.0990 30 0 0 0
0.5160 0.0096 0.1011 30 0 0 0
0.5240 0.0094 0.0999 30 0 0 0
0.5240 0.0094 0.0999 30 0 0 0
0.5240 0.0094 0.0999 30 0 0 0
0.5240 0.0094 0.0999 30 0 0 0
0.5360 0.0090 0.1025 30 0 0 0
0.5360 0.0090 0.1025 30 0 0 0
0.5480 0.0088 0.1031 30 0 0 0
0.5480 0.0088 0.1031 30 0 0 0
0.5480 0.0088 0.1031 30 0 0 0
0.5480 0.0088 0.1031 30 0 0 0
0.5480 0.0088 0.1031 30 0 0 0
0.5480 0.0088 0.1031 30 0 0 0
0.5420 0.0083 0.1029 30 0 0 0
0.5420 0.0083 0.1029 30 0 0 0
0.5420 0.0083 0.1029 30 0 0 0
0.5420 0.0083 0.1029 30 0 0 0
0.5420 0.0083 0.1029 30 0 0 0
0.5320 0.0076 0.1014 30 0 0 0
0.5320 0.0076 0.1014 30 0 0 0
0.5320 0.0076 0.1014 30 0 0 0
0.5320 0.0076 0.1014 30 0 0 0
0.5320 0.0076 0.1014 30 0 0 0
0.5320 0.0076 0.1014 30 0 0 0
0.5380 0.0071 0.1009 30 0 0 0
0.5380 0.0071 0.1009 30 0 0 0
0.5380 0.0071 0.1009 30 0 0 0
0.5380 0.0071 0.1009 30 0 0 0
0.5440 0.0069 0.1007 30 0 0 0
0.5440 0.0069 0.1007 30 0 0 0
0.5440 0.0069 0.1007 30 0 0 0
0.5340 0.0074 0.1025 30 0 0 0
0.5580 0.0079 0.1050 30 0 0 0
0.5580 0.0079 0.1050 30 0 0 0
0.5580 0.0079 0.1050 30 0 0 0
0.5580 0.0079 0.1050 30 0 0 0
0.5580 0.0079 0.1050 30 0 0 0
0.5580 0.0079 0.1050 30 0 0 0
0.5420 0.0088 0.1072 30 0 0 0
0.5420 0.0088 0.1072 30 0 0 0
0.5420 0.0088 0.1072 30 0 0 0
0.5420 0.0088 0.1072 0 0 0 0
0.5160 0.0107 0.5180 30 0 0 0
0.5000 0.0106 0.5216 30 0 0 0
0.5160 0.0106 0.5216 30 0 0 0
0.5180 0.0106 0.5202 30 0 0 0
0.5100 0.0103 0.5195 30 0 0 0
0.5100 0.0103 0.5195 30 0 0 0
0.5240 0.0101 0.5219 30 0 0 0
0.5240 0.0101 0.5219 30 0 0 0
0.5240 0.0101 0.5219 30 0 0 0
0.5280 0.0100 0.5198 30 0 0 0
0.5280 0.0100 0.5198 30 0 0 0
0.5280 0.0100 0.5198 30 0 0 0
0.5280 0.0100 0.5198 30 0 0 0
0.5280 0.0100 0.5198 30 0 0 0
0.5280 0.0100 0.5198 30 0 0 0
0.5200 0.0095 0.5219 30 0 0 0
0.5200 0.0095 0.5219 30 0 0 0
0.5200 0.0095 0.5219 30 0 0 0
0.4820 0.0092 0.5192 30 0 0 0
0.4820 0.0092 0.5192 30 0 0 0
0.5180 0.0088 0.5212 30 0 0 0
0.5180 0.0088 0.5212 30 0 0 0
0.5180 0.0088 0.5212 30 0 0 0
0.5180 0.0088 0.5212 30 0 0 0
0.5180 0.0088 0.5212 30 0 0 0
0.5180 0.0079 0.1035 30 0 0 0
0.5060 0.0079 0.1035 30 0 0 0
0.5060 0.0079 0.1035 30 0 0 0
0.5060 0.0079 0.1035 30 0 0 0
0.5060 0.0079 0.1035 30 0 0 0
0.5340 0.0072 0.1029 30 0 0 0
0.5340 0.0072 0.1029 30 0 0 0
0.5480 0.0068 0.0994 30 0 0 0
0.5480 0.0068 0.0994 30 0 0 0
0.5480 0.0068 0.0994 30 0 0 0
0.5480 0.0068 0.0994 30 0 0 0
0.5480 0.0068 0.0994 30 0 0 0
0.5480 0.0065 0.0959 30 0 0 0
0.5120 0.0065 0.0959 30 0 0 0
0.5120 0.0065 0.0959 30 0 0 0
0.5120 0.0065 0.0959 30 0 0 0
0.5120 0.0065 0.0959 30 0 0 0
0.5280 0.0066 0.0948 30 0 0 0
0.5280 0.0066 0.0948 30 0 0 0
0.5300 0.0067 0.0880 30 0 0 0
0.5300 0.0067 0.0880 30 0 0 0
0.5300 0.0067 0.0880 30 0 0 0
0.5300 0.0067 0.0880 30 0 0 0
0.5300 0.0067 0.0880 30 0 0 0
0.5100 0.0071 0.0884 30 0 0 0
0.5100 0.0071 0.0884 30 0 0 0
0.5100 0.0071 0.0884 30 0 0 0
0.5100 0.0071 0.0884 30 0 0 0
0.5100 0.0071 0.0884 30 0 0 0
0.5200 0.0076 0.0827 30 0 0 0
0.5200 0.0076 0.0827 30 0 0 0
0.5360 0.0084 0.0808 30 0 0 0
0.5360 0.0084 0.0808 30 0 0 0
0.5360 0.0084 0.0808 30 0 0 0
0.5360 0.0084 0.0808 30 0 0 0
0.5360 0.0084 0.0808 30 0 0 0
0.5200 0.0092 0.0786 30 0 0 0
0.5200 0.0092 0.0786 30 0 0 0
0.5200 0.0092 0.0786 30 0 0 0
0.5200 0.0092 0.0786 30 0 0 0
0.5200 0.0095 0.0780 30 0 0 0
0.5440 0.0095 0.0780 30 0 0 0
0.5440 0.0095 0.0780 30 0 0 0
0.5280 0.0097 0.0792 30 0 0 0
0.5280 0.0097 0.0792 30 0 0 0
0.5280 0.0097 0.0792 30 0 0 0
0.5280 0.0097 0.0792 30 0 0 0
0.5280 0.0097 0.0792 30 0 0 0
0.5360 0.0098 0.0797 30 0 0 0
0.5360 0.0098 0.0797 30 0 0 0
0.5360 0.0098 0.0797 30 0 0 0
0.5360 0.0098 0.0797 30 0 0 0
0.5360 0.0098 0.0792 0 0 0 0
0.5340 0.0131 0.0827 -30 0 0 0
0.5400 0.0129 0.0829 -30 0 0 0
0.5440 0.0129 0.0829 -30 0 0 0
0.5400 0.0125 0.1042 -30 0 0 0
0.5340 0.0120 0.1034 -30 0 0 0
0.5280 0.0116 0.1055 -30 0 0 0
0.5120 0.0112 0.1244 -30 0 0 0
0.5280 0.0109 0.1265 -30 0 0 0
0.5280 0.0109 0.1265 -30 0 0 0
0.5280 0.0109 0.1265 -30 0 0 0
0.5420 0.0106 0.1147 -30 0 0 0
0.5420 0.0106 0.1147 -30 0 0 0
0.5420 0.0106 0.1147 -30 0 0 0
0.5240 0.0100 0.1148 -30 0 0 0
0.5240 0.0100 0.1148 -30 0 0 0
0.5240 0.0100 0.1148 -30 0 0 0
0.5240 0.0100 0.1148 -30 0 0 0
0.5240 0.0100 0.1148 -30 0 0 0
0.5240 0.0100 0.1148 -30 0 0 0
0.5300 0.0099 0.1073 -30 0 0 0
0.5300 0.0099 0.1073 -30 0 0 0
0.5300 0.0099 0.1073 -30 0 0 0
0.5300 0.0103 0.1071 -30 0 0 0
0.5520 0.0103 0.1071 -30 0 0 0
0.5520 0.0103 0.1071 -30 0 0 0
0.5520 0.0103 0.1071 -30 0 0 0
0.5380 0.0115 0.1012 -30 0 0 0
0.5380 0.0115 0.1012 -30 0 0 0
0.5380 0.0115 0.1012 -30 0 0 0
0.5380 0.0115 0.1012 -30 0 0 0
0.5180 0.0125 0.1026 -30 0 0 0
0.5180 0.0125 0.1026 -30 0 0 0
0.5180 0.0125 0.1026 -30 0 0 0
0.5180 0.0125 0.1026 -30 0 0 0
0.5400 0.0134 0.0949 -30 0 0 0
0.5400 0.0134 0.0949 -30 0 0 0
0.5400 0.0134 0.0949 -30 0 0 0
0.5400 0.0134 0.0949 -30 0 0 0
0.5400 0.0141 0.0927 -30 0 0 0
0.5380 0.0141 0.0927 -30 0 0 0
0.5380 0.0141 0.0927 -30 0 0 0
0.5380 0.0141 0.0927 -30 0 0 0
0.5380 0.0141 0.0927 -30 0 0 0
0.5640 0.0147 0.0879 -30 0 0 0
0.5640 0.0147 0.0879 -30 0 0 0
0.5640 0.0147 0.0879 -30 0 0 0
0.5640 0.0147 0.0879 -30 0 0 0
0.5300 0.0152 0.0840 -30 0 0 0
0.5300 0.0152 0.0840 -30 0 0 0
0.5300 0.0152 0.0840 -30 0 0 0
0.5300 0.0152 0.0840 -30 0 0 0
0.5360 0.0152 0.0842 -30 0 0 0
0.5360 0.0152 0.0842 -30 0 0 0
0.5340 0.0149 0.0821 -30 0 0 0
0.5340 0.0149 0.0821 -30 0 0 0
0.5340 0.0149 0.0821 -30 0 0 0
0.5340 0.0149 0.0821 -30 0 0 0
0.5340 0.0149 0.0821 -30 0 0 0
0.5440 0.0143 0.0817 -30 0 0 0
0.5440 0.0143 0.0817 -30 0 0 0
0.5440 0.0143 0.0817 -30 0 0 0
0.5640 0.0140 0.0748 -30 0 0 0
0.5640 0.0140 0.0748 -30 0 0 0
0.5640 0.0140 0.0748 -30 0 0 0
0.5640 0.0140 0.0748 -30 0 0 0
0.5480 0.0141 0.0751 -30 0 0 0
0.5480 0.0141 0.0751 -30 0 0 0
0.5480 0.0141 0.0751 -30 0 0 0
0.5480 0.0141 0.0751 -30 0 0 0
0.5480 0.0141 0.0751 -30 0 0 0
0.5480 0.0147 0.0724 -30 0 0 0
0.5660 0.0147 0.0724 -30 0 0 0
0.5660 0.0147 0.0724 -30 0 0 0
0.5400 0.0153 0.0725 -30 0 0 0
0.5400 0.0153 0.0725 -30 0 0 0
0.5400 0.0153 0.0725 -30 0 0 0
0.5400 0.0153 0.0725 -30 0 0 0
0.5220 0.0157 0.0719 -30 0 0 0
0.5220 0.0157 0.0719 -30 0 0 0
0.5220 0.0157 0.0719 -30 0 0 0
0.5220 0.0157 0.0719 -30 0 0 0
0.5220 0.0157 0.0719 -30 0 0 0
0.5220 0.0157 0.0719 -30 0 0 0
0.5400 0.0155 0.0729 -30 0 0 0
0.5400 0.0155 0.0729 -30 0 0 0
0.5400 0.0155 0.0729 -30 0 0 0
0.5400 0.0153 0.0731 -30 0 0 0
0.5660 0.0153 0.0731 -30 0 0 0
0.5660 0.0153 0.0731 -30 0 0 0
0.5660 0.0150 0.0732 -30 0 0 0
0.5420 0.0150 0.0732 -30 0 0 0
0.5420 0.0150 0.0732 -30 0 0 0
0.5420 0.0150 0.0732 -30 0 0 0
0.5420 0.0150 0.0732 -30 0 0 0
0.5420 0.0150 0.0732 -30 0 0 0
0.5420 0.0144 0.0746 -30 0 0 0
0.5420 0.0144 0.0746 -30 0 0 0
0.5480 0.0138 0.0751 -30 0 0 0
0.5480 0.0138 0.0751 -30 0 0 0
0.5480 0.0138 0.0751 -30 0 0 0
0.5480 0.0138 0.0751 -30 0 0 0
0.5540 0.0131 0.0751 -30 0 0 0
0.5540 0.0131 0.0751 -30 0 0 0
0.5540 0.0131 0.0751 -30 0 0 0
0.5540 0.0131 0.0751 -30 0 0 0
0.5540 0.0131 0.0751 -30 0 0 0
0.5540 0.0131 0.0751 -30 0 0 0
0.5380 0.0116 0.0750 -30 0 0 0
0.5380 0.0116 0.0750 -30 0 0 0
0.5380 0.0116 0.0750 -30 0 0 0
0.5340 0.0107 0.0773 -30 0 0 0
0.5340 0.0107 0.0773 -30 0 0 0
0.5340 0.0107 0.0773 -30 0 0 0
0.5340 0.0107 0.0773 -30 0 0 0
0.5360 0.0102 0.0782 -30 0 0 0
0.5360 0.0102 0.0782 -30 0 0 0
0.5360 0.0102 0.0782 -30 0 0 0
0.5360 0.0102 0.0782 -30 0 0 0
0.5360 0.0102 0.0782 -30 0 0 0
0.5340 0.0099 0.0788 -30 0 0 0
0.5340 0.0099 0.0788 -30 0 0 0
0.5340 0.0099 0.0788 -30 0 0 0
0.5260 0.0101 0.0753 -30 0 0 0
0.5260 0.0101 0.0753 -30 0 0 0
0.5260 0.0101 0.0753 -30 0 0 0
0.5260 0.0101 0.0753 -30 0 0 0
0.5200 0.0105 0.0742 -30 0 0 0
0.5200 0.0105 0.0742 -30 0 0 0
0.5200 0.0105 0.0742 -30 0 0 0
0.5200 0.0105 0.0742 -30 0 0 0
0.5200 0.0105 0.0742 -30 0 0 0
0.5100 0.0111 0.0688 -30 0 0 0
0.5100 0.0111 0.0688 -30 0 0 0
0.5100 0.0111 0.0688 -30 0 0 0
0.5320 0.0115 0.0679 -30 0 0 0
0.5320 0.0115 0.0679 -30 0 0 0
0.5320 0.0115 0.0679 -30 0 0 0
0.5320 0.0115 0.0679 -30 0 0 0
0.5280 0.0118 0.0680 -30 0 0 0
0.5280 0.0118 0.0680 -30 0 0 0
0.5280 0.0118 0.0680 -30 0 0 0
0.5280 0.0118 0.0680 -30 0 0 0
0.5280 0.0118 0.0680 -30 0 0 0
0.5280 0.0118 0.0680 -30 0 0 0
0.5400 0.0122 0.0681 -30 0 0 0
0.5400 0.0122 0.0681 -30 0 0 0
0.5300 0.0126 0.0673 -30 0 0 0
0.5300 0.0126 0.0673 -30 0 0 0
0.5300 0.0126 0.0673 -30 0 0 0
0.5300 0.0126 0.0673 -30 0 0 0
0.5300 0.0132 0.0693 -30 0 0 0
0.5300 0.0132 0.0693 -30 0 0 0
0.5300 0.0132 0.0693 -30 0 0 0
0.5300 0.0132 0.0693 -30 0 0 0
0.5300 0.0132 0.0693 -30 0 0 0
0.5380 0.0137 0.0662 -30 0 0 0
0.5380 0.0137 0.0662 -30 0 0 0
0.5380 0.0137 0.0662 -30 0 0 0
0.5240 0.0138 0.0653 -30 0 0 0
0.5240 0.0138 0.0653 -30 0 0 0
0.5240 0.0138 0.0653 -30 0 0 0
0.5240 0.0138 0.0653 -30 0 0 0
0.5580 0.0137 0.0667 -30 0 0 0
0.5580 0.0137 0.0667 -30 0 0 0
0.5580 0.0137 0.0667 -30 0 0 0
0.5580 0.0137 0.0667 -30 0 0 0
0.5580 0.0137 0.0667 -30 0 0 0
0.5580 0.0137 0.0667 -30 0 0 0
0.5260 0.0135 0.0682 -30 0 0 0
0.5260 0.0135 0.0682 -30 0 0 0
0.5260 0.0135 0.0682 -30 0 0 0
0.5260 0.0135 0.0682 -30 0 0 0
0.5260 0.0135 0.0682 -30 0 0 0
0.5260 0.0135 0.0682 -30 0 0 0
0.5260 0.0135 0.0682 -30 0 0 0
0.5260 0.0135 0.0682 -30 0 0 0
0.5260 0.0135 0.0682 -30 0 0 0
0.5200 0.0134 0.0670 -30 0 0 0
0.5200 0.0134 0.0670 -30 0 0 0
0.5200 0.0134 0.0670 -30 0 0 0
0.5360 0.0135 0.3050 -30 0 0 0
0.5400 0.0139 0.3058 -30 0 0 0
0.5400 0.0146 0.3066 -30 0 0 0
0.5440 0.0146 0.3066 -30 0 0 0
0.5440 0.0146 0.3066 -30 0 0 0
0.5440 0.0146 0.3066 -30 0 0 0
0.5260 0.0158 0.3072 -30 0 0 0
0.5260 0.0158 0.3072 -30 0 0 0
0.5260 0.0158 0.3072 -30 0 0 0
0.5260 0.0158 0.3072 -30 0 0 0
0.5260 0.0158 0.3072 -30 0 0 0
0.5260 0.0158 0.3072 -30 0 0 0
0.5300 0.0171 0.3070 -30 0 0 0
0.5300 0.0171 0.3070 -30 0 0 0
0.5300 0.0174 0.3076 -30 0 0 0
0.5240 0.0174 0.3076 -30 0 0 0
0.5240 0.0174 0.3076 -30 0 0 0
0.5240 0.0174 0.3076 -30 0 0 0
0.5240 0.0172 0.3120 -30 0 0 0
0.4840 0.0172 0.3120 -30 0 0 0
0.4840 0.0172 0.3120 -30 0 0 0
0.4840 0.0172 0.3120 -30 0 0 0
0.4840 0.0172 0.3120 -30 0 0 0
0.4840 0.0172 0.3120 -30 0 0 0
0.5140 0.0165 0.3120 -30 0 0 0
0.5140 0.0165 0.3120 -30 0 0 0
0.5140 0.0165 0.3120 0 0 0 0
0.5360 0.0110 0.3105 0 30 0 0
0.5400 0.0089 0.3079 0 30 0 0
0.5180 0.0067 0.3088 0 30 0 0
0.5320 0.0053 0.3114 0 30 0 0
0.5680 0.0046 0.3164 0 30 0 0
0.5420 0.0043 -0.0115 0 30 0 0
0.5420 0.0043 -0.0115 0 30 0 0
0.5420 0.0047 -0.0104 0 30 0 0
0.5420 0.0047 -0.0104 0 30 0 0
0.5140 0.0048 -0.0135 0 30 0 0
0.5140 0.0048 -0.0135 0 30 0 0
0.5140 0.0048 -0.0135 0 30 0 0
0.5140 0.0048 -0.0135 0 30 0 0
0.5140 0.0048 -0.0135 0 30 0 0
0.5140 0.0048 -0.0135 0 30 0 0
0.5360 0.0049 -0.0191 0 30 0 0
0.5360 0.0049 -0.0191 0 30 0 0
0.5360 0.0049 -0.0191 0 30 0 0
0.5360 0.0049 -0.0191 0 30 0 0
0.5440 0.0048 -0.0183 0 30 0 0
0.5440 0.0048 -0.0183 0 30 0 0
0.5320 0.0049 -0.0240 0 30 0 0
0.5320 0.0049 -0.0240 0 30 0 0
0.5320 0.0049 -0.0240 0 30 0 0
0.5320 0.0049 -0.0240 0 30 0 0
0.5320 0.0049 -0.0240 0 30 0 0
0.5320 0.0049 -0.0240 0 30 0 0
0.5240 0.0042 -0.0235 0 30 0 0
0.5240 0.0042 -0.0235 0 30 0 0
0.5240 0.0042 -0.0235 0 30 0 0
0.5240 0.0042 -0.0235 0 30 0 0
0.5240 0.0042 -0.0235 0 30 0 0
0.5260 0.0043 -0.0296 0 30 0 0
0.5260 0.0043 -0.0296 0 30 0 0
0.5260 0.0043 -0.0296 0 30 0 0
0.5200 0.0048 -0.0316 0 30 0 0
0.5200 0.0048 -0.0316 0 30 0 0
0.5200 0.0048 -0.0316 0 30 0 0
0.5200 0.0048 -0.0316 0 30 0 0
0.5200 0.0048 -0.0316 0 30 0 0
0.5160 0.0057 -0.0361 0 30 0 0
0.5160 0.0057 -0.0361 0 30 0 0
0.5160 0.0057 -0.0361 0 30 0 0
0.5160 0.0057 -0.0361 0 30 0 0
0.5160 0.0057 -0.0361 0 30 0 0
0.5160 0.0057 -0.0361 0 30 0 0
0.5160 0.0057 -0.0361 0 30 0 0
0.5160 0.0060 -0.0340 0 30 0 0
0.5100 0.0060 -0.0340 0 30 0 0
0.5100 0.0060 -0.0340 0 30 0 0
0.5100 0.0059 -0.0326 0 30 0 0
0.5300 0.0059 -0.0326 0 30 0 0
0.5300 0.0059 -0.0326 0 30 0 0
0.5160 0.0059 -0.0301 0 30 0 0
0.5160 0.0059 -0.0301 0 30 0 0
0.5160 0.0059 -0.0301 0 30 0 0
0.5160 0.0059 -0.0301 0 30 0 0
0.5160 0.0061 -0.0311 0 30 0 0
0.5060 0.0061 -0.0311 0 30 0 0
0.5060 0.0061 -0.0311 0 30 0 0
0.5160 0.0068 -0.0311 0 30 0 0
0.5160 0.0068 -0.0311 0 30 0 0
0.5160 0.0068 -0.0311 0 30 0 0
0.5160 0.0068 -0.0311 0 30 0 0
0.5160 0.0068 -0.0311 0 30 0 0
0.5160 0.0068 -0.0311 0 30 0 0
0.5360 0.0070 -0.0308 0 30 0 0
0.5360 0.0070 -0.0308 0 30 0 0
0.5360 0.0070 -0.0308 0 30 0 0
0.5360 0.0070 -0.0308 0 30 0 0
0.5360 0.0070 -0.0308 0 30 0 0
0.5320 0.0069 -0.0278 0 30 0 0
0.5320 0.0069 -0.0278 0 30 0 0
0.5100 0.0068 -0.0280 0 30 0 0
0.5100 0.0068 -0.0280 0 30 0 0
0.5100 0.0068 -0.0280 0 30 0 0
0.5100 0.0068 -0.0280 0 30 0 0
0.5100 0.0068 -0.0280 0 30 0 0
0.5380 0.0069 -0.0267 0 30 0 0
0.5380 0.0069 -0.0267 0 30 0 0
0.5380 0.0069 -0.0267 0 30 0 0
0.5380 0.0069 -0.0267 0 30 0 0
0.5240 0.0078 -0.0285 0 30 0 0
0.5240 0.0078 -0.0285 0 30 0 0
0.5180 0.0083 -0.0284 0 30 0 0
0.5180 0.0083 -0.0284 0 30 0 0
0.5180 0.0083 -0.0284 0 30 0 0
0.5180 0.0083 -0.0284 0 30 0 0
0.5180 0.0083 -0.0284 0 30 0 0
0.5180 0.0083 -0.0284 0 30 0 0
0.5320 0.0086 -0.0285 0 30 0 0
0.5320 0.0086 -0.0285 0 30 0 0
0.5320 0.0086 -0.0285 0 30 0 0
0.5320 0.0086 -0.0285 0 30 0 0
0.5400 0.0087 -0.0293 0 30 0 0
0.5400 0.0087 -0.0293 0 30 0 0
0.5400 0.0089 -0.0290 0 30 0 0
0.5100 0.0089 -0.0290 0 30 0 0
0.5100 0.0089 -0.0290 0 30 0 0
0.5100 0.0089 -0.0290 0 30 0 0
0.5100 0.0089 -0.0290 0 30 0 0
0.5100 0.0089 -0.0290 0 30 0 0
0.5100 0.0089 -0.0290 0 30 0 0
0.5100 0.0089 -0.0290 0 30 0 0
0.5100 0.0089 -0.0290 0 30 0 0
0.5100 0.0089 -0.0290 0 30 0 0
0.5100 0.0089 -0.0290 0 30 0 0
0.5100 0.0089 -0.0290 0 30 0 0
0.5100 0.0089 -0.0290 0 30 0 0
0.5100 0.0089 -0.0290 0 30 0 0
0.5340 0.0096 -0.0249 0 30 0 0
0.5180 0.0100 -0.0234 0 30 0 0
0.5420 0.0103 -0.0242 0 30 0 0
0.5420 0.0103 -0.0242 0 30 0 0
0.5420 0.0107 -0.0268 0 30 0 0
0.5180 0.0107 -0.0268 0 30 0 0
0.5180 0.0107 -0.0268 0 30 0 0
0.5180 0.0107 -0.0268 0 30 0 0
0.5180 0.0107 -0.0268 0 30 0 0
0.5300 0.0108 -0.0268 0 30 0 0
0.5300 0.0108 -0.0268 0 30 0 0
0.5300 0.0108 -0.0268 0 30 0 0
0.5400 0.0104 -0.0281 0 30 0 0
0.5400 0.0104 -0.0281 0 30 0 0
0.5400 0.0104 -0.0281 0 30 0 0
0.5400 0.0104 -0.0281 0 30 0 0
0.5400 0.0104 -0.0281 0 30 0 0
0.5240 0.0102 -0.0295 0 30 0 0
0.5240 0.0102 -0.0295 0 30 0 0
0.5240 0.0102 -0.0295 0 30 0 0
0.5240 0.0102 -0.0295 0 30 0 0
0.5380 0.0103 -0.0360 0 30 0 0
0.5380 0.0103 -0.0360 0 30 0 0
0.5440 0.0105 -0.0341 0 30 0 0
0.5440 0.0105 -0.0341 0 30 0 0
0.5440 0.0105 -0.0341 0 30 0 0
0.5440 0.0105 -0.0341 0 30 0 0
0.5440 0.0105 -0.0341 0 30 0 0
0.5440 0.0105 -0.0341 0 30 0 0
0.5300 0.0110 -0.0530 0 30 0 0
0.5300 0.0110 -0.0530 0 30 0 0
0.5300 0.0110 -0.0530 0 30 0 0
0.5300 0.0110 -0.0530 0 30 0 0
0.5340 0.0115 -0.0552 0 30 0 0
0.5340 0.0115 -0.0552 0 30 0 0
0.5340 0.0115 -0.0552 0 30 0 0
0.5280 0.0121 -0.0735 0 30 0 0
0.5280 0.0121 -0.0735 0 30 0 0
0.5280 0.0121 -0.0735 0 30 0 0
0.5280 0.0121 -0.0735 0 30 0 0
0.5280 0.0121 -0.0735 0 30 0 0
0.5280 0.0121 -0.0735 0 30 0 0
0.5340 0.0130 -0.0731 0 30 0 0
0.5340 0.0130 -0.0731 0 30 0 0
0.5340 0.0130 -0.0731 0 30 0 0
0.5340 0.0130 -0.0731 0 30 0 0
0.5400 0.0131 -0.0878 0 30 0 0
0.5400 0.0131 -0.0878 0 30 0 0
0.5400 0.0131 -0.0878 0 30 0 0
0.5280 0.0127 -0.0858 0 30 0 0
0.5280 0.0127 -0.0858 0 30 0 0
0.5280 0.0127 -0.0858 0 30 0 0
0.5280 0.0127 -0.0858 0 30 0 0
0.5440 0.0115 -0.1032 0 30 0 0
0.5440 0.0115 -0.1032 0 30 0 0
0.5440 0.0115 -0.1032 0 30 0 0
0.5440 0.0115 -0.1032 0 30 0 0
0.5300 0.0106 -0.1024 0 30 0 0
0.5300 0.0106 -0.1024 0 30 0 0
0.5300 0.0106 -0.1024 0 30 0 0
0.5240 0.0103 -0.1169 0 30 0 0
0.5240 0.0103 -0.1169 0 30 0 0
0.5240 0.0103 -0.1169 0 30 0 0
0.5240 0.0103 -0.1169 0 30 0 0
0.5240 0.0103 -0.1169 0 30 0 0
0.5240 0.0103 -0.1169 0 30 0 0
0.5280 0.0104 -0.1303 0 30 0 0
0.5280 0.0104 -0.1303 0 30 0 0
0.5280 0.0104 -0.1303 0 30 0 0
0.5280 0.0104 -0.1303 0 30 0 0
0.5460 0.0106 -0.1316 0 30 0 0
0.5460 0.0106 -0.1316 0 30 0 0
0.5460 0.0109 -0.1398 0 30 0 0
0.5200 0.0109 -0.1398 0 30 0 0
0.5200 0.0109 -0.1398 0 30 0 0
0.5200 0.0109 -0.1398 0 30 0 0
0.5200 0.0109 -0.1398 0 30 0 0
0.5200 0.0109 -0.1398 0 30 0 0
0.5480 0.0115 -0.1349 0 30 0 0
0.5480 0.0115 -0.1349 0 30 0 0
0.5480 0.0115 -0.1349 0 30 0 0
0.5480 0.0115 -0.1349 0 30 0 0
0.5480 0.0115 -0.1349 0 30 0 0
0.5260 0.0117 -0.1380 0 30 0 0
0.5260 0.0117 -0.1380 0 30 0 0
0.5260 0.0117 -0.1380 0 30 0 0
0.5260 0.0118 -0.1304 0 30 0 0
0.5180 0.0118 -0.1304 0 30 0 0
0.5180 0.0118 -0.1304 0 30 0 0
0.5180 0.0118 -0.1304 0 30 0 0
0.5180 0.0118 -0.1304 0 30 0 0
0.5320 0.0119 -0.1306 0 30 0 0
0.5320 0.0119 -0.1306 0 30 0 0
0.5320 0.0119 -0.1306 0 30 0 0
0.5320 0.0119 -0.1306 0 30 0 0
0.5320 0.0125 -0.1268 0 30 0 0
0.5340 0.0125 -0.1268 0 30 0 0
0.5340 0.0125 -0.1268 0 30 0 0
0.5340 0.0125 -0.1268 0 30 0 0
0.5340 0.0125 -0.1268 0 30 0 0
0.5340 0.0125 -0.1268 0 30 0 0
0.5340 0.0125 -0.1268 0 30 0 0
0.5340 0.0125 -0.1268 0 30 0 0
0.5340 0.0125 -0.1268 0 30 0 0
0.5340 0.0125 -0.1268 0 30 0 0
0.5560 0.0141 -0.1283 0 30 0 0
0.5480 0.0158 -0.1268 0 30 0 0
0.5480 0.0158 -0.1268 0 30 0 0
0.5460 0.0169 -0.1283 0 30 0 0
0.5460 0.0169 -0.1283 0 30 0 0
0.5460 0.0169 -0.1283 0 30 0 0
0.5460 0.0169 -0.1283 0 30 0 0
0.5460 0.0174 -0.1274 0 30 0 0
0.5460 0.0174 -0.1274 0 30 0 0
0.5460 0.0174 -0.1274 0 30 0 0
0.5460 0.0172 -0.1251 0 30 0 0
0.5240 0.0172 -0.1251 0 30 0 0
0.5240 0.0172 -0.1251 0 30 0 0
0.5240 0.0172 -0.1251 0 30 0 0
0.5240 0.0172 -0.1251 0 30 0 0
0.5340 0.0164 -0.1208 0 30 0 0
0.5340 0.0164 -0.1208 0 30 0 0
0.5340 0.0164 -0.1208 0 30 0 0
0.5340 0.0164 -0.1208 0 30 0 0
0.5340 0.0164 -0.1208 0 30 0 0
0.5340 0.0164 -0.1208 0 30 0 0
0.5340 0.0164 -0.1208 0 30 0 0
0.5340 0.0164 -0.1208 0 30 0 0
0.5340 0.0164 -0.1208 0 30 0 0
0.5340 0.0164 -0.1208 0 30 0 0
0.5340 0.0164 -0.1208 0 30 0 0
0.5340 0.0164 -0.1208 0 30 0 0
0.5420 0.0143 -0.1173 0 30 0 0
0.5320 0.0123 -0.1146 0 30 0 0
0.5280 0.0112 -0.1123 0 30 0 0
0.5280 0.0112 -0.1123 0 30 0 0
0.5280 0.0112 -0.1123 0 30 0 0
0.5280 0.0112 -0.1123 0 30 0 0
0.5380 0.0101 -0.1080 0 30 0 0
0.5380 0.0101 -0.1080 0 30 0 0
0.5380 0.0101 -0.1080 0 30 0 0
0.5300 0.0100 -0.1052 0 30 0 0
0.5300 0.0100 -0.1052 0 30 0 0
0.5300 0.0100 -0.1052 0 30 0 0
0.5300 0.0100 -0.1052 0 30 0 0
0.5400 0.0103 -0.1021 0 30 0 0
0.5400 0.0103 -0.1021 0 30 0 0
0.5400 0.0103 -0.1021 0 30 0 0
0.5400 0.0103 -0.1021 0 30 0 0
0.5460 0.0110 -0.0992 0 30 0 0
0.5460 0.0110 -0.0992 0 30 0 0
0.5460 0.0110 -0.0992 0 30 0 0
0.5460 0.0110 -0.0992 0 30 0 0
0.5460 0.0110 -0.0992 0 30 0 0
0.5280 0.0113 -0.0954 0 30 0 0
0.5280 0.0113 -0.0954 0 30 0 0
0.5280 0.0113 -0.0954 0 30 0 0
0.5280 0.0113 -0.0954 0 30 0 0
0.5360 0.0116 -0.0925 0 30 0 0
0.5360 0.0116 -0.0925 0 30 0 0
0.5360 0.0116 -0.0925 0 30 0 0
0.5360 0.0116 -0.0925 0 30 0 0
0.5360 0.0121 -0.0867 0 30 0 0
0.5380 0.0121 -0.0867 0 30 0 0
0.5380 0.0121 -0.0867 0 30 0 0
0.5380 0.0121 -0.0867 0 30 0 0
0.5460 0.0124 -0.0847 0 30 0 0
0.5460 0.0124 -0.0847 0 30 0 0
0.5460 0.0124 -0.0847 0 30 0 0
0.5460 0.0124 -0.0847 0 30 0 0
0.5340 0.0126 -0.0812 0 30 0 0
0.5340 0.0126 -0.0812 0 30 0 0
0.5340 0.0126 -0.0812 0 30 0 0
0.5340 0.0126 -0.0812 0 30 0 0
0.5320 0.0129 -0.0775 0 30 0 0
0.5320 0.0129 -0.0775 0 30 0 0
0.5320 0.0129 -0.0775 0 30 0 0
0.5320 0.0129 -0.0775 0 30 0 0
0.5320 0.0131 -0.0755 0 30 0 0
0.5520 0.0131 -0.0755 0 30 0 0
0.5520 0.0131 -0.0755 0 30 0 0
0.5520 0.0131 -0.0755 0 30 0 0
0.5520 0.0131 -0.0755 0 30 0 0
0.5760 0.0133 -0.0714 0 30 0 0
0.5760 0.0133 -0.0714 0 30 0 0
0.5760 0.0133 -0.0714 0 30 0 0
0.5760 0.0133 -0.0714 0 30 0 0
0.5760 0.0133 -0.0714 0 30 0 0
0.5420 0.0133 -0.0683 0 30 0 0
0.5420 0.0133 -0.0683 0 30 0 0
0.5420 0.0133 -0.0683 0 30 0 0
0.5420 0.0133 -0.0683 0 30 0 0
0.5420 0.0133 -0.0683 0 30 0 0
0.5420 0.0133 -0.0683 0 30 0 0
0.5420 0.0133 -0.0683 0 30 0 0
0.5420 0.0133 -0.0683 0 30 0 0
0.5420 0.0133 -0.0683 0 30 0 0
0.5540 0.0131 -0.0659 0 30 0 0
0.5600 0.0133 -0.0645 0 30 0 0
0.5640 0.0137 -0.0623 0 30 0 0
0.5640 0.0137 -0.0623 0 30 0 0
0.5640 0.0137 -0.0623 0 30 0 0
0.5640 0.0137 -0.0623 0 30 0 0
0.5500 0.0142 -0.0607 0 30 0 0
0.5500 0.0142 -0.0607 0 30 0 0
0.5500 0.0142 -0.0607 0 30 0 0
0.5500 0.0142 -0.0607 0 30 0 0
0.5400 0.0145 -0.0595 0 30 0 0
0.5400 0.0145 -0.0595 0 30 0 0
0.5400 0.0145 -0.0595 0 30 0 0
0.5400 0.0145 -0.0595 0 30 0 0
0.5420 0.0143 -0.0580 0 30 0 0
0.5420 0.0143 -0.0580 0 30 0 0
0.5420 0.0143 -0.0580 0 30 0 0
0.5420 0.0143 -0.0580 0 30 0 0
0.5420 0.0143 -0.0580 0 30 0 0
0.5440 0.0135 -0.0569 0 30 0 0
0.5440 0.0135 -0.0569 0 30 0 0
0.5440 0.0135 -0.0569 0 30 0 0
0.5440 0.0135 -0.0569 0 30 0 0
0.5440 0.0135 -0.0569 0 30 0 0
0.5440 0.0135 -0.0569 0 30 0 0
0.5440 0.0135 -0.0569 0 30 0 0
0.5520 0.0128 -0.0565 0 30 0 0
0.5500 0.0119 -0.0549 0 30 0 0
0.5500 0.0119 -0.0549 0 30 0 0
0.5500 0.0119 -0.0549 0 30 0 0
0.5440 0.0113 -0.0541 0 30 0 0
0.5440 0.0113 -0.0541 0 30 0 0
0.5440 0.0113 -0.0541 0 30 0 0
0.5440 0.0113 -0.0541 0 30 0 0
0.5360 0.0108 -0.0545 0 30 0 0
0.5360 0.0108 -0.0545 0 30 0 0
0.5360 0.0108 -0.0545 0 30 0 0
0.5360 0.0108 -0.0545 0 30 0 0
0.5600 0.0104 -0.0554 0 30 0 0
0.5600 0.0104 -0.0554 0 30 0 0
0.5600 0.0104 -0.0554 0 30 0 0
0.5420 0.0103 -0.0548 0 30 0 0
0.5420 0.0103 -0.0548 0 30 0 0
0.5420 0.0103 -0.0548 0 30 0 0
0.5420 0.0103 -0.0548 0 30 0 0
0.5420 0.0103 -0.0548 0 30 0 0
0.5180 0.0105 -0.0555 0 30 0 0
0.5180 0.0105 -0.0555 0 30 0 0
0.5180 0.0105 -0.0555 0 30 0 0
0.5180 0.0105 -0.0555 0 0 0 0
0.5200 0.0161 -0.0368 0 30 0 0
0.5260 0.0161 -0.0368 0 30 0 0
0.5260 0.0148 -0.0352 0 30 0 0
0.5400 0.0148 -0.0352 0 30 0 0
0.5480 0.0140 -0.0332 0 30 0 0
0.5440 0.0139 -0.0341 0 30 0 0
0.5400 0.0148 -0.0353 0 30 0 0
0.5400 0.0148 -0.0353 0 30 0 0
0.5280 0.0147 -0.0365 0 30 0 0
0.5280 0.0147 -0.0365 0 30 0 0
0.5540 0.0140 -0.0360 0 30 0 0
0.5540 0.0140 -0.0360 0 30 0 0
0.5540 0.0133 -0.0354 0 30 0 0
0.5540 0.0133 -0.0354 0 30 0 0
0.5540 0.0133 -0.0354 0 30 0 0
0.5540 0.0133 -0.0354 0 30 0 0
0.5540 0.0133 -0.0354 0 30 0 0
0.5540 0.0133 -0.0354 0 30 0 0
0.5480 0.0125 -0.0336 0 30 0 0
0.5480 0.0125 -0.0336 0 30 0 0
0.5420 0.0118 -0.0343 0 30 0 0
0.5420 0.0118 -0.0343 0 30 0 0
0.5420 0.0118 -0.0343 0 30 0 0
0.5420 0.0118 -0.0343 0 30 0 0
0.5360 0.0108 -0.0345 0 30 0 0
0.5360 0.0108 -0.0345 0 30 0 0
0.5360 0.0108 -0.0345 0 30 0 0
0.5360 0.0108 -0.0345 0 30 0 0
0.5360 0.0108 -0.0345 0 30 0 0
0.5660 0.0100 -0.0351 0 30 0 0
0.5660 0.0100 -0.0351 0 30 0 0
0.5660 0.0100 -0.0351 0 30 0 0
0.5300 0.0094 -0.0341 0 30 0 0
0.5300 0.0094 -0.0341 0 30 0 0
0.5300 0.0094 -0.0341 0 30 0 0
0.5300 0.0094 -0.0341 0 30 0 0
0.5480 0.0087 -0.0350 0 30 0 0
0.5480 0.0087 -0.0350 0 30 0 0
0.5480 0.0087 -0.0350 0 30 0 0
0.5480 0.0087 -0.0350 0 30 0 0
0.5480 0.0087 -0.0350 0 30 0 0
0.5480 0.0081 -0.0376 0 30 0 0
0.5480 0.0081 -0.0376 0 30 0 0
0.5480 0.0081 -0.0376 0 30 0 0
0.5260 0.0078 -0.0362 0 30 0 0
0.5260 0.0078 -0.0362 0 30 0 0
0.5260 0.0078 -0.0362 0 30 0 0
0.5260 0.0078 -0.0362 0 30 0 0
0.5260 0.0078 -0.0362 0 30 0 0
0.5260 0.0078 -0.0362 0 30 0 0
0.5260 0.0078 -0.0362 0 30 0 0
0.5260 0.0078 -0.0362 0 30 0 0
0.5260 0.0078 -0.0362 0 30 0 0
0.5260 0.0078 -0.0362 0 30 0 0
0.5260 0.0078 -0.0362 0 30 0 0
0.5260 0.0078 -0.0362 0 30 0 0
0.5300 0.0076 -0.0365 0 30 0 0
0.5480 0.0073 -0.0368 0 30 0 0
0.5440 0.0072 -0.0382 0 30 0 0
0.5440 0.0072 -0.0382 0 30 0 0
0.5400 0.0069 -0.0383 0 30 0 0
0.5400 0.0069 -0.0383 0 30 0 0
0.5400 0.0069 -0.0383 0 30 0 0
0.5400 0.0069 -0.0383 0 30 0 0
0.5400 0.0069 -0.0383 0 30 0 0
0.5400 0.0069 -0.0383 0 30 0 0
0.5360 0.0065 -0.0330 0 30 0 0
0.5360 0.0065 -0.0330 0 30 0 0
0.5380 0.0062 -0.0301 0 30 0 0
0.5380 0.0062 -0.0301 0 30 0 0
0.5380 0.0062 -0.0301 0 30 0 0
0.5380 0.0062 -0.0301 0 30 0 0
0.5680 0.0060 -0.0290 0 30 0 0
0.5680 0.0060 -0.0290 0 30 0 0
0.5680 0.0060 -0.0290 0 30 0 0
0.5680 0.0060 -0.0290 0 30 0 0
0.5680 0.0060 -0.0290 0 30 0 0
0.5680 0.0060 -0.0290 0 30 0 0
0.5480 0.0063 -0.0328 0 30 0 0
0.5480 0.0063 -0.0328 0 30 0 0
0.5480 0.0063 -0.0328 0 30 0 0
0.5680 0.0069 -0.0298 0 30 0 0
0.5680 0.0069 -0.0298 0 30 0 0
0.5680 0.0069 -0.0298 0 30 0 0
0.5680 0.0069 -0.0298 0 30 0 0
0.5680 0.0071 -0.0291 0 30 0 0
0.5680 0.0071 -0.0291 0 30 0 0
0.5680 0.0071 -0.0291 0 30 0 0
0.5680 0.0071 -0.0291 0 30 0 0
0.5680 0.0071 -0.0291 0 30 0 0
0.5680 0.0068 -0.0296 0 30 0 0
0.5560 0.0068 -0.0296 0 30 0 0
0.5560 0.0068 -0.0296 0 30 0 0
0.5560 0.0068 -0.0296 0 30 0 0
0.5540 0.0064 -0.0291 0 30 0 0
0.5540 0.0064 -0.0291 0 30 0 0
0.5380 0.0061 -0.0304 0 30 0 0
0.5380 0.0061 -0.0304 0 30 0 0
0.5380 0.0061 -0.0304 0 30 0 0
0.5380 0.0061 -0.0304 0 30 0 0
0.5380 0.0061 -0.0304 0 30 0 0
0.5380 0.0061 -0.0304 0 30 0 0
0.5380 0.0061 -0.0304 0 30 0 0
0.5380 0.0061 -0.0304 0 30 0 0
0.5380 0.0061 -0.0304 0 30 0 0
0.5380 0.0061 -0.0304 0 30 0 0
0.5440 0.0061 -0.0350 0 30 0 0
0.5440 0.0064 -0.0374 0 30 0 0
0.5400 0.0064 -0.0374 0 30 0 0
0.5320 0.0069 -0.0384 0 30 0 0
0.5320 0.0069 -0.0384 0 30 0 0
0.5320 0.0069 -0.0384 0 30 0 0
0.5320 0.0069 -0.0384 0 30 0 0
0.5360 0.0076 -0.0373 0 30 0 0
0.5360 0.0076 -0.0373 0 30 0 0
0.5360 0.0076 -0.0373 0 30 0 0
0.5460 0.0081 -0.0328 0 30 0 0
0.5460 0.0081 -0.0328 0 30 0 0
0.5460 0.0081 -0.0328 0 30 0 0
0.5460 0.0081 -0.0328 0 30 0 0
0.5460 0.0081 -0.0328 0 30 0 0
0.5460 0.0081 -0.0328 0 30 0 0
0.5340 0.0085 -0.0337 0 30 0 0
0.5340 0.0085 -0.0337 0 30 0 0
0.5340 0.0085 -0.0337 0 30 0 0
0.5340 0.0085 -0.0337 0 30 0 0
0.5560 0.0083 -0.0385 0 30 0 0
0.5560 0.0083 -0.0385 0 30 0 0
0.5560 0.0083 -0.0385 0 30 0 0
0.5360 0.0082 -0.0373 0 30 0 0
0.5360 0.0082 -0.0373 0 30 0 0
0.5360 0.0082 -0.0373 0 30 0 0
0.5360 0.0082 -0.0373 0 30 0 0
0.5360 0.0082 -0.0373 0 30 0 0
0.5160 0.0084 -0.0350 0 30 0 0
0.5160 0.0084 -0.0350 0 30 0 0
0.5160 0.0084 -0.0350 0 30 0 0
0.5160 0.0084 -0.0350 0 30 0 0
0.5420 0.0084 -0.0361 0 30 0 0
0.5420 0.0084 -0.0361 0 30 0 0
0.5420 0.0080 -0.0366 0 30 0 0
0.5340 0.0080 -0.0366 0 30 0 0
0.5340 0.0080 -0.0366 0 30 0 0
0.5340 0.0080 -0.0366 0 30 0 0
0.5340 0.0080 -0.0366 0 30 0 0
0.5340 0.0080 -0.0366 0 30 0 0
0.5300 0.0072 -0.0376 0 30 0 0
0.5300 0.0072 -0.0376 0 30 0 0
0.5300 0.0072 -0.0376 0 0 0 0
0.5240 0.0067 -0.0323 0 30 0 0
0.5120 0.0072 -0.0342 0 30 0 0
0.5220 0.0075 -0.0352 0 30 0 0
0.5220 0.0073 -0.0369 0 30 0 0
0.5340 0.0071 -0.0377 0 30 0 0
0.5420 0.0072 -0.0354 0 30 0 0
0.5420 0.0072 -0.0354 0 30 0 0
0.5420 0.0072 -0.0354 0 30 0 0
0.5420 0.0072 -0.0354 0 30 0 0
0.5420 0.0074 -0.0367 0 30 0 0
0.5420 0.0074 -0.0367 0 30 0 0
0.5420 0.0074 -0.0367 0 30 0 0
0.5420 0.0074 -0.0367 0 30 0 0
0.5420 0.0074 -0.0367 0 30 0 0
0.5560 0.0077 -0.0372 0 30 0 0
0.5560 0.0077 -0.0372 0 30 0 0
0.5480 0.0081 -0.0330 0 30 0 0
0.5480 0.0081 -0.0330 0 30 0 0
0.5480 0.0081 -0.0330 0 30 0 0
0.5480 0.0081 -0.0330 0 30 0 0
0.5480 0.0081 -0.0330 0 30 0 0
0.5540 0.0085 -0.0333 0 30 0 0
0.5540 0.0085 -0.0333 0 30 0 0
0.5540 0.0085 -0.0333 0 30 0 0
0.5540 0.0085 -0.0333 0 30 0 0
0.5540 0.0085 -0.0333 0 30 0 0
0.5680 0.0087 -0.0356 0 30 0 0
0.5680 0.0087 -0.0356 0 30 0 0
0.5300 0.0089 -0.0352 0 30 0 0
0.5300 0.0089 -0.0352 0 30 0 0
0.5300 0.0089 -0.0352 0 30 0 0
0.5300 0.0089 -0.0352 0 30 0 0
0.5300 0.0089 -0.0352 0 30 0 0
0.5300 0.0089 -0.0352 0 30 0 0
0.5560 0.0091 -0.0315 0 30 0 0
0.5560 0.0091 -0.0315 0 30 0 0
0.5560 0.0091 -0.0315 0 0 0 0
0.5480 0.0072 -0.0335 30 0 0 0
0.5540 0.0070 -0.0357 30 0 0 0
0.5560 0.0069 -0.0371 30 0 0 0
0.5480 0.0070 -0.0277 30 0 0 0
0.5460 0.0077 0.0009 30 0 0 0
0.5320 0.0078 0.0236 30 0 0 0
0.5440 0.0077 0.0234 30 0 0 0
0.5300 0.0070 0.0463 30 0 0 0
0.5300 0.0070 0.0463 30 0 0 0
0.5300 0.0070 0.0463 30 0 0 0
0.5140 0.0063 0.0427 30 0 0 0
0.5140 0.0063 0.0427 30 0 0 0
0.5480 0.0060 0.0392 30 0 0 0
0.5480 0.0060 0.0392 30 0 0 0
0.5480 0.0060 0.0392 30 0 0 0
0.5480 0.0060 0.0392 30 0 0 0
0.5480 0.0060 0.0392 30 0 0 0
0.5480 0.0060 0.0392 30 0 0 0
0.5560 0.0060 0.0342 30 0 0 0
0.5560 0.0060 0.0342 30 0 0 0
0.5560 0.0060 0.0342 0 0 0 0
0.5400 0.0061 0.0315 30 0 0 0
0.5400 0.0061 0.0273 30 0 0 0
0.5520 0.0061 0.0231 30 0 0 0
0.5240 0.0062 0.0179 30 0 0 0
0.5240 0.0062 0.0179 30 0 0 0
0.5300 0.0065 0.0174 30 0 0 0
0.5300 0.0065 0.0174 30 0 0 0
0.5300 0.0065 0.0174 30 0 0 0
0.5300 0.0065 0.0174 30 0 0 0
0.5300 0.0071 0.0158 30 0 0 0
0.5300 0.0071 0.0158 30 0 0 0
0.5300 0.0071 0.0158 30 0 0 0
0.5300 0.0081 0.0157 30 0 0 0
0.5260 0.0081 0.0157 30 0 0 0
0.5260 0.0081 0.0157 30 0 0 0
0.5260 0.0081 0.0157 30 0 0 0
0.5420 0.0090 0.0118 30 0 0 0
0.5420 0.0090 0.0118 30 0 0 0
0.5420 0.0090 0.0118 30 0 0 0
0.5420 0.0090 0.0118 30 0 0 0
0.5220 0.0091 0.0120 30 0 0 0
0.5220 0.0091 0.0120 30 0 0 0
0.5220 0.0091 0.0120 30 0 0 0
0.5220 0.0091 0.0120 30 0 0 0
0.5500 0.0087 0.0131 30 0 0 0
0.5500 0.0087 0.0131 30 0 0 0
0.5500 0.0087 0.0131 30 0 0 0
0.5500 0.0087 0.0131 30 0 0 0
0.5500 0.0079 0.0147 30 0 0 0
0.5340 0.0079 0.0147 30 0 0 0
0.5340 0.0079 0.0147 30 0 0 0
0.5340 0.0079 0.0147 30 0 0 0
0.5360 0.0073 0.0140 30 0 0 0
0.5360 0.0073 0.0140 30 0 0 0
0.5360 0.0073 0.0140 30 0 0 0
0.5360 0.0073 0.0140 30 0 0 0
0.5360 0.0073 0.0140 30 0 0 0
0.5340 0.0066 0.0172 30 0 0 0
0.5340 0.0066 0.0172 30 0 0 0
0.5340 0.0066 0.0172 30 0 0 0
0.5340 0.0066 0.0172 30 0 0 0
0.5420 0.0062 0.0119 30 0 0 0
0.5420 0.0062 0.0119 30 0 0 0
0.5420 0.0062 0.0119 30 0 0 0
0.5360 0.0063 0.0124 30 0 0 0
0.5360 0.0063 0.0124 30 0 0 0
0.5360 0.0063 0.0124 30 0 0 0
0.5360 0.0063 0.0124 30 0 0 0
0.5340 0.0061 0.0138 30 0 0 0
0.5340 0.0061 0.0138 30 0 0 0
0.5340 0.0061 0.0138 30 0 0 0
0.5340 0.0058 0.0114 30 0 0 0
0.5360 0.0058 0.0114 30 0 0 0
0.5360 0.0058 0.0114 30 0 0 0
0.5360 0.0058 0.0114 30 0 0 0
0.5560 0.0054 0.0135 30 0 0 0
0.5560 0.0054 0.0135 30 0 0 0
0.5560 0.0054 0.0135 30 0 0 0
0.5560 0.0054 0.0135 30 0 0 0
0.5460 0.0049 0.0131 30 0 0 0
0.5460 0.0049 0.0131 30 0 0 0
0.5460 0.0049 0.0131 30 0 0 0
0.5460 0.0049 0.0131 30 0 0 0
0.5400 0.0048 0.0170 30 0 0 0
0.5400 0.0048 0.0170 30 0 0 0
0.5400 0.0048 0.0170 30 0 0 0
0.5400 0.0048 0.0170 30 0 0 0
0.5200 0.0049 0.0222 30 0 0 0
0.5200 0.0049 0.0222 30 0 0 0
0.5200 0.0049 0.0222 30 0 0 0
0.5200 0.0049 0.0222 30 0 0 0
0.5240 0.0049 0.0302 30 0 0 0
0.5240 0.0049 0.0302 30 0 0 0
0.5240 0.0049 0.0302 30 0 0 0
0.5240 0.0053 0.0335 30 0 0 0
0.5400 0.0053 0.0335 30 0 0 0
0.5400 0.0053 0.0335 30 0 0 0
0.5400 0.0053 0.0335 30 0 0 0
0.5400 0.0053 0.0335 30 0 0 0
0.5440 0.0055 0.0340 30 0 0 0
0.5440 0.0055 0.0340 30 0 0 0
0.5440 0.0055 0.0340 30 0 0 0
0.5440 0.0055 0.0340 0 0 0 0
0.5400 0.0066 0.0290 30 0 0 0
0.5180 0.0076 0.0276 30 0 0 0
0.5220 0.0081 0.0290 30 0 0 0
0.5280 0.0077 0.0342 30 0 0 0
0.5280 0.0073 0.0315 30 0 0 0
0.5360 0.0073 0.0265 30 0 0 0
0.5360 0.0073 0.0265 30 0 0 0
0.5360 0.0073 0.0265 30 0 0 0
0.5360 0.0073 0.0265 30 0 0 0
0.5360 0.0073 0.0265 30 0 0 0
0.5320 0.0075 0.0232 30 0 0 0
0.5320 0.0075 0.0232 30 0 0 0
0.5180 0.0079 0.0530 30 0 0 0
0.5180 0.0079 0.0530 30 0 0 0
0.5180 0.0079 0.0530 30 0 0 0
0.5280 0.0083 0.0550 30 0 0 0
0.5280 0.0083 0.0550 30 0 0 0
0.5280 0.0083 0.0550 30 0 0 0
0.5280 0.0083 0.0550 30 0 0 0
0.5280 0.0086 0.0566 30 0 0 0
0.5040 0.0086 0.0566 30 0 0 0
0.5040 0.0086 0.0566 30 0 0 0
0.5040 0.0086 0.0566 30 0 0 0
0.5040 0.0086 0.0566 0 0 0 0
0.5180 0.0063 0.0612 0 0 0 -30
0.5240 0.0057 0.0645 0 0 0 -30
0.5280 0.0073 0.0994 0 0 0 -30
0.5320 0.0073 0.0994 0 0 0 -30
0.5360 0.0075 0.1012 0 0 0 -30
0.5240 0.0079 0.1001 0 0 0 -30
0.5240 0.0079 0.1001 0 0 0 -30
0.5240 0.0079 0.1001 0 0 0 -30
0.5240 0.0079 0.1001 0 0 0 -30
0.5240 0.0079 0.1001 0 0 0 -30
0.5320 0.0083 0.0982 0 0 0 -30
0.5320 0.0083 0.0982 0 0 0 0
0.5280 0.0087 0.1001 0 0 0 -30
0.5100 0.0092 0.0956 0 0 0 -30
0.5100 0.0092 0.0956 0 0 0 -30
0.5120 0.0097 0.0901 0 0 0 -30
0.5120 0.0097 0.0901 0 0 0 -30
0.5120 0.0097 0.0901 0 0 0 -30
0.5220 0.0104 0.0861 0 0 0 0
0.5300 0.0111 0.0850 0 0 0 -30
0.5220 0.0116 0.0825 0 0 0 -30
0.5400 0.0119 0.5808 0 0 0 -30
0.5400 0.0119 0.5808 0 0 0 -30
0.5320 0.0133 0.5752 0 0 0 -30
0.5320 0.0133 0.5752 0 0 0 -30
0.5320 0.0133 0.5752 0 0 0 -30
0.5320 0.0141 0.5720 0 0 0 -30
0.5140 0.0141 0.5720 0 0 0 -30
0.5140 0.0141 0.5720 0 0 0 -30
0.5140 0.0141 0.5720 0 0 0 0
0.5280 0.0146 0.5700 0 0 0 -30
0.5340 0.0151 0.5762 0 0 0 -30
0.5320 0.0157 0.5741 0 0 0 -30
0.5220 0.0170 0.5720 0 0 0 -30
0.5220 0.0170 0.5720 0 0 0 -30
0.5220 0.0170 0.5720 0 0 0 -30
0.5220 0.0170 0.5720 0 0 0 -30
0.5260 0.0175 0.5676 0 0 0 -30
0.5260 0.0175 0.5676 0 0 0 0
0.5120 0.0171 0.5674 0 0 0 -30
0.5440 0.0166 0.5630 0 0 0 -30
0.5380 0.0162 0.5560 0 0 0 -30
0.5380 0.0162 0.5560 0 0 0 -30
0.5440 0.0162 0.5540 0 0 0 -30
0.5440 0.0162 0.5540 0 0 0 -30
0.5440 0.0162 0.5540 0 0 0 -30
0.5380 0.0160 0.5519 0 0 0 -30
0.5380 0.0160 0.5519 0 0 0 0
0.5200 0.0132 0.5513 30 0 0 0
0.5320 0.0129 0.5469 30 0 0 0
0.5280 0.0125 0.5437 30 0 0 0
0.5280 0.0125 0.5437 30 0 0 0
0.5420 0.0120 0.5407 30 0 0 0
0.5420 0.0120 0.5407 30 0 0 0
0.5420 0.0120 0.5407 30 0 0 0
0.5220 0.0100 0.5418 30 0 0 0
0.5220 0.0100 0.5418 30 0 0 0
0.5220 0.0086 0.5367 30 0 0 0
0.5420 0.0086 0.5367 30 0 0 0
0.5420 0.0086 0.5367 30 0 0 0
0.5420 0.0086 0.5367 30 0 0 0
0.5420 0.0086 0.5367 30 0 0 0
0.5300 0.0074 0.5326 30 0 0 0
0.5300 0.0074 0.5326 30 0 0 0
0.5300 0.0074 0.5326 30 0 0 0
0.5300 0.0074 0.5326 30 0 0 0
0.5280 0.0075 0.5317 30 0 0 0
0.5280 0.0075 0.5317 30 0 0 0
0.5280 0.0075 0.5317 30 0 0 0
0.5340 0.0081 0.5344 30 0 0 0
0.5340 0.0081 0.5344 30 0 0 0
0.5340 0.0081 0.5344 30 0 0 0
0.5340 0.0081 0.5344 30 0 0 0
0.5340 0.0081 0.5344 30 0 0 0
0.5340 0.0081 0.5344 30 0 0 0
0.5360 0.0090 0.5320 30 0 0 0
0.5360 0.0090 0.5320 30 0 0 0
0.5360 0.0090 0.5320 30 0 0 0
0.5360 0.0090 0.5320 30 0 0 0
0.5260 0.0090 0.5308 30 0 0 0
0.5260 0.0090 0.5308 30 0 0 0
0.5240 0.0085 0.5319 30 0 0 0
0.5240 0.0085 0.5319 0 0 0 0
0.5320 0.0060 0.5276 30 0 0 0
0.5420 0.0063 0.5364 30 0 0 0
0.5580 0.0064 0.5393 30 0 0 0
0.5580 0.0064 0.5393 30 0 0 0
0.5580 0.0064 0.5393 30 0 0 0
0.5200 0.0059 0.5445 30 0 0 0
0.5200 0.0059 0.5445 30 0 0 0
0.5200 0.0059 0.5445 30 0 0 0
0.5200 0.0059 0.5445 30 0 0 0
0.5200 0.0059 0.5445 30 0 0 0
0.5180 0.0053 0.5521 30 0 0 0
0.5180 0.0051 0.5518 30 0 0 0
0.5380 0.0051 0.5518 30 0 0 0
0.5380 0.0051 0.5518 30 0 0 0
0.5380 0.0051 0.5518 30 0 0 0
0.5380 0.0051 0.5518 30 0 0 0
0.5380 0.0051 0.5518 30 0 0 0
0.5380 0.0052 0.5477 30 0 0 0
0.5200 0.0052 0.5477 30 0 0 0
0.5200 0.0052 0.5477 30 0 0 0
0.5200 0.0052 0.5477 30 0 0 0
0.5200 0.0052 0.5477 30 0 0 0
0.5120 0.0054 0.5499 30 0 0 0
0.5120 0.0054 0.5499 30 0 0 0
0.5120 0.0054 0.5499 30 0 0 0
0.4960 0.0056 0.5510 30 0 0 0
0.4960 0.0056 0.5510 30 0 0 0
0.4960 0.0056 0.5510 30 0 0 0
0.4960 0.0056 0.5510 30 0 0 0
0.5180 0.0057 0.5500 30 0 0 0
0.5180 0.0057 0.5500 30 0 0 0
0.5180 0.0057 0.5500 30 0 0 0
0.5180 0.0057 0.5500 30 0 0 0
0.5060 0.0058 0.5521 30 0 0 0
0.5060 0.0058 0.5521 30 0 0 0
0.5060 0.0059 0.5550 30 0 0 0
0.5140 0.0059 0.5550 30 0 0 0
0.5140 0.0059 0.5550 30 0 0 0
0.5140 0.0059 0.5550 30 0 0 0
0.5140 0.0059 0.5550 30 0 0 0
0.5140 0.0059 0.5550 30 0 0 0
0.5100 0.0061 0.5556 30 0 0 0
0.5100 0.0061 0.5556 30 0 0 0
0.5100 0.0061 0.5556 30 0 0 0
0.5100 0.0061 0.5556 30 0 0 0
0.5200 0.0065 0.5539 30 0 0 0
0.5200 0.0065 0.5539 30 0 0 0
0.5140 0.0067 0.5517 30 0 0 0
0.5140 0.0067 0.5517 30 0 0 0
0.5140 0.0067 0.5517 30 0 0 0
0.5140 0.0067 0.5517 30 0 0 0
0.5140 0.0067 0.5517 30 0 0 0
0.5140 0.0067 0.5517 30 0 0 0
0.5280 0.0067 0.5500 30 0 0 0
0.5280 0.0067 0.5500 30 0 0 0
0.5280 0.0067 0.5500 30 0 0 0
0.5280 0.0067 0.5500 30 0 0 0
0.5320 0.0066 0.5488 30 0 0 0
0.5320 0.0066 0.5488 30 0 0 0
0.5320 0.0066 0.5488 30 0 0 0
0.5160 0.0068 0.5520 30 0 0 0
0.5160 0.0068 0.5520 30 0 0 0
0.5160 0.0068 0.5520 30 0 0 0
0.5160 0.0068 0.5520 30 0 0 0
0.5160 0.0068 0.5520 30 0 0 0
0.5100 0.0071 0.5503 30 0 0 0
0.5100 0.0071 0.5503 30 0 0 0
0.5100 0.0071 0.5503 30 0 0 0
0.5100 0.0071 0.5503 30 0 0 0
0.5240 0.0075 0.5502 30 0 0 0
0.5240 0.0075 0.5502 30 0 0 0
0.5340 0.0078 0.5485 0 0 0 0
0.5160 0.0059 0.5551 0 0 0 -30
0.5260 0.0059 0.5508 0 0 0 -30
0.5020 0.0068 0.5503 0 0 0 -30
0.5020 0.0088 0.5470 0 0 0 -30
0.5240 0.0088 0.5470 0 0 0 -30
0.5240 0.0088 0.5470 0 0 0 -30
0.5240 0.0088 0.5470 0 0 0 -30
0.5240 0.0088 0.5470 0 0 0 -30
0.5240 0.0088 0.5470 0 0 0 -30
0.5160 0.0103 0.5435 0 0 0 0
0.5180 0.0110 0.5411 0 0 0 -30
0.5220 0.0117 0.5420 0 0 0 -30
0.5120 0.0120 0.5397 0 0 0 -30
0.5120 0.0120 0.5397 0 0 0 -30
0.5120 0.0120 0.5397 0 0 0 -30
0.5120 0.0120 0.5397 0 0 0 -30
0.5120 0.0120 0.5397 0 0 0 -30
0.5320 0.0122 0.5388 0 0 0 -30
0.5320 0.0122 0.5388 0 0 0 -30
0.5320 0.0122 0.5388 0 0 0 -30
0.5320 0.0122 0.5388 0 0 0 0
0.5180 0.0128 0.5391 30 0 0 0
0.5500 0.0133 0.5411 30 0 0 0
0.5300 0.0134 0.5390 30 0 0 0
0.5340 0.0132 0.5415 30 0 0 0
0.5340 0.0130 0.5421 30 0 0 0
0.5340 0.0130 0.5347 30 0 0 0
0.5140 0.0130 0.5384 30 0 0 0
0.5140 0.0130 0.5384 30 0 0 0
0.5140 0.0130 0.5384 30 0 0 0
0.5280 0.0126 0.5384 30 0 0 0
0.5280 0.0126 0.5384 30 0 0 0
0.5280 0.0126 0.5384 30 0 0 0
0.5280 0.0126 0.5384 30 0 0 0
0.5340 0.0121 0.5356 30 0 0 0
0.5340 0.0121 0.5356 30 0 0 0
0.5340 0.0121 0.5356 30 0 0 0
0.5340 0.0121 0.5356 30 0 0 0
0.5260 0.0117 0.5355 30 0 0 0
0.5260 0.0117 0.5355 30 0 0 0
0.5260 0.0117 0.5355 30 0 0 0
0.5260 0.0117 0.5355 30 0 0 0
0.5460 0.0113 0.5367 30 0 0 0
0.5460 0.0113 0.5367 30 0 0 0
0.5460 0.0113 0.5367 30 0 0 0
0.5460 0.0113 0.5367 30 0 0 0
0.5140 0.0109 0.5345 0 0 0 0
0.5360 0.0103 0.5273 30 0 0 0
0.5460 0.0103 0.5273 30 0 0 0
0.5460 0.0103 0.5273 30 0 0 0
0.5460 0.0103 0.5273 30 0 0 0
0.5460 0.0103 0.5273 30 0 0 0
0.5460 0.0103 0.5273 30 0 0 0
0.5460 0.0103 0.5273 30 0 0 0
0.5460 0.0103 0.5273 30 0 0 0
0.5320 0.0099 0.5282 30 0 0 0
0.5320 0.0099 0.5282 30 0 0 0
0.5320 0.0099 0.5282 30 0 0 0
0.5200 0.0093 0.5322 30 0 0 0
0.5400 0.0084 0.5316 30 0 0 0
0.5360 0.0083 0.5316 30 0 0 0
0.5300 0.0090 0.5325 30 0 0 0
0.5300 0.0090 0.5325 30 0 0 0
0.5300 0.0090 0.5325 30 0 0 0
0.5300 0.0095 0.5342 30 0 0 0
0.5420 0.0095 0.5342 30 0 0 0
0.5420 0.0095 0.5342 30 0 0 0
0.5420 0.0095 0.5342 30 0 0 0
0.5420 0.0095 0.5342 30 0 0 0
0.5540 0.0098 0.5295 30 0 0 0
0.5540 0.0098 0.5295 30 0 0 0
0.5540 0.0098 0.5295 30 0 0 0
0.5540 0.0098 0.5295 30 0 0 0
0.5480 0.0103 0.5299 30 0 0 0
0.5480 0.0103 0.5299 30 0 0 0
0.5480 0.0103 0.5299 30 0 0 0
0.5480 0.0103 0.5299 30 0 0 0
0.5460 0.0113 0.5292 30 0 0 0
0.5460 0.0113 0.5292 30 0 0 0
0.5460 0.0113 0.5292 30 0 0 0
0.5460 0.0113 0.5292 30 0 0 0
0.5240 0.0123 0.5317 30 0 0 0
0.5240 0.0123 0.5317 30 0 0 0
0.5240 0.0123 0.5317 30 0 0 0
0.5240 0.0123 0.5317 30 0 0 0
0.5340 0.0126 0.5311 30 0 0 0
0.5340 0.0126 0.5311 30 0 0 0
0.5340 0.0126 0.5311 30 0 0 0
0.5340 0.0126 0.5311 30 0 0 0
0.5360 0.0123 0.5320 30 0 0 0
0.5360 0.0123 0.5320 30 0 0 0
0.5360 0.0123 0.5320 30 0 0 0
0.5360 0.0123 0.5320 30 0 0 0
0.5380 0.0118 0.5326 30 0 0 0
0.5380 0.0118 0.5326 30 0 0 0
0.5380 0.0118 0.5326 30 0 0 0
0.5380 0.0118 0.5326 30 0 0 0
0.5380 0.0118 0.5326 30 0 0 0
0.5600 0.0115 0.5355 30 0 0 0
0.5600 0.0115 0.5355 30 0 0 0
0.5600 0.0115 0.5355 30 0 0 0
0.5760 0.0112 0.0808 30 0 0 0
0.5760 0.0112 0.0808 30 0 0 0
0.5760 0.0112 0.0808 30 0 0 0
0.5760 0.0112 0.0808 30 0 0 0
0.5760 0.0112 0.0808 30 0 0 0
0.5760 0.0112 0.0808 30 0 0 0
0.5760 0.0112 0.0808 30 0 0 0
0.5760 0.0112 0.0808 30 0 0 0
0.5760 0.0112 0.0808 30 0 0 0
0.5760 0.0112 0.0808 30 0 0 0
0.5760 0.0112 0.0808 30 0 0 0
0.5760 0.0112 0.0808 30 0 0 0
0.5540 0.0112 0.0795 30 0 0 0
0.5520 0.0112 0.0777 30 0 0 0
0.5300 0.0112 0.0757 30 0 0 0
0.5300 0.0112 0.0757 30 0 0 0
0.5300 0.0112 0.0757 30 0 0 0
0.5360 0.0111 0.0757 30 0 0 0
0.5360 0.0111 0.0757 30 0 0 0
0.5360 0.0111 0.0757 30 0 0 0
0.5480 0.0110 0.0753 30 0 0 0
0.5480 0.0110 0.0753 30 0 0 0
0.5480 0.0110 0.0753 30 0 0 0
0.5480 0.0110 0.0753 30 0 0 0
0.5440 0.0104 0.0761 30 0 0 0
0.5440 0.0104 0.0761 30 0 0 0
0.5440 0.0104 0.0761 30 0 0 0
0.5440 0.0104 0.0761 30 0 0 0
0.5440 0.0104 0.0761 30 0 0 0
0.5240 0.0099 0.0736 30 0 0 0
0.5240 0.0099 0.0736 30 0 0 0
0.5240 0.0099 0.0736 30 0 0 0
0.5240 0.0099 0.0736 30 0 0 0
0.5480 0.0095 0.0770 30 0 0 0
0.5480 0.0095 0.0770 30 0 0 0
0.5480 0.0095 0.0770 30 0 0 0
0.5440 0.0091 0.0728 30 0 0 0
0.5440 0.0091 0.0728 30 0 0 0
0.5440 0.0091 0.0728 30 0 0 0
0.5440 0.0091 0.0728 30 0 0 0
0.5320 0.0092 0.0749 30 0 0 0
0.5320 0.0092 0.0749 30 0 0 0
0.5320 0.0092 0.0749 30 0 0 0
0.5320 0.0092 0.0749 30 0 0 0
0.5440 0.0094 0.0777 30 0 0 0
0.5440 0.0094 0.0777 30 0 0 0
0.5440 0.0094 0.0777 30 0 0 0
0.5440 0.0094 0.0777 30 0 0 0
0.5520 0.0098 0.0772 30 0 0 0
0.5520 0.0098 0.0772 30 0 0 0
0.5520 0.0098 0.0772 30 0 0 0
0.5520 0.0098 0.0772 30 0 0 0
0.5520 0.0098 0.0772 30 0 0 0
0.5420 0.0102 0.0751 30 0 0 0
0.5420 0.0102 0.0751 30 0 0 0
0.5420 0.0102 0.0751 0 0 0 0
0.5340 0.0105 0.0790 0 0 0 -30
0.5440 0.0104 0.0783 0 0 0 -30
0.5440 0.0104 0.0783 0 0 0 -30
0.5660 0.0102 0.0802 0 0 0 -30
0.5340 0.0103 0.0843 0 0 0 -30
0.5340 0.0103 0.0843 0 0 0 -30
0.5340 0.0103 0.0843 0 0 0 -30
0.5440 0.0102 0.0835 0 0 0 -30
0.5440 0.0102 0.0835 0 0 0 -30
0.5440 0.0102 0.0835 0 0 0 -30
0.5440 0.0102 0.0835 0 0 0 -30
0.5440 0.0102 0.0835 0 0 0 -30
0.5440 0.0097 0.0821 0 0 0 -30
0.5460 0.0097 0.0821 0 0 0 0
0.5500 0.0094 0.0813 0 0 0 -30
0.5400 0.0101 0.0823 0 0 0 -30
0.5340 0.0112 0.0773 0 0 0 -30
0.5340 0.0112 0.0773 0 0 0 -30
0.5580 0.0117 0.0776 0 0 0 -30
0.5580 0.0117 0.0776 0 0 0 -30
0.5580 0.0117 0.0776 0 0 0 -30
0.5580 0.0117 0.0776 0 0 0 0
0.5720 0.0117 0.0756 0 0 0 -30
0.5700 0.0114 0.0768 0 0 0 -30
0.5360 0.0113 0.0751 0 0 0 -30
0.5360 0.0113 0.0751 0 0 0 -30
0.5360 0.0113 0.0751 0 0 0 -30
0.5360 0.0119 0.0748 0 0 0 -30
0.5460 0.0119 0.0748 0 0 0 -30
0.5460 0.0119 0.0748 0 0 0 -30
0.5460 0.0119 0.0748 0 0 0 -30
0.5460 0.0116 0.0788 0 0 0 -30
0.5460 0.0116 0.0788 0 0 0 0
0.5460 0.0116 0.0788 0 0 0 -30
0.5440 0.0103 0.0749 0 0 0 -30
0.5580 0.0103 0.0749 0 0 0 -30
0.5420 0.0102 0.0692 0 0 0 -30
0.5580 0.0104 0.0619 0 0 0 -30
0.5580 0.0104 0.0619 0 0 0 -30
0.5580 0.0104 0.0619 0 0 0 0
0.5280 0.0105 0.0576 0 0 0 -30
0.5280 0.0105 0.0576 0 0 0 -30
0.5360 0.0104 0.0615 0 0 0 -30
0.5360 0.0098 0.0577 0 0 0 -30
0.5500 0.0098 0.0577 0 0 0 -30
0.5500 0.0098 0.0577 0 0 0 -30
0.5500 0.0090 0.0565 0 0 0 -30
0.5380 0.0090 0.0565 0 0 0 -30
0.5380 0.0090 0.0565 0 0 0 -30
0.5380 0.0090 0.0565 0 0 0 -30
0.5380 0.0090 0.0565 0 0 0 -30
0.5380 0.0090 0.0565 0 0 0 0
0.5380 0.0090 0.0565 0 0 0 -30
0.5520 0.0058 0.0563 0 0 0 -30
0.5440 0.0054 0.0548 0 0 0 -30
0.5280 0.0053 0.4298 0 0 0 -30
0.5280 0.0053 0.4298 0 0 0 -30
0.5280 0.0053 0.4298 0 0 0 -30
0.5280 0.0053 0.4298 0 0 0 -30
0.5280 0.0053 0.4298 0 0 0 -30
0.5460 0.0049 0.4281 0 0 0 -30
0.5460 0.0049 0.4281 0 0 0 -30
0.5460 0.0049 0.4281 0 0 0 -30
0.5460 0.0049 0.4281 0 0 0 0
0.5160 0.0042 0.4293 0 0 0 -30
0.5160 0.0042 0.4293 0 0 0 -30
0.5160 0.0037 0.4326 0 0 0 -30
0.5280 0.0037 0.4326 0 0 0 -30
0.5280 0.0037 0.4326 0 0 0 -30
0.5280 0.0037 0.4326 0 0 0 -30
0.5540 0.0040 0.4306 0 0 0 -30
0.5540 0.0040 0.4306 0 0 0 -30
0.5400 0.0049 0.4258 0 0 0 -30
0.5400 0.0049 0.4258 0 0 0 -30
0.5400 0.0049 0.4258 0 0 0 0
0.5440 0.0057 0.4275 30 0 0 0
0.5260 0.0059 0.4161 30 0 0 0
0.5480 0.0059 0.4161 30 0 0 0
0.5480 0.0059 0.4161 30 0 0 0
0.5440 0.0056 0.4060 30 0 0 0
0.5440 0.0056 0.4060 30 0 0 0
0.5440 0.0051 0.4047 30 0 0 0
0.5460 0.0051 0.4047 30 0 0 0
0.5460 0.0051 0.4047 30 0 0 0
0.5460 0.0051 0.4047 30 0 0 0
0.5460 0.0051 0.4047 30 0 0 0
0.5180 0.0049 0.4047 30 0 0 0
0.5180 0.0049 0.4047 30 0 0 0
0.5180 0.0049 0.4047 30 0 0 0
0.5180 0.0049 0.4047 30 0 0 0
0.5180 0.0049 0.4047 30 0 0 0
0.5440 0.0051 0.4065 30 0 0 0
0.5440 0.0051 0.4065 30 0 0 0
0.5440 0.0051 0.4065 30 0 0 0
0.5440 0.0051 0.4065 30 0 0 0
0.5360 0.0053 0.4028 30 0 0 0
0.5360 0.0053 0.4028 30 0 0 0
0.5360 0.0053 0.4028 30 0 0 0
0.5320 0.0054 0.4000 30 0 0 0
0.5320 0.0054 0.4000 30 0 0 0
0.5320 0.0054 0.4000 30 0 0 0
0.5320 0.0054 0.4000 30 0 0 0
0.5320 0.0054 0.4000 30 0 0 0
0.5320 0.0054 0.4000 30 0 0 0
0.5420 0.0055 0.4021 30 0 0 0
0.5420 0.0055 0.4021 30 0 0 0
0.5480 0.0063 0.4048 30 0 0 0
0.5480 0.0063 0.4048 30 0 0 0
0.5480 0.0063 0.4048 30 0 0 0
0.5480 0.0063 0.4048 30 0 0 0
0.5300 0.0070 0.4072 30 0 0 0
0.5300 0.0070 0.4072 30 0 0 0
0.5300 0.0070 0.4072 30 0 0 0
0.5300 0.0070 0.4072 30 0 0 0
0.5300 0.0070 0.4072 30 0 0 0
0.5300 0.0070 0.4072 30 0 0 0
0.5320 0.0073 -0.0482 0 0 0 0
0.5400 0.0053 -0.0416 30 0 0 0
0.5360 0.0054 -0.0376 30 0 0 0
0.5700 0.0055 -0.0372 30 0 0 0
0.5440 0.0057 -0.0403 30 0 0 0
0.5440 0.0057 -0.0403 30 0 0 0
0.5440 0.0057 -0.0403 30 0 0 0
0.5440 0.0057 -0.0403 30 0 0 0
0.5440 0.0057 -0.0403 30 0 0 0
0.5440 0.0059 -0.0379 30 0 0 0
0.5440 0.0059 -0.0379 30 0 0 0
0.5440 0.0059 -0.0379 30 0 0 0
0.5440 0.0059 -0.0379 30 0 0 0
0.5440 0.0061 -0.0400 30 0 0 0
0.5280 0.0061 -0.0400 30 0 0 0
0.5280 0.0061 -0.0400 30 0 0 0
0.5480 0.0065 -0.0413 30 0 0 0
0.5480 0.0065 -0.0413 30 0 0 0
0.5480 0.0065 -0.0413 30 0 0 0
0.5480 0.0065 -0.0413 30 0 0 0
0.5480 0.0065 -0.0413 30 0 0 0
0.5180 0.0066 -0.0409 30 0 0 0
0.5180 0.0066 -0.0409 30 0 0 0
0.5180 0.0066 -0.0409 30 0 0 0
0.5180 0.0066 -0.0409 30 0 0 0
0.5180 0.0066 -0.0409 30 0 0 0
0.5260 0.0068 -0.0416 30 0 0 0
0.5260 0.0068 -0.0416 30 0 0 0
0.5260 0.0068 -0.0416 30 0 0 0
0.5240 0.0070 -0.0438 30 0 0 0
0.5240 0.0070 -0.0438 30 0 0 0
0.5240 0.0070 -0.0438 30 0 0 0
0.5240 0.0070 -0.0438 30 0 0 0
0.5240 0.0070 -0.0438 30 0 0 0
0.5380 0.0071 -0.0483 30 0 0 0
0.5380 0.0071 -0.0483 30 0 0 0
0.5380 0.0071 -0.0483 30 0 0 0
0.5380 0.0071 -0.0483 30 0 0 0
0.5260 0.0071 -0.0484 30 0 0 0
0.5260 0.0071 -0.0484 30 0 0 0
0.5080 0.0073 -0.0493 30 0 0 0
0.5080 0.0073 -0.0493 30 0 0 0
0.5080 0.0073 -0.0493 30 0 0 0
0.5080 0.0073 -0.0493 30 0 0 0
0.5080 0.0073 -0.0493 30 0 0 0
0.5080 0.0073 -0.0493 30 0 0 0
0.5080 0.0074 -0.0514 30 0 0 0
0.5220 0.0074 -0.0514 30 0 0 0
0.5220 0.0074 -0.0514 30 0 0 0
0.5220 0.0074 -0.0514 30 0 0 0
0.5020 0.0076 -0.0547 30 0 0 0
0.5020 0.0076 -0.0547 30 0 0 0
0.5020 0.0076 -0.0547 30 0 0 0
0.5020 0.0076 -0.0547 30 0 0 0
0.5140 0.0075 -0.0562 30 0 0 0
0.5140 0.0075 -0.0562 30 0 0 0
0.5140 0.0075 -0.0562 30 0 0 0
0.5140 0.0073 -0.0557 30 0 0 0
0.5180 0.0073 -0.0557 30 0 0 0
0.5180 0.0073 -0.0557 30 0 0 0
0.5180 0.0073 -0.0557 30 0 0 0
0.5180 0.0073 -0.0557 30 0 0 0
0.5180 0.0073 -0.0557 30 0 0 0
0.5280 0.0075 -0.0589 30 0 0 0
0.5280 0.0075 -0.0589 30 0 0 0
0.5280 0.0077 -0.0610 30 0 0 0
0.5180 0.0077 -0.0610 30 0 0 0
0.5180 0.0077 -0.0610 30 0 0 0
0.5180 0.0077 -0.0610 30 0 0 0
0.5180 0.0075 -0.0558 30 0 0 0
0.5320 0.0075 -0.0558 30 0 0 0
0.5320 0.0075 -0.0558 30 0 0 0
0.5320 0.0075 -0.0558 30 0 0 0
0.5320 0.0075 -0.0558 30 0 0 0
0.5360 0.0071 -0.0532 30 0 0 0
0.5360 0.0071 -0.0532 30 0 0 0
0.5360 0.0071 -0.0532 30 0 0 0
0.5360 0.0067 -0.0514 30 0 0 0
0.5180 0.0067 -0.0514 30 0 0 0
0.5180 0.0067 -0.0514 30 0 0 0
0.5180 0.0067 -0.0514 30 0 0 0
0.5180 0.0067 -0.0514 30 0 0 0
0.5240 0.0070 -0.0534 30 0 0 0
0.5240 0.0070 -0.0534 30 0 0 0
0.5240 0.0070 -0.0534 30 0 0 0
0.5240 0.0070 -0.0534 30 0 0 0
0.5320 0.0073 -0.0508 30 0 0 0
0.5320 0.0073 -0.0508 30 0 0 0
0.5320 0.0073 -0.0508 30 0 0 0
0.5160 0.0077 -0.0472 30 0 0 0
0.5160 0.0077 -0.0472 30 0 0 0
0.5160 0.0077 -0.0472 30 0 0 0
0.5160 0.0077 -0.0472 30 0 0 0
0.5160 0.0077 -0.0472 30 0 0 0
0.5100 0.0077 -0.0499 30 0 0 0
0.5100 0.0077 -0.0499 30 0 0 0
0.5100 0.0077 -0.0499 30 0 0 0
0.5100 0.0077 -0.0499 30 0 0 0
0.4900 0.0079 -0.0516 30 0 0 0
0.4900 0.0079 -0.0516 30 0 0 0
0.4900 0.0079 -0.0516 30 0 0 0
0.5080 0.0077 -0.0586 30 0 0 0
0.5080 0.0077 -0.0586 30 0 0 0
0.5080 0.0077 -0.0586 30 0 0 0
0.5080 0.0077 -0.0586 30 0 0 0
0.5080 0.0077 -0.0586 30 0 0 0
0.5320 0.0074 -0.0619 30 0 0 0
0.5320 0.0074 -0.0619 30 0 0 0
0.5320 0.0074 -0.0619 0 0 0 0
0.5420 0.0164 -0.0806 30 0 0 0
0.5560 0.0164 -0.0806 30 0 0 0
0.5140 0.0170 -0.0802 30 0 0 0
0.5320 0.0166 -0.0816 30 0 0 0
0.5220 0.0158 -0.0812 30 0 0 0
0.5220 0.0152 -0.0814 30 0 0 0
0.5080 0.0141 -0.0863 30 0 0 0
0.5080 0.0141 -0.0863 30 0 0 0
0.5080 0.0141 -0.0863 30 0 0 0
0.5080 0.0141 -0.0863 30 0 0 0
0.5360 0.0127 -0.1016 30 0 0 0
0.5360 0.0127 -0.1016 30 0 0 0
0.5360 0.0127 -0.1016 30 0 0 0
0.5360 0.0109 -0.1019 30 0 0 0
0.5360 0.0109 -0.1019 30 0 0 0
0.5360 0.0109 -0.1019 30 0 0 0
0.5360 0.0109 -0.1019 30 0 0 0
0.5360 0.0109 -0.1019 30 0 0 0
0.5380 0.0091 -0.1137 30 0 0 0
0.5380 0.0091 -0.1137 30 0 0 0
0.5380 0.0091 -0.1137 30 0 0 0
0.5380 0.0091 -0.1137 30 0 0 0
0.5380 0.0091 -0.1137 30 0 0 0
0.5360 0.0087 -0.1182 30 0 0 0
0.5360 0.0087 -0.1182 30 0 0 0
0.5360 0.0087 -0.1182 30 0 0 0
0.5520 0.0086 -0.1284 30 0 0 0
0.5520 0.0086 -0.1284 30 0 0 0
0.5520 0.0086 -0.1284 30 0 0 0
0.5520 0.0086 -0.1284 30 0 0 0
0.5520 0.0086 -0.1284 30 0 0 0
0.5580 0.0087 -0.1282 30 0 0 0
0.5580 0.0087 -0.1282 30 0 0 0
0.5580 0.0087 -0.1282 30 0 0 0
0.5580 0.0087 -0.1282 30 0 0 0
0.5400 0.0087 -0.1361 30 0 0 0
0.5400 0.0087 -0.1361 30 0 0 0
0.5400 0.0087 -0.1361 30 0 0 0
0.5400 0.0087 -0.1361 30 0 0 0
0.5400 0.0087 -0.1361 30 0 0 0
0.5280 0.0089 -0.1359 30 0 0 0
0.5280 0.0089 -0.1359 30 0 0 0
0.5280 0.0089 -0.1359 30 0 0 0
0.5280 0.0089 -0.1359 30 0 0 0
0.5160 0.0086 -0.1311 30 0 0 0
0.5160 0.0086 -0.1311 30 0 0 0
0.5160 0.0086 -0.1311 30 0 0 0
0.5160 0.0086 -0.1311 30 0 0 0
0.5260 0.0085 -0.1300 30 0 0 0
0.5260 0.0085 -0.1300 30 0 0 0
0.5260 0.0085 -0.1300 30 0 0 0
0.5260 0.0085 -0.1300 30 0 0 0
0.5380 0.0085 -0.1277 30 0 0 0
0.5380 0.0085 -0.1277 30 0 0 0
0.5380 0.0085 -0.1277 30 0 0 0
0.5380 0.0085 -0.1277 30 0 0 0
0.5140 0.0086 -0.1281 30 0 0 0
0.5140 0.0086 -0.1281 30 0 0 0
0.5140 0.0086 -0.1281 30 0 0 0
0.5140 0.0086 -0.1281 30 0 0 0
0.5140 0.0086 -0.1281 30 0 0 0
0.5140 0.0086 -0.1266 30 0 0 0
0.5140 0.0086 -0.1266 30 0 0 0
0.5140 0.0086 -0.1266 30 0 0 0
0.5140 0.0086 -0.1266 30 0 0 0
0.5220 0.0081 -0.1220 30 0 0 0
0.5220 0.0081 -0.1220 30 0 0 0
0.5220 0.0081 -0.1220 30 0 0 0
0.5220 0.0081 -0.1220 30 0 0 0
0.5220 0.0081 -0.1220 30 0 0 0
0.5220 0.0081 -0.1220 30 0 0 0
0.5220 0.0081 -0.1220 30 0 0 0
0.5220 0.0081 -0.1220 30 0 0 0
0.5360 0.0078 -0.1177 30 0 0 0
0.5200 0.0076 -0.1127 30 0 0 0
0.5200 0.0076 -0.1127 30 0 0 0
0.5200 0.0076 -0.1127 30 0 0 0
0.5260 0.0074 -0.1106 30 0 0 0
0.5260 0.0074 -0.1106 30 0 0 0
0.5260 0.0074 -0.1106 30 0 0 0
0.5260 0.0074 -0.1106 30 0 0 0
0.5260 0.0074 -0.1066 30 0 0 0
0.5160 0.0074 -0.1066 30 0 0 0
0.5160 0.0074 -0.1066 30 0 0 0
0.5160 0.0074 -0.1066 30 0 0 0
0.5160 0.0074 -0.1066 30 0 0 0
0.5240 0.0073 -0.1041 30 0 0 0
0.5240 0.0073 -0.1041 30 0 0 0
0.5240 0.0073 -0.1041 30 0 0 0
0.5240 0.0073 -0.1041 30 0 0 0
0.5260 0.0074 -0.0991 30 0 0 0
0.5260 0.0074 -0.0991 30 0 0 0
0.5260 0.0074 -0.0991 30 0 0 0
0.5260 0.0074 -0.0991 30 0 0 0
0.5200 0.0075 -0.0943 30 0 0 0
0.5200 0.0075 -0.0943 30 0 0 0
0.5200 0.0075 -0.0943 30 0 0 0
0.5200 0.0075 -0.0943 30 0 0 0
0.5200 0.0075 -0.0943 30 0 0 0
0.5220 0.0077 -0.0935 30 0 0 0
0.5220 0.0077 -0.0935 30 0 0 0
0.5220 0.0077 -0.0935 30 0 0 0
0.5220 0.0077 -0.0935 30 0 0 0
0.5100 0.0075 -0.0869 30 0 0 0
0.5100 0.0075 -0.0869 30 0 0 0
0.5100 0.0075 -0.0869 30 0 0 0
0.5100 0.0075 -0.0869 30 0 0 0
0.5260 0.0075 -0.0863 30 0 0 0
0.5260 0.0075 -0.0863 30 0 0 0
0.5260 0.0075 -0.0863 30 0 0 0
0.5260 0.0075 -0.0863 30 0 0 0
0.5260 0.0072 -0.0804 30 0 0 0
0.5260 0.0072 -0.0804 30 0 0 0
0.5260 0.0072 -0.0804 30 0 0 0
0.5260 0.0072 -0.0804 30 0 0 0
0.5260 0.0073 -0.0783 30 0 0 0
0.5260 0.0073 -0.0783 30 0 0 0
0.5260 0.0073 -0.0783 30 0 0 0
0.5260 0.0073 -0.0783 30 0 0 0
0.5240 0.0070 -0.0776 30 0 0 0
0.5240 0.0070 -0.0776 30 0 0 0
0.5240 0.0070 -0.0776 30 0 0 0
0.5240 0.0070 -0.0776 30 0 0 0
0.5320 0.0065 -0.0782 30 0 0 0
0.5320 0.0065 -0.0782 30 0 0 0
0.5320 0.0065 -0.0782 30 0 0 0
0.5320 0.0065 -0.0782 30 0 0 0
0.5140 0.0062 -0.0780 30 0 0 0
0.5140 0.0062 -0.0780 30 0 0 0
0.5140 0.0062 -0.0780 0 0 0 0
0.5140 0.0065 -0.0772 0 30 0 0
0.5220 0.0063 -0.0766 0 30 0 0
0.5260 0.0078 -0.0771 0 30 0 0
0.5200 0.0099 -0.0743 0 30 0 0
0.5440 0.0109 -0.0734 0 30 0 0
0.5440 0.0109 -0.0734 0 30 0 0
0.5440 0.0109 -0.0734 0 30 0 0
0.5440 0.0109 -0.0734 0 30 0 0
0.5280 0.0110 -0.0709 0 30 0 0
0.5280 0.0110 -0.0709 0 30 0 0
0.5280 0.0110 -0.0709 0 30 0 0
0.5280 0.0107 -0.0705 0 30 0 0
0.5260 0.0107 -0.0705 0 30 0 0
0.5260 0.0107 -0.0705 0 30 0 0
0.5260 0.0107 -0.0705 0 30 0 0
0.5500 0.0106 -0.0664 0 30 0 0
0.5500 0.0106 -0.0664 0 30 0 0
0.5500 0.0106 -0.0664 0 30 0 0
0.5500 0.0106 -0.0664 0 30 0 0
0.5320 0.0101 -0.0656 0 30 0 0
0.5320 0.0101 -0.0656 0 30 0 0
0.5320 0.0101 -0.0656 0 30 0 0
0.5320 0.0101 -0.0656 0 30 0 0
0.5320 0.0087 -0.0596 0 30 0 0
0.5320 0.0087 -0.0596 0 30 0 0
0.5320 0.0087 -0.0596 0 30 0 0
0.5320 0.0087 -0.0596 0 30 0 0
0.5320 0.0087 -0.0596 0 30 0 0
0.5500 0.0080 -0.0592 0 30 0 0
0.5500 0.0080 -0.0592 0 30 0 0
0.5500 0.0080 -0.0592 0 30 0 0
0.5500 0.0080 -0.0592 0 30 0 0
0.5500 0.0080 -0.0592 0 30 0 0
0.5500 0.0080 -0.0592 0 30 0 0
0.5500 0.0080 -0.0592 0 30 0 0
0.5500 0.0080 -0.0592 0 30 0 0
0.5500 0.0080 -0.0592 0 30 0 0
0.5360 0.0076 -0.0501 0 30 0 0
0.5360 0.0076 -0.0501 0 30 0 0
0.5360 0.0076 -0.0501 0 30 0 0
0.5400 0.0074 -0.0457 0 30 0 0
0.5320 0.0073 -0.0455 0 30 0 0
0.5320 0.0073 -0.0455 0 30 0 0
0.5320 0.0073 -0.0455 0 30 0 0
0.5160 0.0073 -0.0467 0 30 0 0
0.5160 0.0073 -0.0467 0 30 0 0
0.5160 0.0073 -0.0467 0 30 0 0
0.5160 0.0073 -0.0467 0 30 0 0
0.5200 0.0071 -0.0441 0 30 0 0
0.5200 0.0071 -0.0441 0 30 0 0
0.5200 0.0071 -0.0441 0 30 0 0
0.5200 0.0071 -0.0441 0 30 0 0
0.5200 0.0071 -0.0441 0 30 0 0
0.5460 0.0071 -0.0436 0 0 0 0
0.5420 0.0083 -0.0504 0 30 0 0
0.5340 0.0083 -0.0504 0 30 0 0
0.5440 0.0103 -0.0506 0 30 0 0
0.5520 0.0118 -0.0508 0 30 0 0
0.5500 0.0128 -0.0499 0 30 0 0
0.5500 0.0128 -0.0499 0 30 0 0
0.5400 0.0137 -0.0494 0 30 0 0
0.5400 0.0137 -0.0494 0 30 0 0
0.5400 0.0144 -0.0505 0 30 0 0
0.5460 0.0144 -0.0505 0 30 0 0
0.5460 0.0144 -0.0505 0 30 0 0
0.5460 0.0144 -0.0505 0 30 0 0
0.5460 0.0144 -0.0505 0 30 0 0
0.5460 0.0148 -0.0520 0 30 0 0
0.5460 0.0148 -0.0520 0 30 0 0
0.5460 0.0148 -0.0520 0 30 0 0
0.5460 0.0148 -0.0520 0 30 0 0
0.5460 0.0148 -0.0520 0 30 0 0
0.5460 0.0148 -0.0520 0 30 0 0
0.5360 0.0145 -0.0508 0 30 0 0
0.5360 0.0145 -0.0508 0 30 0 0
0.5360 0.0132 -0.0507 0 30 0 0
0.5440 0.0132 -0.0507 0 30 0 0
0.5440 0.0132 -0.0507 0 30 0 0
0.5440 0.0132 -0.0507 0 30 0 0
0.5440 0.0132 -0.0507 0 30 0 0
0.5380 0.0111 -0.0504 0 30 0 0
0.5380 0.0111 -0.0504 0 30 0 0
0.5380 0.0111 -0.0504 0 30 0 0
0.5380 0.0111 -0.0504 0 30 0 0
0.5380 0.0111 -0.0504 0 30 0 0
0.5320 0.0090 -0.0497 0 30 0 0
0.5320 0.0090 -0.0497 0 30 0 0
0.5380 0.0078 -0.0517 0 30 0 0
0.5380 0.0078 -0.0517 0 30 0 0
0.5380 0.0078 -0.0517 0 30 0 0
0.5380 0.0078 -0.0517 0 30 0 0
0.5380 0.0078 -0.0517 0 30 0 0
0.5420 0.0072 -0.0507 0 30 0 0
0.5420 0.0072 -0.0507 0 30 0 0
0.5420 0.0072 -0.0507 0 30 0 0
0.5420 0.0072 -0.0507 0 30 0 0
0.5420 0.0072 -0.0507 0 30 0 0
0.5420 0.0072 -0.0507 0 30 0 0
0.5260 0.0071 -0.0521 0 30 0 0
0.5260 0.0071 -0.0521 0 30 0 0
0.5260 0.0073 -0.0532 0 30 0 0
0.5260 0.0073 -0.0532 0 30 0 0
0.5260 0.0073 -0.0532 0 30 0 0
0.5260 0.0073 -0.0532 0 30 0 0
0.5280 0.0081 -0.0521 0 30 0 0
0.5280 0.0081 -0.0521 0 30 0 0
0.5280 0.0081 -0.0521 0 30 0 0
0.5280 0.0081 -0.0521 0 30 0 0
0.5280 0.0081 -0.0521 0 0 0 0
0.5520 0.0149 -0.0512 30 0 0 0
0.5320 0.0142 -0.0485 30 0 0 0
0.5480 0.0134 -0.0486 30 0 0 0
0.5380 0.0124 -0.0494 30 0 0 0
0.5380 0.0119 -0.0514 30 0 0 0
0.5620 0.0118 -0.0535 30 0 0 0
0.5620 0.0118 -0.0535 30 0 0 0
0.5620 0.0118 -0.0535 30 0 0 0
0.5620 0.0118 -0.0535 30 0 0 0
0.5620 0.0118 -0.0535 30 0 0 0
0.5620 0.0118 -0.0535 30 0 0 0
0.5620 0.0118 -0.0535 30 0 0 0
0.5420 0.0120 -0.0539 30 0 0 0
0.5420 0.0120 -0.0539 30 0 0 0
0.5420 0.0120 -0.0539 30 0 0 0
0.5420 0.0120 -0.0539 30 0 0 0
0.5420 0.0120 -0.0539 30 0 0 0
0.5340 0.0121 -0.0556 30 0 0 0
0.5340 0.0121 -0.0556 30 0 0 0
0.5340 0.0121 -0.0556 30 0 0 0
0.5340 0.0121 -0.0556 30 0 0 0
0.5340 0.0120 -0.0570 30 0 0 0
0.5340 0.0120 -0.0570 30 0 0 0
0.5320 0.0116 -0.0585 30 0 0 0
0.5320 0.0116 -0.0585 30 0 0 0
0.5440 0.0112 -0.0586 30 0 0 0
0.5440 0.0112 -0.0586 30 0 0 0
0.5440 0.0112 -0.0586 30 0 0 0
0.5440 0.0112 -0.0586 30 0 0 0
0.5440 0.0112 -0.0586 30 0 0 0
0.5440 0.0112 -0.0586 30 0 0 0
0.5440 0.0112 -0.0586 30 0 0 0
0.5440 0.0112 -0.0586 30 0 0 0
0.5440 0.0112 -0.0586 30 0 0 0
0.5440 0.0112 -0.0586 30 0 0 0
0.5440 0.0112 -0.0586 30 0 0 0
0.5440 0.0112 -0.0586 30 0 0 0
0.5320 0.0112 -0.0609 30 0 0 0
0.5380 0.0111 -0.0589 0 0 0 0
0.5560 0.0102 -0.0585 30 0 0 0
0.5360 0.0102 -0.0585 30 0 0 0
0.5000 0.0093 -0.0604 30 0 0 0
0.5000 0.0080 -0.0632 30 0 0 0
0.5520 0.0071 -0.0616 30 0 0 0
0.5420 0.0069 -0.0593 30 0 0 0
0.5420 0.0069 -0.0593 30 0 0 0
0.5420 0.0069 -0.0593 30 0 0 0
0.5420 0.0069 -0.0593 30 0 0 0
0.5320 0.0069 -0.0532 30 0 0 0
0.5320 0.0069 -0.0532 30 0 0 0
0.5400 0.0070 -0.0527 30 0 0 0
0.5400 0.0070 -0.0527 30 0 0 0
0.5400 0.0070 -0.0527 30 0 0 0
0.5400 0.0070 -0.0527 30 0 0 0
0.5400 0.0070 -0.0527 30 0 0 0
0.5180 0.0072 -0.0525 30 0 0 0
0.5180 0.0072 -0.0525 30 0 0 0
0.5180 0.0072 -0.0525 30 0 0 0
0.5180 0.0072 -0.0525 30 0 0 0
0.5180 0.0072 -0.0525 30 0 0 0
0.5540 0.0073 -0.0501 30 0 0 0
0.5540 0.0073 -0.0501 30 0 0 0
0.5360 0.0072 -0.0503 30 0 0 0
0.5360 0.0072 -0.0503 30 0 0 0
0.5360 0.0072 -0.0503 30 0 0 0
0.5360 0.0072 -0.0503 30 0 0 0
0.5360 0.0072 -0.0503 30 0 0 0
0.5360 0.0072 -0.0503 30 0 0 0
0.5440 0.0072 -0.0507 30 0 0 0
0.5440 0.0072 -0.0507 30 0 0 0
0.5440 0.0072 -0.0507 30 0 0 0
0.5440 0.0072 -0.0507 30 0 0 0
0.5460 0.0074 -0.0468 30 0 0 0
0.5460 0.0074 -0.0468 30 0 0 0
0.5460 0.0074 -0.0468 30 0 0 0
0.5420 0.0075 -0.0451 30 0 0 0
0.5420 0.0075 -0.0451 30 0 0 0
0.5420 0.0075 -0.0451 30 0 0 0
0.5420 0.0075 -0.0451 30 0 0 0
0.5420 0.0075 -0.0451 30 0 0 0
0.5140 0.0075 -0.0447 30 0 0 0
0.5140 0.0075 -0.0447 30 0 0 0
0.5140 0.0075 -0.0447 30 0 0 0
0.5140 0.0075 -0.0447 30 0 0 0
0.5140 0.0075 -0.0447 30 0 0 0
0.5400 0.0070 -0.0470 30 0 0 0
0.5400 0.0070 -0.0470 30 0 0 0
0.5400 0.0070 -0.0470 30 0 0 0
0.5320 0.0062 -0.0496 30 0 0 0
0.5320 0.0062 -0.0496 30 0 0 0
0.5320 0.0062 -0.0496 30 0 0 0
0.5320 0.0062 -0.0496 30 0 0 0
0.5320 0.0062 -0.0496 30 0 0 0
0.5560 0.0057 -0.0526 30 0 0 0
0.5560 0.0057 -0.0526 30 0 0 0
0.5560 0.0057 -0.0526 30 0 0 0
0.5560 0.0057 -0.0526 30 0 0 0
0.5440 0.0055 -0.0541 30 0 0 0
0.5440 0.0055 -0.0541 30 0 0 0
0.5440 0.0057 -0.0490 30 0 0 0
0.5440 0.0057 -0.0490 30 0 0 0
0.5440 0.0057 -0.0490 30 0 0 0
0.5440 0.0057 -0.0490 30 0 0 0
0.5440 0.0057 -0.0490 30 0 0 0
0.5440 0.0057 -0.0490 30 0 0 0
0.5440 0.0076 -0.0488 30 0 0 0
0.5460 0.0076 -0.0488 30 0 0 0
0.5460 0.0076 -0.0488 30 0 0 0
0.5460 0.0076 -0.0488 30 0 0 0
0.5460 0.0076 -0.0488 30 0 0 0
0.5580 0.0091 -0.0485 30 0 0 0
0.5580 0.0091 -0.0485 30 0 0 0
0.5580 0.0091 -0.0485 30 0 0 0
0.5480 0.0107 -0.0490 30 0 0 0
0.5480 0.0107 -0.0490 30 0 0 0
0.5480 0.0107 -0.0490 30 0 0 0
0.5480 0.0107 -0.0490 30 0 0 0
0.5480 0.0107 -0.0490 30 0 0 0
0.5400 0.0119 -0.0529 30 0 0 0
0.5400 0.0119 -0.0529 30 0 0 0
0.5400 0.0119 -0.0529 30 0 0 0
0.5400 0.0119 -0.0529 30 0 0 0
0.5300 0.0120 -0.0525 30 0 0 0
0.5300 0.0120 -0.0525 30 0 0 0
0.5300 0.0120 -0.0525 30 0 0 0
0.5320 0.0115 -0.0515 30 0 0 0
0.5320 0.0115 -0.0515 30 0 0 0
0.5320 0.0115 -0.0515 30 0 0 0
0.5320 0.0115 -0.0515 30 0 0 0
0.5320 0.0115 -0.0515 30 0 0 0
0.5440 0.0101 -0.0489 30 0 0 0
0.5440 0.0101 -0.0489 30 0 0 0
0.5440 0.0101 -0.0489 30 0 0 0
0.5440 0.0101 -0.0489 30 0 0 0
0.5440 0.0101 -0.0489 30 0 0 0
0.5540 0.0089 -0.0511 30 0 0 0
0.5540 0.0089 -0.0511 30 0 0 0
0.5540 0.0089 -0.0511 30 0 0 0
0.5480 0.0084 -0.0506 30 0 0 0
0.5480 0.0084 -0.0506 30 0 0 0
0.5480 0.0084 -0.0506 30 0 0 0
0.5480 0.0084 -0.0506 30 0 0 0
0.5480 0.0084 -0.0506 30 0 0 0
0.5740 0.0080 -0.0544 30 0 0 0
0.5740 0.0080 -0.0544 30 0 0 0
0.5740 0.0080 -0.0544 30 0 0 0
0.5740 0.0080 -0.0544 30 0 0 0
0.5440 0.0081 -0.0541 30 0 0 0
0.5440 0.0081 -0.0541 30 0 0 0
0.5440 0.0081 -0.0541 30 0 0 0
0.5440 0.0081 -0.0541 30 0 0 0
0.5540 0.0082 -0.0580 30 0 0 0
0.5540 0.0082 -0.0580 30 0 0 0
0.5540 0.0082 -0.0580 30 0 0 0
0.5540 0.0082 -0.0580 30 0 0 0
0.5560 0.0087 -0.0620 30 0 0 0
0.5560 0.0087 -0.0620 30 0 0 0
0.5560 0.0087 -0.0620 30 0 0 0
0.5560 0.0087 -0.0620 30 0 0 0
0.5560 0.0087 -0.0620 30 0 0 0
0.5480 0.0094 -0.0677 30 0 0 0
0.5480 0.0094 -0.0677 30 0 0 0
0.5480 0.0094 -0.0677 30 0 0 0
0.5500 0.0101 -0.0657 30 0 0 0
0.5500 0.0101 -0.0657 30 0 0 0
0.5500 0.0101 -0.0657 30 0 0 0
0.5500 0.0101 -0.0657 30 0 0 0
0.5160 0.0106 -0.0682 30 0 0 0
0.5160 0.0106 -0.0682 30 0 0 0
0.5160 0.0106 -0.0682 30 0 0 0
0.5160 0.0106 -0.0682 30 0 0 0
0.5160 0.0106 -0.0682 30 0 0 0
0.5200 0.0113 -0.0678 30 0 0 0
0.5200 0.0113 -0.0678 30 0 0 0
0.5200 0.0113 -0.0678 30 0 0 0
0.5340 0.0121 -0.0711 30 0 0 0
0.5340 0.0121 -0.0711 30 0 0 0
0.5340 0.0121 -0.0711 30 0 0 0
0.5340 0.0121 -0.0711 30 0 0 0
0.5340 0.0121 -0.0711 30 0 0 0
0.5340 0.0121 -0.0711 30 0 0 0
0.5380 0.0131 -0.0669 30 0 0 0
0.5380 0.0131 -0.0669 30 0 0 0
0.5380 0.0131 -0.0669 30 0 0 0
0.5380 0.0131 -0.0669 30 0 0 0
0.5320 0.0136 -0.0684 30 0 0 0
0.5320 0.0136 -0.0684 30 0 0 0
0.5380 0.0135 -0.0666 30 0 0 0
0.5380 0.0135 -0.0666 30 0 0 0
0.5380 0.0135 -0.0666 30 0 0 0
0.5380 0.0135 -0.0666 30 0 0 0
0.5380 0.0135 -0.0666 30 0 0 0
0.5380 0.0135 -0.0666 30 0 0 0
0.5320 0.0128 -0.0462 30 0 0 0
0.5320 0.0128 -0.0462 30 0 0 0
0.5320 0.0128 -0.0462 30 0 0 0
0.5400 0.0122 -0.0416 30 0 0 0
0.5400 0.0122 -0.0416 30 0 0 0
0.5400 0.0122 -0.0416 30 0 0 0
0.5400 0.0122 -0.0416 30 0 0 0
0.5580 0.0117 -0.0182 30 0 0 0
0.5580 0.0117 -0.0182 30 0 0 0
0.5580 0.0117 -0.0182 30 0 0 0
0.5580 0.0117 -0.0182 30 0 0 0
0.5580 0.0117 -0.0182 30 0 0 0
0.5440 0.0113 -0.0179 30 0 0 0
0.5440 0.0113 -0.0179 30 0 0 0
0.5440 0.0113 -0.0179 30 0 0 0
0.5440 0.0113 -0.0179 30 0 0 0
0.5360 0.0114 0.0015 30 0 0 0
0.5360 0.0114 0.0015 30 0 0 0
0.5360 0.0114 0.0015 30 0 0 0
0.5380 0.0116 -0.0005 30 0 0 0
0.5380 0.0116 -0.0005 30 0 0 0
0.5380 0.0116 -0.0005 0 0 0 0
0.5380 0.0116 -0.0005 0 0 0 30
0.5320 0.0122 -0.0062 0 0 0 30
0.5100 0.0120 -0.0095 0 0 0 30
0.5100 0.0120 -0.0095 0 0 0 30
0.5100 0.0120 -0.0095 0 0 0 30
0.5420 0.0122 -0.0083 0 0 0 30
0.5420 0.0122 -0.0083 0 0 0 30
0.5420 0.0122 -0.0083 0 0 0 30
0.5420 0.0122 -0.0083 0 0 0 0
0.5420 0.0133 -0.0093 0 0 0 30
0.5500 0.0151 -0.0091 0 0 0 30
0.5480 0.0151 -0.0091 0 0 0 30
0.5380 0.0165 -0.0097 0 0 0 30
0.5380 0.0165 -0.0097 0 0 0 30
0.5380 0.0165 -0.0097 0 0 0 30
0.5520 0.0164 -0.0084 0 0 0 30
0.5520 0.0164 -0.0084 0 0 0 0
0.5220 0.0147 -0.0088 0 0 0 30
0.5040 0.0145 0.0058 0 0 0 30
0.5420 0.0133 0.0105 0 0 0 30
0.5420 0.0121 0.0293 0 0 0 0
0.5300 0.0105 0.0461 30 0 0 0
0.5440 0.0098 0.0545 30 0 0 0
0.5420 0.0083 0.0599 30 0 0 0
0.5400 0.0077 0.0595 30 0 0 0
0.5400 0.0077 0.0595 30 0 0 0
0.5400 0.0077 0.0595 30 0 0 0
0.5380 0.0069 0.0625 30 0 0 0
0.5380 0.0069 0.0625 30 0 0 0
0.5380 0.0069 0.0625 30 0 0 0
0.5380 0.0069 0.0625 30 0 0 0
0.5380 0.0069 0.0625 30 0 0 0
0.5380 0.0064 0.0589 30 0 0 0
0.5480 0.0064 0.0589 30 0 0 0
0.5480 0.0064 0.0589 30 0 0 0
0.5480 0.0061 0.0641 30 0 0 0
0.5480 0.0061 0.0641 30 0 0 0
0.5480 0.0061 0.0641 30 0 0 0
0.5480 0.0061 0.0641 30 0 0 0
0.5380 0.0059 0.0621 30 0 0 0
0.5380 0.0059 0.0621 30 0 0 0
0.5380 0.0059 0.0621 30 0 0 0
0.5380 0.0059 0.0621 30 0 0 0
0.5340 0.0059 0.0582 30 0 0 0
0.5340 0.0059 0.0582 30 0 0 0
0.5340 0.0059 0.0582 30 0 0 0
0.5340 0.0059 0.0582 30 0 0 0
0.5160 0.0060 0.0566 30 0 0 0
0.5160 0.0060 0.0566 30 0 0 0
0.5160 0.0060 0.0566 30 0 0 0
0.5300 0.0064 0.0515 30 0 0 0
0.5300 0.0064 0.0515 30 0 0 0
0.5300 0.0064 0.0515 30 0 0 0
0.5300 0.0064 0.0515 30 0 0 0
0.5300 0.0064 0.0515 30 0 0 0
0.5300 0.0066 0.0480 30 0 0 0
0.5560 0.0066 0.0480 0 0 0 0
0.5560 0.0078 0.0222 0 0 0 -30
0.5200 0.0074 0.0211 0 0 0 -30
0.5340 0.0070 0.0214 0 0 0 -30
0.5420 0.0069 0.0250 0 0 0 -30
0.5320 0.0070 0.0249 0 0 0 -30
0.5340 0.0073 0.0237 0 0 0 0
0.5220 0.0075 0.0294 0 0 0 -30
0.5340 0.0072 0.0258 0 0 0 -30
0.5340 0.0072 0.0258 0 0 0 -30
0.5260 0.0071 0.0214 0 0 0 -30
0.5260 0.0071 0.0214 0 0 0 -30
0.5260 0.0071 0.0214 0 0 0 -30
0.5260 0.0071 0.0214 0 0 0 0
0.5440 0.0073 0.0228 0 0 0 -30
0.5500 0.0071 0.0203 0 0 0 -30
0.5500 0.0071 0.0177 0 0 0 -30
0.5500 0.0073 0.0161 0 0 0 -30
0.5560 0.0073 0.0161 0 0 0 -30
0.5560 0.0073 0.0161 0 0 0 -30
0.5560 0.0073 0.0161 0 0 0 0
0.5400 0.0072 0.0126 0 0 0 -30
0.5220 0.0076 0.0133 0 0 0 -30
0.5420 0.0083 0.0103 0 0 0 -30
0.5340 0.0086 0.0114 0 0 0 -30
0.5480 0.0081 0.0016 0 0 0 -30
0.5460 0.0070 0.0048 0 0 0 0
0.5340 0.0109 -0.0077 30 0 0 0
0.5140 0.0105 -0.0095 30 0 0 0
0.5480 0.0106 -0.0114 30 0 0 0
0.5260 0.0108 -0.0131 30 0 0 0
0.5480 0.0112 -0.0135 30 0 0 0
0.5340 0.0112 -0.0245 30 0 0 0
0.5340 0.0112 -0.0245 30 0 0 0
0.5280 0.0110 -0.0230 30 0 0 0
0.5280 0.0110 -0.0230 30 0 0 0
0.5280 0.0110 -0.0230 30 0 0 0
0.5280 0.0110 -0.0230 30 0 0 0
0.5280 0.0110 -0.0230 30 0 0 0
0.5240 0.0107 -0.0251 30 0 0 0
0.5240 0.0107 -0.0251 30 0 0 0
0.5240 0.0107 -0.0251 30 0 0 0
0.5240 0.0107 -0.0251 30 0 0 0
0.5240 0.0107 -0.0251 30 0 0 0
0.5240 0.0107 -0.0251 30 0 0 0
0.5240 0.0107 -0.0251 30 0 0 0
0.5240 0.0107 -0.0251 30 0 0 0
0.5240 0.0107 -0.0251 30 0 0 0
0.5240 0.0107 -0.0251 30 0 0 0
0.5240 0.0107 -0.0251 30 0 0 0
0.5400 0.0104 -0.0291 30 0 0 0
0.5400 0.0104 -0.0291 30 0 0 0
0.5400 0.0104 -0.0291 30 0 0 0
0.5400 0.0104 -0.0291 30 0 0 0
0.5360 0.0103 -0.0319 30 0 0 0
0.5160 0.0100 -0.0315 30 0 0 0
0.5160 0.0100 -0.0315 30 0 0 0
0.5240 0.0095 -0.0266 30 0 0 0
0.5240 0.0095 -0.0266 30 0 0 0
0.5360 0.0093 -0.0284 30 0 0 0
0.5360 0.0093 -0.0284 30 0 0 0
0.5360 0.0093 -0.0284 30 0 0 0
0.5360 0.0093 -0.0284 30 0 0 0
0.5360 0.0093 -0.0284 30 0 0 0
0.5160 0.0094 -0.0309 0 0 0 0
0.5360 0.0100 -0.0319 30 0 0 0
0.5380 0.0103 -0.0337 30 0 0 0
0.5500 0.0107 -0.0369 30 0 0 0
0.5480 0.0102 -0.0362 30 0 0 0
0.5480 0.0102 -0.0362 30 0 0 0
0.5480 0.0102 -0.0362 30 0 0 0
0.5460 0.0088 -0.0352 30 0 0 0
0.5460 0.0088 -0.0352 30 0 0 0
0.5460 0.0088 -0.0352 30 0 0 0
0.5460 0.0088 -0.0352 30 0 0 0
0.5420 0.0066 -0.0337 30 0 0 0
0.5420 0.0066 -0.0337 30 0 0 0
0.5420 0.0066 -0.0337 30 0 0 0
0.5380 0.0058 -0.0324 30 0 0 0
0.5380 0.0058 -0.0324 30 0 0 0
0.5380 0.0058 -0.0324 30 0 0 0
0.5380 0.0058 -0.0324 30 0 0 0
0.5540 0.0054 -0.0345 30 0 0 0
0.5540 0.0054 -0.0345 30 0 0 0
0.5540 0.0054 -0.0345 30 0 0 0
0.5540 0.0054 -0.0345 30 0 0 0
0.5540 0.0054 -0.0345 30 0 0 0
0.5540 0.0054 -0.0345 30 0 0 0
0.5540 0.0054 -0.0345 30 0 0 0
0.5540 0.0056 -0.0289 30 0 0 0
0.5300 0.0056 -0.0289 30 0 0 0
0.5300 0.0056 -0.0289 30 0 0 0
0.5300 0.0056 -0.0289 30 0 0 0
0.5300 0.0056 -0.0289 30 0 0 0
0.5400 0.0060 -0.0315 30 0 0 0
0.5240 0.0063 -0.0306 30 0 0 0
0.5240 0.0063 -0.0306 30 0 0 0
0.5240 0.0063 -0.0306 30 0 0 0
0.5240 0.0063 -0.0306 30 0 0 0
0.5480 0.0063 -0.0339 30 0 0 0
0.5480 0.0063 -0.0339 30 0 0 0
0.5280 0.0067 -0.0324 30 0 0 0
0.5280 0.0067 -0.0324 30 0 0 0
0.5280 0.0067 -0.0324 30 0 0 0
0.5280 0.0067 -0.0324 30 0 0 0
0.5280 0.0067 -0.0324 0 0 0 0
0.5520 0.0050 0.3593 30 0 0 0
0.5380 0.0046 -0.0531 30 0 0 0
0.5400 0.0048 -0.0540 30 0 0 0
0.5260 0.0055 -0.0534 30 0 0 0
0.5480 0.0056 -0.0557 30 0 0 0
0.5520 0.0059 -0.0531 30 0 0 0
0.5520 0.0059 -0.0531 30 0 0 0
0.5520 0.0065 -0.0540 30 0 0 0
0.5540 0.0065 -0.0540 30 0 0 0
0.5540 0.0065 -0.0540 30 0 0 0
0.5540 0.0065 -0.0540 30 0 0 0
0.5400 0.0074 -0.0514 30 0 0 0
0.5400 0.0074 -0.0514 30 0 0 0
0.5400 0.0074 -0.0514 30 0 0 0
0.5400 0.0074 -0.0514 30 0 0 0
0.5660 0.0078 -0.0505 30 0 0 0
0.5660 0.0078 -0.0505 30 0 0 0
0.5660 0.0078 -0.0505 30 0 0 0
0.5660 0.0078 -0.0505 30 0 0 0
0.5380 0.0078 -0.0516 0 0 0 0
0.5440 0.0094 0.3420 30 0 0 0
0.5560 0.0107 0.3424 30 0 0 0
0.5560 0.0117 0.3435 30 0 0 0
0.5440 0.0128 0.3416 30 0 0 0
0.5440 0.0127 0.3415 30 0 0 0
0.5440 0.0109 0.3419 30 0 0 0
0.5440 0.0103 0.3419 30 0 0 0
0.5440 0.0103 0.3419 30 0 0 0
0.5480 0.0101 0.3417 30 0 0 0
0.5480 0.0101 0.3417 30 0 0 0
0.5480 0.0101 0.3417 30 0 0 0
0.5340 0.0105 0.3410 30 0 0 0
0.5340 0.0105 0.3410 30 0 0 0
0.5340 0.0105 0.3410 30 0 0 0
0.5340 0.0105 0.3410 30 0 0 0
0.5340 0.0105 0.3410 30 0 0 0
0.5340 0.0105 0.3410 0 0 0 0
0.5300 0.0069 0.3467 0 0 -30 0
0.5260 0.0076 0.3455 0 0 -30 0
0.5040 0.0062 0.3466 0 0 -30 0
0.5040 0.0062 0.3466 0 0 -30 0
0.5120 0.0059 0.3448 0 0 -30 0
0.5120 0.0059 0.3448 0 0 -30 0
0.5300 0.0060 0.3458 0 0 -30 0
0.5280 0.0063 0.3464 0 0 -30 0
0.5180 0.0068 0.3498 0 0 0 0
0.5180 0.0091 -0.1397 30 0 0 0
0.5120 0.0091 -0.1397 30 0 0 0
0.5140 0.0092 -0.1365 30 0 0 0
0.5280 0.0095 -0.1361 30 0 0 0
0.5040 0.0097 -0.1331 30 0 0 0
0.5080 0.0092 -0.1395 30 0 0 0
0.4980 0.0089 -0.1411 30 0 0 0
0.5000 0.0090 -0.1410 30 0 0 0
0.5000 0.0090 -0.1410 30 0 0 0
0.5000 0.0090 -0.1410 30 0 0 0
0.5000 0.0090 -0.1410 30 0 0 0
0.5000 0.0093 -0.1423 30 0 0 0
0.5080 0.0093 -0.1423 30 0 0 0
0.5080 0.0093 -0.1423 30 0 0 0
0.5040 0.0095 -0.1433 30 0 0 0
0.5040 0.0095 -0.1433 30 0 0 0
0.5040 0.0095 -0.1433 30 0 0 0
0.5040 0.0095 -0.1433 30 0 0 0
0.5320 0.0094 -0.1433 30 0 0 0
0.5320 0.0094 -0.1433 30 0 0 0
0.5320 0.0094 -0.1433 0 0 0 0
0.5460 0.0090 -0.1430 30 0 0 0
0.5320 0.0086 -0.1417 30 0 0 0
0.5180 0.0086 -0.1417 30 0 0 0
0.5320 0.0085 -0.1408 30 0 0 0
0.5200 0.0082 -0.1405 30 0 0 0
0.5200 0.0082 -0.1405 30 0 0 0
0.5200 0.0078 -0.1420 30 0 0 0
0.5000 0.0078 -0.1420 30 0 0 0
0.5000 0.0078 -0.1420 30 0 0 0
0.5260 0.0078 -0.1417 30 0 0 0
0.5260 0.0078 -0.1417 30 0 0 0
0.5260 0.0078 -0.1417 30 0 0 0
0.5260 0.0078 -0.1417 30 0 0 0
0.5140 0.0077 -0.1403 30 0 0 0
0.5140 0.0077 -0.1403 30 0 0 0
0.5140 0.0077 -0.1403 30 0 0 0
0.5140 0.0077 -0.1403 30 0 0 0
0.5140 0.0077 -0.1403 30 0 0 0
0.5140 0.0077 -0.1403 30 0 0 0
0.5040 0.0077 -0.1399 30 0 0 0
0.5040 0.0077 -0.1399 30 0 0 0
0.5040 0.0077 -0.1399 30 0 0 0
0.5000 0.0077 -0.1414 30 0 0 0
0.5000 0.0077 -0.1414 30 0 0 0
0.5000 0.0077 -0.1414 30 0 0 0
0.5000 0.0077 -0.1414 30 0 0 0
0.5240 0.0075 -0.1413 30 0 0 0
0.5240 0.0075 -0.1413 30 0 0 0
0.5240 0.0075 -0.1413 30 0 0 0
0.5240 0.0075 -0.1413 30 0 0 0
0.5240 0.0075 -0.1413 30 0 0 0
0.5160 0.0070 -0.1418 30 0 0 0
0.5160 0.0070 -0.1418 30 0 0 0
0.5160 0.0070 -0.1418 30 0 0 0
0.5180 0.0069 -0.1426 30 0 0 0
0.5180 0.0069 -0.1426 30 0 0 0
0.5180 0.0069 -0.1426 30 0 0 0
0.5180 0.0069 -0.1426 30 0 0 0
0.5220 0.0069 -0.1428 30 0 0 0
0.5220 0.0069 -0.1428 30 0 0 0
0.5220 0.0069 -0.1428 30 0 0 0
0.5220 0.0069 -0.1428 30 0 0 0
0.5220 0.0069 -0.1428 30 0 0 0
0.5000 0.0070 -0.1408 30 0 0 0
0.5000 0.0070 -0.1408 30 0 0 0
0.5120 0.0071 -0.1395 30 0 0 0
0.5120 0.0071 -0.1395 30 0 0 0
0.5120 0.0071 -0.1395 30 0 0 0
0.5120 0.0071 -0.1395 30 0 0 0
0.5240 0.0073 -0.1395 30 0 0 0
0.5240 0.0073 -0.1395 30 0 0 0
0.5240 0.0073 -0.1395 30 0 0 0
0.5240 0.0073 -0.1395 30 0 0 0
0.5240 0.0073 -0.1395 30 0 0 0
0.5240 0.0073 -0.1395 30 0 0 0
0.4880 0.0075 -0.1398 30 0 0 0
0.4880 0.0075 -0.1398 30 0 0 0
0.4880 0.0075 -0.1398 30 0 0 0
0.5080 0.0076 -0.1393 30 0 0 0
0.5080 0.0076 -0.1393 30 0 0 0
0.5080 0.0076 -0.1393 30 0 0 0
0.5080 0.0076 -0.1393 30 0 0 0
0.5080 0.0078 -0.1398 30 0 0 0
0.5240 0.0078 -0.1398 30 0 0 0
0.5240 0.0078 -0.1398 30 0 0 0
0.5240 0.0078 -0.1398 30 0 0 0
0.5240 0.0078 -0.1398 30 0 0 0
0.5240 0.0078 -0.1398 30 0 0 0
0.4920 0.0086 -0.1416 30 0 0 0
0.4920 0.0086 -0.1416 30 0 0 0
0.4920 0.0086 -0.1416 30 0 0 0
0.4920 0.0086 -0.1416 30 0 0 0
0.4920 0.0086 -0.1416 0 0 0 0
0.4980 0.0116 -0.1515 30 0 0 0
0.4980 0.0116 -0.1515 30 0 0 0
0.4760 0.0116 -0.1517 30 0 0 0
0.4960 0.0118 -0.1517 30 0 0 0
0.5220 0.0119 -0.1498 30 0 0 0
0.5120 0.0105 -0.1519 30 0 0 0
0.5160 0.0100 -0.1503 30 0 0 0
0.5180 0.0096 -0.1491 30 0 0 0
0.5180 0.0096 -0.1491 30 0 0 0
0.5180 0.0096 -0.1491 30 0 0 0
0.5180 0.0096 -0.1491 30 0 0 0
0.5460 0.0093 -0.1478 30 0 0 0
0.5460 0.0093 -0.1478 30 0 0 0
0.5460 0.0093 -0.1478 0 0 0 0
0.5280 0.0091 -0.1470 0 0 0 30
0.5280 0.0086 -0.1507 0 0 0 30
0.5140 0.0085 -0.1528 0 0 0 30
0.5140 0.0084 -0.1521 0 0 0 30
0.5140 0.0082 -0.1525 0 0 0 0
0.5220 0.0085 -0.1500 0 0 0 30
0.5220 0.0085 -0.1486 0 0 0 30
0.5360 0.0085 -0.1500 0 0 0 30
0.5400 0.0087 -0.1501 0 0 0 0
0.5300 0.0090 -0.1432 0 0 0 30
0.5220 0.0089 -0.1443 0 0 0 30
0.5200 0.0089 -0.1447 0 0 0 30
0.5000 0.0090 -0.1397 0 0 0 0
0.5060 0.0092 -0.1220 0 0 0 30
0.4900 0.0091 -0.1211 0 0 0 30
0.5060 0.0090 -0.1188 0 0 0 30
0.5120 0.0089 0.2940 0 0 0 30
0.5040 0.0091 0.2963 0 0 0 30
0.5040 0.0091 0.2963 0 0 0 30
0.5140 0.0092 0.2975 0 0 0 0
0.5200 0.0089 0.2985 0 0 0 30
0.5220 0.0087 0.2990 0 0 0 30
0.5160 0.0087 0.3007 0 0 0 30
0.5040 0.0089 0.2999 0 0 0 0
0.5120 0.0077 0.2998 0 0 0 30
0.5080 0.0077 0.2981 0 0 0 0
0.5180 0.0076 -0.1177 30 0 0 0
0.5160 0.0076 -0.1177 30 0 0 0
0.5160 0.0076 -0.1177 30 0 0 0
0.5160 0.0078 -0.1135 30 0 0 0
0.5200 0.0078 -0.1135 30 0 0 0
0.5200 0.0081 -0.1161 30 0 0 0
0.5220 0.0081 -0.1161 30 0 0 0
0.5200 0.0083 -0.1199 30 0 0 0
0.5280 0.0084 -0.1251 30 0 0 0
0.5100 0.0088 -0.1264 30 0 0 0
0.5140 0.0091 -0.1208 30 0 0 0
0.5120 0.0096 -0.1229 30 0 0 0
0.5120 0.0096 -0.1229 30 0 0 0
0.5160 0.0099 -0.1252 30 0 0 0
0.5160 0.0099 -0.1252 30 0 0 0
0.5160 0.0099 -0.1252 0 0 0 0
0.5400 0.0137 -0.1155 30 0 0 0
0.5080 0.0137 -0.1155 30 0 0 0
0.5080 0.0156 -0.1213 30 0 0 0
0.4980 0.0168 -0.1180 30 0 0 0
0.4980 0.0184 -0.1211 30 0 0 0
0.5180 0.0184 -0.1211 30 0 0 0
0.5140 0.0204 -0.1290 30 0 0 0
0.5140 0.0204 -0.1290 30 0 0 0
0.5220 0.0203 0.2937 30 0 0 0
0.5000 0.0198 0.2941 30 0 0 0
0.5000 0.0198 0.2941 30 0 0 0
0.5000 0.0198 0.2941 30 0 0 0
0.5000 0.0198 0.2941 30 0 0 0
0.5040 0.0195 0.2903 30 0 0 0
0.5040 0.0195 0.2903 30 0 0 0
0.5040 0.0195 0.2903 30 0 0 0
0.5040 0.0195 0.2903 30 0 0 0
0.5040 0.0195 0.2903 30 0 0 0
0.5040 0.0195 0.2903 30 0 0 0
0.4940 0.0187 0.2848 30 0 0 0
0.4940 0.0187 0.2848 30 0 0 0
0.5020 0.0176 0.2897 30 0 0 0
0.5020 0.0176 0.2897 30 0 0 0
0.5020 0.0176 0.2897 30 0 0 0
0.5020 0.0176 0.2897 30 0 0 0
0.5200 0.0165 0.2861 30 0 0 0
0.5200 0.0165 0.2861 30 0 0 0
0.5200 0.0165 0.2861 30 0 0 0
0.5200 0.0165 0.2861 30 0 0 0
0.5200 0.0165 0.2861 30 0 0 0
0.5200 0.0165 0.2861 30 0 0 0
0.4940 0.0159 0.2861 30 0 0 0
0.4940 0.0159 0.2861 30 0 0 0
0.4940 0.0159 0.2861 30 0 0 0
0.5160 0.0161 0.2905 30 0 0 0
0.5160 0.0161 0.2905 30 0 0 0
0.5160 0.0161 0.2905 30 0 0 0
0.5180 0.0165 0.2894 30 0 0 0
0.5180 0.0165 0.2894 30 0 0 0
0.5180 0.0165 0.2894 30 0 0 0
0.5180 0.0165 0.2894 30 0 0 0
0.5180 0.0165 0.2894 30 0 0 0
0.5180 0.0165 0.2894 30 0 0 0
0.5160 0.0162 0.2896 30 0 0 0
0.5160 0.0162 0.2896 30 0 0 0
0.5160 0.0153 0.2911 30 0 0 0
0.5240 0.0153 0.2911 30 0 0 0
0.5240 0.0153 0.2911 30 0 0 0
0.5240 0.0153 0.2911 30 0 0 0
0.5220 0.0144 0.2890 30 0 0 0
0.5220 0.0144 0.2890 30 0 0 0
0.5220 0.0144 0.2890 30 0 0 0
0.5220 0.0144 0.2890 30 0 0 0
0.5220 0.0144 0.2890 30 0 0 0
0.4960 0.0130 0.2910 30 0 0 0
0.4960 0.0130 0.2910 30 0 0 0
0.4960 0.0130 0.2910 30 0 0 0
0.5060 0.0121 0.2903 30 0 0 0
0.5060 0.0121 0.2903 30 0 0 0
0.5060 0.0121 0.2903 30 0 0 0
0.4900 0.0112 0.2902 30 0 0 0
0.4900 0.0112 0.2902 30 0 0 0
0.4900 0.0112 0.2902 30 0 0 0
0.4900 0.0112 0.2902 30 0 0 0
0.4900 0.0112 0.2902 30 0 0 0
0.4820 0.0110 0.2874 30 0 0 0
0.4820 0.0110 0.2874 30 0 0 0
0.4820 0.0110 0.2874 30 0 0 0
0.5040 0.0112 0.2876 30 0 0 0
0.5040 0.0112 0.2876 30 0 0 0
0.5040 0.0112 0.2876 30 0 0 0
0.5040 0.0112 0.2876 30 0 0 0
0.5040 0.0120 0.2900 30 0 0 0
0.5220 0.0120 0.2900 30 0 0 0
0.5220 0.0120 0.2900 0 0 0 0
0.5120 0.0130 0.2957 30 0 0 0
0.5160 0.0131 0.2953 30 0 0 0
0.5000 0.0128 0.2893 30 0 0 0
0.5220 0.0125 0.2907 30 0 0 0
0.5100 0.0116 0.2927 30 0 0 0
0.5260 0.0097 0.2923 30 0 0 0
0.5260 0.0097 0.2923 30 0 0 0
0.5360 0.0089 0.2934 30 0 0 0
0.5360 0.0089 0.2934 30 0 0 0
0.5360 0.0089 0.2934 30 0 0 0
0.5360 0.0089 0.2934 30 0 0 0
0.5400 0.0092 0.2947 30 0 0 0
0.5400 0.0092 0.2947 30 0 0 0
0.5400 0.0092 0.2947 30 0 0 0
0.5400 0.0092 0.2947 30 0 0 0
0.5400 0.0092 0.2947 0 0 0 0
0.5200 0.0091 0.2994 30 0 0 0
0.5280 0.0090 0.2993 30 0 0 0
0.5200 0.0097 0.2979 30 0 0 0
0.5320 0.0113 0.2951 30 0 0 0
0.5200 0.0132 0.2994 30 0 0 0
0.5200 0.0132 0.2994 30 0 0 0
0.5400 0.0154 0.2981 30 0 0 0
0.5400 0.0154 0.2981 30 0 0 0
0.5400 0.0154 0.2981 30 0 0 0
0.5400 0.0154 0.2981 30 0 0 0
0.5300 0.0156 0.2971 30 0 0 0
0.5300 0.0156 0.2971 30 0 0 0
0.5380 0.0158 0.2981 0 0 0 0
