0.4940 0.0088 0.1671 0 0 0 -30
0.5100 0.0088 0.1671 0 0 0 -30
0.4860 0.0101 0.1671 0 0 0 -30
0.5080 0.0131 0.1731 0 0 0 -30
0.5200 0.0131 0.1713 0 0 0 -30
0.5220 0.0129 0.1727 0 0 0 -30
0.5280 0.0131 0.1768 0 0 0 -30
0.5280 0.0131 0.1768 0 0 0 -30
0.5280 0.0131 0.1768 0 0 0 -30
0.5120 0.0126 0.1777 0 0 0 -30
0.5120 0.0126 0.1777 0 0 0 0
0.5120 0.0121 0.1765 0 0 0 -30
0.5340 0.0112 0.1792 0 0 0 -30
0.5160 0.0109 0.1765 0 0 0 -30
0.5200 0.0108 0.1717 0 0 0 -30
0.5200 0.0108 0.1717 0 0 0 -30
0.5200 0.0108 0.1717 0 0 0 -30
0.5200 0.0108 0.1717 0 0 0 -30
0.5180 0.0099 0.1671 0 0 0 -30
0.5180 0.0099 0.1671 0 0 0 -30
0.5180 0.0099 0.1671 0 0 0 0
0.5440 0.0086 0.1668 0 0 0 -30
0.5340 0.0079 0.1659 0 0 0 -30
0.5340 0.0079 0.1659 0 0 0 -30
0.5140 0.0082 0.1614 0 0 0 -30
0.5260 0.0088 0.1596 0 0 0 -30
0.5260 0.0088 0.1596 0 0 0 -30
0.5160 0.0092 0.1567 0 0 0 -30
0.5160 0.0092 0.1567 0 0 0 -30
0.5160 0.0092 0.1567 0 0 0 -30
0.5160 0.0092 0.1567 0 0 0 -30
0.5160 0.0092 0.1567 0 0 0 0
0.5220 0.0081 0.1513 0 0 0 -30
0.4960 0.0081 0.1513 0 0 0 -30
0.5160 0.0081 0.1504 0 0 0 -30
0.5040 0.0092 0.1458 0 0 0 -30
0.5040 0.0092 0.1458 0 0 0 0
0.5260 0.0098 0.1395 0 0 0 -30
0.5320 0.0090 0.1401 0 0 0 -30
0.5060 0.0087 0.1399 0 0 0 -30
0.5060 0.0091 0.1389 0 0 0 -30
0.5060 0.0091 0.1389 0 0 0 -30
0.5000 0.0091 0.1399 0 0 0 0
0.5280 0.0090 0.1423 0 0 0 -30
0.5060 0.0091 0.1453 0 0 0 -30
0.5120 0.0091 0.1453 0 0 0 -30
0.5160 0.0102 0.1423 0 0 0 -30
0.5160 0.0102 0.1423 0 0 0 -30
0.5160 0.0102 0.1423 0 0 0 0
0.5160 0.0110 0.1394 0 0 0 -30
0.5060 0.0108 0.1461 0 0 0 -30
0.5020 0.0100 0.1462 0 0 0 -30
0.5220 0.0095 0.1473 0 0 0 0
0.5180 0.0100 0.1371 0 0 0 -30
0.5180 0.0100 0.1371 0 0 0 -30
0.5000 0.0088 0.1367 0 0 0 -30
0.5240 0.0084 0.1368 0 0 0 -30
0.5260 0.0085 0.1363 0 0 0 -30
0.5260 0.0085 0.1363 0 0 0 0
0.5160 0.0092 0.1388 0 0 0 -30
0.5160 0.0096 0.1381 0 0 0 -30
0.5260 0.0097 0.1355 0 0 0 -30
0.5260 0.0097 0.1355 0 0 0 -30
0.5100 0.0104 0.1321 0 0 0 -30
0.5100 0.0104 0.1321 0 0 0 -30
0.5100 0.0104 0.1321 0 0 0 -30
0.5200 0.0114 0.1305 0 0 0 0
0.5200 0.0114 0.1305 0 0 0 -30
0.5200 0.0113 0.1317 0 0 0 -30
0.5140 0.0108 0.1321 0 0 0 0
0.5140 0.0118 0.1296 0 0 0 -30
0.5300 0.0123 0.1278 0 0 0 -30
0.5260 0.0125 0.1260 0 0 0 -30
0.5260 0.0125 0.1260 0 0 0 -30
0.5520 0.0121 0.1220 0 0 0 0
0.5240 0.0124 0.1234 0 0 0 -30
0.5160 0.0131 0.1252 0 0 0 -30
0.5100 0.0138 0.1274 0 0 0 -30
0.5100 0.0138 0.1274 0 0 0 -30
0.5100 0.0138 0.1274 0 0 0 -30
0.5080 0.0149 0.1292 0 0 0 0
0.5080 0.0149 0.1292 0 0 0 -30
0.5360 0.0164 0.1189 0 0 0 -30
0.5660 0.0163 0.1150 0 0 0 -30
0.5660 0.0163 0.1150 0 0 0 0
0.5420 0.0162 0.1122 0 0 0 -30
0.5180 0.0156 0.1099 0 0 0 -30
0.5000 0.0148 0.1091 0 0 0 0
0.5100 0.0131 0.1067 0 0 0 -30
0.5260 0.0131 0.1067 0 0 0 -30
0.5360 0.0129 0.1118 0 0 0 -30
0.5420 0.0127 0.1096 0 0 0 -30
0.5420 0.0127 0.1096 0 0 0 -30
0.5240 0.0128 0.1109 0 0 0 -30
0.5240 0.0128 0.1109 0 0 0 -30
0.5240 0.0128 0.1109 0 0 0 -30
0.5240 0.0128 0.1109 0 0 0 0
0.5180 0.0128 0.1115 0 0 0 -30
0.5040 0.0125 0.1141 0 0 0 -30
0.5040 0.0125 0.1141 0 0 0 -30
0.5040 0.0125 0.1141 0 0 0 -30
0.5040 0.0123 0.1161 0 0 0 -30
0.5040 0.0123 0.1161 0 0 0 -30
0.5040 0.0123 0.1161 0 0 0 -30
0.5040 0.0123 0.1161 0 0 0 -30
0.5040 0.0123 0.1161 0 0 0 -30
0.5140 0.0126 0.1161 0 0 0 0
0.5240 0.0126 0.1121 0 0 0 -30
0.5200 0.0111 0.1153 0 0 0 -30
0.5240 0.0105 0.1125 0 0 0 -30
0.5240 0.0105 0.1125 0 0 0 -30
0.5240 0.0105 0.1125 0 0 0 0
0.5100 0.0114 0.1050 0 0 0 -30
0.5000 0.0114 0.1050 0 0 0 -30
0.5180 0.0112 0.1041 0 0 0 -30
0.5180 0.0112 0.1041 0 0 0 -30
0.5220 0.0107 0.1052 0 0 0 -30
0.5220 0.0107 0.1052 0 0 0 -30
0.5220 0.0107 0.1052 0 0 0 0
0.5300 0.0113 0.0991 0 0 0 -30
0.5160 0.0113 0.0991 0 0 0 -30
0.5160 0.0113 0.0991 0 0 0 -30
0.5160 0.0113 0.0991 0 0 0 -30
0.5160 0.0113 0.0991 0 0 0 -30
0.5220 0.0110 0.0960 0 0 0 0
0.4900 0.0110 0.0951 0 0 0 -30
0.5240 0.0114 0.0940 0 0 0 -30
0.5280 0.0109 0.0917 0 0 0 0
0.5240 0.0094 0.0900 0 0 0 -30
0.5280 0.0093 0.0891 0 0 0 -30
0.5280 0.0090 0.0855 0 0 0 -30
0.5360 0.0090 0.0855 0 0 0 -30
0.5360 0.0090 0.0855 0 0 0 -30
0.5400 0.0088 0.0827 0 0 0 0
0.5300 0.0090 0.0864 0 0 0 -30
0.5060 0.0089 0.0873 0 0 0 -30
0.4980 0.0089 0.0873 0 0 0 -30
0.4980 0.0089 0.0873 0 0 0 -30
0.5180 0.0091 0.0830 0 0 0 0
0.5320 0.0094 0.0793 0 0 0 -30
0.5200 0.0091 0.0833 0 0 0 -30
0.5380 0.0087 0.0883 0 0 0 -30
0.5220 0.0087 0.0848 0 0 0 -30
0.5220 0.0087 0.0848 0 0 0 -30
0.5220 0.0087 0.0848 0 0 0 -30
0.5220 0.0089 0.0814 0 0 0 -30
0.5120 0.0089 0.0814 0 0 0 -30
0.5120 0.0089 0.0814 0 0 0 -30
0.5240 0.0084 0.0764 0 0 0 -30
0.5240 0.0084 0.0764 0 0 0 -30
0.5240 0.0084 0.0764 0 0 0 -30
0.5240 0.0084 0.0764 0 0 0 -30
0.5200 0.0080 0.0754 0 0 0 0
0.5140 0.0079 0.0661 0 0 0 -30
0.5100 0.0085 0.0646 0 0 0 0
0.5220 0.0095 0.0588 0 0 0 -30
0.5220 0.0095 0.0588 0 0 0 0
0.5020 0.0073 0.0593 0 0 0 -30
0.5280 0.0075 0.4762 0 0 0 -30
0.5280 0.0075 0.4762 0 0 0 -30
0.5340 0.0073 0.4823 0 0 0 0
0.5240 0.0058 0.4708 0 0 0 -30
0.5580 0.0058 0.4708 0 0 0 -30
0.5640 0.0058 0.4729 0 0 0 -30
0.5320 0.0064 0.4767 0 0 0 -30
0.5240 0.0071 0.4718 0 0 0 0
0.5500 0.0078 0.4742 0 0 0 -30
0.5440 0.0079 0.4763 0 0 0 -30
0.5340 0.0080 0.4773 0 0 0 -30
0.5400 0.0082 0.4797 0 0 0 -30
0.5400 0.0082 0.4797 0 0 0 -30
0.5400 0.0082 0.4797 0 0 0 0
0.5560 0.0099 0.4892 0 0 0 -30
0.5600 0.0099 0.4892 0 0 0 -30
0.5520 0.0094 0.4909 0 0 0 -30
0.5520 0.0094 0.4909 0 0 0 -30
0.5520 0.0094 0.4909 0 0 0 0
0.5180 0.0080 0.0635 0 0 0 30
0.5380 0.0080 0.0635 0 0 0 30
0.5320 0.0079 0.0605 0 0 0 30
0.5500 0.0078 0.0571 0 0 0 30
0.5680 0.0078 0.0510 0 0 0 30
0.5500 0.0080 0.0487 0 0 0 30
0.5520 0.0087 0.0505 0 0 0 0
0.5500 0.0099 0.0534 0 0 0 30
0.5620 0.0095 0.0534 0 0 0 30
0.5620 0.0095 0.0534 0 0 0 30
0.5620 0.0095 0.0534 0 0 0 30
0.5400 0.0085 0.0584 0 0 0 30
0.5400 0.0085 0.0584 0 0 0 30
0.5400 0.0085 0.0584 0 0 0 30
0.5400 0.0085 0.0584 0 0 0 30
0.5400 0.0085 0.0584 0 0 0 0
0.5340 0.0081 0.0628 0 0 0 30
0.5380 0.0083 0.0613 0 0 0 30
0.5380 0.0083 0.0613 0 0 0 30
0.5380 0.0083 0.0613 0 0 0 30
0.5400 0.0077 0.0651 0 0 0 30
0.5400 0.0077 0.0651 0 0 0 30
0.5280 0.0071 0.0676 0 0 0 30
0.5280 0.0071 0.0676 0 0 0 0
0.5280 0.0071 0.0676 0 0 0 30
0.5380 0.0068 0.0698 0 0 0 30
0.5380 0.0068 0.0698 0 0 0 30
0.5380 0.0068 0.0740 0 0 0 30
0.5340 0.0068 0.0740 0 0 0 30
0.5340 0.0068 0.0740 0 0 0 30
0.5320 0.0073 0.0735 0 0 0 30
0.5320 0.0073 0.0735 0 0 0 30
0.5320 0.0073 0.0735 0 0 0 0
0.5420 0.0129 0.0658 0 0 0 -30
0.5420 0.0129 0.0658 0 0 0 -30
0.5600 0.0121 0.0537 0 0 0 -30
0.5520 0.0118 0.0462 0 0 0 -30
0.5320 0.0120 0.0378 0 0 0 -30
0.5460 0.0125 0.0356 0 0 0 -30
0.5240 0.0130 0.0276 0 0 0 0
0.5120 0.0135 0.0201 0 0 0 -30
0.5160 0.0139 0.0194 0 0 0 -30
0.5160 0.0133 0.0201 0 0 0 -30
0.5240 0.0126 0.0206 0 0 0 0
0.5180 0.0075 0.0018 30 0 0 0
0.5260 0.0075 0.0019 30 0 0 0
0.5440 0.0073 0.0025 30 0 0 0
0.5580 0.0080 0.0037 30 0 0 0
0.5400 0.0090 0.0018 30 0 0 0
0.5440 0.0090 0.0029 30 0 0 0
0.5440 0.0090 0.0029 30 0 0 0
0.5500 0.0088 0.0037 30 0 0 0
0.5500 0.0088 0.0037 30 0 0 0
0.5500 0.0088 0.0037 30 0 0 0
0.5200 0.0088 0.0056 30 0 0 0
0.5200 0.0088 0.0056 30 0 0 0
0.5200 0.0088 0.0056 30 0 0 0
0.5200 0.0088 0.0056 30 0 0 0
0.5200 0.0088 0.0056 30 0 0 0
0.5340 0.0086 0.0047 30 0 0 0
0.5340 0.0086 0.0047 30 0 0 0
0.5340 0.0086 0.0047 30 0 0 0
0.5340 0.0083 0.0047 30 0 0 0
0.5400 0.0083 0.0047 30 0 0 0
0.5400 0.0083 0.0047 30 0 0 0
0.5400 0.0083 0.0047 30 0 0 0
0.5400 0.0081 0.0048 30 0 0 0
0.5560 0.0081 0.0048 30 0 0 0
0.5560 0.0081 0.0048 30 0 0 0
0.5560 0.0081 0.0048 30 0 0 0
0.5560 0.0081 0.0048 30 0 0 0
0.5560 0.0081 0.0048 30 0 0 0
0.5560 0.0081 0.0048 30 0 0 0
0.5560 0.0081 0.0048 30 0 0 0
0.5560 0.0081 0.0048 30 0 0 0
0.5560 0.0081 0.0048 30 0 0 0
0.5560 0.0081 0.0048 30 0 0 0
0.5560 0.0081 0.0048 30 0 0 0
0.5480 0.0084 0.0042 30 0 0 0
0.5340 0.0085 0.0037 30 0 0 0
0.5300 0.0083 0.0037 30 0 0 0
0.5300 0.0083 0.0037 30 0 0 0
0.5300 0.0083 0.0037 30 0 0 0
0.5300 0.0083 0.0037 30 0 0 0
0.5300 0.0083 0.0037 30 0 0 0
0.5180 0.0078 0.0037 30 0 0 0
0.5180 0.0078 0.0037 30 0 0 0
0.5220 0.0076 0.0048 30 0 0 0
0.5220 0.0076 0.0048 30 0 0 0
0.5220 0.0076 0.0048 30 0 0 0
0.5220 0.0076 0.0048 30 0 0 0
0.5220 0.0076 0.0048 30 0 0 0
0.5220 0.0076 0.0048 30 0 0 0
0.5220 0.0076 0.0048 30 0 0 0
0.5220 0.0076 0.0048 30 0 0 0
0.5220 0.0076 0.0048 30 0 0 0
0.5220 0.0076 0.0048 30 0 0 0
0.5220 0.0076 0.0048 30 0 0 0
0.5220 0.0076 0.0048 30 0 0 0
0.5220 0.0075 0.0033 30 0 0 0
0.5200 0.0075 0.0033 30 0 0 0
0.5160 0.0072 0.0045 30 0 0 0
0.5360 0.0067 0.0047 30 0 0 0
0.5220 0.0061 0.0044 30 0 0 0
0.5220 0.0061 0.0044 30 0 0 0
0.5220 0.0061 0.0044 30 0 0 0
0.5220 0.0061 0.0044 30 0 0 0
0.5220 0.0061 0.0044 30 0 0 0
0.5100 0.0057 0.0040 30 0 0 0
0.5100 0.0057 0.0040 30 0 0 0
0.5300 0.0055 0.0039 30 0 0 0
0.5300 0.0055 0.0039 30 0 0 0
0.5300 0.0055 0.0039 30 0 0 0
0.5300 0.0055 0.0039 30 0 0 0
0.5080 0.0057 0.0031 30 0 0 0
0.5080 0.0057 0.0031 30 0 0 0
0.5080 0.0057 0.0031 30 0 0 0
0.5080 0.0057 0.0031 30 0 0 0
0.5080 0.0057 0.0031 30 0 0 0
0.5080 0.0057 0.0031 30 0 0 0
0.5000 0.0060 0.0032 30 0 0 0
0.5000 0.0060 0.0032 30 0 0 0
0.5160 0.0064 0.0033 30 0 0 0
0.5160 0.0064 0.0033 30 0 0 0
0.5160 0.0064 0.0033 30 0 0 0
0.5160 0.0064 0.0033 30 0 0 0
0.5000 0.0068 0.0008 30 0 0 0
0.5000 0.0068 0.0008 30 0 0 0
0.5000 0.0068 0.0008 30 0 0 0
0.5000 0.0068 0.0008 30 0 0 0
0.5000 0.0068 0.0008 30 0 0 0
0.5000 0.0068 0.0008 30 0 0 0
0.5080 0.0073 0.0011 30 0 0 0
0.5080 0.0073 0.0011 30 0 0 0
0.4920 0.0076 0.0016 30 0 0 0
0.4920 0.0076 0.0016 30 0 0 0
0.4920 0.0076 0.0016 30 0 0 0
0.4920 0.0076 0.0016 30 0 0 0
0.4860 0.0078 0.0015 30 0 0 0
0.4860 0.0078 0.0015 30 0 0 0
0.4860 0.0078 0.0015 30 0 0 0
0.4860 0.0078 0.0015 30 0 0 0
0.4860 0.0078 0.0015 30 0 0 0
0.4860 0.0078 0.0015 30 0 0 0
0.5180 0.0081 0.0019 30 0 0 0
0.5180 0.0081 0.0019 30 0 0 0
0.4960 0.0086 -0.0004 30 0 0 0
0.4960 0.0086 -0.0004 30 0 0 0
0.4960 0.0086 -0.0004 30 0 0 0
0.4960 0.0086 -0.0004 30 0 0 0
0.4960 0.0086 -0.0004 30 0 0 0
0.5060 0.0092 -0.0013 30 0 0 0
0.5060 0.0092 -0.0013 30 0 0 0
0.5060 0.0092 -0.0013 30 0 0 0
0.5060 0.0092 -0.0013 30 0 0 0
0.5060 0.0101 -0.0036 30 0 0 0
0.5020 0.0101 -0.0036 30 0 0 0
0.5020 0.0101 -0.0036 30 0 0 0
0.5220 0.0103 -0.0037 30 0 0 0
0.5220 0.0103 -0.0037 30 0 0 0
0.5220 0.0103 -0.0037 30 0 0 0
0.5220 0.0103 -0.0037 30 0 0 0
0.5220 0.0103 -0.0037 30 0 0 0
0.5040 0.0105 -0.0043 30 0 0 0
0.5040 0.0105 -0.0043 30 0 0 0
0.5040 0.0105 -0.0043 30 0 0 0
0.5040 0.0105 -0.0043 30 0 0 0
0.5040 0.0105 -0.0043 30 0 0 0
0.4980 0.0109 -0.0058 30 0 0 0
0.4980 0.0109 -0.0058 30 0 0 0
0.4980 0.0110 -0.0028 30 0 0 0
0.4980 0.0110 -0.0028 30 0 0 0
0.4980 0.0110 -0.0028 30 0 0 0
0.4980 0.0109 -0.0033 30 0 0 0
0.4980 0.0109 -0.0033 30 0 0 0
0.4980 0.0109 -0.0033 30 0 0 0
0.4980 0.0109 -0.0033 30 0 0 0
0.4980 0.0109 -0.0033 30 0 0 0
0.4980 0.0109 -0.0033 30 0 0 0
0.5260 0.0107 -0.0022 30 0 0 0
0.5260 0.0107 -0.0022 30 0 0 0
0.5260 0.0107 -0.0022 30 0 0 0
0.5040 0.0106 -0.0011 30 0 0 0
0.5040 0.0106 -0.0011 30 0 0 0
0.5040 0.0106 -0.0011 30 0 0 0
0.5040 0.0106 -0.0011 30 0 0 0
0.5020 0.0104 -0.0023 30 0 0 0
0.5020 0.0104 -0.0023 30 0 0 0
0.5020 0.0104 -0.0023 30 0 0 0
0.5020 0.0104 -0.0023 30 0 0 0
0.5020 0.0104 -0.0023 30 0 0 0
0.5200 0.0102 -0.0012 30 0 0 0
0.5200 0.0102 -0.0012 30 0 0 0
0.5200 0.0099 -0.0014 30 0 0 0
0.5220 0.0099 -0.0014 30 0 0 0
0.5220 0.0099 -0.0014 30 0 0 0
0.5220 0.0099 -0.0014 30 0 0 0
0.5360 0.0095 -0.0009 30 0 0 0
0.5360 0.0095 -0.0009 30 0 0 0
0.5360 0.0095 -0.0009 30 0 0 0
0.5360 0.0095 -0.0009 30 0 0 0
0.5360 0.0095 -0.0009 30 0 0 0
0.5360 0.0088 -0.0000 30 0 0 0
0.5260 0.0088 -0.0000 30 0 0 0
0.5260 0.0088 -0.0000 30 0 0 0
0.5060 0.0084 -0.0035 30 0 0 0
0.5060 0.0084 -0.0035 30 0 0 0
0.5060 0.0084 -0.0035 30 0 0 0
0.5060 0.0084 -0.0035 30 0 0 0
0.5040 0.0083 -0.0048 30 0 0 0
0.5040 0.0083 -0.0048 30 0 0 0
0.5040 0.0083 -0.0048 30 0 0 0
0.5040 0.0083 -0.0048 30 0 0 0
0.5040 0.0083 -0.0048 30 0 0 0
0.5040 0.0083 -0.0048 30 0 0 0
0.5160 0.0084 0.0006 30 0 0 0
0.5020 0.0087 0.0016 30 0 0 0
0.5020 0.0087 0.0016 30 0 0 0
0.5020 0.0087 0.0016 30 0 0 0
0.5020 0.0087 0.0016 30 0 0 0
0.5160 0.0092 0.0061 30 0 0 0
0.5160 0.0092 0.0061 30 0 0 0
0.5160 0.0092 0.0061 30 0 0 0
0.5160 0.0092 0.0061 30 0 0 0
0.5160 0.0092 0.0061 30 0 0 0
0.4960 0.0096 0.0066 30 0 0 0
0.4960 0.0096 0.0066 30 0 0 0
0.4960 0.0096 0.0066 30 0 0 0
0.5240 0.0099 0.0118 30 0 0 0
0.5240 0.0099 0.0118 30 0 0 0
0.5240 0.0099 0.0118 30 0 0 0
0.5240 0.0099 0.0118 30 0 0 0
0.4980 0.0100 0.0091 30 0 0 0
0.4980 0.0100 0.0091 30 0 0 0
0.4980 0.0100 0.0091 30 0 0 0
0.4980 0.0100 0.0091 30 0 0 0
0.4980 0.0100 0.0091 30 0 0 0
0.5020 0.0099 0.0152 30 0 0 0
0.5020 0.0099 0.0152 30 0 0 0
0.5020 0.0099 0.0152 30 0 0 0
0.5260 0.0099 0.0140 30 0 0 0
0.5260 0.0099 0.0140 30 0 0 0
0.5260 0.0099 0.0140 30 0 0 0
0.5260 0.0099 0.0140 30 0 0 0
0.5260 0.0099 0.0140 30 0 0 0
0.5140 0.0100 0.0135 30 0 0 0
0.5140 0.0100 0.0135 30 0 0 0
0.5140 0.0100 0.0135 30 0 0 0
0.5140 0.0100 0.0135 30 0 0 0
0.5140 0.0100 0.0135 30 0 0 0
0.5140 0.0100 0.0135 30 0 0 0
0.5140 0.0100 0.0135 30 0 0 0
0.5140 0.0100 0.0135 30 0 0 0
0.5140 0.0100 0.0135 30 0 0 0
0.5140 0.0100 0.0135 30 0 0 0
0.5220 0.0104 0.0121 30 0 0 0
0.5060 0.0109 0.0104 30 0 0 0
0.5060 0.0109 0.0104 30 0 0 0
0.5120 0.0117 0.0096 30 0 0 0
0.5120 0.0117 0.0096 30 0 0 0
0.5120 0.0117 0.0096 30 0 0 0
0.5300 0.0127 0.0073 30 0 0 0
0.5300 0.0127 0.0073 30 0 0 0
0.5300 0.0127 0.0073 30 0 0 0
0.5020 0.0130 0.0092 30 0 0 0
0.5020 0.0130 0.0092 30 0 0 0
0.5020 0.0130 0.0092 30 0 0 0
0.5020 0.0130 0.0092 30 0 0 0
0.5020 0.0130 0.0092 30 0 0 0
0.5020 0.0127 0.0066 30 0 0 0
0.4840 0.0127 0.0066 30 0 0 0
0.4840 0.0127 0.0066 30 0 0 0
0.4840 0.0127 0.0066 30 0 0 0
0.4840 0.0127 0.0066 30 0 0 0
0.4920 0.0120 0.0046 30 0 0 0
0.4920 0.0120 0.0046 30 0 0 0
0.4980 0.0113 0.0074 30 0 0 0
0.4980 0.0113 0.0074 30 0 0 0
0.4980 0.0113 0.0074 30 0 0 0
0.4980 0.0113 0.0074 30 0 0 0
0.4980 0.0113 0.0074 30 0 0 0
0.5180 0.0101 0.0092 30 0 0 0
0.5180 0.0101 0.0092 30 0 0 0
0.5180 0.0101 0.0092 30 0 0 0
0.5180 0.0101 0.0092 30 0 0 0
0.4980 0.0093 0.0162 30 0 0 0
0.4980 0.0093 0.0162 30 0 0 0
0.4820 0.0089 0.0166 30 0 0 0
0.4820 0.0089 0.0166 30 0 0 0
0.4820 0.0089 0.0166 30 0 0 0
0.4820 0.0089 0.0166 30 0 0 0
0.4820 0.0089 0.0166 30 0 0 0
0.4940 0.0085 0.0244 30 0 0 0
0.4940 0.0085 0.0244 30 0 0 0
0.4940 0.0085 0.0244 30 0 0 0
0.4940 0.0085 0.0244 30 0 0 0
0.4940 0.0084 0.0253 30 0 0 0
0.4820 0.0084 0.0253 30 0 0 0
0.4820 0.0084 0.0253 30 0 0 0
0.4840 0.0085 0.0331 30 0 0 0
0.4840 0.0085 0.0331 30 0 0 0
0.4840 0.0085 0.0331 30 0 0 0
0.4840 0.0085 0.0331 30 0 0 0
0.4840 0.0085 0.0331 30 0 0 0
0.4840 0.0085 0.0331 30 0 0 0
0.4520 0.0085 0.0318 30 0 0 0
0.4520 0.0085 0.0318 30 0 0 0
0.4520 0.0085 0.0318 30 0 0 0
0.4700 0.0088 0.0407 30 0 0 0
0.4700 0.0088 0.0407 30 0 0 0
0.4700 0.0091 0.0392 30 0 0 0
0.4660 0.0091 0.0392 30 0 0 0
0.4660 0.0091 0.0392 30 0 0 0
0.4660 0.0091 0.0392 30 0 0 0
0.4660 0.0091 0.0392 30 0 0 0
0.4660 0.0091 0.0392 30 0 0 0
0.4680 0.0093 0.0393 30 0 0 0
0.4680 0.0093 0.0393 30 0 0 0
0.4680 0.0093 0.0393 30 0 0 0
0.4680 0.0093 0.0393 30 0 0 0
0.4700 0.0093 0.0401 30 0 0 0
0.4700 0.0093 0.0401 30 0 0 0
0.4720 0.0093 0.0404 30 0 0 0
0.4720 0.0093 0.0404 30 0 0 0
0.4720 0.0093 0.0404 30 0 0 0
0.4720 0.0093 0.0404 30 0 0 0
0.4720 0.0093 0.0404 30 0 0 0
0.4400 0.0090 0.0404 30 0 0 0
0.4400 0.0090 0.0404 30 0 0 0
0.4400 0.0090 0.0404 30 0 0 0
0.4400 0.0090 0.0404 30 0 0 0
0.4400 0.0088 0.0368 30 0 0 0
0.4840 0.0088 0.0368 30 0 0 0
0.4840 0.0088 0.0368 30 0 0 0
0.4560 0.0088 0.0377 30 0 0 0
0.4560 0.0088 0.0377 30 0 0 0
0.4560 0.0088 0.0377 30 0 0 0
0.4560 0.0088 0.0377 30 0 0 0
0.4560 0.0088 0.0377 30 0 0 0
0.4560 0.0088 0.0377 30 0 0 0
0.4560 0.0089 0.0395 30 0 0 0
0.4800 0.0089 0.0395 30 0 0 0
0.4800 0.0089 0.0395 30 0 0 0
0.4700 0.0090 0.0406 30 0 0 0
0.4700 0.0090 0.0406 30 0 0 0
0.4700 0.0090 0.0406 30 0 0 0
0.4640 0.0090 0.0393 30 0 0 0
0.4640 0.0090 0.0393 30 0 0 0
0.4640 0.0090 0.0393 30 0 0 0
0.4640 0.0090 0.0393 30 0 0 0
0.4640 0.0090 0.0393 30 0 0 0
0.4560 0.0088 0.0418 30 0 0 0
0.4560 0.0088 0.0418 30 0 0 0
0.4560 0.0088 0.0418 30 0 0 0
0.4560 0.0088 0.0418 30 0 0 0
0.4560 0.0086 0.0403 30 0 0 0
0.4780 0.0086 0.0403 30 0 0 0
0.4780 0.0086 0.0403 30 0 0 0
0.4560 0.0082 0.0404 30 0 0 0
0.4560 0.0082 0.0404 30 0 0 0
0.4560 0.0082 0.0404 30 0 0 0
0.4560 0.0082 0.0404 30 0 0 0
0.4660 0.0076 0.0400 30 0 0 0
0.4660 0.0076 0.0400 30 0 0 0
0.4660 0.0076 0.0400 30 0 0 0
0.4660 0.0076 0.0400 30 0 0 0
0.4660 0.0076 0.0400 30 0 0 0
0.4660 0.0074 0.0382 30 0 0 0
0.4660 0.0074 0.0382 30 0 0 0
0.4660 0.0074 0.0382 30 0 0 0
0.4840 0.0073 0.0392 30 0 0 0
0.4840 0.0073 0.0392 30 0 0 0
0.4840 0.0073 0.0392 30 0 0 0
0.4840 0.0073 0.0392 30 0 0 0
0.4840 0.0073 0.0392 30 0 0 0
0.4740 0.0071 0.0410 30 0 0 0
0.4740 0.0071 0.0410 30 0 0 0
0.4740 0.0071 0.0410 30 0 0 0
0.4740 0.0071 0.0410 30 0 0 0
0.4740 0.0071 0.0410 30 0 0 0
0.4920 0.0072 0.0417 30 0 0 0
0.4920 0.0072 0.0417 30 0 0 0
0.4740 0.0075 0.0407 30 0 0 0
0.4740 0.0075 0.0407 30 0 0 0
0.4740 0.0075 0.0407 30 0 0 0
0.4740 0.0075 0.0407 30 0 0 0
0.4740 0.0075 0.0407 30 0 0 0
0.4680 0.0077 0.0380 30 0 0 0
0.4680 0.0077 0.0380 30 0 0 0
0.4680 0.0077 0.0380 30 0 0 0
0.4680 0.0077 0.0380 30 0 0 0
0.4860 0.0082 0.0363 30 0 0 0
0.4860 0.0082 0.0363 30 0 0 0
0.4860 0.0082 0.0363 30 0 0 0
0.4540 0.0084 0.0371 30 0 0 0
0.4540 0.0084 0.0371 30 0 0 0
0.4540 0.0084 0.0371 30 0 0 0
0.4540 0.0084 0.0371 30 0 0 0
0.4540 0.0084 0.0371 30 0 0 0
0.5060 0.0090 0.0378 30 0 0 0
0.5060 0.0090 0.0378 30 0 0 0
0.5060 0.0090 0.0378 30 0 0 0
0.5060 0.0090 0.0378 30 0 0 0
0.4960 0.0092 0.0398 30 0 0 0
0.4960 0.0092 0.0398 30 0 0 0
0.4960 0.0092 0.0398 30 0 0 0
0.4900 0.0094 0.0392 30 0 0 0
0.4900 0.0094 0.0392 30 0 0 0
0.4900 0.0094 0.0392 30 0 0 0
0.4900 0.0094 0.0392 30 0 0 0
0.4900 0.0094 0.0392 30 0 0 0
0.4740 0.0098 0.0392 30 0 0 0
0.4740 0.0098 0.0392 30 0 0 0
0.4740 0.0098 0.0392 30 0 0 0
0.4740 0.0098 0.0392 30 0 0 0
0.4900 0.0099 0.0389 30 0 0 0
0.4900 0.0099 0.0389 30 0 0 0
0.4900 0.0099 0.0389 30 0 0 0
0.4900 0.0099 0.0389 30 0 0 0
0.4820 0.0097 0.0385 30 0 0 0
0.4820 0.0097 0.0385 30 0 0 0
0.4820 0.0097 0.0385 30 0 0 0
0.4820 0.0097 0.0385 30 0 0 0
0.4820 0.0095 0.0330 30 0 0 0
0.4820 0.0095 0.0330 30 0 0 0
0.4820 0.0095 0.0330 30 0 0 0
0.4820 0.0095 0.0330 30 0 0 0
0.4740 0.0093 0.0331 30 0 0 0
0.4740 0.0093 0.0331 30 0 0 0
0.4740 0.0093 0.0331 30 0 0 0
0.4740 0.0093 0.0331 30 0 0 0
0.4960 0.0090 0.0330 30 0 0 0
0.4960 0.0090 0.0330 30 0 0 0
0.4960 0.0090 0.0330 30 0 0 0
0.5020 0.0090 0.0363 30 0 0 0
0.5020 0.0090 0.0363 30 0 0 0
0.5020 0.0090 0.0363 30 0 0 0
0.5020 0.0090 0.0363 30 0 0 0
0.5020 0.0090 0.0363 30 0 0 0
0.4920 0.0092 0.0403 30 0 0 0
0.4920 0.0092 0.0403 30 0 0 0
0.4920 0.0092 0.0403 30 0 0 0
0.4920 0.0092 0.0403 30 0 0 0
0.4980 0.0094 0.0438 30 0 0 0
0.4980 0.0094 0.0438 30 0 0 0
0.4980 0.0094 0.0438 30 0 0 0
0.4980 0.0094 0.0438 30 0 0 0
0.4980 0.0094 0.0438 30 0 0 0
0.5160 0.0099 0.0430 30 0 0 0
0.5160 0.0099 0.0430 30 0 0 0
0.5160 0.0099 0.0430 30 0 0 0
0.5080 0.0105 0.0485 30 0 0 0
0.5080 0.0105 0.0485 30 0 0 0
0.5080 0.0105 0.0485 30 0 0 0
0.4980 0.0111 0.0480 30 0 0 0
0.4980 0.0111 0.0480 30 0 0 0
0.4980 0.0111 0.0480 30 0 0 0
0.4980 0.0111 0.0480 30 0 0 0
0.5040 0.0114 0.0478 30 0 0 0
0.5040 0.0114 0.0478 30 0 0 0
0.5040 0.0114 0.0478 30 0 0 0
0.5040 0.0114 0.0478 30 0 0 0
0.4980 0.0110 0.0610 30 0 0 0
0.4980 0.0110 0.0610 30 0 0 0
0.4980 0.0110 0.0610 30 0 0 0
0.4980 0.0110 0.0610 30 0 0 0
0.5080 0.0101 0.0593 30 0 0 0
0.5080 0.0101 0.0593 30 0 0 0
0.5080 0.0101 0.0593 30 0 0 0
0.5080 0.0101 0.0593 30 0 0 0
0.5080 0.0101 0.0593 30 0 0 0
0.5080 0.0101 0.0593 30 0 0 0
0.5080 0.0101 0.0593 30 0 0 0
0.5080 0.0101 0.0593 30 0 0 0
0.5080 0.0101 0.0593 30 0 0 0
0.5080 0.0101 0.0593 30 0 0 0
0.5080 0.0101 0.0593 30 0 0 0
0.5080 0.0101 0.0593 30 0 0 0
0.5000 0.0096 0.0817 30 0 0 0
0.5000 0.0096 0.0817 30 0 0 0
0.5000 0.0092 0.0850 30 0 0 0
0.4680 0.0092 0.0850 30 0 0 0
0.4880 0.0093 0.1016 30 0 0 0
0.4620 0.0095 0.1019 30 0 0 0
0.4620 0.0095 0.1019 30 0 0 0
0.4620 0.0095 0.1019 30 0 0 0
0.4620 0.0095 0.1019 30 0 0 0
0.4800 0.0094 0.1131 30 0 0 0
0.4800 0.0094 0.1131 30 0 0 0
0.4800 0.0094 0.1131 30 0 0 0
0.4900 0.0091 0.1111 30 0 0 0
0.4900 0.0091 0.1111 30 0 0 0
0.4900 0.0091 0.1111 30 0 0 0
0.4900 0.0091 0.1111 30 0 0 0
0.5060 0.0087 0.1230 30 0 0 0
0.5060 0.0087 0.1230 30 0 0 0
0.5060 0.0087 0.1230 30 0 0 0
0.5060 0.0087 0.1230 30 0 0 0
0.5040 0.0085 0.1269 30 0 0 0
0.5040 0.0085 0.1269 30 0 0 0
0.5040 0.0085 0.1269 30 0 0 0
0.4840 0.0085 0.1213 30 0 0 0
0.4840 0.0085 0.1213 30 0 0 0
0.4840 0.0085 0.1213 30 0 0 0
0.4840 0.0085 0.1213 30 0 0 0
0.4840 0.0086 0.1263 30 0 0 0
0.4940 0.0086 0.1263 30 0 0 0
0.4940 0.0086 0.1263 30 0 0 0
0.4940 0.0086 0.1263 30 0 0 0
0.5180 0.0087 0.1260 30 0 0 0
0.5180 0.0087 0.1260 30 0 0 0
0.5180 0.0087 0.1260 30 0 0 0
0.5180 0.0087 0.1260 30 0 0 0
0.5060 0.0091 0.1261 30 0 0 0
0.5060 0.0091 0.1261 30 0 0 0
0.5060 0.0091 0.1261 30 0 0 0
0.5060 0.0091 0.1261 30 0 0 0
0.5060 0.0091 0.1261 30 0 0 0
0.4700 0.0094 0.1232 30 0 0 0
0.4700 0.0094 0.1232 30 0 0 0
0.4700 0.0094 0.1232 0 0 0 0
0.4700 0.0097 0.1197 30 0 0 0
0.4920 0.0097 0.1197 30 0 0 0
0.4960 0.0098 0.1177 30 0 0 0
0.4960 0.0096 0.1159 30 0 0 0
0.5000 0.0096 0.1159 30 0 0 0
0.5000 0.0096 0.1159 30 0 0 0
0.5000 0.0096 0.1159 30 0 0 0
0.5000 0.0096 0.1159 30 0 0 0
0.5000 0.0096 0.1159 0 0 0 0
0.4960 0.0043 0.1028 30 0 0 0
0.5040 0.0035 0.0998 30 0 0 0
0.5040 0.0035 0.0998 30 0 0 0
0.5020 0.0034 0.0988 30 0 0 0
0.5020 0.0034 0.0988 30 0 0 0
0.5420 0.0052 0.0951 30 0 0 0
0.5300 0.0069 0.0939 30 0 0 0
0.5380 0.0089 0.0896 30 0 0 0
0.5380 0.0085 0.0883 30 0 0 0
0.5380 0.0085 0.0883 30 0 0 0
0.5040 0.0075 0.0856 30 0 0 0
0.5040 0.0075 0.0856 30 0 0 0
0.5400 0.0062 0.0839 30 0 0 0
0.5400 0.0062 0.0839 30 0 0 0
0.5400 0.0062 0.0839 30 0 0 0
0.5400 0.0062 0.0839 30 0 0 0
0.5320 0.0052 0.0818 30 0 0 0
0.5320 0.0052 0.0818 30 0 0 0
0.5320 0.0052 0.0818 30 0 0 0
0.5320 0.0052 0.0818 30 0 0 0
0.5020 0.0041 0.0790 30 0 0 0
0.5020 0.0041 0.0790 30 0 0 0
0.5020 0.0041 0.0790 30 0 0 0
0.5020 0.0037 0.0763 30 0 0 0
0.5140 0.0037 0.0763 30 0 0 0
0.5140 0.0037 0.0763 30 0 0 0
0.5140 0.0037 0.0763 30 0 0 0
0.5140 0.0037 0.0763 30 0 0 0
0.5300 0.0038 0.0741 30 0 0 0
0.5300 0.0038 0.0741 30 0 0 0
0.5300 0.0038 0.0741 30 0 0 0
0.5300 0.0038 0.0741 30 0 0 0
0.5420 0.0045 0.0722 30 0 0 0
0.5420 0.0045 0.0722 30 0 0 0
0.5420 0.0045 0.0722 30 0 0 0
0.5420 0.0045 0.0722 30 0 0 0
0.5420 0.0045 0.0722 30 0 0 0
0.5420 0.0045 0.0722 30 0 0 0
0.5420 0.0045 0.0722 30 0 0 0
0.5420 0.0045 0.0722 30 0 0 0
0.5420 0.0045 0.0722 30 0 0 0
0.5020 0.0051 0.0704 30 0 0 0
0.5020 0.0052 0.0693 30 0 0 0
0.5180 0.0052 0.0693 30 0 0 0
0.5200 0.0049 0.0685 30 0 0 0
0.5200 0.0049 0.0685 30 0 0 0
0.5200 0.0049 0.0685 30 0 0 0
0.5200 0.0049 0.0685 30 0 0 0
0.5200 0.0047 0.0673 30 0 0 0
0.5100 0.0047 0.0673 30 0 0 0
0.5100 0.0047 0.0673 30 0 0 0
0.5100 0.0047 0.0673 30 0 0 0
0.5100 0.0047 0.0673 30 0 0 0
0.5140 0.0050 0.0666 30 0 0 0
0.5140 0.0050 0.0666 30 0 0 0
0.5140 0.0050 0.0666 30 0 0 0
0.5140 0.0050 0.0666 30 0 0 0
0.5140 0.0050 0.0666 30 0 0 0
0.5200 0.0052 0.0658 30 0 0 0
0.5200 0.0052 0.0658 30 0 0 0
0.5200 0.0052 0.0658 30 0 0 0
0.5200 0.0052 0.0658 30 0 0 0
0.5320 0.0058 0.0634 30 0 0 0
0.5320 0.0058 0.0634 30 0 0 0
0.5320 0.0058 0.0634 30 0 0 0
0.5360 0.0060 0.0626 30 0 0 0
0.5360 0.0060 0.0626 30 0 0 0
0.5360 0.0060 0.0626 30 0 0 0
0.5360 0.0060 0.0626 0 0 0 0
0.5560 0.0062 0.0569 30 0 0 0
0.5180 0.0060 0.0555 30 0 0 0
0.5360 0.0060 0.0555 30 0 0 0
0.5180 0.0058 0.0544 30 0 0 0
0.5240 0.0043 0.0531 30 0 0 0
0.5480 0.0043 0.0519 30 0 0 0
0.5260 0.0046 0.0512 30 0 0 0
0.5260 0.0046 0.0512 30 0 0 0
0.5500 0.0049 0.0511 30 0 0 0
0.5400 0.0048 0.0509 30 0 0 0
0.5400 0.0048 0.0509 30 0 0 0
0.5400 0.0048 0.0509 30 0 0 0
0.5200 0.0046 0.0499 30 0 0 0
0.5200 0.0046 0.0499 30 0 0 0
0.5200 0.0046 0.0499 30 0 0 0
0.5200 0.0046 0.0499 30 0 0 0
0.5200 0.0046 0.0499 30 0 0 0
0.5500 0.0046 0.0492 30 0 0 0
0.5500 0.0046 0.0492 30 0 0 0
0.5500 0.0046 0.0492 30 0 0 0
0.5280 0.0045 0.0484 30 0 0 0
0.5280 0.0045 0.0484 30 0 0 0
0.5280 0.0045 0.0484 30 0 0 0
0.5280 0.0045 0.0484 30 0 0 0
0.5240 0.0040 0.0483 30 0 0 0
0.5240 0.0040 0.0483 30 0 0 0
0.5240 0.0040 0.0483 30 0 0 0
0.5240 0.0040 0.0483 30 0 0 0
0.5240 0.0040 0.0483 30 0 0 0
0.5240 0.0037 0.0476 30 0 0 0
0.5240 0.0037 0.0476 30 0 0 0
0.5240 0.0037 0.0476 30 0 0 0
0.5340 0.0039 0.0464 30 0 0 0
0.5340 0.0039 0.0464 30 0 0 0
0.5340 0.0039 0.0464 30 0 0 0
0.5340 0.0039 0.0464 30 0 0 0
0.5340 0.0043 0.0468 30 0 0 0
0.5420 0.0043 0.0468 30 0 0 0
0.5420 0.0043 0.0468 30 0 0 0
0.5420 0.0043 0.0468 30 0 0 0
0.5420 0.0043 0.0468 30 0 0 0
0.5420 0.0043 0.0468 30 0 0 0
0.5240 0.0051 0.0454 30 0 0 0
0.5240 0.0051 0.0454 30 0 0 0
0.5240 0.0051 0.0454 30 0 0 0
0.5360 0.0051 0.0435 30 0 0 0
0.5360 0.0051 0.0435 30 0 0 0
0.5360 0.0051 0.0435 30 0 0 0
0.5300 0.0048 0.0432 30 0 0 0
0.5300 0.0048 0.0432 30 0 0 0
0.5300 0.0048 0.0432 30 0 0 0
0.5300 0.0048 0.0432 30 0 0 0
0.5300 0.0048 0.0432 30 0 0 0
0.5300 0.0048 0.0432 30 0 0 0
0.5260 0.0044 0.0419 30 0 0 0
0.5260 0.0044 0.0419 30 0 0 0
0.5260 0.0042 0.0420 30 0 0 0
0.5320 0.0042 0.0420 30 0 0 0
0.5320 0.0042 0.0420 30 0 0 0
0.5320 0.0042 0.0420 30 0 0 0
0.5320 0.0042 0.0420 30 0 0 0
0.5420 0.0041 0.0420 30 0 0 0
0.5420 0.0041 0.0420 30 0 0 0
0.5420 0.0041 0.0420 30 0 0 0
0.5420 0.0041 0.0420 30 0 0 0
0.5420 0.0041 0.0420 30 0 0 0
0.5440 0.0042 0.0414 30 0 0 0
0.5440 0.0042 0.0414 30 0 0 0
0.5440 0.0042 0.0414 30 0 0 0
0.5460 0.0042 0.0415 30 0 0 0
0.5460 0.0042 0.0415 30 0 0 0
0.5460 0.0042 0.0415 30 0 0 0
0.5460 0.0042 0.0415 30 0 0 0
0.5460 0.0042 0.0415 30 0 0 0
0.5320 0.0044 0.0401 30 0 0 0
0.5320 0.0044 0.0401 30 0 0 0
0.5320 0.0044 0.0401 30 0 0 0
0.5320 0.0044 0.0401 30 0 0 0
0.5260 0.0045 0.0403 30 0 0 0
0.5260 0.0045 0.0403 30 0 0 0
0.5260 0.0047 0.0402 30 0 0 0
0.5400 0.0047 0.0402 30 0 0 0
0.5400 0.0047 0.0402 30 0 0 0
0.5400 0.0047 0.0402 30 0 0 0
0.5400 0.0049 0.0403 0 0 0 0
0.5200 0.0041 0.0378 30 0 0 0
0.5100 0.0035 0.0385 30 0 0 0
0.5460 0.0032 0.0397 30 0 0 0
0.5380 0.0044 0.0409 30 0 0 0
0.5220 0.0056 0.0414 30 0 0 0
0.5420 0.0070 0.0413 30 0 0 0
0.5420 0.0070 0.0413 30 0 0 0
0.5420 0.0070 0.0413 30 0 0 0
0.5420 0.0070 0.0413 30 0 0 0
0.5420 0.0070 0.0413 30 0 0 0
0.5280 0.0081 0.0395 30 0 0 0
0.5280 0.0081 0.0395 30 0 0 0
0.5280 0.0081 0.0395 30 0 0 0
0.5280 0.0082 0.0365 30 0 0 0
0.5180 0.0082 0.0365 30 0 0 0
0.5180 0.0082 0.0365 30 0 0 0
0.5180 0.0079 0.3521 30 0 0 0
0.5240 0.0079 0.3521 30 0 0 0
0.5240 0.0079 0.3521 30 0 0 0
0.5240 0.0079 0.3521 30 0 0 0
0.5240 0.0079 0.3521 30 0 0 0
0.5240 0.0079 0.3521 30 0 0 0
0.5240 0.0064 0.3527 30 0 0 0
0.5260 0.0064 0.3527 30 0 0 0
0.5260 0.0064 0.3527 30 0 0 0
0.5260 0.0064 0.3527 30 0 0 0
0.5160 0.0051 0.3538 30 0 0 0
0.5160 0.0051 0.3538 30 0 0 0
0.5160 0.0051 0.3538 30 0 0 0
0.5160 0.0051 0.3538 30 0 0 0
0.5160 0.0051 0.3538 30 0 0 0
0.5380 0.0044 0.3537 30 0 0 0
0.5380 0.0044 0.3537 30 0 0 0
0.5380 0.0044 0.3537 30 0 0 0
0.5380 0.0044 0.3537 30 0 0 0
0.5300 0.0044 0.3556 30 0 0 0
0.5300 0.0044 0.3556 30 0 0 0
0.5300 0.0044 0.3556 30 0 0 0
0.5300 0.0043 0.3585 30 0 0 0
0.5400 0.0043 0.3585 30 0 0 0
0.5400 0.0043 0.3585 30 0 0 0
0.5400 0.0043 0.3585 30 0 0 0
0.5400 0.0043 0.3585 30 0 0 0
0.5360 0.0045 0.3564 30 0 0 0
0.5360 0.0045 0.3564 30 0 0 0
0.5360 0.0045 0.3564 30 0 0 0
0.5360 0.0045 0.3564 30 0 0 0
0.5360 0.0045 0.3564 30 0 0 0
0.5580 0.0044 0.3577 30 0 0 0
0.5580 0.0044 0.3577 30 0 0 0
0.5580 0.0044 0.3577 30 0 0 0
0.5080 0.0044 0.3580 30 0 0 0
0.5080 0.0044 0.3580 30 0 0 0
0.5080 0.0044 0.3580 30 0 0 0
0.5080 0.0044 0.3580 30 0 0 0
0.5080 0.0041 0.3588 30 0 0 0
0.5200 0.0041 0.3588 30 0 0 0
0.5200 0.0041 0.3588 30 0 0 0
0.5200 0.0041 0.3588 30 0 0 0
0.5200 0.0041 0.3588 30 0 0 0
0.5200 0.0041 0.3588 30 0 0 0
0.5260 0.0039 0.3587 30 0 0 0
0.5260 0.0039 0.3587 30 0 0 0
0.5420 0.0039 0.3605 30 0 0 0
0.5420 0.0039 0.3605 30 0 0 0
0.5420 0.0039 0.3605 30 0 0 0
0.5420 0.0039 0.3605 30 0 0 0
0.5420 0.0039 0.3605 30 0 0 0
0.5120 0.0042 0.3610 30 0 0 0
0.5120 0.0042 0.3610 30 0 0 0
0.5120 0.0042 0.3610 30 0 0 0
0.5120 0.0042 0.3610 30 0 0 0
0.5280 0.0049 0.3633 30 0 0 0
0.5280 0.0049 0.3633 30 0 0 0
0.5040 0.0056 0.3646 30 0 0 0
0.5040 0.0056 0.3646 30 0 0 0
0.5040 0.0056 0.3646 30 0 0 0
0.5040 0.0056 0.3646 30 0 0 0
0.5040 0.0056 0.3646 30 0 0 0
0.5040 0.0056 0.3646 30 0 0 0
0.5040 0.0056 0.3646 30 0 0 0
0.5040 0.0056 0.3646 30 0 0 0
0.5040 0.0056 0.3646 30 0 0 0
0.5040 0.0056 0.3646 30 0 0 0
0.5040 0.0056 0.3646 30 0 0 0
0.5040 0.0056 0.3646 30 0 0 0
0.5040 0.0056 0.3646 30 0 0 0
0.5140 0.0066 0.3706 30 0 0 0
0.5140 0.0068 0.3704 30 0 0 0
0.5160 0.0068 0.3715 30 0 0 0
0.5120 0.0069 0.3710 30 0 0 0
0.5120 0.0069 0.3710 30 0 0 0
0.5120 0.0069 0.3710 30 0 0 0
0.5120 0.0069 0.3710 30 0 0 0
0.5120 0.0070 0.3684 0 0 0 0
0.5100 0.0052 0.3711 30 0 0 0
0.5140 0.0041 0.3686 30 0 0 0
0.5260 0.0034 0.3687 30 0 0 0
0.5260 0.0034 0.3687 30 0 0 0
0.5280 0.0034 0.3673 30 0 0 0
0.5180 0.0041 0.3660 30 0 0 0
0.5240 0.0048 0.3625 30 0 0 0
0.5320 0.0062 0.3640 30 0 0 0
0.5320 0.0062 0.3640 30 0 0 0
0.5320 0.0062 0.3640 30 0 0 0
0.5320 0.0062 0.3640 30 0 0 0
0.5320 0.0062 0.3640 30 0 0 0
0.5320 0.0062 0.3640 30 0 0 0
0.5320 0.0073 0.3666 30 0 0 0
0.5300 0.0073 0.3666 30 0 0 0
0.5300 0.0073 0.3666 30 0 0 0
0.5300 0.0073 0.3666 30 0 0 0
0.5300 0.0073 0.3666 30 0 0 0
0.5280 0.0083 0.3661 30 0 0 0
0.5420 0.0091 0.3632 30 0 0 0
0.5420 0.0091 0.3632 30 0 0 0
0.5420 0.0091 0.3632 30 0 0 0
0.5420 0.0091 0.3632 30 0 0 0
0.5500 0.0091 0.3633 30 0 0 0
0.5500 0.0091 0.3633 30 0 0 0
0.5500 0.0091 0.3633 30 0 0 0
0.5500 0.0085 0.3638 30 0 0 0
0.5500 0.0085 0.3638 30 0 0 0
0.5500 0.0085 0.3638 0 0 0 0
0.5280 0.0061 0.1064 0 30 0 0
0.5160 0.0061 0.1064 0 30 0 0
0.5280 0.0058 0.1039 0 30 0 0
0.5280 0.0056 0.1044 0 30 0 0
0.5280 0.0056 0.1044 0 30 0 0
0.5180 0.0057 0.1059 0 30 0 0
0.5080 0.0059 0.1084 0 30 0 0
0.5240 0.0058 0.1077 0 30 0 0
0.5280 0.0060 0.1073 0 30 0 0
0.5280 0.0060 0.1073 0 30 0 0
0.5280 0.0060 0.1073 0 30 0 0
0.5320 0.0062 0.4039 0 30 0 0
0.5320 0.0062 0.4039 0 30 0 0
0.5320 0.0062 0.4039 0 30 0 0
0.5320 0.0062 0.4039 0 30 0 0
0.5320 0.0062 0.4039 0 30 0 0
0.5200 0.0062 0.4046 0 30 0 0
0.5200 0.0062 0.4046 0 30 0 0
0.5140 0.0057 0.4064 0 30 0 0
0.5140 0.0057 0.4064 0 30 0 0
0.5140 0.0057 0.4064 0 30 0 0
0.5140 0.0057 0.4064 0 30 0 0
0.5380 0.0054 0.4058 0 30 0 0
0.5380 0.0054 0.4058 0 30 0 0
0.5380 0.0054 0.4058 0 30 0 0
0.5380 0.0054 0.4058 0 30 0 0
0.5380 0.0054 0.4058 0 30 0 0
0.5380 0.0054 0.4058 0 30 0 0
0.5380 0.0054 0.4058 0 30 0 0
0.5380 0.0054 0.4058 0 30 0 0
0.5380 0.0054 0.4058 0 30 0 0
0.5380 0.0049 0.4042 0 30 0 0
0.5160 0.0049 0.4042 0 30 0 0
0.5200 0.0045 0.4040 0 30 0 0
0.5380 0.0043 0.4005 0 30 0 0
0.5380 0.0043 0.4005 0 30 0 0
0.5380 0.0043 0.4005 0 30 0 0
0.5380 0.0043 0.4005 0 30 0 0
0.5160 0.0042 0.4020 0 30 0 0
0.5160 0.0042 0.4020 0 30 0 0
0.5160 0.0042 0.4020 0 30 0 0
0.5160 0.0042 0.4020 0 30 0 0
0.5040 0.0042 0.3991 0 30 0 0
0.5040 0.0042 0.3991 0 30 0 0
0.5040 0.0042 0.3991 0 30 0 0
0.5040 0.0043 0.4010 0 30 0 0
0.5340 0.0043 0.4010 0 30 0 0
0.5340 0.0043 0.4010 0 30 0 0
0.5340 0.0043 0.4010 0 30 0 0
0.5340 0.0043 0.4010 0 30 0 0
0.5340 0.0043 0.4038 0 30 0 0
0.5140 0.0043 0.4038 0 30 0 0
0.5140 0.0043 0.4038 0 30 0 0
0.5140 0.0043 0.4038 0 30 0 0
0.5140 0.0043 0.4038 0 30 0 0
0.5140 0.0043 0.4038 0 30 0 0
0.5140 0.0043 0.4038 0 30 0 0
0.5060 0.0041 0.4064 0 0 0 0
0.5120 0.0058 0.4076 -30 0 0 0
0.5100 0.0063 0.4076 -30 0 0 0
0.5260 0.0065 0.4114 -30 0 0 0
0.5260 0.0065 0.4114 -30 0 0 0
0.5300 0.0067 0.4152 -30 0 0 0
0.5300 0.0069 0.4177 -30 0 0 0
0.5100 0.0071 0.4159 -30 0 0 0
0.5100 0.0074 0.4172 -30 0 0 0
0.5100 0.0074 0.4172 -30 0 0 0
0.4960 0.0076 0.0954 -30 0 0 0
0.4960 0.0076 0.0954 -30 0 0 0
0.4960 0.0076 0.0954 -30 0 0 0
0.4960 0.0076 0.0954 -30 0 0 0
0.5180 0.0082 0.0952 -30 0 0 0
0.5180 0.0082 0.0952 -30 0 0 0
0.5180 0.0082 0.0952 -30 0 0 0
0.5180 0.0082 0.0952 -30 0 0 0
0.5240 0.0086 0.0899 -30 0 0 0
0.5240 0.0086 0.0899 -30 0 0 0
0.5240 0.0086 0.0899 -30 0 0 0
0.5120 0.0081 0.0857 -30 0 0 0
0.5120 0.0081 0.0857 -30 0 0 0
0.5120 0.0081 0.0857 -30 0 0 0
0.5120 0.0081 0.0857 -30 0 0 0
0.5120 0.0081 0.0857 -30 0 0 0
0.5460 0.0070 0.0838 -30 0 0 0
0.5460 0.0070 0.0838 -30 0 0 0
0.5460 0.0070 0.0838 -30 0 0 0
0.5460 0.0070 0.0838 -30 0 0 0
0.5160 0.0058 0.0802 -30 0 0 0
0.5160 0.0058 0.0802 -30 0 0 0
0.5160 0.0058 0.0802 -30 0 0 0
0.5160 0.0058 0.0802 -30 0 0 0
0.5320 0.0054 0.0790 -30 0 0 0
0.5320 0.0054 0.0790 -30 0 0 0
0.5320 0.0054 0.0790 -30 0 0 0
0.5320 0.0054 0.0790 0 0 0 0
0.5360 0.0053 0.0729 0 30 0 0
0.5200 0.0046 0.0718 0 30 0 0
0.5400 0.0042 0.0695 0 30 0 0
0.5400 0.0042 0.0695 0 30 0 0
0.5240 0.0041 0.0707 0 30 0 0
0.5240 0.0041 0.0707 0 30 0 0
0.5240 0.0041 0.0707 0 30 0 0
0.5240 0.0041 0.0707 0 30 0 0
0.5300 0.0040 0.0736 0 30 0 0
0.5300 0.0040 0.0736 0 30 0 0
0.5300 0.0040 0.0736 0 30 0 0
0.5300 0.0040 0.0736 0 30 0 0
0.5300 0.0040 0.0736 0 30 0 0
0.5260 0.0044 0.0749 0 30 0 0
0.5260 0.0044 0.0749 0 30 0 0
0.5260 0.0044 0.0749 0 30 0 0
0.5260 0.0044 0.0749 0 30 0 0
0.5180 0.0049 0.0750 0 30 0 0
0.5180 0.0049 0.0750 0 30 0 0
0.5180 0.0049 0.0750 0 30 0 0
0.5180 0.0049 0.0750 0 30 0 0
0.5300 0.0051 0.0732 0 30 0 0
0.5300 0.0051 0.0732 0 30 0 0
0.5300 0.0051 0.0732 0 30 0 0
0.5300 0.0051 0.0732 0 30 0 0
0.5300 0.0051 0.0732 0 30 0 0
0.5420 0.0051 0.0766 0 30 0 0
0.5420 0.0051 0.0766 0 30 0 0
0.5420 0.0051 0.0766 0 30 0 0
0.5460 0.0045 0.0758 0 30 0 0
0.5460 0.0045 0.0758 0 30 0 0
0.5460 0.0045 0.0758 0 30 0 0
0.5460 0.0045 0.0758 0 30 0 0
0.5160 0.0039 0.0765 0 30 0 0
0.5160 0.0039 0.0765 0 30 0 0
0.5160 0.0039 0.0765 0 30 0 0
0.5160 0.0039 0.0765 0 30 0 0
0.5160 0.0039 0.0765 0 30 0 0
0.5340 0.0033 0.0791 0 30 0 0
0.5340 0.0033 0.0791 0 30 0 0
0.5340 0.0033 0.0791 0 30 0 0
0.5260 0.0033 0.0761 0 30 0 0
0.5260 0.0033 0.0761 0 30 0 0
0.5260 0.0033 0.0761 0 30 0 0
0.5260 0.0033 0.0761 0 30 0 0
0.5280 0.0036 0.0751 0 30 0 0
0.5280 0.0036 0.0751 0 30 0 0
0.5280 0.0036 0.0751 0 30 0 0
0.5280 0.0036 0.0751 0 30 0 0
0.5280 0.0036 0.0751 0 30 0 0
0.5280 0.0036 0.0751 0 30 0 0
0.5160 0.0041 0.0772 0 30 0 0
0.5160 0.0041 0.0772 0 30 0 0
0.5120 0.0044 0.0781 0 30 0 0
0.5120 0.0044 0.0781 0 30 0 0
0.5120 0.0044 0.0781 0 30 0 0
0.5120 0.0044 0.0781 0 30 0 0
0.5120 0.0044 0.0781 0 30 0 0
0.5340 0.0043 0.0766 0 30 0 0
0.5340 0.0043 0.0766 0 30 0 0
0.5340 0.0043 0.0766 0 30 0 0
0.5340 0.0043 0.0766 0 30 0 0
0.5340 0.0043 0.0766 0 30 0 0
0.5340 0.0043 0.0766 0 30 0 0
0.5340 0.0043 0.0762 0 30 0 0
0.5380 0.0046 0.0731 0 30 0 0
0.5380 0.0046 0.0731 0 30 0 0
0.5380 0.0046 0.0731 0 30 0 0
0.5380 0.0046 0.0731 0 30 0 0
0.5320 0.0050 0.0723 0 30 0 0
0.5320 0.0050 0.0723 0 30 0 0
0.5320 0.0050 0.0723 0 30 0 0
0.5320 0.0050 0.0723 0 30 0 0
0.5320 0.0050 0.0723 0 30 0 0
0.5320 0.0050 0.0723 0 30 0 0
0.5380 0.0055 0.0772 0 30 0 0
0.5380 0.0059 0.0795 0 30 0 0
0.5180 0.0059 0.0795 0 30 0 0
0.5180 0.0059 0.0795 0 30 0 0
0.5180 0.0059 0.0795 0 30 0 0
0.5180 0.0059 0.0795 0 30 0 0
0.5200 0.0061 0.0762 0 30 0 0
0.5200 0.0061 0.0762 0 30 0 0
0.5200 0.0061 0.0762 0 30 0 0
0.5200 0.0061 0.0762 0 30 0 0
0.5200 0.0061 0.0762 0 30 0 0
0.5260 0.0061 0.0782 0 30 0 0
0.5260 0.0061 0.0782 0 30 0 0
0.5260 0.0061 0.0782 0 30 0 0
0.5280 0.0059 0.0765 0 30 0 0
0.5280 0.0059 0.0765 0 30 0 0
0.5280 0.0059 0.0765 0 30 0 0
0.5280 0.0059 0.0765 0 30 0 0
0.5380 0.0059 0.0765 0 30 0 0
0.5380 0.0059 0.0765 0 30 0 0
0.5380 0.0059 0.0765 0 30 0 0
0.5380 0.0059 0.0765 0 30 0 0
0.5380 0.0059 0.0765 0 30 0 0
0.5380 0.0059 0.0765 0 30 0 0
0.5380 0.0059 0.0765 0 30 0 0
0.5380 0.0059 0.0765 0 30 0 0
0.5380 0.0059 0.0765 0 30 0 0
0.5380 0.0059 0.0765 0 30 0 0
0.5380 0.0059 0.0765 0 30 0 0
0.5380 0.0059 0.0765 0 30 0 0
0.5400 0.0057 0.0739 0 30 0 0
0.5400 0.0056 0.0691 0 30 0 0
0.5400 0.0056 0.0691 0 30 0 0
0.5260 0.0053 0.0698 0 30 0 0
0.5260 0.0053 0.0698 0 30 0 0
0.5260 0.0053 0.0698 0 30 0 0
0.5180 0.0049 0.0700 0 30 0 0
0.5180 0.0049 0.0700 0 30 0 0
0.5180 0.0049 0.0700 0 30 0 0
0.5200 0.0049 0.0704 0 30 0 0
0.5200 0.0049 0.0704 0 30 0 0
0.5200 0.0049 0.0704 0 30 0 0
0.5200 0.0049 0.0704 0 30 0 0
0.5200 0.0049 0.0704 0 0 0 0
0.5220 0.0055 0.0731 0 30 0 0
0.5320 0.0075 0.0768 0 30 0 0
0.5220 0.0075 0.0768 0 30 0 0
0.5460 0.0088 0.0767 0 30 0 0
0.5380 0.0088 0.0767 0 30 0 0
0.5580 0.0090 0.0757 0 30 0 0
0.5580 0.0096 0.0763 0 30 0 0
0.5380 0.0096 0.0763 0 30 0 0
0.5380 0.0096 0.0763 0 30 0 0
0.5380 0.0096 0.0763 0 30 0 0
0.5380 0.0096 0.0763 0 30 0 0
0.5300 0.0103 0.0762 0 30 0 0
0.5300 0.0103 0.0762 0 30 0 0
0.5300 0.0103 0.0762 0 30 0 0
0.5300 0.0103 0.0762 0 30 0 0
0.5300 0.0103 0.0762 0 30 0 0
0.5120 0.0109 0.0727 0 30 0 0
0.5120 0.0109 0.0727 0 30 0 0
0.5120 0.0109 0.0727 0 30 0 0
0.5360 0.0110 0.0702 0 30 0 0
0.5360 0.0110 0.0702 0 30 0 0
0.5360 0.0110 0.0702 0 30 0 0
0.5360 0.0110 0.0702 0 30 0 0
0.5300 0.0101 0.0682 0 30 0 0
0.5300 0.0101 0.0682 0 30 0 0
0.5300 0.0101 0.0682 0 30 0 0
0.5300 0.0101 0.0682 0 30 0 0
0.5320 0.0082 0.0730 0 30 0 0
0.5320 0.0082 0.0730 0 30 0 0
0.5320 0.0082 0.0730 0 30 0 0
0.5320 0.0071 0.0761 0 30 0 0
0.5380 0.0071 0.0761 0 30 0 0
0.5380 0.0071 0.0761 0 30 0 0
0.5420 0.0068 0.0769 0 30 0 0
0.5420 0.0068 0.0769 0 30 0 0
0.5420 0.0068 0.0769 0 30 0 0
0.5420 0.0068 0.0769 0 30 0 0
0.5420 0.0068 0.0769 0 30 0 0
0.5420 0.0068 0.0769 0 30 0 0
0.5500 0.0067 0.0749 0 30 0 0
0.5500 0.0067 0.0749 0 30 0 0
0.5500 0.0067 0.0749 0 30 0 0
0.5320 0.0070 0.0755 0 30 0 0
0.5320 0.0070 0.0755 0 30 0 0
0.5320 0.0070 0.0755 0 30 0 0
0.5320 0.0070 0.0755 0 30 0 0
0.5500 0.0072 0.0794 0 30 0 0
0.5500 0.0072 0.0794 0 30 0 0
0.5500 0.0072 0.0794 0 30 0 0
0.5500 0.0072 0.0794 0 0 0 0
0.5420 0.0129 0.0621 30 0 0 0
0.5200 0.0134 0.0620 30 0 0 0
0.5280 0.0146 0.0635 30 0 0 0
0.5160 0.0160 0.0658 30 0 0 0
0.5280 0.0138 0.0661 30 0 0 0
0.5280 0.0138 0.0661 30 0 0 0
0.5280 0.0129 0.0741 30 0 0 0
0.5280 0.0129 0.0741 30 0 0 0
0.5280 0.0129 0.0741 30 0 0 0
0.5520 0.0122 0.0747 30 0 0 0
0.5520 0.0122 0.0747 30 0 0 0
0.5520 0.0122 0.0747 30 0 0 0
0.5520 0.0122 0.0747 30 0 0 0
0.5360 0.0121 0.0712 30 0 0 0
0.5360 0.0121 0.0712 30 0 0 0
0.5360 0.0121 0.0712 30 0 0 0
0.5360 0.0121 0.0712 30 0 0 0
0.5260 0.0119 0.0712 30 0 0 0
0.5260 0.0119 0.0712 30 0 0 0
0.5260 0.0119 0.0712 30 0 0 0
0.5320 0.0123 0.0676 30 0 0 0
0.5320 0.0123 0.0676 30 0 0 0
0.5320 0.0123 0.0676 30 0 0 0
0.5320 0.0123 0.0676 30 0 0 0
0.5420 0.0127 0.0669 30 0 0 0
0.5420 0.0127 0.0669 30 0 0 0
0.5420 0.0127 0.0669 30 0 0 0
0.5420 0.0127 0.0669 30 0 0 0
0.5420 0.0127 0.0669 30 0 0 0
0.5280 0.0128 0.0669 30 0 0 0
0.5280 0.0128 0.0669 30 0 0 0
0.5280 0.0128 0.0669 30 0 0 0
0.5280 0.0128 0.0669 30 0 0 0
0.5300 0.0123 0.0668 30 0 0 0
0.5300 0.0123 0.0668 30 0 0 0
0.5300 0.0123 0.0668 30 0 0 0
0.5300 0.0123 0.0668 30 0 0 0
0.5300 0.0123 0.0668 30 0 0 0
0.5320 0.0116 0.0676 30 0 0 0
0.5320 0.0116 0.0676 30 0 0 0
0.5320 0.0116 0.0676 30 0 0 0
0.5320 0.0116 0.0676 30 0 0 0
0.5320 0.0116 0.0676 30 0 0 0
0.5560 0.0107 0.0672 30 0 0 0
0.5560 0.0107 0.0672 30 0 0 0
0.5560 0.0107 0.0672 30 0 0 0
0.5560 0.0107 0.0672 30 0 0 0
0.5560 0.0107 0.0672 30 0 0 0
0.5560 0.0107 0.0672 30 0 0 0
0.5380 0.0099 0.0682 30 0 0 0
0.5380 0.0099 0.0682 30 0 0 0
0.5380 0.0099 0.0682 30 0 0 0
0.5240 0.0097 0.0685 30 0 0 0
0.5240 0.0097 0.0685 30 0 0 0
0.5240 0.0097 0.0685 30 0 0 0
0.5260 0.0098 0.0700 30 0 0 0
0.5260 0.0098 0.0700 30 0 0 0
0.5260 0.0098 0.0700 30 0 0 0
0.5280 0.0107 0.0696 30 0 0 0
0.5280 0.0107 0.0696 30 0 0 0
0.5280 0.0107 0.0696 30 0 0 0
0.5280 0.0107 0.0696 30 0 0 0
0.5280 0.0107 0.0696 30 0 0 0
0.5560 0.0116 0.0703 30 0 0 0
0.5560 0.0116 0.0703 30 0 0 0
0.5560 0.0116 0.0703 30 0 0 0
0.5560 0.0116 0.0703 30 0 0 0
0.5680 0.0124 0.0707 30 0 0 0
0.5680 0.0124 0.0707 30 0 0 0
0.5680 0.0124 0.0707 30 0 0 0
0.5680 0.0124 0.0707 30 0 0 0
0.5680 0.0124 0.0707 30 0 0 0
0.5500 0.0135 0.0709 30 0 0 0
0.5500 0.0135 0.0709 30 0 0 0
0.5500 0.0135 0.0709 30 0 0 0
0.5500 0.0135 0.0709 30 0 0 0
0.5500 0.0135 0.0709 30 0 0 0
0.5500 0.0139 0.0720 30 0 0 0
0.5500 0.0139 0.0720 30 0 0 0
0.5480 0.0136 0.0730 30 0 0 0
0.5480 0.0136 0.0730 30 0 0 0
0.5480 0.0127 0.0761 30 0 0 0
0.5500 0.0127 0.0761 30 0 0 0
0.5500 0.0127 0.0761 30 0 0 0
0.5500 0.0127 0.0761 30 0 0 0
0.5500 0.0127 0.0761 30 0 0 0
0.5520 0.0120 0.0756 30 0 0 0
0.5520 0.0120 0.0756 30 0 0 0
0.5520 0.0120 0.0756 30 0 0 0
0.5520 0.0120 0.0756 30 0 0 0
0.5520 0.0120 0.0756 30 0 0 0
0.5540 0.0109 0.0753 30 0 0 0
0.5540 0.0109 0.0753 30 0 0 0
0.5540 0.0109 0.0753 30 0 0 0
0.5620 0.0097 0.0767 30 0 0 0
0.5620 0.0097 0.0767 30 0 0 0
0.5620 0.0097 0.0767 30 0 0 0
0.5620 0.0097 0.0767 30 0 0 0
0.5480 0.0088 0.0765 30 0 0 0
0.5480 0.0088 0.0765 30 0 0 0
0.5480 0.0088 0.0765 30 0 0 0
0.5480 0.0088 0.0765 30 0 0 0
0.5480 0.0088 0.0765 30 0 0 0
0.5380 0.0081 0.0727 30 0 0 0
0.5380 0.0081 0.0727 30 0 0 0
0.5380 0.0081 0.0727 30 0 0 0
0.5380 0.0081 0.0727 30 0 0 0
0.5380 0.0081 0.0727 30 0 0 0
0.5380 0.0081 0.0727 30 0 0 0
0.5380 0.0081 0.0727 30 0 0 0
0.5200 0.0074 0.0735 30 0 0 0
0.5200 0.0074 0.0735 30 0 0 0
0.5260 0.0070 0.0721 30 0 0 0
0.5260 0.0070 0.0721 30 0 0 0
0.5260 0.0070 0.0721 30 0 0 0
0.5260 0.0070 0.0721 30 0 0 0
0.5380 0.0070 0.0718 30 0 0 0
0.5380 0.0070 0.0718 30 0 0 0
0.5380 0.0070 0.0718 30 0 0 0
0.5460 0.0073 0.0716 30 0 0 0
0.5460 0.0073 0.0716 30 0 0 0
0.5460 0.0073 0.0716 30 0 0 0
0.5460 0.0073 0.0716 30 0 0 0
0.5260 0.0077 0.0729 30 0 0 0
0.5260 0.0077 0.0729 30 0 0 0
0.5260 0.0077 0.0729 30 0 0 0
0.5260 0.0077 0.0729 30 0 0 0
0.5260 0.0077 0.0729 30 0 0 0
0.5440 0.0081 0.0718 30 0 0 0
0.5440 0.0081 0.0718 30 0 0 0
0.5440 0.0081 0.0718 30 0 0 0
0.5440 0.0081 0.0718 30 0 0 0
0.5420 0.0088 0.0731 30 0 0 0
0.5420 0.0088 0.0731 30 0 0 0
0.5420 0.0088 0.0731 30 0 0 0
0.5420 0.0088 0.0731 30 0 0 0
0.5320 0.0094 0.0741 30 0 0 0
0.5320 0.0094 0.0741 30 0 0 0
0.5320 0.0094 0.0741 30 0 0 0
0.5320 0.0094 0.0741 30 0 0 0
0.5320 0.0098 0.0742 30 0 0 0
0.5340 0.0098 0.0742 30 0 0 0
0.5340 0.0098 0.0742 30 0 0 0
0.5340 0.0098 0.0742 30 0 0 0
0.5160 0.0099 0.0720 30 0 0 0
0.5160 0.0099 0.0720 30 0 0 0
0.5160 0.0099 0.0720 30 0 0 0
0.5160 0.0099 0.0720 0 0 0 0
0.5580 0.0055 0.0595 30 0 0 0
0.5460 0.0053 0.0583 30 0 0 0
0.5280 0.0057 0.0596 30 0 0 0
0.5520 0.0077 0.0623 30 0 0 0
0.5460 0.0085 0.0611 30 0 0 0
0.5460 0.0085 0.0611 30 0 0 0
0.5460 0.0085 0.0611 30 0 0 0
0.5460 0.0085 0.0611 30 0 0 0
0.5460 0.0085 0.0611 30 0 0 0
0.5460 0.0085 0.0611 30 0 0 0
0.5280 0.0083 0.0669 30 0 0 0
0.5180 0.0079 0.0670 30 0 0 0
0.5280 0.0074 0.0682 30 0 0 0
0.5680 0.0073 0.0678 30 0 0 0
0.5300 0.0075 0.0671 30 0 0 0
0.5300 0.0075 0.0671 30 0 0 0
0.5300 0.0075 0.0671 30 0 0 0
0.5400 0.0078 0.0659 30 0 0 0
0.5400 0.0078 0.0659 30 0 0 0
0.5400 0.0078 0.0659 30 0 0 0
0.5400 0.0078 0.0659 30 0 0 0
0.5400 0.0078 0.0659 30 0 0 0
0.5400 0.0078 0.0659 30 0 0 0
0.5200 0.0077 0.0653 30 0 0 0
0.5200 0.0077 0.0653 30 0 0 0
0.5200 0.0077 0.0653 30 0 0 0
0.5200 0.0077 0.0653 30 0 0 0
0.5380 0.0075 0.0648 30 0 0 0
0.5380 0.0075 0.0648 30 0 0 0
0.5380 0.0075 0.0648 30 0 0 0
0.5380 0.0075 0.0648 30 0 0 0
0.5380 0.0075 0.0648 30 0 0 0
0.5300 0.0069 0.0639 30 0 0 0
0.5300 0.0069 0.0639 30 0 0 0
0.5300 0.0069 0.0639 30 0 0 0
0.5300 0.0069 0.0639 30 0 0 0
0.5260 0.0059 0.0677 30 0 0 0
0.5260 0.0059 0.0677 30 0 0 0
0.5260 0.0052 0.0698 30 0 0 0
0.5540 0.0052 0.0698 30 0 0 0
0.5540 0.0052 0.0698 30 0 0 0
0.5540 0.0052 0.0698 30 0 0 0
0.5540 0.0052 0.0698 30 0 0 0
0.5420 0.0049 0.0676 30 0 0 0
0.5420 0.0049 0.0676 30 0 0 0
0.5420 0.0049 0.0676 30 0 0 0
0.5420 0.0049 0.0676 30 0 0 0
0.5420 0.0049 0.0676 0 0 0 0
0.5160 0.0037 0.0762 30 0 0 0
0.5260 0.0031 0.0759 30 0 0 0
0.5400 0.0031 0.0788 30 0 0 0
0.5480 0.0040 0.0781 30 0 0 0
0.5440 0.0042 0.0777 30 0 0 0
0.5400 0.0033 0.0823 30 0 0 0
0.5400 0.0033 0.0823 30 0 0 0
0.5400 0.0033 0.0823 30 0 0 0
0.5220 0.0029 0.0859 30 0 0 0
0.5220 0.0029 0.0859 30 0 0 0
0.5160 0.0026 0.0858 30 0 0 0
0.5160 0.0026 0.0858 30 0 0 0
0.5160 0.0026 0.0858 30 0 0 0
0.5160 0.0026 0.0858 30 0 0 0
0.5160 0.0026 0.0858 30 0 0 0
0.5360 0.0026 0.0855 30 0 0 0
0.5360 0.0026 0.0855 30 0 0 0
0.5360 0.0026 0.0855 0 0 0 0
0.5460 0.0041 0.0825 30 0 0 0
0.5480 0.0046 0.0808 30 0 0 0
0.5640 0.0045 0.0791 30 0 0 0
0.5320 0.0041 0.0772 30 0 0 0
0.5380 0.0036 0.0746 30 0 0 0
0.5380 0.0036 0.0746 30 0 0 0
0.5380 0.0036 0.0746 30 0 0 0
0.5200 0.0037 0.0752 30 0 0 0
0.5200 0.0037 0.0752 30 0 0 0
0.5200 0.0037 0.0752 30 0 0 0
0.5220 0.0040 0.0716 30 0 0 0
0.5220 0.0040 0.0716 30 0 0 0
0.5220 0.0040 0.0716 30 0 0 0
0.5220 0.0040 0.0716 30 0 0 0
0.5220 0.0040 0.0716 30 0 0 0
0.5220 0.0040 0.0716 30 0 0 0
0.5220 0.0040 0.0716 30 0 0 0
0.5220 0.0040 0.0716 0 0 0 0
0.5380 0.0035 0.0746 0 0 0 -30
0.5440 0.0035 0.0746 0 0 0 -30
0.5380 0.0035 0.0782 0 0 0 -30
0.5460 0.0038 0.0788 0 0 0 -30
0.5520 0.0035 0.0745 0 0 0 -30
0.5460 0.0031 0.0754 0 0 0 0
0.5400 0.0035 0.0707 0 0 0 -30
0.5520 0.0034 0.0733 0 0 0 -30
0.5540 0.0036 0.0705 0 0 0 -30
0.5540 0.0036 0.0705 0 0 0 -30
0.5540 0.0036 0.0705 0 0 0 -30
0.5540 0.0036 0.0705 0 0 0 -30
0.5540 0.0036 0.0705 0 0 0 -30
0.5560 0.0055 0.0705 0 0 0 -30
0.5560 0.0055 0.0705 0 0 0 -30
0.5560 0.0055 0.0705 0 0 0 0
0.5560 0.0055 0.0705 0 0 0 -30
0.5220 0.0064 0.0683 0 0 0 -30
0.5420 0.0061 0.0669 0 0 0 -30
0.5420 0.0061 0.0669 0 0 0 -30
0.5420 0.0061 0.0669 0 0 0 -30
0.5440 0.0061 0.0664 0 0 0 -30
0.5440 0.0061 0.0664 0 0 0 0
0.5360 0.0061 0.0642 0 0 0 -30
0.5660 0.0042 0.0648 0 0 0 -30
0.5380 0.0042 0.0648 0 0 0 -30
0.5340 0.0040 0.0624 0 0 0 -30
0.5340 0.0040 0.0624 0 0 0 -30
0.5340 0.0040 0.0624 0 0 0 -30
0.5340 0.0040 0.0624 0 0 0 0
0.5360 0.0042 0.0590 0 0 0 -30
0.5280 0.0041 0.0557 0 0 0 -30
0.5500 0.0048 0.0573 0 0 0 -30
0.5340 0.0048 0.0573 0 0 0 -30
0.5340 0.0048 0.0573 0 0 0 -30
0.5340 0.0048 0.0573 0 0 0 0
0.5600 0.0063 0.0519 0 0 0 -30
0.5360 0.0068 0.0510 0 0 0 -30
0.5280 0.0068 0.0510 0 0 0 -30
0.5460 0.0068 0.0489 0 0 0 -30
0.5460 0.0068 0.0489 0 0 0 0
0.5600 0.0075 0.0486 0 0 0 -30
0.5400 0.0080 0.0481 0 0 0 -30
0.5340 0.0073 0.0471 0 0 0 -30
0.5340 0.0066 0.0490 0 0 0 0
0.5540 0.0066 0.0490 0 0 0 -30
0.5460 0.0069 0.0455 0 0 0 -30
0.5320 0.0070 0.0453 0 0 0 -30
0.5320 0.0070 0.0453 0 0 0 0
0.5440 0.0077 0.0440 0 0 0 -30
0.5840 0.0079 0.0443 0 0 0 -30
0.5700 0.0079 0.0434 0 0 0 -30
0.5700 0.0079 0.0434 0 0 0 -30
0.5700 0.0079 0.0434 0 0 0 -30
0.5700 0.0079 0.0434 0 0 0 0
0.5660 0.0067 0.0368 0 0 0 -30
0.5100 0.0063 0.0361 0 0 0 -30
0.5380 0.0058 0.0343 0 0 0 -30
0.5480 0.0053 0.0330 0 0 0 -30
0.5420 0.0046 0.0315 0 0 0 -30
0.5400 0.0043 0.0308 0 0 0 0
0.5480 0.0063 0.0291 0 0 0 -30
0.5300 0.0067 0.0287 0 0 0 -30
0.5300 0.0067 0.0287 0 0 0 -30
0.5300 0.0067 0.0287 0 0 0 -30
0.5300 0.0067 0.0287 0 0 0 -30
0.5300 0.0067 0.0287 0 0 0 -30
0.5300 0.0067 0.0287 0 0 0 -30
0.5300 0.0067 0.0287 0 0 0 -30
0.5300 0.0067 0.0287 0 0 0 -30
0.5300 0.0067 0.0287 0 0 0 0
0.5300 0.0067 0.0280 0 0 0 -30
0.5420 0.0061 0.0263 0 0 0 -30
0.5640 0.0057 0.0270 0 0 0 -30
0.5440 0.0056 0.0282 0 0 0 -30
0.5600 0.0057 0.0277 0 0 0 -30
0.5600 0.0058 0.0262 0 0 0 -30
0.5480 0.0058 0.0262 0 0 0 -30
0.5480 0.0058 0.0262 0 0 0 0
0.5460 0.0037 0.0206 0 0 0 -30
0.5340 0.0037 0.0206 0 0 0 -30
0.5780 0.0032 0.0185 0 0 0 -30
0.5720 0.0029 0.0165 0 0 0 -30
0.5300 0.0028 0.0156 0 0 0 -30
0.5280 0.0034 0.0144 0 0 0 -30
0.5360 0.0042 0.0117 0 0 0 0
0.5380 0.0047 0.0103 0 0 0 -30
0.5500 0.0047 0.0103 0 0 0 -30
0.5720 0.0044 0.0091 0 0 0 -30
0.5540 0.0043 0.0083 0 0 0 -30
0.5600 0.0045 0.0068 0 0 0 -30
0.5600 0.0045 0.0068 0 0 0 -30
0.5600 0.0045 0.0068 0 0 0 0
0.5280 0.0121 -0.0068 30 0 0 0
0.5360 0.0109 -0.0053 30 0 0 0
0.5360 0.0076 -0.0085 30 0 0 0
0.5360 0.0076 -0.0085 30 0 0 0
0.5360 0.0069 -0.0070 30 0 0 0
0.5460 0.0068 -0.0057 30 0 0 0
0.5360 0.0072 -0.0029 30 0 0 0
0.5320 0.0077 -0.0023 30 0 0 0
0.5480 0.0086 -0.0044 30 0 0 0
0.5480 0.0086 -0.0044 30 0 0 0
0.5480 0.0086 -0.0044 30 0 0 0
0.5480 0.0086 -0.0044 30 0 0 0
0.5420 0.0090 -0.0030 30 0 0 0
0.5420 0.0090 -0.0030 30 0 0 0
0.5420 0.0090 -0.0030 30 0 0 0
0.5420 0.0087 -0.0030 30 0 0 0
0.5420 0.0087 -0.0030 30 0 0 0
0.5420 0.0087 -0.0030 30 0 0 0
0.5420 0.0087 -0.0030 30 0 0 0
0.5420 0.0087 -0.0030 30 0 0 0
0.5540 0.0080 0.0004 30 0 0 0
0.5540 0.0080 0.0004 30 0 0 0
0.5540 0.0080 0.0004 30 0 0 0
0.5540 0.0080 0.0004 30 0 0 0
0.5540 0.0080 0.0004 30 0 0 0
0.5520 0.0075 0.0009 30 0 0 0
0.5520 0.0075 0.0009 30 0 0 0
0.5520 0.0071 0.0038 30 0 0 0
0.5520 0.0071 0.0038 30 0 0 0
0.5520 0.0071 0.0038 30 0 0 0
0.5520 0.0071 0.0038 30 0 0 0
0.5520 0.0071 0.0038 30 0 0 0
0.5520 0.0071 0.0038 30 0 0 0
0.5520 0.0071 0.0038 30 0 0 0
0.5520 0.0071 0.0038 30 0 0 0
0.5520 0.0071 0.0038 30 0 0 0
0.5520 0.0071 0.0038 30 0 0 0
0.5520 0.0066 0.0045 30 0 0 0
0.5480 0.0062 0.0050 30 0 0 0
0.5580 0.0060 0.0050 30 0 0 0
0.5580 0.0060 0.0050 30 0 0 0
0.5580 0.0060 0.0050 30 0 0 0
0.5580 0.0060 0.0050 30 0 0 0
0.5580 0.0060 0.0050 30 0 0 0
0.5580 0.0060 0.0050 30 0 0 0
0.5580 0.0060 0.0050 30 0 0 0
0.5580 0.0060 0.0050 30 0 0 0
0.5580 0.0060 0.0050 30 0 0 0
0.5580 0.0060 0.0050 30 0 0 0
0.5580 0.0060 0.0050 30 0 0 0
0.5580 0.0060 0.0050 30 0 0 0
0.5580 0.0060 0.0058 30 0 0 0
0.5520 0.0060 0.0058 30 0 0 0
0.5640 0.0061 0.0068 30 0 0 0
0.5620 0.0060 0.0055 30 0 0 0
0.5620 0.0060 0.0055 30 0 0 0
0.5620 0.0058 0.0055 30 0 0 0
0.5540 0.0058 0.0055 30 0 0 0
0.5540 0.0058 0.0055 30 0 0 0
0.5540 0.0058 0.0055 30 0 0 0
0.5540 0.0058 0.0055 30 0 0 0
0.5540 0.0058 0.0055 30 0 0 0
0.5500 0.0056 0.0054 30 0 0 0
0.5500 0.0056 0.0054 30 0 0 0
0.5340 0.0055 0.0054 30 0 0 0
0.5340 0.0055 0.0054 30 0 0 0
0.5340 0.0055 0.0054 30 0 0 0
0.5340 0.0055 0.0054 30 0 0 0
0.5340 0.0055 0.0054 30 0 0 0
0.5340 0.0055 0.0054 30 0 0 0
0.5340 0.0055 0.0054 30 0 0 0
0.5340 0.0055 0.0054 30 0 0 0
0.5340 0.0055 0.0054 30 0 0 0
0.5340 0.0055 0.0054 30 0 0 0
0.5340 0.0054 0.0040 30 0 0 0
0.5500 0.0054 0.0040 30 0 0 0
0.5340 0.0053 0.0023 30 0 0 0
0.5380 0.0056 0.0028 30 0 0 0
0.5380 0.0056 0.0028 30 0 0 0
0.5380 0.0056 0.0028 30 0 0 0
0.5380 0.0056 0.0028 30 0 0 0
0.5380 0.0056 0.0028 30 0 0 0
0.5580 0.0066 0.0004 30 0 0 0
0.5580 0.0066 0.0004 30 0 0 0
0.5580 0.0066 0.0004 30 0 0 0
0.5580 0.0066 0.0004 30 0 0 0
0.5580 0.0066 0.0004 30 0 0 0
0.5580 0.0076 0.0008 30 0 0 0
0.5580 0.0086 -0.0009 30 0 0 0
0.5440 0.0086 -0.0009 30 0 0 0
0.5440 0.0086 -0.0009 30 0 0 0
0.5440 0.0086 -0.0009 30 0 0 0
0.5440 0.0086 -0.0009 30 0 0 0
0.5440 0.0086 -0.0009 30 0 0 0
0.5440 0.0102 -0.0004 30 0 0 0
0.5480 0.0102 -0.0004 30 0 0 0
0.5480 0.0102 -0.0004 30 0 0 0
0.5480 0.0102 -0.0004 30 0 0 0
0.5480 0.0102 -0.0004 30 0 0 0
0.5480 0.0102 -0.0004 30 0 0 0
0.5480 0.0102 -0.0004 30 0 0 0
0.5480 0.0102 -0.0004 30 0 0 0
0.5460 0.0106 -0.0025 30 0 0 0
0.5240 0.0106 -0.0024 30 0 0 0
0.5240 0.0106 -0.0024 30 0 0 0
0.5240 0.0106 -0.0024 30 0 0 0
0.5240 0.0106 -0.0024 30 0 0 0
0.5300 0.0102 -0.0034 30 0 0 0
0.5300 0.0102 -0.0034 30 0 0 0
0.5300 0.0102 -0.0034 30 0 0 0
0.5300 0.0102 -0.0034 30 0 0 0
0.5300 0.0102 -0.0034 30 0 0 0
0.5180 0.0097 -0.0039 30 0 0 0
0.5180 0.0097 -0.0039 30 0 0 0
0.5180 0.0097 -0.0039 30 0 0 0
0.5240 0.0091 -0.0041 30 0 0 0
0.5240 0.0091 -0.0041 30 0 0 0
0.5240 0.0091 -0.0041 30 0 0 0
0.5240 0.0091 -0.0041 30 0 0 0
0.5240 0.0091 -0.0041 30 0 0 0
0.5420 0.0085 -0.0047 30 0 0 0
0.5420 0.0085 -0.0047 30 0 0 0
0.5420 0.0085 -0.0047 30 0 0 0
0.5420 0.0085 -0.0047 30 0 0 0
0.5420 0.0085 -0.0047 30 0 0 0
0.5460 0.0081 -0.0040 30 0 0 0
0.5460 0.0081 -0.0040 30 0 0 0
0.5460 0.0081 -0.0040 30 0 0 0
0.5460 0.0078 -0.0031 30 0 0 0
0.5460 0.0078 -0.0031 30 0 0 0
0.5460 0.0078 -0.0031 30 0 0 0
0.5460 0.0078 -0.0031 30 0 0 0
0.5400 0.0080 -0.0016 30 0 0 0
0.5400 0.0080 -0.0016 30 0 0 0
0.5400 0.0080 -0.0016 30 0 0 0
0.5400 0.0080 -0.0016 30 0 0 0
0.5400 0.0080 -0.0016 30 0 0 0
0.5540 0.0084 -0.0015 30 0 0 0
0.5540 0.0084 -0.0015 30 0 0 0
0.5540 0.0084 -0.0015 30 0 0 0
0.5500 0.0087 -0.0005 30 0 0 0
0.5500 0.0087 -0.0005 30 0 0 0
0.5500 0.0087 -0.0005 30 0 0 0
0.5500 0.0087 -0.0005 30 0 0 0
0.5500 0.0087 -0.0005 30 0 0 0
0.5500 0.0087 -0.0005 30 0 0 0
0.5440 0.0092 -0.0011 30 0 0 0
0.5440 0.0092 -0.0011 30 0 0 0
0.5440 0.0092 -0.0011 30 0 0 0
0.5440 0.0092 -0.0011 30 0 0 0
0.5460 0.0098 -0.0034 30 0 0 0
0.5460 0.0098 -0.0034 30 0 0 0
0.5580 0.0104 -0.0032 30 0 0 0
0.5580 0.0104 -0.0032 30 0 0 0
0.5580 0.0104 -0.0032 30 0 0 0
0.5580 0.0104 -0.0032 30 0 0 0
0.5580 0.0104 -0.0032 30 0 0 0
0.5360 0.0108 -0.0031 30 0 0 0
0.5360 0.0108 -0.0031 30 0 0 0
0.5360 0.0108 -0.0031 30 0 0 0
0.5360 0.0108 -0.0031 30 0 0 0
0.5360 0.0108 -0.0031 30 0 0 0
0.5480 0.0110 -0.0040 30 0 0 0
0.5480 0.0110 -0.0040 30 0 0 0
0.5500 0.0112 -0.0027 30 0 0 0
0.5500 0.0112 -0.0027 30 0 0 0
0.5500 0.0112 -0.0027 30 0 0 0
0.5500 0.0112 -0.0027 30 0 0 0
0.5500 0.0112 -0.0027 30 0 0 0
0.5500 0.0112 -0.0027 30 0 0 0
0.5660 0.0111 -0.0034 30 0 0 0
0.5660 0.0111 -0.0034 30 0 0 0
0.5660 0.0111 -0.0034 30 0 0 0
0.5660 0.0111 -0.0034 30 0 0 0
0.5540 0.0108 -0.0030 30 0 0 0
0.5540 0.0108 -0.0030 30 0 0 0
0.5540 0.0108 -0.0030 30 0 0 0
0.5580 0.0108 -0.0033 30 0 0 0
0.5580 0.0108 -0.0033 30 0 0 0
0.5580 0.0108 -0.0033 30 0 0 0
0.5580 0.0108 -0.0033 30 0 0 0
0.5580 0.0108 -0.0033 30 0 0 0
0.5600 0.0109 0.0005 30 0 0 0
0.5600 0.0109 0.0005 30 0 0 0
0.5600 0.0109 0.0005 30 0 0 0
0.5600 0.0109 0.0005 30 0 0 0
0.5420 0.0106 -0.0010 30 0 0 0
0.5420 0.0106 -0.0010 30 0 0 0
0.5420 0.0103 -0.0008 30 0 0 0
0.5420 0.0103 -0.0008 30 0 0 0
0.5420 0.0103 -0.0008 30 0 0 0
0.5420 0.0103 -0.0008 30 0 0 0
0.5420 0.0103 -0.0008 30 0 0 0
0.5580 0.0099 -0.0020 30 0 0 0
0.5580 0.0099 -0.0020 30 0 0 0
0.5580 0.0099 -0.0020 30 0 0 0
0.5580 0.0099 -0.0020 30 0 0 0
0.5580 0.0099 -0.0020 30 0 0 0
0.5580 0.0101 0.0003 30 0 0 0
0.5640 0.0101 0.0003 30 0 0 0
0.5500 0.0105 0.0012 30 0 0 0
0.5500 0.0105 0.0012 30 0 0 0
0.5500 0.0105 0.0012 30 0 0 0
0.5500 0.0105 0.0012 30 0 0 0
0.5500 0.0105 0.0012 30 0 0 0
0.5500 0.0110 -0.0027 30 0 0 0
0.5280 0.0110 -0.0027 30 0 0 0
0.5280 0.0110 -0.0027 30 0 0 0
0.5280 0.0110 -0.0027 0 0 0 0
0.5220 0.0088 -0.0019 30 0 0 0
0.5360 0.0084 -0.0002 30 0 0 0
0.5540 0.0071 0.0006 30 0 0 0
0.5360 0.0067 0.0019 30 0 0 0
0.5360 0.0067 0.0019 30 0 0 0
0.5480 0.0064 0.0031 30 0 0 0
0.5340 0.0061 0.0050 30 0 0 0
0.5540 0.0057 0.0046 30 0 0 0
0.5340 0.0054 0.0079 30 0 0 0
0.5340 0.0054 0.0079 30 0 0 0
0.5340 0.0054 0.0079 30 0 0 0
0.5340 0.0052 0.0097 30 0 0 0
0.5520 0.0052 0.0097 30 0 0 0
0.5520 0.0052 0.0097 30 0 0 0
0.5520 0.0052 0.0097 30 0 0 0
0.5520 0.0052 0.0097 30 0 0 0
0.5420 0.0052 0.0060 30 0 0 0
0.5420 0.0052 0.0060 30 0 0 0
0.5420 0.0054 0.0097 30 0 0 0
0.5660 0.0054 0.0097 30 0 0 0
0.5660 0.0054 0.0097 30 0 0 0
0.5660 0.0054 0.0097 30 0 0 0
0.5660 0.0054 0.0097 30 0 0 0
0.5440 0.0054 0.0078 30 0 0 0
0.5440 0.0054 0.0078 30 0 0 0
0.5440 0.0054 0.0078 30 0 0 0
0.5440 0.0054 0.0078 30 0 0 0
0.5420 0.0056 0.0115 30 0 0 0
0.5420 0.0056 0.0115 30 0 0 0
0.5420 0.0056 0.0115 30 0 0 0
0.5420 0.0057 0.0101 30 0 0 0
0.5360 0.0057 0.0101 30 0 0 0
0.5360 0.0057 0.0101 30 0 0 0
0.5360 0.0057 0.0101 30 0 0 0
0.5360 0.0057 0.0101 30 0 0 0
0.5580 0.0058 0.0133 30 0 0 0
0.5580 0.0058 0.0133 30 0 0 0
0.5580 0.0058 0.0133 30 0 0 0
0.5580 0.0058 0.0133 30 0 0 0
0.5580 0.0058 0.0133 30 0 0 0
0.5560 0.0058 0.0167 30 0 0 0
0.5560 0.0058 0.0167 30 0 0 0
0.5560 0.0058 0.0167 30 0 0 0
0.5560 0.0058 0.0167 30 0 0 0
0.5520 0.0062 0.0118 30 0 0 0
0.5520 0.0062 0.0118 30 0 0 0
0.5520 0.0062 0.0118 30 0 0 0
0.5520 0.0062 0.0118 30 0 0 0
0.5480 0.0065 0.0120 30 0 0 0
0.5480 0.0065 0.0120 30 0 0 0
0.5480 0.0065 0.0120 30 0 0 0
0.5480 0.0065 0.0120 30 0 0 0
0.5480 0.0069 0.0152 30 0 0 0
0.5580 0.0069 0.0152 0 0 0 0
0.5260 0.0077 0.0024 30 0 0 0
0.5600 0.0073 0.0026 30 0 0 0
0.5440 0.0068 0.0012 30 0 0 0
0.5640 0.0067 0.0025 30 0 0 0
0.5700 0.0071 0.0038 30 0 0 0
0.5500 0.0085 -0.0039 30 0 0 0
0.5660 0.0084 -0.0011 30 0 0 0
0.5660 0.0084 -0.0011 30 0 0 0
0.5660 0.0078 -0.0041 30 0 0 0
0.5560 0.0078 -0.0041 30 0 0 0
0.5560 0.0078 -0.0041 30 0 0 0
0.5560 0.0078 -0.0041 30 0 0 0
0.5540 0.0071 -0.0008 30 0 0 0
0.5540 0.0071 -0.0008 30 0 0 0
0.5540 0.0071 -0.0008 30 0 0 0
0.5540 0.0071 -0.0008 30 0 0 0
0.5300 0.0067 0.0017 30 0 0 0
0.5300 0.0067 0.0017 30 0 0 0
0.5300 0.0067 0.0017 30 0 0 0
0.5300 0.0067 0.0017 30 0 0 0
0.5240 0.0065 -0.0015 30 0 0 0
0.5240 0.0065 -0.0015 30 0 0 0
0.5240 0.0065 -0.0015 30 0 0 0
0.5240 0.0065 0.3827 30 0 0 0
0.5480 0.0065 0.3827 30 0 0 0
0.5480 0.0065 0.3827 30 0 0 0
0.5480 0.0065 0.3827 30 0 0 0
0.5480 0.0065 0.3827 30 0 0 0
0.5480 0.0065 0.3827 30 0 0 0
0.5480 0.0065 0.3816 30 0 0 0
0.5480 0.0065 0.3816 30 0 0 0
0.5480 0.0065 0.3816 30 0 0 0
0.5480 0.0065 0.3816 30 0 0 0
0.5480 0.0065 0.3816 30 0 0 0
0.5720 0.0067 0.3753 30 0 0 0
0.5720 0.0067 0.3753 30 0 0 0
0.5720 0.0067 0.3753 30 0 0 0
0.5720 0.0067 0.3753 30 0 0 0
0.5720 0.0067 0.3753 30 0 0 0
0.5720 0.0067 0.3753 30 0 0 0
0.5720 0.0067 0.3753 30 0 0 0
0.5720 0.0067 0.3753 30 0 0 0
0.5720 0.0067 0.3753 30 0 0 0
0.5720 0.0067 0.3753 30 0 0 0
0.5720 0.0067 0.3753 30 0 0 0
0.5620 0.0072 0.3704 30 0 0 0
0.5620 0.0072 0.3704 30 0 0 0
0.5240 0.0074 0.3765 30 0 0 0
0.5460 0.0077 0.3774 30 0 0 0
0.5560 0.0080 0.3811 30 0 0 0
0.5560 0.0080 0.3811 30 0 0 0
0.5560 0.0080 0.3811 30 0 0 0
0.5560 0.0080 0.3811 30 0 0 0
0.5560 0.0080 0.3811 30 0 0 0
0.5560 0.0080 0.3811 30 0 0 0
0.5560 0.0080 0.3811 30 0 0 0
0.5560 0.0080 0.3811 30 0 0 0
0.5560 0.0080 0.3811 30 0 0 0
0.5420 0.0080 0.3785 30 0 0 0
0.5420 0.0080 0.3785 30 0 0 0
0.5420 0.0080 0.3785 30 0 0 0
0.5420 0.0079 0.3761 30 0 0 0
0.5280 0.0079 0.3761 30 0 0 0
0.5420 0.0076 0.3742 30 0 0 0
0.5420 0.0076 0.3742 30 0 0 0
0.5420 0.0076 0.3742 30 0 0 0
0.5480 0.0077 0.3739 30 0 0 0
0.5480 0.0077 0.3739 30 0 0 0
0.5480 0.0077 0.3739 30 0 0 0
0.5480 0.0077 0.3739 30 0 0 0
0.5480 0.0077 0.3739 30 0 0 0
0.5360 0.0078 0.3734 30 0 0 0
0.5360 0.0078 0.3734 30 0 0 0
0.5360 0.0078 0.3734 30 0 0 0
0.5540 0.0079 0.3738 30 0 0 0
0.5540 0.0079 0.3738 30 0 0 0
0.5540 0.0079 0.3738 30 0 0 0
0.5540 0.0079 0.3738 30 0 0 0
0.5540 0.0079 0.3738 30 0 0 0
0.5540 0.0079 0.3738 30 0 0 0
0.5540 0.0079 0.3738 30 0 0 0
0.5540 0.0079 0.3738 30 0 0 0
0.5540 0.0079 0.3738 30 0 0 0
0.5540 0.0079 0.3738 30 0 0 0
0.5340 0.0078 0.3727 30 0 0 0
0.5340 0.0078 0.3727 30 0 0 0
0.5340 0.0078 0.3727 30 0 0 0
0.5340 0.0078 0.3727 30 0 0 0
0.5440 0.0082 0.3701 30 0 0 0
0.5360 0.0088 0.3735 30 0 0 0
0.5460 0.0093 0.3715 30 0 0 0
0.5460 0.0093 0.3715 30 0 0 0
0.5460 0.0093 0.3715 30 0 0 0
0.5460 0.0093 0.3715 30 0 0 0
0.5460 0.0093 0.3715 30 0 0 0
0.5460 0.0101 0.3781 30 0 0 0
0.5460 0.0101 0.3781 30 0 0 0
0.5460 0.0101 0.3781 30 0 0 0
0.5180 0.0106 0.3786 30 0 0 0
0.5180 0.0106 0.3786 30 0 0 0
0.5180 0.0106 0.3786 30 0 0 0
0.5180 0.0106 0.3786 30 0 0 0
0.5180 0.0106 0.3786 30 0 0 0
0.5440 0.0111 0.3806 30 0 0 0
0.5440 0.0111 0.3806 30 0 0 0
0.5440 0.0111 0.3806 30 0 0 0
0.5440 0.0111 0.3806 30 0 0 0
0.5500 0.0118 0.3775 30 0 0 0
0.5500 0.0118 0.3775 30 0 0 0
0.5500 0.0118 0.3775 30 0 0 0
0.5220 0.0125 0.3794 30 0 0 0
0.5220 0.0125 0.3794 0 0 0 0
0.5500 0.0106 0.0202 0 30 0 0
0.5540 0.0113 0.0195 0 30 0 0
0.5560 0.0108 0.0176 0 30 0 0
0.5380 0.0102 0.0236 0 30 0 0
0.5440 0.0095 0.0260 0 30 0 0
0.5620 0.0091 0.0272 0 30 0 0
0.5460 0.0099 0.0268 0 30 0 0
0.5300 0.0101 0.0241 0 30 0 0
0.5300 0.0101 0.0241 0 30 0 0
0.5300 0.0101 0.0241 0 30 0 0
0.5400 0.0093 0.0256 0 30 0 0
0.5400 0.0093 0.0256 0 30 0 0
0.5400 0.0093 0.0256 0 30 0 0
0.5400 0.0093 0.0256 0 30 0 0
0.5420 0.0081 0.0256 0 30 0 0
0.5420 0.0081 0.0256 0 30 0 0
0.5420 0.0073 0.0256 0 30 0 0
0.5520 0.0073 0.0256 0 30 0 0
0.5520 0.0073 0.0256 0 30 0 0
0.5520 0.0073 0.0256 0 30 0 0
0.5520 0.0073 0.0256 0 30 0 0
0.5520 0.0073 0.0256 0 30 0 0
0.5500 0.0062 0.0272 0 30 0 0
0.5500 0.0062 0.0272 0 30 0 0
0.5500 0.0062 0.0272 0 30 0 0
0.5500 0.0062 0.0272 0 30 0 0
0.5500 0.0062 0.0272 0 30 0 0
0.5380 0.0060 0.0282 0 30 0 0
0.5380 0.0060 0.0282 0 30 0 0
0.5460 0.0066 0.0286 0 30 0 0
0.5460 0.0066 0.0286 0 30 0 0
0.5460 0.0066 0.0286 0 30 0 0
0.5460 0.0066 0.0286 0 30 0 0
0.5460 0.0066 0.0286 0 30 0 0
0.5660 0.0079 0.0283 0 30 0 0
0.5660 0.0079 0.0283 0 30 0 0
0.5660 0.0079 0.0283 0 30 0 0
0.5660 0.0079 0.0283 0 30 0 0
0.5660 0.0079 0.0283 0 30 0 0
0.5500 0.0092 0.0289 0 30 0 0
0.5500 0.0092 0.0289 0 30 0 0
0.5520 0.0098 0.0304 0 30 0 0
0.5520 0.0098 0.0304 0 30 0 0
0.5520 0.0098 0.0304 0 30 0 0
0.5520 0.0098 0.0304 0 30 0 0
0.5520 0.0098 0.0304 0 30 0 0
0.5520 0.0098 0.0304 0 30 0 0
0.5540 0.0095 0.0297 0 30 0 0
0.5540 0.0095 0.0297 0 30 0 0
0.5540 0.0095 0.0297 0 30 0 0
0.5540 0.0095 0.0297 0 30 0 0
0.5520 0.0088 0.0302 0 30 0 0
0.5520 0.0088 0.0302 0 30 0 0
0.5660 0.0082 0.0308 0 30 0 0
0.5660 0.0082 0.0308 0 30 0 0
0.5660 0.0082 0.0308 0 30 0 0
0.5660 0.0082 0.0308 0 30 0 0
0.5660 0.0082 0.0308 0 30 0 0
0.5660 0.0082 0.0308 0 30 0 0
0.5560 0.0084 0.0307 0 30 0 0
0.5560 0.0084 0.0307 0 30 0 0
0.5560 0.0084 0.0307 0 30 0 0
0.5560 0.0084 0.0307 0 30 0 0
0.5120 0.0087 0.0323 0 30 0 0
0.5120 0.0087 0.0323 0 30 0 0
0.5120 0.0087 0.0323 0 30 0 0
0.5400 0.0090 0.0306 0 30 0 0
0.5400 0.0090 0.0306 0 30 0 0
0.5400 0.0090 0.0306 0 30 0 0
0.5500 0.0091 0.0323 0 30 0 0
0.5500 0.0091 0.0323 0 30 0 0
0.5500 0.0091 0.0323 0 30 0 0
0.5500 0.0091 0.0323 0 30 0 0
0.5500 0.0091 0.0323 0 30 0 0
0.5500 0.0091 0.0323 0 30 0 0
0.5220 0.0088 0.0323 0 30 0 0
0.5220 0.0088 0.0323 0 30 0 0
0.5320 0.0085 0.0323 0 30 0 0
0.5320 0.0085 0.0323 0 30 0 0
0.5320 0.0085 0.0323 0 30 0 0
0.5320 0.0085 0.0323 0 30 0 0
0.5320 0.0085 0.0323 0 30 0 0
0.5320 0.0085 0.0323 0 30 0 0
0.5420 0.0084 0.0319 0 30 0 0
0.5420 0.0084 0.0319 0 30 0 0
0.5420 0.0084 0.0319 0 30 0 0
0.5420 0.0084 0.0319 0 30 0 0
0.5220 0.0084 0.0324 0 30 0 0
0.5220 0.0084 0.0324 0 30 0 0
0.5220 0.0084 0.0324 0 30 0 0
0.5460 0.0082 0.0323 0 30 0 0
0.5460 0.0082 0.0323 0 30 0 0
0.5460 0.0082 0.0323 0 30 0 0
0.5460 0.0082 0.0323 0 30 0 0
0.5460 0.0082 0.0323 0 30 0 0
0.5460 0.0082 0.0323 0 30 0 0
0.5460 0.0082 0.0323 0 30 0 0
0.5460 0.0082 0.0323 0 30 0 0
0.5460 0.0082 0.0323 0 30 0 0
0.5440 0.0080 0.3455 0 30 0 0
0.5440 0.0080 0.3455 0 30 0 0
0.5440 0.0080 0.3455 0 30 0 0
0.5440 0.0080 0.3455 0 30 0 0
0.5440 0.0080 0.3455 0 30 0 0
0.5440 0.0080 0.3455 0 30 0 0
0.5380 0.0080 0.3454 0 30 0 0
0.5380 0.0078 0.3473 0 30 0 0
0.5280 0.0078 0.3473 0 30 0 0
0.5300 0.0078 0.3474 0 30 0 0
0.5300 0.0078 0.3474 0 30 0 0
0.5300 0.0078 0.3466 0 30 0 0
0.5560 0.0078 0.3466 0 30 0 0
0.5560 0.0078 0.3466 0 30 0 0
0.5560 0.0078 0.3466 0 30 0 0
0.5480 0.0077 0.3463 0 30 0 0
0.5480 0.0077 0.3463 0 30 0 0
0.5480 0.0077 0.3463 0 30 0 0
0.5480 0.0077 0.3463 0 30 0 0
0.5480 0.0077 0.3463 0 30 0 0
0.5460 0.0078 0.3467 0 30 0 0
0.5460 0.0078 0.3467 0 30 0 0
0.5460 0.0078 0.3467 0 30 0 0
0.5460 0.0078 0.3467 0 30 0 0
0.5460 0.0075 0.3467 0 30 0 0
0.5460 0.0075 0.3467 0 30 0 0
0.5460 0.0075 0.3467 0 30 0 0
0.5460 0.0075 0.3467 0 30 0 0
0.5360 0.0072 0.3442 0 30 0 0
0.5360 0.0072 0.3442 0 30 0 0
0.5360 0.0072 0.3442 0 30 0 0
0.5360 0.0072 0.3442 0 30 0 0
0.5520 0.0068 0.3436 0 30 0 0
0.5520 0.0068 0.3436 0 30 0 0
0.5520 0.0068 0.3436 0 30 0 0
0.5520 0.0068 0.3436 0 30 0 0
0.5520 0.0068 0.3436 0 30 0 0
0.5420 0.0064 0.3439 0 30 0 0
0.5420 0.0064 0.3439 0 30 0 0
0.5420 0.0064 0.3439 0 30 0 0
0.5400 0.0060 0.3444 0 30 0 0
0.5400 0.0060 0.3444 0 30 0 0
0.5400 0.0060 0.3444 0 30 0 0
0.5400 0.0060 0.3444 0 30 0 0
0.5400 0.0060 0.3444 0 30 0 0
0.5400 0.0059 0.3450 0 30 0 0
0.5400 0.0059 0.3450 0 30 0 0
0.5400 0.0059 0.3450 0 30 0 0
0.5400 0.0059 0.3450 0 30 0 0
0.5440 0.0057 0.3435 0 30 0 0
0.5440 0.0057 0.3435 0 30 0 0
0.5440 0.0057 0.3435 0 30 0 0
0.5440 0.0057 0.3435 0 30 0 0
0.5480 0.0055 0.3393 0 30 0 0
0.5480 0.0055 0.3393 0 30 0 0
0.5480 0.0055 0.3393 0 30 0 0
0.5480 0.0055 0.3393 0 30 0 0
0.5340 0.0053 0.3392 0 30 0 0
0.5340 0.0053 0.3392 0 30 0 0
0.5340 0.0053 0.3392 0 30 0 0
0.5340 0.0053 0.3392 0 30 0 0
0.5320 0.0051 0.3398 0 30 0 0
0.5320 0.0051 0.3398 0 30 0 0
0.5320 0.0051 0.3398 0 30 0 0
0.5320 0.0051 0.3398 0 0 0 0
0.5520 0.0065 -0.0045 0 30 0 0
0.5300 0.0065 -0.0045 0 30 0 0
0.5420 0.0073 -0.0032 0 30 0 0
0.5500 0.0075 -0.0012 0 30 0 0
0.5380 0.0073 -0.0043 0 30 0 0
0.5420 0.0071 -0.0031 0 30 0 0
0.5420 0.0071 -0.0031 0 30 0 0
0.5420 0.0071 -0.0031 0 30 0 0
0.5420 0.0071 -0.0031 0 30 0 0
0.5420 0.0071 -0.0031 0 30 0 0
0.5420 0.0071 -0.0031 0 30 0 0
0.5420 0.0071 -0.0031 0 30 0 0
0.5420 0.0071 -0.0031 0 30 0 0
0.5420 0.0071 -0.0031 0 30 0 0
0.5560 0.0065 0.0005 0 30 0 0
0.5560 0.0066 -0.0019 0 30 0 0
0.5400 0.0066 -0.0019 0 30 0 0
0.5480 0.0063 -0.0030 0 30 0 0
0.5380 0.0061 -0.0037 0 30 0 0
0.5380 0.0061 -0.0037 0 30 0 0
0.5380 0.0061 -0.0037 0 30 0 0
0.5700 0.0058 -0.0019 0 30 0 0
0.5700 0.0058 -0.0019 0 30 0 0
0.5700 0.0058 -0.0019 0 30 0 0
0.5700 0.0055 -0.0030 0 30 0 0
0.5700 0.0055 -0.0030 0 30 0 0
0.5700 0.0055 -0.0030 0 30 0 0
0.5700 0.0055 -0.0030 0 30 0 0
0.5700 0.0055 -0.0030 0 30 0 0
0.5700 0.0055 -0.0030 0 30 0 0
0.5560 0.0054 -0.0053 0 30 0 0
0.5560 0.0054 -0.0053 0 30 0 0
0.5560 0.0054 -0.0053 0 30 0 0
0.5560 0.0054 -0.0053 0 30 0 0
0.5700 0.0057 -0.0037 0 30 0 0
0.5700 0.0057 -0.0037 0 30 0 0
0.5700 0.0057 -0.0037 0 30 0 0
0.5700 0.0057 -0.0037 0 30 0 0
0.5700 0.0057 -0.0037 0 30 0 0
0.5700 0.0057 -0.0037 0 30 0 0
0.5700 0.0057 -0.0037 0 30 0 0
0.5700 0.0057 -0.0037 0 30 0 0
0.5700 0.0057 -0.0037 0 30 0 0
0.5700 0.0057 -0.0037 0 30 0 0
0.5700 0.0057 -0.0037 0 30 0 0
0.5700 0.0057 -0.0037 0 30 0 0
0.5700 0.0065 -0.0070 0 30 0 0
0.5640 0.0072 -0.0064 0 30 0 0
0.5700 0.0072 -0.0064 0 30 0 0
0.5680 0.0075 -0.0049 0 30 0 0
0.5600 0.0075 -0.0042 0 30 0 0
0.5600 0.0075 -0.0042 0 30 0 0
0.5600 0.0075 -0.0042 0 30 0 0
0.5600 0.0075 -0.0042 0 30 0 0
0.5600 0.0073 -0.0030 0 30 0 0
0.5580 0.0073 -0.0030 0 30 0 0
0.5580 0.0073 -0.0030 0 0 0 0
0.5480 0.0060 -0.0010 30 0 0 0
0.5880 0.0057 -0.0002 30 0 0 0
0.5620 0.0055 -0.0000 30 0 0 0
0.5620 0.0055 -0.0000 30 0 0 0
0.5560 0.0060 -0.0015 30 0 0 0
0.5560 0.0073 -0.0011 30 0 0 0
0.5580 0.0085 0.0005 30 0 0 0
0.5380 0.0084 -0.0038 30 0 0 0
0.5560 0.0081 -0.0059 30 0 0 0
0.5560 0.0081 -0.0059 30 0 0 0
0.5560 0.0081 -0.0059 30 0 0 0
0.5560 0.0081 -0.0059 30 0 0 0
0.5600 0.0076 -0.0008 30 0 0 0
0.5600 0.0076 -0.0008 30 0 0 0
0.5600 0.0076 -0.0008 30 0 0 0
0.5600 0.0076 -0.0008 30 0 0 0
0.5840 0.0069 -0.0007 30 0 0 0
0.5840 0.0069 -0.0007 30 0 0 0
0.5840 0.0069 -0.0007 30 0 0 0
0.5340 0.0066 0.0009 30 0 0 0
0.5340 0.0066 0.0009 30 0 0 0
0.5340 0.0066 0.0009 30 0 0 0
0.5340 0.0066 0.0009 30 0 0 0
0.5640 0.0065 0.0035 30 0 0 0
0.5640 0.0065 0.0035 30 0 0 0
0.5640 0.0065 0.0035 30 0 0 0
0.5640 0.0065 0.0035 30 0 0 0
0.5640 0.0065 0.0035 30 0 0 0
0.5640 0.0067 0.0103 30 0 0 0
0.5640 0.0067 0.0103 30 0 0 0
0.5640 0.0067 0.0103 30 0 0 0
0.5640 0.0067 0.0103 0 0 0 0
0.5400 0.0073 0.0052 30 0 0 0
0.5560 0.0061 0.0017 30 0 0 0
0.5420 0.0053 0.0018 30 0 0 0
0.5600 0.0054 -0.0012 30 0 0 0
0.5440 0.0058 0.0007 30 0 0 0
0.5400 0.0064 0.0070 30 0 0 0
0.5400 0.0064 0.0070 30 0 0 0
0.5400 0.0064 0.0070 30 0 0 0
0.5400 0.0064 0.0070 30 0 0 0
0.5400 0.0064 0.0070 30 0 0 0
0.5400 0.0064 0.0070 30 0 0 0
0.5400 0.0064 0.0070 30 0 0 0
0.5400 0.0064 0.0070 30 0 0 0
0.5400 0.0064 0.0070 30 0 0 0
0.5400 0.0064 0.0070 30 0 0 0
0.5400 0.0064 0.0070 30 0 0 0
0.5320 0.0074 0.0067 30 0 0 0
0.5400 0.0076 0.0018 30 0 0 0
0.5500 0.0074 0.0012 30 0 0 0
0.5500 0.0074 0.0012 30 0 0 0
0.5500 0.0074 0.0012 30 0 0 0
0.5500 0.0074 0.0012 30 0 0 0
0.5500 0.0074 0.0012 30 0 0 0
0.5700 0.0066 0.0037 30 0 0 0
0.5480 0.0058 0.0021 30 0 0 0
0.5480 0.0058 0.0021 30 0 0 0
0.5480 0.0058 0.0021 30 0 0 0
0.5480 0.0058 0.0021 30 0 0 0
0.5480 0.0058 0.0021 30 0 0 0
0.5460 0.0050 0.0002 30 0 0 0
0.5460 0.0050 0.0002 30 0 0 0
0.5460 0.0050 0.0002 30 0 0 0
0.5460 0.0050 0.0002 30 0 0 0
0.5460 0.0050 0.0002 30 0 0 0
0.5460 0.0050 0.0002 30 0 0 0
0.5460 0.0050 0.0002 30 0 0 0
0.5460 0.0050 0.0002 30 0 0 0
0.5460 0.0050 0.0002 30 0 0 0
0.5460 0.0050 0.0002 30 0 0 0
0.5740 0.0043 0.0012 30 0 0 0
0.5740 0.0043 0.0012 30 0 0 0
0.5740 0.0043 0.0012 30 0 0 0
0.5460 0.0039 -0.0026 30 0 0 0
0.5620 0.0038 -0.0065 30 0 0 0
0.5620 0.0038 -0.0065 30 0 0 0
0.5620 0.0038 -0.0065 30 0 0 0
0.5600 0.0039 -0.0084 30 0 0 0
0.5600 0.0039 -0.0084 30 0 0 0
0.5600 0.0039 -0.0084 30 0 0 0
0.5520 0.0040 -0.0064 30 0 0 0
0.5520 0.0040 -0.0064 30 0 0 0
0.5520 0.0040 -0.0064 30 0 0 0
0.5520 0.0040 -0.0064 30 0 0 0
0.5520 0.0040 -0.0064 30 0 0 0
0.5600 0.0045 -0.0026 30 0 0 0
0.5600 0.0045 -0.0026 30 0 0 0
0.5600 0.0045 -0.0026 30 0 0 0
0.5600 0.0045 -0.0026 30 0 0 0
0.5720 0.0049 -0.0032 30 0 0 0
0.5720 0.0049 -0.0032 30 0 0 0
0.5720 0.0049 -0.0032 30 0 0 0
0.5720 0.0052 -0.0052 30 0 0 0
0.5740 0.0052 -0.0052 30 0 0 0
0.5740 0.0052 -0.0052 30 0 0 0
0.5740 0.0052 -0.0052 30 0 0 0
0.5740 0.0052 -0.0052 30 0 0 0
0.5740 0.0052 -0.0052 30 0 0 0
0.5680 0.0057 -0.0072 30 0 0 0
0.5680 0.0057 -0.0072 30 0 0 0
0.5680 0.0057 -0.0072 30 0 0 0
0.5400 0.0060 -0.0050 30 0 0 0
0.5400 0.0060 -0.0050 30 0 0 0
0.5400 0.0060 -0.0050 30 0 0 0
0.5400 0.0059 0.0007 30 0 0 0
0.5440 0.0059 0.0007 30 0 0 0
0.5440 0.0059 0.0007 30 0 0 0
0.5440 0.0059 0.0007 30 0 0 0
0.5440 0.0059 0.0007 30 0 0 0
0.5440 0.0059 0.0007 30 0 0 0
0.5420 0.0056 0.0036 30 0 0 0
0.5420 0.0056 0.0036 30 0 0 0
0.5420 0.0056 0.0036 30 0 0 0
0.5420 0.0056 0.0036 30 0 0 0
0.5420 0.0056 0.0036 30 0 0 0
0.5540 0.0055 0.0064 30 0 0 0
0.5540 0.0055 0.0064 30 0 0 0
0.5520 0.0054 0.0071 30 0 0 0
0.5520 0.0054 0.0071 30 0 0 0
0.5520 0.0054 0.0071 30 0 0 0
0.5520 0.0054 0.0071 30 0 0 0
0.5520 0.0054 0.0071 30 0 0 0
0.5520 0.0054 0.0071 30 0 0 0
0.5520 0.0054 0.0071 30 0 0 0
0.5520 0.0054 0.0071 30 0 0 0
0.5520 0.0054 0.0071 30 0 0 0
0.5520 0.0054 0.0071 30 0 0 0
0.5520 0.0054 0.0071 30 0 0 0
0.5700 0.0054 0.0054 30 0 0 0
0.5700 0.0054 0.0054 30 0 0 0
0.5700 0.0056 0.0022 30 0 0 0
0.5200 0.0056 0.0022 30 0 0 0
0.5360 0.0055 -0.0009 30 0 0 0
0.5360 0.0055 -0.0009 30 0 0 0
0.5360 0.0055 -0.0009 0 0 0 0
0.5420 0.0075 -0.0018 30 0 0 0
0.5420 0.0074 -0.0062 30 0 0 0
0.5620 0.0069 -0.0059 30 0 0 0
0.5620 0.0069 -0.0059 30 0 0 0
0.5620 0.0069 -0.0059 30 0 0 0
0.5440 0.0055 -0.0050 30 0 0 0
0.5440 0.0055 -0.0050 30 0 0 0
0.5440 0.0055 -0.0050 30 0 0 0
0.5740 0.0043 -0.0098 30 0 0 0
0.5740 0.0043 -0.0098 30 0 0 0
0.5740 0.0043 -0.0098 30 0 0 0
0.5740 0.0043 -0.0098 30 0 0 0
0.5740 0.0043 -0.0098 30 0 0 0
0.5420 0.0041 -0.0127 30 0 0 0
0.5420 0.0041 -0.0127 30 0 0 0
0.5420 0.0041 -0.0127 30 0 0 0
0.5420 0.0041 -0.0127 30 0 0 0
0.5500 0.0044 -0.0134 30 0 0 0
0.5500 0.0044 -0.0134 30 0 0 0
0.5500 0.0044 -0.0134 0 0 0 0
0.5480 0.0044 -0.0107 30 0 0 0
0.5360 0.0046 -0.0108 30 0 0 0
0.5420 0.0048 -0.0113 30 0 0 0
0.5260 0.0050 -0.0100 30 0 0 0
0.5260 0.0050 -0.0100 30 0 0 0
0.5260 0.0050 -0.0100 30 0 0 0
0.5260 0.0050 -0.0100 30 0 0 0
0.5260 0.0050 -0.0100 30 0 0 0
0.5560 0.0049 -0.0084 30 0 0 0
0.5560 0.0049 -0.0084 30 0 0 0
0.5560 0.0049 -0.0084 30 0 0 0
0.5560 0.0049 -0.0084 30 0 0 0
0.5460 0.0042 -0.0114 30 0 0 0
0.5460 0.0042 -0.0114 30 0 0 0
0.5420 0.0036 -0.0115 30 0 0 0
0.5420 0.0036 -0.0115 30 0 0 0
0.5420 0.0036 -0.0115 30 0 0 0
0.5420 0.0036 -0.0115 30 0 0 0
0.5420 0.0036 -0.0115 0 0 0 0
0.5240 0.0069 -0.0014 0 0 0 -30
0.5580 0.0081 0.0013 0 0 0 -30
0.5440 0.0099 0.0180 0 0 0 -30
0.5380 0.0100 0.0524 0 0 0 -30
0.5480 0.0084 0.0669 0 0 0 -30
0.5620 0.0077 0.0620 0 0 0 -30
0.5620 0.0077 0.0620 0 0 0 -30
0.5620 0.0077 0.0620 0 0 0 -30
0.5620 0.0077 0.0620 0 0 0 -30
0.5620 0.0077 0.0620 0 0 0 -30
0.5440 0.0075 0.0740 0 0 0 -30
0.5440 0.0075 0.0740 0 0 0 -30
0.5440 0.0074 0.0749 0 0 0 -30
0.5380 0.0074 0.0749 0 0 0 -30
0.5380 0.0074 0.0749 0 0 0 -30
0.5380 0.0074 0.0749 0 0 0 -30
0.5380 0.0074 0.0749 0 0 0 -30
0.5380 0.0074 0.0749 0 0 0 -30
0.5400 0.0077 0.0804 0 0 0 -30
0.5400 0.0077 0.0804 0 0 0 -30
0.5400 0.0077 0.0804 0 0 0 -30
0.5400 0.0077 0.0804 0 0 0 -30
0.5400 0.0082 0.0796 0 0 0 -30
0.5440 0.0082 0.0796 0 0 0 -30
0.5440 0.0082 0.0796 0 0 0 -30
0.5440 0.0082 0.0796 0 0 0 -30
0.5460 0.0085 0.0814 0 0 0 -30
0.5460 0.0085 0.0814 0 0 0 -30
0.5460 0.0085 0.0814 0 0 0 -30
0.5460 0.0085 0.0814 0 0 0 -30
0.5460 0.0085 0.0814 0 0 0 -30
0.5320 0.0081 0.0774 0 0 0 -30
0.5320 0.0081 0.0774 0 0 0 -30
0.5320 0.0081 0.0774 0 0 0 -30
0.5320 0.0081 0.0774 0 0 0 -30
0.5040 0.0076 0.0794 0 0 0 -30
0.5040 0.0076 0.0794 0 0 0 -30
0.5040 0.0076 0.0794 0 0 0 -30
0.5040 0.0070 0.0837 0 0 0 -30
0.5040 0.0070 0.0837 0 0 0 -30
0.5040 0.0070 0.0837 0 0 0 -30
0.5040 0.0070 0.0837 0 0 0 -30
0.5040 0.0070 0.0837 0 0 0 -30
0.5420 0.0068 0.0811 0 0 0 -30
0.5420 0.0068 0.0811 0 0 0 -30
0.5420 0.0068 0.0811 0 0 0 -30
0.5260 0.0072 0.0773 0 0 0 -30
0.5260 0.0072 0.0773 0 0 0 -30
0.5260 0.0072 0.0773 0 0 0 -30
0.5260 0.0072 0.0773 0 0 0 -30
0.5260 0.0072 0.0773 0 0 0 -30
0.5240 0.0079 0.0754 0 0 0 -30
0.5240 0.0079 0.0754 0 0 0 -30
0.5240 0.0079 0.0754 0 0 0 -30
0.5240 0.0079 0.0754 0 0 0 -30
0.5400 0.0079 0.0774 0 0 0 -30
0.5400 0.0079 0.0774 0 0 0 -30
0.5400 0.0079 0.0774 0 0 0 -30
0.5400 0.0079 0.0774 0 0 0 -30
0.5400 0.0079 0.0774 0 0 0 -30
0.5400 0.0079 0.0774 0 0 0 -30
0.5400 0.0079 0.0774 0 0 0 -30
0.5400 0.0079 0.0774 0 0 0 -30
0.5400 0.0079 0.0774 0 0 0 -30
0.5400 0.0077 0.0725 0 0 0 -30
0.5340 0.0077 0.0725 0 0 0 -30
0.5340 0.0077 0.0725 0 0 0 -30
0.5240 0.0078 0.0704 0 0 0 -30
0.4860 0.0083 0.0675 0 0 0 -30
0.4860 0.0083 0.0675 0 0 0 -30
0.4860 0.0083 0.0675 0 0 0 0
0.5240 0.0090 0.0563 0 0 0 -30
0.5340 0.0090 0.0534 0 0 0 -30
0.5320 0.0089 0.0506 0 0 0 -30
0.5100 0.0086 0.0481 0 0 0 -30
0.5280 0.0085 0.0468 0 0 0 -30
0.5280 0.0094 0.0462 0 0 0 -30
0.5320 0.0094 0.0462 0 0 0 -30
0.5320 0.0094 0.0462 0 0 0 -30
0.5320 0.0094 0.0462 0 0 0 -30
0.5320 0.0094 0.0462 0 0 0 -30
0.5480 0.0104 0.0472 0 0 0 0
0.5300 0.0112 0.0463 0 0 0 -30
0.5460 0.0115 0.0447 0 0 0 -30
0.5460 0.0113 0.0432 0 0 0 -30
0.5180 0.0106 0.0413 0 0 0 -30
0.5240 0.0086 0.0415 0 0 0 -30
0.5240 0.0086 0.0415 0 0 0 -30
0.5240 0.0086 0.0415 0 0 0 0
0.5420 0.0065 0.0406 0 0 0 -30
0.5100 0.0067 0.0389 0 0 0 -30
0.5080 0.0070 0.0362 0 0 0 -30
0.5080 0.0070 0.0362 0 0 0 -30
0.5260 0.0071 0.0339 0 0 0 -30
0.5260 0.0071 0.0339 0 0 0 -30
0.5260 0.0071 0.0339 0 0 0 0
0.5240 0.0057 0.0311 0 0 0 -30
0.5360 0.0047 0.0285 0 0 0 -30
0.5080 0.0047 0.0285 0 0 0 -30
0.5120 0.0042 0.0287 0 0 0 -30
0.5240 0.0042 0.0287 0 0 0 0
0.5160 0.0058 0.0366 30 0 0 0
0.5160 0.0058 0.0366 30 0 0 0
0.5040 0.0062 0.0378 30 0 0 0
0.5440 0.0066 0.0365 30 0 0 0
0.5420 0.0068 0.0360 30 0 0 0
0.5300 0.0066 0.0351 30 0 0 0
0.5300 0.0066 0.0348 30 0 0 0
0.5300 0.0066 0.0348 30 0 0 0
0.5400 0.0066 0.0344 30 0 0 0
0.5400 0.0066 0.0344 30 0 0 0
0.5400 0.0066 0.0344 30 0 0 0
0.5400 0.0061 0.0340 30 0 0 0
0.5400 0.0061 0.0340 30 0 0 0
0.5400 0.0061 0.0340 30 0 0 0
0.5400 0.0061 0.0340 30 0 0 0
0.5400 0.0061 0.0340 30 0 0 0
0.5400 0.0061 0.0340 30 0 0 0
0.5400 0.0061 0.0340 30 0 0 0
0.5400 0.0061 0.0340 30 0 0 0
0.5400 0.0061 0.0340 30 0 0 0
0.5260 0.0053 0.0335 30 0 0 0
0.5260 0.0053 0.0335 30 0 0 0
0.5260 0.0053 0.0335 30 0 0 0
0.5280 0.0045 0.0332 30 0 0 0
0.5260 0.0042 0.0331 30 0 0 0
0.5260 0.0042 0.0331 30 0 0 0
0.5260 0.0042 0.0331 30 0 0 0
0.5240 0.0041 0.0324 30 0 0 0
0.5240 0.0041 0.0324 30 0 0 0
0.5240 0.0041 0.0324 30 0 0 0
0.5240 0.0041 0.0324 30 0 0 0
0.5240 0.0041 0.0324 0 0 0 0
0.5220 0.0048 0.0317 0 30 0 0
0.5500 0.0053 0.0321 0 30 0 0
0.5380 0.0050 0.0337 0 30 0 0
0.5400 0.0047 0.4891 0 30 0 0
0.5600 0.0047 0.4891 0 30 0 0
0.5580 0.0045 0.4882 0 30 0 0
0.5580 0.0045 0.4882 0 30 0 0
0.5580 0.0045 0.4882 0 30 0 0
0.5580 0.0045 0.4882 0 30 0 0
0.5460 0.0043 0.4892 0 30 0 0
0.5460 0.0043 0.4892 0 30 0 0
0.5460 0.0043 0.4892 0 30 0 0
0.5460 0.0043 0.4892 0 30 0 0
0.5460 0.0043 0.4892 0 30 0 0
0.5460 0.0043 0.4885 0 30 0 0
0.5400 0.0043 0.4885 0 30 0 0
0.5400 0.0043 0.4885 0 30 0 0
0.5400 0.0043 0.4885 0 30 0 0
0.5400 0.0043 0.4885 0 30 0 0
0.5400 0.0043 0.4885 0 30 0 0
0.5400 0.0043 0.4885 0 30 0 0
0.5400 0.0043 0.4885 0 30 0 0
0.5400 0.0043 0.4885 0 30 0 0
0.5400 0.0043 0.4885 0 30 0 0
0.5580 0.0044 0.4882 0 30 0 0
0.5580 0.0044 0.4882 0 30 0 0
0.5580 0.0047 0.4890 0 30 0 0
0.5480 0.0047 0.4890 0 30 0 0
0.5560 0.0049 0.4895 0 30 0 0
0.5560 0.0049 0.4895 0 30 0 0
0.5380 0.0050 0.4899 0 30 0 0
0.5380 0.0050 0.4899 0 30 0 0
0.5380 0.0050 0.4899 0 30 0 0
0.5380 0.0050 0.4899 0 30 0 0
0.5340 0.0049 0.4918 0 30 0 0
0.5340 0.0049 0.4918 0 30 0 0
0.5340 0.0049 0.4918 0 30 0 0
0.5340 0.0049 0.4918 0 30 0 0
0.5340 0.0049 0.4918 0 30 0 0
0.5340 0.0049 0.4918 0 30 0 0
0.5520 0.0047 0.4939 0 30 0 0
0.5520 0.0047 0.4939 0 30 0 0
0.5520 0.0047 0.4939 0 30 0 0
0.5420 0.0047 0.4958 0 30 0 0
0.5420 0.0047 0.4958 0 30 0 0
0.5420 0.0047 0.4958 0 30 0 0
0.5420 0.0047 0.4958 0 30 0 0
0.5260 0.0048 0.4963 0 30 0 0
0.5260 0.0048 0.4963 0 30 0 0
0.5260 0.0048 0.4963 0 30 0 0
0.5260 0.0048 0.4963 0 30 0 0
0.5260 0.0048 0.4963 0 30 0 0
0.5500 0.0048 0.4970 0 30 0 0
0.5500 0.0048 0.4970 0 30 0 0
0.5500 0.0048 0.4970 0 30 0 0
0.5420 0.0046 0.4959 0 30 0 0
0.5420 0.0046 0.4959 0 30 0 0
0.5420 0.0046 0.4959 0 30 0 0
0.5420 0.0046 0.4959 0 30 0 0
0.5460 0.0045 0.4918 0 30 0 0
0.5460 0.0045 0.4918 0 30 0 0
0.5460 0.0045 0.4918 0 30 0 0
0.5460 0.0045 0.4918 0 30 0 0
0.5460 0.0045 0.4918 0 30 0 0
0.5460 0.0045 0.4918 0 30 0 0
0.5460 0.0043 0.4953 0 30 0 0
0.5260 0.0043 0.4953 0 30 0 0
0.5260 0.0043 0.4953 0 30 0 0
0.5260 0.0043 0.4953 0 30 0 0
0.5260 0.0041 0.4942 0 30 0 0
0.5260 0.0041 0.4942 0 30 0 0
0.5260 0.0041 0.4942 0 30 0 0
0.5260 0.0041 0.4942 0 30 0 0
0.5260 0.0041 0.4942 0 30 0 0
0.5440 0.0040 0.4951 0 30 0 0
0.5440 0.0040 0.4951 0 30 0 0
0.5440 0.0040 0.4951 0 30 0 0
0.5440 0.0040 0.4951 0 30 0 0
0.5320 0.0039 0.4952 0 30 0 0
0.5320 0.0039 0.4952 0 30 0 0
0.5320 0.0039 0.4952 0 30 0 0
0.5380 0.0039 0.4918 0 30 0 0
0.5380 0.0039 0.4918 0 30 0 0
0.5380 0.0039 0.4918 0 30 0 0
0.5380 0.0039 0.4918 0 30 0 0
0.5380 0.0039 0.4918 0 30 0 0
0.5140 0.0042 0.4923 0 30 0 0
0.5140 0.0042 0.4923 0 30 0 0
0.5140 0.0042 0.4923 0 30 0 0
0.5140 0.0042 0.4923 0 30 0 0
0.5140 0.0042 0.4923 0 30 0 0
0.5360 0.0049 0.4932 0 30 0 0
0.5360 0.0049 0.4932 0 30 0 0
0.5360 0.0049 0.4932 0 30 0 0
0.5360 0.0049 0.4932 0 30 0 0
0.5360 0.0049 0.4932 0 30 0 0
0.5360 0.0049 0.4932 0 30 0 0
0.5360 0.0049 0.4932 0 30 0 0
0.5360 0.0049 0.4932 0 30 0 0
0.5360 0.0049 0.4932 0 30 0 0
0.5360 0.0049 0.4932 0 30 0 0
0.5360 0.0049 0.4932 0 30 0 0
0.5080 0.0052 0.4930 0 30 0 0
0.5080 0.0056 0.4902 0 30 0 0
0.5180 0.0056 0.4902 0 30 0 0
0.5440 0.0056 0.4893 0 30 0 0
0.5520 0.0053 0.4905 0 30 0 0
0.5520 0.0053 0.4905 0 30 0 0
0.5520 0.0053 0.4905 0 30 0 0
0.5520 0.0053 0.4905 0 30 0 0
0.5520 0.0053 0.4905 0 30 0 0
0.5520 0.0053 0.4905 0 30 0 0
0.5560 0.0046 0.4860 0 30 0 0
0.5560 0.0046 0.4860 0 30 0 0
0.5560 0.0046 0.4860 0 30 0 0
0.5560 0.0046 0.4860 0 30 0 0
0.5560 0.0046 0.4860 0 30 0 0
0.5460 0.0044 0.4858 0 30 0 0
0.5440 0.0044 0.4864 0 30 0 0
0.5440 0.0044 0.4864 0 30 0 0
0.5440 0.0044 0.4864 0 30 0 0
0.5440 0.0044 0.4864 0 30 0 0
0.5440 0.0044 0.4864 0 30 0 0
0.5440 0.0044 0.4864 0 30 0 0
0.5360 0.0047 0.4877 0 30 0 0
0.5360 0.0047 0.4877 0 30 0 0
0.5360 0.0047 0.4877 0 30 0 0
0.5360 0.0047 0.4877 0 30 0 0
0.5360 0.0047 0.4877 0 30 0 0
0.5400 0.0051 0.4875 0 30 0 0
0.5400 0.0051 0.4875 0 30 0 0
0.5400 0.0052 0.4864 0 30 0 0
0.5420 0.0052 0.4864 0 30 0 0
0.5420 0.0052 0.4864 0 30 0 0
0.5420 0.0052 0.4864 0 30 0 0
0.5420 0.0052 0.4864 0 30 0 0
0.5420 0.0052 0.4864 0 30 0 0
0.5640 0.0054 0.4829 0 0 0 0
0.5500 0.0053 0.4813 0 30 0 0
0.5620 0.0053 0.4810 0 30 0 0
0.5700 0.0055 0.4811 0 30 0 0
0.5600 0.0061 0.4806 0 30 0 0
0.5680 0.0077 0.4815 0 30 0 0
0.5400 0.0090 0.4834 0 30 0 0
0.5400 0.0090 0.4834 0 30 0 0
0.5460 0.0098 0.4836 0 30 0 0
0.5460 0.0098 0.4836 0 30 0 0
0.5460 0.0098 0.4836 0 30 0 0
0.5460 0.0098 0.4836 0 30 0 0
0.5460 0.0098 0.4836 0 30 0 0
0.5460 0.0098 0.4836 0 30 0 0
0.5460 0.0104 0.4864 0 30 0 0
0.5460 0.0104 0.4864 0 30 0 0
0.5460 0.0104 0.4864 0 30 0 0
0.5460 0.0104 0.4864 0 30 0 0
0.5480 0.0105 0.4828 0 30 0 0
0.5480 0.0105 0.4828 0 30 0 0
0.5480 0.0105 0.4828 0 30 0 0
0.5600 0.0098 0.4825 0 30 0 0
0.5600 0.0098 0.4825 0 30 0 0
0.5600 0.0098 0.4825 0 30 0 0
0.5600 0.0098 0.4825 0 30 0 0
0.5600 0.0098 0.4825 0 30 0 0
0.5520 0.0079 0.4869 0 30 0 0
0.5520 0.0079 0.4869 0 30 0 0
0.5520 0.0079 0.4869 0 0 0 0
