0.5640 0.0068 0.4735 0 0 0 -30
0.5740 0.0064 0.4725 0 0 0 -30
0.5660 0.0066 0.4728 0 0 0 -30
0.5640 0.0070 0.4739 0 0 0 -30
0.5620 0.0069 0.4732 0 0 0 -30
0.5700 0.0070 0.4732 0 0 0 -30
0.5480 0.0071 0.4739 0 0 0 -30
0.5640 0.0071 0.4739 0 0 0 -30
0.5640 0.0071 0.4739 0 0 0 0
0.5720 0.0069 0.4735 0 0 0 -30
0.5640 0.0069 0.4733 0 0 0 -30
0.5700 0.0069 0.4733 0 0 0 -30
0.5640 0.0068 0.4719 0 0 0 -30
0.5640 0.0068 0.4719 0 0 0 -30
0.5640 0.0068 0.4719 0 0 0 -30
0.5640 0.0068 0.4719 0 0 0 -30
0.5420 0.0067 0.4722 0 0 0 -30
0.5420 0.0067 0.4722 0 0 0 -30
0.5440 0.0067 0.4710 0 0 0 -30
0.5440 0.0067 0.4710 0 0 0 0
0.5520 0.0068 0.4683 0 0 0 -30
0.6040 0.0069 0.0906 0 0 0 -30
0.5520 0.0070 0.0886 0 0 0 -30
0.5520 0.0070 0.0886 0 0 0 -30
0.5660 0.0070 0.0853 0 0 0 -30
0.5660 0.0070 0.0853 0 0 0 -30
0.5660 0.0070 0.0853 0 0 0 0
0.5460 0.0073 0.0838 0 0 0 -30
0.5800 0.0080 0.0840 0 0 0 -30
0.5840 0.0086 0.0828 0 0 0 -30
0.6180 0.0086 0.0804 0 0 0 -30
0.5900 0.0082 0.0786 0 0 0 0
0.5940 0.0092 0.0769 0 0 0 -30
0.5900 0.0090 0.0766 0 0 0 -30
0.6060 0.0083 0.0752 0 0 0 -30
0.6060 0.0073 0.0755 0 0 0 -30
0.6080 0.0073 0.0755 0 0 0 -30
0.5720 0.0070 0.0754 0 0 0 0
0.5880 0.0092 0.0730 0 0 0 -30
0.5780 0.0092 0.0730 0 0 0 -30
0.5800 0.0099 0.0718 0 0 0 -30
0.5720 0.0107 0.0701 0 0 0 0
0.5880 0.0113 0.0684 0 0 0 -30
0.5880 0.0113 0.0684 0 0 0 -30
0.5920 0.0113 0.0677 0 0 0 -30
0.5720 0.0112 0.0673 0 0 0 -30
0.5840 0.0108 0.0667 0 0 0 -30
0.5700 0.0102 0.0658 0 0 0 -30
0.5700 0.0102 0.0658 0 0 0 -30
0.5700 0.0102 0.0658 0 0 0 0
0.5640 0.0087 0.0647 0 0 0 -30
0.5760 0.0077 0.0622 0 0 0 -30
0.5780 0.0077 0.0622 0 0 0 -30
0.5780 0.0090 0.0597 0 0 0 -30
0.5820 0.0090 0.0597 0 0 0 -30
0.5880 0.0097 0.0588 0 0 0 -30
0.5880 0.0097 0.0588 0 0 0 0
0.5660 0.0105 0.0565 0 0 0 -30
0.5820 0.0104 0.0555 0 0 0 -30
0.5840 0.0099 0.0516 0 0 0 -30
0.5840 0.0099 0.0516 0 0 0 -30
0.5840 0.0099 0.0516 0 0 0 -30
0.5840 0.0100 0.0504 0 0 0 -30
0.5760 0.0100 0.0504 0 0 0 0
0.5720 0.0108 0.0494 0 0 0 -30
0.5900 0.0116 0.0476 0 0 0 -30
0.5940 0.0120 0.0463 0 0 0 -30
0.5840 0.0120 0.0446 0 0 0 -30
0.6020 0.0116 0.0434 0 0 0 0
0.5800 0.0105 0.3907 0 0 0 -30
0.5920 0.0098 0.3892 0 0 0 -30
0.5600 0.0094 0.3877 0 0 0 -30
0.5600 0.0090 0.3873 0 0 0 0
0.6020 0.0095 0.3849 0 0 0 -30
0.5940 0.0099 0.3839 0 0 0 -30
0.5880 0.0099 0.3826 0 0 0 -30
0.5880 0.0099 0.3826 0 0 0 -30
0.5800 0.0096 0.3818 0 0 0 -30
0.5800 0.0096 0.3818 0 0 0 -30
0.5800 0.0096 0.3818 0 0 0 0
0.5660 0.0087 0.3809 0 0 0 -30
0.5580 0.0083 0.3809 0 0 0 -30
0.5700 0.0080 0.3805 0 0 0 -30
0.5860 0.0082 0.3800 0 0 0 -30
0.6020 0.0082 0.3795 0 0 0 0
0.6160 0.0081 0.3798 0 0 0 -30
0.5940 0.0082 0.3796 0 0 0 -30
0.5720 0.0081 0.3788 0 0 0 -30
0.5720 0.0081 0.3788 0 0 0 -30
0.5800 0.0079 0.3767 0 0 0 -30
0.5900 0.0077 0.3750 0 0 0 -30
0.5840 0.0074 0.3737 0 0 0 0
0.5820 0.0106 0.0083 0 0 0 -30
0.5820 0.0106 0.0083 0 0 0 -30
0.5620 0.0096 0.0051 0 0 0 -30
0.5760 0.0097 0.0058 0 0 0 -30
0.5820 0.0113 0.0093 0 0 0 -30
0.5820 0.0113 0.0093 0 0 0 0
0.5880 0.0101 0.0148 0 0 0 -30
0.5880 0.0090 0.0149 0 0 0 -30
0.5760 0.0090 0.0149 0 0 0 -30
0.6100 0.0079 0.0178 0 0 0 -30
0.6100 0.0079 0.0178 0 0 0 -30
0.6080 0.0076 0.0162 0 0 0 -30
0.6080 0.0076 0.0165 0 0 0 -30
0.6080 0.0073 0.0166 0 0 0 0
0.5860 0.0069 0.0151 0 0 0 -30
0.6140 0.0076 0.0070 0 0 0 -30
0.6100 0.0087 0.0032 0 0 0 -30
0.6100 0.0087 0.0032 0 0 0 -30
0.6100 0.0090 0.0023 0 0 0 -30
0.6080 0.0090 0.0023 0 0 0 -30
0.6080 0.0090 0.0023 0 0 0 0
0.5880 0.0110 -0.0086 0 30 0 0
0.6000 0.0117 -0.0106 0 30 0 0
0.6180 0.0122 -0.0125 0 30 0 0
0.6080 0.0126 -0.0127 0 30 0 0
0.6160 0.0130 -0.0110 0 30 0 0
0.6160 0.0130 -0.0110 0 30 0 0
0.6080 0.0138 -0.0101 0 30 0 0
0.6080 0.0138 -0.0101 0 30 0 0
0.6160 0.0134 -0.0100 0 30 0 0
0.6160 0.0134 -0.0100 0 30 0 0
0.6160 0.0134 -0.0100 0 30 0 0
0.6160 0.0134 -0.0100 0 30 0 0
0.6020 0.0127 -0.0074 0 30 0 0
0.6020 0.0127 -0.0074 0 30 0 0
0.6020 0.0127 -0.0074 0 30 0 0
0.6020 0.0127 -0.0074 0 30 0 0
0.6020 0.0127 -0.0074 0 30 0 0
0.6020 0.0127 -0.0074 0 30 0 0
0.5740 0.0112 -0.0067 0 30 0 0
0.5740 0.0112 -0.0067 0 30 0 0
0.5740 0.0112 -0.0067 0 30 0 0
0.5880 0.0104 -0.0060 0 30 0 0
0.5880 0.0104 -0.0060 0 30 0 0
0.5880 0.0104 -0.0060 0 30 0 0
0.5880 0.0104 -0.0060 0 30 0 0
0.5960 0.0102 -0.0071 0 30 0 0
0.5960 0.0102 -0.0071 0 30 0 0
0.5960 0.0102 -0.0071 0 30 0 0
0.5960 0.0102 -0.0071 0 30 0 0
0.5960 0.0102 -0.0071 0 30 0 0
0.5760 0.0099 -0.0081 0 30 0 0
0.5760 0.0099 -0.0081 0 30 0 0
0.5900 0.0097 -0.0088 0 30 0 0
0.5900 0.0097 -0.0088 0 30 0 0
0.5900 0.0097 -0.0088 0 30 0 0
0.5900 0.0097 -0.0088 0 30 0 0
0.5720 0.0096 -0.0115 0 30 0 0
0.5720 0.0096 -0.0115 0 30 0 0
0.5720 0.0096 -0.0115 0 30 0 0
0.5720 0.0096 -0.0115 0 30 0 0
0.5720 0.0096 -0.0115 0 30 0 0
0.5720 0.0096 -0.0115 0 30 0 0
0.5740 0.0094 -0.0110 0 30 0 0
0.5760 0.0092 -0.0109 0 30 0 0
0.5760 0.0092 -0.0109 0 30 0 0
0.5760 0.0092 -0.0109 0 30 0 0
0.5760 0.0092 -0.0109 0 30 0 0
0.5760 0.0092 -0.0109 0 30 0 0
0.5840 0.0088 -0.0133 0 30 0 0
0.5840 0.0088 -0.0133 0 30 0 0
0.5840 0.0088 -0.0133 0 30 0 0
0.5840 0.0088 -0.0133 0 30 0 0
0.5840 0.0088 -0.0133 0 30 0 0
0.5840 0.0088 -0.0133 0 30 0 0
0.6000 0.0084 -0.0141 0 30 0 0
0.6000 0.0084 -0.0141 0 30 0 0
0.5900 0.0084 -0.0159 0 30 0 0
0.5900 0.0084 -0.0159 0 30 0 0
0.5900 0.0084 -0.0159 0 30 0 0
0.5900 0.0084 -0.0159 0 30 0 0
0.5900 0.0084 -0.0159 0 30 0 0
0.5720 0.0085 -0.0163 0 30 0 0
0.5720 0.0085 -0.0163 0 30 0 0
0.5720 0.0085 -0.0163 0 30 0 0
0.5720 0.0085 -0.0163 0 30 0 0
0.5720 0.0085 -0.0163 0 30 0 0
0.5720 0.0085 -0.0163 0 30 0 0
0.5840 0.0086 -0.0124 0 30 0 0
0.5840 0.0086 -0.0124 0 30 0 0
0.5660 0.0088 -0.0120 0 30 0 0
0.5660 0.0088 -0.0120 0 30 0 0
0.5660 0.0088 -0.0120 0 30 0 0
0.5660 0.0088 -0.0120 0 30 0 0
0.5660 0.0088 -0.0120 0 30 0 0
0.5660 0.0088 -0.0120 0 30 0 0
0.5660 0.0088 -0.0120 0 30 0 0
0.5660 0.0088 -0.0120 0 30 0 0
0.6000 0.0092 -0.0108 0 30 0 0
0.6000 0.0092 -0.0108 0 30 0 0
0.6000 0.0092 -0.0108 0 30 0 0
0.5960 0.0099 -0.0098 0 30 0 0
0.5960 0.0099 -0.0098 0 30 0 0
0.5840 0.0102 -0.0097 0 30 0 0
0.5840 0.0102 -0.0097 0 30 0 0
0.5840 0.0102 -0.0097 0 30 0 0
0.5960 0.0104 -0.0095 0 30 0 0
0.5960 0.0104 -0.0095 0 30 0 0
0.5960 0.0104 -0.0095 0 30 0 0
0.5960 0.0104 -0.0095 0 30 0 0
0.5960 0.0104 -0.0095 0 30 0 0
0.5960 0.0104 -0.0095 0 30 0 0
0.6080 0.0104 -0.0062 0 30 0 0
0.6080 0.0104 -0.0062 0 30 0 0
0.6080 0.0104 -0.0062 0 30 0 0
0.6320 0.0104 -0.0086 0 30 0 0
0.6320 0.0104 -0.0086 0 30 0 0
0.6320 0.0104 -0.0086 0 30 0 0
0.6320 0.0104 -0.0086 0 30 0 0
0.6180 0.0103 -0.0084 0 30 0 0
0.6180 0.0103 -0.0084 0 30 0 0
0.6180 0.0103 -0.0084 0 30 0 0
0.6180 0.0103 -0.0084 0 30 0 0
0.6180 0.0103 -0.0084 0 30 0 0
0.6180 0.0103 -0.0084 0 30 0 0
0.6120 0.0099 -0.0059 0 30 0 0
0.6120 0.0099 -0.0059 0 30 0 0
0.6120 0.0099 -0.0059 0 30 0 0
0.5900 0.0094 -0.0061 0 30 0 0
0.5900 0.0094 -0.0061 0 30 0 0
0.5900 0.0088 -0.0074 0 30 0 0
0.6000 0.0088 -0.0074 0 30 0 0
0.6000 0.0088 -0.0074 0 30 0 0
0.6000 0.0088 -0.0074 0 30 0 0
0.6000 0.0088 -0.0074 0 30 0 0
0.6000 0.0088 -0.0074 0 30 0 0
0.5920 0.0081 -0.0086 0 30 0 0
0.5920 0.0081 -0.0086 0 30 0 0
0.5920 0.0081 -0.0086 0 30 0 0
0.6300 0.0076 -0.0095 0 30 0 0
0.6300 0.0076 -0.0095 0 30 0 0
0.6300 0.0076 -0.0095 0 30 0 0
0.6040 0.0074 -0.0057 0 30 0 0
0.6040 0.0074 -0.0057 0 30 0 0
0.6040 0.0074 -0.0057 0 30 0 0
0.6040 0.0074 -0.0057 0 30 0 0
0.6040 0.0074 -0.0057 0 30 0 0
0.6040 0.0074 -0.0057 0 30 0 0
0.5940 0.0073 -0.0054 0 30 0 0
0.5940 0.0073 -0.0054 0 30 0 0
0.5940 0.0073 -0.0054 0 30 0 0
0.6020 0.0075 -0.0043 0 30 0 0
0.6020 0.0075 -0.0043 0 30 0 0
0.6020 0.0075 -0.0043 0 30 0 0
0.6020 0.0075 -0.0043 0 30 0 0
0.5840 0.0076 -0.0020 0 30 0 0
0.5840 0.0076 -0.0020 0 30 0 0
0.5840 0.0076 -0.0020 0 30 0 0
0.5840 0.0076 -0.0020 0 30 0 0
0.5840 0.0076 -0.0020 0 30 0 0
0.5840 0.0076 -0.0001 0 0 0 0
0.5980 0.0070 -0.0033 0 30 0 0
0.6160 0.0071 -0.0030 0 30 0 0
0.5980 0.0073 -0.0036 0 30 0 0
0.5980 0.0073 -0.0036 0 30 0 0
0.5980 0.0073 -0.0036 0 30 0 0
0.5980 0.0073 -0.0036 0 30 0 0
0.5980 0.0073 -0.0036 0 30 0 0
0.5980 0.0073 -0.0036 0 30 0 0
0.5980 0.0073 -0.0036 0 30 0 0
0.5980 0.0073 -0.0036 0 30 0 0
0.5980 0.0077 -0.0052 0 30 0 0
0.6000 0.0077 -0.0052 0 30 0 0
0.6000 0.0077 -0.0052 0 30 0 0
0.6100 0.0094 -0.0050 0 30 0 0
0.6080 0.0103 -0.0028 0 30 0 0
0.6080 0.0110 -0.0002 0 30 0 0
0.6220 0.0116 0.0035 0 0 0 0
0.6020 0.0098 0.0024 30 0 0 0
0.6080 0.0102 0.0055 30 0 0 0
0.6240 0.0099 0.0044 30 0 0 0
0.6080 0.0094 0.0027 30 0 0 0
0.6080 0.0091 0.0019 30 0 0 0
0.6080 0.0091 0.0019 30 0 0 0
0.6120 0.0094 -0.0009 30 0 0 0
0.5900 0.0098 -0.0032 30 0 0 0
0.5900 0.0098 -0.0032 30 0 0 0
0.5880 0.0105 -0.0024 30 0 0 0
0.5880 0.0105 -0.0024 30 0 0 0
0.5880 0.0105 -0.0024 30 0 0 0
0.5880 0.0105 -0.0024 30 0 0 0
0.5880 0.0105 -0.0024 30 0 0 0
0.5820 0.0107 0.0021 30 0 0 0
0.5820 0.0107 0.0021 30 0 0 0
0.6060 0.0107 0.0013 30 0 0 0
0.6060 0.0107 0.0013 30 0 0 0
0.6060 0.0107 0.0013 30 0 0 0
0.6060 0.0107 0.0013 30 0 0 0
0.6060 0.0107 0.0013 30 0 0 0
0.6060 0.0107 0.0013 30 0 0 0
0.6200 0.0103 -0.0023 30 0 0 0
0.6200 0.0103 -0.0023 30 0 0 0
0.6200 0.0103 -0.0023 30 0 0 0
0.6200 0.0103 -0.0023 30 0 0 0
0.6040 0.0098 -0.0052 30 0 0 0
0.6040 0.0098 -0.0052 0 0 0 0
0.5720 0.0139 0.3847 0 30 0 0
0.5860 0.0139 0.3847 0 30 0 0
0.5760 0.0155 0.3861 0 30 0 0
0.5760 0.0155 0.3861 0 30 0 0
0.5880 0.0158 0.3893 0 30 0 0
0.5780 0.0145 0.3886 0 30 0 0
0.5860 0.0120 0.3903 0 30 0 0
0.5860 0.0111 0.3913 0 30 0 0
0.6080 0.0102 0.3913 0 30 0 0
0.6080 0.0102 0.3913 0 30 0 0
0.6080 0.0102 0.3913 0 30 0 0
0.6080 0.0098 0.3907 0 0 0 0
0.5780 0.0080 -0.0691 0 30 0 0
0.5780 0.0085 -0.0712 0 30 0 0
0.5640 0.0085 -0.0712 0 30 0 0
0.5800 0.0084 -0.0705 0 30 0 0
0.5780 0.0088 -0.0705 0 30 0 0
0.5720 0.0100 -0.0686 0 30 0 0
0.5740 0.0110 -0.0673 0 30 0 0
0.5740 0.0110 -0.0673 0 30 0 0
0.5780 0.0119 -0.0665 0 30 0 0
0.5780 0.0119 -0.0665 0 30 0 0
0.5880 0.0126 -0.0653 0 30 0 0
0.5880 0.0126 -0.0653 0 30 0 0
0.5880 0.0126 -0.0653 0 30 0 0
0.5880 0.0126 -0.0653 0 30 0 0
0.5860 0.0129 -0.0655 0 30 0 0
0.5860 0.0129 -0.0655 0 30 0 0
0.5860 0.0129 -0.0655 0 30 0 0
0.5860 0.0129 -0.0655 0 0 0 0
0.5640 0.0106 -0.0622 0 30 0 0
0.5720 0.0089 -0.0615 0 30 0 0
0.5800 0.0089 -0.0615 0 30 0 0
0.6120 0.0086 -0.0613 0 30 0 0
0.5840 0.0092 -0.0624 0 30 0 0
0.5800 0.0099 -0.0632 0 30 0 0
0.5800 0.0099 -0.0632 0 30 0 0
0.5980 0.0104 -0.0629 0 30 0 0
0.5980 0.0104 -0.0629 0 30 0 0
0.5980 0.0104 -0.0629 0 30 0 0
0.5980 0.0104 -0.0629 0 30 0 0
0.5980 0.0104 -0.0629 0 30 0 0
0.5980 0.0104 -0.0629 0 30 0 0
0.5980 0.0104 -0.0629 0 30 0 0
0.5980 0.0104 -0.0629 0 30 0 0
0.5980 0.0104 -0.0629 0 30 0 0
0.5980 0.0104 -0.0629 0 30 0 0
0.5980 0.0104 -0.0629 0 0 0 0
0.5960 0.0110 -0.0650 0 0 0 30
0.5660 0.0115 -0.0636 0 0 0 30
0.5700 0.0122 -0.0664 0 0 0 30
0.5840 0.0126 -0.0666 0 0 0 30
0.5740 0.0126 -0.0666 0 0 0 30
0.5740 0.0126 -0.0666 0 0 0 30
0.5900 0.0120 -0.0674 0 0 0 30
0.5900 0.0120 -0.0674 0 0 0 30
0.5940 0.0113 -0.0752 0 0 0 0
0.5820 0.0092 -0.0797 0 0 0 30
0.5860 0.0089 -0.0784 0 0 0 30
0.5740 0.0084 -0.0764 0 0 0 30
0.5720 0.0080 -0.0750 0 0 0 30
0.5760 0.0083 -0.0765 0 0 0 0
0.5720 0.0126 -0.0774 0 0 0 30
0.5720 0.0138 -0.0781 0 0 0 30
0.5620 0.0147 -0.0773 0 0 0 30
0.5720 0.0148 -0.0777 0 0 0 30
0.5580 0.0138 0.3350 0 0 0 0
0.5460 0.0073 -0.0575 0 30 0 0
0.5600 0.0073 -0.0575 0 30 0 0
0.5500 0.0076 -0.0571 0 30 0 0
0.5380 0.0080 -0.0548 0 30 0 0
0.5500 0.0077 -0.0495 0 30 0 0
0.5760 0.0077 -0.0495 0 30 0 0
0.5820 0.0077 -0.0491 0 30 0 0
0.5820 0.0077 -0.0491 0 30 0 0
0.5820 0.0077 -0.0491 0 30 0 0
0.5660 0.0077 -0.0490 0 30 0 0
0.5660 0.0077 -0.0490 0 30 0 0
0.5660 0.0077 -0.0490 0 30 0 0
0.5700 0.0081 -0.0487 0 30 0 0
0.5700 0.0081 -0.0487 0 30 0 0
0.5760 0.0085 -0.0493 0 30 0 0
0.5760 0.0085 -0.0493 0 30 0 0
0.5760 0.0085 -0.0493 0 30 0 0
0.5760 0.0085 -0.0493 0 30 0 0
0.5760 0.0085 -0.0493 0 0 0 0
0.5740 0.0100 -0.0504 30 0 0 0
0.5740 0.0100 -0.0504 30 0 0 0
0.5680 0.0100 -0.0516 30 0 0 0
0.5620 0.0100 -0.0517 30 0 0 0
0.5500 0.0104 -0.0525 30 0 0 0
0.5560 0.0106 -0.0530 30 0 0 0
0.5560 0.0109 -0.0533 30 0 0 0
0.5560 0.0109 -0.0533 30 0 0 0
0.5780 0.0108 0.3905 30 0 0 0
0.5780 0.0108 0.3905 30 0 0 0
0.5780 0.0108 0.3905 30 0 0 0
0.5780 0.0108 0.3905 30 0 0 0
0.5600 0.0103 0.3906 30 0 0 0
0.5600 0.0103 0.3906 30 0 0 0
0.5600 0.0103 0.3906 30 0 0 0
0.5600 0.0103 0.3906 30 0 0 0
0.5600 0.0103 0.3906 30 0 0 0
0.5600 0.0103 0.3906 30 0 0 0
0.5740 0.0099 0.3910 30 0 0 0
0.5740 0.0099 0.3910 30 0 0 0
0.5740 0.0099 0.3910 30 0 0 0
0.5740 0.0099 0.3910 30 0 0 0
0.5600 0.0097 0.3911 30 0 0 0
0.5600 0.0097 0.3911 30 0 0 0
0.5460 0.0098 0.3889 0 0 0 0
0.5720 0.0099 0.3888 30 0 0 0
0.5720 0.0099 0.3888 30 0 0 0
0.5560 0.0093 0.3883 30 0 0 0
0.5560 0.0089 0.3884 30 0 0 0
0.5700 0.0084 0.3872 30 0 0 0
0.5700 0.0084 0.3872 30 0 0 0
0.5700 0.0084 0.3872 30 0 0 0
0.5500 0.0082 0.3857 30 0 0 0
0.5500 0.0082 0.3857 30 0 0 0
0.5500 0.0082 0.3857 30 0 0 0
0.5500 0.0083 0.3872 30 0 0 0
0.5720 0.0083 0.3872 30 0 0 0
0.5720 0.0083 0.3872 30 0 0 0
0.5720 0.0083 0.3872 30 0 0 0
0.5720 0.0083 0.3872 30 0 0 0
0.5720 0.0084 0.3863 30 0 0 0
0.5720 0.0084 0.3863 30 0 0 0
0.5720 0.0084 0.3863 30 0 0 0
0.5720 0.0084 0.3863 30 0 0 0
0.5720 0.0084 0.3863 30 0 0 0
0.5780 0.0078 0.3825 30 0 0 0
0.5780 0.0078 0.3825 30 0 0 0
0.5780 0.0078 0.3825 30 0 0 0
0.5760 0.0073 0.3827 0 0 0 0
0.5780 0.0071 0.3855 30 0 0 0
0.5820 0.0069 0.3856 30 0 0 0
0.5780 0.0068 0.3846 30 0 0 0
0.5860 0.0066 0.3857 30 0 0 0
0.5820 0.0072 0.3873 30 0 0 0
0.5820 0.0072 0.3873 30 0 0 0
0.6040 0.0069 0.3876 30 0 0 0
0.6040 0.0069 0.3876 30 0 0 0
0.6040 0.0069 0.3876 30 0 0 0
0.5800 0.0066 0.3863 30 0 0 0
0.5800 0.0066 0.3863 30 0 0 0
0.6060 0.0066 0.3873 30 0 0 0
0.6060 0.0066 0.3873 30 0 0 0
0.6060 0.0066 0.3873 30 0 0 0
0.6060 0.0066 0.3873 30 0 0 0
0.6060 0.0066 0.3873 30 0 0 0
0.6140 0.0066 0.3865 30 0 0 0
0.6140 0.0066 0.3865 30 0 0 0
0.6140 0.0066 0.3865 30 0 0 0
0.6140 0.0066 0.3865 30 0 0 0
0.6100 0.0067 0.3867 30 0 0 0
0.6100 0.0067 0.3867 30 0 0 0
0.6100 0.0067 0.3867 30 0 0 0
0.5940 0.0068 0.3856 30 0 0 0
0.5940 0.0068 0.3856 30 0 0 0
0.5940 0.0068 0.3856 30 0 0 0
0.5940 0.0068 0.3856 30 0 0 0
0.5900 0.0071 0.3861 30 0 0 0
0.5900 0.0071 0.3861 30 0 0 0
0.5900 0.0071 0.3861 30 0 0 0
0.5900 0.0071 0.3861 30 0 0 0
0.5900 0.0071 0.3861 30 0 0 0
0.6160 0.0070 0.3900 30 0 0 0
0.6160 0.0070 0.3900 30 0 0 0
0.6160 0.0070 0.3900 30 0 0 0
0.6140 0.0066 0.3901 30 0 0 0
0.6140 0.0066 0.3901 30 0 0 0
0.6140 0.0066 0.3901 30 0 0 0
0.6140 0.0066 0.3901 30 0 0 0
0.6140 0.0066 0.3901 30 0 0 0
0.6020 0.0065 0.3921 30 0 0 0
0.6020 0.0065 0.3921 30 0 0 0
0.6020 0.0065 0.3921 30 0 0 0
0.5940 0.0065 0.3919 30 0 0 0
0.5940 0.0065 0.3919 30 0 0 0
0.5940 0.0065 0.3919 30 0 0 0
0.6000 0.0066 0.3946 30 0 0 0
0.6000 0.0066 0.3946 30 0 0 0
0.6000 0.0066 0.3946 30 0 0 0
0.6000 0.0066 0.3946 30 0 0 0
0.6000 0.0066 0.3946 0 0 0 0
0.5800 0.0064 0.3911 30 0 0 0
0.5880 0.0064 0.3911 30 0 0 0
0.5780 0.0065 0.3945 30 0 0 0
0.5680 0.0067 0.3954 30 0 0 0
0.5760 0.0068 0.3932 30 0 0 0
0.5780 0.0066 0.3937 30 0 0 0
0.5940 0.0066 0.3912 30 0 0 0
0.5800 0.0066 0.3902 30 0 0 0
0.5800 0.0066 0.3902 30 0 0 0
0.5660 0.0067 0.3893 30 0 0 0
0.5660 0.0067 0.3893 30 0 0 0
0.5880 0.0067 0.3918 30 0 0 0
0.5880 0.0067 0.3918 30 0 0 0
0.5880 0.0067 0.3918 30 0 0 0
0.5880 0.0067 0.3918 30 0 0 0
0.5740 0.0066 0.3935 30 0 0 0
0.5740 0.0066 0.3935 30 0 0 0
0.5740 0.0066 0.3935 30 0 0 0
0.5740 0.0066 0.3935 30 0 0 0
0.5740 0.0066 0.3935 30 0 0 0
0.5740 0.0066 0.3935 30 0 0 0
0.5700 0.0064 0.3979 30 0 0 0
0.5700 0.0064 0.3979 30 0 0 0
0.5700 0.0061 0.4026 30 0 0 0
0.5700 0.0061 0.4026 30 0 0 0
0.5700 0.0061 0.4026 30 0 0 0
0.5700 0.0061 0.4026 30 0 0 0
0.5700 0.0061 0.4026 30 0 0 0
0.5880 0.0060 0.4022 30 0 0 0
0.5880 0.0060 0.4022 30 0 0 0
0.5880 0.0060 0.4022 30 0 0 0
0.5880 0.0060 0.4022 30 0 0 0
0.5880 0.0060 0.4022 30 0 0 0
0.5880 0.0060 0.4022 30 0 0 0
0.5760 0.0060 0.4020 30 0 0 0
0.5760 0.0060 0.4020 30 0 0 0
0.6120 0.0062 0.4015 30 0 0 0
0.6120 0.0062 0.4015 30 0 0 0
0.6120 0.0062 0.4015 30 0 0 0
0.6120 0.0062 0.4015 30 0 0 0
0.6120 0.0062 0.4015 30 0 0 0
0.5620 0.0064 0.4003 30 0 0 0
0.5620 0.0064 0.4003 30 0 0 0
0.5620 0.0064 0.4003 30 0 0 0
0.5620 0.0064 0.4003 30 0 0 0
0.5600 0.0066 0.3991 30 0 0 0
0.5600 0.0066 0.3991 30 0 0 0
0.5600 0.0065 0.4011 30 0 0 0
0.5640 0.0065 0.4011 30 0 0 0
0.5640 0.0065 0.4011 30 0 0 0
0.5640 0.0065 0.4011 30 0 0 0
0.5640 0.0065 0.4011 30 0 0 0
0.5800 0.0063 0.4041 30 0 0 0
0.5800 0.0063 0.4041 30 0 0 0
0.5800 0.0063 0.4041 30 0 0 0
0.5800 0.0063 0.4041 30 0 0 0
0.5800 0.0063 0.4041 30 0 0 0
0.5800 0.0063 0.4041 30 0 0 0
0.5800 0.0063 0.4041 30 0 0 0
0.5760 0.0062 0.4033 30 0 0 0
0.5480 0.0064 0.4061 30 0 0 0
0.5480 0.0064 0.4061 30 0 0 0
0.5480 0.0064 0.4061 30 0 0 0
0.5480 0.0064 0.4061 30 0 0 0
0.5620 0.0067 0.4029 30 0 0 0
0.5620 0.0067 0.4029 30 0 0 0
0.5620 0.0067 0.4029 30 0 0 0
0.5620 0.0067 0.4029 30 0 0 0
0.5620 0.0067 0.4029 30 0 0 0
0.5620 0.0067 0.4029 30 0 0 0
0.5620 0.0067 0.4029 30 0 0 0
0.5620 0.0067 0.4029 30 0 0 0
0.5780 0.0074 0.4033 30 0 0 0
0.5700 0.0077 0.4069 30 0 0 0
0.5700 0.0077 0.4069 30 0 0 0
0.5700 0.0077 0.4069 30 0 0 0
0.5740 0.0079 0.4065 30 0 0 0
0.5740 0.0079 0.4065 30 0 0 0
0.5740 0.0079 0.4065 30 0 0 0
0.5740 0.0079 0.4065 30 0 0 0
0.5740 0.0079 0.4065 30 0 0 0
0.5740 0.0079 0.4065 30 0 0 0
0.5900 0.0079 0.4032 30 0 0 0
0.5900 0.0079 0.4032 30 0 0 0
0.5660 0.0078 0.4020 30 0 0 0
0.5660 0.0078 0.4020 30 0 0 0
0.5660 0.0078 0.4020 30 0 0 0
0.5660 0.0078 0.4020 30 0 0 0
0.5660 0.0078 0.4020 30 0 0 0
0.5680 0.0076 0.3985 30 0 0 0
0.5680 0.0076 0.3985 30 0 0 0
0.5680 0.0076 0.3985 30 0 0 0
0.5680 0.0076 0.3985 30 0 0 0
0.5680 0.0076 0.3985 30 0 0 0
0.5680 0.0076 0.3985 30 0 0 0
0.5680 0.0076 0.3985 30 0 0 0
0.5680 0.0076 0.3985 30 0 0 0
0.5680 0.0076 0.3985 30 0 0 0
0.5680 0.0076 0.3985 30 0 0 0
0.5680 0.0076 0.3985 30 0 0 0
0.5680 0.0076 0.3985 30 0 0 0
0.5580 0.0073 0.3963 30 0 0 0
0.5580 0.0073 0.3963 30 0 0 0
0.5580 0.0070 0.3976 30 0 0 0
0.5580 0.0067 0.3998 30 0 0 0
0.5580 0.0067 0.3998 30 0 0 0
0.5580 0.0067 0.3998 30 0 0 0
0.5500 0.0066 0.3980 30 0 0 0
0.5500 0.0069 0.3950 30 0 0 0
0.5500 0.0069 0.3950 30 0 0 0
0.5500 0.0069 0.3950 30 0 0 0
0.5500 0.0069 0.3950 30 0 0 0
0.5500 0.0069 0.3950 30 0 0 0
0.5680 0.0071 0.3935 30 0 0 0
0.5680 0.0071 0.3935 30 0 0 0
0.5680 0.0071 0.3935 30 0 0 0
0.5680 0.0071 0.3935 30 0 0 0
0.5680 0.0071 0.3935 30 0 0 0
0.5680 0.0071 0.3935 30 0 0 0
0.5680 0.0069 0.3946 30 0 0 0
0.5640 0.0069 0.3946 30 0 0 0
0.5700 0.0071 0.3939 30 0 0 0
0.5700 0.0071 0.3939 30 0 0 0
0.5700 0.0071 0.3939 30 0 0 0
0.5700 0.0071 0.3939 30 0 0 0
0.5720 0.0070 0.3945 30 0 0 0
0.5720 0.0070 0.3945 30 0 0 0
0.5720 0.0070 0.3945 30 0 0 0
0.5720 0.0070 0.3945 30 0 0 0
0.5720 0.0070 0.3945 30 0 0 0
0.5680 0.0070 0.3909 30 0 0 0
0.5680 0.0070 0.3909 30 0 0 0
0.5680 0.0070 0.3909 30 0 0 0
0.5740 0.0069 0.3956 30 0 0 0
0.5740 0.0069 0.3956 30 0 0 0
0.5740 0.0069 0.3956 30 0 0 0
0.5740 0.0069 0.3956 30 0 0 0
0.5520 0.0069 0.3916 30 0 0 0
0.5520 0.0069 0.3916 30 0 0 0
0.5520 0.0069 0.3916 30 0 0 0
0.5520 0.0069 0.3916 30 0 0 0
0.5520 0.0069 0.3916 30 0 0 0
0.5520 0.0069 0.3916 30 0 0 0
0.5600 0.0073 0.3904 30 0 0 0
0.5600 0.0073 0.3904 30 0 0 0
0.5660 0.0079 0.3937 30 0 0 0
0.5660 0.0079 0.3937 30 0 0 0
0.5660 0.0079 0.3937 30 0 0 0
0.5660 0.0079 0.3937 30 0 0 0
0.5620 0.0087 0.3933 30 0 0 0
0.5620 0.0087 0.3933 30 0 0 0
0.5620 0.0087 0.3933 30 0 0 0
0.5620 0.0087 0.3933 30 0 0 0
0.5620 0.0087 0.3933 30 0 0 0
0.5620 0.0087 0.3933 30 0 0 0
0.5580 0.0093 0.4013 30 0 0 0
0.5580 0.0093 0.4013 30 0 0 0
0.5580 0.0093 0.4013 30 0 0 0
0.5520 0.0098 0.4017 30 0 0 0
0.5520 0.0098 0.4017 30 0 0 0
0.5520 0.0098 0.4017 30 0 0 0
0.5520 0.0098 0.4017 30 0 0 0
0.5520 0.0103 0.3983 30 0 0 0
0.5600 0.0103 0.3983 30 0 0 0
0.5600 0.0103 0.3983 30 0 0 0
0.5600 0.0103 0.3983 30 0 0 0
0.5600 0.0103 0.3983 30 0 0 0
0.5600 0.0103 0.3983 30 0 0 0
0.5560 0.0106 0.3935 30 0 0 0
0.5560 0.0106 0.3935 30 0 0 0
0.5580 0.0105 0.3928 30 0 0 0
0.5580 0.0105 0.3928 30 0 0 0
0.5580 0.0105 0.3928 30 0 0 0
0.5580 0.0105 0.3928 30 0 0 0
0.5580 0.0105 0.3928 30 0 0 0
0.5580 0.0105 0.3928 30 0 0 0
0.5600 0.0107 0.3894 30 0 0 0
0.5600 0.0107 0.3894 30 0 0 0
0.5600 0.0107 0.3894 30 0 0 0
0.5600 0.0107 0.3894 30 0 0 0
0.5600 0.0107 0.3894 30 0 0 0
0.5640 0.0109 0.3877 30 0 0 0
0.5640 0.0109 0.3877 30 0 0 0
0.5600 0.0110 0.3870 30 0 0 0
0.5600 0.0110 0.3870 30 0 0 0
0.5600 0.0110 0.3870 30 0 0 0
0.5600 0.0110 0.3870 30 0 0 0
0.5600 0.0110 0.3870 30 0 0 0
0.5600 0.0110 0.3870 30 0 0 0
0.5680 0.0110 0.3798 30 0 0 0
0.5680 0.0110 0.3798 30 0 0 0
0.5680 0.0110 0.3798 30 0 0 0
0.5680 0.0110 0.3798 30 0 0 0
0.5880 0.0106 0.3777 30 0 0 0
0.5880 0.0106 0.3777 30 0 0 0
0.5880 0.0106 0.3777 30 0 0 0
0.5880 0.0106 0.3777 30 0 0 0
0.5880 0.0106 0.3777 30 0 0 0
0.5880 0.0106 0.3777 30 0 0 0
0.5880 0.0106 0.3777 30 0 0 0
0.5880 0.0106 0.3777 30 0 0 0
0.5880 0.0106 0.3777 30 0 0 0
0.5880 0.0106 0.3777 30 0 0 0
0.5600 0.0103 0.3762 30 0 0 0
0.5600 0.0103 0.3762 30 0 0 0
0.5440 0.0098 0.3776 30 0 0 0
0.5560 0.0091 0.3769 30 0 0 0
0.5640 0.0089 0.3759 30 0 0 0
0.5640 0.0089 0.3759 30 0 0 0
0.5640 0.0089 0.3759 30 0 0 0
0.5640 0.0089 0.3759 30 0 0 0
0.5640 0.0089 0.3759 30 0 0 0
0.5640 0.0089 0.3759 30 0 0 0
0.5420 0.0086 -0.0470 30 0 0 0
0.5420 0.0086 -0.0470 30 0 0 0
0.5420 0.0086 -0.0470 30 0 0 0
0.5420 0.0086 -0.0470 30 0 0 0
0.5420 0.0086 -0.0470 30 0 0 0
0.5420 0.0088 -0.0480 30 0 0 0
0.5460 0.0088 -0.0480 30 0 0 0
0.5460 0.0088 -0.0480 30 0 0 0
0.5560 0.0093 -0.0459 30 0 0 0
0.5560 0.0093 -0.0459 30 0 0 0
0.5560 0.0093 -0.0459 30 0 0 0
0.5560 0.0093 -0.0459 30 0 0 0
0.5560 0.0093 -0.0459 30 0 0 0
0.5560 0.0093 -0.0459 30 0 0 0
0.5640 0.0099 -0.0419 30 0 0 0
0.5640 0.0099 -0.0419 30 0 0 0
0.5640 0.0099 -0.0419 30 0 0 0
0.5640 0.0099 -0.0419 30 0 0 0
0.5800 0.0109 -0.0409 30 0 0 0
0.5800 0.0109 -0.0409 30 0 0 0
0.5860 0.0116 -0.0385 30 0 0 0
0.5860 0.0116 -0.0385 30 0 0 0
0.5860 0.0116 -0.0385 30 0 0 0
0.5860 0.0116 -0.0385 30 0 0 0
0.5860 0.0116 -0.0385 30 0 0 0
0.5620 0.0121 -0.0362 30 0 0 0
0.5620 0.0121 -0.0362 30 0 0 0
0.5620 0.0121 -0.0362 30 0 0 0
0.5620 0.0121 -0.0362 30 0 0 0
0.5620 0.0121 -0.0362 30 0 0 0
0.5780 0.0118 -0.0364 30 0 0 0
0.5780 0.0118 -0.0364 30 0 0 0
0.5780 0.0118 -0.0364 30 0 0 0
0.5760 0.0113 -0.0332 30 0 0 0
0.5760 0.0113 -0.0332 30 0 0 0
0.5760 0.0113 -0.0332 30 0 0 0
0.5760 0.0113 -0.0332 30 0 0 0
0.5760 0.0113 -0.0332 30 0 0 0
0.5680 0.0105 -0.0349 30 0 0 0
0.5680 0.0105 -0.0349 30 0 0 0
0.5680 0.0105 -0.0349 30 0 0 0
0.5680 0.0105 -0.0349 30 0 0 0
0.5680 0.0105 -0.0349 30 0 0 0
0.5680 0.0105 -0.0349 30 0 0 0
0.5660 0.0101 -0.0330 30 0 0 0
0.5660 0.0101 -0.0330 30 0 0 0
0.5760 0.0100 -0.0322 30 0 0 0
0.5760 0.0100 -0.0322 30 0 0 0
0.5760 0.0100 -0.0322 30 0 0 0
0.5760 0.0100 -0.0322 30 0 0 0
0.5760 0.0100 -0.0322 30 0 0 0
0.5700 0.0102 -0.0294 30 0 0 0
0.5700 0.0102 -0.0294 30 0 0 0
0.5700 0.0102 -0.0294 30 0 0 0
0.5700 0.0104 -0.0273 30 0 0 0
0.5760 0.0104 -0.0273 30 0 0 0
0.5760 0.0104 -0.0273 30 0 0 0
0.5760 0.0104 -0.0267 30 0 0 0
0.5720 0.0104 -0.0267 30 0 0 0
0.5720 0.0104 -0.0267 30 0 0 0
0.5720 0.0104 -0.0267 30 0 0 0
0.5720 0.0104 -0.0267 30 0 0 0
0.5720 0.0104 -0.0267 30 0 0 0
0.5720 0.0104 -0.0267 30 0 0 0
0.5700 0.0104 -0.0253 30 0 0 0
0.5700 0.0104 -0.0253 30 0 0 0
0.5700 0.0104 -0.0253 30 0 0 0
0.5820 0.0105 -0.0263 30 0 0 0
0.5820 0.0105 -0.0263 30 0 0 0
0.5820 0.0105 -0.0263 30 0 0 0
0.6020 0.0108 -0.0268 30 0 0 0
0.6020 0.0108 -0.0268 0 0 0 0
0.6160 0.0073 -0.0148 30 0 0 0
0.6340 0.0073 -0.0165 30 0 0 0
0.6360 0.0074 -0.0187 30 0 0 0
0.6180 0.0076 -0.0302 30 0 0 0
0.6400 0.0079 -0.0336 30 0 0 0
0.6280 0.0081 -0.0326 30 0 0 0
0.6280 0.0083 -0.0305 30 0 0 0
0.6280 0.0083 -0.0305 30 0 0 0
0.6280 0.0083 -0.0305 30 0 0 0
0.6280 0.0083 -0.0305 30 0 0 0
0.6240 0.0081 -0.0295 30 0 0 0
0.6240 0.0081 -0.0295 30 0 0 0
0.6160 0.0073 -0.0275 30 0 0 0
0.6160 0.0073 -0.0275 30 0 0 0
0.6160 0.0073 -0.0275 30 0 0 0
0.6160 0.0073 -0.0275 30 0 0 0
0.6160 0.0073 -0.0275 30 0 0 0
0.6520 0.0068 -0.0240 30 0 0 0
0.6520 0.0068 -0.0240 30 0 0 0
0.6520 0.0068 -0.0240 30 0 0 0
0.6520 0.0068 -0.0240 30 0 0 0
0.6520 0.0068 -0.0240 30 0 0 0
0.6420 0.0064 -0.0231 30 0 0 0
0.6420 0.0064 -0.0231 30 0 0 0
0.6420 0.0064 -0.0231 30 0 0 0
0.6420 0.0064 -0.0231 30 0 0 0
0.6220 0.0064 -0.0227 30 0 0 0
0.6220 0.0064 -0.0227 30 0 0 0
0.6220 0.0064 -0.0227 30 0 0 0
0.6220 0.0064 -0.0227 30 0 0 0
0.6180 0.0063 -0.0181 30 0 0 0
0.6180 0.0063 -0.0181 30 0 0 0
0.6180 0.0063 -0.0181 30 0 0 0
0.6180 0.0063 -0.0181 30 0 0 0
0.6200 0.0062 -0.0174 30 0 0 0
0.6200 0.0062 -0.0174 30 0 0 0
0.6200 0.0062 -0.0174 30 0 0 0
0.6300 0.0058 -0.0168 30 0 0 0
0.6300 0.0058 -0.0168 30 0 0 0
0.6300 0.0058 -0.0168 30 0 0 0
0.6300 0.0058 -0.0168 30 0 0 0
0.6260 0.0059 -0.0163 30 0 0 0
0.6260 0.0059 -0.0163 30 0 0 0
0.6260 0.0059 -0.0163 30 0 0 0
0.6260 0.0059 -0.0163 30 0 0 0
0.6260 0.0059 -0.0163 30 0 0 0
0.6000 0.0060 -0.0152 30 0 0 0
0.6000 0.0060 -0.0152 30 0 0 0
0.6000 0.0060 -0.0152 30 0 0 0
0.6100 0.0061 -0.0187 30 0 0 0
0.6100 0.0061 -0.0187 30 0 0 0
0.6100 0.0061 -0.0187 30 0 0 0
0.6100 0.0061 -0.0187 30 0 0 0
0.6100 0.0061 -0.0187 30 0 0 0
0.6100 0.0062 -0.0169 30 0 0 0
0.6320 0.0062 -0.0169 30 0 0 0
0.6320 0.0062 -0.0169 30 0 0 0
0.6320 0.0062 -0.0169 30 0 0 0
0.6180 0.0064 -0.0163 30 0 0 0
0.6180 0.0064 -0.0163 0 0 0 0
0.6340 0.0070 -0.0192 30 0 0 0
0.5960 0.0070 -0.0192 30 0 0 0
0.6120 0.0068 -0.0187 30 0 0 0
0.6200 0.0068 -0.0186 30 0 0 0
0.6280 0.0072 -0.0238 30 0 0 0
0.6160 0.0077 -0.0243 30 0 0 0
0.6160 0.0075 -0.0286 30 0 0 0
0.6060 0.0075 -0.0286 30 0 0 0
0.6060 0.0075 -0.0286 30 0 0 0
0.6060 0.0075 -0.0286 30 0 0 0
0.6060 0.0075 -0.0286 30 0 0 0
0.6060 0.0072 -0.0287 30 0 0 0
0.6060 0.0072 -0.0287 30 0 0 0
0.6060 0.0072 -0.0287 30 0 0 0
0.6060 0.0072 -0.0287 30 0 0 0
0.6060 0.0072 -0.0287 30 0 0 0
0.6060 0.0072 -0.0287 30 0 0 0
0.6060 0.0072 -0.0287 30 0 0 0
0.6060 0.0072 -0.0287 30 0 0 0
0.6060 0.0072 -0.0287 30 0 0 0
0.6060 0.0072 -0.0287 30 0 0 0
0.6060 0.0072 -0.0287 30 0 0 0
0.6080 0.0072 -0.0311 30 0 0 0
0.5940 0.0078 -0.0315 30 0 0 0
0.5960 0.0086 -0.0345 30 0 0 0
0.5960 0.0086 -0.0345 30 0 0 0
0.5960 0.0086 -0.0345 30 0 0 0
0.5960 0.0086 -0.0345 30 0 0 0
0.5920 0.0090 -0.0377 30 0 0 0
0.5920 0.0090 -0.0377 30 0 0 0
0.5920 0.0090 -0.0377 30 0 0 0
0.6040 0.0085 -0.0354 30 0 0 0
0.6040 0.0085 -0.0354 30 0 0 0
0.6040 0.0085 -0.0354 30 0 0 0
0.6040 0.0085 -0.0354 30 0 0 0
0.6040 0.0085 -0.0354 30 0 0 0
0.5860 0.0079 -0.0353 30 0 0 0
0.5860 0.0079 -0.0353 30 0 0 0
0.5860 0.0079 -0.0353 30 0 0 0
0.5860 0.0079 -0.0353 30 0 0 0
0.5860 0.0079 -0.0353 0 0 0 0
0.5920 0.0076 -0.0398 30 0 0 0
0.5980 0.0077 -0.0395 30 0 0 0
0.6040 0.0074 -0.0400 30 0 0 0
0.5820 0.0073 -0.0395 30 0 0 0
0.5820 0.0070 -0.0392 30 0 0 0
0.5960 0.0072 -0.0345 30 0 0 0
0.5960 0.0072 -0.0345 30 0 0 0
0.5880 0.0080 -0.0344 30 0 0 0
0.5880 0.0080 -0.0344 30 0 0 0
0.5880 0.0080 -0.0344 30 0 0 0
0.5880 0.0080 -0.0344 30 0 0 0
0.6000 0.0084 -0.0281 30 0 0 0
0.6000 0.0084 -0.0281 30 0 0 0
0.6000 0.0084 -0.0281 30 0 0 0
0.6000 0.0084 -0.0281 30 0 0 0
0.6000 0.0084 -0.0281 30 0 0 0
0.5980 0.0086 -0.0285 30 0 0 0
0.5980 0.0086 -0.0285 30 0 0 0
0.5980 0.0086 -0.0285 0 0 0 0
0.6120 0.0067 -0.0299 30 0 0 0
0.5880 0.0067 -0.0299 30 0 0 0
0.5860 0.0064 -0.0322 30 0 0 0
0.5860 0.0065 -0.0321 30 0 0 0
0.6120 0.0069 -0.0306 30 0 0 0
0.5880 0.0077 -0.0308 30 0 0 0
0.5880 0.0077 -0.0308 30 0 0 0
0.5880 0.0077 -0.0308 30 0 0 0
0.5880 0.0077 -0.0308 30 0 0 0
0.5880 0.0077 -0.0308 30 0 0 0
0.6240 0.0085 -0.0304 30 0 0 0
0.6240 0.0085 -0.0304 0 0 0 0
0.6000 0.0090 -0.0358 0 30 0 0
0.5840 0.0081 -0.0374 0 30 0 0
0.5960 0.0075 -0.0370 0 30 0 0
0.5860 0.0071 -0.0369 0 30 0 0
0.5960 0.0071 -0.0368 0 30 0 0
0.5960 0.0071 -0.0368 0 30 0 0
0.5960 0.0071 -0.0368 0 30 0 0
0.5960 0.0071 -0.0368 0 30 0 0
0.5960 0.0071 -0.0368 0 30 0 0
0.5760 0.0073 -0.0363 0 30 0 0
0.5620 0.0071 -0.0369 0 30 0 0
0.5620 0.0071 -0.0369 0 30 0 0
0.5620 0.0071 -0.0369 0 30 0 0
0.5620 0.0071 -0.0365 0 30 0 0
0.5620 0.0071 -0.0365 0 30 0 0
0.5620 0.0071 -0.0365 0 30 0 0
0.5740 0.0076 -0.0362 0 0 0 0
0.5800 0.0156 -0.0370 30 0 0 0
0.5580 0.0173 -0.0369 30 0 0 0
0.5700 0.0170 -0.0379 30 0 0 0
0.5660 0.0163 -0.0382 30 0 0 0
0.5920 0.0114 -0.0338 30 0 0 0
0.5820 0.0111 -0.0278 30 0 0 0
0.5740 0.0105 -0.0274 30 0 0 0
0.5740 0.0096 -0.0240 30 0 0 0
0.5740 0.0096 -0.0240 30 0 0 0
0.5740 0.0096 -0.0240 30 0 0 0
0.5740 0.0096 -0.0240 30 0 0 0
0.5780 0.0092 -0.0250 30 0 0 0
0.5780 0.0092 -0.0250 30 0 0 0
0.5760 0.0089 -0.0204 30 0 0 0
0.5760 0.0089 -0.0204 30 0 0 0
0.5760 0.0089 -0.0204 30 0 0 0
0.5760 0.0089 -0.0204 30 0 0 0
0.5760 0.0089 -0.0204 30 0 0 0
0.5760 0.0089 -0.0204 30 0 0 0
0.5760 0.0089 -0.0204 30 0 0 0
0.5580 0.0089 -0.0191 30 0 0 0
0.5580 0.0089 -0.0191 30 0 0 0
0.5580 0.0089 -0.0191 30 0 0 0
0.5580 0.0089 -0.0191 30 0 0 0
0.5440 0.0093 -0.0153 30 0 0 0
0.5440 0.0093 -0.0153 30 0 0 0
0.5440 0.0093 -0.0153 30 0 0 0
0.5680 0.0096 -0.0156 30 0 0 0
0.5680 0.0096 -0.0156 30 0 0 0
0.5680 0.0096 -0.0156 30 0 0 0
0.5680 0.0096 -0.0156 30 0 0 0
0.5680 0.0096 -0.0156 30 0 0 0
0.5700 0.0097 -0.0121 30 0 0 0
0.5700 0.0097 -0.0121 30 0 0 0
0.5700 0.0097 -0.0121 30 0 0 0
0.5700 0.0097 -0.0121 30 0 0 0
0.5800 0.0099 -0.0123 30 0 0 0
0.5800 0.0099 -0.0123 30 0 0 0
0.5780 0.0099 -0.0056 30 0 0 0
0.5780 0.0099 -0.0056 30 0 0 0
0.5780 0.0099 -0.0056 30 0 0 0
0.5780 0.0099 -0.0056 30 0 0 0
0.5780 0.0099 -0.0056 30 0 0 0
0.5660 0.0098 -0.0052 30 0 0 0
0.5660 0.0098 -0.0052 30 0 0 0
0.5660 0.0098 -0.0052 30 0 0 0
0.5660 0.0098 -0.0052 30 0 0 0
0.5740 0.0094 -0.0072 30 0 0 0
0.5740 0.0094 -0.0072 30 0 0 0
0.5740 0.0094 -0.0072 30 0 0 0
0.5740 0.0094 -0.0072 30 0 0 0
0.5760 0.0091 -0.0060 30 0 0 0
0.5760 0.0091 -0.0060 30 0 0 0
0.5760 0.0091 -0.0060 30 0 0 0
0.5760 0.0091 -0.0060 30 0 0 0
0.5760 0.0091 -0.0060 30 0 0 0
0.5760 0.0091 -0.0060 30 0 0 0
0.5560 0.0092 -0.0069 30 0 0 0
0.5560 0.0092 -0.0069 30 0 0 0
0.5560 0.0092 -0.0069 30 0 0 0
0.5560 0.0092 -0.0069 30 0 0 0
0.5640 0.0091 -0.0072 30 0 0 0
0.5460 0.0088 -0.0084 30 0 0 0
0.5460 0.0088 -0.0084 30 0 0 0
0.5460 0.0088 -0.0084 30 0 0 0
0.5460 0.0088 -0.0084 30 0 0 0
0.5460 0.0088 -0.0084 30 0 0 0
0.5460 0.0088 -0.0084 30 0 0 0
0.5480 0.0084 -0.0104 30 0 0 0
0.5480 0.0084 -0.0104 30 0 0 0
0.5480 0.0084 -0.0104 30 0 0 0
0.5480 0.0084 -0.0104 30 0 0 0
0.5580 0.0080 -0.0100 30 0 0 0
0.5580 0.0080 -0.0100 30 0 0 0
0.5580 0.0080 -0.0100 30 0 0 0
0.5480 0.0075 -0.0096 30 0 0 0
0.5480 0.0075 -0.0096 30 0 0 0
0.5480 0.0075 -0.0096 30 0 0 0
0.5480 0.0075 -0.0096 30 0 0 0
0.5480 0.0075 -0.0096 30 0 0 0
0.5480 0.0073 -0.0089 30 0 0 0
0.5600 0.0073 -0.0089 30 0 0 0
0.5600 0.0073 -0.0089 30 0 0 0
0.5600 0.0073 -0.0089 30 0 0 0
0.5660 0.0074 -0.0058 30 0 0 0
0.5660 0.0074 -0.0058 30 0 0 0
0.5660 0.0074 -0.0058 30 0 0 0
0.5660 0.0074 -0.0058 30 0 0 0
0.5660 0.0074 -0.0058 30 0 0 0
0.5660 0.0074 -0.0058 30 0 0 0
0.5660 0.0074 -0.0058 30 0 0 0
0.5660 0.0074 -0.0058 30 0 0 0
0.5660 0.0074 -0.0058 30 0 0 0
0.5660 0.0076 -0.0024 30 0 0 0
0.5740 0.0076 -0.0024 30 0 0 0
0.5740 0.0076 -0.0024 30 0 0 0
0.5540 0.0079 -0.0020 30 0 0 0
0.5460 0.0081 -0.0064 30 0 0 0
0.5460 0.0081 -0.0064 30 0 0 0
0.5500 0.0082 -0.0076 30 0 0 0
0.5500 0.0082 -0.0076 30 0 0 0
0.5500 0.0082 -0.0076 30 0 0 0
0.5500 0.0082 -0.0076 30 0 0 0
0.5500 0.0082 -0.0076 30 0 0 0
0.5520 0.0082 -0.0078 30 0 0 0
0.5520 0.0082 -0.0078 30 0 0 0
0.5520 0.0082 -0.0078 30 0 0 0
0.5520 0.0082 -0.0078 30 0 0 0
0.5520 0.0082 -0.0078 30 0 0 0
0.5540 0.0083 -0.0085 30 0 0 0
0.5540 0.0083 -0.0085 30 0 0 0
0.5540 0.0083 -0.0085 30 0 0 0
0.5640 0.0087 -0.0082 30 0 0 0
0.5640 0.0087 -0.0082 30 0 0 0
0.5640 0.0087 -0.0082 30 0 0 0
0.5640 0.0087 -0.0082 30 0 0 0
0.5640 0.0087 -0.0082 30 0 0 0
0.5640 0.0087 -0.0082 30 0 0 0
0.5620 0.0091 -0.0084 30 0 0 0
0.5620 0.0091 -0.0084 30 0 0 0
0.5560 0.0093 -0.0069 30 0 0 0
0.5560 0.0093 -0.0069 30 0 0 0
0.5560 0.0093 -0.0069 30 0 0 0
0.5560 0.0094 -0.0048 30 0 0 0
0.5560 0.0094 -0.0048 30 0 0 0
0.5560 0.0094 -0.0048 30 0 0 0
0.5560 0.0094 -0.0048 30 0 0 0
0.5560 0.0094 -0.0048 30 0 0 0
0.5540 0.0097 -0.0011 30 0 0 0
0.5540 0.0097 -0.0011 30 0 0 0
0.5540 0.0097 -0.0011 30 0 0 0
0.5540 0.0097 -0.0011 30 0 0 0
0.5540 0.0099 0.0007 30 0 0 0
0.5440 0.0099 0.0007 30 0 0 0
0.5440 0.0099 0.0007 30 0 0 0
0.5440 0.0099 0.0007 30 0 0 0
0.5460 0.0099 0.0018 30 0 0 0
0.5460 0.0099 0.0018 30 0 0 0
0.5460 0.0099 0.0018 30 0 0 0
0.5460 0.0099 0.0018 30 0 0 0
0.5460 0.0099 0.0018 30 0 0 0
0.5480 0.0095 0.0032 30 0 0 0
0.5480 0.0095 0.0032 30 0 0 0
0.5480 0.0095 0.0032 30 0 0 0
0.5460 0.0090 0.0035 30 0 0 0
0.5460 0.0090 0.0035 30 0 0 0
0.5460 0.0090 0.0035 30 0 0 0
0.5460 0.0090 0.0035 30 0 0 0
0.5700 0.0079 0.0057 30 0 0 0
0.5700 0.0079 0.0057 30 0 0 0
0.5700 0.0079 0.0057 30 0 0 0
0.5700 0.0079 0.0057 30 0 0 0
0.5700 0.0079 0.0057 30 0 0 0
0.5780 0.0071 0.0039 30 0 0 0
0.5780 0.0071 0.0039 30 0 0 0
0.5780 0.0071 0.0039 30 0 0 0
0.5780 0.0071 0.0039 30 0 0 0
0.5500 0.0065 0.0029 30 0 0 0
0.5500 0.0065 0.0029 30 0 0 0
0.5500 0.0065 0.0029 30 0 0 0
0.5500 0.0065 0.0029 30 0 0 0
0.5620 0.0063 0.0084 30 0 0 0
0.5620 0.0063 0.0084 30 0 0 0
0.5620 0.0063 0.0084 30 0 0 0
0.5620 0.0063 0.0084 30 0 0 0
0.5620 0.0063 0.0084 30 0 0 0
0.5620 0.0063 0.0084 30 0 0 0
0.5640 0.0063 0.0050 30 0 0 0
0.5640 0.0063 0.0050 30 0 0 0
0.5640 0.0063 0.0050 30 0 0 0
0.5640 0.0063 0.0050 30 0 0 0
0.5560 0.0063 0.0059 30 0 0 0
0.5560 0.0063 0.0059 30 0 0 0
0.5560 0.0063 0.0059 30 0 0 0
0.5560 0.0063 0.0059 30 0 0 0
0.5560 0.0063 0.0059 30 0 0 0
0.5560 0.0063 0.0059 30 0 0 0
0.5560 0.0063 0.0059 30 0 0 0
0.5560 0.0063 0.0059 30 0 0 0
0.5560 0.0063 0.0059 30 0 0 0
0.5560 0.0063 0.0059 30 0 0 0
0.5560 0.0062 0.0048 30 0 0 0
0.5580 0.0062 0.0050 30 0 0 0
0.5700 0.0067 0.0042 30 0 0 0
0.5700 0.0067 0.0042 30 0 0 0
0.5720 0.0073 0.0023 30 0 0 0
0.5720 0.0073 0.0023 30 0 0 0
0.5720 0.0073 0.0023 30 0 0 0
0.5720 0.0073 0.0023 30 0 0 0
0.5720 0.0079 -0.0028 30 0 0 0
0.5720 0.0079 -0.0028 30 0 0 0
0.5720 0.0079 -0.0028 30 0 0 0
0.5720 0.0079 -0.0028 30 0 0 0
0.5720 0.0079 -0.0028 30 0 0 0
0.5480 0.0083 -0.0082 30 0 0 0
0.5480 0.0083 -0.0082 30 0 0 0
0.5480 0.0083 -0.0082 30 0 0 0
0.5480 0.0083 -0.0082 30 0 0 0
0.5880 0.0085 -0.0157 30 0 0 0
0.5880 0.0085 -0.0157 30 0 0 0
0.5880 0.0085 -0.0157 30 0 0 0
0.5880 0.0085 -0.0157 0 0 0 0
0.5760 0.0101 -0.0140 30 0 0 0
0.5600 0.0103 -0.0144 30 0 0 0
0.5640 0.0100 -0.0138 30 0 0 0
0.5700 0.0095 -0.0155 30 0 0 0
0.5600 0.0130 -0.0148 30 0 0 0
0.5540 0.0167 -0.0173 30 0 0 0
0.5540 0.0167 -0.0173 30 0 0 0
0.5540 0.0167 -0.0173 30 0 0 0
0.5540 0.0167 -0.0173 30 0 0 0
0.5540 0.0167 -0.0173 30 0 0 0
0.5540 0.0167 -0.0173 30 0 0 0
0.5540 0.0167 -0.0173 30 0 0 0
0.5540 0.0167 -0.0173 30 0 0 0
0.5620 0.0180 -0.0164 30 0 0 0
0.5620 0.0180 -0.0164 30 0 0 0
0.5640 0.0177 -0.0159 30 0 0 0
0.5540 0.0165 -0.0182 30 0 0 0
0.5540 0.0165 -0.0182 30 0 0 0
0.5540 0.0165 -0.0182 30 0 0 0
0.5520 0.0160 -0.0164 30 0 0 0
0.5520 0.0160 -0.0164 30 0 0 0
0.5520 0.0160 -0.0164 30 0 0 0
0.5520 0.0160 -0.0164 30 0 0 0
0.5520 0.0160 -0.0164 30 0 0 0
0.5540 0.0151 -0.0171 30 0 0 0
0.5540 0.0151 -0.0171 30 0 0 0
0.5780 0.0140 -0.0162 30 0 0 0
0.5780 0.0140 -0.0162 30 0 0 0
0.5780 0.0140 -0.0162 30 0 0 0
0.5780 0.0140 -0.0162 30 0 0 0
0.5920 0.0130 -0.0165 30 0 0 0
0.5920 0.0130 -0.0165 30 0 0 0
0.5920 0.0130 -0.0165 30 0 0 0
0.5920 0.0130 -0.0165 30 0 0 0
0.5920 0.0130 -0.0165 30 0 0 0
0.5920 0.0130 -0.0165 30 0 0 0
0.5920 0.0130 -0.0165 30 0 0 0
0.5920 0.0130 -0.0165 30 0 0 0
0.5580 0.0126 -0.0169 30 0 0 0
0.5440 0.0128 -0.0160 30 0 0 0
0.5440 0.0128 -0.0160 30 0 0 0
0.5440 0.0128 -0.0160 30 0 0 0
0.5440 0.0128 -0.0160 30 0 0 0
0.5480 0.0132 -0.0174 30 0 0 0
0.5480 0.0132 -0.0174 30 0 0 0
0.5480 0.0132 -0.0174 30 0 0 0
0.5480 0.0132 -0.0174 30 0 0 0
0.5480 0.0132 -0.0174 30 0 0 0
0.5480 0.0132 -0.0174 30 0 0 0
0.5560 0.0137 -0.0172 30 0 0 0
0.5560 0.0137 -0.0172 30 0 0 0
0.5600 0.0136 -0.0161 30 0 0 0
0.5600 0.0136 -0.0161 30 0 0 0
0.5600 0.0136 -0.0161 30 0 0 0
0.5600 0.0136 -0.0161 30 0 0 0
0.5680 0.0134 -0.0149 30 0 0 0
0.5680 0.0134 -0.0149 30 0 0 0
0.5680 0.0134 -0.0149 30 0 0 0
0.5680 0.0134 -0.0149 30 0 0 0
0.5680 0.0134 -0.0149 30 0 0 0
0.5680 0.0134 -0.0149 30 0 0 0
0.5600 0.0125 -0.0149 30 0 0 0
0.5600 0.0125 -0.0149 30 0 0 0
0.5600 0.0125 -0.0149 30 0 0 0
0.5600 0.0125 -0.0149 30 0 0 0
0.5600 0.0125 -0.0149 30 0 0 0
0.5780 0.0119 -0.0151 30 0 0 0
0.5780 0.0119 -0.0151 30 0 0 0
0.5780 0.0119 -0.0151 30 0 0 0
0.5780 0.0118 -0.0148 30 0 0 0
0.5780 0.0118 -0.0148 30 0 0 0
0.5780 0.0118 -0.0148 30 0 0 0
0.5780 0.0118 -0.0148 30 0 0 0
0.5700 0.0120 -0.0141 30 0 0 0
0.5700 0.0120 -0.0141 30 0 0 0
0.5740 0.0119 -0.0164 30 0 0 0
0.5740 0.0119 -0.0164 30 0 0 0
0.5740 0.0119 -0.0164 30 0 0 0
0.5740 0.0119 -0.0164 30 0 0 0
0.5740 0.0119 -0.0164 30 0 0 0
0.5740 0.0119 -0.0164 30 0 0 0
0.5740 0.0119 -0.0164 30 0 0 0
0.5880 0.0118 -0.0157 30 0 0 0
0.5880 0.0118 -0.0157 30 0 0 0
0.5880 0.0118 -0.0157 30 0 0 0
0.5640 0.0111 -0.0163 30 0 0 0
0.5640 0.0111 -0.0163 30 0 0 0
0.5840 0.0106 -0.0205 30 0 0 0
0.5840 0.0106 -0.0205 30 0 0 0
0.5840 0.0106 -0.0205 30 0 0 0
0.5840 0.0106 -0.0205 30 0 0 0
0.5900 0.0105 -0.0224 30 0 0 0
0.5900 0.0105 -0.0224 30 0 0 0
0.5900 0.0105 -0.0224 30 0 0 0
0.5900 0.0105 -0.0224 30 0 0 0
0.5900 0.0107 -0.0205 30 0 0 0
0.5780 0.0107 -0.0205 30 0 0 0
0.5780 0.0107 -0.0205 30 0 0 0
0.5820 0.0112 -0.0239 30 0 0 0
0.5820 0.0112 -0.0239 30 0 0 0
0.5820 0.0112 -0.0239 30 0 0 0
0.5820 0.0112 -0.0239 30 0 0 0
0.5820 0.0112 -0.0239 30 0 0 0
0.5840 0.0119 -0.0269 30 0 0 0
0.5840 0.0119 -0.0269 30 0 0 0
0.5840 0.0119 -0.0269 30 0 0 0
0.5840 0.0119 -0.0269 30 0 0 0
0.5840 0.0119 -0.0269 30 0 0 0
0.5840 0.0119 -0.0269 30 0 0 0
0.5780 0.0126 -0.0301 30 0 0 0
0.5780 0.0126 -0.0301 30 0 0 0
0.5740 0.0125 -0.0263 30 0 0 0
0.5740 0.0125 -0.0263 30 0 0 0
0.5740 0.0125 -0.0263 30 0 0 0
0.5740 0.0125 -0.0263 30 0 0 0
0.5780 0.0119 -0.0284 30 0 0 0
0.5780 0.0119 -0.0284 30 0 0 0
0.5780 0.0119 -0.0284 30 0 0 0
0.5780 0.0119 -0.0284 30 0 0 0
0.5500 0.0109 -0.0272 30 0 0 0
0.5500 0.0109 -0.0272 30 0 0 0
0.5500 0.0109 -0.0272 30 0 0 0
0.5500 0.0109 -0.0272 30 0 0 0
0.5560 0.0104 -0.0323 30 0 0 0
0.5560 0.0104 -0.0323 30 0 0 0
0.5560 0.0104 -0.0323 30 0 0 0
0.5560 0.0104 -0.0323 30 0 0 0
0.5540 0.0100 -0.0306 30 0 0 0
0.5540 0.0100 -0.0306 30 0 0 0
0.5540 0.0100 -0.0306 30 0 0 0
0.5540 0.0100 -0.0306 30 0 0 0
0.5540 0.0100 -0.0306 30 0 0 0
0.5540 0.0100 -0.0306 30 0 0 0
0.5880 0.0093 -0.0347 0 0 0 0
0.5740 0.0081 -0.0601 0 -30 0 0
0.5840 0.0082 -0.0558 0 -30 0 0
0.5780 0.0079 -0.0544 0 -30 0 0
0.5880 0.0073 -0.0555 0 -30 0 0
0.5980 0.0072 -0.0536 0 -30 0 0
0.5800 0.0074 -0.0529 0 -30 0 0
0.5800 0.0074 -0.0529 0 -30 0 0
0.5800 0.0074 -0.0529 0 -30 0 0
0.5800 0.0074 -0.0529 0 -30 0 0
0.5800 0.0074 -0.0529 0 -30 0 0
0.5800 0.0074 -0.0529 0 -30 0 0
0.5800 0.0074 -0.0529 0 -30 0 0
0.5800 0.0074 -0.0529 0 -30 0 0
0.5660 0.0075 -0.0494 0 -30 0 0
0.5660 0.0075 -0.0555 0 -30 0 0
0.5720 0.0075 -0.0555 0 -30 0 0
0.5760 0.0077 -0.0567 0 -30 0 0
0.5700 0.0084 -0.0586 0 -30 0 0
0.5700 0.0084 -0.0586 0 -30 0 0
0.5700 0.0084 -0.0586 0 -30 0 0
0.5860 0.0092 -0.0589 0 -30 0 0
0.5860 0.0092 -0.0589 0 -30 0 0
0.5860 0.0092 -0.0589 0 -30 0 0
0.5860 0.0092 -0.0589 0 -30 0 0
0.5860 0.0092 -0.0589 0 -30 0 0
0.5760 0.0094 -0.0612 0 -30 0 0
0.5760 0.0094 -0.0612 0 -30 0 0
0.5760 0.0094 -0.0612 0 -30 0 0
0.5760 0.0094 -0.0612 0 -30 0 0
0.5800 0.0089 -0.0589 0 -30 0 0
0.5800 0.0089 -0.0589 0 -30 0 0
0.5800 0.0089 -0.0589 0 -30 0 0
0.5800 0.0089 -0.0589 0 -30 0 0
0.5940 0.0084 -0.0609 0 -30 0 0
0.5940 0.0084 -0.0609 0 -30 0 0
0.5940 0.0084 -0.0609 0 -30 0 0
0.5940 0.0084 -0.0609 0 -30 0 0
0.5940 0.0081 -0.0615 0 -30 0 0
0.6000 0.0081 -0.0615 0 -30 0 0
0.6000 0.0081 -0.0615 0 -30 0 0
0.6000 0.0081 -0.0615 0 -30 0 0
0.5780 0.0080 -0.0609 0 -30 0 0
0.5780 0.0080 -0.0609 0 -30 0 0
0.5780 0.0080 -0.0609 0 -30 0 0
0.5780 0.0080 -0.0609 0 -30 0 0
0.5720 0.0083 -0.0629 0 -30 0 0
0.5720 0.0083 -0.0629 0 -30 0 0
0.5720 0.0083 -0.0629 0 -30 0 0
0.5720 0.0083 -0.0629 0 -30 0 0
0.5640 0.0090 -0.0588 0 -30 0 0
0.5640 0.0090 -0.0588 0 -30 0 0
0.5640 0.0090 -0.0588 0 -30 0 0
0.5640 0.0090 -0.0588 0 -30 0 0
0.5740 0.0098 -0.0595 0 -30 0 0
0.5740 0.0098 -0.0595 0 -30 0 0
0.5740 0.0098 -0.0595 0 -30 0 0
0.5740 0.0098 -0.0595 0 -30 0 0
0.5740 0.0098 -0.0595 0 -30 0 0
0.5840 0.0103 -0.0580 0 -30 0 0
0.5840 0.0103 -0.0580 0 -30 0 0
0.5840 0.0103 -0.0580 0 -30 0 0
0.5840 0.0103 -0.0580 0 -30 0 0
0.5720 0.0104 -0.0595 0 -30 0 0
0.5720 0.0104 -0.0595 0 -30 0 0
0.5720 0.0104 -0.0595 0 -30 0 0
0.5720 0.0104 -0.0595 0 -30 0 0
0.5720 0.0104 -0.0595 0 -30 0 0
0.5720 0.0104 -0.0595 0 -30 0 0
0.5720 0.0104 -0.0595 0 -30 0 0
0.5720 0.0104 -0.0595 0 -30 0 0
0.5720 0.0104 -0.0595 0 -30 0 0
0.6020 0.0104 -0.0611 0 -30 0 0
0.5640 0.0102 -0.0584 0 -30 0 0
0.5680 0.0098 -0.0552 0 -30 0 0
0.5680 0.0098 -0.0552 0 -30 0 0
0.5680 0.0098 -0.0552 0 -30 0 0
0.5820 0.0093 -0.0572 0 -30 0 0
0.5820 0.0093 -0.0572 0 -30 0 0
0.5820 0.0093 -0.0572 0 -30 0 0
0.5820 0.0093 -0.0572 0 -30 0 0
0.5760 0.0089 0.3942 0 -30 0 0
0.5760 0.0089 0.3942 0 -30 0 0
0.5760 0.0089 0.3942 0 -30 0 0
0.5760 0.0089 0.3942 0 -30 0 0
0.5760 0.0089 0.3942 0 -30 0 0
0.5960 0.0086 0.3918 0 -30 0 0
0.5960 0.0086 0.3918 0 -30 0 0
0.5960 0.0086 0.3918 0 -30 0 0
0.5900 0.0084 0.3910 0 -30 0 0
0.5900 0.0084 0.3910 0 -30 0 0
0.5900 0.0084 0.3910 0 -30 0 0
0.5900 0.0084 0.3910 0 -30 0 0
0.5900 0.0084 0.3910 0 -30 0 0
0.5720 0.0087 0.3905 0 -30 0 0
0.5720 0.0087 0.3905 0 -30 0 0
0.5720 0.0087 0.3905 0 -30 0 0
0.5720 0.0087 0.3905 0 -30 0 0
0.5680 0.0091 0.3881 0 -30 0 0
0.5680 0.0091 0.3881 0 -30 0 0
0.5680 0.0091 0.3881 0 -30 0 0
0.5680 0.0091 0.3881 0 -30 0 0
0.5720 0.0095 0.3905 0 -30 0 0
0.5720 0.0095 0.3905 0 -30 0 0
0.5720 0.0095 0.3905 0 -30 0 0
0.5720 0.0095 0.3905 0 -30 0 0
0.5720 0.0095 0.3905 0 -30 0 0
0.5800 0.0094 0.3870 0 -30 0 0
0.5800 0.0094 0.3870 0 -30 0 0
0.5800 0.0094 0.3870 0 -30 0 0
0.5800 0.0094 0.3870 0 -30 0 0
0.5860 0.0093 0.3900 0 -30 0 0
0.5860 0.0093 0.3900 0 -30 0 0
0.5860 0.0093 0.3900 0 -30 0 0
0.5860 0.0087 0.3882 0 -30 0 0
0.5660 0.0087 0.3882 0 -30 0 0
0.5660 0.0087 0.3882 0 -30 0 0
0.5660 0.0087 0.3882 0 -30 0 0
0.5660 0.0087 0.3882 0 -30 0 0
0.5820 0.0083 0.3915 0 -30 0 0
0.5820 0.0083 0.3915 0 -30 0 0
0.5820 0.0083 0.3915 0 -30 0 0
0.5820 0.0083 0.3915 0 -30 0 0
0.5820 0.0083 0.3915 0 -30 0 0
0.5820 0.0080 0.3887 0 -30 0 0
0.5820 0.0080 0.3887 0 -30 0 0
0.5820 0.0080 0.3887 0 -30 0 0
0.5700 0.0079 0.3883 0 -30 0 0
0.5700 0.0079 0.3883 0 -30 0 0
0.5700 0.0079 0.3883 0 -30 0 0
0.5880 0.0080 0.3924 0 -30 0 0
0.5880 0.0080 0.3924 0 -30 0 0
0.5880 0.0080 0.3924 0 -30 0 0
0.5880 0.0080 0.3924 0 -30 0 0
0.5640 0.0082 0.3959 0 -30 0 0
0.5640 0.0082 0.3959 0 -30 0 0
0.5640 0.0082 0.3959 0 -30 0 0
0.5860 0.0082 0.4012 0 -30 0 0
0.5860 0.0082 0.4012 0 -30 0 0
0.5860 0.0082 0.4012 0 -30 0 0
0.5860 0.0082 0.4012 0 -30 0 0
0.5860 0.0082 0.4012 0 -30 0 0
0.5860 0.0082 0.4012 0 -30 0 0
0.5780 0.0079 0.3939 0 -30 0 0
0.5780 0.0079 0.3939 0 -30 0 0
0.5780 0.0079 0.3939 0 -30 0 0
0.5800 0.0076 0.3897 0 -30 0 0
0.5800 0.0076 0.3897 0 -30 0 0
0.5800 0.0076 0.3897 0 -30 0 0
0.5800 0.0076 0.3897 0 -30 0 0
0.5680 0.0075 0.3883 0 -30 0 0
0.5680 0.0075 0.3883 0 -30 0 0
0.5680 0.0075 0.3883 0 -30 0 0
0.5680 0.0075 0.3883 0 -30 0 0
0.5840 0.0077 0.3849 0 -30 0 0
0.5840 0.0077 0.3849 0 -30 0 0
0.5840 0.0077 0.3849 0 -30 0 0
0.5840 0.0077 0.3849 0 -30 0 0
0.5840 0.0077 0.3849 0 -30 0 0
0.5840 0.0077 0.3849 0 -30 0 0
0.5820 0.0079 0.3856 0 -30 0 0
0.5820 0.0079 0.3856 0 -30 0 0
0.5540 0.0079 0.3865 0 -30 0 0
0.5540 0.0079 0.3865 0 -30 0 0
0.5540 0.0079 0.3865 0 -30 0 0
0.5540 0.0079 0.3865 0 -30 0 0
0.5920 0.0081 0.3827 0 -30 0 0
0.5920 0.0081 0.3827 0 -30 0 0
0.5920 0.0081 0.3827 0 -30 0 0
0.5920 0.0081 0.3827 0 -30 0 0
0.5920 0.0081 0.3827 0 -30 0 0
0.5920 0.0081 0.3827 0 -30 0 0
0.5920 0.0081 0.3827 0 -30 0 0
0.5860 0.0085 0.3819 0 -30 0 0
0.5860 0.0085 0.3819 0 -30 0 0
0.5900 0.0087 0.3761 0 -30 0 0
0.5900 0.0087 0.3761 0 -30 0 0
0.5900 0.0087 0.3761 0 -30 0 0
0.5900 0.0087 0.3761 0 -30 0 0
0.6040 0.0090 0.3761 0 0 0 0
0.5840 0.0113 0.3956 30 0 0 0
0.5880 0.0109 0.3927 30 0 0 0
0.5780 0.0102 0.3897 30 0 0 0
0.5740 0.0096 0.3876 30 0 0 0
0.5740 0.0096 0.3876 30 0 0 0
0.5800 0.0095 0.3859 30 0 0 0
0.5800 0.0095 0.3856 30 0 0 0
0.5780 0.0095 0.3856 30 0 0 0
0.5740 0.0098 0.3873 30 0 0 0
0.5740 0.0098 0.3873 30 0 0 0
0.5900 0.0102 0.3884 30 0 0 0
0.5900 0.0102 0.3884 30 0 0 0
0.5900 0.0102 0.3884 30 0 0 0
0.5900 0.0102 0.3884 30 0 0 0
0.6040 0.0104 0.3854 30 0 0 0
0.6040 0.0104 0.3854 30 0 0 0
0.6040 0.0104 0.3854 30 0 0 0
0.6040 0.0104 0.3854 30 0 0 0
0.6040 0.0104 0.3854 30 0 0 0
0.6040 0.0109 0.3871 30 0 0 0
0.5980 0.0109 0.3871 30 0 0 0
0.5980 0.0109 0.3871 30 0 0 0
0.6100 0.0107 0.3848 30 0 0 0
0.6100 0.0107 0.3848 30 0 0 0
0.6100 0.0107 0.3848 30 0 0 0
0.6100 0.0107 0.3848 30 0 0 0
0.5900 0.0103 0.3813 30 0 0 0
0.5900 0.0103 0.3813 30 0 0 0
0.5900 0.0103 0.3813 30 0 0 0
0.5900 0.0103 0.3813 30 0 0 0
0.5900 0.0103 0.3813 30 0 0 0
0.6080 0.0094 0.3779 30 0 0 0
0.6080 0.0094 0.3779 30 0 0 0
0.6080 0.0094 0.3779 30 0 0 0
0.5980 0.0090 0.3785 30 0 0 0
0.5980 0.0090 0.3785 30 0 0 0
0.5980 0.0090 0.3785 30 0 0 0
0.5980 0.0090 0.3785 30 0 0 0
0.5980 0.0092 0.3754 30 0 0 0
0.6000 0.0092 0.3754 30 0 0 0
0.6000 0.0092 0.3754 30 0 0 0
0.6000 0.0092 0.3754 30 0 0 0
0.6000 0.0092 0.3754 30 0 0 0
0.6000 0.0092 0.3754 30 0 0 0
0.5820 0.0101 0.3731 30 0 0 0
0.5820 0.0101 0.3731 30 0 0 0
0.5820 0.0101 0.3731 30 0 0 0
0.5820 0.0101 0.3731 30 0 0 0
0.5820 0.0101 0.3731 30 0 0 0
0.5820 0.0101 0.3731 30 0 0 0
0.5820 0.0101 0.3731 30 0 0 0
0.5820 0.0101 0.3731 30 0 0 0
0.5820 0.0101 0.3731 30 0 0 0
0.5820 0.0101 0.3731 30 0 0 0
0.5760 0.0110 0.3745 30 0 0 0
0.5760 0.0113 0.3773 30 0 0 0
0.6060 0.0113 0.3773 30 0 0 0
0.5840 0.0111 0.3780 30 0 0 0
0.5820 0.0108 0.3813 30 0 0 0
0.5820 0.0108 0.3813 30 0 0 0
0.5820 0.0108 0.3813 30 0 0 0
0.5820 0.0108 0.3813 30 0 0 0
0.5760 0.0104 0.3820 30 0 0 0
0.5760 0.0104 0.3820 30 0 0 0
0.5760 0.0104 0.3820 30 0 0 0
0.5760 0.0104 0.3820 30 0 0 0
0.5760 0.0104 0.3820 30 0 0 0
0.5760 0.0104 0.3820 30 0 0 0
0.6020 0.0098 0.3835 30 0 0 0
0.6020 0.0098 0.3835 30 0 0 0
0.5840 0.0096 0.3867 30 0 0 0
0.5840 0.0096 0.3867 30 0 0 0
0.5840 0.0096 0.3867 30 0 0 0
0.5840 0.0096 0.3867 30 0 0 0
0.5840 0.0096 0.3867 30 0 0 0
0.5940 0.0095 0.3859 30 0 0 0
0.5940 0.0095 0.3859 30 0 0 0
0.5940 0.0095 0.3859 30 0 0 0
0.5940 0.0095 0.3859 30 0 0 0
0.5880 0.0095 0.3890 30 0 0 0
0.5880 0.0095 0.3890 30 0 0 0
0.5880 0.0095 0.3890 30 0 0 0
0.6020 0.0095 0.3934 30 0 0 0
0.6020 0.0095 0.3934 30 0 0 0
0.6020 0.0095 0.3934 30 0 0 0
0.6020 0.0095 0.3934 30 0 0 0
0.6020 0.0095 0.3934 30 0 0 0
0.5880 0.0097 0.3979 30 0 0 0
0.5880 0.0097 0.3979 30 0 0 0
0.5880 0.0097 0.3979 30 0 0 0
0.5880 0.0097 0.3979 30 0 0 0
0.5680 0.0101 0.3989 30 0 0 0
0.5680 0.0101 0.3989 30 0 0 0
0.5680 0.0101 0.3989 30 0 0 0
0.5860 0.0106 0.3978 30 0 0 0
0.5860 0.0106 0.3978 30 0 0 0
0.5860 0.0106 0.3978 30 0 0 0
0.5860 0.0106 0.3978 30 0 0 0
0.5860 0.0106 0.3978 30 0 0 0
0.5840 0.0110 0.4027 30 0 0 0
0.5840 0.0110 0.4027 30 0 0 0
0.5840 0.0110 0.4027 30 0 0 0
0.5840 0.0110 0.4027 30 0 0 0
0.5840 0.0110 0.4027 30 0 0 0
0.5780 0.0111 0.4047 30 0 0 0
0.5780 0.0111 0.4047 30 0 0 0
0.5720 0.0111 0.4038 30 0 0 0
0.5720 0.0111 0.4038 30 0 0 0
0.5720 0.0111 0.4038 30 0 0 0
0.5720 0.0111 0.4038 30 0 0 0
0.5720 0.0111 0.4038 30 0 0 0
0.5760 0.0108 0.0017 30 0 0 0
0.5760 0.0108 0.0017 30 0 0 0
0.5760 0.0108 0.0017 30 0 0 0
0.5760 0.0108 0.0017 30 0 0 0
0.5660 0.0104 -0.0038 30 0 0 0
0.5660 0.0104 -0.0038 30 0 0 0
0.5660 0.0104 -0.0038 30 0 0 0
0.5800 0.0099 -0.0097 30 0 0 0
0.5800 0.0099 -0.0097 30 0 0 0
0.5800 0.0099 -0.0097 30 0 0 0
0.5800 0.0099 -0.0097 30 0 0 0
0.5800 0.0099 -0.0097 30 0 0 0
0.5860 0.0091 -0.0104 30 0 0 0
0.5860 0.0091 -0.0104 30 0 0 0
0.5860 0.0091 -0.0104 30 0 0 0
0.5860 0.0091 -0.0104 30 0 0 0
0.6020 0.0086 -0.0029 30 0 0 0
0.6020 0.0086 -0.0029 30 0 0 0
0.6020 0.0081 -0.0030 30 0 0 0
0.6140 0.0081 -0.0030 30 0 0 0
0.6140 0.0081 -0.0030 30 0 0 0
0.6140 0.0081 -0.0030 30 0 0 0
0.6140 0.0081 -0.0030 30 0 0 0
0.5700 0.0075 -0.0089 30 0 0 0
0.5700 0.0075 -0.0089 30 0 0 0
0.5700 0.0075 -0.0089 30 0 0 0
0.5700 0.0075 -0.0089 30 0 0 0
0.5900 0.0075 -0.0093 30 0 0 0
0.5900 0.0075 -0.0093 30 0 0 0
0.5820 0.0077 -0.0113 30 0 0 0
0.5820 0.0077 -0.0113 30 0 0 0
0.5820 0.0077 -0.0113 30 0 0 0
0.5820 0.0077 -0.0113 30 0 0 0
0.5820 0.0077 -0.0113 30 0 0 0
0.5820 0.0076 -0.0063 30 0 0 0
0.5760 0.0076 -0.0063 30 0 0 0
0.5760 0.0076 -0.0063 30 0 0 0
0.5760 0.0076 -0.0063 30 0 0 0
0.5760 0.0076 -0.0063 30 0 0 0
0.5760 0.0076 -0.0063 30 0 0 0
0.5680 0.0075 -0.0052 30 0 0 0
0.5680 0.0075 -0.0052 30 0 0 0
0.5780 0.0073 -0.0078 30 0 0 0
0.5780 0.0073 -0.0078 30 0 0 0
0.5780 0.0073 -0.0078 30 0 0 0
0.5780 0.0073 -0.0078 30 0 0 0
0.5780 0.0073 -0.0078 30 0 0 0
0.5920 0.0069 -0.0092 30 0 0 0
0.5920 0.0069 -0.0092 30 0 0 0
0.5920 0.0069 -0.0092 30 0 0 0
0.5920 0.0069 -0.0092 0 0 0 0
0.5820 0.0087 -0.0055 30 0 0 0
0.5580 0.0087 -0.0055 30 0 0 0
0.5680 0.0085 -0.0068 30 0 0 0
0.5480 0.0075 -0.0074 30 0 0 0
0.5680 0.0073 -0.0095 30 0 0 0
0.5700 0.0069 -0.0071 30 0 0 0
0.5800 0.0061 -0.0056 30 0 0 0
0.5840 0.0065 -0.0037 30 0 0 0
0.5840 0.0065 -0.0037 30 0 0 0
0.5840 0.0065 -0.0037 30 0 0 0
0.5840 0.0065 -0.0037 30 0 0 0
0.5840 0.0065 -0.0037 30 0 0 0
0.5840 0.0065 -0.0037 30 0 0 0
0.5840 0.0065 -0.0037 30 0 0 0
0.5740 0.0068 -0.0032 30 0 0 0
0.5980 0.0071 -0.0022 30 0 0 0
0.5980 0.0073 -0.0071 30 0 0 0
0.6040 0.0073 -0.0071 30 0 0 0
0.6040 0.0073 -0.0071 30 0 0 0
0.6040 0.0073 -0.0071 30 0 0 0
0.6040 0.0073 -0.0071 30 0 0 0
0.5680 0.0072 -0.0113 30 0 0 0
0.5680 0.0072 -0.0113 30 0 0 0
0.5680 0.0072 -0.0113 30 0 0 0
0.5540 0.0069 -0.0116 30 0 0 0
0.5540 0.0069 -0.0116 30 0 0 0
0.5540 0.0069 -0.0116 30 0 0 0
0.5540 0.0069 -0.0116 30 0 0 0
0.5540 0.0069 -0.0116 0 0 0 0
