0.6020 -0.0938 -0.0140 0 0 -10 0
0.5960 -0.0948 -0.0146 0 0 -10 0
0.6180 -0.0943 -0.0155 0 0 -10 0
0.6080 -0.0944 -0.0170 0 0 -10 0
0.6080 -0.0944 -0.0170 0 0 -10 0
0.6240 -0.0951 -0.0165 0 0 -10 0
0.6240 -0.0951 -0.0165 0 0 -10 0
0.6200 -0.0956 -0.0155 0 0 -10 0
0.6320 -0.0955 -0.0150 0 0 -10 0
0.6440 -0.0950 -0.0154 0 0 -10 0
0.6340 -0.0944 -0.0148 0 0 -10 0
0.6340 -0.0944 -0.0148 0 0 -10 0
0.6280 -0.0940 -0.0138 0 0 -10 0
0.6280 -0.0940 -0.0138 0 0 -10 0
0.6320 -0.0941 -0.0133 0 0 -10 0
0.6080 -0.0938 -0.0133 0 0 -10 0
0.6260 -0.0935 -0.0164 0 0 -10 0
0.6140 -0.0931 -0.0153 0 0 -10 0
0.6140 -0.0931 -0.0153 0 0 -10 0
0.6360 -0.0929 -0.0192 0 0 -10 0
0.6360 -0.0929 -0.0192 0 0 -10 0
0.5980 -0.0924 -0.0199 0 0 -10 0
0.6180 -0.0919 -0.0185 0 0 -10 0
0.5860 -0.0914 -0.0183 0 0 -10 0
0.6180 -0.0910 -0.0176 0 0 -10 0
0.6400 -0.0903 -0.0165 0 0 -10 0
0.6160 -0.0901 -0.0134 0 0 -10 0
0.6160 -0.0901 -0.0134 0 0 -10 0
0.6120 -0.0893 -0.0129 0 0 -10 0
0.6360 -0.0894 -0.0122 0 0 -10 0
0.6100 -0.0895 -0.0118 0 0 -10 0
0.6200 -0.0890 -0.0110 0 0 -10 0
0.6200 -0.0890 -0.0110 0 0 -10 0
0.6280 -0.0882 -0.0119 0 0 -10 0
0.6300 -0.0875 -0.0132 0 0 -10 0
0.6300 -0.0868 -0.0156 0 0 -10 0
0.6200 -0.0866 -0.0156 0 0 -10 0
0.6100 -0.0871 -0.0167 0 0 -10 0
0.6100 -0.0871 -0.0167 0 0 -10 0
0.6120 -0.0869 -0.0161 0 0 -10 0
0.6320 -0.0870 -0.0149 0 0 -10 0
0.6380 -0.0870 -0.0151 0 0 -10 0
0.6140 -0.0868 -0.0166 0 0 -10 0
0.6120 -0.0862 -0.0168 0 0 -10 0
0.6220 -0.0858 -0.0173 0 0 -10 0
0.6220 -0.0858 -0.0173 0 0 -10 0
0.6120 -0.0853 -0.0175 0 0 -10 0
0.6480 -0.0851 -0.0207 0 0 -10 0
0.6220 -0.0848 -0.0204 0 0 -10 0
0.6200 -0.0842 -0.0200 0 0 -10 0
0.6260 -0.0836 -0.0228 0 0 -10 0
0.6380 -0.0827 -0.0218 0 0 -10 0
0.6380 -0.0827 -0.0218 0 0 -10 0
0.6320 -0.0818 -0.0208 0 0 -10 0
0.6240 -0.0819 -0.0203 0 0 -10 0
0.6300 -0.0823 -0.0209 0 0 -10 0
0.6400 -0.0825 -0.0246 0 0 -10 0
0.6400 -0.0822 -0.0220 0 0 -10 0
0.6420 -0.0822 -0.0220 0 0 -10 0
0.6360 -0.0816 -0.0209 0 0 -10 0
0.6480 -0.0807 -0.0202 0 0 -10 0
0.6200 -0.0800 -0.0181 0 0 -10 0
0.6340 -0.0797 -0.0168 0 0 -10 0
0.6340 -0.0797 -0.0168 0 0 -10 0
0.6360 -0.0792 -0.0167 0 0 -10 0
0.6460 -0.0790 -0.0166 0 0 -10 0
0.6660 -0.0786 -0.0186 0 0 -10 0
0.6480 -0.0779 -0.0188 0 0 -10 0
0.6480 -0.0779 -0.0188 0 0 -10 0
0.6420 -0.0775 -0.0184 0 0 -10 0
0.6260 -0.0763 -0.0184 0 0 -10 0
0.6480 -0.0762 -0.0183 0 0 -10 0
0.6340 -0.0758 -0.0176 0 0 -10 0
0.6640 -0.0755 -0.0178 0 0 -10 0
0.6640 -0.0753 -0.0179 0 0 -10 0
0.6520 -0.0753 -0.0179 0 0 -10 0
0.6440 -0.0750 -0.0147 0 0 -10 0
0.6720 -0.0743 -0.0138 0 0 -10 0
0.6580 -0.0742 -0.0149 0 0 -10 0
0.6520 -0.0732 -0.0147 0 0 -10 0
0.6520 -0.0732 -0.0147 0 0 -10 0
0.6600 -0.0721 -0.0112 0 0 -10 0
0.6480 -0.0717 -0.0105 0 0 -10 0
0.6560 -0.0719 -0.0104 0 0 -10 0
0.6680 -0.0717 -0.0090 0 0 -10 0
0.6800 -0.0719 -0.0089 0 0 -10 0
0.6800 -0.0719 -0.0089 0 0 -10 0
0.6700 -0.0717 -0.0105 0 0 -10 0
0.6880 -0.0713 -0.0149 0 0 -10 0
0.6620 -0.0707 -0.0139 0 0 -10 0
0.6560 -0.0701 -0.0131 0 0 -10 0
0.6740 -0.0692 -0.0123 0 0 -10 0
0.6700 -0.0684 -0.0108 0 0 -10 0
0.6700 -0.0684 -0.0108 0 0 -10 0
0.6940 -0.0682 -0.0088 0 0 -10 0
0.6940 -0.0679 -0.0103 0 0 -10 0
0.6720 -0.0676 -0.0111 0 0 -10 0
0.6940 -0.0667 -0.0104 0 0 -10 0
0.6600 -0.0662 -0.0103 0 0 -10 0
0.6680 -0.0659 -0.0105 0 0 -10 0
0.6680 -0.0659 -0.0105 0 0 -10 0
0.6760 -0.0657 -0.0119 0 0 -10 0
0.6880 -0.0650 -0.0118 0 0 -10 0
0.6980 -0.0647 -0.0118 0 0 -10 0
0.6820 -0.0638 -0.0155 0 0 -10 0
0.6740 -0.0636 -0.0138 0 0 -10 0
0.6740 -0.0636 -0.0138 0 0 -10 0
0.6820 -0.0627 -0.0161 0 0 -10 0
0.6920 -0.0627 -0.0161 0 0 -10 0
0.6780 -0.0625 -0.0155 0 0 -10 0
0.6780 -0.0625 -0.0155 0 0 -10 0
0.7000 -0.0618 -0.0138 0 0 -10 0
0.6960 -0.0609 -0.0129 0 0 -10 0
0.6960 -0.0609 -0.0129 0 0 -10 0
0.7140 -0.0602 -0.0112 0 0 -10 0
0.7060 -0.0599 -0.0112 0 0 -10 0
0.6940 -0.0597 -0.0110 0 0 -10 0
0.6940 -0.0597 -0.0110 0 0 -10 0
0.6880 -0.0592 -0.0112 0 0 -10 0
0.6960 -0.0588 -0.0097 0 0 -10 0
0.6960 -0.0588 -0.0097 0 0 -10 0
0.7100 -0.0583 -0.0106 0 0 -10 0
0.6880 -0.0574 -0.0136 0 0 -10 0
0.6960 -0.0569 -0.0129 0 0 -10 0
0.6960 -0.0569 -0.0129 0 0 -10 0
0.6740 -0.0560 -0.0125 0 0 -10 0
0.7000 -0.0562 -0.0102 0 0 -10 0
0.7000 -0.0562 -0.0102 0 0 -10 0
0.6900 -0.0558 -0.0101 0 0 -10 0
0.7060 -0.0558 -0.0092 0 0 -10 0
0.6980 -0.0558 -0.0099 0 0 -10 0
0.6980 -0.0558 -0.0099 0 0 -10 0
0.6960 -0.0544 -0.0116 0 0 -10 0
0.6960 -0.0544 -0.0116 0 0 -10 0
0.7180 -0.0537 -0.0098 0 0 -10 0
0.7240 -0.0520 -0.0094 0 0 -10 0
0.7220 -0.0513 -0.0069 0 0 -10 0
0.7300 -0.0511 -0.0071 0 0 -10 0
0.7300 -0.0511 -0.0071 0 0 -10 0
0.7120 -0.0507 -0.0091 0 0 -10 0
0.7180 -0.0504 -0.0092 0 0 -10 0
0.7140 -0.0501 -0.0067 0 0 -10 0
0.7160 -0.0484 -0.0070 0 0 -10 0
0.7180 -0.0480 -0.0068 0 0 -10 0
0.7360 -0.0480 -0.0068 0 0 -10 0
0.7220 -0.0480 -0.0067 0 0 -10 0
0.7220 -0.0480 -0.0067 0 0 -10 0
0.7320 -0.0477 -0.0093 0 0 -10 0
0.7340 -0.0471 -0.0080 0 0 -10 0
0.7160 -0.0469 -0.0087 0 0 -10 0
0.7160 -0.0469 -0.0087 0 0 -10 0
0.7360 -0.0469 -0.0082 0 0 -10 0
0.7340 -0.0466 -0.0081 0 0 -10 0
0.7380 -0.0459 -0.0069 0 0 -10 0
0.7400 -0.0453 -0.0078 0 0 -10 0
0.7400 -0.0451 -0.0073 0 0 -10 0
0.7140 -0.0448 -0.0072 0 0 -10 0
0.7140 -0.0448 -0.0072 0 0 -10 0
0.7120 -0.0443 -0.0061 0 0 -10 0
0.7340 -0.0439 -0.0078 0 0 -10 0
0.7380 -0.0439 -0.0078 0 0 -10 0
0.7160 -0.0432 -0.0112 0 0 -10 0
0.7340 -0.0428 -0.0118 0 0 -10 0
0.7440 -0.0426 -0.0119 0 0 -10 0
0.7440 -0.0426 -0.0119 0 0 -10 0
0.7280 -0.0432 -0.0135 0 0 -10 0
0.7540 -0.0433 -0.0110 0 0 -10 0
0.7320 -0.0430 -0.0110 0 0 -10 0
0.7220 -0.0425 -0.0134 0 0 -10 0
0.7160 -0.0413 -0.0100 0 0 -10 0
0.7160 -0.0413 -0.0100 0 0 -10 0
0.7260 -0.0408 -0.0096 0 0 -10 0
0.7500 -0.0406 -0.0067 0 0 -10 0
0.7400 -0.0399 -0.0049 0 0 -10 0
0.7260 -0.0390 -0.0050 0 0 -10 0
0.7560 -0.0384 -0.0030 0 0 -10 0
0.7560 -0.0384 -0.0030 0 0 -10 0
0.7580 -0.0385 -0.0032 0 0 -10 0
0.7480 -0.0390 -0.0021 0 0 -10 0
0.7520 -0.0389 -0.0021 0 0 -10 0
0.7140 -0.0386 -0.0015 0 0 -10 0
0.7500 -0.0378 -0.0025 0 0 -10 0
0.7300 -0.0369 -0.0021 0 0 -10 0
0.7300 -0.0369 -0.0021 0 0 -10 0
0.7140 -0.0358 -0.0048 0 0 -10 0
0.7460 -0.0353 -0.0044 0 0 -10 0
0.7320 -0.0354 -0.0060 0 0 -10 0
0.7320 -0.0354 -0.0060 0 0 -10 0
0.7480 -0.0351 -0.0069 0 0 -10 0
0.7480 -0.0351 -0.0069 0 0 -10 0
0.7420 -0.0342 -0.0071 0 0 -10 0
0.7420 -0.0342 -0.0071 0 0 -10 0
0.7440 -0.0333 -0.0092 0 0 -10 0
0.7480 -0.0333 -0.0130 0 0 -10 0
0.7480 -0.0333 -0.0130 0 0 -10 0
0.7440 -0.0332 -0.0148 0 0 -10 0
0.7440 -0.0323 -0.0175 0 0 -10 0
0.7360 -0.0320 -0.0157 0 0 -10 0
0.7360 -0.0320 -0.0157 0 0 -10 0
0.7300 -0.0310 -0.0153 0 0 -10 0
0.7240 -0.0303 -0.0140 0 0 -10 0
0.7440 -0.0301 -0.0137 0 0 -10 0
0.7400 -0.0300 -0.0152 0 0 -10 0
0.7420 -0.0301 -0.0150 0 0 -10 0
0.7280 -0.0300 -0.0183 0 0 -10 0
0.7400 -0.0295 -0.0178 0 0 -10 0
0.7400 -0.0295 -0.0178 0 0 -10 0
0.7380 -0.0286 -0.0157 0 0 -10 0
0.7460 -0.0279 -0.0150 0 0 -10 0
0.7720 -0.0273 -0.0135 0 0 -10 0
0.7580 -0.0264 -0.0126 0 0 -10 0
0.7580 -0.0264 -0.0126 0 0 -10 0
0.7520 -0.0255 -0.0120 0 0 -10 0
0.7640 -0.0253 -0.0113 0 0 -10 0
0.7380 -0.0249 -0.0108 0 0 -10 0
0.7500 -0.0245 -0.0132 0 0 -10 0
0.7500 -0.0240 -0.0125 0 0 -10 0
0.7480 -0.0240 -0.0125 0 0 -10 0
0.7540 -0.0234 -0.0166 0 0 -10 0
0.7560 -0.0222 -0.0166 0 0 -10 0
0.7600 -0.0223 -0.0188 0 0 -10 0
0.7500 -0.0226 -0.0229 0 0 -10 0
0.7420 -0.0226 -0.0229 0 0 -10 0
0.7460 -0.0223 -0.0224 0 0 -10 0
0.7380 -0.0214 -0.0211 0 0 -10 0
0.7540 -0.0205 -0.0202 0 0 0 0
0.7640 -0.0183 -0.0128 0 0 -10 0
0.7840 -0.0185 -0.0120 0 0 -10 0
0.7500 -0.0173 -0.0150 0 0 -10 0
0.7580 -0.0166 -0.0148 0 0 -10 0
0.7580 -0.0166 -0.0148 0 0 -10 0
0.7740 -0.0167 -0.0165 0 0 -10 0
0.7720 -0.0166 -0.0198 0 0 -10 0
0.7680 -0.0172 -0.0174 0 0 -10 0
0.7640 -0.0175 -0.0133 0 0 -10 0
0.7640 -0.0178 -0.0144 0 0 -10 0
0.7700 -0.0178 -0.0144 0 0 -10 0
0.7680 -0.0175 -0.0123 0 0 -10 0
0.7800 -0.0171 -0.0096 0 0 -10 0
0.7580 -0.0168 -0.0070 0 0 -10 0
0.7620 -0.0170 -0.0074 0 0 -10 0
0.7620 -0.0170 -0.0074 0 0 -10 0
0.7720 -0.0170 -0.0066 0 0 -10 0
0.7620 -0.0171 -0.0060 0 0 -10 0
0.7560 -0.0167 -0.0048 0 0 -10 0
0.7680 -0.0162 -0.0050 0 0 0 0
0.7380 -0.0148 -0.0028 0 0 -10 0
0.7740 -0.0148 -0.0028 0 0 -10 0
0.7520 -0.0127 -0.0006 0 0 0 0
0.7460 -0.0116 -0.0010 0 0 -10 0
0.7620 -0.0103 -0.0046 0 0 -10 0
0.7620 -0.0103 -0.0026 0 0 0 0
0.7760 -0.0104 -0.0006 0 0 -10 0
0.7580 -0.0097 0.0040 0 0 -10 0
0.7780 -0.0091 0.0041 0 0 0 0
0.7720 -0.0089 0.0038 0 0 -10 0
0.7700 -0.0086 0.0013 0 0 -10 0
0.7680 -0.0083 0.0014 0 0 -10 0
0.7660 -0.0085 0.0037 0 0 0 0
0.7900 -0.0095 0.0040 0 0 -10 0
0.7720 -0.0093 0.0051 0 0 -10 0
0.7720 -0.0093 0.0051 0 0 0 0
0.7760 -0.0069 0.0025 0 0 -10 0
0.7700 -0.0064 -0.0023 0 0 -10 0
0.7720 -0.0065 -0.0083 0 0 -10 0
0.7700 -0.0065 -0.0083 0 0 0 0
0.7760 -0.0062 -0.0088 0 0 -10 0
0.7600 -0.0051 -0.0075 0 0 -10 0
0.7680 -0.0052 -0.0101 0 0 0 0
