0.4680 -0.2741 -0.0056 0 0 -10 0
0.4620 -0.2744 -0.0041 0 0 -10 0
0.4780 -0.2746 -0.0042 0 0 -10 0
0.4720 -0.2736 -0.0043 0 0 -10 0
0.4540 -0.2740 -0.0034 0 0 -10 0
0.4840 -0.2741 -0.0001 0 0 -10 0
0.4740 -0.2745 0.0004 0 0 -10 0
0.4700 -0.2747 0.0020 0 0 -10 0
0.4580 -0.2741 0.0036 0 0 -10 0
0.4820 -0.2741 0.0038 0 0 -10 0
0.4820 -0.2741 0.0038 0 0 -10 0
0.4620 -0.2737 0.0042 0 0 -10 0
0.4560 -0.2738 0.0042 0 0 -10 0
0.4620 -0.2741 0.0044 0 0 -10 0
0.4780 -0.2744 0.0047 0 0 -10 0
0.4780 -0.2744 0.0047 0 0 -10 0
0.4500 -0.2747 0.0032 0 0 -10 0
0.4500 -0.2747 0.0032 0 0 -10 0
0.4700 -0.2742 0.0037 0 0 -10 0
0.4700 -0.2740 0.0023 0 0 -10 0
0.4580 -0.2738 -0.0012 0 0 -10 0
0.4580 -0.2738 -0.0012 0 0 -10 0
0.4720 -0.2732 0.0017 0 0 -10 0
0.4740 -0.2730 0.0020 0 0 -10 0
0.4740 -0.2724 0.0008 0 0 -10 0
0.4740 -0.2724 0.0008 0 0 -10 0
0.4560 -0.2712 0.0019 0 0 -10 0
0.4560 -0.2712 0.0019 0 0 -10 0
0.4840 -0.2710 -0.0004 0 0 -10 0
0.4620 -0.2706 -0.0002 0 0 -10 0
0.4520 -0.2704 0.0004 0 0 -10 0
0.4520 -0.2704 0.0004 0 0 -10 0
0.4880 -0.2701 0.0006 0 0 -10 0
0.4780 -0.2698 -0.0025 0 0 -10 0
0.4880 -0.2692 -0.0021 0 0 -10 0
0.4880 -0.2692 -0.0021 0 0 -10 0
0.4780 -0.2691 -0.0028 0 0 -10 0
0.4780 -0.2687 -0.0054 0 0 -10 0
0.4820 -0.2684 -0.0053 0 0 -10 0
0.5020 -0.2677 -0.0047 0 0 -10 0
0.4940 -0.2669 -0.0029 0 0 -10 0
0.4680 -0.2665 -0.0044 0 0 -10 0
0.4860 -0.2658 -0.0044 0 0 -10 0
0.4860 -0.2658 -0.0044 0 0 -10 0
0.4540 -0.2654 -0.0074 0 0 -10 0
0.4700 -0.2650 -0.0080 0 0 -10 0
0.4700 -0.2650 -0.0080 0 0 -10 0
0.4680 -0.2648 -0.0094 0 0 -10 0
0.4680 -0.2643 -0.0089 0 0 -10 0
0.4580 -0.2640 -0.0109 0 0 -10 0
0.4720 -0.2632 -0.0119 0 0 -10 0
0.4660 -0.2623 -0.0112 0 0 -10 0
0.4680 -0.2620 -0.0101 0 0 -10 0
0.4680 -0.2620 -0.0101 0 0 -10 0
0.4820 -0.2620 -0.0098 0 0 -10 0
0.4600 -0.2613 -0.0107 0 0 -10 0
0.4940 -0.2611 -0.0097 0 0 -10 0
0.4940 -0.2611 -0.0097 0 0 -10 0
0.4720 -0.2611 -0.0094 0 0 -10 0
0.4740 -0.2613 -0.0120 0 0 -10 0
0.4640 -0.2611 -0.0118 0 0 -10 0
0.4780 -0.2603 -0.0117 0 0 -10 0
0.4800 -0.2593 -0.0117 0 0 -10 0
0.4960 -0.2585 -0.0129 0 0 -10 0
0.4960 -0.2585 -0.0129 0 0 -10 0
0.4900 -0.2582 -0.0123 0 0 -10 0
0.4940 -0.2576 -0.0098 0 0 -10 0
0.4800 -0.2570 -0.0089 0 0 -10 0
0.4800 -0.2570 -0.0089 0 0 -10 0
0.5000 -0.2565 -0.0113 0 0 -10 0
0.4740 -0.2561 -0.0109 0 0 -10 0
0.5020 -0.2557 -0.0093 0 0 -10 0
0.4780 -0.2541 -0.0099 0 0 -10 0
0.4840 -0.2541 -0.0081 0 0 -10 0
0.5060 -0.2545 -0.0078 0 0 -10 0
0.4860 -0.2545 -0.0075 0 0 -10 0
0.4860 -0.2545 -0.0075 0 0 -10 0
0.4800 -0.2544 -0.0071 0 0 -10 0
0.4920 -0.2539 -0.0066 0 0 -10 0
0.4780 -0.2527 -0.0068 0 0 -10 0
0.4820 -0.2521 -0.0063 0 0 -10 0
0.4820 -0.2521 -0.0063 0 0 -10 0
0.4720 -0.2512 -0.0049 0 0 -10 0
0.4620 -0.2510 -0.0016 0 0 -10 0
0.4720 -0.2510 -0.0005 0 0 -10 0
0.4760 -0.2510 -0.0040 0 0 -10 0
0.4860 -0.2510 -0.0031 0 0 -10 0
0.4820 -0.2507 -0.0025 0 0 -10 0
0.4780 -0.2500 -0.0026 0 0 -10 0
0.4800 -0.2492 -0.0024 0 0 -10 0
0.4800 -0.2492 -0.0024 0 0 -10 0
0.4860 -0.2487 -0.0017 0 0 -10 0
0.4820 -0.2479 -0.0037 0 0 -10 0
0.4960 -0.2479 -0.0036 0 0 -10 0
0.4960 -0.2479 -0.0036 0 0 -10 0
0.4980 -0.2479 -0.0034 0 0 -10 0
0.4620 -0.2477 -0.0026 0 0 -10 0
0.4780 -0.2473 -0.0034 0 0 -10 0
0.4780 -0.2465 -0.0040 0 0 -10 0
0.4780 -0.2463 -0.0024 0 0 -10 0
0.4820 -0.2459 -0.0025 0 0 -10 0
0.4820 -0.2459 -0.0025 0 0 -10 0
0.4960 -0.2451 -0.0020 0 0 -10 0
0.4880 -0.2443 -0.0022 0 0 -10 0
0.4960 -0.2437 -0.0016 0 0 -10 0
0.5040 -0.2430 -0.0062 0 0 -10 0
0.4880 -0.2425 -0.0061 0 0 -10 0
0.4780 -0.2425 -0.0043 0 0 -10 0
0.4780 -0.2425 -0.0043 0 0 -10 0
0.4920 -0.2419 -0.0034 0 0 -10 0
0.4800 -0.2414 -0.0030 0 0 -10 0
0.4820 -0.2409 -0.0018 0 0 -10 0
0.4780 -0.2403 -0.0000 0 0 -10 0
0.4680 -0.2397 0.0004 0 0 -10 0
0.4660 -0.2392 -0.0003 0 0 -10 0
0.4660 -0.2392 -0.0003 0 0 -10 0
0.4640 -0.2390 -0.0007 0 0 -10 0
0.4820 -0.2390 -0.0008 0 0 -10 0
0.4800 -0.2389 -0.0016 0 0 -10 0
0.4800 -0.2389 -0.0016 0 0 -10 0
0.4760 -0.2385 -0.0024 0 0 -10 0
0.4660 -0.2382 -0.0025 0 0 -10 0
0.4640 -0.2373 -0.0033 0 0 -10 0
0.4700 -0.2370 -0.0042 0 0 -10 0
0.4700 -0.2367 -0.0046 0 0 -10 0
0.4820 -0.2364 -0.0055 0 0 -10 0
0.4820 -0.2364 -0.0055 0 0 -10 0
0.4740 -0.2360 -0.0065 0 0 -10 0
0.4740 -0.2358 -0.0077 0 0 -10 0
0.4880 -0.2360 -0.0085 0 0 -10 0
0.4880 -0.2360 -0.0085 0 0 -10 0
0.4520 -0.2355 -0.0102 0 0 -10 0
0.4520 -0.2355 -0.0102 0 0 -10 0
0.4900 -0.2353 -0.0085 0 0 -10 0
0.4760 -0.2350 -0.0094 0 0 -10 0
0.4740 -0.2348 -0.0097 0 0 -10 0
0.4840 -0.2347 -0.0097 0 0 -10 0
0.4840 -0.2347 -0.0097 0 0 -10 0
0.4720 -0.2346 -0.0107 0 0 -10 0
0.4720 -0.2345 -0.0094 0 0 -10 0
0.4860 -0.2339 -0.0103 0 0 -10 0
0.5000 -0.2327 -0.0097 0 0 -10 0
0.4900 -0.2327 -0.0097 0 0 -10 0
0.4640 -0.2326 -0.0092 0 0 -10 0
0.4700 -0.2323 -0.0090 0 0 -10 0
0.4880 -0.2318 -0.0101 0 0 -10 0
0.4880 -0.2318 -0.0101 0 0 -10 0
0.4820 -0.2312 -0.0113 0 0 -10 0
0.4860 -0.2306 -0.0100 0 0 -10 0
0.4720 -0.2300 -0.0101 0 0 -10 0
0.4860 -0.2291 -0.0108 0 0 -10 0
0.4960 -0.2282 -0.0099 0 0 -10 0
0.4740 -0.2274 -0.0097 0 0 -10 0
0.4880 -0.2268 -0.0098 0 0 -10 0
0.4800 -0.2265 -0.0096 0 0 -10 0
0.4860 -0.2263 -0.0071 0 0 -10 0
0.4600 -0.2263 -0.0061 0 0 -10 0
0.4600 -0.2263 -0.0061 0 0 -10 0
0.4940 -0.2263 -0.0048 0 0 -10 0
0.4940 -0.2263 -0.0048 0 0 -10 0
0.4800 -0.2261 -0.0052 0 0 -10 0
0.4820 -0.2258 -0.0059 0 0 -10 0
0.4980 -0.2253 -0.0067 0 0 -10 0
0.4880 -0.2246 -0.0061 0 0 -10 0
0.4880 -0.2241 -0.0013 0 0 -10 0
0.4720 -0.2235 -0.0012 0 0 -10 0
0.4720 -0.2235 -0.0012 0 0 -10 0
0.4940 -0.2233 -0.0024 0 0 -10 0
0.4760 -0.2226 -0.0025 0 0 -10 0
0.4940 -0.2221 -0.0030 0 0 -10 0
0.4780 -0.2216 -0.0043 0 0 -10 0
0.4780 -0.2216 -0.0043 0 0 -10 0
0.4840 -0.2207 -0.0032 0 0 -10 0
0.4840 -0.2207 -0.0032 0 0 -10 0
0.4840 -0.2207 -0.0032 0 0 -10 0
0.5120 -0.2189 -0.0034 0 0 -10 0
0.5000 -0.2186 -0.0040 0 0 -10 0
0.5000 -0.2185 -0.0039 0 0 -10 0
0.5000 -0.2185 -0.0039 0 0 -10 0
0.4860 -0.2183 -0.0040 0 0 -10 0
0.4980 -0.2180 -0.0054 0 0 -10 0
0.5040 -0.2175 -0.0057 0 0 -10 0
0.4940 -0.2171 -0.0057 0 0 -10 0
0.5060 -0.2167 -0.0059 0 0 -10 0
0.5060 -0.2167 -0.0059 0 0 -10 0
0.4800 -0.2152 -0.0054 0 0 -10 0
0.4840 -0.2147 -0.0054 0 0 -10 0
0.4940 -0.2141 -0.0062 0 0 -10 0
0.4800 -0.2139 -0.0057 0 0 -10 0
0.4880 -0.2135 -0.0056 0 0 -10 0
0.4880 -0.2135 -0.0056 0 0 -10 0
0.4900 -0.2132 -0.0046 0 0 -10 0
0.4840 -0.2131 -0.0075 0 0 -10 0
0.4980 -0.2131 -0.0075 0 0 -10 0
0.4960 -0.2132 -0.0075 0 0 -10 0
0.4740 -0.2125 -0.0071 0 0 -10 0
0.4740 -0.2125 -0.0071 0 0 -10 0
0.4860 -0.2116 -0.0090 0 0 -10 0
0.4860 -0.2110 -0.0088 0 0 -10 0
0.4760 -0.2101 -0.0101 0 0 -10 0
0.4900 -0.2099 -0.0096 0 0 -10 0
0.4900 -0.2099 -0.0096 0 0 -10 0
0.4860 -0.2094 -0.0086 0 0 -10 0
0.4700 -0.2090 -0.0085 0 0 -10 0
0.4840 -0.2085 -0.0075 0 0 -10 0
0.4880 -0.2075 -0.0074 0 0 -10 0
0.4980 -0.2065 0.0004 0 0 -10 0
0.4840 -0.2062 0.0011 0 0 -10 0
0.4880 -0.2058 -0.0026 0 0 -10 0
0.4880 -0.2058 -0.0026 0 0 -10 0
0.5000 -0.2059 -0.0056 0 0 -10 0
0.4880 -0.2061 -0.0056 0 0 -10 0
0.4580 -0.2061 -0.0099 0 0 -10 0
0.4580 -0.2061 -0.0099 0 0 -10 0
0.5060 -0.2056 -0.0076 0 0 -10 0
0.4880 -0.2053 -0.0071 0 0 -10 0
0.4920 -0.2055 -0.0065 0 0 -10 0
0.4820 -0.2051 -0.0035 0 0 -10 0
0.4740 -0.2043 -0.0042 0 0 -10 0
0.4740 -0.2043 -0.0042 0 0 -10 0
0.4840 -0.2038 -0.0043 0 0 -10 0
0.4820 -0.2030 -0.0032 0 0 -10 0
0.4820 -0.2028 -0.0016 0 0 -10 0
0.4880 -0.2024 -0.0016 0 0 -10 0
0.4880 -0.2024 -0.0016 0 0 -10 0
0.4960 -0.2020 -0.0028 0 0 -10 0
0.4820 -0.2019 -0.0037 0 0 -10 0
0.4800 -0.2017 -0.0049 0 0 -10 0
0.4880 -0.2009 -0.0089 0 0 -10 0
0.4780 -0.2007 -0.0088 0 0 -10 0
0.4780 -0.2007 -0.0088 0 0 -10 0
0.4700 -0.2002 -0.0083 0 0 -10 0
0.4760 -0.2001 -0.0081 0 0 -10 0
0.4720 -0.2001 -0.0094 0 0 -10 0
0.4700 -0.2001 -0.0100 0 0 -10 0
0.4800 -0.2003 -0.0094 0 0 -10 0
0.4800 -0.2003 -0.0094 0 0 -10 0
0.4860 -0.2003 -0.0123 0 0 -10 0
0.4880 -0.1995 -0.0157 0 0 -10 0
0.4860 -0.1986 -0.0160 0 0 -10 0
0.4860 -0.1977 -0.0150 0 0 -10 0
0.4860 -0.1977 -0.0150 0 0 -10 0
0.4760 -0.1974 -0.0154 0 0 -10 0
0.4860 -0.1968 -0.0176 0 0 -10 0
0.4820 -0.1961 -0.0171 0 0 -10 0
0.5020 -0.1959 -0.0181 0 0 -10 0
0.4760 -0.1950 -0.0177 0 0 -10 0
0.4760 -0.1950 -0.0177 0 0 -10 0
0.5020 -0.1949 -0.0201 0 0 -10 0
0.4960 -0.1946 -0.0186 0 0 -10 0
0.4920 -0.1943 -0.0187 0 0 -10 0
0.4920 -0.1943 -0.0187 0 0 -10 0
0.5060 -0.1930 -0.0184 0 0 -10 0
0.5060 -0.1926 -0.0182 0 0 -10 0
0.5020 -0.1923 -0.0207 0 0 -10 0
0.4980 -0.1922 -0.0251 0 0 -10 0
0.4980 -0.1922 -0.0251 0 0 -10 0
0.4780 -0.1922 -0.0262 0 0 -10 0
0.4900 -0.1919 -0.0271 0 0 -10 0
0.4880 -0.1918 -0.0284 0 0 -10 0
0.4880 -0.1918 -0.0284 0 0 -10 0
0.5120 -0.1905 -0.0267 0 0 -10 0
0.4920 -0.1901 -0.0262 0 0 -10 0
0.4920 -0.1901 -0.0262 0 0 -10 0
0.5060 -0.1897 -0.0248 0 0 -10 0
0.5020 -0.1896 -0.0236 0 0 -10 0
0.5060 -0.1895 -0.0223 0 0 -10 0
0.5240 -0.1901 -0.0202 0 0 -10 0
0.5240 -0.1901 -0.0202 0 0 -10 0
0.4860 -0.1895 -0.0209 0 0 -10 0
0.5260 -0.1884 -0.0228 0 0 -10 0
0.5060 -0.1872 -0.0218 0 0 -10 0
0.5260 -0.1864 -0.0213 0 0 -10 0
0.5060 -0.1862 -0.0213 0 0 -10 0
0.5040 -0.1864 -0.0185 0 0 -10 0
0.5040 -0.1864 -0.0185 0 0 -10 0
0.5060 -0.1864 -0.0193 0 0 -10 0
0.5100 -0.1865 -0.0209 0 0 -10 0
0.4960 -0.1859 -0.0188 0 0 -10 0
0.5200 -0.1854 -0.0187 0 0 -10 0
0.5200 -0.1854 -0.0187 0 0 -10 0
0.5340 -0.1834 -0.0223 0 0 -10 0
0.5340 -0.1834 -0.0223 0 0 -10 0
0.5100 -0.1831 -0.0195 0 0 -10 0
0.5160 -0.1825 -0.0217 0 0 -10 0
0.5100 -0.1818 -0.0220 0 0 -10 0
0.5340 -0.1815 -0.0214 0 0 -10 0
0.5340 -0.1815 -0.0214 0 0 -10 0
0.5180 -0.1810 -0.0203 0 0 -10 0
0.5080 -0.1807 -0.0205 0 0 -10 0
0.5180 -0.1807 -0.0215 0 0 -10 0
0.5180 -0.1807 -0.0215 0 0 -10 0
0.5000 -0.1787 -0.0155 0 0 -10 0
0.5000 -0.1787 -0.0155 0 0 -10 0
0.5320 -0.1783 -0.0160 0 0 -10 0
0.5300 -0.1777 -0.0153 0 0 -10 0
0.5340 -0.1774 -0.0128 0 0 -10 0
0.5140 -0.1762 -0.0121 0 0 -10 0
0.4920 -0.1756 -0.0160 0 0 -10 0
0.5080 -0.1751 -0.0157 0 0 -10 0
0.5340 -0.1747 -0.0168 0 0 -10 0
0.5340 -0.1747 -0.0168 0 0 -10 0
0.5120 -0.1742 -0.0177 0 0 -10 0
0.5320 -0.1742 -0.0177 0 0 -10 0
0.5440 -0.1735 -0.0169 0 0 -10 0
0.5220 -0.1725 -0.0100 0 0 -10 0
0.5220 -0.1721 -0.0090 0 0 -10 0
0.5160 -0.1707 -0.0074 0 0 -10 0
0.5160 -0.1707 -0.0074 0 0 -10 0
0.5340 -0.1700 -0.0031 0 0 -10 0
0.5340 -0.1700 -0.0031 0 0 -10 0
0.5440 -0.1715 -0.0059 0 0 -10 0
0.5360 -0.1715 -0.0059 0 0 -10 0
0.5380 -0.1707 -0.0074 0 0 -10 0
0.5380 -0.1698 -0.0087 0 0 -10 0
0.5520 -0.1689 -0.0081 0 0 -10 0
0.5520 -0.1689 -0.0081 0 0 -10 0
0.5400 -0.1687 -0.0088 0 0 -10 0
0.5220 -0.1686 -0.0085 0 0 -10 0
0.5460 -0.1684 -0.0085 0 0 -10 0
0.5380 -0.1682 -0.0076 0 0 -10 0
0.5260 -0.1680 -0.0058 0 0 -10 0
0.5340 -0.1674 -0.0084 0 0 -10 0
0.5340 -0.1674 -0.0084 0 0 -10 0
0.5480 -0.1671 -0.0109 0 0 -10 0
0.5560 -0.1668 -0.0120 0 0 -10 0
0.5400 -0.1659 -0.0113 0 0 -10 0
0.5440 -0.1647 -0.0110 0 0 -10 0
0.5440 -0.1647 -0.0110 0 0 -10 0
0.5380 -0.1634 -0.0084 0 0 -10 0
0.5380 -0.1634 -0.0084 0 0 -10 0
0.5420 -0.1633 -0.0075 0 0 -10 0
0.5420 -0.1637 -0.0077 0 0 -10 0
0.5240 -0.1637 -0.0070 0 0 -10 0
0.5540 -0.1634 -0.0035 0 0 -10 0
0.5540 -0.1634 -0.0035 0 0 -10 0
0.5440 -0.1626 -0.0028 0 0 -10 0
0.5500 -0.1620 -0.0037 0 0 -10 0
0.5540 -0.1613 -0.0029 0 0 -10 0
0.5540 -0.1613 -0.0029 0 0 -10 0
0.5480 -0.1607 -0.0029 0 0 -10 0
0.5480 -0.1607 -0.0029 0 0 -10 0
0.5480 -0.1603 -0.0048 0 0 -10 0
0.5540 -0.1595 -0.0056 0 0 -10 0
0.5520 -0.1592 -0.0067 0 0 -10 0
0.5520 -0.1592 -0.0067 0 0 -10 0
0.5400 -0.1586 -0.0097 0 0 -10 0
0.5380 -0.1577 -0.0078 0 0 -10 0
0.5380 -0.1577 -0.0078 0 0 -10 0
0.5580 -0.1567 -0.0078 0 0 -10 0
0.5520 -0.1565 -0.0076 0 0 -10 0
0.5520 -0.1565 -0.0076 0 0 -10 0
0.5620 -0.1563 -0.0077 0 0 -10 0
0.5460 -0.1559 -0.0039 0 0 -10 0
0.5580 -0.1551 -0.0043 0 0 -10 0
0.5740 -0.1549 -0.0050 0 0 -10 0
0.5740 -0.1548 -0.0040 0 0 -10 0
0.5660 -0.1548 -0.0040 0 0 -10 0
0.5500 -0.1542 -0.0062 0 0 -10 0
0.5500 -0.1537 -0.0060 0 0 -10 0
0.5700 -0.1535 -0.0044 0 0 -10 0
0.5680 -0.1533 -0.0040 0 0 -10 0
0.5680 -0.1527 -0.0044 0 0 -10 0
0.5580 -0.1527 -0.0044 0 0 -10 0
0.5740 -0.1525 -0.0047 0 0 -10 0
0.5700 -0.1519 -0.0033 0 0 -10 0
0.5740 -0.1514 -0.0036 0 0 -10 0
0.5680 -0.1506 -0.0050 0 0 -10 0
0.5700 -0.1492 -0.0059 0 0 -10 0
0.5800 -0.1490 -0.0044 0 0 -10 0
0.5680 -0.1488 -0.0048 0 0 -10 0
0.5680 -0.1483 -0.0087 0 0 -10 0
0.5680 -0.1482 -0.0086 0 0 -10 0
0.5680 -0.1475 -0.0106 0 0 -10 0
0.5820 -0.1470 -0.0112 0 0 -10 0
0.5680 -0.1469 -0.0130 0 0 -10 0
0.5680 -0.1469 -0.0130 0 0 -10 0
0.5560 -0.1464 -0.0115 0 0 -10 0
0.5620 -0.1460 -0.0114 0 0 -10 0
0.5680 -0.1456 -0.0114 0 0 -10 0
0.5680 -0.1456 -0.0114 0 0 -10 0
0.5940 -0.1450 -0.0121 0 0 -10 0
0.5620 -0.1437 -0.0104 0 0 -10 0
0.5760 -0.1432 -0.0110 0 0 -10 0
0.5880 -0.1431 -0.0106 0 0 -10 0
0.5820 -0.1433 -0.0097 0 0 -10 0
0.5820 -0.1432 -0.0096 0 0 -10 0
0.5800 -0.1432 -0.0096 0 0 -10 0
0.5940 -0.1427 -0.0087 0 0 -10 0
0.5780 -0.1426 -0.0086 0 0 -10 0
0.5800 -0.1425 -0.0125 0 0 -10 0
0.5860 -0.1423 -0.0127 0 0 -10 0
0.5860 -0.1421 -0.0117 0 0 -10 0
0.5820 -0.1421 -0.0117 0 0 -10 0
0.5780 -0.1421 -0.0109 0 0 -10 0
0.5740 -0.1410 -0.0098 0 0 -10 0
0.5560 -0.1403 -0.0091 0 0 -10 0
0.5660 -0.1398 -0.0073 0 0 -10 0
0.5660 -0.1398 -0.0073 0 0 -10 0
0.5640 -0.1398 -0.0065 0 0 -10 0
0.5540 -0.1396 -0.0077 0 0 -10 0
0.5860 -0.1396 -0.0075 0 0 -10 0
0.5820 -0.1398 -0.0067 0 0 -10 0
0.5820 -0.1400 -0.0067 0 0 -10 0
0.5880 -0.1400 -0.0067 0 0 -10 0
0.5800 -0.1399 -0.0104 0 0 -10 0
0.5540 -0.1396 -0.0095 0 0 -10 0
0.5820 -0.1384 -0.0090 0 0 -10 0
0.5780 -0.1376 -0.0092 0 0 -10 0
0.5640 -0.1368 -0.0085 0 0 -10 0
0.5640 -0.1368 -0.0085 0 0 -10 0
0.5780 -0.1359 -0.0096 0 0 -10 0
0.5520 -0.1356 -0.0094 0 0 -10 0
0.5520 -0.1356 -0.0094 0 0 -10 0
0.5740 -0.1349 -0.0088 0 0 -10 0
0.5820 -0.1347 -0.0079 0 0 -10 0
0.5820 -0.1345 -0.0072 0 0 -10 0
0.5780 -0.1343 -0.0070 0 0 -10 0
0.5920 -0.1343 -0.0055 0 0 -10 0
0.5900 -0.1343 -0.0052 0 0 -10 0
0.5900 -0.1343 -0.0052 0 0 -10 0
0.5800 -0.1339 -0.0041 0 0 -10 0
0.5780 -0.1333 -0.0042 0 0 -10 0
0.5900 -0.1325 -0.0027 0 0 -10 0
0.5920 -0.1324 -0.0033 0 0 -10 0
0.5860 -0.1323 -0.0040 0 0 -10 0
0.5640 -0.1323 -0.0044 0 0 -10 0
0.5640 -0.1323 -0.0044 0 0 -10 0
0.5760 -0.1318 -0.0036 0 0 -10 0
0.5900 -0.1313 -0.0036 0 0 -10 0
0.5640 -0.1309 -0.0016 0 0 -10 0
0.5740 -0.1303 -0.0027 0 0 -10 0
0.5740 -0.1299 -0.0005 0 0 -10 0
0.5940 -0.1299 -0.0005 0 0 -10 0
0.5980 -0.1298 -0.0012 0 0 -10 0
0.5720 -0.1301 -0.0025 0 0 -10 0
0.5900 -0.1298 -0.0027 0 0 -10 0
0.5960 -0.1292 -0.0009 0 0 -10 0
0.5960 -0.1292 -0.0009 0 0 -10 0
0.5720 -0.1288 -0.0014 0 0 -10 0
0.5900 -0.1287 0.0018 0 0 -10 0
0.5940 -0.1284 0.0023 0 0 -10 0
0.5700 -0.1282 0.0031 0 0 -10 0
0.5820 -0.1277 0.0039 0 0 -10 0
0.5660 -0.1268 0.0031 0 0 -10 0
0.5660 -0.1268 0.0031 0 0 -10 0
0.5760 -0.1259 0.0032 0 0 -10 0
0.5920 -0.1247 0.0026 0 0 -10 0
0.5680 -0.1236 0.0006 0 0 -10 0
0.5680 -0.1236 0.0006 0 0 -10 0
0.5760 -0.1220 0.0016 0 0 -10 0
0.5760 -0.1220 0.0016 0 0 -10 0
0.5760 -0.1215 -0.0009 0 0 -10 0
0.5760 -0.1217 -0.0014 0 0 -10 0
0.5980 -0.1218 0.0006 0 0 -10 0
0.5820 -0.1217 0.0011 0 0 -10 0
0.5820 -0.1217 0.0011 0 0 -10 0
0.5900 -0.1213 -0.0011 0 0 -10 0
0.5820 -0.1213 -0.0011 0 0 -10 0
0.5840 -0.1214 -0.0021 0 0 -10 0
0.5960 -0.1210 -0.0025 0 0 -10 0
0.5820 -0.1205 -0.0043 0 0 -10 0
0.5900 -0.1195 -0.0050 0 0 -10 0
0.5900 -0.1191 -0.0029 0 0 -10 0
0.5960 -0.1184 -0.0030 0 0 -10 0
0.5860 -0.1180 -0.0036 0 0 -10 0
0.5860 -0.1180 -0.0036 0 0 -10 0
0.5960 -0.1177 -0.0019 0 0 -10 0
0.5960 -0.1177 -0.0019 0 0 -10 0
0.6120 -0.1172 -0.0019 0 0 -10 0
0.6080 -0.1170 -0.0009 0 0 -10 0
0.6220 -0.1167 -0.0002 0 0 -10 0
0.6040 -0.1161 -0.0014 0 0 -10 0
0.6040 -0.1161 -0.0014 0 0 -10 0
0.5960 -0.1154 -0.0038 0 0 -10 0
0.5920 -0.1148 -0.0055 0 0 -10 0
0.6100 -0.1143 -0.0049 0 0 -10 0
0.5960 -0.1142 -0.0078 0 0 -10 0
0.5960 -0.1142 -0.0078 0 0 -10 0
0.5940 -0.1140 -0.0093 0 0 -10 0
0.5680 -0.1137 -0.0079 0 0 -10 0
0.5680 -0.1137 -0.0079 0 0 -10 0
0.5940 -0.1128 -0.0102 0 0 -10 0
0.5940 -0.1120 -0.0039 0 0 -10 0
0.5940 -0.1118 -0.0037 0 0 -10 0
0.6060 -0.1116 -0.0024 0 0 -10 0
0.6060 -0.1116 -0.0024 0 0 -10 0
0.5920 -0.1109 -0.0039 0 0 -10 0
0.5920 -0.1109 -0.0039 0 0 -10 0
0.6020 -0.1107 -0.0041 0 0 -10 0
0.6060 -0.1106 -0.0048 0 0 -10 0
0.6100 -0.1103 -0.0050 0 0 -10 0
0.6100 -0.1103 -0.0050 0 0 -10 0
0.6180 -0.1099 -0.0038 0 0 -10 0
0.6120 -0.1092 -0.0044 0 0 -10 0
0.6160 -0.1089 -0.0060 0 0 -10 0
0.6140 -0.1081 -0.0062 0 0 -10 0
0.6140 -0.1081 -0.0062 0 0 -10 0
0.6020 -0.1075 -0.0062 0 0 -10 0
0.6020 -0.1075 -0.0062 0 0 -10 0
0.6020 -0.1067 -0.0048 0 0 -10 0
0.6320 -0.1063 -0.0048 0 0 -10 0
0.6320 -0.1058 -0.0043 0 0 -10 0
0.6320 -0.1058 -0.0043 0 0 -10 0
0.6020 -0.1045 -0.0038 0 0 -10 0
0.6100 -0.1045 -0.0038 0 0 -10 0
0.6060 -0.1043 -0.0031 0 0 -10 0
0.6060 -0.1037 -0.0033 0 0 -10 0
0.6140 -0.1032 -0.0038 0 0 -10 0
0.6140 -0.1032 -0.0038 0 0 -10 0
0.6200 -0.1020 -0.0045 0 0 -10 0
0.6140 -0.1019 -0.0054 0 0 -10 0
0.6100 -0.1018 -0.0050 0 0 -10 0
0.6100 -0.1018 -0.0050 0 0 -10 0
0.6200 -0.1020 -0.0052 0 0 -10 0
0.6140 -0.1020 -0.0066 0 0 -10 0
0.6120 -0.1022 -0.0068 0 0 -10 0
0.5960 -0.1020 -0.0083 0 0 -10 0
0.6260 -0.1018 -0.0083 0 0 -10 0
0.6260 -0.1018 -0.0083 0 0 -10 0
0.6120 -0.1013 -0.0081 0 0 -10 0
0.6020 -0.1003 -0.0088 0 0 -10 0
0.6080 -0.0999 -0.0071 0 0 -10 0
0.5960 -0.0996 -0.0067 0 0 -10 0
0.5960 -0.0996 -0.0067 0 0 -10 0
0.6240 -0.0999 -0.0066 0 0 -10 0
0.6300 -0.0994 -0.0070 0 0 -10 0
0.6200 -0.0991 -0.0067 0 0 -10 0
0.6180 -0.0988 -0.0069 0 0 -10 0
0.6060 -0.0981 -0.0074 0 0 -10 0
0.6180 -0.0971 -0.0064 0 0 -10 0
0.6180 -0.0971 -0.0064 0 0 -10 0
0.6400 -0.0964 -0.0044 0 0 -10 0
0.6160 -0.0958 -0.0044 0 0 -10 0
0.6180 -0.0953 -0.0037 0 0 -10 0
0.6320 -0.0953 -0.0060 0 0 -10 0
0.6340 -0.0953 -0.0054 0 0 -10 0
0.6340 -0.0953 -0.0054 0 0 -10 0
0.6160 -0.0956 -0.0036 0 0 -10 0
0.6200 -0.0956 -0.0029 0 0 -10 0
0.6340 -0.0952 -0.0017 0 0 -10 0
0.6120 -0.0946 -0.0012 0 0 -10 0
0.6120 -0.0946 -0.0012 0 0 -10 0
0.6020 -0.0936 -0.0009 0 0 -10 0
0.6020 -0.0936 -0.0009 0 0 -10 0
0.6240 -0.0931 0.0005 0 0 -10 0
0.6080 -0.0931 0.0011 0 0 -10 0
0.6300 -0.0930 0.0009 0 0 -10 0
0.6220 -0.0924 0.0017 0 0 -10 0
0.6400 -0.0914 0.0017 0 0 -10 0
0.6620 -0.0901 0.0010 0 0 -10 0
0.6180 -0.0884 0.0001 0 0 -10 0
0.6320 -0.0883 -0.0003 0 0 -10 0
0.6320 -0.0883 -0.0003 0 0 -10 0
0.6380 -0.0882 -0.0004 0 0 -10 0
0.6360 -0.0877 0.0000 0 0 -10 0
0.6460 -0.0873 -0.0004 0 0 -10 0
0.6480 -0.0866 0.0001 0 0 -10 0
0.6480 -0.0866 0.0001 0 0 -10 0
0.6400 -0.0866 0.0019 0 0 -10 0
0.6520 -0.0862 0.0023 0 0 -10 0
0.6380 -0.0858 0.0047 0 0 -10 0
0.6340 -0.0857 0.0045 0 0 -10 0
0.6560 -0.0852 0.0056 0 0 -10 0
0.6560 -0.0852 0.0056 0 0 -10 0
0.6620 -0.0848 0.0080 0 0 -10 0
0.6580 -0.0842 0.0082 0 0 -10 0
0.6480 -0.0833 0.0105 0 0 -10 0
0.6480 -0.0833 0.0105 0 0 -10 0
0.6460 -0.0827 0.0079 0 0 -10 0
0.6520 -0.0828 0.0111 0 0 -10 0
0.6620 -0.0823 0.0093 0 0 -10 0
0.6860 -0.0818 0.0143 0 0 -10 0
0.6860 -0.0818 0.0143 0 0 -10 0
0.6580 -0.0818 0.0156 0 0 -10 0
0.6740 -0.0804 0.0135 0 0 -10 0
0.6740 -0.0804 0.0135 0 0 -10 0
0.6820 -0.0795 0.0119 0 0 -10 0
0.6560 -0.0792 0.0065 0 0 -10 0
0.6820 -0.0791 0.0053 0 0 -10 0
0.6720 -0.0789 0.0040 0 0 -10 0
0.6720 -0.0789 0.0040 0 0 -10 0
0.6660 -0.0789 0.0029 0 0 -10 0
0.6700 -0.0785 0.0012 0 0 -10 0
0.6820 -0.0780 0.0008 0 0 -10 0
0.6820 -0.0767 -0.0005 0 0 -10 0
0.6640 -0.0761 -0.0039 0 0 -10 0
0.6640 -0.0761 -0.0039 0 0 -10 0
0.6700 -0.0757 -0.0038 0 0 -10 0
0.6780 -0.0751 -0.0031 0 0 -10 0
0.6540 -0.0747 -0.0032 0 0 -10 0
0.6540 -0.0747 -0.0032 0 0 -10 0
0.6680 -0.0743 -0.0068 0 0 -10 0
0.6440 -0.0744 -0.0072 0 0 -10 0
0.6940 -0.0744 -0.0067 0 0 -10 0
0.6680 -0.0744 -0.0074 0 0 -10 0
0.6560 -0.0738 -0.0098 0 0 -10 0
0.6700 -0.0737 -0.0097 0 0 -10 0
0.6580 -0.0730 -0.0099 0 0 -10 0
0.6820 -0.0723 -0.0107 0 0 -10 0
0.6820 -0.0717 -0.0101 0 0 -10 0
0.6820 -0.0717 -0.0101 0 0 -10 0
0.6640 -0.0720 -0.0078 0 0 -10 0
0.6640 -0.0720 -0.0078 0 0 -10 0
0.6840 -0.0720 -0.0006 0 0 -10 0
0.6900 -0.0715 -0.0028 0 0 -10 0
0.6880 -0.0708 -0.0045 0 0 -10 0
0.6780 -0.0704 -0.0034 0 0 -10 0
0.6780 -0.0704 -0.0034 0 0 -10 0
0.6840 -0.0694 -0.0047 0 0 -10 0
0.6840 -0.0694 -0.0047 0 0 -10 0
0.6760 -0.0688 -0.0046 0 0 -10 0
0.6980 -0.0686 -0.0083 0 0 -10 0
0.6980 -0.0682 -0.0080 0 0 -10 0
0.6640 -0.0677 -0.0085 0 0 -10 0
0.6640 -0.0677 -0.0085 0 0 -10 0
0.6720 -0.0671 -0.0082 0 0 -10 0
0.6800 -0.0666 -0.0102 0 0 -10 0
0.6680 -0.0662 -0.0102 0 0 -10 0
0.6680 -0.0662 -0.0102 0 0 -10 0
0.6900 -0.0654 -0.0099 0 0 -10 0
0.6900 -0.0654 -0.0099 0 0 -10 0
0.6920 -0.0647 -0.0099 0 0 -10 0
0.6880 -0.0645 -0.0087 0 0 -10 0
0.6960 -0.0645 -0.0117 0 0 -10 0
0.6720 -0.0643 -0.0120 0 0 -10 0
0.6780 -0.0634 -0.0109 0 0 -10 0
0.7000 -0.0630 -0.0097 0 0 -10 0
0.7000 -0.0630 -0.0097 0 0 -10 0
0.6860 -0.0629 -0.0098 0 0 -10 0
0.6900 -0.0627 -0.0093 0 0 -10 0
0.6900 -0.0628 -0.0094 0 0 -10 0
0.6900 -0.0628 -0.0094 0 0 -10 0
0.7080 -0.0629 -0.0077 0 0 -10 0
0.6900 -0.0618 -0.0071 0 0 -10 0
0.7000 -0.0606 -0.0095 0 0 -10 0
0.6900 -0.0598 -0.0090 0 0 -10 0
0.6900 -0.0598 -0.0090 0 0 -10 0
0.6880 -0.0596 -0.0112 0 0 -10 0
0.6880 -0.0596 -0.0112 0 0 -10 0
0.6840 -0.0595 -0.0120 0 0 -10 0
0.6940 -0.0592 -0.0122 0 0 -10 0
0.6980 -0.0589 -0.0126 0 0 -10 0
0.6940 -0.0580 -0.0117 0 0 -10 0
0.6940 -0.0580 -0.0117 0 0 -10 0
0.6880 -0.0566 -0.0126 0 0 -10 0
0.6880 -0.0566 -0.0126 0 0 -10 0
0.6980 -0.0561 -0.0122 0 0 -10 0
0.6720 -0.0554 -0.0125 0 0 -10 0
0.7100 -0.0551 -0.0121 0 0 -10 0
0.6860 -0.0554 -0.0098 0 0 -10 0
0.6860 -0.0554 -0.0098 0 0 -10 0
0.6800 -0.0548 -0.0097 0 0 -10 0
0.6800 -0.0548 -0.0097 0 0 -10 0
0.7080 -0.0540 -0.0068 0 0 -10 0
0.7020 -0.0532 -0.0064 0 0 -10 0
0.7080 -0.0528 -0.0060 0 0 -10 0
0.7120 -0.0528 -0.0033 0 0 -10 0
0.7120 -0.0528 -0.0033 0 0 -10 0
0.7120 -0.0524 -0.0026 0 0 -10 0
0.7160 -0.0521 -0.0023 0 0 -10 0
0.7160 -0.0516 -0.0021 0 0 -10 0
0.7160 -0.0516 -0.0021 0 0 -10 0
0.7140 -0.0504 -0.0006 0 0 -10 0
0.7140 -0.0504 -0.0006 0 0 -10 0
0.7160 -0.0502 -0.0004 0 0 -10 0
0.7180 -0.0498 -0.0004 0 0 -10 0
0.7120 -0.0496 -0.0004 0 0 -10 0
0.7180 -0.0492 0.0007 0 0 -10 0
0.7280 -0.0478 0.0002 0 0 -10 0
0.7280 -0.0478 0.0002 0 0 -10 0
0.7160 -0.0474 -0.0011 0 0 -10 0
0.7280 -0.0473 -0.0009 0 0 -10 0
0.7220 -0.0473 -0.0048 0 0 -10 0
0.7220 -0.0473 -0.0048 0 0 -10 0
0.6960 -0.0472 -0.0060 0 0 -10 0
0.7300 -0.0455 -0.0044 0 0 -10 0
0.7160 -0.0446 -0.0065 0 0 -10 0
0.7280 -0.0445 -0.0064 0 0 -10 0
0.7280 -0.0445 -0.0064 0 0 -10 0
0.7200 -0.0447 -0.0057 0 0 -10 0
0.7400 -0.0446 -0.0066 0 0 -10 0
0.7080 -0.0442 -0.0073 0 0 -10 0
0.7520 -0.0434 -0.0076 0 0 -10 0
0.7520 -0.0434 -0.0076 0 0 -10 0
0.7600 -0.0429 -0.0079 0 0 -10 0
0.7420 -0.0423 -0.0091 0 0 -10 0
0.7280 -0.0417 -0.0082 0 0 -10 0
0.7380 -0.0410 -0.0072 0 0 -10 0
0.7380 -0.0410 -0.0072 0 0 -10 0
0.7480 -0.0412 -0.0068 0 0 -10 0
0.7520 -0.0414 -0.0048 0 0 -10 0
0.7500 -0.0414 -0.0046 0 0 -10 0
0.7280 -0.0406 -0.0033 0 0 -10 0
0.7420 -0.0403 -0.0017 0 0 -10 0
0.7420 -0.0403 -0.0071 0 0 -10 0
0.7380 -0.0401 -0.0084 0 0 -10 0
0.7380 -0.0401 -0.0084 0 0 -10 0
0.7440 -0.0392 -0.0071 0 0 -10 0
0.7540 -0.0384 -0.0048 0 0 -10 0
0.7520 -0.0382 -0.0066 0 0 -10 0
0.7460 -0.0380 -0.0081 0 0 -10 0
0.7460 -0.0380 -0.0081 0 0 -10 0
0.7360 -0.0373 -0.0061 0 0 -10 0
0.7360 -0.0373 -0.0060 0 0 -10 0
0.7540 -0.0374 -0.0066 0 0 -10 0
0.7580 -0.0379 -0.0066 0 0 -10 0
0.7520 -0.0383 -0.0063 0 0 -10 0
0.7420 -0.0383 -0.0061 0 0 -10 0
0.7580 -0.0378 -0.0054 0 0 -10 0
0.7420 -0.0371 -0.0053 0 0 -10 0
0.7580 -0.0359 -0.0040 0 0 -10 0
0.7500 -0.0350 -0.0040 0 0 -10 0
0.7500 -0.0350 -0.0040 0 0 -10 0
0.7200 -0.0333 -0.0029 0 0 -10 0
0.7320 -0.0332 -0.0020 0 0 -10 0
0.7420 -0.0329 -0.0018 0 0 -10 0
0.7460 -0.0322 -0.0058 0 0 -10 0
0.7460 -0.0322 -0.0058 0 0 -10 0
0.7380 -0.0321 -0.0046 0 0 -10 0
0.7420 -0.0313 -0.0072 0 0 -10 0
0.7340 -0.0301 -0.0092 0 0 -10 0
0.7320 -0.0294 -0.0077 0 0 -10 0
0.7320 -0.0294 -0.0077 0 0 -10 0
0.7380 -0.0288 -0.0064 0 0 -10 0
0.7320 -0.0286 -0.0065 0 0 -10 0
0.7340 -0.0283 -0.0054 0 0 -10 0
0.7340 -0.0283 -0.0054 0 0 -10 0
0.7460 -0.0283 -0.0050 0 0 -10 0
0.7740 -0.0279 -0.0038 0 0 -10 0
0.7560 -0.0277 -0.0027 0 0 -10 0
0.7380 -0.0279 -0.0030 0 0 -10 0
0.7240 -0.0281 -0.0053 0 0 -10 0
0.7300 -0.0278 -0.0052 0 0 -10 0
0.7300 -0.0278 -0.0052 0 0 -10 0
0.7260 -0.0264 -0.0048 0 0 -10 0
0.7280 -0.0264 -0.0048 0 0 -10 0
0.7420 -0.0261 -0.0026 0 0 -10 0
0.7480 -0.0258 -0.0023 0 0 -10 0
0.7260 -0.0249 -0.0037 0 0 -10 0
0.7260 -0.0249 -0.0037 0 0 -10 0
0.7380 -0.0248 -0.0035 0 0 -10 0
0.7560 -0.0247 -0.0036 0 0 -10 0
0.7320 -0.0247 -0.0063 0 0 -10 0
0.7320 -0.0247 -0.0063 0 0 -10 0
0.7280 -0.0240 -0.0052 0 0 -10 0
0.7280 -0.0240 -0.0052 0 0 -10 0
0.7360 -0.0229 -0.0054 0 0 -10 0
0.7340 -0.0215 -0.0058 0 0 -10 0
0.7480 -0.0210 -0.0051 0 0 -10 0
0.7560 -0.0206 -0.0055 0 0 -10 0
0.7560 -0.0206 -0.0055 0 0 -10 0
0.7460 -0.0205 -0.0057 0 0 -10 0
0.7400 -0.0200 -0.0057 0 0 -10 0
0.7260 -0.0199 -0.0051 0 0 -10 0
0.7260 -0.0199 -0.0051 0 0 -10 0
0.7300 -0.0190 -0.0066 0 0 -10 0
0.7360 -0.0188 -0.0063 0 0 -10 0
0.7360 -0.0188 -0.0063 0 0 -10 0
0.7100 -0.0180 -0.0063 0 0 -10 0
0.7240 -0.0174 -0.0085 0 0 -10 0
0.7400 -0.0171 -0.0091 0 0 -10 0
0.7360 -0.0162 -0.0078 0 0 -10 0
0.7200 -0.0158 -0.0080 0 0 -10 0
0.7100 -0.0156 -0.0089 0 0 -10 0
0.7100 -0.0156 -0.0089 0 0 -10 0
0.7300 -0.0157 -0.0135 0 0 -10 0
0.7480 -0.0153 -0.0133 0 0 -10 0
0.7480 -0.0153 -0.0133 0 0 -10 0
0.7300 -0.0140 -0.0140 0 0 -10 0
0.7300 -0.0140 -0.0140 0 0 -10 0
0.7280 -0.0136 -0.0113 0 0 -10 0
0.7600 -0.0129 -0.0108 0 0 -10 0
0.7480 -0.0127 -0.0098 0 0 -10 0
0.7040 -0.0123 -0.0096 0 0 -10 0
0.7380 -0.0119 -0.0071 0 0 -10 0
0.7480 -0.0114 -0.0072 0 0 -10 0
0.7400 -0.0109 -0.0077 0 0 -10 0
0.7540 -0.0103 -0.0060 0 0 -10 0
0.7380 -0.0100 -0.0090 0 0 -10 0
0.7380 -0.0100 -0.0090 0 0 -10 0
0.7640 -0.0093 -0.0090 0 0 -10 0
0.7620 -0.0088 -0.0114 0 0 -10 0
0.7540 -0.0084 -0.0112 0 0 -10 0
0.7580 -0.0076 -0.0107 0 0 -10 0
0.7580 -0.0076 -0.0107 0 0 -10 0
0.7480 -0.0062 -0.0105 0 0 -10 0
0.7480 -0.0062 -0.0105 0 0 -10 0
0.7820 -0.0058 -0.0113 0 0 -10 0
0.7540 -0.0057 -0.0137 0 0 -10 0
0.7620 -0.0058 -0.0133 0 0 -10 0
0.7620 -0.0058 -0.0133 0 0 -10 0
0.7760 -0.0058 -0.0147 0 0 -10 0
0.7660 -0.0056 -0.0146 0 0 -10 0
