0.5460 -0.1727 -0.0006 0 0 -10 0
0.5500 -0.1733 0.0034 0 0 -10 0
0.5300 -0.1735 0.0027 0 0 -10 0
0.5320 -0.1734 0.0026 0 0 -10 0
0.5320 -0.1734 0.0026 0 0 -10 0
0.5420 -0.1734 0.0046 0 0 -10 0
0.5440 -0.1737 0.0045 0 0 -10 0
0.5400 -0.1743 0.0026 0 0 -10 0
0.5400 -0.1745 0.0042 0 0 -10 0
0.5440 -0.1741 0.0040 0 0 -10 0
0.5460 -0.1735 0.0036 0 0 -10 0
0.5460 -0.1735 0.0036 0 0 -10 0
0.5320 -0.1723 0.0036 0 0 -10 0
0.5440 -0.1716 0.0051 0 0 -10 0
0.5520 -0.1711 0.0051 0 0 -10 0
0.5280 -0.1711 0.0057 0 0 -10 0
0.5380 -0.1709 0.0054 0 0 -10 0
0.5500 -0.1706 0.0058 0 0 -10 0
0.5500 -0.1706 0.0058 0 0 -10 0
0.5220 -0.1707 0.0062 0 0 -10 0
0.5260 -0.1707 0.0067 0 0 -10 0
0.5260 -0.1707 0.0070 0 0 -10 0
0.5260 -0.1707 0.0070 0 0 -10 0
0.5340 -0.1699 0.0069 0 0 -10 0
0.5340 -0.1699 0.0069 0 0 -10 0
0.5240 -0.1696 0.0056 0 0 -10 0
0.5300 -0.1694 0.0051 0 0 -10 0
0.5240 -0.1688 0.0050 0 0 -10 0
0.5460 -0.1682 0.0046 0 0 -10 0
0.5460 -0.1682 0.0046 0 0 -10 0
0.5380 -0.1680 0.0019 0 0 -10 0
0.5540 -0.1680 0.0032 0 0 -10 0
0.5520 -0.1680 0.0046 0 0 -10 0
0.5280 -0.1678 0.0023 0 0 -10 0
0.5260 -0.1673 0.0019 0 0 -10 0
0.5260 -0.1673 0.0019 0 0 -10 0
0.5200 -0.1658 0.0033 0 0 -10 0
0.5360 -0.1656 0.0021 0 0 -10 0
0.5360 -0.1656 0.0021 0 0 -10 0
0.5480 -0.1649 0.0002 0 0 -10 0
0.5540 -0.1644 0.0015 0 0 -10 0
0.5320 -0.1641 0.0014 0 0 -10 0
0.5320 -0.1635 -0.0006 0 0 -10 0
0.5380 -0.1635 -0.0006 0 0 -10 0
0.5400 -0.1629 -0.0004 0 0 -10 0
0.5440 -0.1623 -0.0004 0 0 -10 0
0.5460 -0.1616 -0.0003 0 0 -10 0
0.5540 -0.1611 -0.0004 0 0 -10 0
0.5400 -0.1610 0.0000 0 0 -10 0
0.5280 -0.1605 0.0001 0 0 -10 0
0.5280 -0.1605 0.0001 0 0 -10 0
0.5580 -0.1598 -0.0024 0 0 -10 0
0.5580 -0.1598 -0.0024 0 0 -10 0
0.5260 -0.1590 -0.0026 0 0 -10 0
0.5500 -0.1584 -0.0027 0 0 -10 0
0.5420 -0.1581 -0.0014 0 0 -10 0
0.5420 -0.1581 -0.0014 0 0 -10 0
0.5300 -0.1584 0.0018 0 0 -10 0
0.5480 -0.1585 0.0033 0 0 -10 0
0.5420 -0.1584 0.0034 0 0 -10 0
0.5440 -0.1578 0.0038 0 0 -10 0
0.5300 -0.1573 0.0006 0 0 -10 0
0.5440 -0.1574 0.0007 0 0 -10 0
0.5460 -0.1573 -0.0005 0 0 -10 0
0.5460 -0.1573 -0.0005 0 0 -10 0
0.5480 -0.1567 0.0013 0 0 -10 0
0.5480 -0.1567 0.0013 0 0 -10 0
0.5420 -0.1559 0.0010 0 0 -10 0
0.5640 -0.1552 -0.0013 0 0 -10 0
0.5520 -0.1550 -0.0016 0 0 -10 0
0.5520 -0.1550 -0.0016 0 0 -10 0
0.5560 -0.1547 0.0015 0 0 -10 0
0.5380 -0.1550 0.0011 0 0 -10 0
0.5660 -0.1544 0.0008 0 0 -10 0
0.5600 -0.1539 0.0009 0 0 -10 0
0.5700 -0.1529 0.0005 0 0 -10 0
0.5580 -0.1517 -0.0008 0 0 -10 0
0.5580 -0.1517 -0.0008 0 0 -10 0
0.5640 -0.1509 -0.0010 0 0 -10 0
0.5880 -0.1507 0.0005 0 0 -10 0
0.5840 -0.1504 0.0003 0 0 -10 0
0.5580 -0.1511 -0.0037 0 0 -10 0
0.5580 -0.1511 -0.0037 0 0 -10 0
0.5720 -0.1519 -0.0044 0 0 -10 0
0.5720 -0.1519 -0.0044 0 0 -10 0
0.5540 -0.1506 -0.0083 0 0 -10 0
0.5580 -0.1487 -0.0088 0 0 -10 0
0.5720 -0.1469 -0.0094 0 0 -10 0
0.5720 -0.1469 -0.0094 0 0 -10 0
0.5780 -0.1455 -0.0074 0 0 -10 0
0.5860 -0.1449 -0.0069 0 0 -10 0
0.5560 -0.1448 -0.0094 0 0 -10 0
0.5700 -0.1455 -0.0085 0 0 -10 0
0.5600 -0.1461 -0.0083 0 0 -10 0
0.5600 -0.1465 -0.0077 0 0 -10 0
0.5760 -0.1461 -0.0080 0 0 -10 0
0.5640 -0.1450 -0.0071 0 0 -10 0
0.5640 -0.1450 -0.0071 0 0 -10 0
0.5800 -0.1442 -0.0063 0 0 -10 0
0.5620 -0.1439 -0.0070 0 0 -10 0
0.5540 -0.1439 -0.0069 0 0 -10 0
0.5460 -0.1440 -0.0065 0 0 -10 0
0.5600 -0.1435 -0.0071 0 0 -10 0
0.5600 -0.1435 -0.0071 0 0 -10 0
0.5900 -0.1429 -0.0073 0 0 -10 0
0.5720 -0.1421 -0.0072 0 0 -10 0
0.5720 -0.1412 -0.0071 0 0 -10 0
0.5580 -0.1412 -0.0071 0 0 -10 0
0.5540 -0.1398 -0.0072 0 0 -10 0
0.5540 -0.1398 -0.0072 0 0 -10 0
0.5800 -0.1396 -0.0065 0 0 -10 0
0.5580 -0.1398 -0.0099 0 0 -10 0
0.5700 -0.1398 -0.0099 0 0 -10 0
0.5700 -0.1398 -0.0099 0 0 -10 0
0.5700 -0.1400 -0.0109 0 0 -10 0
0.5700 -0.1400 -0.0109 0 0 -10 0
0.5780 -0.1393 -0.0125 0 0 -10 0
0.5860 -0.1385 -0.0126 0 0 -10 0
0.5700 -0.1377 -0.0140 0 0 -10 0
0.5700 -0.1371 -0.0141 0 0 -10 0
0.5700 -0.1371 -0.0141 0 0 -10 0
0.5720 -0.1370 -0.0170 0 0 -10 0
0.5960 -0.1365 -0.0148 0 0 -10 0
0.5700 -0.1363 -0.0153 0 0 -10 0
0.5520 -0.1360 -0.0151 0 0 -10 0
0.5760 -0.1355 -0.0140 0 0 -10 0
0.5760 -0.1355 -0.0140 0 0 -10 0
0.5420 -0.1352 -0.0129 0 0 -10 0
0.5780 -0.1341 -0.0143 0 0 -10 0
0.5700 -0.1339 -0.0142 0 0 -10 0
0.5700 -0.1339 -0.0142 0 0 -10 0
0.5520 -0.1342 -0.0140 0 0 -10 0
0.5660 -0.1342 -0.0152 0 0 -10 0
0.5660 -0.1339 -0.0187 0 0 -10 0
0.5560 -0.1333 -0.0193 0 0 -10 0
0.5700 -0.1322 -0.0194 0 0 -10 0
0.5700 -0.1322 -0.0194 0 0 -10 0
0.5620 -0.1301 -0.0189 0 0 -10 0
0.5600 -0.1293 -0.0159 0 0 -10 0
0.5600 -0.1291 -0.0150 0 0 -10 0
0.5700 -0.1291 -0.0150 0 0 -10 0
0.5780 -0.1279 -0.0151 0 0 -10 0
0.5740 -0.1271 -0.0145 0 0 -10 0
0.5700 -0.1260 -0.0122 0 0 -10 0
0.5700 -0.1255 -0.0112 0 0 -10 0
0.6000 -0.1253 -0.0105 0 0 -10 0
0.5900 -0.1255 -0.0096 0 0 -10 0
0.5900 -0.1255 -0.0096 0 0 -10 0
0.5940 -0.1250 -0.0089 0 0 -10 0
0.5740 -0.1250 -0.0078 0 0 -10 0
0.5880 -0.1248 -0.0100 0 0 -10 0
0.5880 -0.1248 -0.0100 0 0 -10 0
0.5820 -0.1236 -0.0089 0 0 -10 0
0.5820 -0.1236 -0.0089 0 0 -10 0
0.6200 -0.1233 -0.0082 0 0 -10 0
0.5820 -0.1232 -0.0088 0 0 -10 0
0.5940 -0.1229 -0.0112 0 0 -10 0
0.5860 -0.1224 -0.0103 0 0 -10 0
0.5860 -0.1224 -0.0103 0 0 -10 0
0.5900 -0.1223 -0.0100 0 0 -10 0
0.5920 -0.1223 -0.0100 0 0 -10 0
0.6040 -0.1220 -0.0083 0 0 -10 0
0.5820 -0.1212 -0.0083 0 0 -10 0
0.5820 -0.1203 -0.0090 0 0 -10 0
0.6060 -0.1195 -0.0100 0 0 -10 0
0.6060 -0.1195 -0.0100 0 0 -10 0
0.5960 -0.1187 -0.0146 0 0 -10 0
0.5980 -0.1184 -0.0147 0 0 -10 0
0.5840 -0.1181 -0.0142 0 0 -10 0
0.5920 -0.1181 -0.0135 0 0 -10 0
0.5940 -0.1178 -0.0128 0 0 -10 0
0.5960 -0.1174 -0.0130 0 0 -10 0
0.5960 -0.1174 -0.0130 0 0 -10 0
0.5940 -0.1164 -0.0104 0 0 -10 0
0.5900 -0.1159 -0.0093 0 0 -10 0
0.6120 -0.1155 -0.0095 0 0 -10 0
0.6120 -0.1155 -0.0095 0 0 -10 0
0.5900 -0.1147 -0.0137 0 0 -10 0
0.6140 -0.1146 -0.0114 0 0 -10 0
0.6140 -0.1146 -0.0114 0 0 -10 0
0.6020 -0.1143 -0.0121 0 0 -10 0
0.6020 -0.1137 -0.0134 0 0 -10 0
0.6120 -0.1131 -0.0140 0 0 -10 0
0.6220 -0.1122 -0.0102 0 0 -10 0
0.6240 -0.1118 -0.0050 0 0 -10 0
0.6320 -0.1120 -0.0050 0 0 -10 0
0.6320 -0.1120 -0.0050 0 0 -10 0
0.6460 -0.1113 -0.0034 0 0 -10 0
0.6460 -0.1113 -0.0034 0 0 -10 0
0.6080 -0.1112 -0.0065 0 0 -10 0
0.6280 -0.1110 -0.0067 0 0 -10 0
0.6220 -0.1107 -0.0067 0 0 -10 0
0.6260 -0.1108 -0.0064 0 0 -10 0
0.6260 -0.1108 -0.0064 0 0 -10 0
0.6320 -0.1110 -0.0057 0 0 -10 0
0.6180 -0.1109 -0.0055 0 0 -10 0
0.6220 -0.1108 -0.0082 0 0 -10 0
0.6200 -0.1102 -0.0095 0 0 -10 0
0.6160 -0.1096 -0.0109 0 0 -10 0
0.6160 -0.1096 -0.0109 0 0 -10 0
0.6020 -0.1088 -0.0106 0 0 -10 0
0.6480 -0.1076 -0.0073 0 0 -10 0
0.6260 -0.1071 -0.0085 0 0 -10 0
0.6100 -0.1065 -0.0083 0 0 -10 0
0.6100 -0.1065 -0.0083 0 0 -10 0
0.6420 -0.1056 -0.0061 0 0 -10 0
0.6420 -0.1056 -0.0061 0 0 -10 0
0.6240 -0.1048 -0.0065 0 0 -10 0
0.6260 -0.1042 -0.0062 0 0 -10 0
0.6180 -0.1041 -0.0030 0 0 -10 0
0.6120 -0.1036 -0.0021 0 0 -10 0
0.6120 -0.1036 -0.0021 0 0 -10 0
0.6020 -0.1025 -0.0045 0 0 -10 0
0.6020 -0.1025 -0.0045 0 0 -10 0
0.6160 -0.1024 -0.0032 0 0 -10 0
0.6160 -0.1021 -0.0028 0 0 -10 0
0.6300 -0.1019 -0.0020 0 0 -10 0
0.6300 -0.1019 -0.0020 0 0 -10 0
0.6340 -0.1016 -0.0023 0 0 -10 0
0.6320 -0.1014 -0.0023 0 0 -10 0
0.6240 -0.1004 -0.0016 0 0 -10 0
0.6140 -0.0999 -0.0009 0 0 -10 0
0.6200 -0.0995 -0.0003 0 0 -10 0
0.6200 -0.0995 -0.0003 0 0 -10 0
0.6160 -0.0992 0.0002 0 0 -10 0
0.6160 -0.0987 0.0001 0 0 -10 0
0.6180 -0.0978 -0.0007 0 0 -10 0
0.6280 -0.0972 -0.0022 0 0 -10 0
0.6280 -0.0972 -0.0022 0 0 -10 0
0.6320 -0.0974 -0.0041 0 0 -10 0
0.6320 -0.0974 -0.0041 0 0 -10 0
0.6300 -0.0970 -0.0027 0 0 -10 0
0.6260 -0.0967 -0.0026 0 0 -10 0
0.6080 -0.0966 -0.0056 0 0 -10 0
0.6080 -0.0966 -0.0056 0 0 -10 0
0.6060 -0.0964 -0.0036 0 0 -10 0
0.6160 -0.0957 -0.0041 0 0 -10 0
0.6420 -0.0951 -0.0043 0 0 -10 0
0.6280 -0.0949 -0.0038 0 0 -10 0
0.6280 -0.0949 -0.0038 0 0 -10 0
0.6420 -0.0947 0.0003 0 0 -10 0
0.6300 -0.0947 0.0003 0 0 -10 0
0.6400 -0.0940 -0.0050 0 0 -10 0
0.6200 -0.0935 -0.0061 0 0 -10 0
0.6200 -0.0935 -0.0061 0 0 -10 0
0.6260 -0.0927 -0.0066 0 0 -10 0
0.6320 -0.0925 -0.0073 0 0 -10 0
0.6440 -0.0923 -0.0073 0 0 -10 0
0.6420 -0.0925 -0.0071 0 0 -10 0
0.6420 -0.0925 -0.0063 0 0 -10 0
0.6420 -0.0922 -0.0092 0 0 -10 0
0.6540 -0.0918 -0.0085 0 0 -10 0
0.6540 -0.0918 -0.0085 0 0 -10 0
0.6480 -0.0909 -0.0078 0 0 -10 0
0.6680 -0.0903 -0.0074 0 0 -10 0
0.6440 -0.0898 -0.0066 0 0 -10 0
0.6440 -0.0898 -0.0066 0 0 -10 0
0.6280 -0.0889 -0.0049 0 0 -10 0
0.6280 -0.0889 -0.0049 0 0 -10 0
0.6500 -0.0886 -0.0055 0 0 -10 0
0.6600 -0.0879 -0.0047 0 0 -10 0
0.6600 -0.0879 -0.0047 0 0 -10 0
0.6480 -0.0877 -0.0043 0 0 -10 0
0.6420 -0.0879 -0.0029 0 0 -10 0
0.6600 -0.0875 -0.0013 0 0 -10 0
0.6720 -0.0868 -0.0007 0 0 -10 0
0.6720 -0.0868 -0.0007 0 0 -10 0
0.6580 -0.0857 -0.0041 0 0 -10 0
0.6580 -0.0851 -0.0034 0 0 -10 0
0.6560 -0.0842 -0.0062 0 0 -10 0
0.6860 -0.0843 -0.0075 0 0 -10 0
0.6860 -0.0843 -0.0075 0 0 -10 0
0.6760 -0.0842 -0.0076 0 0 -10 0
0.6800 -0.0836 -0.0074 0 0 -10 0
0.6860 -0.0830 -0.0072 0 0 -10 0
0.6560 -0.0822 -0.0066 0 0 -10 0
0.6620 -0.0820 -0.0067 0 0 -10 0
0.6620 -0.0820 -0.0067 0 0 -10 0
0.6700 -0.0815 -0.0064 0 0 -10 0
0.6700 -0.0818 -0.0062 0 0 -10 0
0.6760 -0.0815 -0.0060 0 0 -10 0
0.6880 -0.0812 -0.0037 0 0 -10 0
0.6880 -0.0806 -0.0031 0 0 -10 0
0.6700 -0.0806 -0.0031 0 0 -10 0
0.6720 -0.0799 -0.0034 0 0 -10 0
0.6740 -0.0788 -0.0036 0 0 -10 0
0.6820 -0.0779 -0.0018 0 0 -10 0
0.6800 -0.0775 -0.0038 0 0 -10 0
0.6460 -0.0772 -0.0026 0 0 -10 0
0.6460 -0.0768 -0.0013 0 0 -10 0
0.6460 -0.0768 -0.0013 0 0 -10 0
0.6840 -0.0765 0.0003 0 0 -10 0
0.6640 -0.0766 0.0011 0 0 -10 0
0.6480 -0.0765 0.0014 0 0 -10 0
0.6660 -0.0757 0.0016 0 0 -10 0
0.6660 -0.0757 0.0016 0 0 -10 0
0.6680 -0.0750 0.0019 0 0 -10 0
0.6480 -0.0744 -0.0030 0 0 -10 0
0.6680 -0.0738 -0.0035 0 0 -10 0
0.6760 -0.0729 -0.0022 0 0 -10 0
0.6680 -0.0728 -0.0018 0 0 -10 0
0.6700 -0.0726 -0.0027 0 0 -10 0
0.6680 -0.0725 -0.0029 0 0 -10 0
0.6680 -0.0725 -0.0029 0 0 -10 0
0.6780 -0.0725 -0.0009 0 0 -10 0
0.6720 -0.0728 -0.0010 0 0 -10 0
0.6720 -0.0722 -0.0004 0 0 -10 0
0.6660 -0.0717 -0.0004 0 0 -10 0
0.6660 -0.0717 -0.0004 0 0 -10 0
0.6800 -0.0709 0.0012 0 0 -10 0
0.6800 -0.0708 0.0013 0 0 -10 0
0.6700 -0.0710 0.0030 0 0 -10 0
0.6700 -0.0710 0.0030 0 0 -10 0
0.7040 -0.0700 0.0036 0 0 -10 0
0.7040 -0.0700 0.0036 0 0 -10 0
0.6900 -0.0694 0.0026 0 0 -10 0
0.6920 -0.0695 0.0021 0 0 -10 0
0.6880 -0.0697 0.0019 0 0 -10 0
0.7040 -0.0695 0.0017 0 0 -10 0
0.6960 -0.0682 0.0003 0 0 -10 0
0.6920 -0.0673 -0.0005 0 0 -10 0
0.7080 -0.0671 0.0014 0 0 -10 0
0.7080 -0.0671 0.0014 0 0 -10 0
0.6980 -0.0666 0.0016 0 0 -10 0
0.7120 -0.0662 0.0009 0 0 -10 0
0.7220 -0.0661 0.0011 0 0 -10 0
0.7140 -0.0660 0.0006 0 0 -10 0
0.7140 -0.0653 0.0005 0 0 -10 0
0.7260 -0.0653 0.0005 0 0 -10 0
0.7000 -0.0643 0.0023 0 0 -10 0
0.7360 -0.0633 0.0024 0 0 -10 0
0.7240 -0.0628 0.0031 0 0 -10 0
0.7160 -0.0624 0.0031 0 0 -10 0
0.7200 -0.0622 0.0074 0 0 -10 0
0.7060 -0.0620 0.0075 0 0 -10 0
0.7060 -0.0620 0.0075 0 0 -10 0
0.7140 -0.0612 0.0051 0 0 -10 0
0.7200 -0.0603 0.0053 0 0 -10 0
0.7140 -0.0598 0.0059 0 0 -10 0
0.7140 -0.0583 0.0044 0 0 -10 0
0.7140 -0.0583 0.0044 0 0 -10 0
0.7380 -0.0575 0.0042 0 0 -10 0
0.7260 -0.0563 0.0017 0 0 -10 0
0.7280 -0.0560 0.0024 0 0 -10 0
0.7380 -0.0557 0.0022 0 0 -10 0
0.7360 -0.0558 0.0041 0 0 -10 0
0.7420 -0.0558 0.0041 0 0 -10 0
0.7420 -0.0558 0.0041 0 0 -10 0
0.7460 -0.0554 0.0070 0 0 -10 0
0.7400 -0.0545 0.0074 0 0 -10 0
0.7440 -0.0539 0.0064 0 0 -10 0
0.7560 -0.0528 0.0067 0 0 -10 0
0.7560 -0.0528 0.0067 0 0 -10 0
0.7460 -0.0514 0.0068 0 0 -10 0
0.7540 -0.0509 0.0065 0 0 -10 0
0.7540 -0.0509 0.0065 0 0 -10 0
0.7460 -0.0510 0.0082 0 0 -10 0
0.7340 -0.0509 0.0052 0 0 -10 0
0.7400 -0.0507 0.0054 0 0 -10 0
0.7400 -0.0507 0.0054 0 0 -10 0
0.7540 -0.0507 0.0054 0 0 -10 0
0.7540 -0.0507 0.0054 0 0 -10 0
0.7520 -0.0504 0.0055 0 0 -10 0
0.7540 -0.0500 0.0058 0 0 -10 0
0.7460 -0.0500 0.0056 0 0 -10 0
0.7460 -0.0500 0.0056 0 0 -10 0
0.7640 -0.0498 0.0050 0 0 -10 0
0.7460 -0.0496 0.0052 0 0 -10 0
0.7360 -0.0492 0.0051 0 0 -10 0
0.7360 -0.0486 0.0053 0 0 -10 0
0.7580 -0.0488 0.0059 0 0 -10 0
0.7220 -0.0486 0.0054 0 0 -10 0
0.7220 -0.0486 0.0054 0 0 -10 0
0.7400 -0.0482 0.0040 0 0 -10 0
0.7460 -0.0468 0.0009 0 0 -10 0
0.7460 -0.0468 0.0009 0 0 -10 0
0.7600 -0.0461 0.0020 0 0 -10 0
0.7520 -0.0457 0.0017 0 0 -10 0
0.7360 -0.0453 0.0002 0 0 -10 0
0.7460 -0.0454 -0.0003 0 0 -10 0
0.7540 -0.0455 0.0004 0 0 -10 0
0.7540 -0.0453 0.0007 0 0 -10 0
0.7580 -0.0451 -0.0015 0 0 -10 0
0.7460 -0.0444 0.0000 0 0 -10 0
0.7460 -0.0444 0.0000 0 0 -10 0
0.7360 -0.0435 -0.0004 0 0 -10 0
0.7340 -0.0421 -0.0004 0 0 -10 0
0.7380 -0.0416 -0.0027 0 0 -10 0
0.7600 -0.0420 -0.0074 0 0 -10 0
0.7600 -0.0420 -0.0074 0 0 -10 0
0.7620 -0.0428 -0.0076 0 0 -10 0
0.7620 -0.0428 -0.0076 0 0 -10 0
0.7560 -0.0431 -0.0067 0 0 -10 0
0.7580 -0.0431 -0.0072 0 0 -10 0
0.7600 -0.0430 -0.0070 0 0 -10 0
0.7600 -0.0422 -0.0066 0 0 -10 0
0.7600 -0.0422 -0.0066 0 0 -10 0
0.7460 -0.0415 -0.0060 0 0 -10 0
0.7460 -0.0415 -0.0060 0 0 -10 0
0.7580 -0.0416 -0.0060 0 0 -10 0
0.7540 -0.0413 -0.0059 0 0 -10 0
0.7540 -0.0410 -0.0078 0 0 -10 0
0.7580 -0.0412 -0.0074 0 0 -10 0
0.7540 -0.0408 -0.0087 0 0 -10 0
0.7580 -0.0400 -0.0091 0 0 -10 0
0.7580 -0.0400 -0.0091 0 0 -10 0
0.7580 -0.0388 -0.0127 0 0 -10 0
0.7580 -0.0378 -0.0136 0 0 -10 0
0.7560 -0.0372 -0.0128 0 0 -10 0
0.7580 -0.0359 -0.0109 0 0 -10 0
0.7580 -0.0359 -0.0109 0 0 -10 0
0.7480 -0.0350 -0.0108 0 0 -10 0
0.7480 -0.0350 -0.0108 0 0 -10 0
0.7580 -0.0346 -0.0134 0 0 -10 0
0.7600 -0.0344 -0.0117 0 0 -10 0
0.7720 -0.0329 -0.0118 0 0 -10 0
0.7460 -0.0325 -0.0113 0 0 -10 0
0.7820 -0.0321 -0.0102 0 0 -10 0
0.7660 -0.0324 -0.0081 0 0 -10 0
0.7640 -0.0323 -0.0115 0 0 -10 0
0.7560 -0.0322 -0.0110 0 0 -10 0
0.7560 -0.0322 -0.0110 0 0 -10 0
0.7740 -0.0313 -0.0113 0 0 -10 0
0.7580 -0.0302 -0.0120 0 0 -10 0
0.7560 -0.0296 -0.0117 0 0 -10 0
0.7400 -0.0295 -0.0085 0 0 -10 0
0.7480 -0.0300 -0.0079 0 0 -10 0
0.7480 -0.0299 -0.0065 0 0 -10 0
0.7620 -0.0299 -0.0065 0 0 -10 0
0.7700 -0.0296 -0.0061 0 0 -10 0
0.7400 -0.0287 -0.0042 0 0 -10 0
0.7660 -0.0279 -0.0046 0 0 -10 0
0.7660 -0.0279 -0.0046 0 0 -10 0
0.7720 -0.0278 -0.0041 0 0 -10 0
0.7600 -0.0273 -0.0028 0 0 -10 0
0.7420 -0.0264 -0.0035 0 0 -10 0
0.7460 -0.0262 -0.0027 0 0 -10 0
0.7460 -0.0262 -0.0027 0 0 -10 0
0.7440 -0.0261 -0.0044 0 0 -10 0
0.7580 -0.0257 -0.0043 0 0 -10 0
0.7580 -0.0252 -0.0066 0 0 -10 0
0.7500 -0.0247 -0.0064 0 0 -10 0
0.7680 -0.0244 -0.0049 0 0 -10 0
0.7440 -0.0242 -0.0080 0 0 -10 0
0.7560 -0.0233 -0.0099 0 0 -10 0
0.7640 -0.0233 -0.0091 0 0 -10 0
0.7640 -0.0233 -0.0066 0 0 -10 0
0.7420 -0.0230 -0.0070 0 0 -10 0
0.7540 -0.0224 -0.0084 0 0 -10 0
0.7360 -0.0217 -0.0035 0 0 -10 0
0.7560 -0.0210 -0.0036 0 0 -10 0
0.7560 -0.0206 -0.0055 0 0 -10 0
0.7560 -0.0206 -0.0055 0 0 -10 0
0.7520 -0.0203 -0.0052 0 0 -10 0
0.7360 -0.0203 -0.0061 0 0 -10 0
0.7680 -0.0200 -0.0057 0 0 -10 0
0.7500 -0.0197 -0.0015 0 0 -10 0
0.7400 -0.0190 -0.0010 0 0 -10 0
0.7400 -0.0190 -0.0010 0 0 -10 0
0.7600 -0.0184 0.0017 0 0 -10 0
0.7440 -0.0181 0.0017 0 0 -10 0
0.7360 -0.0175 0.0001 0 0 -10 0
0.7580 -0.0169 -0.0003 0 0 -10 0
0.7580 -0.0169 -0.0003 0 0 -10 0
0.7620 -0.0164 0.0011 0 0 -10 0
0.7660 -0.0161 0.0005 0 0 -10 0
0.7580 -0.0157 0.0005 0 0 -10 0
0.7600 -0.0148 0.0002 0 0 -10 0
0.7720 -0.0148 -0.0047 0 0 -10 0
0.7720 -0.0148 -0.0047 0 0 -10 0
0.7840 -0.0148 -0.0072 0 0 -10 0
0.7660 -0.0144 -0.0087 0 0 -10 0
0.7600 -0.0139 -0.0075 0 0 -10 0
0.7740 -0.0131 -0.0055 0 0 -10 0
0.7740 -0.0131 -0.0055 0 0 -10 0
0.7660 -0.0121 -0.0042 0 0 -10 0
0.7580 -0.0113 -0.0033 0 0 -10 0
0.7720 -0.0105 0.0001 0 0 -10 0
0.7720 -0.0106 0.0012 0 0 -10 0
0.7860 -0.0109 0.0018 0 0 -10 0
0.7540 -0.0106 0.0012 0 0 -10 0
0.7680 -0.0095 0.0025 0 0 0 0
0.7600 -0.0073 0.0114 0 0 -10 0
0.7580 -0.0067 0.0091 0 0 -10 0
0.7580 -0.0067 0.0091 0 0 -10 0
0.7860 -0.0064 0.0062 0 0 0 0
0.7900 -0.0061 0.0060 0 0 -10 0
0.8080 -0.0060 0.0060 0 0 -10 0
0.8140 -0.0053 0.0057 0 0 -10 0
0.8140 -0.0053 0.0057 0 0 0 0
