0.4580 -0.3464 -0.0141 0 0 -10 0
0.4620 -0.3476 -0.0106 0 0 -10 0
0.4440 -0.3474 -0.0103 0 0 -10 0
0.4440 -0.3474 -0.0103 0 0 -10 0
0.4520 -0.3471 -0.0101 0 0 -10 0
0.4520 -0.3471 -0.0101 0 0 -10 0
0.4560 -0.3469 -0.0116 0 0 -10 0
0.4600 -0.3473 -0.0111 0 0 -10 0
0.4540 -0.3478 -0.0122 0 0 -10 0
0.4540 -0.3478 -0.0122 0 0 -10 0
0.4660 -0.3478 -0.0115 0 0 -10 0
0.4540 -0.3476 -0.0115 0 0 -10 0
0.4700 -0.3471 -0.0118 0 0 -10 0
0.4560 -0.3463 -0.0127 0 0 -10 0
0.4640 -0.3462 -0.0130 0 0 -10 0
0.4780 -0.3464 -0.0127 0 0 -10 0
0.4780 -0.3464 -0.0127 0 0 -10 0
0.4680 -0.3464 -0.0136 0 0 -10 0
0.4660 -0.3460 -0.0157 0 0 -10 0
0.4480 -0.3454 -0.0135 0 0 -10 0
0.4400 -0.3448 -0.0145 0 0 -10 0
0.4400 -0.3448 -0.0145 0 0 -10 0
0.4660 -0.3441 -0.0138 0 0 -10 0
0.4520 -0.3443 -0.0140 0 0 -10 0
0.4580 -0.3446 -0.0120 0 0 -10 0
0.4560 -0.3447 -0.0130 0 0 -10 0
0.4560 -0.3449 -0.0125 0 0 -10 0
0.4380 -0.3443 -0.0114 0 0 -10 0
0.4380 -0.3443 -0.0114 0 0 -10 0
0.4600 -0.3429 -0.0119 0 0 -10 0
0.4600 -0.3429 -0.0119 0 0 -10 0
0.4500 -0.3423 -0.0116 0 0 -10 0
0.4560 -0.3419 -0.0142 0 0 -10 0
0.4480 -0.3413 -0.0139 0 0 -10 0
0.4480 -0.3413 -0.0139 0 0 -10 0
0.4480 -0.3405 -0.0155 0 0 -10 0
0.4380 -0.3397 -0.0145 0 0 -10 0
0.4480 -0.3388 -0.0138 0 0 -10 0
0.4460 -0.3388 -0.0142 0 0 -10 0
0.4700 -0.3385 -0.0137 0 0 -10 0
0.4580 -0.3384 -0.0132 0 0 -10 0
0.4580 -0.3384 -0.0132 0 0 -10 0
0.4440 -0.3385 -0.0131 0 0 -10 0
0.4340 -0.3379 -0.0147 0 0 -10 0
0.4520 -0.3375 -0.0157 0 0 -10 0
0.4560 -0.3369 -0.0146 0 0 -10 0
0.4520 -0.3364 -0.0157 0 0 -10 0
0.4540 -0.3360 -0.0164 0 0 -10 0
0.4540 -0.3360 -0.0164 0 0 -10 0
0.4460 -0.3365 -0.0157 0 0 -10 0
0.4460 -0.3371 -0.0150 0 0 -10 0
0.4580 -0.3377 -0.0144 0 0 -10 0
0.4580 -0.3377 -0.0144 0 0 -10 0
0.4600 -0.3368 -0.0145 0 0 -10 0
0.4500 -0.3357 -0.0154 0 0 -10 0
0.4600 -0.3346 -0.0149 0 0 -10 0
0.4440 -0.3340 -0.0147 0 0 -10 0
0.4700 -0.3334 -0.0143 0 0 -10 0
0.4520 -0.3333 -0.0141 0 0 -10 0
0.4420 -0.3334 -0.0134 0 0 -10 0
0.4420 -0.3334 -0.0134 0 0 -10 0
0.4500 -0.3333 -0.0123 0 0 -10 0
0.4440 -0.3317 -0.0115 0 0 -10 0
0.4480 -0.3310 -0.0109 0 0 -10 0
0.4560 -0.3301 -0.0137 0 0 -10 0
0.4560 -0.3295 -0.0130 0 0 -10 0
0.4620 -0.3295 -0.0130 0 0 -10 0
0.4520 -0.3289 -0.0113 0 0 -10 0
0.4520 -0.3289 -0.0113 0 0 -10 0
0.4640 -0.3290 -0.0129 0 0 -10 0
0.4580 -0.3288 -0.0125 0 0 -10 0
0.4360 -0.3288 -0.0108 0 0 -10 0
0.4340 -0.3284 -0.0114 0 0 -10 0
0.4360 -0.3280 -0.0121 0 0 -10 0
0.4560 -0.3274 -0.0136 0 0 -10 0
0.4460 -0.3271 -0.0136 0 0 -10 0
0.4460 -0.3271 -0.0136 0 0 -10 0
0.4360 -0.3269 -0.0126 0 0 -10 0
0.4660 -0.3267 -0.0152 0 0 -10 0
0.4380 -0.3263 -0.0145 0 0 -10 0
0.4380 -0.3258 -0.0142 0 0 -10 0
0.4700 -0.3245 -0.0131 0 0 -10 0
0.4700 -0.3245 -0.0131 0 0 -10 0
0.4580 -0.3238 -0.0127 0 0 -10 0
0.4660 -0.3238 -0.0111 0 0 -10 0
0.4520 -0.3234 -0.0095 0 0 -10 0
0.4440 -0.3230 -0.0084 0 0 -10 0
0.4460 -0.3223 -0.0059 0 0 -10 0
0.4540 -0.3220 -0.0056 0 0 -10 0
0.4460 -0.3211 -0.0087 0 0 -10 0
0.4660 -0.3203 -0.0107 0 0 -10 0
0.4540 -0.3196 -0.0112 0 0 -10 0
0.4540 -0.3196 -0.0112 0 0 -10 0
0.4840 -0.3193 -0.0134 0 0 -10 0
0.4660 -0.3190 -0.0134 0 0 -10 0
0.4460 -0.3185 -0.0127 0 0 -10 0
0.4460 -0.3185 -0.0127 0 0 -10 0
0.4600 -0.3173 -0.0125 0 0 -10 0
0.4600 -0.3165 -0.0142 0 0 -10 0
0.4660 -0.3163 -0.0137 0 0 -10 0
0.4680 -0.3163 -0.0116 0 0 -10 0
0.4640 -0.3159 -0.0118 0 0 -10 0
0.4480 -0.3157 -0.0130 0 0 -10 0
0.4480 -0.3157 -0.0130 0 0 -10 0
0.4740 -0.3144 -0.0099 0 0 -10 0
0.4740 -0.3144 -0.0099 0 0 -10 0
0.4420 -0.3140 -0.0080 0 0 -10 0
0.4540 -0.3138 -0.0088 0 0 -10 0
0.4480 -0.3133 -0.0089 0 0 -10 0
0.4640 -0.3131 -0.0097 0 0 -10 0
0.4500 -0.3123 -0.0108 0 0 -10 0
0.4380 -0.3119 -0.0108 0 0 -10 0
0.4400 -0.3122 -0.0080 0 0 -10 0
0.4400 -0.3122 -0.0080 0 0 -10 0
0.4600 -0.3126 -0.0069 0 0 -10 0
0.4640 -0.3126 -0.0027 0 0 -10 0
0.4540 -0.3122 -0.0024 0 0 -10 0
0.4660 -0.3112 -0.0012 0 0 -10 0
0.4680 -0.3106 -0.0015 0 0 -10 0
0.4500 -0.3097 -0.0060 0 0 -10 0
0.4520 -0.3091 -0.0044 0 0 -10 0
0.4700 -0.3089 -0.0044 0 0 -10 0
0.4700 -0.3086 -0.0095 0 0 -10 0
0.4640 -0.3082 -0.0097 0 0 -10 0
0.4620 -0.3075 -0.0068 0 0 -10 0
0.4580 -0.3069 -0.0067 0 0 -10 0
0.4580 -0.3069 -0.0067 0 0 -10 0
0.4560 -0.3058 -0.0045 0 0 -10 0
0.4560 -0.3058 -0.0045 0 0 -10 0
0.4640 -0.3052 -0.0023 0 0 -10 0
0.4760 -0.3046 -0.0038 0 0 -10 0
0.4580 -0.3044 -0.0044 0 0 -10 0
0.4700 -0.3040 -0.0042 0 0 -10 0
0.4700 -0.3040 -0.0042 0 0 -10 0
0.4540 -0.3041 -0.0041 0 0 -10 0
0.4700 -0.3044 -0.0065 0 0 -10 0
0.4700 -0.3044 -0.0064 0 0 -10 0
0.4580 -0.3040 -0.0036 0 0 -10 0
0.4480 -0.3033 -0.0033 0 0 -10 0
0.4480 -0.3033 -0.0033 0 0 -10 0
0.4540 -0.3024 -0.0027 0 0 -10 0
0.4400 -0.3018 -0.0024 0 0 -10 0
0.4660 -0.3018 -0.0007 0 0 -10 0
0.4680 -0.3019 -0.0007 0 0 -10 0
0.4460 -0.3014 -0.0046 0 0 -10 0
0.4600 -0.3009 -0.0047 0 0 -10 0
0.4600 -0.3009 -0.0047 0 0 -10 0
0.4740 -0.3006 -0.0044 0 0 -10 0
0.4700 -0.3006 -0.0063 0 0 -10 0
0.4820 -0.3009 -0.0065 0 0 -10 0
0.4880 -0.3008 -0.0061 0 0 -10 0
0.4880 -0.3008 -0.0061 0 0 -10 0
0.4580 -0.3006 -0.0073 0 0 -10 0
0.4500 -0.2998 -0.0100 0 0 -10 0
0.4500 -0.2998 -0.0100 0 0 -10 0
0.4460 -0.2989 -0.0108 0 0 -10 0
0.4700 -0.2988 -0.0084 0 0 -10 0
0.4700 -0.2988 -0.0084 0 0 -10 0
0.4480 -0.2981 -0.0096 0 0 -10 0
0.4600 -0.2976 -0.0091 0 0 -10 0
0.4680 -0.2976 -0.0091 0 0 -10 0
0.4660 -0.2967 -0.0094 0 0 -10 0
0.4540 -0.2957 -0.0085 0 0 -10 0
0.4480 -0.2954 -0.0086 0 0 -10 0
0.4480 -0.2954 -0.0086 0 0 -10 0
0.4420 -0.2948 -0.0065 0 0 -10 0
0.4620 -0.2944 -0.0067 0 0 -10 0
0.4700 -0.2938 -0.0063 0 0 -10 0
0.4560 -0.2933 -0.0053 0 0 -10 0
0.4560 -0.2933 -0.0053 0 0 -10 0
0.4540 -0.2921 -0.0065 0 0 -10 0
0.4540 -0.2921 -0.0065 0 0 -10 0
0.4560 -0.2918 -0.0073 0 0 -10 0
0.4500 -0.2913 -0.0071 0 0 -10 0
0.4540 -0.2916 -0.0075 0 0 -10 0
0.4340 -0.2922 -0.0093 0 0 -10 0
0.4340 -0.2922 -0.0093 0 0 -10 0
0.4460 -0.2912 -0.0098 0 0 -10 0
0.4460 -0.2912 -0.0098 0 0 -10 0
0.4700 -0.2900 -0.0108 0 0 -10 0
0.4600 -0.2895 -0.0127 0 0 -10 0
0.4600 -0.2895 -0.0127 0 0 -10 0
0.4720 -0.2891 -0.0142 0 0 -10 0
0.4620 -0.2889 -0.0168 0 0 -10 0
0.4620 -0.2888 -0.0170 0 0 -10 0
0.4580 -0.2883 -0.0154 0 0 -10 0
0.4700 -0.2881 -0.0184 0 0 -10 0
0.4700 -0.2881 -0.0184 0 0 -10 0
0.4600 -0.2876 -0.0171 0 0 -10 0
0.4840 -0.2875 -0.0151 0 0 -10 0
0.4700 -0.2870 -0.0144 0 0 -10 0
0.4700 -0.2870 -0.0144 0 0 -10 0
0.4560 -0.2869 -0.0162 0 0 -10 0
0.4640 -0.2870 -0.0163 0 0 -10 0
0.4660 -0.2866 -0.0146 0 0 -10 0
0.4740 -0.2865 -0.0141 0 0 -10 0
0.4640 -0.2859 -0.0132 0 0 -10 0
0.4660 -0.2849 -0.0115 0 0 -10 0
0.4840 -0.2843 -0.0107 0 0 -10 0
0.4700 -0.2840 -0.0099 0 0 -10 0
0.4820 -0.2840 -0.0094 0 0 -10 0
0.4820 -0.2840 -0.0094 0 0 -10 0
0.4620 -0.2843 -0.0085 0 0 -10 0
0.4760 -0.2843 -0.0123 0 0 -10 0
0.4540 -0.2845 -0.0123 0 0 -10 0
0.4940 -0.2838 -0.0108 0 0 -10 0
0.4840 -0.2828 -0.0110 0 0 -10 0
0.4840 -0.2828 -0.0110 0 0 -10 0
0.4740 -0.2822 -0.0097 0 0 -10 0
0.4500 -0.2809 -0.0098 0 0 -10 0
0.4580 -0.2797 -0.0125 0 0 -10 0
0.4700 -0.2792 -0.0135 0 0 -10 0
0.4700 -0.2792 -0.0135 0 0 -10 0
0.4700 -0.2788 -0.0130 0 0 -10 0
0.4680 -0.2790 -0.0123 0 0 -10 0
0.4560 -0.2784 -0.0121 0 0 -10 0
0.4620 -0.2780 -0.0129 0 0 -10 0
0.4600 -0.2771 -0.0123 0 0 -10 0
0.4420 -0.2761 -0.0119 0 0 -10 0
0.4480 -0.2753 -0.0111 0 0 -10 0
0.4480 -0.2753 -0.0111 0 0 -10 0
0.4540 -0.2745 -0.0098 0 0 -10 0
0.4600 -0.2740 -0.0089 0 0 -10 0
0.4840 -0.2736 -0.0072 0 0 -10 0
0.4720 -0.2731 -0.0069 0 0 -10 0
0.4720 -0.2731 -0.0069 0 0 -10 0
0.4600 -0.2729 -0.0065 0 0 -10 0
0.4780 -0.2729 -0.0051 0 0 -10 0
0.4740 -0.2731 -0.0038 0 0 -10 0
0.4820 -0.2732 -0.0016 0 0 -10 0
0.4560 -0.2725 0.0000 0 0 -10 0
0.4560 -0.2719 0.0003 0 0 -10 0
0.4740 -0.2719 0.0003 0 0 -10 0
0.4540 -0.2713 -0.0015 0 0 -10 0
0.4820 -0.2707 -0.0009 0 0 -10 0
0.4600 -0.2707 0.0012 0 0 -10 0
0.4600 -0.2709 0.0026 0 0 -10 0
0.4700 -0.2705 0.0019 0 0 -10 0
0.4900 -0.2705 0.0019 0 0 -10 0
0.5000 -0.2698 0.0003 0 0 -10 0
0.4660 -0.2692 0.0019 0 0 -10 0
0.4580 -0.2688 0.0026 0 0 -10 0
0.4620 -0.2682 0.0029 0 0 -10 0
0.4620 -0.2682 0.0029 0 0 -10 0
0.4460 -0.2673 0.0035 0 0 -10 0
0.4720 -0.2665 0.0044 0 0 -10 0
0.4780 -0.2659 0.0040 0 0 -10 0
0.4780 -0.2659 0.0040 0 0 -10 0
0.4700 -0.2651 0.0074 0 0 -10 0
0.4580 -0.2650 0.0070 0 0 -10 0
0.4580 -0.2650 0.0070 0 0 -10 0
0.4800 -0.2648 0.0062 0 0 -10 0
0.4660 -0.2645 0.0058 0 0 -10 0
0.4900 -0.2639 0.0060 0 0 -10 0
0.4900 -0.2639 0.0060 0 0 -10 0
0.4860 -0.2636 0.0057 0 0 -10 0
0.4840 -0.2635 0.0015 0 0 -10 0
0.4860 -0.2633 0.0005 0 0 -10 0
0.4800 -0.2630 0.0013 0 0 -10 0
0.4560 -0.2623 -0.0004 0 0 -10 0
0.4880 -0.2614 -0.0028 0 0 -10 0
0.4880 -0.2614 -0.0028 0 0 -10 0
0.4940 -0.2603 -0.0029 0 0 -10 0
0.4820 -0.2602 -0.0028 0 0 -10 0
0.4980 -0.2602 0.0074 0 0 -10 0
0.4980 -0.2602 0.0074 0 0 -10 0
0.4880 -0.2597 0.0057 0 0 -10 0
0.4880 -0.2597 0.0057 0 0 -10 0
0.4820 -0.2592 0.0072 0 0 -10 0
0.4820 -0.2586 0.0045 0 0 -10 0
0.4800 -0.2578 0.0042 0 0 -10 0
0.4960 -0.2574 0.0029 0 0 -10 0
0.4960 -0.2574 0.0029 0 0 -10 0
0.4960 -0.2568 0.0028 0 0 -10 0
0.4700 -0.2563 -0.0006 0 0 -10 0
0.4840 -0.2565 -0.0010 0 0 -10 0
0.4840 -0.2559 -0.0002 0 0 -10 0
0.4800 -0.2556 -0.0012 0 0 -10 0
0.5000 -0.2553 -0.0014 0 0 -10 0
0.5000 -0.2553 -0.0014 0 0 -10 0
0.4920 -0.2549 -0.0028 0 0 -10 0
0.4800 -0.2540 -0.0033 0 0 -10 0
0.4860 -0.2536 -0.0049 0 0 -10 0
0.4860 -0.2536 -0.0049 0 0 -10 0
0.4880 -0.2524 -0.0035 0 0 -10 0
0.4880 -0.2524 -0.0035 0 0 -10 0
0.4880 -0.2521 -0.0029 0 0 -10 0
0.4880 -0.2513 -0.0025 0 0 -10 0
0.4880 -0.2509 -0.0023 0 0 -10 0
0.4840 -0.2502 -0.0015 0 0 -10 0
0.5020 -0.2493 -0.0020 0 0 -10 0
0.5020 -0.2493 -0.0020 0 0 -10 0
0.4820 -0.2492 -0.0006 0 0 -10 0
0.5060 -0.2486 0.0009 0 0 -10 0
0.4820 -0.2484 -0.0010 0 0 -10 0
0.4840 -0.2479 -0.0016 0 0 -10 0
0.4840 -0.2479 -0.0016 0 0 -10 0
0.4920 -0.2462 -0.0015 0 0 -10 0
0.4920 -0.2462 -0.0015 0 0 -10 0
0.4800 -0.2458 -0.0007 0 0 -10 0
0.4900 -0.2458 -0.0010 0 0 -10 0
0.4920 -0.2452 -0.0002 0 0 -10 0
0.4920 -0.2452 -0.0002 0 0 -10 0
0.4800 -0.2442 -0.0042 0 0 -10 0
0.4800 -0.2442 -0.0042 0 0 -10 0
0.4800 -0.2436 -0.0059 0 0 -10 0
0.4720 -0.2433 -0.0077 0 0 -10 0
0.4920 -0.2434 -0.0091 0 0 -10 0
0.4920 -0.2434 -0.0091 0 0 -10 0
0.4860 -0.2430 -0.0085 0 0 -10 0
0.4820 -0.2426 -0.0078 0 0 -10 0
0.4460 -0.2419 -0.0092 0 0 -10 0
0.4840 -0.2415 -0.0102 0 0 -10 0
0.4680 -0.2413 -0.0097 0 0 -10 0
0.4800 -0.2412 -0.0096 0 0 -10 0
0.4820 -0.2408 -0.0094 0 0 -10 0
0.4860 -0.2400 -0.0084 0 0 -10 0
0.4860 -0.2392 -0.0091 0 0 -10 0
0.4960 -0.2386 -0.0089 0 0 -10 0
0.4960 -0.2386 -0.0089 0 0 -10 0
0.4880 -0.2380 -0.0080 0 0 -10 0
0.4880 -0.2380 -0.0080 0 0 -10 0
0.4820 -0.2373 -0.0068 0 0 -10 0
0.4820 -0.2367 -0.0069 0 0 -10 0
0.4820 -0.2367 -0.0069 0 0 -10 0
0.4900 -0.2361 -0.0090 0 0 -10 0
0.4900 -0.2359 -0.0089 0 0 -10 0
0.4820 -0.2353 -0.0124 0 0 -10 0
0.4820 -0.2352 -0.0153 0 0 -10 0
0.5020 -0.2352 -0.0152 0 0 -10 0
0.5020 -0.2352 -0.0152 0 0 -10 0
0.4760 -0.2349 -0.0165 0 0 -10 0
0.4660 -0.2346 -0.0155 0 0 -10 0
0.4600 -0.2343 -0.0143 0 0 -10 0
0.5000 -0.2339 -0.0135 0 0 -10 0
0.5000 -0.2339 -0.0135 0 0 -10 0
0.4740 -0.2331 -0.0119 0 0 -10 0
0.4740 -0.2331 -0.0119 0 0 -10 0
0.4700 -0.2328 -0.0125 0 0 -10 0
0.4840 -0.2322 -0.0121 0 0 -10 0
0.4800 -0.2312 -0.0124 0 0 -10 0
0.4820 -0.2308 -0.0131 0 0 -10 0
0.4820 -0.2308 -0.0131 0 0 -10 0
0.5000 -0.2306 -0.0137 0 0 -10 0
0.5000 -0.2306 -0.0137 0 0 -10 0
0.4660 -0.2303 -0.0133 0 0 -10 0
0.4720 -0.2298 -0.0114 0 0 -10 0
0.4880 -0.2294 -0.0110 0 0 -10 0
0.4880 -0.2294 -0.0110 0 0 -10 0
0.4740 -0.2290 -0.0158 0 0 -10 0
0.4940 -0.2289 -0.0153 0 0 -10 0
0.4700 -0.2281 -0.0144 0 0 -10 0
0.4780 -0.2275 -0.0130 0 0 -10 0
0.4720 -0.2269 -0.0128 0 0 -10 0
0.4640 -0.2264 -0.0072 0 0 -10 0
0.4640 -0.2264 -0.0072 0 0 -10 0
0.4900 -0.2259 -0.0068 0 0 -10 0
0.4880 -0.2255 -0.0064 0 0 -10 0
0.4720 -0.2252 -0.0061 0 0 -10 0
0.4780 -0.2248 -0.0054 0 0 -10 0
0.4780 -0.2248 -0.0054 0 0 -10 0
0.4840 -0.2245 -0.0056 0 0 -10 0
0.5120 -0.2239 -0.0073 0 0 -10 0
0.4860 -0.2236 -0.0073 0 0 -10 0
0.4680 -0.2231 -0.0069 0 0 -10 0
0.4760 -0.2225 -0.0078 0 0 -10 0
0.4760 -0.2225 -0.0078 0 0 -10 0
0.4880 -0.2219 -0.0079 0 0 -10 0
0.4960 -0.2218 -0.0077 0 0 -10 0
0.4680 -0.2213 -0.0052 0 0 -10 0
0.4920 -0.2211 -0.0060 0 0 -10 0
0.4880 -0.2209 -0.0056 0 0 -10 0
0.4880 -0.2209 -0.0056 0 0 -10 0
0.4800 -0.2205 -0.0052 0 0 -10 0
0.4680 -0.2203 -0.0045 0 0 -10 0
0.4860 -0.2197 -0.0037 0 0 -10 0
0.4580 -0.2195 -0.0014 0 0 -10 0
0.4580 -0.2195 -0.0014 0 0 -10 0
0.4700 -0.2194 -0.0020 0 0 -10 0
0.4820 -0.2185 -0.0023 0 0 -10 0
0.4820 -0.2177 -0.0030 0 0 -10 0
0.4860 -0.2172 -0.0025 0 0 -10 0
0.4900 -0.2165 -0.0029 0 0 -10 0
0.4900 -0.2165 -0.0029 0 0 -10 0
0.4840 -0.2164 -0.0048 0 0 -10 0
0.4740 -0.2163 -0.0049 0 0 -10 0
0.4860 -0.2164 -0.0043 0 0 -10 0
0.4940 -0.2164 -0.0024 0 0 -10 0
0.5140 -0.2161 -0.0025 0 0 -10 0
0.4820 -0.2149 -0.0009 0 0 -10 0
0.4820 -0.2149 -0.0009 0 0 -10 0
0.4960 -0.2144 -0.0012 0 0 -10 0
0.4940 -0.2141 -0.0055 0 0 -10 0
0.4960 -0.2136 -0.0055 0 0 -10 0
0.5040 -0.2132 -0.0041 0 0 -10 0
0.5040 -0.2132 -0.0041 0 0 -10 0
0.5100 -0.2125 -0.0040 0 0 -10 0
0.5140 -0.2119 -0.0042 0 0 -10 0
0.5000 -0.2113 -0.0049 0 0 -10 0
0.5060 -0.2108 -0.0055 0 0 -10 0
0.5020 -0.2104 -0.0043 0 0 -10 0
0.5080 -0.2101 -0.0068 0 0 -10 0
0.5080 -0.2101 -0.0068 0 0 -10 0
0.5000 -0.2097 -0.0061 0 0 -10 0
0.4940 -0.2094 -0.0060 0 0 -10 0
0.5080 -0.2089 -0.0070 0 0 -10 0
0.5080 -0.2089 -0.0070 0 0 -10 0
0.4960 -0.2077 -0.0059 0 0 -10 0
0.4960 -0.2077 -0.0059 0 0 -10 0
0.4980 -0.2069 -0.0060 0 0 -10 0
0.4960 -0.2067 -0.0055 0 0 -10 0
0.5060 -0.2063 -0.0045 0 0 -10 0
0.5060 -0.2063 -0.0045 0 0 -10 0
0.5100 -0.2054 -0.0036 0 0 -10 0
0.4960 -0.2048 -0.0046 0 0 -10 0
0.5000 -0.2045 -0.0052 0 0 -10 0
0.5000 -0.2045 -0.0052 0 0 -10 0
0.5040 -0.2037 -0.0049 0 0 -10 0
0.5040 -0.2033 -0.0049 0 0 -10 0
0.5080 -0.2033 -0.0049 0 0 -10 0
0.4920 -0.2030 -0.0045 0 0 -10 0
0.5000 -0.2027 -0.0047 0 0 -10 0
0.5040 -0.2029 -0.0065 0 0 -10 0
0.5040 -0.2029 -0.0065 0 0 -10 0
0.4960 -0.2038 -0.0065 0 0 -10 0
0.4920 -0.2036 -0.0043 0 0 -10 0
0.4840 -0.2031 -0.0044 0 0 -10 0
0.4840 -0.2031 -0.0044 0 0 -10 0
0.5200 -0.2007 -0.0051 0 0 -10 0
0.5200 -0.2007 -0.0051 0 0 -10 0
0.5140 -0.1999 -0.0031 0 0 -10 0
0.5080 -0.1996 -0.0038 0 0 -10 0
0.5040 -0.1997 -0.0036 0 0 -10 0
0.5240 -0.1997 -0.0040 0 0 -10 0
0.5240 -0.1997 -0.0040 0 0 -10 0
0.5280 -0.1991 -0.0048 0 0 -10 0
0.5280 -0.1991 -0.0048 0 0 -10 0
0.5100 -0.1987 -0.0057 0 0 -10 0
0.5140 -0.1981 -0.0057 0 0 -10 0
0.5000 -0.1975 -0.0034 0 0 -10 0
0.4960 -0.1973 -0.0047 0 0 -10 0
0.4960 -0.1973 -0.0047 0 0 -10 0
0.5140 -0.1974 -0.0020 0 0 -10 0
0.5080 -0.1973 -0.0035 0 0 -10 0
0.4840 -0.1967 -0.0038 0 0 -10 0
0.4980 -0.1957 -0.0033 0 0 -10 0
0.4900 -0.1949 -0.0035 0 0 -10 0
0.4900 -0.1949 -0.0035 0 0 -10 0
0.4800 -0.1942 -0.0059 0 0 -10 0
0.4800 -0.1942 -0.0059 0 0 -10 0
0.5260 -0.1936 -0.0059 0 0 -10 0
0.5020 -0.1931 -0.0041 0 0 -10 0
0.5040 -0.1928 -0.0043 0 0 -10 0
0.4980 -0.1927 -0.0038 0 0 -10 0
0.4980 -0.1927 -0.0038 0 0 -10 0
0.5220 -0.1919 -0.0043 0 0 -10 0
0.5060 -0.1911 -0.0043 0 0 -10 0
0.5200 -0.1899 -0.0043 0 0 -10 0
0.4940 -0.1888 -0.0027 0 0 -10 0
0.4940 -0.1888 -0.0027 0 0 -10 0
0.4960 -0.1884 -0.0022 0 0 -10 0
0.5080 -0.1880 -0.0009 0 0 -10 0
0.4960 -0.1878 -0.0006 0 0 -10 0
0.5020 -0.1875 -0.0008 0 0 -10 0
0.5080 -0.1863 -0.0051 0 0 -10 0
0.5080 -0.1863 -0.0051 0 0 -10 0
0.5040 -0.1860 -0.0043 0 0 -10 0
0.5020 -0.1854 -0.0044 0 0 -10 0
0.4960 -0.1849 -0.0066 0 0 -10 0
0.5080 -0.1843 -0.0065 0 0 -10 0
0.5080 -0.1843 -0.0065 0 0 -10 0
0.5160 -0.1837 -0.0063 0 0 -10 0
0.5160 -0.1837 -0.0063 0 0 -10 0
0.5140 -0.1839 -0.0089 0 0 -10 0
0.4940 -0.1839 -0.0090 0 0 -10 0
0.5360 -0.1835 -0.0082 0 0 -10 0
0.5360 -0.1835 -0.0082 0 0 -10 0
0.5200 -0.1830 -0.0100 0 0 -10 0
0.5080 -0.1830 -0.0109 0 0 -10 0
0.5080 -0.1825 -0.0114 0 0 -10 0
0.5140 -0.1817 -0.0119 0 0 -10 0
0.5060 -0.1811 -0.0113 0 0 -10 0
0.5060 -0.1811 -0.0113 0 0 -10 0
0.5180 -0.1801 -0.0127 0 0 -10 0
0.5100 -0.1792 -0.0122 0 0 -10 0
0.5080 -0.1790 -0.0146 0 0 -10 0
0.5100 -0.1797 -0.0146 0 0 -10 0
0.5140 -0.1797 -0.0147 0 0 -10 0
0.5040 -0.1799 -0.0145 0 0 -10 0
0.5040 -0.1799 -0.0145 0 0 -10 0
0.5100 -0.1791 -0.0148 0 0 -10 0
0.5000 -0.1787 -0.0143 0 0 -10 0
0.5260 -0.1784 -0.0152 0 0 -10 0
0.5260 -0.1782 -0.0202 0 0 -10 0
0.5260 -0.1782 -0.0202 0 0 -10 0
0.5140 -0.1774 -0.0214 0 0 -10 0
0.5140 -0.1774 -0.0214 0 0 -10 0
0.5080 -0.1771 -0.0194 0 0 -10 0
0.5160 -0.1765 -0.0231 0 0 -10 0
0.5280 -0.1766 -0.0230 0 0 -10 0
0.5280 -0.1766 -0.0230 0 0 -10 0
0.5040 -0.1769 -0.0243 0 0 -10 0
0.5040 -0.1771 -0.0254 0 0 -10 0
0.5200 -0.1767 -0.0250 0 0 -10 0
0.5200 -0.1767 -0.0250 0 0 -10 0
0.4920 -0.1749 -0.0254 0 0 -10 0
0.4920 -0.1749 -0.0254 0 0 -10 0
0.4960 -0.1735 -0.0253 0 0 -10 0
0.5140 -0.1729 -0.0280 0 0 -10 0
0.5060 -0.1730 -0.0275 0 0 -10 0
0.5180 -0.1729 -0.0307 0 0 -10 0
0.5180 -0.1729 -0.0307 0 0 -10 0
0.5040 -0.1731 -0.0301 0 0 -10 0
0.5000 -0.1731 -0.0282 0 0 -10 0
0.5020 -0.1725 -0.0277 0 0 -10 0
0.4960 -0.1716 -0.0268 0 0 -10 0
0.4960 -0.1716 -0.0268 0 0 -10 0
0.5020 -0.1698 -0.0260 0 0 -10 0
0.5300 -0.1689 -0.0230 0 0 -10 0
0.5280 -0.1685 -0.0223 0 0 -10 0
0.5180 -0.1684 -0.0233 0 0 -10 0
0.5280 -0.1687 -0.0223 0 0 -10 0
0.5280 -0.1687 -0.0223 0 0 -10 0
0.5180 -0.1688 -0.0224 0 0 -10 0
0.5280 -0.1677 -0.0217 0 0 -10 0
0.5300 -0.1669 -0.0218 0 0 -10 0
0.5260 -0.1657 -0.0202 0 0 -10 0
0.5300 -0.1651 -0.0196 0 0 -10 0
0.5260 -0.1649 -0.0213 0 0 -10 0
0.5260 -0.1651 -0.0234 0 0 -10 0
0.5280 -0.1648 -0.0226 0 0 -10 0
0.5280 -0.1648 -0.0226 0 0 -10 0
0.5240 -0.1645 -0.0219 0 0 -10 0
0.5260 -0.1639 -0.0222 0 0 -10 0
0.5200 -0.1640 -0.0221 0 0 -10 0
0.5200 -0.1636 -0.0204 0 0 -10 0
0.5200 -0.1630 -0.0221 0 0 -10 0
0.5300 -0.1630 -0.0221 0 0 -10 0
0.5200 -0.1623 -0.0219 0 0 -10 0
0.5320 -0.1622 -0.0240 0 0 -10 0
0.5280 -0.1621 -0.0255 0 0 -10 0
0.5240 -0.1622 -0.0259 0 0 -10 0
0.5240 -0.1622 -0.0259 0 0 -10 0
0.5280 -0.1622 -0.0238 0 0 -10 0
0.5240 -0.1621 -0.0231 0 0 -10 0
0.5160 -0.1609 -0.0185 0 0 -10 0
0.5280 -0.1602 -0.0189 0 0 -10 0
0.5140 -0.1598 -0.0177 0 0 -10 0
0.5340 -0.1595 -0.0140 0 0 -10 0
0.5340 -0.1595 -0.0140 0 0 -10 0
0.5140 -0.1594 -0.0137 0 0 -10 0
0.5120 -0.1589 -0.0125 0 0 -10 0
0.5120 -0.1582 -0.0116 0 0 -10 0
0.5420 -0.1576 -0.0108 0 0 -10 0
0.5300 -0.1568 -0.0105 0 0 -10 0
0.5300 -0.1568 -0.0105 0 0 -10 0
0.5420 -0.1562 -0.0084 0 0 -10 0
0.5420 -0.1556 -0.0084 0 0 -10 0
0.5360 -0.1552 -0.0087 0 0 -10 0
0.5260 -0.1548 -0.0095 0 0 -10 0
0.5260 -0.1542 -0.0112 0 0 -10 0
0.5300 -0.1542 -0.0112 0 0 -10 0
0.5220 -0.1534 -0.0088 0 0 -10 0
0.5200 -0.1534 -0.0088 0 0 -10 0
0.5420 -0.1531 -0.0096 0 0 -10 0
0.5420 -0.1531 -0.0096 0 0 -10 0
0.5560 -0.1519 -0.0088 0 0 -10 0
0.5560 -0.1519 -0.0088 0 0 -10 0
0.5400 -0.1518 -0.0084 0 0 -10 0
0.5340 -0.1514 -0.0072 0 0 -10 0
0.5560 -0.1507 -0.0060 0 0 -10 0
0.5480 -0.1503 -0.0060 0 0 -10 0
0.5480 -0.1503 -0.0060 0 0 -10 0
0.5400 -0.1485 -0.0081 0 0 -10 0
0.5400 -0.1485 -0.0081 0 0 -10 0
0.5480 -0.1476 -0.0079 0 0 -10 0
0.5720 -0.1477 -0.0078 0 0 -10 0
0.5500 -0.1477 -0.0078 0 0 -10 0
0.5500 -0.1477 -0.0078 0 0 -10 0
0.5680 -0.1473 -0.0101 0 0 -10 0
0.5640 -0.1459 -0.0120 0 0 -10 0
0.5640 -0.1459 -0.0120 0 0 -10 0
0.5780 -0.1450 -0.0125 0 0 -10 0
0.5660 -0.1448 -0.0124 0 0 -10 0
0.5940 -0.1448 -0.0123 0 0 -10 0
0.5740 -0.1456 -0.0128 0 0 -10 0
0.5760 -0.1457 -0.0130 0 0 -10 0
0.5760 -0.1450 -0.0136 0 0 -10 0
0.5660 -0.1437 -0.0136 0 0 -10 0
0.5740 -0.1425 -0.0165 0 0 -10 0
0.5560 -0.1414 -0.0159 0 0 -10 0
0.5560 -0.1414 -0.0159 0 0 -10 0
0.5880 -0.1405 -0.0140 0 0 -10 0
0.5880 -0.1406 -0.0140 0 0 -10 0
0.5760 -0.1406 -0.0140 0 0 -10 0
0.5880 -0.1406 -0.0117 0 0 -10 0
0.5720 -0.1404 -0.0136 0 0 -10 0
0.5720 -0.1404 -0.0136 0 0 -10 0
0.5960 -0.1393 -0.0140 0 0 -10 0
0.5700 -0.1391 -0.0144 0 0 -10 0
0.5600 -0.1390 -0.0143 0 0 -10 0
0.5600 -0.1390 -0.0143 0 0 -10 0
0.5740 -0.1390 -0.0150 0 0 -10 0
0.5800 -0.1387 -0.0111 0 0 -10 0
0.5800 -0.1387 -0.0111 0 0 -10 0
0.5800 -0.1381 -0.0115 0 0 -10 0
0.5780 -0.1379 -0.0112 0 0 -10 0
0.5480 -0.1379 -0.0113 0 0 -10 0
0.5480 -0.1379 -0.0113 0 0 -10 0
0.5840 -0.1372 -0.0165 0 0 -10 0
0.5640 -0.1363 -0.0163 0 0 -10 0
0.5860 -0.1346 -0.0174 0 0 -10 0
0.5680 -0.1338 -0.0171 0 0 -10 0
0.5880 -0.1335 -0.0191 0 0 -10 0
0.5880 -0.1335 -0.0191 0 0 -10 0
0.5760 -0.1341 -0.0192 0 0 -10 0
0.5880 -0.1345 -0.0152 0 0 -10 0
0.5700 -0.1347 -0.0151 0 0 -10 0
0.5700 -0.1347 -0.0151 0 0 -10 0
0.5880 -0.1343 -0.0173 0 0 -10 0
0.5700 -0.1334 -0.0171 0 0 -10 0
0.5920 -0.1332 -0.0156 0 0 -10 0
0.5680 -0.1325 -0.0163 0 0 -10 0
0.5840 -0.1328 -0.0166 0 0 -10 0
0.5840 -0.1328 -0.0166 0 0 -10 0
0.5620 -0.1326 -0.0162 0 0 -10 0
0.5800 -0.1322 -0.0147 0 0 -10 0
0.5680 -0.1318 -0.0149 0 0 -10 0
0.5800 -0.1315 -0.0127 0 0 -10 0
0.5860 -0.1310 -0.0134 0 0 -10 0
0.5860 -0.1310 -0.0134 0 0 -10 0
0.5860 -0.1306 -0.0147 0 0 -10 0
0.5720 -0.1297 -0.0146 0 0 -10 0
0.5800 -0.1291 -0.0145 0 0 -10 0
0.5800 -0.1291 -0.0145 0 0 -10 0
0.5740 -0.1289 -0.0156 0 0 -10 0
0.5740 -0.1289 -0.0156 0 0 -10 0
0.5880 -0.1280 -0.0138 0 0 -10 0
0.5820 -0.1277 -0.0173 0 0 -10 0
0.5880 -0.1273 -0.0171 0 0 -10 0
0.5880 -0.1267 -0.0144 0 0 -10 0
0.5880 -0.1267 -0.0144 0 0 -10 0
0.5700 -0.1257 -0.0166 0 0 -10 0
0.5700 -0.1257 -0.0166 0 0 -10 0
0.5880 -0.1258 -0.0164 0 0 -10 0
0.5880 -0.1258 -0.0164 0 0 -10 0
0.5920 -0.1244 -0.0156 0 0 -10 0
0.5920 -0.1236 -0.0155 0 0 -10 0
0.5800 -0.1236 -0.0155 0 0 -10 0
0.5880 -0.1229 -0.0157 0 0 -10 0
0.6000 -0.1231 -0.0136 0 0 -10 0
0.5920 -0.1221 -0.0135 0 0 -10 0
0.5940 -0.1214 -0.0110 0 0 -10 0
0.5720 -0.1211 -0.0121 0 0 -10 0
0.5900 -0.1204 -0.0148 0 0 -10 0
0.6020 -0.1199 -0.0146 0 0 -10 0
0.6020 -0.1193 -0.0129 0 0 -10 0
0.6020 -0.1193 -0.0129 0 0 -10 0
0.6060 -0.1191 -0.0133 0 0 -10 0
0.6100 -0.1192 -0.0141 0 0 -10 0
0.5860 -0.1195 -0.0133 0 0 -10 0
0.5940 -0.1192 -0.0113 0 0 -10 0
0.5900 -0.1191 -0.0116 0 0 -10 0
0.5900 -0.1191 -0.0116 0 0 -10 0
0.5860 -0.1185 -0.0143 0 0 -10 0
0.6060 -0.1183 -0.0155 0 0 -10 0
0.5920 -0.1176 -0.0131 0 0 -10 0
0.5920 -0.1176 -0.0131 0 0 -10 0
0.6220 -0.1173 -0.0126 0 0 -10 0
0.5960 -0.1173 -0.0121 0 0 -10 0
0.5980 -0.1168 -0.0033 0 0 -10 0
0.5760 -0.1160 -0.0028 0 0 -10 0
0.5920 -0.1160 -0.0037 0 0 -10 0
0.5840 -0.1158 -0.0033 0 0 -10 0
0.6080 -0.1157 -0.0034 0 0 -10 0
0.6080 -0.1157 -0.0034 0 0 -10 0
0.6060 -0.1157 -0.0030 0 0 -10 0
0.5900 -0.1154 -0.0053 0 0 -10 0
0.6280 -0.1145 -0.0055 0 0 -10 0
0.5960 -0.1137 -0.0032 0 0 -10 0
0.5980 -0.1131 -0.0035 0 0 -10 0
0.5980 -0.1131 -0.0035 0 0 -10 0
0.6160 -0.1127 -0.0038 0 0 -10 0
0.6000 -0.1126 -0.0035 0 0 -10 0
0.6060 -0.1126 -0.0055 0 0 -10 0
0.6140 -0.1123 -0.0065 0 0 -10 0
0.6000 -0.1118 -0.0060 0 0 -10 0
0.6020 -0.1110 -0.0065 0 0 -10 0
0.6020 -0.1110 -0.0065 0 0 -10 0
0.6040 -0.1106 -0.0075 0 0 -10 0
0.6160 -0.1099 -0.0066 0 0 -10 0
0.5880 -0.1095 -0.0068 0 0 -10 0
0.5860 -0.1090 -0.0069 0 0 -10 0
0.6020 -0.1084 -0.0080 0 0 -10 0
0.6020 -0.1084 -0.0080 0 0 -10 0
0.6020 -0.1081 -0.0083 0 0 -10 0
0.6100 -0.1075 -0.0077 0 0 -10 0
0.6080 -0.1075 -0.0077 0 0 -10 0
0.6000 -0.1072 -0.0088 0 0 -10 0
0.6000 -0.1068 -0.0088 0 0 -10 0
0.6000 -0.1063 -0.0077 0 0 -10 0
0.6000 -0.1063 -0.0077 0 0 -10 0
0.5900 -0.1061 -0.0071 0 0 -10 0
0.6060 -0.1065 -0.0049 0 0 -10 0
0.5900 -0.1063 -0.0048 0 0 -10 0
0.6040 -0.1060 -0.0049 0 0 -10 0
0.6280 -0.1056 -0.0047 0 0 -10 0
0.6280 -0.1056 -0.0047 0 0 -10 0
0.6560 -0.1053 -0.0041 0 0 -10 0
0.6100 -0.1050 -0.0035 0 0 -10 0
0.6140 -0.1042 -0.0022 0 0 -10 0
0.6160 -0.1038 -0.0025 0 0 -10 0
0.5960 -0.1031 -0.0035 0 0 -10 0
0.6180 -0.1028 -0.0036 0 0 -10 0
0.6180 -0.1028 -0.0036 0 0 -10 0
0.6120 -0.1028 -0.0039 0 0 -10 0
0.6120 -0.1026 -0.0060 0 0 -10 0
0.6200 -0.1018 -0.0053 0 0 -10 0
0.6260 -0.1009 -0.0035 0 0 -10 0
0.6060 -0.1003 -0.0038 0 0 -10 0
0.6100 -0.0998 -0.0037 0 0 -10 0
0.6100 -0.0998 -0.0037 0 0 -10 0
0.6140 -0.1001 -0.0038 0 0 -10 0
0.6060 -0.1001 -0.0031 0 0 -10 0
0.6060 -0.0996 -0.0044 0 0 -10 0
0.6060 -0.0996 -0.0044 0 0 -10 0
0.6220 -0.0983 -0.0031 0 0 -10 0
0.6320 -0.0976 -0.0026 0 0 -10 0
0.6260 -0.0968 -0.0025 0 0 -10 0
0.6280 -0.0963 -0.0036 0 0 -10 0
0.6260 -0.0960 -0.0046 0 0 -10 0
0.6260 -0.0960 -0.0046 0 0 -10 0
0.6400 -0.0955 -0.0047 0 0 -10 0
0.6380 -0.0951 -0.0035 0 0 -10 0
0.6120 -0.0942 -0.0040 0 0 -10 0
0.6120 -0.0942 -0.0040 0 0 -10 0
0.6500 -0.0928 -0.0038 0 0 -10 0
0.6500 -0.0928 -0.0038 0 0 -10 0
0.6340 -0.0926 -0.0090 0 0 -10 0
0.6260 -0.0929 -0.0088 0 0 -10 0
0.6080 -0.0931 -0.0099 0 0 -10 0
0.6120 -0.0931 -0.0098 0 0 -10 0
0.6120 -0.0931 -0.0098 0 0 -10 0
0.6200 -0.0933 -0.0112 0 0 -10 0
0.6260 -0.0931 -0.0090 0 0 -10 0
0.6260 -0.0931 -0.0090 0 0 -10 0
0.6260 -0.0926 -0.0083 0 0 -10 0
0.6300 -0.0916 -0.0087 0 0 -10 0
0.6360 -0.0913 -0.0089 0 0 -10 0
0.6360 -0.0913 -0.0089 0 0 -10 0
0.6360 -0.0910 -0.0070 0 0 -10 0
0.6380 -0.0905 -0.0087 0 0 -10 0
0.6200 -0.0900 -0.0079 0 0 -10 0
0.6440 -0.0903 -0.0061 0 0 -10 0
0.6180 -0.0905 -0.0072 0 0 -10 0
0.6280 -0.0902 -0.0069 0 0 -10 0
0.6280 -0.0902 -0.0069 0 0 -10 0
0.6440 -0.0887 -0.0054 0 0 -10 0
0.6420 -0.0877 -0.0028 0 0 -10 0
0.6400 -0.0875 -0.0019 0 0 -10 0
0.6400 -0.0875 -0.0019 0 0 -10 0
0.6440 -0.0877 -0.0022 0 0 -10 0
0.6320 -0.0882 -0.0033 0 0 -10 0
0.6320 -0.0882 -0.0033 0 0 -10 0
0.6520 -0.0875 -0.0033 0 0 -10 0
0.6620 -0.0866 -0.0060 0 0 -10 0
0.6480 -0.0861 -0.0064 0 0 -10 0
0.6480 -0.0861 -0.0064 0 0 -10 0
0.6680 -0.0856 -0.0060 0 0 -10 0
0.6480 -0.0857 -0.0092 0 0 -10 0
0.6740 -0.0858 -0.0093 0 0 -10 0
0.6420 -0.0847 -0.0078 0 0 -10 0
0.6500 -0.0842 -0.0084 0 0 -10 0
0.6500 -0.0842 -0.0084 0 0 -10 0
0.6560 -0.0837 -0.0085 0 0 -10 0
0.6580 -0.0834 -0.0069 0 0 -10 0
0.6640 -0.0829 -0.0065 0 0 -10 0
0.6640 -0.0829 -0.0065 0 0 -10 0
0.6420 -0.0820 -0.0080 0 0 -10 0
0.6420 -0.0820 -0.0080 0 0 -10 0
0.6560 -0.0811 -0.0075 0 0 -10 0
0.6660 -0.0807 -0.0079 0 0 -10 0
0.6600 -0.0799 -0.0113 0 0 -10 0
0.6600 -0.0799 -0.0113 0 0 -10 0
0.6600 -0.0795 -0.0121 0 0 -10 0
0.6660 -0.0784 -0.0118 0 0 -10 0
0.6660 -0.0784 -0.0118 0 0 -10 0
0.6680 -0.0779 -0.0155 0 0 -10 0
0.6800 -0.0783 -0.0156 0 0 -10 0
0.6720 -0.0778 -0.0159 0 0 -10 0
0.6720 -0.0778 -0.0159 0 0 -10 0
0.6720 -0.0771 -0.0177 0 0 -10 0
0.6620 -0.0768 -0.0173 0 0 -10 0
0.6800 -0.0766 -0.0162 0 0 -10 0
0.6720 -0.0762 -0.0187 0 0 -10 0
0.6720 -0.0762 -0.0187 0 0 -10 0
0.6500 -0.0746 -0.0159 0 0 -10 0
0.6500 -0.0746 -0.0159 0 0 -10 0
0.6540 -0.0733 -0.0157 0 0 -10 0
0.6720 -0.0728 -0.0151 0 0 -10 0
0.6720 -0.0728 -0.0151 0 0 -10 0
0.6720 -0.0726 -0.0114 0 0 -10 0
0.6800 -0.0725 -0.0163 0 0 -10 0
0.6840 -0.0721 -0.0156 0 0 -10 0
0.6840 -0.0721 -0.0156 0 0 -10 0
0.6820 -0.0711 -0.0126 0 0 -10 0
0.6820 -0.0711 -0.0126 0 0 -10 0
0.6740 -0.0699 -0.0125 0 0 -10 0
0.6680 -0.0698 -0.0124 0 0 -10 0
0.7120 -0.0697 -0.0113 0 0 -10 0
0.7000 -0.0689 -0.0112 0 0 -10 0
0.7000 -0.0689 -0.0112 0 0 -10 0
0.6880 -0.0682 -0.0105 0 0 -10 0
0.6880 -0.0682 -0.0105 0 0 -10 0
0.6800 -0.0683 -0.0099 0 0 -10 0
0.7100 -0.0682 -0.0118 0 0 -10 0
0.7100 -0.0682 -0.0118 0 0 -10 0
0.6960 -0.0682 -0.0130 0 0 -10 0
0.6920 -0.0679 -0.0146 0 0 -10 0
0.7040 -0.0678 -0.0157 0 0 -10 0
0.6980 -0.0677 -0.0179 0 0 -10 0
0.6940 -0.0673 -0.0173 0 0 -10 0
0.6960 -0.0666 -0.0193 0 0 -10 0
0.6960 -0.0666 -0.0193 0 0 -10 0
0.6860 -0.0659 -0.0209 0 0 -10 0
0.6840 -0.0653 -0.0204 0 0 -10 0
0.7160 -0.0647 -0.0188 0 0 -10 0
0.7160 -0.0647 -0.0188 0 0 -10 0
0.6920 -0.0641 -0.0208 0 0 -10 0
0.6980 -0.0631 -0.0173 0 0 -10 0
0.7080 -0.0623 -0.0162 0 0 -10 0
0.7120 -0.0615 -0.0137 0 0 -10 0
0.7080 -0.0607 -0.0127 0 0 -10 0
0.7080 -0.0607 -0.0127 0 0 -10 0
0.7240 -0.0600 -0.0096 0 0 -10 0
0.7400 -0.0597 -0.0089 0 0 -10 0
0.7340 -0.0592 -0.0075 0 0 -10 0
0.7340 -0.0592 -0.0075 0 0 -10 0
0.7140 -0.0585 -0.0072 0 0 -10 0
0.7180 -0.0571 -0.0030 0 0 -10 0
0.7240 -0.0565 -0.0017 0 0 -10 0
0.7240 -0.0565 -0.0017 0 0 -10 0
0.7340 -0.0561 -0.0019 0 0 -10 0
0.7420 -0.0564 0.0029 0 0 -10 0
0.7420 -0.0564 0.0029 0 0 -10 0
0.7380 -0.0563 0.0018 0 0 -10 0
0.7240 -0.0558 0.0025 0 0 -10 0
0.7380 -0.0549 0.0026 0 0 -10 0
0.7460 -0.0549 0.0026 0 0 -10 0
0.7600 -0.0550 -0.0006 0 0 -10 0
0.7460 -0.0556 -0.0008 0 0 -10 0
0.7520 -0.0551 0.0009 0 0 -10 0
0.7380 -0.0544 0.0015 0 0 -10 0
0.7460 -0.0533 0.0006 0 0 -10 0
0.7360 -0.0525 0.0004 0 0 -10 0
0.7360 -0.0525 0.0004 0 0 -10 0
0.7480 -0.0521 0.0013 0 0 -10 0
0.7500 -0.0518 -0.0002 0 0 -10 0
0.7180 -0.0512 0.0006 0 0 -10 0
0.7380 -0.0511 0.0005 0 0 -10 0
0.7500 -0.0508 0.0013 0 0 -10 0
0.7500 -0.0508 0.0013 0 0 -10 0
0.7240 -0.0502 0.0010 0 0 -10 0
0.7520 -0.0499 -0.0006 0 0 -10 0
0.7220 -0.0494 -0.0007 0 0 -10 0
0.7500 -0.0488 0.0004 0 0 -10 0
0.7620 -0.0486 -0.0004 0 0 -10 0
0.7620 -0.0486 -0.0004 0 0 -10 0
0.7300 -0.0479 -0.0010 0 0 -10 0
0.7420 -0.0471 -0.0015 0 0 -10 0
0.7580 -0.0461 -0.0022 0 0 -10 0
0.7360 -0.0450 -0.0022 0 0 -10 0
0.7360 -0.0448 0.0005 0 0 -10 0
0.7340 -0.0448 0.0005 0 0 -10 0
0.7460 -0.0442 -0.0016 0 0 -10 0
0.7180 -0.0435 -0.0013 0 0 -10 0
0.7620 -0.0433 -0.0028 0 0 -10 0
0.7340 -0.0433 -0.0010 0 0 -10 0
0.7460 -0.0433 -0.0001 0 0 -10 0
0.7720 -0.0426 0.0002 0 0 -10 0
0.7540 -0.0419 -0.0022 0 0 -10 0
0.7540 -0.0419 -0.0022 0 0 -10 0
0.7440 -0.0411 -0.0021 0 0 -10 0
0.7640 -0.0405 -0.0036 0 0 -10 0
0.7580 -0.0411 -0.0038 0 0 -10 0
0.7560 -0.0414 -0.0024 0 0 -10 0
0.7560 -0.0414 -0.0024 0 0 -10 0
0.7380 -0.0401 -0.0043 0 0 -10 0
0.7520 -0.0392 -0.0044 0 0 -10 0
0.7720 -0.0395 -0.0047 0 0 -10 0
0.7440 -0.0406 -0.0034 0 0 -10 0
0.7460 -0.0408 -0.0037 0 0 -10 0
0.7460 -0.0408 -0.0037 0 0 -10 0
0.7520 -0.0406 -0.0066 0 0 -10 0
0.7300 -0.0399 -0.0072 0 0 -10 0
0.7300 -0.0399 -0.0072 0 0 -10 0
0.7520 -0.0388 -0.0072 0 0 -10 0
0.7440 -0.0375 -0.0072 0 0 -10 0
0.7500 -0.0371 -0.0074 0 0 -10 0
0.7660 -0.0369 -0.0076 0 0 -10 0
0.7500 -0.0367 -0.0072 0 0 -10 0
0.7400 -0.0367 -0.0095 0 0 -10 0
0.7400 -0.0367 -0.0095 0 0 -10 0
0.7220 -0.0372 -0.0112 0 0 -10 0
0.7580 -0.0367 -0.0132 0 0 -10 0
0.7500 -0.0361 -0.0128 0 0 -10 0
0.7500 -0.0361 -0.0128 0 0 -10 0
0.7420 -0.0343 -0.0115 0 0 -10 0
0.7420 -0.0343 -0.0115 0 0 -10 0
0.7480 -0.0334 -0.0116 0 0 -10 0
0.7480 -0.0334 -0.0116 0 0 -10 0
0.7620 -0.0326 -0.0072 0 0 -10 0
0.7460 -0.0323 -0.0065 0 0 -10 0
0.7460 -0.0323 -0.0065 0 0 -10 0
0.7260 -0.0314 -0.0049 0 0 -10 0
0.7560 -0.0306 -0.0046 0 0 -10 0
0.7860 -0.0297 -0.0032 0 0 -10 0
0.7440 -0.0293 -0.0047 0 0 -10 0
0.7760 -0.0289 -0.0042 0 0 -10 0
0.7760 -0.0287 -0.0042 0 0 -10 0
0.7660 -0.0287 -0.0042 0 0 -10 0
0.7580 -0.0280 -0.0069 0 0 -10 0
0.7760 -0.0279 -0.0074 0 0 -10 0
0.7660 -0.0275 -0.0080 0 0 -10 0
0.7760 -0.0270 -0.0083 0 0 -10 0
0.7780 -0.0268 -0.0084 0 0 -10 0
0.7780 -0.0268 -0.0084 0 0 -10 0
0.7520 -0.0253 -0.0060 0 0 -10 0
0.7740 -0.0251 -0.0060 0 0 -10 0
0.7720 -0.0247 -0.0058 0 0 -10 0
0.7720 -0.0247 -0.0058 0 0 -10 0
0.8020 -0.0242 -0.0061 0 0 -10 0
0.7580 -0.0240 -0.0056 0 0 -10 0
0.7640 -0.0235 -0.0070 0 0 -10 0
0.7900 -0.0229 -0.0060 0 0 -10 0
0.7900 -0.0229 -0.0060 0 0 -10 0
0.7900 -0.0223 -0.0056 0 0 -10 0
0.7940 -0.0222 -0.0056 0 0 -10 0
0.7720 -0.0222 -0.0048 0 0 -10 0
0.7780 -0.0218 -0.0023 0 0 -10 0
0.7700 -0.0213 -0.0023 0 0 -10 0
0.7780 -0.0210 -0.0025 0 0 -10 0
0.7780 -0.0210 -0.0025 0 0 -10 0
0.7980 -0.0208 -0.0013 0 0 -10 0
0.7960 -0.0212 0.0004 0 0 -10 0
0.7920 -0.0210 0.0036 0 0 -10 0
0.8040 -0.0204 0.0002 0 0 -10 0
0.8040 -0.0204 0.0002 0 0 -10 0
0.7820 -0.0190 0.0013 0 0 -10 0
0.7920 -0.0190 -0.0007 0 0 -10 0
0.8080 -0.0189 -0.0013 0 0 -10 0
0.8040 -0.0186 0.0019 0 0 -10 0
0.8040 -0.0186 0.0019 0 0 -10 0
0.7920 -0.0180 0.0010 0 0 -10 0
0.7880 -0.0169 -0.0015 0 0 -10 0
0.7820 -0.0165 -0.0019 0 0 -10 0
0.7820 -0.0165 -0.0019 0 0 -10 0
0.7720 -0.0167 -0.0017 0 0 -10 0
0.7900 -0.0165 -0.0027 0 0 -10 0
0.7780 -0.0164 -0.0040 0 0 -10 0
0.7760 -0.0164 -0.0042 0 0 -10 0
0.7880 -0.0160 -0.0021 0 0 -10 0
0.7760 -0.0160 -0.0018 0 0 -10 0
0.7760 -0.0160 -0.0018 0 0 -10 0
0.7940 -0.0145 -0.0023 0 0 -10 0
0.7960 -0.0145 -0.0046 0 0 -10 0
0.7960 -0.0143 -0.0069 0 0 -10 0
0.7660 -0.0143 -0.0069 0 0 -10 0
0.7500 -0.0142 -0.0078 0 0 -10 0
0.7800 -0.0139 -0.0074 0 0 -10 0
0.7800 -0.0132 -0.0060 0 0 0 0
0.7700 -0.0116 -0.0092 0 0 -10 0
0.7980 -0.0111 -0.0086 0 0 -10 0
0.7980 -0.0104 -0.0074 0 0 -10 0
0.7760 -0.0094 -0.0055 0 0 0 0
0.7860 -0.0098 -0.0030 0 0 -10 0
0.8120 -0.0090 -0.0033 0 0 -10 0
0.8120 -0.0090 -0.0033 0 0 0 0
0.8000 -0.0075 -0.0041 0 0 -10 0
0.7940 -0.0077 -0.0023 0 0 -10 0
0.7920 -0.0079 -0.0022 0 0 -10 0
0.8020 -0.0078 0.0000 0 0 0 0
0.7960 -0.0074 -0.0007 0 0 -10 0
0.7920 -0.0058 -0.0007 0 0 -10 0
