0.4880 -0.2335 0.0009 0 0 -10 0
0.4800 -0.2332 0.0021 0 0 -10 0
0.4940 -0.2320 0.0009 0 0 -10 0
0.4720 -0.2321 0.0013 0 0 -10 0
0.5020 -0.2323 0.0009 0 0 -10 0
0.5040 -0.2330 -0.0007 0 0 -10 0
0.5080 -0.2335 -0.0002 0 0 -10 0
0.4940 -0.2340 0.0007 0 0 -10 0
0.4940 -0.2340 0.0007 0 0 -10 0
0.5020 -0.2343 -0.0009 0 0 -10 0
0.4920 -0.2342 -0.0008 0 0 -10 0
0.4920 -0.2339 0.0012 0 0 -10 0
0.4840 -0.2330 -0.0013 0 0 -10 0
0.4860 -0.2328 -0.0011 0 0 -10 0
0.4960 -0.2327 -0.0009 0 0 -10 0
0.4960 -0.2327 -0.0009 0 0 -10 0
0.5020 -0.2322 -0.0008 0 0 -10 0
0.4940 -0.2319 -0.0016 0 0 -10 0
0.4920 -0.2319 -0.0014 0 0 -10 0
0.4940 -0.2316 -0.0012 0 0 -10 0
0.5000 -0.2312 -0.0013 0 0 -10 0
0.5000 -0.2312 -0.0013 0 0 -10 0
0.4980 -0.2304 -0.0007 0 0 -10 0
0.4820 -0.2287 0.0007 0 0 -10 0
0.4820 -0.2287 0.0007 0 0 -10 0
0.4920 -0.2279 0.0005 0 0 -10 0
0.4920 -0.2277 0.0007 0 0 -10 0
0.4740 -0.2277 0.0007 0 0 -10 0
0.4980 -0.2278 0.0010 0 0 -10 0
0.4980 -0.2274 0.0011 0 0 -10 0
0.4980 -0.2274 0.0011 0 0 -10 0
0.4760 -0.2268 0.0002 0 0 -10 0
0.4820 -0.2267 0.0011 0 0 -10 0
0.5040 -0.2259 0.0004 0 0 -10 0
0.5040 -0.2259 0.0004 0 0 -10 0
0.5020 -0.2251 -0.0003 0 0 -10 0
0.5020 -0.2251 -0.0003 0 0 -10 0
0.4940 -0.2245 0.0008 0 0 -10 0
0.4820 -0.2237 0.0015 0 0 -10 0
0.4880 -0.2235 0.0004 0 0 -10 0
0.4820 -0.2229 0.0020 0 0 -10 0
0.4820 -0.2229 0.0020 0 0 -10 0
0.4840 -0.2221 0.0011 0 0 -10 0
0.4720 -0.2215 0.0013 0 0 -10 0
0.4820 -0.2211 0.0014 0 0 -10 0
0.4820 -0.2211 0.0014 0 0 -10 0
0.4920 -0.2211 0.0009 0 0 -10 0
0.4980 -0.2211 0.0009 0 0 -10 0
0.4840 -0.2210 0.0008 0 0 -10 0
0.4760 -0.2206 0.0037 0 0 -10 0
0.4800 -0.2207 0.0038 0 0 -10 0
0.4920 -0.2207 0.0035 0 0 -10 0
0.4920 -0.2207 0.0035 0 0 -10 0
0.4940 -0.2202 0.0035 0 0 -10 0
0.4760 -0.2191 0.0042 0 0 -10 0
0.4620 -0.2183 0.0044 0 0 -10 0
0.4620 -0.2183 0.0044 0 0 -10 0
0.4920 -0.2180 0.0047 0 0 -10 0
0.4920 -0.2179 0.0041 0 0 -10 0
0.4920 -0.2179 0.0041 0 0 -10 0
0.4620 -0.2178 0.0042 0 0 -10 0
0.4780 -0.2171 0.0049 0 0 -10 0
0.4880 -0.2167 0.0052 0 0 -10 0
0.4880 -0.2167 0.0052 0 0 -10 0
0.5000 -0.2154 0.0055 0 0 -10 0
0.4760 -0.2147 0.0038 0 0 -10 0
0.4880 -0.2137 0.0019 0 0 -10 0
0.4880 -0.2137 0.0019 0 0 -10 0
0.4980 -0.2131 0.0005 0 0 -10 0
0.4960 -0.2129 0.0007 0 0 -10 0
0.4960 -0.2129 0.0007 0 0 -10 0
0.5000 -0.2122 0.0009 0 0 -10 0
0.4940 -0.2113 0.0015 0 0 -10 0
0.4700 -0.2110 0.0011 0 0 -10 0
0.4700 -0.2110 0.0011 0 0 -10 0
0.4960 -0.2110 0.0017 0 0 -10 0
0.4960 -0.2110 0.0017 0 0 -10 0
0.5000 -0.2108 0.0019 0 0 -10 0
0.4880 -0.2102 0.0023 0 0 -10 0
0.4840 -0.2098 0.0023 0 0 -10 0
0.4960 -0.2088 0.0020 0 0 -10 0
0.4960 -0.2088 0.0020 0 0 -10 0
0.4700 -0.2085 0.0021 0 0 -10 0
0.4820 -0.2083 0.0034 0 0 -10 0
0.4960 -0.2077 0.0039 0 0 -10 0
0.4960 -0.2071 0.0043 0 0 -10 0
0.4820 -0.2067 0.0043 0 0 -10 0
0.4820 -0.2067 0.0043 0 0 -10 0
0.4980 -0.2058 0.0049 0 0 -10 0
0.4840 -0.2049 0.0052 0 0 -10 0
0.4880 -0.2046 0.0047 0 0 -10 0
0.4880 -0.2046 0.0047 0 0 -10 0
0.4920 -0.2048 0.0052 0 0 -10 0
0.4880 -0.2045 0.0054 0 0 -10 0
0.4960 -0.2040 0.0055 0 0 -10 0
0.4960 -0.2040 0.0055 0 0 -10 0
0.4840 -0.2033 0.0062 0 0 -10 0
0.4880 -0.2026 0.0062 0 0 -10 0
0.4900 -0.2024 0.0058 0 0 -10 0
0.4800 -0.2024 0.0061 0 0 -10 0
0.4840 -0.2032 0.0055 0 0 -10 0
0.4840 -0.2032 0.0055 0 0 -10 0
0.4900 -0.2034 0.0034 0 0 -10 0
0.4900 -0.2034 0.0034 0 0 -10 0
0.5140 -0.2026 0.0031 0 0 -10 0
0.4740 -0.2018 0.0025 0 0 -10 0
0.4880 -0.2011 0.0020 0 0 -10 0
0.4880 -0.2011 0.0020 0 0 -10 0
0.4800 -0.2005 0.0021 0 0 -10 0
0.5000 -0.1993 0.0014 0 0 -10 0
0.4860 -0.1986 0.0011 0 0 -10 0
0.5100 -0.1982 0.0017 0 0 -10 0
0.5000 -0.1979 0.0017 0 0 -10 0
0.5000 -0.1979 0.0017 0 0 -10 0
0.4840 -0.1968 0.0025 0 0 -10 0
0.4800 -0.1964 0.0030 0 0 -10 0
0.4820 -0.1959 0.0031 0 0 -10 0
0.5120 -0.1959 0.0035 0 0 -10 0
0.5120 -0.1959 0.0035 0 0 -10 0
0.5040 -0.1959 0.0031 0 0 -10 0
0.4860 -0.1950 0.0038 0 0 -10 0
0.4780 -0.1943 0.0031 0 0 -10 0
0.4780 -0.1943 0.0031 0 0 -10 0
0.4860 -0.1934 0.0070 0 0 -10 0
0.4860 -0.1934 0.0070 0 0 -10 0
0.4880 -0.1928 0.0052 0 0 -10 0
0.4960 -0.1928 0.0052 0 0 -10 0
0.4920 -0.1931 0.0054 0 0 -10 0
0.4880 -0.1933 0.0056 0 0 -10 0
0.4960 -0.1928 0.0031 0 0 -10 0
0.4960 -0.1928 0.0031 0 0 -10 0
0.5000 -0.1923 0.0021 0 0 -10 0
0.4760 -0.1917 0.0021 0 0 -10 0
0.5160 -0.1906 -0.0000 0 0 -10 0
0.5120 -0.1895 0.0011 0 0 -10 0
0.5120 -0.1895 0.0011 0 0 -10 0
0.4940 -0.1888 0.0016 0 0 -10 0
0.5020 -0.1888 -0.0024 0 0 -10 0
0.5020 -0.1888 -0.0024 0 0 -10 0
0.4900 -0.1882 -0.0013 0 0 -10 0
0.5320 -0.1882 -0.0013 0 0 -10 0
0.5180 -0.1876 -0.0018 0 0 -10 0
0.5060 -0.1872 -0.0016 0 0 -10 0
0.5060 -0.1874 -0.0011 0 0 -10 0
0.5300 -0.1876 -0.0009 0 0 -10 0
0.5300 -0.1876 -0.0009 0 0 -10 0
0.5180 -0.1872 -0.0054 0 0 -10 0
0.5120 -0.1866 -0.0059 0 0 -10 0
0.5220 -0.1857 -0.0078 0 0 -10 0
0.5180 -0.1851 -0.0076 0 0 -10 0
0.5160 -0.1848 -0.0077 0 0 -10 0
0.5020 -0.1846 -0.0078 0 0 -10 0
0.5120 -0.1847 -0.0055 0 0 -10 0
0.5000 -0.1846 -0.0046 0 0 -10 0
0.5300 -0.1840 -0.0039 0 0 -10 0
0.5120 -0.1829 -0.0027 0 0 -10 0
0.5160 -0.1816 -0.0024 0 0 -10 0
0.5400 -0.1807 -0.0020 0 0 -10 0
0.5400 -0.1807 -0.0020 0 0 -10 0
0.5100 -0.1796 -0.0000 0 0 -10 0
0.5180 -0.1795 0.0003 0 0 -10 0
0.5380 -0.1789 -0.0004 0 0 -10 0
0.5300 -0.1779 0.0004 0 0 -10 0
0.5300 -0.1779 0.0004 0 0 -10 0
0.5280 -0.1770 0.0015 0 0 -10 0
0.5220 -0.1762 0.0020 0 0 -10 0
0.5460 -0.1762 0.0007 0 0 -10 0
0.5280 -0.1763 0.0008 0 0 -10 0
0.5760 -0.1764 0.0014 0 0 -10 0
0.5360 -0.1756 -0.0007 0 0 -10 0
0.5220 -0.1757 -0.0004 0 0 -10 0
0.5460 -0.1751 0.0005 0 0 -10 0
0.5380 -0.1747 0.0007 0 0 -10 0
0.5380 -0.1747 0.0007 0 0 -10 0
0.5340 -0.1745 0.0002 0 0 -10 0
0.5240 -0.1745 0.0007 0 0 -10 0
0.5240 -0.1744 0.0033 0 0 -10 0
0.5280 -0.1742 0.0038 0 0 -10 0
0.5280 -0.1742 0.0038 0 0 -10 0
0.5340 -0.1737 0.0026 0 0 -10 0
0.5600 -0.1730 0.0024 0 0 -10 0
0.5160 -0.1723 0.0034 0 0 -10 0
0.5260 -0.1716 0.0035 0 0 -10 0
0.5340 -0.1713 0.0043 0 0 -10 0
0.5240 -0.1713 0.0043 0 0 -10 0
0.5280 -0.1708 0.0052 0 0 -10 0
0.5300 -0.1699 0.0051 0 0 -10 0
0.5520 -0.1698 0.0052 0 0 -10 0
0.5440 -0.1693 0.0062 0 0 -10 0
0.5440 -0.1693 0.0062 0 0 -10 0
0.5300 -0.1688 0.0040 0 0 -10 0
0.5400 -0.1679 0.0063 0 0 -10 0
0.5260 -0.1672 0.0067 0 0 -10 0
0.5320 -0.1668 0.0060 0 0 -10 0
0.5320 -0.1668 0.0060 0 0 -10 0
0.5480 -0.1666 0.0039 0 0 -10 0
0.5360 -0.1664 0.0030 0 0 -10 0
0.5460 -0.1658 0.0006 0 0 -10 0
0.5540 -0.1650 0.0002 0 0 -10 0
0.5620 -0.1644 0.0023 0 0 -10 0
0.5620 -0.1644 0.0023 0 0 -10 0
0.5500 -0.1637 0.0028 0 0 -10 0
0.5540 -0.1634 0.0021 0 0 -10 0
0.5540 -0.1634 0.0021 0 0 -10 0
0.5420 -0.1621 0.0006 0 0 -10 0
0.5420 -0.1621 0.0006 0 0 -10 0
0.5540 -0.1614 -0.0035 0 0 -10 0
0.5700 -0.1611 -0.0033 0 0 -10 0
0.5480 -0.1604 -0.0050 0 0 -10 0
0.5480 -0.1604 -0.0050 0 0 -10 0
0.5540 -0.1601 -0.0074 0 0 -10 0
0.5400 -0.1598 -0.0072 0 0 -10 0
0.5480 -0.1594 -0.0097 0 0 -10 0
0.5480 -0.1588 -0.0084 0 0 -10 0
0.5480 -0.1587 -0.0069 0 0 -10 0
0.5600 -0.1587 -0.0069 0 0 -10 0
0.5300 -0.1586 -0.0070 0 0 -10 0
0.5520 -0.1581 -0.0073 0 0 -10 0
0.5280 -0.1574 -0.0079 0 0 -10 0
0.5280 -0.1574 -0.0079 0 0 -10 0
0.5400 -0.1562 -0.0074 0 0 -10 0
0.5400 -0.1562 -0.0074 0 0 -10 0
0.5500 -0.1565 -0.0071 0 0 -10 0
0.5440 -0.1574 -0.0065 0 0 -10 0
0.5520 -0.1575 -0.0046 0 0 -10 0
0.5780 -0.1574 -0.0036 0 0 -10 0
0.5780 -0.1574 -0.0036 0 0 -10 0
0.5760 -0.1567 -0.0025 0 0 -10 0
0.5560 -0.1558 -0.0018 0 0 -10 0
0.5300 -0.1548 -0.0011 0 0 -10 0
0.5460 -0.1546 -0.0054 0 0 -10 0
0.5660 -0.1541 -0.0051 0 0 -10 0
0.5480 -0.1540 -0.0064 0 0 -10 0
0.5480 -0.1540 -0.0064 0 0 -10 0
0.5760 -0.1539 -0.0054 0 0 -10 0
0.5420 -0.1538 -0.0061 0 0 -10 0
0.5440 -0.1533 -0.0055 0 0 -10 0
0.5520 -0.1531 -0.0026 0 0 -10 0
0.5520 -0.1531 -0.0026 0 0 -10 0
0.5700 -0.1525 -0.0029 0 0 -10 0
0.5480 -0.1522 -0.0028 0 0 -10 0
0.5480 -0.1515 -0.0038 0 0 -10 0
0.5440 -0.1503 -0.0047 0 0 -10 0
0.5520 -0.1479 -0.0063 0 0 -10 0
0.5800 -0.1479 -0.0063 0 0 -10 0
0.5580 -0.1475 -0.0060 0 0 -10 0
0.5580 -0.1479 -0.0064 0 0 -10 0
0.5460 -0.1486 -0.0067 0 0 -10 0
0.5400 -0.1486 -0.0064 0 0 -10 0
0.5580 -0.1477 -0.0063 0 0 -10 0
0.5520 -0.1471 -0.0071 0 0 -10 0
0.5520 -0.1471 -0.0071 0 0 -10 0
0.5420 -0.1458 -0.0058 0 0 -10 0
0.5560 -0.1454 -0.0051 0 0 -10 0
0.5660 -0.1449 -0.0054 0 0 -10 0
0.5660 -0.1449 -0.0054 0 0 -10 0
0.5560 -0.1437 -0.0036 0 0 -10 0
0.5420 -0.1437 -0.0036 0 0 -10 0
0.5600 -0.1427 -0.0067 0 0 -10 0
0.5580 -0.1421 -0.0088 0 0 -10 0
0.5800 -0.1418 -0.0085 0 0 -10 0
0.5460 -0.1415 -0.0087 0 0 -10 0
0.5580 -0.1415 -0.0078 0 0 -10 0
0.5580 -0.1415 -0.0078 0 0 -10 0
0.5620 -0.1420 -0.0104 0 0 -10 0
0.5560 -0.1419 -0.0102 0 0 -10 0
0.5460 -0.1417 -0.0110 0 0 -10 0
0.5460 -0.1417 -0.0110 0 0 -10 0
0.5620 -0.1406 -0.0093 0 0 -10 0
0.5720 -0.1402 -0.0090 0 0 -10 0
0.5720 -0.1398 -0.0078 0 0 -10 0
0.5780 -0.1396 -0.0074 0 0 -10 0
0.5960 -0.1399 -0.0076 0 0 -10 0
0.5960 -0.1399 -0.0076 0 0 -10 0
0.5620 -0.1394 -0.0077 0 0 -10 0
0.5820 -0.1392 -0.0071 0 0 -10 0
0.5920 -0.1389 -0.0061 0 0 -10 0
0.5540 -0.1377 -0.0058 0 0 -10 0
0.5540 -0.1375 -0.0048 0 0 -10 0
0.5540 -0.1375 -0.0048 0 0 -10 0
0.5560 -0.1377 -0.0047 0 0 -10 0
0.5760 -0.1375 -0.0049 0 0 -10 0
0.5600 -0.1372 -0.0047 0 0 -10 0
0.5700 -0.1366 -0.0049 0 0 -10 0
0.5700 -0.1366 -0.0049 0 0 -10 0
0.5600 -0.1362 -0.0062 0 0 -10 0
0.5740 -0.1359 -0.0055 0 0 -10 0
0.5660 -0.1356 -0.0053 0 0 -10 0
0.5760 -0.1354 -0.0057 0 0 -10 0
0.5620 -0.1352 -0.0048 0 0 -10 0
0.5780 -0.1350 -0.0053 0 0 -10 0
0.5780 -0.1350 -0.0053 0 0 -10 0
0.5680 -0.1348 -0.0038 0 0 -10 0
0.5620 -0.1351 -0.0033 0 0 -10 0
0.5860 -0.1346 -0.0043 0 0 -10 0
0.5700 -0.1344 -0.0039 0 0 -10 0
0.5740 -0.1339 -0.0027 0 0 -10 0
0.5740 -0.1339 -0.0027 0 0 -10 0
0.5580 -0.1327 -0.0032 0 0 -10 0
0.5720 -0.1318 -0.0022 0 0 -10 0
0.5700 -0.1314 -0.0026 0 0 -10 0
0.5700 -0.1308 -0.0038 0 0 -10 0
0.5700 -0.1308 -0.0038 0 0 -10 0
0.5840 -0.1303 -0.0036 0 0 -10 0
0.5640 -0.1297 -0.0021 0 0 -10 0
0.5540 -0.1290 -0.0027 0 0 -10 0
0.5620 -0.1287 -0.0025 0 0 -10 0
0.5940 -0.1281 -0.0026 0 0 -10 0
0.5780 -0.1281 -0.0026 0 0 -10 0
0.5620 -0.1276 -0.0044 0 0 -10 0
0.5620 -0.1276 -0.0044 0 0 -10 0
0.5800 -0.1275 -0.0042 0 0 -10 0
0.5720 -0.1271 -0.0024 0 0 -10 0
0.5660 -0.1266 -0.0018 0 0 -10 0
0.5860 -0.1263 -0.0052 0 0 -10 0
0.5800 -0.1261 -0.0056 0 0 -10 0
0.5620 -0.1255 -0.0056 0 0 -10 0
0.5620 -0.1255 -0.0056 0 0 -10 0
0.5700 -0.1247 -0.0044 0 0 -10 0
0.5780 -0.1235 -0.0040 0 0 -10 0
0.5760 -0.1231 -0.0027 0 0 -10 0
0.5860 -0.1229 -0.0005 0 0 -10 0
0.5860 -0.1229 -0.0005 0 0 -10 0
0.5880 -0.1227 -0.0004 0 0 -10 0
0.5900 -0.1214 0.0006 0 0 -10 0
0.5960 -0.1210 0.0009 0 0 -10 0
0.5960 -0.1210 0.0009 0 0 -10 0
0.5860 -0.1206 0.0011 0 0 -10 0
0.5980 -0.1204 0.0015 0 0 -10 0
0.6060 -0.1206 0.0018 0 0 -10 0
0.5920 -0.1202 0.0015 0 0 -10 0
0.5920 -0.1193 0.0018 0 0 -10 0
0.5920 -0.1193 0.0018 0 0 -10 0
0.5960 -0.1187 0.0037 0 0 -10 0
0.5920 -0.1184 0.0037 0 0 -10 0
0.5940 -0.1178 0.0040 0 0 -10 0
0.6180 -0.1174 0.0048 0 0 -10 0
0.6180 -0.1174 0.0048 0 0 -10 0
0.5860 -0.1169 0.0067 0 0 -10 0
0.5840 -0.1167 0.0049 0 0 -10 0
0.6000 -0.1166 0.0047 0 0 -10 0
0.6000 -0.1166 0.0047 0 0 -10 0
0.5980 -0.1161 0.0034 0 0 -10 0
0.5980 -0.1161 0.0034 0 0 -10 0
0.6020 -0.1157 0.0031 0 0 -10 0
0.5760 -0.1139 0.0014 0 0 -10 0
0.6020 -0.1139 0.0015 0 0 -10 0
0.6020 -0.1139 0.0015 0 0 -10 0
0.6100 -0.1131 0.0003 0 0 -10 0
0.6000 -0.1129 0.0004 0 0 -10 0
0.5980 -0.1120 0.0008 0 0 -10 0
0.5980 -0.1120 0.0008 0 0 -10 0
0.6060 -0.1116 0.0007 0 0 -10 0
0.6160 -0.1114 -0.0015 0 0 -10 0
0.6160 -0.1114 -0.0015 0 0 -10 0
0.6020 -0.1110 -0.0019 0 0 -10 0
0.5960 -0.1105 -0.0022 0 0 -10 0
0.5780 -0.1105 -0.0015 0 0 -10 0
0.5780 -0.1105 -0.0015 0 0 -10 0
0.6040 -0.1103 0.0018 0 0 -10 0
0.6140 -0.1097 0.0021 0 0 -10 0
0.5860 -0.1097 0.0030 0 0 -10 0
0.6200 -0.1087 0.0035 0 0 -10 0
0.6200 -0.1087 0.0035 0 0 -10 0
0.6100 -0.1069 0.0045 0 0 -10 0
0.6160 -0.1063 0.0063 0 0 -10 0
0.5960 -0.1065 0.0066 0 0 -10 0
0.6060 -0.1066 0.0095 0 0 -10 0
0.6060 -0.1066 0.0095 0 0 -10 0
0.6080 -0.1068 0.0085 0 0 -10 0
0.5920 -0.1063 0.0091 0 0 -10 0
0.6200 -0.1053 0.0064 0 0 -10 0
0.6200 -0.1053 0.0064 0 0 -10 0
0.6040 -0.1037 0.0027 0 0 -10 0
0.6040 -0.1032 0.0049 0 0 -10 0
0.6020 -0.1032 0.0049 0 0 -10 0
0.5940 -0.1035 0.0068 0 0 -10 0
0.6080 -0.1036 0.0065 0 0 -10 0
0.5900 -0.1031 0.0063 0 0 -10 0
0.6140 -0.1022 0.0092 0 0 -10 0
0.5860 -0.1020 0.0087 0 0 -10 0
0.5860 -0.1020 0.0087 0 0 -10 0
0.5980 -0.1015 0.0078 0 0 -10 0
0.6020 -0.1005 0.0078 0 0 -10 0
0.6060 -0.0995 0.0075 0 0 -10 0
0.6060 -0.0995 0.0075 0 0 -10 0
0.6060 -0.0979 0.0058 0 0 -10 0
0.6220 -0.0979 0.0058 0 0 -10 0
0.6120 -0.0975 0.0043 0 0 -10 0
0.6000 -0.0972 0.0033 0 0 -10 0
0.5980 -0.0973 0.0022 0 0 -10 0
0.5980 -0.0973 0.0022 0 0 -10 0
0.6040 -0.0974 0.0024 0 0 -10 0
0.6040 -0.0976 0.0029 0 0 -10 0
0.5980 -0.0977 0.0030 0 0 -10 0
0.6000 -0.0973 0.0029 0 0 -10 0
0.6200 -0.0961 0.0032 0 0 -10 0
0.6120 -0.0952 0.0028 0 0 -10 0
0.6120 -0.0952 0.0028 0 0 -10 0
0.6080 -0.0945 0.0029 0 0 -10 0
0.6200 -0.0948 0.0027 0 0 -10 0
0.6360 -0.0948 0.0030 0 0 -10 0
0.6240 -0.0944 0.0032 0 0 -10 0
0.6240 -0.0944 0.0032 0 0 -10 0
0.6420 -0.0932 0.0018 0 0 -10 0
0.6420 -0.0932 0.0018 0 0 -10 0
0.6360 -0.0922 0.0022 0 0 -10 0
0.6360 -0.0917 0.0023 0 0 -10 0
0.6500 -0.0916 0.0028 0 0 -10 0
0.6500 -0.0913 0.0032 0 0 -10 0
0.6360 -0.0913 0.0032 0 0 -10 0
0.6060 -0.0910 0.0015 0 0 -10 0
0.6220 -0.0907 0.0002 0 0 -10 0
0.6380 -0.0902 -0.0025 0 0 -10 0
0.6380 -0.0902 -0.0025 0 0 -10 0
0.6360 -0.0902 -0.0033 0 0 -10 0
0.6360 -0.0902 -0.0033 0 0 -10 0
0.6280 -0.0900 -0.0056 0 0 -10 0
0.6260 -0.0888 -0.0060 0 0 -10 0
0.6340 -0.0881 -0.0051 0 0 -10 0
0.6620 -0.0871 -0.0045 0 0 -10 0
0.6260 -0.0858 -0.0046 0 0 -10 0
0.6260 -0.0858 -0.0046 0 0 -10 0
0.6380 -0.0849 -0.0040 0 0 -10 0
0.6340 -0.0847 -0.0040 0 0 -10 0
0.6660 -0.0847 -0.0057 0 0 -10 0
0.6660 -0.0847 -0.0057 0 0 -10 0
0.6520 -0.0848 -0.0056 0 0 -10 0
0.6320 -0.0837 -0.0051 0 0 -10 0
0.6500 -0.0837 -0.0051 0 0 -10 0
0.6480 -0.0827 -0.0056 0 0 -10 0
0.6440 -0.0822 -0.0042 0 0 -10 0
0.6580 -0.0821 -0.0040 0 0 -10 0
0.6580 -0.0821 -0.0040 0 0 -10 0
0.6780 -0.0822 -0.0034 0 0 -10 0
0.6560 -0.0828 -0.0040 0 0 -10 0
0.6600 -0.0827 -0.0040 0 0 -10 0
0.6540 -0.0821 -0.0036 0 0 -10 0
0.6580 -0.0813 -0.0032 0 0 -10 0
0.6560 -0.0803 -0.0049 0 0 -10 0
0.6560 -0.0803 -0.0049 0 0 -10 0
0.6400 -0.0789 -0.0046 0 0 -10 0
0.6500 -0.0785 -0.0043 0 0 -10 0
0.6620 -0.0789 -0.0040 0 0 -10 0
0.6600 -0.0795 -0.0022 0 0 -10 0
0.6560 -0.0795 -0.0020 0 0 -10 0
0.6540 -0.0794 -0.0023 0 0 -10 0
0.6700 -0.0787 -0.0016 0 0 -10 0
0.6420 -0.0783 -0.0021 0 0 -10 0
0.6720 -0.0779 -0.0020 0 0 -10 0
0.6720 -0.0779 -0.0020 0 0 -10 0
0.6520 -0.0780 -0.0027 0 0 -10 0
0.6520 -0.0781 -0.0028 0 0 -10 0
0.6540 -0.0774 -0.0027 0 0 -10 0
0.6760 -0.0768 -0.0022 0 0 -10 0
0.6800 -0.0763 -0.0030 0 0 -10 0
0.6860 -0.0757 -0.0029 0 0 -10 0
0.6860 -0.0757 -0.0029 0 0 -10 0
0.6920 -0.0749 -0.0012 0 0 -10 0
0.6920 -0.0744 -0.0010 0 0 -10 0
0.6920 -0.0744 0.0007 0 0 -10 0
0.6940 -0.0745 0.0015 0 0 -10 0
0.6960 -0.0743 0.0023 0 0 -10 0
0.6960 -0.0739 -0.0016 0 0 -10 0
0.6920 -0.0739 -0.0016 0 0 -10 0
0.6700 -0.0734 -0.0017 0 0 -10 0
0.7000 -0.0716 -0.0041 0 0 -10 0
0.6980 -0.0713 -0.0021 0 0 -10 0
0.6980 -0.0708 -0.0021 0 0 -10 0
0.6980 -0.0708 -0.0021 0 0 -10 0
0.6940 -0.0702 0.0009 0 0 -10 0
0.7100 -0.0697 0.0011 0 0 -10 0
0.7020 -0.0690 0.0015 0 0 -10 0
0.7060 -0.0681 0.0047 0 0 -10 0
0.7060 -0.0681 0.0047 0 0 -10 0
0.7180 -0.0674 0.0060 0 0 -10 0
0.7040 -0.0670 0.0064 0 0 -10 0
0.6860 -0.0667 0.0068 0 0 -10 0
0.7020 -0.0663 0.0063 0 0 -10 0
0.6980 -0.0656 0.0058 0 0 -10 0
0.7240 -0.0651 0.0024 0 0 -10 0
0.7080 -0.0651 0.0029 0 0 -10 0
0.7080 -0.0651 0.0029 0 0 -10 0
0.7180 -0.0651 0.0021 0 0 -10 0
0.7120 -0.0645 0.0060 0 0 -10 0
0.7020 -0.0642 0.0029 0 0 -10 0
0.6980 -0.0638 0.0030 0 0 -10 0
0.7080 -0.0632 0.0044 0 0 -10 0
0.7100 -0.0627 0.0045 0 0 -10 0
0.7040 -0.0620 0.0049 0 0 -10 0
0.7040 -0.0620 0.0049 0 0 -10 0
0.7240 -0.0616 0.0018 0 0 -10 0
0.7100 -0.0616 0.0018 0 0 -10 0
0.7260 -0.0605 0.0000 0 0 -10 0
0.7260 -0.0595 0.0037 0 0 -10 0
0.7220 -0.0595 0.0037 0 0 -10 0
0.7000 -0.0589 0.0036 0 0 -10 0
0.7060 -0.0589 0.0017 0 0 -10 0
0.7160 -0.0591 0.0007 0 0 -10 0
0.7160 -0.0591 0.0007 0 0 -10 0
0.7120 -0.0598 0.0017 0 0 -10 0
0.7140 -0.0594 0.0010 0 0 -10 0
0.7140 -0.0594 0.0010 0 0 -10 0
0.6980 -0.0585 -0.0005 0 0 -10 0
0.6960 -0.0580 -0.0006 0 0 -10 0
0.7360 -0.0575 -0.0002 0 0 -10 0
0.7360 -0.0575 -0.0002 0 0 -10 0
0.7120 -0.0574 -0.0014 0 0 -10 0
0.7240 -0.0571 -0.0006 0 0 -10 0
0.7260 -0.0570 -0.0007 0 0 -10 0
0.7220 -0.0565 -0.0032 0 0 -10 0
0.7080 -0.0561 -0.0025 0 0 -10 0
0.7180 -0.0560 0.0002 0 0 -10 0
0.7180 -0.0560 0.0002 0 0 -10 0
0.7220 -0.0554 0.0008 0 0 -10 0
0.7000 -0.0544 -0.0038 0 0 -10 0
0.7020 -0.0542 -0.0026 0 0 -10 0
0.7300 -0.0540 -0.0016 0 0 -10 0
0.7340 -0.0536 -0.0014 0 0 -10 0
0.7340 -0.0536 -0.0014 0 0 -10 0
0.7260 -0.0529 -0.0014 0 0 -10 0
0.7320 -0.0526 -0.0002 0 0 -10 0
0.7180 -0.0528 0.0006 0 0 -10 0
0.7180 -0.0528 0.0006 0 0 -10 0
0.7220 -0.0509 0.0005 0 0 -10 0
0.7220 -0.0509 0.0005 0 0 -10 0
0.7120 -0.0502 0.0004 0 0 -10 0
0.7220 -0.0494 0.0005 0 0 -10 0
0.7040 -0.0495 0.0007 0 0 -10 0
0.7200 -0.0496 0.0010 0 0 -10 0
0.7480 -0.0491 0.0011 0 0 -10 0
0.7100 -0.0485 0.0007 0 0 -10 0
0.7260 -0.0482 0.0007 0 0 -10 0
0.7120 -0.0477 -0.0003 0 0 -10 0
0.6940 -0.0474 -0.0003 0 0 -10 0
0.7220 -0.0468 0.0004 0 0 -10 0
0.7220 -0.0468 0.0004 0 0 -10 0
0.7000 -0.0460 -0.0005 0 0 -10 0
0.7000 -0.0460 -0.0005 0 0 -10 0
0.7100 -0.0457 0.0004 0 0 -10 0
0.7360 -0.0457 0.0022 0 0 -10 0
0.7360 -0.0457 0.0022 0 0 -10 0
0.7080 -0.0455 0.0022 0 0 -10 0
0.7380 -0.0453 0.0016 0 0 -10 0
0.7440 -0.0450 0.0005 0 0 -10 0
0.7400 -0.0445 0.0025 0 0 -10 0
0.7400 -0.0445 0.0025 0 0 -10 0
0.7300 -0.0430 0.0031 0 0 -10 0
0.7300 -0.0430 0.0031 0 0 -10 0
0.7360 -0.0421 0.0057 0 0 -10 0
0.7280 -0.0420 0.0050 0 0 -10 0
0.7280 -0.0420 0.0050 0 0 -10 0
0.7300 -0.0417 0.0065 0 0 -10 0
0.7520 -0.0416 0.0060 0 0 -10 0
0.7480 -0.0413 0.0057 0 0 -10 0
0.7300 -0.0408 0.0099 0 0 -10 0
0.7300 -0.0406 0.0093 0 0 -10 0
0.7440 -0.0406 0.0106 0 0 -10 0
0.7440 -0.0406 0.0106 0 0 -10 0
0.7620 -0.0410 0.0102 0 0 -10 0
0.7720 -0.0410 0.0048 0 0 -10 0
0.7440 -0.0407 0.0044 0 0 -10 0
0.7440 -0.0404 0.0058 0 0 -10 0
0.7480 -0.0404 0.0058 0 0 -10 0
0.7680 -0.0401 0.0058 0 0 -10 0
0.7520 -0.0397 0.0049 0 0 -10 0
0.7460 -0.0395 0.0062 0 0 -10 0
0.7320 -0.0392 0.0060 0 0 -10 0
0.7420 -0.0384 0.0058 0 0 -10 0
0.7420 -0.0384 0.0058 0 0 -10 0
0.7420 -0.0369 0.0043 0 0 -10 0
0.7440 -0.0367 0.0042 0 0 -10 0
0.7660 -0.0364 0.0039 0 0 -10 0
0.7660 -0.0367 0.0009 0 0 -10 0
0.7640 -0.0365 0.0010 0 0 -10 0
0.7640 -0.0365 0.0010 0 0 -10 0
0.7700 -0.0363 0.0010 0 0 -10 0
0.7680 -0.0360 0.0014 0 0 -10 0
0.7580 -0.0353 0.0003 0 0 -10 0
0.7480 -0.0347 0.0005 0 0 -10 0
0.7300 -0.0342 -0.0036 0 0 -10 0
0.7300 -0.0342 -0.0036 0 0 -10 0
0.7440 -0.0333 -0.0029 0 0 -10 0
0.7440 -0.0333 -0.0029 0 0 -10 0
0.7500 -0.0332 -0.0024 0 0 -10 0
0.7540 -0.0324 -0.0001 0 0 -10 0
0.7540 -0.0324 -0.0001 0 0 -10 0
0.7400 -0.0317 0.0010 0 0 -10 0
0.7400 -0.0315 0.0023 0 0 -10 0
0.7500 -0.0311 0.0029 0 0 -10 0
0.7460 -0.0303 0.0053 0 0 -10 0
0.7440 -0.0288 0.0067 0 0 -10 0
0.7560 -0.0282 0.0083 0 0 -10 0
0.7560 -0.0282 0.0083 0 0 -10 0
0.7540 -0.0277 0.0080 0 0 -10 0
0.7620 -0.0281 0.0082 0 0 -10 0
0.7380 -0.0284 0.0083 0 0 -10 0
0.7600 -0.0281 0.0098 0 0 -10 0
0.7600 -0.0281 0.0098 0 0 -10 0
0.7400 -0.0256 0.0091 0 0 -10 0
0.7400 -0.0256 0.0091 0 0 -10 0
0.7600 -0.0244 0.0103 0 0 -10 0
0.7400 -0.0238 0.0105 0 0 -10 0
0.7420 -0.0233 0.0078 0 0 -10 0
0.7420 -0.0233 0.0078 0 0 -10 0
0.7500 -0.0233 0.0104 0 0 -10 0
0.7540 -0.0233 0.0121 0 0 -10 0
0.7500 -0.0232 0.0118 0 0 -10 0
0.7480 -0.0229 0.0105 0 0 -10 0
0.7560 -0.0220 0.0108 0 0 -10 0
0.7460 -0.0207 0.0108 0 0 -10 0
0.7460 -0.0207 0.0108 0 0 -10 0
0.7420 -0.0197 0.0098 0 0 -10 0
0.7620 -0.0196 0.0081 0 0 -10 0
0.7400 -0.0196 0.0063 0 0 -10 0
0.7660 -0.0198 0.0066 0 0 -10 0
0.7600 -0.0200 0.0063 0 0 -10 0
0.7640 -0.0200 0.0041 0 0 -10 0
0.7640 -0.0200 0.0041 0 0 -10 0
0.7660 -0.0201 0.0005 0 0 -10 0
0.7720 -0.0192 0.0029 0 0 -10 0
0.7680 -0.0183 0.0025 0 0 -10 0
0.7780 -0.0176 0.0031 0 0 -10 0
0.7580 -0.0174 0.0066 0 0 -10 0
0.7580 -0.0174 0.0066 0 0 -10 0
0.7620 -0.0169 0.0059 0 0 -10 0
0.7720 -0.0168 0.0049 0 0 -10 0
0.7960 -0.0164 0.0053 0 0 -10 0
0.7980 -0.0156 0.0046 0 0 -10 0
0.7980 -0.0156 0.0046 0 0 -10 0
0.7840 -0.0149 0.0038 0 0 0 0
0.7800 -0.0111 0.0015 0 0 -10 0
0.7820 -0.0102 0.0006 0 0 0 0
0.7800 -0.0099 -0.0011 0 0 -10 0
0.7880 -0.0085 0.0005 0 0 -10 0
0.7880 -0.0085 0.0005 0 0 -10 0
0.7800 -0.0081 0.0016 0 0 0 0
0.7620 -0.0078 0.0027 0 0 -10 0
0.7680 -0.0069 0.0038 0 0 -10 0
0.7620 -0.0065 0.0034 0 0 0 0
0.7760 -0.0065 0.0025 0 0 -10 0
0.8080 -0.0061 0.0012 0 0 -10 0
0.7980 -0.0060 0.0038 0 0 0 0
0.7860 -0.0065 0.0019 0 0 -10 0
0.8000 -0.0067 0.0017 0 0 -10 0
0.7980 -0.0065 0.0003 0 0 0 0
0.8000 -0.0073 0.0018 0 0 -10 0
0.7880 -0.0063 0.0108 0 0 -10 0
0.7880 -0.0063 0.0108 0 0 0 0
0.7660 -0.0054 0.0009 0 0 0 -10
