0.5220 2.2371 0.3245 0 0 0 -10
0.5360 2.2356 0.3206 0 0 0 -10
0.5400 2.2357 0.3181 0 0 0 -10
0.5360 2.2358 0.3178 0 0 0 -10
0.5480 2.2361 0.3184 0 0 0 -10
0.5500 2.2361 0.3184 0 0 0 -10
0.5500 2.2361 0.3184 0 0 0 -10
0.5500 2.2361 0.3203 0 0 0 -10
0.5460 2.2358 0.3236 0 0 0 -10
0.5300 2.2357 0.3224 0 0 0 -10
0.5300 2.2357 0.3224 0 0 0 -10
0.5380 2.2354 0.3215 0 0 0 -10
0.5560 2.2363 0.3195 0 0 0 -10
0.5500 2.2365 0.3190 0 0 0 -10
0.5560 2.2370 0.3161 0 0 0 -10
0.5540 2.2367 0.3136 0 0 0 -10
0.5640 2.2371 0.3101 0 0 0 -10
0.5420 2.2368 0.3083 0 0 0 -10
0.5500 2.2371 0.3072 0 0 0 -10
0.5500 2.2371 0.3072 0 0 0 -10
0.5480 2.2374 0.3077 0 0 0 -10
0.5360 2.2372 0.3085 0 0 0 -10
0.5540 2.2365 0.3065 0 0 0 -10
0.5580 2.2363 0.3037 0 0 0 -10
0.5720 2.2361 0.2967 0 0 0 -10
0.5460 2.2360 0.2936 0 0 0 -10
0.5480 2.2357 0.2941 0 0 0 -10
0.5480 2.2357 0.2941 0 0 0 -10
0.5720 2.2351 0.2905 0 0 0 -10
0.5700 2.2343 0.2880 0 0 0 -10
0.5680 2.2336 0.2824 0 0 0 -10
0.5500 2.2333 0.2796 0 0 0 -10
0.5580 2.2338 0.2794 0 0 0 -10
0.5600 2.2347 0.2737 0 0 0 -10
0.5600 2.2347 0.2737 0 0 0 -10
0.5460 2.2358 0.2728 0 0 0 -10
0.5760 2.2356 0.2709 0 0 0 -10
0.5360 2.2353 0.2704 0 0 0 -10
0.5620 2.2350 0.2707 0 0 0 -10
0.5620 2.2349 0.2685 0 0 0 -10
0.5780 2.2349 0.2685 0 0 0 -10
0.5820 2.2351 0.2684 0 0 0 -10
0.5600 2.2351 0.2669 0 0 0 -10
0.5580 2.2347 0.2641 0 0 0 -10
0.5520 2.2351 0.2620 0 0 0 -10
0.5520 2.2351 0.2620 0 0 0 -10
0.5500 2.2356 0.2597 0 0 0 -10
0.5680 2.2369 0.2560 0 0 0 -10
0.5680 2.2369 0.2560 0 0 0 -10
0.5720 2.2372 0.2540 0 0 0 -10
0.5840 2.2361 0.2531 0 0 0 -10
0.5840 2.2361 0.2531 0 0 0 -10
0.5880 2.2356 0.2521 0 0 0 -10
0.5740 2.2354 0.2474 0 0 0 -10
0.5800 2.2352 0.2466 0 0 0 -10
0.5680 2.2363 0.2437 0 0 0 -10
0.5660 2.2369 0.2418 0 0 0 -10
0.5660 2.2369 0.2418 0 0 0 -10
0.5840 2.2374 0.2412 0 0 0 -10
0.5740 2.2373 0.2391 0 0 0 -10
0.5740 2.2365 0.2395 0 0 0 -10
0.5740 2.2358 0.2379 0 0 0 -10
0.5680 2.2354 0.2388 0 0 0 -10
0.5680 2.2352 0.2361 0 0 0 -10
0.5680 2.2352 0.2361 0 0 0 -10
0.5760 2.2349 0.2294 0 0 0 -10
0.5780 2.2349 0.2265 0 0 0 -10
0.5920 2.2347 0.2255 0 0 0 -10
0.5920 2.2347 0.2255 0 0 0 -10
0.5620 2.2349 0.2218 0 0 0 -10
0.5660 2.2348 0.2177 0 0 0 -10
0.5540 2.2348 0.2154 0 0 0 -10
0.5540 2.2348 0.2154 0 0 0 -10
0.5680 2.2354 0.2124 0 0 0 -10
0.5700 2.2355 0.2110 0 0 0 -10
0.5700 2.2355 0.2110 0 0 0 -10
0.5840 2.2362 0.2063 0 0 0 -10
0.5920 2.2359 0.2031 0 0 0 -10
0.5820 2.2356 0.2009 0 0 0 -10
0.5620 2.2354 0.2000 0 0 0 -10
0.5700 2.2355 0.1985 0 0 0 -10
0.5700 2.2354 0.1967 0 0 0 -10
0.5860 2.2354 0.1967 0 0 0 -10
0.5680 2.2359 0.1950 0 0 0 -10
0.6020 2.2363 0.1928 0 0 0 -10
0.5900 2.2363 0.1947 0 0 0 -10
0.5900 2.2363 0.1947 0 0 0 -10
0.5740 2.2363 0.1962 0 0 0 -10
0.5660 2.2358 0.1937 0 0 0 -10
0.5880 2.2354 0.1967 0 0 0 -10
0.5980 2.2348 0.1935 0 0 0 -10
0.5720 2.2348 0.1957 0 0 0 -10
0.5860 2.2351 0.1929 0 0 0 -10
0.5860 2.2351 0.1929 0 0 0 -10
0.5940 2.2358 0.1912 0 0 0 -10
0.5880 2.2363 0.1879 0 0 0 -10
0.6060 2.2361 0.1864 0 0 0 -10
0.5940 2.2353 0.1854 0 0 0 -10
0.5940 2.2353 0.1854 0 0 0 -10
0.6100 2.2353 0.1839 0 0 0 -10
0.5880 2.2358 0.1815 0 0 0 -10
0.6060 2.2366 0.1828 0 0 0 -10
0.6000 2.2367 0.1805 0 0 0 -10
0.6000 2.2367 0.1805 0 0 0 -10
0.5900 2.2360 0.1820 0 0 0 -10
0.5900 2.2360 0.1820 0 0 0 -10
0.6120 2.2356 0.1826 0 0 0 -10
0.6000 2.2350 0.1803 0 0 0 -10
0.5940 2.2350 0.1778 0 0 0 -10
0.6120 2.2354 0.1757 0 0 0 -10
0.6120 2.2354 0.1757 0 0 0 -10
0.6180 2.2369 0.1718 0 0 0 -10
0.6180 2.2369 0.1718 0 0 0 -10
0.6020 2.2365 0.1680 0 0 0 -10
0.6140 2.2363 0.1659 0 0 0 -10
0.6160 2.2358 0.1668 0 0 0 -10
0.6180 2.2352 0.1640 0 0 0 -10
0.6180 2.2352 0.1640 0 0 0 -10
0.6400 2.2343 0.1617 0 0 0 -10
0.6060 2.2341 0.1533 0 0 0 -10
0.6200 2.2345 0.1501 0 0 0 -10
0.6120 2.2347 0.1415 0 0 0 -10
0.6120 2.2347 0.1415 0 0 0 -10
0.6260 2.2342 0.1404 0 0 0 -10
0.6420 2.2334 0.1432 0 0 0 -10
0.6500 2.2335 0.1422 0 0 0 -10
0.6460 2.2341 0.1413 0 0 0 -10
0.6400 2.2352 0.1387 0 0 0 -10
0.6400 2.2352 0.1387 0 0 0 -10
0.6300 2.2361 0.1383 0 0 0 -10
0.6300 2.2361 0.1383 0 0 0 -10
0.6320 2.2348 0.1398 0 0 0 -10
0.6500 2.2346 0.1431 0 0 0 -10
0.6560 2.2351 0.1384 0 0 0 -10
0.6560 2.2351 0.1384 0 0 0 -10
0.6380 2.2360 0.1360 0 0 0 -10
0.6520 2.2368 0.1344 0 0 0 -10
0.6440 2.2366 0.1331 0 0 0 -10
0.6460 2.2366 0.1290 0 0 0 -10
0.6460 2.2366 0.1290 0 0 0 -10
0.6600 2.2368 0.1222 0 0 0 -10
0.6600 2.2368 0.1222 0 0 0 -10
0.6620 2.2371 0.1227 0 0 0 -10
0.6540 2.2383 0.1227 0 0 0 -10
0.6480 2.2390 0.1239 0 0 0 -10
0.6480 2.2390 0.1239 0 0 0 -10
0.6480 2.2382 0.1196 0 0 0 -10
0.6480 2.2382 0.1196 0 0 0 -10
0.6640 2.2376 0.1150 0 0 0 -10
0.6680 2.2376 0.1153 0 0 0 -10
0.6740 2.2378 0.1127 0 0 0 -10
0.6740 2.2378 0.1127 0 0 0 -10
0.6600 2.2382 0.1100 0 0 0 -10
0.6680 2.2385 0.1069 0 0 0 -10
0.6800 2.2388 0.1051 0 0 0 -10
0.6580 2.2391 0.1012 0 0 0 -10
0.6780 2.2388 0.0966 0 0 0 -10
0.6600 2.2386 0.0941 0 0 0 -10
0.6600 2.2386 0.0941 0 0 0 -10
0.6780 2.2382 0.0871 0 0 0 -10
0.6720 2.2384 0.0838 0 0 0 -10
0.6780 2.2384 0.0860 0 0 0 -10
0.6740 2.2382 0.0836 0 0 0 -10
0.6760 2.2381 0.0868 0 0 0 -10
0.6680 2.2381 0.0851 0 0 0 -10
0.6680 2.2381 0.0851 0 0 0 -10
0.6780 2.2377 0.0812 0 0 0 -10
0.7020 2.2377 0.0775 0 0 0 -10
0.6980 2.2377 0.0750 0 0 0 -10
0.6980 2.2377 0.0750 0 0 0 -10
0.6980 2.2383 0.0672 0 0 0 -10
0.7100 2.2384 0.0638 0 0 0 -10
0.6840 2.2383 0.0616 0 0 0 -10
0.6840 2.2383 0.0616 0 0 0 -10
0.6900 2.2383 0.0591 0 0 0 -10
0.6780 2.2374 0.0540 0 0 0 -10
0.6880 2.2374 0.0540 0 0 0 -10
0.6980 2.2369 0.0517 0 0 0 -10
0.6940 2.2367 0.0454 0 0 0 -10
0.6780 2.2372 0.0418 0 0 0 -10
0.6780 2.2372 0.0418 0 0 0 0
0.6980 2.2364 0.0275 0 0 0 -10
0.7000 2.2358 0.0235 0 0 0 -10
0.7140 2.2372 0.0237 0 0 0 -10
0.7120 2.2376 0.0255 0 0 0 0
0.7200 2.2365 0.0275 0 0 0 -10
0.7160 2.2365 0.0268 0 0 0 -10
0.6980 2.2369 0.0273 0 0 0 -10
0.7020 2.2375 0.0295 0 0 0 0
0.6940 2.2366 0.0264 0 0 0 -10
0.7000 2.2368 0.0237 0 0 0 -10
0.6840 2.2367 0.0231 0 0 0 0
0.7160 2.2356 0.0209 0 0 0 -10
0.6820 2.2350 0.0212 0 0 0 -10
0.7020 2.2352 0.0209 0 0 0 0
0.6980 2.2376 0.0154 0 0 0 -10
0.6940 2.2355 0.0136 0 0 0 0
0.7160 2.2364 0.0020 0 0 0 -10
0.6960 2.2359 0.0018 0 0 0 0
0.7100 2.2341 0.0050 0 0 0 0
