0.4420 -0.2432 -0.0119 0 0 -10 0
0.4260 -0.2453 -0.0123 0 0 -10 0
0.4260 -0.2453 -0.0161 0 0 -10 0
0.4140 -0.2452 -0.0156 0 0 -10 0
0.4140 -0.2452 -0.0156 0 0 -10 0
0.4140 -0.2458 -0.0173 0 0 -10 0
0.4200 -0.2467 -0.0171 0 0 -10 0
0.4100 -0.2475 -0.0194 0 0 -10 0
0.4200 -0.2479 -0.0190 0 0 -10 0
0.4200 -0.2477 -0.0186 0 0 -10 0
0.4080 -0.2470 -0.0186 0 0 -10 0
0.4100 -0.2465 -0.0188 0 0 -10 0
0.4100 -0.2465 -0.0188 0 0 -10 0
0.4320 -0.2464 -0.0159 0 0 -10 0
0.4320 -0.2465 -0.0171 0 0 -10 0
0.4380 -0.2463 -0.0160 0 0 -10 0
0.4200 -0.2458 -0.0155 0 0 -10 0
0.4200 -0.2458 -0.0155 0 0 -10 0
0.4220 -0.2453 -0.0152 0 0 -10 0
0.4360 -0.2453 -0.0161 0 0 -10 0
0.4360 -0.2447 -0.0153 0 0 -10 0
0.4360 -0.2447 -0.0153 0 0 -10 0
0.4240 -0.2440 -0.0142 0 0 -10 0
0.4160 -0.2427 -0.0164 0 0 -10 0
0.4280 -0.2427 -0.0164 0 0 -10 0
0.4160 -0.2421 -0.0179 0 0 -10 0
0.4340 -0.2420 -0.0172 0 0 -10 0
0.4200 -0.2417 -0.0186 0 0 -10 0
0.4460 -0.2413 -0.0202 0 0 -10 0
0.4460 -0.2413 -0.0202 0 0 -10 0
0.4340 -0.2405 -0.0206 0 0 -10 0
0.4480 -0.2405 -0.0199 0 0 -10 0
0.4380 -0.2403 -0.0218 0 0 -10 0
0.4380 -0.2402 -0.0218 0 0 -10 0
0.4540 -0.2401 -0.0217 0 0 -10 0
0.4540 -0.2401 -0.0217 0 0 -10 0
0.4320 -0.2393 -0.0225 0 0 -10 0
0.4360 -0.2387 -0.0239 0 0 -10 0
0.4240 -0.2383 -0.0240 0 0 -10 0
0.4280 -0.2381 -0.0231 0 0 -10 0
0.4320 -0.2386 -0.0215 0 0 -10 0
0.4320 -0.2386 -0.0215 0 0 -10 0
0.4260 -0.2384 -0.0203 0 0 -10 0
0.4220 -0.2381 -0.0192 0 0 -10 0
0.4220 -0.2377 -0.0186 0 0 -10 0
0.4280 -0.2371 -0.0206 0 0 -10 0
0.4280 -0.2371 -0.0206 0 0 -10 0
0.4280 -0.2359 -0.0219 0 0 -10 0
0.4280 -0.2359 -0.0219 0 0 -10 0
0.4200 -0.2354 -0.0234 0 0 -10 0
0.4120 -0.2352 -0.0220 0 0 -10 0
0.4280 -0.2350 -0.0235 0 0 -10 0
0.4280 -0.2350 -0.0235 0 0 -10 0
0.4260 -0.2344 -0.0252 0 0 -10 0
0.4420 -0.2336 -0.0262 0 0 -10 0
0.4420 -0.2336 -0.0262 0 0 -10 0
0.4200 -0.2330 -0.0231 0 0 -10 0
0.4260 -0.2327 -0.0245 0 0 -10 0
0.4180 -0.2327 -0.0250 0 0 -10 0
0.4180 -0.2324 -0.0251 0 0 -10 0
0.4280 -0.2308 -0.0273 0 0 -10 0
0.4280 -0.2308 -0.0273 0 0 -10 0
0.4140 -0.2302 -0.0263 0 0 -10 0
0.4180 -0.2296 -0.0253 0 0 -10 0
0.4180 -0.2296 -0.0253 0 0 -10 0
0.4140 -0.2297 -0.0263 0 0 -10 0
0.4300 -0.2298 -0.0253 0 0 -10 0
0.4260 -0.2293 -0.0244 0 0 -10 0
0.4160 -0.2286 -0.0237 0 0 -10 0
0.4160 -0.2286 -0.0237 0 0 -10 0
0.4160 -0.2276 -0.0238 0 0 -10 0
0.4220 -0.2270 -0.0227 0 0 -10 0
0.4280 -0.2268 -0.0224 0 0 -10 0
0.4320 -0.2267 -0.0218 0 0 -10 0
0.4140 -0.2268 -0.0220 0 0 -10 0
0.4140 -0.2268 -0.0220 0 0 -10 0
0.4180 -0.2268 -0.0216 0 0 -10 0
0.4320 -0.2262 -0.0210 0 0 -10 0
0.4160 -0.2253 -0.0197 0 0 -10 0
0.4260 -0.2250 -0.0206 0 0 -10 0
0.4220 -0.2245 -0.0199 0 0 -10 0
0.4360 -0.2240 -0.0205 0 0 -10 0
0.4360 -0.2240 -0.0205 0 0 -10 0
0.4300 -0.2237 -0.0215 0 0 -10 0
0.4360 -0.2231 -0.0220 0 0 -10 0
0.4120 -0.2225 -0.0199 0 0 -10 0
0.4160 -0.2216 -0.0202 0 0 -10 0
0.4160 -0.2213 -0.0202 0 0 -10 0
0.4220 -0.2205 -0.0211 0 0 -10 0
0.4220 -0.2205 -0.0211 0 0 -10 0
0.4100 -0.2204 -0.0198 0 0 -10 0
0.4100 -0.2205 -0.0203 0 0 -10 0
0.4120 -0.2200 -0.0219 0 0 -10 0
0.4400 -0.2197 -0.0224 0 0 -10 0
0.4400 -0.2197 -0.0224 0 0 -10 0
0.4220 -0.2189 -0.0210 0 0 -10 0
0.4380 -0.2182 -0.0231 0 0 -10 0
0.4440 -0.2179 -0.0228 0 0 -10 0
0.4440 -0.2180 -0.0245 0 0 -10 0
0.4400 -0.2175 -0.0238 0 0 -10 0
0.4400 -0.2175 -0.0238 0 0 -10 0
0.4260 -0.2172 -0.0233 0 0 -10 0
0.4240 -0.2166 -0.0230 0 0 -10 0
0.4500 -0.2159 -0.0235 0 0 -10 0
0.4520 -0.2153 -0.0229 0 0 -10 0
0.4520 -0.2149 -0.0198 0 0 -10 0
0.4480 -0.2149 -0.0198 0 0 -10 0
0.4500 -0.2144 -0.0194 0 0 -10 0
0.4540 -0.2142 -0.0185 0 0 -10 0
0.4580 -0.2138 -0.0172 0 0 -10 0
0.4660 -0.2133 -0.0173 0 0 -10 0
0.4660 -0.2133 -0.0173 0 0 -10 0
0.4760 -0.2128 -0.0164 0 0 -10 0
0.4680 -0.2123 -0.0163 0 0 -10 0
0.4800 -0.2117 -0.0191 0 0 -10 0
0.4660 -0.2117 -0.0192 0 0 -10 0
0.4660 -0.2117 -0.0192 0 0 -10 0
0.4500 -0.2102 -0.0178 0 0 -10 0
0.4440 -0.2097 -0.0155 0 0 -10 0
0.4600 -0.2095 -0.0155 0 0 -10 0
0.4480 -0.2095 -0.0154 0 0 0 0
0.4460 -0.2089 -0.0217 0 0 0 10
0.4440 -0.2088 -0.0173 0 0 0 10
0.4500 -0.2084 -0.0176 0 0 0 10
0.4500 -0.2084 -0.0176 0 0 0 0
0.4380 -0.2075 -0.0170 0 0 0 10
0.4400 -0.2078 -0.0134 0 0 0 10
0.4300 -0.2070 -0.0123 0 0 0 0
0.4500 -0.2058 -0.0048 0 0 0 10
0.4460 -0.2045 -0.0020 0 0 0 0
0.4680 -0.2044 0.0006 0 0 -10 0
0.4640 -0.2041 0.0000 0 0 -10 0
0.4520 -0.2044 0.0016 0 0 -10 0
0.4500 -0.2049 -0.0009 0 0 -10 0
0.4500 -0.2047 0.0001 0 0 -10 0
0.4380 -0.2047 -0.0003 0 0 -10 0
0.4380 -0.2047 -0.0003 0 0 -10 0
0.4360 -0.2042 -0.0002 0 0 -10 0
0.4400 -0.2043 -0.0009 0 0 -10 0
0.4440 -0.2043 0.0002 0 0 -10 0
0.4520 -0.2039 -0.0004 0 0 -10 0
0.4400 -0.2037 0.0001 0 0 -10 0
0.4380 -0.2037 -0.0007 0 0 -10 0
0.4460 -0.2035 0.0000 0 0 -10 0
0.4520 -0.2035 0.0002 0 0 -10 0
0.4620 -0.2035 0.0005 0 0 -10 0
0.4520 -0.2042 0.0009 0 0 -10 0
0.4580 -0.2047 0.0009 0 0 -10 0
0.4580 -0.2047 0.0009 0 0 -10 0
0.4720 -0.2039 0.0018 0 0 -10 0
0.4640 -0.2029 0.0034 0 0 -10 0
0.4400 -0.2023 0.0038 0 0 -10 0
0.4460 -0.2023 -0.0010 0 0 -10 0
0.4460 -0.2023 -0.0010 0 0 -10 0
0.4520 -0.2027 0.0014 0 0 -10 0
0.4520 -0.2027 0.0014 0 0 -10 0
0.4440 -0.2030 0.0012 0 0 -10 0
0.4440 -0.2021 -0.0021 0 0 -10 0
0.4480 -0.2015 -0.0020 0 0 -10 0
0.4600 -0.2006 -0.0015 0 0 -10 0
0.4600 -0.2006 -0.0015 0 0 -10 0
0.4660 -0.2000 -0.0020 0 0 -10 0
0.4660 -0.2000 -0.0020 0 0 -10 0
0.4580 -0.1998 -0.0018 0 0 -10 0
0.4500 -0.1998 -0.0001 0 0 -10 0
0.4360 -0.1997 -0.0001 0 0 -10 0
0.4520 -0.1997 0.0004 0 0 -10 0
0.4520 -0.1997 0.0004 0 0 -10 0
0.4600 -0.1989 0.0017 0 0 -10 0
0.4600 -0.1989 0.0017 0 0 -10 0
0.4740 -0.1982 0.0009 0 0 -10 0
0.4620 -0.1982 0.0006 0 0 -10 0
0.4660 -0.1976 0.0012 0 0 -10 0
0.4660 -0.1976 0.0012 0 0 -10 0
0.4540 -0.1961 0.0013 0 0 -10 0
0.4680 -0.1951 0.0010 0 0 -10 0
0.4660 -0.1948 0.0025 0 0 -10 0
0.4660 -0.1948 0.0025 0 0 -10 0
0.4520 -0.1945 0.0025 0 0 -10 0
0.4520 -0.1945 0.0025 0 0 -10 0
0.4440 -0.1937 0.0033 0 0 -10 0
0.4400 -0.1928 0.0033 0 0 -10 0
0.4580 -0.1923 0.0015 0 0 -10 0
0.4540 -0.1916 0.0019 0 0 -10 0
0.4500 -0.1911 0.0042 0 0 -10 0
0.4600 -0.1908 0.0048 0 0 -10 0
0.4600 -0.1908 0.0048 0 0 -10 0
0.4620 -0.1907 0.0007 0 0 -10 0
0.4440 -0.1903 0.0012 0 0 -10 0
0.4620 -0.1897 0.0006 0 0 -10 0
0.4620 -0.1893 0.0009 0 0 -10 0
0.4620 -0.1893 0.0009 0 0 -10 0
0.4620 -0.1887 -0.0034 0 0 -10 0
0.4600 -0.1885 -0.0033 0 0 -10 0
0.4620 -0.1882 -0.0030 0 0 -10 0
0.4740 -0.1876 -0.0067 0 0 -10 0
0.4580 -0.1868 -0.0062 0 0 -10 0
0.4580 -0.1861 -0.0054 0 0 -10 0
0.4660 -0.1861 -0.0054 0 0 -10 0
0.4760 -0.1854 -0.0042 0 0 -10 0
0.4400 -0.1852 -0.0043 0 0 -10 0
0.4700 -0.1852 -0.0042 0 0 -10 0
0.4840 -0.1846 -0.0048 0 0 -10 0
0.4800 -0.1842 -0.0064 0 0 -10 0
0.4800 -0.1842 -0.0064 0 0 -10 0
0.4640 -0.1843 -0.0049 0 0 -10 0
0.4640 -0.1843 -0.0049 0 0 -10 0
0.4560 -0.1843 -0.0051 0 0 -10 0
0.4700 -0.1840 -0.0062 0 0 -10 0
0.4840 -0.1832 -0.0061 0 0 -10 0
0.4800 -0.1826 -0.0062 0 0 -10 0
0.4800 -0.1821 -0.0065 0 0 -10 0
0.4860 -0.1812 -0.0055 0 0 -10 0
0.4860 -0.1812 -0.0055 0 0 -10 0
0.5100 -0.1807 -0.0053 0 0 -10 0
0.4880 -0.1809 -0.0079 0 0 -10 0
0.4760 -0.1812 -0.0077 0 0 -10 0
0.4780 -0.1802 -0.0026 0 0 -10 0
0.4880 -0.1802 -0.0026 0 0 -10 0
0.4780 -0.1797 -0.0040 0 0 -10 0
0.4800 -0.1790 -0.0037 0 0 -10 0
0.4780 -0.1784 -0.0056 0 0 -10 0
0.4580 -0.1782 -0.0055 0 0 -10 0
0.4580 -0.1782 -0.0055 0 0 -10 0
0.4520 -0.1789 -0.0072 0 0 -10 0
0.4680 -0.1787 -0.0072 0 0 -10 0
0.4620 -0.1784 -0.0084 0 0 -10 0
0.4700 -0.1780 -0.0081 0 0 -10 0
0.4660 -0.1774 -0.0104 0 0 -10 0
0.4600 -0.1767 -0.0084 0 0 -10 0
0.4600 -0.1767 -0.0084 0 0 -10 0
0.4880 -0.1757 -0.0112 0 0 -10 0
0.4700 -0.1759 -0.0108 0 0 -10 0
0.4880 -0.1764 -0.0137 0 0 -10 0
0.4900 -0.1765 -0.0149 0 0 -10 0
0.5020 -0.1762 -0.0160 0 0 -10 0
0.5020 -0.1762 -0.0160 0 0 -10 0
0.4780 -0.1749 -0.0166 0 0 -10 0
0.4780 -0.1749 -0.0166 0 0 -10 0
0.4780 -0.1742 -0.0172 0 0 -10 0
0.4740 -0.1735 -0.0159 0 0 -10 0
0.4900 -0.1733 -0.0148 0 0 -10 0
0.4740 -0.1729 -0.0141 0 0 -10 0
0.4740 -0.1729 -0.0141 0 0 -10 0
0.4800 -0.1714 -0.0109 0 0 -10 0
0.4540 -0.1713 -0.0077 0 0 -10 0
0.4540 -0.1712 -0.0063 0 0 -10 0
0.4420 -0.1712 -0.0074 0 0 -10 0
0.4660 -0.1712 -0.0075 0 0 -10 0
0.4660 -0.1712 -0.0075 0 0 -10 0
0.4600 -0.1705 -0.0087 0 0 -10 0
0.4680 -0.1700 -0.0084 0 0 -10 0
0.4640 -0.1691 -0.0094 0 0 -10 0
0.4660 -0.1681 -0.0084 0 0 -10 0
0.4600 -0.1675 -0.0084 0 0 -10 0
0.4660 -0.1671 -0.0077 0 0 -10 0
0.4600 -0.1654 -0.0063 0 0 -10 0
0.4600 -0.1654 -0.0063 0 0 -10 0
0.4780 -0.1648 -0.0069 0 0 -10 0
0.4780 -0.1645 -0.0063 0 0 -10 0
0.4580 -0.1644 -0.0071 0 0 -10 0
0.4780 -0.1641 -0.0050 0 0 -10 0
0.4800 -0.1640 -0.0047 0 0 -10 0
0.4860 -0.1636 -0.0051 0 0 -10 0
0.4860 -0.1636 -0.0051 0 0 -10 0
0.4860 -0.1623 -0.0042 0 0 -10 0
0.4840 -0.1616 -0.0046 0 0 -10 0
0.4840 -0.1615 -0.0049 0 0 -10 0
0.4840 -0.1615 -0.0049 0 0 -10 0
0.4740 -0.1603 -0.0024 0 0 -10 0
0.4740 -0.1603 -0.0024 0 0 -10 0
0.4840 -0.1597 -0.0020 0 0 -10 0
0.4940 -0.1601 -0.0005 0 0 -10 0
0.5180 -0.1602 -0.0002 0 0 -10 0
0.5180 -0.1602 -0.0002 0 0 -10 0
0.4880 -0.1592 -0.0013 0 0 -10 0
0.5100 -0.1589 0.0022 0 0 -10 0
0.5100 -0.1589 0.0022 0 0 -10 0
0.5020 -0.1583 0.0014 0 0 -10 0
0.4980 -0.1580 0.0012 0 0 -10 0
0.4980 -0.1580 0.0012 0 0 -10 0
0.5160 -0.1578 0.0022 0 0 -10 0
0.5000 -0.1571 0.0026 0 0 -10 0
0.5220 -0.1565 0.0021 0 0 -10 0
0.5280 -0.1548 0.0027 0 0 -10 0
0.5280 -0.1548 0.0027 0 0 -10 0
0.4860 -0.1543 0.0001 0 0 -10 0
0.5100 -0.1538 0.0011 0 0 -10 0
0.5160 -0.1535 0.0025 0 0 -10 0
0.5200 -0.1529 0.0032 0 0 -10 0
0.5200 -0.1529 0.0032 0 0 -10 0
0.5200 -0.1518 0.0029 0 0 -10 0
0.5200 -0.1518 0.0029 0 0 -10 0
0.5000 -0.1505 0.0044 0 0 -10 0
0.5120 -0.1505 0.0051 0 0 -10 0
0.5340 -0.1507 0.0063 0 0 -10 0
0.5340 -0.1507 0.0063 0 0 -10 0
0.5180 -0.1501 0.0064 0 0 -10 0
0.5180 -0.1501 0.0064 0 0 -10 0
0.5140 -0.1494 0.0055 0 0 -10 0
0.5200 -0.1487 0.0053 0 0 -10 0
0.5120 -0.1482 0.0051 0 0 -10 0
0.5120 -0.1482 0.0051 0 0 -10 0
0.5100 -0.1473 0.0029 0 0 -10 0
0.5340 -0.1472 0.0027 0 0 -10 0
0.5300 -0.1467 0.0038 0 0 -10 0
0.5240 -0.1463 0.0041 0 0 -10 0
0.5340 -0.1457 0.0031 0 0 -10 0
0.5140 -0.1451 0.0027 0 0 -10 0
0.5140 -0.1451 0.0027 0 0 -10 0
0.5220 -0.1442 0.0022 0 0 -10 0
0.5220 -0.1442 0.0022 0 0 -10 0
0.5280 -0.1440 0.0019 0 0 -10 0
0.5300 -0.1426 0.0037 0 0 -10 0
0.5300 -0.1426 0.0037 0 0 -10 0
0.5220 -0.1420 0.0045 0 0 -10 0
0.5100 -0.1411 0.0057 0 0 -10 0
0.5320 -0.1406 0.0059 0 0 -10 0
0.5320 -0.1406 0.0059 0 0 -10 0
0.5460 -0.1405 0.0063 0 0 -10 0
0.5080 -0.1402 0.0067 0 0 -10 0
0.5520 -0.1400 0.0069 0 0 -10 0
0.5560 -0.1392 0.0071 0 0 -10 0
0.5560 -0.1392 0.0071 0 0 -10 0
0.5300 -0.1376 0.0079 0 0 -10 0
0.5300 -0.1376 0.0079 0 0 -10 0
0.5400 -0.1373 0.0090 0 0 -10 0
0.5520 -0.1375 0.0094 0 0 -10 0
0.5280 -0.1376 0.0094 0 0 -10 0
0.5280 -0.1376 0.0094 0 0 -10 0
0.5480 -0.1369 0.0117 0 0 -10 0
0.5620 -0.1361 0.0127 0 0 -10 0
0.5440 -0.1361 0.0127 0 0 -10 0
0.5520 -0.1353 0.0132 0 0 -10 0
0.5520 -0.1353 0.0132 0 0 -10 0
0.5460 -0.1344 0.0151 0 0 -10 0
0.5460 -0.1344 0.0151 0 0 -10 0
0.5400 -0.1342 0.0135 0 0 -10 0
0.5360 -0.1346 0.0135 0 0 -10 0
0.5540 -0.1346 0.0140 0 0 -10 0
0.5360 -0.1340 0.0139 0 0 -10 0
0.5300 -0.1332 0.0141 0 0 -10 0
0.5300 -0.1332 0.0141 0 0 -10 0
0.5500 -0.1328 0.0144 0 0 -10 0
0.5340 -0.1333 0.0156 0 0 -10 0
0.5500 -0.1328 0.0139 0 0 -10 0
0.5500 -0.1328 0.0139 0 0 -10 0
0.5400 -0.1321 0.0154 0 0 -10 0
0.5380 -0.1316 0.0152 0 0 -10 0
0.5500 -0.1312 0.0139 0 0 -10 0
0.5500 -0.1305 0.0139 0 0 -10 0
0.5700 -0.1299 0.0136 0 0 -10 0
0.5700 -0.1299 0.0136 0 0 -10 0
0.5420 -0.1293 0.0136 0 0 -10 0
0.5360 -0.1288 0.0139 0 0 -10 0
0.5320 -0.1289 0.0136 0 0 -10 0
0.5320 -0.1289 0.0136 0 0 -10 0
0.5580 -0.1288 0.0136 0 0 -10 0
0.5480 -0.1282 0.0131 0 0 -10 0
0.5580 -0.1271 0.0127 0 0 -10 0
0.5460 -0.1265 0.0127 0 0 -10 0
0.5460 -0.1265 0.0127 0 0 -10 0
0.5540 -0.1261 0.0124 0 0 -10 0
0.5640 -0.1261 0.0118 0 0 -10 0
0.5620 -0.1257 0.0132 0 0 -10 0
0.5520 -0.1254 0.0132 0 0 -10 0
0.5520 -0.1251 0.0116 0 0 -10 0
0.5580 -0.1251 0.0116 0 0 -10 0
0.5580 -0.1249 0.0112 0 0 -10 0
0.5480 -0.1245 0.0119 0 0 -10 0
0.5560 -0.1239 0.0118 0 0 -10 0
0.5720 -0.1234 0.0111 0 0 -10 0
0.5500 -0.1227 0.0110 0 0 -10 0
0.5500 -0.1219 0.0129 0 0 -10 0
0.5780 -0.1219 0.0129 0 0 -10 0
0.5680 -0.1215 0.0127 0 0 -10 0
0.5500 -0.1208 0.0116 0 0 -10 0
0.5560 -0.1202 0.0127 0 0 -10 0
0.5720 -0.1201 0.0134 0 0 -10 0
0.5580 -0.1198 0.0135 0 0 -10 0
0.5520 -0.1190 0.0135 0 0 -10 0
0.5620 -0.1183 0.0146 0 0 -10 0
0.5560 -0.1174 0.0149 0 0 -10 0
0.5560 -0.1174 0.0149 0 0 -10 0
0.5640 -0.1171 0.0128 0 0 -10 0
0.5840 -0.1169 0.0126 0 0 -10 0
0.5820 -0.1165 0.0151 0 0 -10 0
0.5880 -0.1165 0.0143 0 0 -10 0
0.5880 -0.1165 0.0143 0 0 -10 0
0.5840 -0.1160 0.0121 0 0 -10 0
0.5860 -0.1156 0.0119 0 0 -10 0
0.5740 -0.1152 0.0109 0 0 -10 0
0.5780 -0.1145 0.0112 0 0 -10 0
0.5980 -0.1142 0.0103 0 0 -10 0
0.5980 -0.1142 0.0103 0 0 -10 0
0.5740 -0.1142 0.0132 0 0 -10 0
0.5980 -0.1144 0.0131 0 0 -10 0
0.5800 -0.1142 0.0120 0 0 -10 0
0.5780 -0.1139 0.0124 0 0 -10 0
0.5780 -0.1139 0.0124 0 0 -10 0
0.5700 -0.1131 0.0132 0 0 -10 0
0.6020 -0.1125 0.0134 0 0 -10 0
0.5720 -0.1119 0.0140 0 0 -10 0
0.5700 -0.1116 0.0137 0 0 -10 0
0.5700 -0.1116 0.0137 0 0 -10 0
0.5680 -0.1108 0.0141 0 0 -10 0
0.5640 -0.1103 0.0136 0 0 -10 0
0.5740 -0.1102 0.0107 0 0 -10 0
0.5940 -0.1101 0.0137 0 0 -10 0
0.5680 -0.1099 0.0136 0 0 -10 0
0.5800 -0.1094 0.0114 0 0 -10 0
0.5800 -0.1094 0.0114 0 0 -10 0
0.5820 -0.1085 0.0110 0 0 -10 0
0.5900 -0.1077 0.0112 0 0 -10 0
0.5940 -0.1076 0.0106 0 0 -10 0
0.5940 -0.1076 0.0106 0 0 -10 0
0.5780 -0.1075 0.0099 0 0 -10 0
0.5780 -0.1074 0.0096 0 0 -10 0
0.6040 -0.1070 0.0100 0 0 -10 0
0.5940 -0.1067 0.0101 0 0 -10 0
0.6120 -0.1063 0.0097 0 0 -10 0
0.5740 -0.1058 0.0095 0 0 -10 0
0.6160 -0.1057 0.0101 0 0 -10 0
0.5920 -0.1056 0.0096 0 0 -10 0
0.5920 -0.1056 0.0096 0 0 -10 0
0.6160 -0.1056 0.0083 0 0 -10 0
0.6080 -0.1054 0.0070 0 0 -10 0
0.5920 -0.1048 0.0070 0 0 -10 0
0.5800 -0.1044 0.0038 0 0 -10 0
0.5980 -0.1040 0.0042 0 0 -10 0
0.6100 -0.1037 0.0033 0 0 -10 0
0.6060 -0.1033 0.0036 0 0 -10 0
0.6060 -0.1033 0.0036 0 0 -10 0
0.6120 -0.1027 0.0027 0 0 -10 0
0.6060 -0.1023 0.0030 0 0 -10 0
0.5920 -0.1016 0.0020 0 0 -10 0
0.5920 -0.1016 0.0020 0 0 -10 0
0.6040 -0.1008 0.0023 0 0 -10 0
0.6240 -0.1006 0.0017 0 0 -10 0
0.6040 -0.1001 0.0020 0 0 -10 0
0.6260 -0.0986 0.0012 0 0 -10 0
0.6120 -0.0984 0.0009 0 0 -10 0
0.6120 -0.0984 0.0009 0 0 -10 0
0.6400 -0.0976 0.0042 0 0 -10 0
0.6400 -0.0969 0.0083 0 0 -10 0
0.6140 -0.0969 0.0083 0 0 -10 0
0.6260 -0.0959 0.0077 0 0 -10 0
0.6320 -0.0954 0.0087 0 0 -10 0
0.6160 -0.0953 0.0088 0 0 -10 0
0.6160 -0.0953 0.0088 0 0 -10 0
0.6140 -0.0956 0.0050 0 0 -10 0
0.6460 -0.0956 0.0050 0 0 -10 0
0.6220 -0.0951 0.0078 0 0 -10 0
0.6420 -0.0945 0.0078 0 0 -10 0
0.6400 -0.0938 0.0046 0 0 -10 0
0.6400 -0.0938 0.0046 0 0 -10 0
0.6200 -0.0926 0.0051 0 0 -10 0
0.6260 -0.0921 0.0054 0 0 -10 0
0.6260 -0.0920 0.0049 0 0 -10 0
0.6440 -0.0912 0.0095 0 0 -10 0
0.6440 -0.0912 0.0095 0 0 -10 0
0.6620 -0.0897 0.0093 0 0 -10 0
0.6480 -0.0899 0.0088 0 0 -10 0
0.6480 -0.0899 0.0088 0 0 -10 0
0.6480 -0.0899 0.0088 0 0 -10 0
0.6520 -0.0899 0.0096 0 0 -10 0
0.6660 -0.0902 0.0092 0 0 -10 0
0.6400 -0.0901 0.0071 0 0 -10 0
0.6320 -0.0895 0.0071 0 0 -10 0
0.6320 -0.0895 0.0071 0 0 -10 0
0.6500 -0.0886 0.0067 0 0 -10 0
0.6600 -0.0881 0.0066 0 0 -10 0
0.6500 -0.0877 0.0039 0 0 -10 0
0.6720 -0.0873 0.0042 0 0 -10 0
0.6720 -0.0873 0.0042 0 0 -10 0
0.6580 -0.0860 0.0019 0 0 -10 0
0.6580 -0.0860 0.0019 0 0 -10 0
0.6540 -0.0857 0.0023 0 0 -10 0
0.6740 -0.0857 0.0024 0 0 -10 0
0.6780 -0.0854 0.0020 0 0 -10 0
0.6780 -0.0854 0.0020 0 0 -10 0
0.6680 -0.0848 0.0027 0 0 -10 0
0.6620 -0.0841 0.0028 0 0 -10 0
0.6940 -0.0836 0.0043 0 0 -10 0
0.6940 -0.0834 0.0044 0 0 -10 0
0.6940 -0.0834 0.0044 0 0 -10 0
0.6560 -0.0827 0.0050 0 0 -10 0
0.6560 -0.0827 0.0050 0 0 -10 0
0.6700 -0.0823 0.0070 0 0 -10 0
0.6780 -0.0817 0.0059 0 0 -10 0
0.6800 -0.0814 0.0041 0 0 -10 0
0.6800 -0.0814 0.0041 0 0 -10 0
0.6660 -0.0812 0.0047 0 0 -10 0
0.6760 -0.0798 0.0047 0 0 -10 0
0.6860 -0.0789 0.0050 0 0 -10 0
0.6860 -0.0789 0.0050 0 0 -10 0
0.6760 -0.0784 0.0079 0 0 -10 0
0.6760 -0.0784 0.0079 0 0 -10 0
0.6520 -0.0787 0.0053 0 0 -10 0
0.6700 -0.0787 0.0052 0 0 -10 0
0.6760 -0.0781 0.0032 0 0 -10 0
0.6660 -0.0771 0.0041 0 0 -10 0
0.6680 -0.0765 0.0063 0 0 -10 0
0.7040 -0.0763 0.0067 0 0 -10 0
0.6900 -0.0757 0.0107 0 0 -10 0
0.6900 -0.0757 0.0107 0 0 -10 0
0.6600 -0.0754 0.0105 0 0 -10 0
0.6780 -0.0751 0.0095 0 0 -10 0
0.6940 -0.0748 0.0131 0 0 -10 0
0.6880 -0.0742 0.0137 0 0 -10 0
0.6740 -0.0736 0.0131 0 0 -10 0
0.6740 -0.0736 0.0131 0 0 -10 0
0.6840 -0.0733 0.0135 0 0 -10 0
0.6680 -0.0729 0.0113 0 0 -10 0
0.6820 -0.0729 0.0115 0 0 -10 0
0.6820 -0.0730 0.0098 0 0 -10 0
0.6680 -0.0726 0.0099 0 0 -10 0
0.6840 -0.0717 0.0110 0 0 -10 0
0.6800 -0.0709 0.0112 0 0 -10 0
0.6740 -0.0701 0.0079 0 0 -10 0
0.6800 -0.0696 0.0086 0 0 -10 0
0.6740 -0.0701 0.0082 0 0 -10 0
0.6700 -0.0702 0.0094 0 0 -10 0
0.6800 -0.0701 0.0094 0 0 -10 0
0.7140 -0.0695 0.0103 0 0 -10 0
0.7140 -0.0695 0.0103 0 0 -10 0
0.6820 -0.0696 0.0103 0 0 -10 0
0.6880 -0.0692 0.0082 0 0 -10 0
0.7080 -0.0689 0.0092 0 0 -10 0
0.7020 -0.0680 0.0090 0 0 -10 0
0.7020 -0.0676 0.0086 0 0 -10 0
0.7020 -0.0676 0.0086 0 0 -10 0
0.6740 -0.0670 0.0084 0 0 -10 0
0.6860 -0.0662 0.0059 0 0 -10 0
0.7000 -0.0655 0.0057 0 0 -10 0
0.6980 -0.0649 0.0016 0 0 -10 0
0.7100 -0.0645 0.0030 0 0 -10 0
0.7100 -0.0645 0.0030 0 0 -10 0
0.6820 -0.0642 0.0031 0 0 -10 0
0.7080 -0.0639 0.0029 0 0 -10 0
0.6840 -0.0630 0.0031 0 0 -10 0
0.6900 -0.0624 0.0052 0 0 -10 0
0.6900 -0.0624 0.0052 0 0 -10 0
0.7140 -0.0621 0.0053 0 0 -10 0
0.7000 -0.0621 0.0053 0 0 -10 0
0.6880 -0.0620 0.0052 0 0 -10 0
0.6780 -0.0619 0.0065 0 0 -10 0
0.6780 -0.0613 0.0059 0 0 -10 0
0.6780 -0.0606 0.0056 0 0 -10 0
0.6900 -0.0606 0.0056 0 0 -10 0
0.7100 -0.0601 0.0045 0 0 -10 0
0.7200 -0.0597 0.0039 0 0 -10 0
0.6960 -0.0594 0.0019 0 0 -10 0
0.6960 -0.0594 0.0022 0 0 -10 0
0.7040 -0.0591 0.0036 0 0 -10 0
0.6940 -0.0590 0.0031 0 0 -10 0
0.6940 -0.0590 0.0031 0 0 -10 0
0.7020 -0.0581 0.0009 0 0 -10 0
0.7140 -0.0574 0.0022 0 0 -10 0
0.6960 -0.0571 0.0022 0 0 -10 0
0.7140 -0.0565 0.0002 0 0 -10 0
0.7140 -0.0565 0.0002 0 0 -10 0
0.7020 -0.0563 0.0002 0 0 -10 0
0.7000 -0.0559 0.0018 0 0 -10 0
0.6860 -0.0560 -0.0004 0 0 -10 0
0.6880 -0.0558 -0.0005 0 0 -10 0
0.7060 -0.0554 0.0006 0 0 -10 0
0.7140 -0.0550 0.0012 0 0 -10 0
0.7140 -0.0541 0.0017 0 0 -10 0
0.7080 -0.0534 0.0021 0 0 -10 0
0.7120 -0.0529 0.0033 0 0 -10 0
0.7120 -0.0526 0.0019 0 0 0 0
0.6940 -0.0519 -0.0014 0 0 -10 0
0.6940 -0.0500 -0.0022 0 0 -10 0
0.7000 -0.0497 0.0000 0 0 -10 0
0.6880 -0.0494 0.0008 0 0 -10 0
0.6880 -0.0494 0.0008 0 0 -10 0
0.7200 -0.0483 0.0041 0 0 0 0
0.7280 -0.0480 0.0042 0 0 -10 0
0.7180 -0.0475 0.0048 0 0 -10 0
0.7180 -0.0475 0.0048 0 0 -10 0
0.7040 -0.0475 0.0031 0 0 -10 0
0.7020 -0.0470 0.0030 0 0 -10 0
0.7040 -0.0470 0.0030 0 0 -10 0
0.7020 -0.0468 0.0033 0 0 -10 0
0.7020 -0.0468 0.0033 0 0 -10 0
0.6860 -0.0464 0.0032 0 0 -10 0
0.7040 -0.0461 0.0040 0 0 -10 0
0.7000 -0.0458 0.0061 0 0 -10 0
0.7000 -0.0455 0.0066 0 0 -10 0
0.6860 -0.0452 0.0058 0 0 -10 0
0.7200 -0.0453 0.0056 0 0 -10 0
0.7200 -0.0453 0.0056 0 0 -10 0
0.7060 -0.0459 0.0093 0 0 -10 0
0.7040 -0.0454 0.0096 0 0 -10 0
0.7040 -0.0454 0.0096 0 0 -10 0
0.7260 -0.0451 0.0098 0 0 -10 0
0.7120 -0.0448 0.0103 0 0 -10 0
0.7080 -0.0444 0.0085 0 0 -10 0
0.6940 -0.0443 0.0093 0 0 -10 0
0.7020 -0.0438 0.0087 0 0 -10 0
0.7140 -0.0437 0.0089 0 0 -10 0
0.7140 -0.0437 0.0089 0 0 -10 0
0.7140 -0.0433 0.0101 0 0 0 0
0.7040 -0.0428 0.0092 0 0 -10 0
0.7040 -0.0410 0.0072 0 0 -10 0
0.7360 -0.0402 0.0041 0 0 -10 0
0.7040 -0.0401 0.0043 0 0 0 0
0.7040 -0.0402 0.0050 0 0 -10 0
0.7280 -0.0398 0.0042 0 0 -10 0
0.7280 -0.0394 0.0032 0 0 -10 0
0.6960 -0.0391 0.0032 0 0 -10 0
0.6960 -0.0391 0.0032 0 0 0 0
0.6980 -0.0388 0.0014 0 0 -10 0
0.7140 -0.0390 0.0030 0 0 -10 0
0.7140 -0.0387 0.0019 0 0 -10 0
0.7280 -0.0383 0.0009 0 0 -10 0
0.7280 -0.0383 0.0009 0 0 -10 0
0.7160 -0.0376 0.0012 0 0 -10 0
0.7240 -0.0370 0.0017 0 0 -10 0
0.7380 -0.0364 0.0023 0 0 -10 0
0.7100 -0.0360 0.0018 0 0 -10 0
0.7100 -0.0360 0.0018 0 0 -10 0
0.7060 -0.0361 0.0029 0 0 -10 0
0.7320 -0.0366 0.0024 0 0 -10 0
0.7260 -0.0364 0.0007 0 0 -10 0
0.7220 -0.0359 -0.0000 0 0 -10 0
0.7320 -0.0352 0.0003 0 0 -10 0
0.7320 -0.0352 0.0003 0 0 -10 0
0.7360 -0.0345 -0.0007 0 0 -10 0
0.7220 -0.0340 -0.0017 0 0 -10 0
0.7140 -0.0338 -0.0023 0 0 -10 0
0.7180 -0.0337 -0.0020 0 0 0 0
0.7240 -0.0331 -0.0036 0 0 -10 0
0.7280 -0.0323 -0.0033 0 0 -10 0
0.7440 -0.0317 -0.0027 0 0 -10 0
0.7400 -0.0314 -0.0026 0 0 0 0
0.7480 -0.0312 -0.0021 0 0 -10 0
0.7260 -0.0302 0.0004 0 0 -10 0
0.7100 -0.0296 0.0012 0 0 0 0
0.7580 -0.0284 0.0028 0 0 -10 0
0.7260 -0.0272 0.0028 0 0 -10 0
0.7260 -0.0272 0.0028 0 0 -10 0
0.7200 -0.0265 0.0039 0 0 -10 0
0.7280 -0.0259 0.0043 0 0 -10 0
0.7200 -0.0259 0.0037 0 0 -10 0
0.7200 -0.0259 0.0037 0 0 -10 0
0.7420 -0.0263 0.0050 0 0 -10 0
0.7340 -0.0265 0.0055 0 0 -10 0
0.7340 -0.0265 0.0055 0 0 -10 0
0.7300 -0.0259 0.0034 0 0 -10 0
0.7340 -0.0258 0.0034 0 0 -10 0
0.7340 -0.0249 0.0041 0 0 -10 0
0.7340 -0.0249 0.0041 0 0 -10 0
0.7480 -0.0242 0.0034 0 0 -10 0
0.7400 -0.0236 0.0034 0 0 -10 0
0.7540 -0.0232 0.0025 0 0 -10 0
0.7480 -0.0235 0.0028 0 0 -10 0
0.7540 -0.0235 0.0029 0 0 -10 0
0.7540 -0.0233 0.0032 0 0 -10 0
0.7460 -0.0233 0.0032 0 0 -10 0
0.7600 -0.0230 0.0036 0 0 -10 0
0.7440 -0.0229 0.0031 0 0 0 0
0.7440 -0.0222 0.0027 0 0 -10 0
0.7500 -0.0215 0.0024 0 0 -10 0
0.7420 -0.0206 0.0019 0 0 0 0
0.7320 -0.0188 -0.0008 0 0 -10 0
0.7600 -0.0186 -0.0017 0 0 -10 0
0.7400 -0.0186 -0.0016 0 0 -10 0
0.7400 -0.0186 -0.0016 0 0 0 0
0.7600 -0.0185 0.0024 0 0 -10 0
0.7480 -0.0181 0.0015 0 0 -10 0
0.7580 -0.0179 0.0025 0 0 -10 0
0.7500 -0.0179 0.0025 0 0 0 0
0.7340 -0.0178 0.0031 0 0 -10 0
0.7480 -0.0168 0.0064 0 0 -10 0
0.7500 -0.0164 0.0058 0 0 -10 0
0.7500 -0.0164 0.0058 0 0 -10 0
0.7500 -0.0160 0.0072 0 0 -10 0
0.7300 -0.0159 0.0056 0 0 -10 0
0.7300 -0.0158 0.0059 0 0 -10 0
0.7180 -0.0158 0.0087 0 0 -10 0
0.7180 -0.0158 0.0087 0 0 -10 0
0.7220 -0.0157 0.0089 0 0 -10 0
0.7180 -0.0155 0.0103 0 0 -10 0
0.7280 -0.0152 0.0097 0 0 -10 0
0.7440 -0.0151 0.0114 0 0 -10 0
0.7460 -0.0148 0.0106 0 0 -10 0
0.7680 -0.0141 0.0101 0 0 -10 0
0.7380 -0.0136 0.0099 0 0 0 0
0.7460 -0.0103 0.0119 0 0 -10 0
0.7420 -0.0080 0.0161 0 0 -10 0
0.7240 -0.0066 0.0205 0 0 -10 0
0.7460 -0.0064 0.0204 0 0 0 0
0.7400 -0.0057 0.0220 0 0 -10 0
0.7180 -0.0043 0.0236 0 0 -10 0
0.7120 -0.0041 0.0249 0 0 -10 0
0.7120 -0.0045 0.0282 0 0 -10 0
0.7120 -0.0045 0.0282 0 0 0 0
0.6980 -0.0035 0.0300 0 0 0 -10
0.6980 -0.0049 0.0267 0 0 0 -10
0.6980 -0.0050 0.0320 0 0 0 -10
0.7180 -0.0054 0.0309 0 0 0 0
0.7280 -0.0048 0.0184 0 0 0 -10
0.7580 -0.0061 0.0143 0 0 0 -10
0.7540 -0.0060 0.0113 0 0 0 0
