0.5420 -0.1332 0.0071 0 0 -10 0
0.5720 -0.1329 0.0003 0 0 -10 0
0.5460 -0.1336 -0.0050 0 0 -10 0
0.5480 -0.1337 -0.0065 0 0 -10 0
0.5420 -0.1339 -0.0057 0 0 -10 0
0.5600 -0.1343 -0.0049 0 0 -10 0
0.5540 -0.1347 -0.0044 0 0 -10 0
0.5540 -0.1347 -0.0044 0 0 -10 0
0.5360 -0.1346 -0.0034 0 0 -10 0
0.5360 -0.1346 -0.0034 0 0 -10 0
0.5560 -0.1343 -0.0056 0 0 -10 0
0.5460 -0.1339 -0.0059 0 0 -10 0
0.5780 -0.1336 -0.0047 0 0 -10 0
0.5780 -0.1336 -0.0047 0 0 -10 0
0.5660 -0.1335 -0.0057 0 0 -10 0
0.5520 -0.1335 -0.0061 0 0 -10 0
0.5400 -0.1327 -0.0056 0 0 -10 0
0.5500 -0.1318 -0.0051 0 0 -10 0
0.5420 -0.1313 -0.0046 0 0 -10 0
0.5460 -0.1310 -0.0036 0 0 -10 0
0.5500 -0.1310 -0.0001 0 0 -10 0
0.5460 -0.1308 -0.0014 0 0 -10 0
0.5480 -0.1310 -0.0019 0 0 -10 0
0.5480 -0.1310 -0.0019 0 0 -10 0
0.5540 -0.1309 -0.0013 0 0 -10 0
0.5420 -0.1304 -0.0020 0 0 -10 0
0.5660 -0.1298 -0.0023 0 0 -10 0
0.5660 -0.1294 -0.0025 0 0 -10 0
0.5380 -0.1294 -0.0025 0 0 -10 0
0.5380 -0.1288 0.0003 0 0 -10 0
0.5380 -0.1279 0.0000 0 0 -10 0
0.5620 -0.1278 0.0002 0 0 -10 0
0.5440 -0.1271 0.0005 0 0 -10 0
0.5560 -0.1263 0.0018 0 0 -10 0
0.5640 -0.1254 0.0013 0 0 -10 0
0.5640 -0.1254 0.0013 0 0 -10 0
0.5480 -0.1255 0.0008 0 0 -10 0
0.5600 -0.1260 0.0031 0 0 -10 0
0.5520 -0.1257 0.0045 0 0 -10 0
0.5600 -0.1249 0.0052 0 0 -10 0
0.5600 -0.1249 0.0052 0 0 -10 0
0.5800 -0.1241 0.0052 0 0 -10 0
0.5660 -0.1232 0.0054 0 0 -10 0
0.5520 -0.1230 0.0037 0 0 -10 0
0.5720 -0.1225 0.0038 0 0 -10 0
0.5700 -0.1221 0.0061 0 0 -10 0
0.5700 -0.1221 0.0061 0 0 -10 0
0.5600 -0.1218 0.0068 0 0 -10 0
0.5580 -0.1213 0.0080 0 0 -10 0
0.5560 -0.1212 0.0083 0 0 -10 0
0.5600 -0.1204 0.0096 0 0 -10 0
0.5740 -0.1201 0.0105 0 0 -10 0
0.5740 -0.1200 0.0105 0 0 -10 0
0.5760 -0.1197 0.0129 0 0 -10 0
0.5500 -0.1190 0.0126 0 0 -10 0
0.5500 -0.1190 0.0126 0 0 -10 0
0.5620 -0.1189 0.0099 0 0 -10 0
0.5680 -0.1181 0.0099 0 0 -10 0
0.5680 -0.1181 0.0099 0 0 -10 0
0.5680 -0.1190 0.0087 0 0 -10 0
0.5560 -0.1186 0.0090 0 0 -10 0
0.5580 -0.1184 0.0104 0 0 -10 0
0.5600 -0.1179 0.0105 0 0 -10 0
0.6020 -0.1172 0.0101 0 0 -10 0
0.6020 -0.1172 0.0101 0 0 -10 0
0.5820 -0.1171 0.0105 0 0 -10 0
0.5880 -0.1166 0.0112 0 0 -10 0
0.5700 -0.1164 0.0109 0 0 -10 0
0.5920 -0.1157 0.0110 0 0 -10 0
0.5620 -0.1149 0.0117 0 0 -10 0
0.5620 -0.1149 0.0117 0 0 -10 0
0.5760 -0.1143 0.0125 0 0 -10 0
0.5700 -0.1135 0.0126 0 0 -10 0
0.5740 -0.1129 0.0123 0 0 -10 0
0.5760 -0.1127 0.0136 0 0 -10 0
0.5720 -0.1129 0.0139 0 0 -10 0
0.5860 -0.1127 0.0118 0 0 -10 0
0.5860 -0.1127 0.0118 0 0 -10 0
0.5600 -0.1124 0.0121 0 0 -10 0
0.5680 -0.1114 0.0119 0 0 -10 0
0.5640 -0.1107 0.0099 0 0 -10 0
0.5800 -0.1098 0.0110 0 0 -10 0
0.5620 -0.1093 0.0108 0 0 -10 0
0.5620 -0.1087 0.0106 0 0 -10 0
0.5940 -0.1087 0.0106 0 0 -10 0
0.5680 -0.1089 0.0116 0 0 -10 0
0.5660 -0.1092 0.0116 0 0 -10 0
0.5900 -0.1088 0.0122 0 0 -10 0
0.5900 -0.1088 0.0122 0 0 -10 0
0.6060 -0.1083 0.0132 0 0 -10 0
0.5920 -0.1079 0.0133 0 0 -10 0
0.5700 -0.1072 0.0143 0 0 -10 0
0.5720 -0.1061 0.0142 0 0 -10 0
0.5860 -0.1054 0.0127 0 0 -10 0
0.5860 -0.1054 0.0127 0 0 -10 0
0.5960 -0.1048 0.0128 0 0 -10 0
0.5900 -0.1045 0.0126 0 0 -10 0
0.5940 -0.1041 0.0121 0 0 -10 0
0.5940 -0.1041 0.0121 0 0 -10 0
0.6000 -0.1036 0.0119 0 0 -10 0
0.5960 -0.1032 0.0127 0 0 -10 0
0.5980 -0.1030 0.0121 0 0 -10 0
0.5980 -0.1030 0.0121 0 0 -10 0
0.5940 -0.1025 0.0148 0 0 -10 0
0.6140 -0.1015 0.0150 0 0 -10 0
0.6140 -0.1015 0.0150 0 0 -10 0
0.5900 -0.1010 0.0144 0 0 -10 0
0.6000 -0.1012 0.0148 0 0 -10 0
0.6120 -0.1009 0.0159 0 0 -10 0
0.6120 -0.1009 0.0159 0 0 -10 0
0.6180 -0.0998 0.0153 0 0 -10 0
0.6180 -0.0998 0.0153 0 0 -10 0
0.6180 -0.0991 0.0149 0 0 -10 0
0.6020 -0.0982 0.0152 0 0 -10 0
0.6260 -0.0975 0.0154 0 0 -10 0
0.6240 -0.0970 0.0150 0 0 -10 0
0.6240 -0.0970 0.0150 0 0 -10 0
0.6020 -0.0965 0.0141 0 0 -10 0
0.6220 -0.0968 0.0138 0 0 -10 0
0.6340 -0.0966 0.0131 0 0 -10 0
0.6380 -0.0957 0.0144 0 0 -10 0
0.6240 -0.0952 0.0139 0 0 -10 0
0.6240 -0.0952 0.0139 0 0 -10 0
0.6020 -0.0948 0.0128 0 0 -10 0
0.6320 -0.0949 0.0133 0 0 -10 0
0.6320 -0.0949 0.0133 0 0 -10 0
0.6340 -0.0948 0.0121 0 0 -10 0
0.6240 -0.0946 0.0122 0 0 -10 0
0.6240 -0.0946 0.0122 0 0 -10 0
0.6480 -0.0937 0.0108 0 0 -10 0
0.6360 -0.0937 0.0108 0 0 -10 0
0.6200 -0.0932 0.0103 0 0 -10 0
0.6180 -0.0925 0.0094 0 0 -10 0
0.6180 -0.0925 0.0094 0 0 -10 0
0.6300 -0.0915 0.0089 0 0 -10 0
0.6420 -0.0909 0.0086 0 0 -10 0
0.6400 -0.0906 0.0101 0 0 -10 0
0.6500 -0.0903 0.0090 0 0 -10 0
0.6500 -0.0899 0.0064 0 0 -10 0
0.6480 -0.0894 0.0061 0 0 -10 0
0.6480 -0.0894 0.0061 0 0 -10 0
0.6480 -0.0881 0.0072 0 0 -10 0
0.6480 -0.0881 0.0072 0 0 -10 0
0.6640 -0.0869 0.0065 0 0 -10 0
0.6560 -0.0869 0.0061 0 0 -10 0
0.6760 -0.0874 0.0033 0 0 -10 0
0.6760 -0.0874 0.0033 0 0 -10 0
0.6540 -0.0869 0.0031 0 0 -10 0
0.6540 -0.0869 0.0031 0 0 -10 0
0.6560 -0.0852 0.0062 0 0 -10 0
0.6560 -0.0852 0.0062 0 0 -10 0
0.6680 -0.0845 0.0018 0 0 -10 0
0.6660 -0.0836 0.0001 0 0 -10 0
0.6560 -0.0836 0.0001 0 0 -10 0
0.6800 -0.0837 0.0006 0 0 -10 0
0.6580 -0.0836 -0.0012 0 0 -10 0
0.6720 -0.0833 -0.0012 0 0 -10 0
0.6720 -0.0833 -0.0012 0 0 -10 0
0.6780 -0.0828 0.0006 0 0 -10 0
0.6700 -0.0831 -0.0033 0 0 -10 0
0.6320 -0.0832 -0.0042 0 0 -10 0
0.6320 -0.0834 -0.0061 0 0 -10 0
0.6500 -0.0834 -0.0061 0 0 -10 0
0.6280 -0.0831 -0.0065 0 0 -10 0
0.6480 -0.0825 -0.0072 0 0 -10 0
0.6480 -0.0825 -0.0072 0 0 -10 0
0.6520 -0.0818 -0.0068 0 0 -10 0
0.6520 -0.0818 -0.0068 0 0 -10 0
0.6600 -0.0808 -0.0077 0 0 -10 0
0.6660 -0.0808 -0.0056 0 0 -10 0
0.6660 -0.0808 -0.0056 0 0 -10 0
0.6720 -0.0807 -0.0054 0 0 -10 0
0.6820 -0.0804 -0.0074 0 0 -10 0
0.6640 -0.0804 -0.0074 0 0 -10 0
0.6540 -0.0800 -0.0068 0 0 -10 0
0.6560 -0.0786 -0.0081 0 0 -10 0
0.6560 -0.0786 -0.0081 0 0 -10 0
0.6680 -0.0786 -0.0079 0 0 -10 0
0.6420 -0.0789 -0.0076 0 0 -10 0
0.6580 -0.0789 -0.0098 0 0 -10 0
0.6580 -0.0789 -0.0098 0 0 -10 0
0.6600 -0.0786 -0.0094 0 0 -10 0
0.6380 -0.0777 -0.0115 0 0 -10 0
0.6540 -0.0767 -0.0112 0 0 -10 0
0.6720 -0.0753 -0.0124 0 0 -10 0
0.6560 -0.0747 -0.0120 0 0 -10 0
0.6540 -0.0744 -0.0105 0 0 -10 0
0.6620 -0.0744 -0.0104 0 0 -10 0
0.6620 -0.0737 -0.0078 0 0 -10 0
0.6880 -0.0737 -0.0078 0 0 -10 0
0.6720 -0.0729 -0.0090 0 0 -10 0
0.6640 -0.0719 -0.0074 0 0 -10 0
0.6680 -0.0710 -0.0079 0 0 -10 0
0.6720 -0.0703 -0.0058 0 0 -10 0
0.6720 -0.0703 -0.0058 0 0 -10 0
0.6860 -0.0698 -0.0057 0 0 -10 0
0.6680 -0.0692 -0.0047 0 0 -10 0
0.6760 -0.0687 -0.0047 0 0 -10 0
0.7000 -0.0686 -0.0020 0 0 -10 0
0.6780 -0.0685 -0.0012 0 0 -10 0
0.6780 -0.0685 -0.0012 0 0 -10 0
0.7100 -0.0680 -0.0012 0 0 -10 0
0.6880 -0.0676 -0.0015 0 0 -10 0
0.6720 -0.0672 -0.0047 0 0 -10 0
0.6800 -0.0670 -0.0051 0 0 -10 0
0.6820 -0.0666 -0.0066 0 0 -10 0
0.6820 -0.0666 -0.0066 0 0 -10 0
0.6920 -0.0663 -0.0062 0 0 -10 0
0.6880 -0.0658 -0.0076 0 0 -10 0
0.6740 -0.0650 -0.0076 0 0 -10 0
0.6540 -0.0649 -0.0110 0 0 -10 0
0.6900 -0.0647 -0.0109 0 0 -10 0
0.6900 -0.0644 -0.0091 0 0 -10 0
0.7000 -0.0644 -0.0091 0 0 -10 0
0.6860 -0.0644 -0.0081 0 0 -10 0
0.6920 -0.0640 -0.0074 0 0 -10 0
0.6660 -0.0633 -0.0068 0 0 -10 0
0.6740 -0.0625 -0.0065 0 0 -10 0
0.6740 -0.0625 -0.0065 0 0 -10 0
0.6800 -0.0614 -0.0058 0 0 -10 0
0.6820 -0.0604 -0.0050 0 0 -10 0
0.6880 -0.0606 -0.0009 0 0 -10 0
0.7020 -0.0603 -0.0011 0 0 -10 0
0.6980 -0.0612 -0.0007 0 0 -10 0
0.6980 -0.0612 -0.0007 0 0 -10 0
0.6880 -0.0608 -0.0006 0 0 -10 0
0.6840 -0.0597 -0.0007 0 0 -10 0
0.7000 -0.0586 -0.0016 0 0 -10 0
0.6940 -0.0579 -0.0007 0 0 -10 0
0.6940 -0.0571 -0.0007 0 0 -10 0
0.6780 -0.0567 -0.0006 0 0 -10 0
0.6780 -0.0567 -0.0006 0 0 -10 0
0.7100 -0.0567 -0.0004 0 0 -10 0
0.6780 -0.0569 0.0022 0 0 -10 0
0.7140 -0.0568 0.0032 0 0 -10 0
0.7140 -0.0568 0.0032 0 0 -10 0
0.7000 -0.0565 0.0030 0 0 -10 0
0.6860 -0.0555 0.0043 0 0 -10 0
0.6940 -0.0549 0.0048 0 0 -10 0
0.6940 -0.0546 0.0019 0 0 -10 0
0.6940 -0.0544 0.0021 0 0 -10 0
0.7180 -0.0545 0.0034 0 0 -10 0
0.7180 -0.0545 0.0034 0 0 -10 0
0.6820 -0.0537 0.0042 0 0 -10 0
0.6920 -0.0532 0.0046 0 0 -10 0
0.6960 -0.0530 0.0066 0 0 -10 0
0.6960 -0.0530 0.0066 0 0 -10 0
0.7300 -0.0528 0.0065 0 0 -10 0
0.6960 -0.0523 0.0067 0 0 -10 0
0.6960 -0.0523 0.0067 0 0 -10 0
0.6960 -0.0514 0.0072 0 0 -10 0
0.6880 -0.0507 0.0067 0 0 -10 0
0.7120 -0.0503 0.0073 0 0 -10 0
0.7120 -0.0503 0.0073 0 0 -10 0
0.6860 -0.0502 0.0095 0 0 -10 0
0.6960 -0.0500 0.0099 0 0 -10 0
0.7000 -0.0498 0.0091 0 0 -10 0
0.7120 -0.0496 0.0090 0 0 -10 0
0.7120 -0.0496 0.0090 0 0 -10 0
0.6960 -0.0490 0.0099 0 0 -10 0
0.7200 -0.0489 0.0108 0 0 -10 0
0.7060 -0.0485 0.0107 0 0 -10 0
0.6880 -0.0479 0.0106 0 0 -10 0
0.6880 -0.0472 0.0111 0 0 -10 0
0.7060 -0.0470 0.0111 0 0 -10 0
0.6860 -0.0473 0.0081 0 0 -10 0
0.6940 -0.0472 0.0086 0 0 -10 0
0.6940 -0.0472 0.0086 0 0 -10 0
0.7080 -0.0456 0.0085 0 0 -10 0
0.6940 -0.0456 0.0085 0 0 -10 0
0.6800 -0.0447 0.0079 0 0 -10 0
0.7000 -0.0444 0.0092 0 0 -10 0
0.7200 -0.0440 0.0092 0 0 -10 0
0.7220 -0.0438 0.0097 0 0 -10 0
0.7220 -0.0438 0.0097 0 0 -10 0
0.6960 -0.0428 0.0091 0 0 -10 0
0.7040 -0.0425 0.0104 0 0 -10 0
0.7040 -0.0425 0.0104 0 0 -10 0
0.7200 -0.0423 0.0098 0 0 -10 0
0.6880 -0.0419 0.0103 0 0 -10 0
0.6920 -0.0416 0.0113 0 0 -10 0
0.6920 -0.0416 0.0113 0 0 -10 0
0.7060 -0.0394 0.0087 0 0 -10 0
0.7060 -0.0394 0.0087 0 0 -10 0
0.7160 -0.0388 0.0091 0 0 -10 0
0.7160 -0.0388 0.0091 0 0 -10 0
0.7180 -0.0386 0.0103 0 0 -10 0
0.7260 -0.0389 0.0103 0 0 -10 0
0.7260 -0.0389 0.0103 0 0 -10 0
0.7260 -0.0376 0.0097 0 0 -10 0
0.7260 -0.0376 0.0097 0 0 -10 0
0.7120 -0.0371 0.0098 0 0 -10 0
0.7260 -0.0368 0.0093 0 0 -10 0
0.7240 -0.0364 0.0129 0 0 -10 0
0.7120 -0.0362 0.0126 0 0 -10 0
0.7120 -0.0362 0.0126 0 0 -10 0
0.7200 -0.0355 0.0096 0 0 -10 0
0.7180 -0.0349 0.0103 0 0 -10 0
0.7160 -0.0345 0.0102 0 0 -10 0
0.7160 -0.0347 0.0113 0 0 -10 0
0.7620 -0.0345 0.0112 0 0 -10 0
0.7620 -0.0345 0.0112 0 0 0 0
0.7400 -0.0319 0.0115 0 0 -10 0
0.7520 -0.0317 0.0091 0 0 -10 0
0.7480 -0.0314 0.0095 0 0 -10 0
0.7480 -0.0314 0.0095 0 0 -10 0
0.7540 -0.0310 0.0085 0 0 -10 0
0.7480 -0.0310 0.0055 0 0 0 0
0.7620 -0.0307 0.0054 0 0 -10 0
0.7520 -0.0302 0.0097 0 0 -10 0
0.7440 -0.0303 0.0103 0 0 -10 0
0.7440 -0.0303 0.0103 0 0 -10 0
0.7520 -0.0302 0.0118 0 0 -10 0
0.7360 -0.0302 0.0129 0 0 -10 0
0.7540 -0.0298 0.0121 0 0 -10 0
0.7500 -0.0294 0.0128 0 0 -10 0
0.7380 -0.0289 0.0144 0 0 -10 0
0.7380 -0.0289 0.0144 0 0 -10 0
0.7500 -0.0284 0.0139 0 0 -10 0
0.7520 -0.0282 0.0130 0 0 -10 0
0.7580 -0.0282 0.0130 0 0 -10 0
0.7420 -0.0279 0.0117 0 0 -10 0
0.7500 -0.0276 0.0115 0 0 -10 0
0.7520 -0.0277 0.0120 0 0 0 0
0.7440 -0.0260 0.0133 0 0 -10 0
0.7540 -0.0258 0.0118 0 0 -10 0
0.7740 -0.0244 0.0136 0 0 0 0
0.7440 -0.0230 0.0130 0 0 -10 0
0.7460 -0.0232 0.0080 0 0 -10 0
0.7360 -0.0230 0.0079 0 0 0 0
0.7440 -0.0223 0.0085 0 0 -10 0
0.7520 -0.0216 0.0101 0 0 -10 0
0.7540 -0.0213 0.0097 0 0 0 0
0.7660 -0.0196 0.0101 0 0 -10 0
0.7400 -0.0196 0.0110 0 0 -10 0
0.7420 -0.0199 0.0063 0 0 0 0
0.7620 -0.0205 0.0074 0 0 -10 0
0.7560 -0.0194 0.0047 0 0 -10 0
0.7560 -0.0194 0.0047 0 0 -10 0
0.7440 -0.0192 0.0047 0 0 0 0
0.7520 -0.0189 0.0035 0 0 -10 0
0.7660 -0.0182 0.0032 0 0 -10 0
0.7640 -0.0178 0.0042 0 0 0 0
0.7520 -0.0175 0.0035 0 0 -10 0
0.7800 -0.0178 0.0050 0 0 -10 0
0.7560 -0.0178 0.0050 0 0 -10 0
0.7540 -0.0174 0.0039 0 0 0 0
0.7540 -0.0164 0.0041 0 0 -10 0
0.7560 -0.0159 0.0018 0 0 -10 0
0.7780 -0.0159 0.0018 0 0 -10 0
0.7700 -0.0156 0.0023 0 0 -10 0
0.7700 -0.0155 0.0010 0 0 0 0
0.7600 -0.0154 -0.0010 0 0 -10 0
0.7700 -0.0145 -0.0012 0 0 -10 0
0.7700 -0.0141 -0.0016 0 0 -10 0
0.7780 -0.0140 -0.0001 0 0 0 0
0.7620 -0.0118 -0.0027 0 0 -10 0
0.7540 -0.0118 0.0001 0 0 -10 0
0.7680 -0.0121 0.0015 0 0 -10 0
0.7680 -0.0121 0.0015 0 0 0 0
0.7860 -0.0119 0.0055 0 0 -10 0
0.7940 -0.0115 0.0011 0 0 -10 0
0.7880 -0.0116 0.0002 0 0 -10 0
0.7880 -0.0118 -0.0025 0 0 -10 0
0.7840 -0.0117 -0.0036 0 0 0 0
0.7680 -0.0109 -0.0007 0 0 -10 0
0.7860 -0.0100 -0.0000 0 0 -10 0
0.7720 -0.0099 0.0002 0 0 -10 0
0.7800 -0.0096 0.0012 0 0 -10 0
0.7800 -0.0096 0.0012 0 0 0 0
0.7640 -0.0101 0.0031 0 0 -10 0
0.7500 -0.0088 0.0048 0 0 -10 0
0.7580 -0.0088 0.0048 0 0 -10 0
0.7580 -0.0083 0.0069 0 0 0 0
0.7320 -0.0081 0.0060 0 0 -10 0
0.7560 -0.0080 0.0058 0 0 -10 0
0.7540 -0.0073 0.0074 0 0 0 0
0.7360 -0.0066 0.0081 0 0 -10 0
0.7140 -0.0066 0.0117 0 0 -10 0
0.7100 -0.0059 0.0122 0 0 0 0
0.7160 -0.0058 0.0045 0 0 -10 0
