0.3880 -0.3114 0.0050 0 0 -10 0
0.4080 -0.3116 0.0072 0 0 -10 0
0.4000 -0.3137 0.0035 0 0 -10 0
0.3960 -0.3137 0.0036 0 0 -10 0
0.3980 -0.3138 0.0041 0 0 -10 0
0.3980 -0.3138 0.0041 0 0 -10 0
0.3960 -0.3132 0.0039 0 0 -10 0
0.4120 -0.3124 0.0045 0 0 -10 0
0.4120 -0.3120 0.0046 0 0 -10 0
0.4200 -0.3122 0.0014 0 0 -10 0
0.4200 -0.3122 0.0014 0 0 -10 0
0.3960 -0.3122 0.0017 0 0 -10 0
0.4000 -0.3121 0.0010 0 0 -10 0
0.3920 -0.3112 0.0023 0 0 -10 0
0.3920 -0.3112 0.0023 0 0 -10 0
0.4000 -0.3101 0.0047 0 0 -10 0
0.4000 -0.3101 0.0047 0 0 -10 0
0.4000 -0.3109 0.0046 0 0 -10 0
0.4120 -0.3113 0.0048 0 0 -10 0
0.4260 -0.3107 0.0056 0 0 -10 0
0.4260 -0.3107 0.0056 0 0 -10 0
0.3880 -0.3098 0.0056 0 0 -10 0
0.3960 -0.3080 0.0054 0 0 -10 0
0.4240 -0.3074 0.0049 0 0 -10 0
0.4240 -0.3074 0.0049 0 0 -10 0
0.4080 -0.3073 0.0069 0 0 -10 0
0.4100 -0.3071 0.0026 0 0 -10 0
0.4100 -0.3071 0.0026 0 0 -10 0
0.3900 -0.3071 0.0020 0 0 -10 0
0.3940 -0.3069 0.0031 0 0 -10 0
0.4040 -0.3068 0.0029 0 0 -10 0
0.4040 -0.3068 0.0029 0 0 -10 0
0.3960 -0.3063 0.0012 0 0 -10 0
0.4000 -0.3056 0.0005 0 0 -10 0
0.4260 -0.3053 0.0003 0 0 -10 0
0.4120 -0.3047 0.0016 0 0 -10 0
0.4140 -0.3041 -0.0028 0 0 -10 0
0.4140 -0.3041 -0.0028 0 0 -10 0
0.4120 -0.3038 -0.0034 0 0 -10 0
0.3980 -0.3027 -0.0054 0 0 -10 0
0.3980 -0.3027 -0.0054 0 0 -10 0
0.3880 -0.3020 -0.0045 0 0 -10 0
0.3700 -0.3019 -0.0042 0 0 -10 0
0.4040 -0.3019 -0.0042 0 0 -10 0
0.3860 -0.3019 -0.0038 0 0 -10 0
0.3860 -0.3019 -0.0038 0 0 -10 0
0.3900 -0.3010 0.0001 0 0 -10 0
0.3900 -0.3010 0.0001 0 0 -10 0
0.3940 -0.3001 -0.0004 0 0 -10 0
0.4080 -0.2991 0.0024 0 0 -10 0
0.4000 -0.2986 0.0028 0 0 -10 0
0.4160 -0.2978 0.0032 0 0 -10 0
0.4160 -0.2978 0.0032 0 0 -10 0
0.4140 -0.2978 0.0035 0 0 -10 0
0.4080 -0.2984 0.0031 0 0 -10 0
0.4080 -0.2984 0.0031 0 0 -10 0
0.4080 -0.2974 0.0025 0 0 -10 0
0.4080 -0.2974 0.0025 0 0 -10 0
0.3920 -0.2967 0.0026 0 0 -10 0
0.3900 -0.2959 -0.0010 0 0 -10 0
0.3960 -0.2955 -0.0023 0 0 -10 0
0.3960 -0.2955 -0.0023 0 0 -10 0
0.4180 -0.2951 -0.0014 0 0 -10 0
0.4140 -0.2943 -0.0034 0 0 -10 0
0.4080 -0.2938 -0.0033 0 0 -10 0
0.3980 -0.2932 -0.0032 0 0 -10 0
0.4060 -0.2929 -0.0034 0 0 -10 0
0.4000 -0.2931 -0.0030 0 0 -10 0
0.4000 -0.2934 -0.0011 0 0 -10 0
0.4000 -0.2934 -0.0011 0 0 -10 0
0.4080 -0.2928 -0.0009 0 0 -10 0
0.4360 -0.2924 -0.0012 0 0 -10 0
0.4160 -0.2917 0.0022 0 0 -10 0
0.4160 -0.2914 0.0023 0 0 -10 0
0.4260 -0.2911 0.0030 0 0 -10 0
0.4260 -0.2908 0.0030 0 0 -10 0
0.4080 -0.2908 0.0030 0 0 -10 0
0.4140 -0.2902 0.0043 0 0 -10 0
0.4020 -0.2901 0.0056 0 0 -10 0
0.4100 -0.2891 0.0066 0 0 -10 0
0.4220 -0.2885 0.0084 0 0 -10 0
0.4220 -0.2885 0.0088 0 0 -10 0
0.4000 -0.2885 0.0088 0 0 -10 0
0.4040 -0.2887 0.0078 0 0 -10 0
0.4080 -0.2888 0.0078 0 0 -10 0
0.4100 -0.2879 0.0072 0 0 -10 0
0.4060 -0.2873 0.0068 0 0 -10 0
0.4060 -0.2873 0.0068 0 0 -10 0
0.4200 -0.2857 0.0055 0 0 -10 0
0.4000 -0.2857 0.0055 0 0 -10 0
0.4180 -0.2850 0.0066 0 0 -10 0
0.3940 -0.2852 0.0068 0 0 -10 0
0.3940 -0.2852 0.0068 0 0 -10 0
0.4140 -0.2852 0.0076 0 0 -10 0
0.3800 -0.2852 0.0076 0 0 -10 0
0.4200 -0.2846 0.0052 0 0 -10 0
0.4180 -0.2840 0.0053 0 0 -10 0
0.4040 -0.2836 0.0035 0 0 -10 0
0.4060 -0.2828 0.0041 0 0 -10 0
0.4120 -0.2827 0.0009 0 0 -10 0
0.4120 -0.2824 0.0010 0 0 -10 0
0.4040 -0.2824 0.0010 0 0 -10 0
0.4240 -0.2821 0.0043 0 0 -10 0
0.4060 -0.2819 0.0040 0 0 -10 0
0.4180 -0.2814 0.0033 0 0 -10 0
0.4180 -0.2814 0.0033 0 0 -10 0
0.4200 -0.2808 0.0029 0 0 -10 0
0.4360 -0.2800 0.0032 0 0 -10 0
0.4100 -0.2795 0.0058 0 0 -10 0
0.4100 -0.2795 0.0058 0 0 -10 0
0.4020 -0.2788 0.0064 0 0 -10 0
0.4020 -0.2788 0.0064 0 0 -10 0
0.4180 -0.2786 0.0057 0 0 -10 0
0.4040 -0.2776 0.0036 0 0 -10 0
0.4060 -0.2774 0.0030 0 0 -10 0
0.4060 -0.2774 0.0030 0 0 -10 0
0.4060 -0.2770 0.0031 0 0 -10 0
0.4220 -0.2768 0.0015 0 0 -10 0
0.4120 -0.2770 0.0008 0 0 -10 0
0.4120 -0.2770 0.0008 0 0 -10 0
0.4020 -0.2771 0.0016 0 0 -10 0
0.4020 -0.2760 0.0036 0 0 -10 0
0.4040 -0.2746 0.0078 0 0 -10 0
0.3940 -0.2741 0.0091 0 0 -10 0
0.3940 -0.2741 0.0091 0 0 -10 0
0.3940 -0.2734 0.0094 0 0 -10 0
0.3900 -0.2728 0.0105 0 0 -10 0
0.4080 -0.2724 0.0107 0 0 -10 0
0.4100 -0.2724 0.0105 0 0 -10 0
0.4020 -0.2725 0.0107 0 0 -10 0
0.4080 -0.2725 0.0090 0 0 -10 0
0.4220 -0.2721 0.0092 0 0 -10 0
0.3900 -0.2719 0.0097 0 0 -10 0
0.3900 -0.2719 0.0097 0 0 -10 0
0.3900 -0.2713 0.0103 0 0 -10 0
0.4280 -0.2701 0.0067 0 0 -10 0
0.4240 -0.2698 0.0063 0 0 -10 0
0.4240 -0.2698 0.0063 0 0 -10 0
0.4240 -0.2696 0.0056 0 0 -10 0
0.4160 -0.2695 0.0075 0 0 -10 0
0.4160 -0.2695 0.0075 0 0 -10 0
0.4220 -0.2689 0.0085 0 0 -10 0
0.4160 -0.2686 0.0082 0 0 -10 0
0.4160 -0.2686 0.0082 0 0 -10 0
0.4060 -0.2686 0.0090 0 0 -10 0
0.4140 -0.2686 0.0086 0 0 -10 0
0.4080 -0.2681 0.0076 0 0 -10 0
0.3940 -0.2675 0.0090 0 0 -10 0
0.3940 -0.2667 0.0047 0 0 -10 0
0.4260 -0.2667 0.0047 0 0 -10 0
0.4080 -0.2666 0.0047 0 0 -10 0
0.4260 -0.2663 0.0056 0 0 -10 0
0.4220 -0.2658 0.0057 0 0 -10 0
0.4220 -0.2658 0.0057 0 0 -10 0
0.4220 -0.2658 0.0057 0 0 -10 0
0.4220 -0.2650 0.0050 0 0 -10 0
0.4220 -0.2650 0.0050 0 0 -10 0
0.4320 -0.2648 0.0051 0 0 -10 0
0.4260 -0.2647 0.0033 0 0 -10 0
0.4260 -0.2647 0.0033 0 0 -10 0
0.4080 -0.2636 0.0079 0 0 -10 0
0.4240 -0.2625 0.0073 0 0 -10 0
0.4320 -0.2616 0.0071 0 0 -10 0
0.4180 -0.2610 0.0042 0 0 -10 0
0.4180 -0.2610 0.0042 0 0 -10 0
0.4320 -0.2613 0.0045 0 0 -10 0
0.4320 -0.2613 0.0045 0 0 -10 0
0.4260 -0.2606 0.0036 0 0 -10 0
0.4080 -0.2599 0.0053 0 0 -10 0
0.4120 -0.2590 0.0045 0 0 -10 0
0.4120 -0.2590 0.0045 0 0 -10 0
0.4260 -0.2580 0.0048 0 0 -10 0
0.4260 -0.2580 0.0048 0 0 -10 0
0.4280 -0.2580 0.0067 0 0 -10 0
0.4240 -0.2581 0.0067 0 0 -10 0
0.4220 -0.2579 0.0056 0 0 -10 0
0.4220 -0.2579 0.0056 0 0 -10 0
0.4100 -0.2571 0.0055 0 0 -10 0
0.4220 -0.2557 0.0060 0 0 -10 0
0.4200 -0.2557 0.0060 0 0 -10 0
0.4180 -0.2553 0.0042 0 0 -10 0
0.4280 -0.2541 0.0082 0 0 -10 0
0.4280 -0.2541 0.0082 0 0 -10 0
0.4020 -0.2535 0.0052 0 0 -10 0
0.4080 -0.2530 0.0056 0 0 -10 0
0.4120 -0.2530 0.0050 0 0 -10 0
0.4140 -0.2528 0.0052 0 0 -10 0
0.4260 -0.2529 0.0042 0 0 -10 0
0.4280 -0.2525 0.0045 0 0 -10 0
0.4180 -0.2522 0.0048 0 0 -10 0
0.4180 -0.2522 0.0048 0 0 -10 0
0.4300 -0.2519 0.0024 0 0 -10 0
0.4180 -0.2517 0.0024 0 0 -10 0
0.4340 -0.2510 0.0036 0 0 -10 0
0.4340 -0.2505 0.0042 0 0 -10 0
0.4340 -0.2497 0.0050 0 0 -10 0
0.4340 -0.2497 0.0050 0 0 -10 0
0.4280 -0.2483 0.0065 0 0 -10 0
0.4280 -0.2483 0.0065 0 0 -10 0
0.4440 -0.2479 0.0062 0 0 -10 0
0.4560 -0.2479 0.0063 0 0 -10 0
0.4480 -0.2474 0.0081 0 0 -10 0
0.4480 -0.2474 0.0081 0 0 -10 0
0.4520 -0.2464 0.0076 0 0 -10 0
0.4460 -0.2463 0.0079 0 0 -10 0
0.4400 -0.2453 0.0089 0 0 -10 0
0.4400 -0.2453 0.0089 0 0 -10 0
0.4560 -0.2445 0.0069 0 0 -10 0
0.4560 -0.2445 0.0069 0 0 -10 0
0.4580 -0.2442 0.0071 0 0 -10 0
0.4540 -0.2440 0.0099 0 0 -10 0
0.4340 -0.2439 0.0101 0 0 -10 0
0.4260 -0.2437 0.0099 0 0 -10 0
0.4260 -0.2437 0.0099 0 0 -10 0
0.4380 -0.2429 0.0112 0 0 -10 0
0.4340 -0.2418 0.0110 0 0 -10 0
0.4480 -0.2410 0.0121 0 0 -10 0
0.4120 -0.2401 0.0116 0 0 -10 0
0.4300 -0.2398 0.0143 0 0 -10 0
0.4300 -0.2398 0.0143 0 0 -10 0
0.4400 -0.2396 0.0139 0 0 -10 0
0.4400 -0.2391 0.0143 0 0 -10 0
0.4340 -0.2387 0.0164 0 0 -10 0
0.4400 -0.2381 0.0170 0 0 -10 0
0.4360 -0.2377 0.0168 0 0 -10 0
0.4360 -0.2377 0.0168 0 0 -10 0
0.4500 -0.2373 0.0148 0 0 -10 0
0.4300 -0.2371 0.0164 0 0 -10 0
0.4540 -0.2365 0.0168 0 0 -10 0
0.4420 -0.2354 0.0159 0 0 -10 0
0.4420 -0.2354 0.0159 0 0 -10 0
0.4240 -0.2344 0.0164 0 0 -10 0
0.4540 -0.2339 0.0184 0 0 -10 0
0.4320 -0.2334 0.0162 0 0 -10 0
0.4320 -0.2331 0.0166 0 0 -10 0
0.4240 -0.2326 0.0177 0 0 -10 0
0.4240 -0.2326 0.0177 0 0 -10 0
0.4420 -0.2320 0.0184 0 0 -10 0
0.4300 -0.2316 0.0174 0 0 -10 0
0.4280 -0.2313 0.0173 0 0 -10 0
0.4340 -0.2308 0.0172 0 0 -10 0
0.4340 -0.2298 0.0155 0 0 -10 0
0.4340 -0.2297 0.0155 0 0 -10 0
0.4340 -0.2298 0.0172 0 0 -10 0
0.4420 -0.2298 0.0172 0 0 -10 0
0.4260 -0.2298 0.0172 0 0 -10 0
0.4360 -0.2292 0.0179 0 0 -10 0
0.4200 -0.2288 0.0177 0 0 -10 0
0.4200 -0.2288 0.0177 0 0 -10 0
0.4220 -0.2281 0.0208 0 0 -10 0
0.4380 -0.2275 0.0203 0 0 -10 0
0.4500 -0.2272 0.0200 0 0 -10 0
0.4500 -0.2268 0.0223 0 0 -10 0
0.4440 -0.2266 0.0221 0 0 -10 0
0.4440 -0.2266 0.0221 0 0 -10 0
0.4420 -0.2262 0.0234 0 0 -10 0
0.4580 -0.2260 0.0242 0 0 -10 0
0.4460 -0.2258 0.0246 0 0 -10 0
0.4420 -0.2254 0.0241 0 0 -10 0
0.4420 -0.2254 0.0241 0 0 -10 0
0.4400 -0.2248 0.0237 0 0 -10 0
0.4320 -0.2243 0.0231 0 0 -10 0
0.4320 -0.2238 0.0227 0 0 -10 0
0.4340 -0.2235 0.0222 0 0 -10 0
0.4360 -0.2237 0.0219 0 0 -10 0
0.4300 -0.2239 0.0218 0 0 -10 0
0.4300 -0.2239 0.0218 0 0 -10 0
0.4340 -0.2240 0.0236 0 0 -10 0
0.4360 -0.2237 0.0259 0 0 -10 0
0.4300 -0.2230 0.0250 0 0 -10 0
0.4220 -0.2225 0.0263 0 0 -10 0
0.4220 -0.2225 0.0263 0 0 -10 0
0.4200 -0.2217 0.0232 0 0 -10 0
0.4340 -0.2212 0.0246 0 0 -10 0
0.4300 -0.2209 0.0245 0 0 -10 0
0.4620 -0.2207 0.0246 0 0 -10 0
0.4480 -0.2203 0.0242 0 0 -10 0
0.4480 -0.2203 0.0242 0 0 -10 0
0.4480 -0.2198 0.0255 0 0 -10 0
0.4400 -0.2188 0.0252 0 0 -10 0
0.4400 -0.2182 0.0244 0 0 -10 0
0.4380 -0.2179 0.0243 0 0 -10 0
0.4440 -0.2179 0.0239 0 0 -10 0
0.4380 -0.2179 0.0234 0 0 -10 0
0.4380 -0.2179 0.0234 0 0 -10 0
0.4440 -0.2177 0.0233 0 0 -10 0
0.4540 -0.2170 0.0225 0 0 -10 0
0.4260 -0.2167 0.0226 0 0 -10 0
0.4500 -0.2162 0.0207 0 0 -10 0
0.4500 -0.2162 0.0207 0 0 -10 0
0.4360 -0.2155 0.0211 0 0 -10 0
0.4340 -0.2156 0.0216 0 0 -10 0
0.4360 -0.2152 0.0214 0 0 -10 0
0.4500 -0.2148 0.0194 0 0 -10 0
0.4340 -0.2138 0.0192 0 0 -10 0
0.4340 -0.2138 0.0192 0 0 -10 0
0.4240 -0.2132 0.0201 0 0 -10 0
0.4440 -0.2124 0.0201 0 0 -10 0
0.4480 -0.2120 0.0181 0 0 -10 0
0.4420 -0.2119 0.0179 0 0 -10 0
0.4420 -0.2119 0.0179 0 0 -10 0
0.4500 -0.2120 0.0174 0 0 -10 0
0.4440 -0.2119 0.0169 0 0 -10 0
0.4500 -0.2119 0.0159 0 0 -10 0
0.4460 -0.2118 0.0171 0 0 -10 0
0.4180 -0.2113 0.0172 0 0 -10 0
0.4260 -0.2109 0.0173 0 0 -10 0
0.4260 -0.2109 0.0173 0 0 -10 0
0.4320 -0.2101 0.0168 0 0 -10 0
0.4480 -0.2089 0.0177 0 0 -10 0
0.4260 -0.2080 0.0175 0 0 -10 0
0.4260 -0.2080 0.0175 0 0 -10 0
0.4340 -0.2072 0.0160 0 0 -10 0
0.4360 -0.2065 0.0158 0 0 -10 0
0.4420 -0.2064 0.0154 0 0 -10 0
0.4160 -0.2062 0.0156 0 0 -10 0
0.4220 -0.2060 0.0154 0 0 -10 0
0.4460 -0.2058 0.0151 0 0 -10 0
0.4500 -0.2052 0.0142 0 0 -10 0
0.4300 -0.2044 0.0143 0 0 -10 0
0.4520 -0.2035 0.0130 0 0 -10 0
0.4300 -0.2027 0.0135 0 0 -10 0
0.4420 -0.2023 0.0132 0 0 -10 0
0.4420 -0.2023 0.0132 0 0 -10 0
0.4260 -0.2019 0.0116 0 0 -10 0
0.4600 -0.2015 0.0116 0 0 -10 0
0.4500 -0.2008 0.0104 0 0 -10 0
0.4560 -0.1997 0.0106 0 0 -10 0
0.4380 -0.1994 0.0118 0 0 -10 0
0.4440 -0.1991 0.0116 0 0 -10 0
0.4280 -0.1994 0.0121 0 0 -10 0
0.4280 -0.1994 0.0121 0 0 -10 0
0.4500 -0.1987 0.0105 0 0 -10 0
0.4560 -0.1987 0.0105 0 0 -10 0
0.4460 -0.1982 0.0103 0 0 -10 0
0.4500 -0.1970 0.0089 0 0 -10 0
0.4380 -0.1966 0.0082 0 0 -10 0
0.4380 -0.1966 0.0082 0 0 -10 0
0.4560 -0.1963 0.0061 0 0 -10 0
0.4520 -0.1960 0.0057 0 0 -10 0
0.4700 -0.1965 0.0059 0 0 -10 0
0.4460 -0.1965 0.0045 0 0 -10 0
0.4460 -0.1965 0.0045 0 0 -10 0
0.4400 -0.1959 0.0067 0 0 -10 0
0.4400 -0.1959 0.0067 0 0 -10 0
0.4440 -0.1953 0.0068 0 0 -10 0
0.4460 -0.1943 0.0042 0 0 -10 0
0.4440 -0.1937 0.0041 0 0 -10 0
0.4440 -0.1937 0.0041 0 0 -10 0
0.4240 -0.1931 0.0045 0 0 -10 0
0.4340 -0.1927 0.0044 0 0 -10 0
0.4460 -0.1923 0.0031 0 0 -10 0
0.4500 -0.1918 0.0053 0 0 -10 0
0.4320 -0.1909 0.0049 0 0 -10 0
0.4320 -0.1909 0.0049 0 0 -10 0
0.4360 -0.1905 0.0077 0 0 -10 0
0.4440 -0.1905 0.0108 0 0 -10 0
0.4580 -0.1899 0.0106 0 0 -10 0
0.4580 -0.1899 0.0106 0 0 -10 0
0.4620 -0.1897 0.0130 0 0 -10 0
0.4420 -0.1888 0.0123 0 0 -10 0
0.4400 -0.1882 0.0099 0 0 -10 0
0.4640 -0.1877 0.0105 0 0 -10 0
0.4920 -0.1868 0.0084 0 0 -10 0
0.4660 -0.1868 0.0082 0 0 -10 0
0.4660 -0.1868 0.0082 0 0 -10 0
0.4440 -0.1865 0.0088 0 0 -10 0
0.4640 -0.1859 0.0081 0 0 -10 0
0.4540 -0.1856 0.0058 0 0 -10 0
0.4260 -0.1855 0.0063 0 0 -10 0
0.4560 -0.1848 0.0089 0 0 -10 0
0.4760 -0.1843 0.0082 0 0 -10 0
0.4760 -0.1843 0.0082 0 0 -10 0
0.4580 -0.1838 0.0088 0 0 -10 0
0.4620 -0.1832 0.0049 0 0 -10 0
0.4540 -0.1828 0.0057 0 0 -10 0
0.4660 -0.1818 0.0051 0 0 -10 0
0.4440 -0.1813 0.0093 0 0 -10 0
0.4960 -0.1810 0.0095 0 0 -10 0
0.4960 -0.1810 0.0095 0 0 -10 0
0.4880 -0.1795 0.0070 0 0 -10 0
0.4700 -0.1787 0.0108 0 0 -10 0
0.4600 -0.1780 0.0090 0 0 -10 0
0.4740 -0.1776 0.0087 0 0 -10 0
0.4740 -0.1776 0.0092 0 0 -10 0
0.4840 -0.1776 0.0092 0 0 -10 0
0.4800 -0.1779 0.0090 0 0 -10 0
0.4820 -0.1780 0.0067 0 0 -10 0
0.4920 -0.1772 0.0092 0 0 -10 0
0.4780 -0.1764 0.0086 0 0 -10 0
0.4580 -0.1759 0.0082 0 0 -10 0
0.4840 -0.1755 0.0069 0 0 -10 0
0.4680 -0.1755 0.0073 0 0 -10 0
0.4700 -0.1759 0.0059 0 0 -10 0
0.4700 -0.1759 0.0044 0 0 -10 0
0.4740 -0.1757 0.0037 0 0 -10 0
0.4740 -0.1757 0.0037 0 0 -10 0
0.4780 -0.1755 0.0033 0 0 -10 0
0.4500 -0.1747 -0.0029 0 0 -10 0
0.4600 -0.1738 -0.0029 0 0 -10 0
0.4740 -0.1733 -0.0007 0 0 -10 0
0.4500 -0.1729 -0.0002 0 0 -10 0
0.4540 -0.1724 -0.0012 0 0 -10 0
0.4760 -0.1723 -0.0008 0 0 -10 0
0.4740 -0.1725 0.0021 0 0 -10 0
0.4700 -0.1721 0.0024 0 0 -10 0
0.4720 -0.1715 0.0021 0 0 -10 0
0.4680 -0.1712 0.0026 0 0 -10 0
0.4780 -0.1702 0.0037 0 0 -10 0
0.4760 -0.1696 0.0039 0 0 -10 0
0.4760 -0.1696 0.0039 0 0 -10 0
0.4960 -0.1679 0.0003 0 0 -10 0
0.4760 -0.1675 -0.0002 0 0 -10 0
0.4720 -0.1678 0.0004 0 0 -10 0
0.4680 -0.1677 -0.0011 0 0 -10 0
0.4680 -0.1673 0.0019 0 0 -10 0
0.4680 -0.1673 0.0019 0 0 -10 0
0.4740 -0.1671 0.0012 0 0 -10 0
0.4720 -0.1663 0.0006 0 0 -10 0
0.4700 -0.1659 -0.0004 0 0 -10 0
0.4820 -0.1652 0.0010 0 0 -10 0
0.4680 -0.1648 0.0004 0 0 -10 0
0.4680 -0.1648 0.0004 0 0 -10 0
0.4600 -0.1645 -0.0016 0 0 -10 0
0.4600 -0.1641 -0.0026 0 0 -10 0
0.4700 -0.1637 -0.0028 0 0 -10 0
0.4680 -0.1640 -0.0038 0 0 -10 0
0.4840 -0.1640 -0.0034 0 0 -10 0
0.4840 -0.1640 -0.0034 0 0 -10 0
0.4840 -0.1639 -0.0026 0 0 -10 0
0.4760 -0.1633 -0.0032 0 0 -10 0
0.4700 -0.1625 -0.0026 0 0 -10 0
0.4660 -0.1614 -0.0019 0 0 -10 0
0.4660 -0.1614 -0.0019 0 0 -10 0
0.4860 -0.1610 -0.0016 0 0 -10 0
0.4720 -0.1607 -0.0059 0 0 -10 0
0.4700 -0.1601 -0.0055 0 0 -10 0
0.4700 -0.1601 -0.0055 0 0 -10 0
0.4780 -0.1597 -0.0071 0 0 -10 0
0.4780 -0.1597 -0.0071 0 0 -10 0
0.4740 -0.1593 -0.0084 0 0 -10 0
0.4560 -0.1584 -0.0074 0 0 -10 0
0.4720 -0.1578 -0.0082 0 0 -10 0
0.4680 -0.1574 -0.0072 0 0 -10 0
0.4680 -0.1574 -0.0072 0 0 -10 0
0.4860 -0.1570 -0.0055 0 0 -10 0
0.4960 -0.1571 -0.0047 0 0 -10 0
0.4860 -0.1570 -0.0037 0 0 -10 0
0.5060 -0.1563 -0.0066 0 0 -10 0
0.4780 -0.1562 -0.0071 0 0 -10 0
0.4880 -0.1563 -0.0072 0 0 -10 0
0.4880 -0.1563 -0.0072 0 0 -10 0
0.4900 -0.1553 -0.0124 0 0 -10 0
0.4820 -0.1544 -0.0148 0 0 -10 0
0.4820 -0.1544 -0.0148 0 0 -10 0
0.5120 -0.1538 -0.0137 0 0 -10 0
0.5120 -0.1538 -0.0137 0 0 -10 0
0.5000 -0.1536 -0.0138 0 0 -10 0
0.5000 -0.1536 -0.0138 0 0 -10 0
0.4880 -0.1528 -0.0153 0 0 -10 0
0.4700 -0.1525 -0.0170 0 0 -10 0
0.4700 -0.1525 -0.0170 0 0 -10 0
0.4960 -0.1508 -0.0167 0 0 -10 0
0.4980 -0.1498 -0.0159 0 0 -10 0
0.4980 -0.1498 -0.0159 0 0 -10 0
0.4920 -0.1496 -0.0172 0 0 -10 0
0.4920 -0.1496 -0.0172 0 0 -10 0
0.4940 -0.1495 -0.0181 0 0 -10 0
0.5080 -0.1495 -0.0188 0 0 -10 0
0.4900 -0.1491 -0.0183 0 0 -10 0
0.4900 -0.1491 -0.0183 0 0 -10 0
0.4960 -0.1486 -0.0182 0 0 -10 0
0.4960 -0.1480 -0.0178 0 0 -10 0
0.4960 -0.1480 -0.0178 0 0 -10 0
0.5040 -0.1475 -0.0151 0 0 -10 0
0.5220 -0.1471 -0.0140 0 0 -10 0
0.5220 -0.1471 -0.0140 0 0 -10 0
0.5060 -0.1465 -0.0112 0 0 -10 0
0.5060 -0.1465 -0.0112 0 0 -10 0
0.5060 -0.1463 -0.0137 0 0 -10 0
0.5040 -0.1461 -0.0129 0 0 -10 0
0.5020 -0.1459 -0.0151 0 0 -10 0
0.5020 -0.1459 -0.0151 0 0 -10 0
0.5040 -0.1462 -0.0174 0 0 -10 0
0.5080 -0.1462 -0.0176 0 0 -10 0
0.5080 -0.1458 -0.0183 0 0 -10 0
0.5260 -0.1458 -0.0183 0 0 -10 0
0.5220 -0.1454 -0.0156 0 0 -10 0
0.5020 -0.1452 -0.0172 0 0 -10 0
0.4800 -0.1448 -0.0165 0 0 -10 0
0.5340 -0.1444 -0.0138 0 0 -10 0
0.5340 -0.1444 -0.0138 0 0 -10 0
0.5100 -0.1433 -0.0163 0 0 -10 0
0.5160 -0.1424 -0.0176 0 0 -10 0
0.5160 -0.1424 -0.0176 0 0 -10 0
0.5100 -0.1419 -0.0168 0 0 -10 0
0.5100 -0.1419 -0.0168 0 0 -10 0
0.5240 -0.1416 -0.0185 0 0 -10 0
0.5220 -0.1410 -0.0196 0 0 -10 0
0.5140 -0.1401 -0.0176 0 0 -10 0
0.5020 -0.1398 -0.0183 0 0 -10 0
0.5220 -0.1395 -0.0169 0 0 -10 0
0.5220 -0.1395 -0.0169 0 0 -10 0
0.5300 -0.1399 -0.0166 0 0 -10 0
0.5300 -0.1399 -0.0166 0 0 -10 0
0.5160 -0.1396 -0.0181 0 0 -10 0
0.5240 -0.1385 -0.0163 0 0 -10 0
0.5220 -0.1381 -0.0167 0 0 -10 0
0.5220 -0.1381 -0.0167 0 0 -10 0
0.5300 -0.1379 -0.0157 0 0 -10 0
0.5300 -0.1379 -0.0157 0 0 -10 0
0.5340 -0.1369 -0.0146 0 0 -10 0
0.5200 -0.1362 -0.0141 0 0 -10 0
0.5200 -0.1351 -0.0117 0 0 -10 0
0.5260 -0.1342 -0.0104 0 0 -10 0
0.5340 -0.1338 -0.0100 0 0 -10 0
0.5520 -0.1336 -0.0108 0 0 -10 0
0.5520 -0.1339 -0.0090 0 0 -10 0
0.5520 -0.1338 -0.0104 0 0 -10 0
0.5520 -0.1338 -0.0104 0 0 -10 0
0.5520 -0.1332 -0.0090 0 0 -10 0
0.5480 -0.1330 -0.0082 0 0 -10 0
0.5340 -0.1327 -0.0095 0 0 -10 0
0.5340 -0.1327 -0.0095 0 0 -10 0
0.5340 -0.1317 -0.0066 0 0 -10 0
0.5440 -0.1317 -0.0066 0 0 -10 0
0.5500 -0.1310 -0.0055 0 0 -10 0
0.5500 -0.1310 -0.0055 0 0 -10 0
0.5580 -0.1296 -0.0050 0 0 -10 0
0.5440 -0.1292 -0.0033 0 0 -10 0
0.5300 -0.1290 -0.0023 0 0 -10 0
0.5460 -0.1286 -0.0056 0 0 -10 0
0.5220 -0.1278 -0.0029 0 0 -10 0
0.5320 -0.1271 -0.0033 0 0 -10 0
0.5400 -0.1268 -0.0021 0 0 -10 0
0.5340 -0.1266 -0.0028 0 0 -10 0
0.5540 -0.1264 -0.0002 0 0 -10 0
0.5480 -0.1259 -0.0006 0 0 -10 0
0.5400 -0.1252 0.0003 0 0 -10 0
0.5400 -0.1252 0.0003 0 0 -10 0
0.5400 -0.1247 0.0000 0 0 -10 0
0.5500 -0.1235 0.0018 0 0 -10 0
0.5640 -0.1232 0.0028 0 0 -10 0
0.5740 -0.1230 0.0025 0 0 -10 0
0.5660 -0.1230 0.0032 0 0 -10 0
0.5660 -0.1230 0.0032 0 0 -10 0
0.5300 -0.1229 0.0034 0 0 -10 0
0.5520 -0.1225 0.0053 0 0 -10 0
0.5680 -0.1225 0.0073 0 0 -10 0
0.5540 -0.1225 0.0073 0 0 -10 0
0.5660 -0.1222 0.0094 0 0 -10 0
0.5660 -0.1218 0.0092 0 0 -10 0
0.5660 -0.1217 0.0098 0 0 -10 0
0.5640 -0.1217 0.0098 0 0 -10 0
0.5640 -0.1217 0.0098 0 0 -10 0
0.5840 -0.1218 0.0103 0 0 -10 0
0.5740 -0.1220 0.0108 0 0 -10 0
0.5620 -0.1219 0.0111 0 0 -10 0
0.5780 -0.1215 0.0104 0 0 -10 0
0.5700 -0.1209 0.0106 0 0 -10 0
0.5960 -0.1201 0.0097 0 0 -10 0
0.5680 -0.1193 0.0082 0 0 -10 0
0.5600 -0.1188 0.0083 0 0 -10 0
0.5880 -0.1181 0.0090 0 0 -10 0
0.5860 -0.1178 0.0092 0 0 -10 0
0.5880 -0.1175 0.0062 0 0 -10 0
0.5880 -0.1175 0.0062 0 0 -10 0
0.5760 -0.1170 0.0061 0 0 -10 0
0.5780 -0.1166 0.0084 0 0 -10 0
0.5900 -0.1162 0.0090 0 0 -10 0
0.5680 -0.1158 0.0071 0 0 -10 0
0.5680 -0.1158 0.0071 0 0 -10 0
0.5760 -0.1155 0.0083 0 0 -10 0
0.5940 -0.1162 0.0098 0 0 -10 0
0.5740 -0.1158 0.0099 0 0 -10 0
0.5900 -0.1158 0.0132 0 0 -10 0
0.5900 -0.1158 0.0132 0 0 -10 0
0.5800 -0.1151 0.0133 0 0 -10 0
0.5720 -0.1145 0.0121 0 0 -10 0
0.5680 -0.1142 0.0125 0 0 -10 0
0.5820 -0.1142 0.0127 0 0 -10 0
0.5840 -0.1140 0.0127 0 0 -10 0
0.6000 -0.1133 0.0109 0 0 -10 0
0.6000 -0.1133 0.0109 0 0 -10 0
0.5540 -0.1129 0.0110 0 0 -10 0
0.5540 -0.1128 0.0092 0 0 -10 0
0.6060 -0.1127 0.0097 0 0 -10 0
0.5900 -0.1126 0.0095 0 0 -10 0
0.5900 -0.1126 0.0095 0 0 -10 0
0.5680 -0.1119 0.0071 0 0 -10 0
0.5820 -0.1109 0.0074 0 0 -10 0
0.6080 -0.1100 0.0074 0 0 -10 0
0.5920 -0.1089 0.0079 0 0 -10 0
0.5900 -0.1083 0.0087 0 0 -10 0
0.5900 -0.1076 0.0084 0 0 -10 0
0.5940 -0.1076 0.0084 0 0 -10 0
0.6020 -0.1078 0.0091 0 0 -10 0
0.6040 -0.1079 0.0094 0 0 -10 0
0.5820 -0.1077 0.0112 0 0 -10 0
0.5820 -0.1077 0.0112 0 0 -10 0
0.5760 -0.1074 0.0108 0 0 -10 0
0.6040 -0.1072 0.0102 0 0 -10 0
0.6020 -0.1065 0.0099 0 0 -10 0
0.5980 -0.1059 0.0116 0 0 -10 0
0.5920 -0.1052 0.0114 0 0 -10 0
0.5920 -0.1052 0.0114 0 0 -10 0
0.5880 -0.1047 0.0095 0 0 -10 0
0.6120 -0.1037 0.0112 0 0 -10 0
0.6180 -0.1028 0.0112 0 0 -10 0
0.6140 -0.1021 0.0121 0 0 -10 0
0.6000 -0.1009 0.0119 0 0 -10 0
0.6060 -0.1003 0.0153 0 0 -10 0
0.6220 -0.1003 0.0149 0 0 -10 0
0.6220 -0.1003 0.0149 0 0 -10 0
0.6180 -0.1011 0.0131 0 0 -10 0
0.6180 -0.1011 0.0131 0 0 -10 0
0.6140 -0.1008 0.0139 0 0 -10 0
0.6180 -0.0991 0.0140 0 0 -10 0
0.6340 -0.0978 0.0136 0 0 -10 0
0.6340 -0.0978 0.0136 0 0 -10 0
0.6360 -0.0971 0.0139 0 0 -10 0
0.6300 -0.0969 0.0139 0 0 -10 0
0.6160 -0.0970 0.0140 0 0 -10 0
0.6060 -0.0966 0.0163 0 0 -10 0
0.6320 -0.0962 0.0165 0 0 -10 0
0.6320 -0.0955 0.0159 0 0 -10 0
0.6200 -0.0955 0.0159 0 0 -10 0
0.6160 -0.0947 0.0169 0 0 -10 0
0.6080 -0.0936 0.0165 0 0 -10 0
0.6140 -0.0936 0.0165 0 0 -10 0
0.6200 -0.0932 0.0162 0 0 -10 0
0.6060 -0.0928 0.0165 0 0 -10 0
0.6200 -0.0927 0.0165 0 0 -10 0
0.6340 -0.0924 0.0171 0 0 -10 0
0.6220 -0.0923 0.0171 0 0 -10 0
0.6220 -0.0925 0.0161 0 0 -10 0
0.6220 -0.0925 0.0161 0 0 -10 0
0.6140 -0.0924 0.0161 0 0 -10 0
0.6240 -0.0920 0.0155 0 0 -10 0
0.6100 -0.0908 0.0171 0 0 -10 0
0.6140 -0.0899 0.0173 0 0 -10 0
0.6140 -0.0899 0.0173 0 0 -10 0
0.6440 -0.0892 0.0142 0 0 -10 0
0.6380 -0.0889 0.0135 0 0 -10 0
0.6300 -0.0888 0.0146 0 0 -10 0
0.6180 -0.0890 0.0146 0 0 -10 0
0.6380 -0.0889 0.0133 0 0 -10 0
0.6380 -0.0889 0.0133 0 0 -10 0
0.6380 -0.0884 0.0150 0 0 -10 0
0.6400 -0.0879 0.0146 0 0 -10 0
0.6380 -0.0874 0.0139 0 0 -10 0
0.6380 -0.0870 0.0129 0 0 -10 0
0.6460 -0.0870 0.0129 0 0 -10 0
0.6400 -0.0868 0.0121 0 0 -10 0
0.6400 -0.0868 0.0121 0 0 -10 0
0.6340 -0.0865 0.0117 0 0 -10 0
0.6540 -0.0866 0.0133 0 0 -10 0
0.6440 -0.0867 0.0130 0 0 -10 0
0.6560 -0.0859 0.0118 0 0 -10 0
0.6560 -0.0859 0.0118 0 0 -10 0
0.6680 -0.0841 0.0147 0 0 -10 0
0.6680 -0.0841 0.0147 0 0 -10 0
0.6260 -0.0834 0.0138 0 0 -10 0
0.6300 -0.0826 0.0131 0 0 -10 0
0.6520 -0.0821 0.0127 0 0 -10 0
0.6520 -0.0826 0.0128 0 0 -10 0
0.6520 -0.0826 0.0128 0 0 -10 0
0.6740 -0.0826 0.0085 0 0 -10 0
0.6740 -0.0826 0.0085 0 0 -10 0
0.6600 -0.0820 0.0090 0 0 -10 0
0.6700 -0.0811 0.0090 0 0 -10 0
0.6480 -0.0810 0.0080 0 0 -10 0
0.6480 -0.0809 0.0090 0 0 -10 0
0.6460 -0.0808 0.0126 0 0 -10 0
0.6700 -0.0808 0.0126 0 0 -10 0
0.6700 -0.0808 0.0126 0 0 -10 0
0.6640 -0.0808 0.0109 0 0 -10 0
0.6580 -0.0807 0.0113 0 0 -10 0
0.6500 -0.0800 0.0120 0 0 -10 0
0.6480 -0.0791 0.0117 0 0 -10 0
0.6680 -0.0785 0.0116 0 0 -10 0
0.6640 -0.0781 0.0122 0 0 -10 0
0.6640 -0.0781 0.0122 0 0 -10 0
0.6580 -0.0771 0.0126 0 0 -10 0
0.6540 -0.0763 0.0127 0 0 -10 0
0.6680 -0.0756 0.0117 0 0 -10 0
0.6540 -0.0753 0.0125 0 0 -10 0
0.6640 -0.0749 0.0118 0 0 -10 0
0.6580 -0.0744 0.0104 0 0 -10 0
0.6700 -0.0742 0.0104 0 0 -10 0
0.6620 -0.0730 0.0094 0 0 -10 0
0.6860 -0.0724 0.0099 0 0 -10 0
0.6860 -0.0724 0.0099 0 0 -10 0
0.6680 -0.0719 0.0101 0 0 -10 0
0.6660 -0.0714 0.0100 0 0 -10 0
0.6700 -0.0717 0.0119 0 0 -10 0
0.6760 -0.0723 0.0116 0 0 -10 0
0.6660 -0.0726 0.0103 0 0 -10 0
0.6560 -0.0728 0.0104 0 0 -10 0
0.6560 -0.0728 0.0104 0 0 -10 0
0.6720 -0.0729 0.0106 0 0 -10 0
0.6920 -0.0723 0.0097 0 0 -10 0
0.6780 -0.0717 0.0102 0 0 -10 0
0.6880 -0.0711 0.0118 0 0 -10 0
0.6880 -0.0711 0.0118 0 0 -10 0
0.6840 -0.0699 0.0119 0 0 -10 0
0.6800 -0.0685 0.0098 0 0 -10 0
0.6920 -0.0674 0.0099 0 0 -10 0
0.6920 -0.0669 0.0069 0 0 -10 0
0.6980 -0.0668 0.0058 0 0 -10 0
0.6980 -0.0667 0.0052 0 0 -10 0
0.6820 -0.0667 0.0052 0 0 -10 0
0.6880 -0.0667 0.0055 0 0 -10 0
0.6940 -0.0664 0.0065 0 0 -10 0
0.6660 -0.0662 0.0063 0 0 -10 0
0.6800 -0.0654 0.0046 0 0 -10 0
0.6700 -0.0650 0.0098 0 0 -10 0
0.6700 -0.0650 0.0098 0 0 -10 0
0.6660 -0.0649 0.0100 0 0 -10 0
0.6700 -0.0655 0.0065 0 0 -10 0
0.6620 -0.0649 0.0063 0 0 -10 0
0.6620 -0.0649 0.0063 0 0 -10 0
0.6720 -0.0647 0.0060 0 0 -10 0
0.6800 -0.0639 0.0034 0 0 -10 0
0.7140 -0.0636 0.0043 0 0 -10 0
0.6820 -0.0632 0.0039 0 0 -10 0
0.6880 -0.0622 0.0043 0 0 -10 0
0.6880 -0.0622 0.0043 0 0 -10 0
0.6740 -0.0615 0.0016 0 0 -10 0
0.6740 -0.0606 0.0035 0 0 -10 0
0.7000 -0.0607 0.0003 0 0 -10 0
0.6780 -0.0603 0.0011 0 0 -10 0
0.6780 -0.0603 0.0011 0 0 -10 0
0.6680 -0.0599 0.0002 0 0 -10 0
0.6840 -0.0590 -0.0006 0 0 -10 0
0.6880 -0.0580 0.0008 0 0 -10 0
0.6880 -0.0580 0.0008 0 0 -10 0
0.6780 -0.0572 -0.0008 0 0 -10 0
0.6900 -0.0565 0.0009 0 0 -10 0
0.6720 -0.0561 0.0006 0 0 -10 0
0.6780 -0.0558 0.0031 0 0 -10 0
0.6640 -0.0553 0.0039 0 0 -10 0
0.6960 -0.0551 0.0057 0 0 -10 0
0.6980 -0.0546 0.0066 0 0 -10 0
0.6980 -0.0546 0.0066 0 0 -10 0
0.7140 -0.0547 0.0063 0 0 -10 0
0.6840 -0.0545 0.0053 0 0 -10 0
0.6740 -0.0541 0.0069 0 0 -10 0
0.6740 -0.0541 0.0069 0 0 -10 0
0.6840 -0.0533 0.0061 0 0 -10 0
0.6880 -0.0529 0.0047 0 0 -10 0
0.6780 -0.0523 0.0031 0 0 -10 0
0.6820 -0.0519 0.0036 0 0 -10 0
0.6820 -0.0519 0.0036 0 0 -10 0
0.6780 -0.0508 0.0040 0 0 -10 0
0.6980 -0.0505 0.0062 0 0 -10 0
0.6600 -0.0503 0.0069 0 0 -10 0
0.6820 -0.0504 0.0036 0 0 -10 0
0.6880 -0.0504 0.0038 0 0 -10 0
0.6880 -0.0504 0.0038 0 0 -10 0
0.6780 -0.0501 0.0022 0 0 -10 0
0.6960 -0.0490 0.0014 0 0 -10 0
0.6740 -0.0483 0.0013 0 0 -10 0
0.6740 -0.0483 0.0013 0 0 -10 0
0.6620 -0.0475 0.0028 0 0 -10 0
0.6620 -0.0475 0.0028 0 0 -10 0
0.6840 -0.0474 -0.0002 0 0 -10 0
0.6640 -0.0475 -0.0007 0 0 -10 0
0.6980 -0.0479 0.0001 0 0 -10 0
0.6980 -0.0479 0.0001 0 0 -10 0
0.6640 -0.0469 -0.0001 0 0 -10 0
0.6720 -0.0461 -0.0013 0 0 -10 0
0.6820 -0.0452 -0.0020 0 0 -10 0
0.6820 -0.0446 -0.0014 0 0 -10 0
0.6920 -0.0445 -0.0005 0 0 -10 0
0.6760 -0.0446 -0.0011 0 0 -10 0
0.6900 -0.0446 -0.0006 0 0 -10 0
0.6900 -0.0446 -0.0006 0 0 -10 0
0.6840 -0.0443 0.0019 0 0 -10 0
0.7140 -0.0431 0.0024 0 0 -10 0
0.7140 -0.0431 0.0024 0 0 -10 0
0.7040 -0.0421 0.0032 0 0 -10 0
0.7080 -0.0412 0.0028 0 0 -10 0
0.7020 -0.0408 0.0030 0 0 -10 0
0.7080 -0.0410 0.0033 0 0 -10 0
0.7060 -0.0418 0.0028 0 0 -10 0
0.7060 -0.0418 0.0028 0 0 -10 0
0.7040 -0.0421 0.0028 0 0 -10 0
0.7080 -0.0415 0.0019 0 0 -10 0
0.7060 -0.0407 0.0021 0 0 -10 0
0.7020 -0.0399 0.0037 0 0 -10 0
0.7020 -0.0399 0.0037 0 0 -10 0
0.7040 -0.0390 0.0035 0 0 -10 0
0.7040 -0.0390 0.0035 0 0 -10 0
0.7000 -0.0384 0.0036 0 0 -10 0
0.6960 -0.0382 0.0053 0 0 -10 0
0.7060 -0.0378 0.0062 0 0 -10 0
0.7000 -0.0377 0.0064 0 0 -10 0
0.7000 -0.0377 0.0064 0 0 -10 0
0.6920 -0.0375 0.0064 0 0 -10 0
0.7000 -0.0375 0.0066 0 0 0 0
0.7060 -0.0351 0.0038 0 0 -10 0
0.7100 -0.0342 0.0015 0 0 -10 0
0.7000 -0.0334 0.0033 0 0 -10 0
0.7000 -0.0334 0.0033 0 0 0 0
0.7180 -0.0320 0.0043 0 0 -10 0
0.6800 -0.0321 0.0064 0 0 -10 0
0.7020 -0.0323 0.0065 0 0 -10 0
0.7160 -0.0324 0.0066 0 0 0 0
0.7120 -0.0309 0.0101 0 0 -10 0
0.7260 -0.0298 0.0123 0 0 -10 0
0.7260 -0.0298 0.0123 0 0 -10 0
0.7260 -0.0298 0.0116 0 0 -10 0
0.7260 -0.0298 0.0116 0 0 -10 0
0.7280 -0.0298 0.0125 0 0 -10 0
0.7120 -0.0297 0.0122 0 0 -10 0
0.7180 -0.0294 0.0109 0 0 -10 0
0.7200 -0.0293 0.0108 0 0 -10 0
0.7200 -0.0293 0.0108 0 0 -10 0
0.7240 -0.0288 0.0135 0 0 0 0
0.7240 -0.0287 0.0148 0 0 -10 0
0.7060 -0.0268 0.0159 0 0 -10 0
0.7280 -0.0264 0.0156 0 0 -10 0
0.7040 -0.0258 0.0152 0 0 0 0
0.6980 -0.0248 0.0164 0 0 -10 0
0.7020 -0.0240 0.0170 0 0 -10 0
0.7020 -0.0240 0.0170 0 0 -10 0
0.7080 -0.0242 0.0186 0 0 -10 0
0.7360 -0.0243 0.0191 0 0 0 0
0.7140 -0.0240 0.0184 0 0 -10 0
0.7060 -0.0230 0.0169 0 0 -10 0
0.7160 -0.0229 0.0179 0 0 -10 0
0.7040 -0.0228 0.0188 0 0 0 0
0.7140 -0.0223 0.0211 0 0 -10 0
0.6940 -0.0216 0.0190 0 0 -10 0
0.7120 -0.0218 0.0190 0 0 -10 0
0.7120 -0.0218 0.0190 0 0 -10 0
0.6880 -0.0221 0.0165 0 0 0 0
0.7200 -0.0225 0.0219 0 0 -10 0
0.7120 -0.0220 0.0193 0 0 -10 0
0.7160 -0.0219 0.0208 0 0 -10 0
0.7160 -0.0219 0.0208 0 0 -10 0
0.7260 -0.0223 0.0204 0 0 0 0
0.7220 -0.0221 0.0198 0 0 -10 0
0.7380 -0.0218 0.0193 0 0 -10 0
0.7300 -0.0210 0.0197 0 0 -10 0
0.7360 -0.0209 0.0193 0 0 0 0
0.7400 -0.0210 0.0218 0 0 -10 0
0.7300 -0.0195 0.0251 0 0 -10 0
0.7160 -0.0193 0.0257 0 0 -10 0
0.7260 -0.0196 0.0262 0 0 0 0
0.7160 -0.0193 0.0262 0 0 -10 0
0.7160 -0.0199 0.0253 0 0 -10 0
0.7300 -0.0187 0.0246 0 0 -10 0
0.7120 -0.0185 0.0256 0 0 0 0
0.7200 -0.0183 0.0260 0 0 -10 0
0.7260 -0.0180 0.0270 0 0 -10 0
0.7320 -0.0176 0.0269 0 0 -10 0
0.7160 -0.0175 0.0296 0 0 -10 0
0.7220 -0.0175 0.0301 0 0 0 0
0.7160 -0.0183 0.0321 0 0 -10 0
0.7280 -0.0167 0.0325 0 0 -10 0
0.7180 -0.0164 0.0301 0 0 -10 0
0.7340 -0.0163 0.0299 0 0 -10 0
0.7260 -0.0161 0.0317 0 0 0 0
0.7220 -0.0159 0.0324 0 0 -10 0
0.7140 -0.0143 0.0308 0 0 -10 0
0.7300 -0.0142 0.0282 0 0 -10 0
0.7060 -0.0144 0.0282 0 0 -10 0
0.7060 -0.0144 0.0282 0 0 0 0
0.7580 -0.0113 0.0152 0 0 0 -10
0.7460 -0.0110 0.0167 0 0 0 -10
0.7540 -0.0115 0.0142 0 0 0 -10
0.7660 -0.0117 0.0141 0 0 0 0
0.7540 -0.0120 0.0078 0 0 0 -10
0.7660 -0.0085 0.0123 0 0 0 -10
0.7540 -0.0088 0.0135 0 0 0 -10
0.7540 -0.0091 0.0128 0 0 0 -10
0.7600 -0.0091 0.0128 0 0 0 -10
0.7520 -0.0095 0.0125 0 0 0 0
0.7540 -0.0100 0.0056 0 0 -10 0
0.7500 -0.0112 0.0052 0 0 -10 0
0.7440 -0.0118 0.0061 0 0 -10 0
0.7600 -0.0116 0.0054 0 0 -10 0
0.7520 -0.0112 0.0055 0 0 0 0
0.7660 -0.0121 0.0038 0 0 -10 0
0.7420 -0.0099 0.0021 0 0 -10 0
0.7540 -0.0091 0.0025 0 0 -10 0
0.7540 -0.0091 0.0025 0 0 -10 0
0.7540 -0.0098 0.0006 0 0 0 0
0.7760 -0.0101 0.0006 0 0 -10 0
0.7520 -0.0089 -0.0009 0 0 -10 0
0.7400 -0.0076 -0.0016 0 0 0 0
0.7260 -0.0053 -0.0096 0 0 -10 0
0.7120 -0.0056 -0.0081 0 0 -10 0
0.7120 -0.0052 -0.0093 0 0 -10 0
0.7120 -0.0052 -0.0093 0 0 0 0
