0.4140 -0.2854 -0.0167 0 0 -10 0
0.4080 -0.2864 -0.0155 0 0 -10 0
0.4160 -0.2859 -0.0139 0 0 -10 0
0.4160 -0.2857 -0.0139 0 0 -10 0
0.4160 -0.2857 -0.0139 0 0 -10 0
0.4260 -0.2857 -0.0121 0 0 -10 0
0.4080 -0.2857 -0.0121 0 0 -10 0
0.4060 -0.2860 -0.0136 0 0 -10 0
0.4260 -0.2860 -0.0127 0 0 -10 0
0.4180 -0.2860 -0.0130 0 0 -10 0
0.4180 -0.2860 -0.0130 0 0 -10 0
0.4180 -0.2857 -0.0126 0 0 -10 0
0.4080 -0.2851 -0.0141 0 0 -10 0
0.4140 -0.2850 -0.0140 0 0 -10 0
0.4140 -0.2850 -0.0140 0 0 -10 0
0.4080 -0.2846 -0.0120 0 0 -10 0
0.4020 -0.2848 -0.0136 0 0 -10 0
0.4020 -0.2848 -0.0136 0 0 -10 0
0.3900 -0.2846 -0.0130 0 0 -10 0
0.3900 -0.2846 -0.0130 0 0 -10 0
0.4000 -0.2839 -0.0146 0 0 -10 0
0.4000 -0.2839 -0.0146 0 0 -10 0
0.4040 -0.2829 -0.0081 0 0 -10 0
0.3960 -0.2822 -0.0077 0 0 -10 0
0.4040 -0.2822 -0.0090 0 0 -10 0
0.4040 -0.2821 -0.0105 0 0 -10 0
0.4040 -0.2817 -0.0063 0 0 0 0
0.4060 -0.2801 -0.0084 0 0 -10 0
0.3920 -0.2766 -0.0013 0 0 -10 0
0.4100 -0.2763 0.0027 0 0 -10 0
0.4100 -0.2763 0.0027 0 0 -10 0
0.4020 -0.2766 0.0006 0 0 -10 0
0.4000 -0.2770 0.0010 0 0 -10 0
0.3940 -0.2773 -0.0004 0 0 -10 0
0.4140 -0.2774 0.0002 0 0 -10 0
0.4140 -0.2774 0.0002 0 0 -10 0
0.4280 -0.2776 -0.0019 0 0 -10 0
0.4280 -0.2776 -0.0019 0 0 -10 0
0.4040 -0.2777 -0.0040 0 0 -10 0
0.4040 -0.2777 -0.0040 0 0 -10 0
0.4100 -0.2766 -0.0066 0 0 -10 0
0.4100 -0.2766 -0.0066 0 0 -10 0
0.3940 -0.2762 -0.0061 0 0 -10 0
0.4160 -0.2758 -0.0053 0 0 -10 0
0.4080 -0.2751 -0.0047 0 0 -10 0
0.3940 -0.2744 -0.0043 0 0 -10 0
0.4200 -0.2740 -0.0015 0 0 -10 0
0.4160 -0.2740 -0.0007 0 0 -10 0
0.4160 -0.2738 -0.0020 0 0 -10 0
0.4120 -0.2738 -0.0020 0 0 -10 0
0.4200 -0.2733 -0.0021 0 0 -10 0
0.4120 -0.2729 -0.0004 0 0 -10 0
0.4060 -0.2724 -0.0007 0 0 -10 0
0.4060 -0.2724 -0.0007 0 0 -10 0
0.4140 -0.2713 -0.0038 0 0 -10 0
0.4140 -0.2713 -0.0038 0 0 -10 0
0.4240 -0.2709 -0.0059 0 0 -10 0
0.4340 -0.2705 -0.0071 0 0 -10 0
0.4160 -0.2704 -0.0108 0 0 -10 0
0.4400 -0.2703 -0.0114 0 0 -10 0
0.4320 -0.2697 -0.0113 0 0 -10 0
0.4260 -0.2693 -0.0104 0 0 -10 0
0.4320 -0.2685 -0.0104 0 0 -10 0
0.4320 -0.2685 -0.0104 0 0 -10 0
0.4300 -0.2674 -0.0107 0 0 -10 0
0.4300 -0.2674 -0.0107 0 0 -10 0
0.4360 -0.2671 -0.0118 0 0 -10 0
0.4400 -0.2670 -0.0113 0 0 -10 0
0.4240 -0.2664 -0.0119 0 0 -10 0
0.4240 -0.2659 -0.0119 0 0 -10 0
0.4120 -0.2659 -0.0119 0 0 -10 0
0.4060 -0.2653 -0.0152 0 0 -10 0
0.3960 -0.2652 -0.0155 0 0 -10 0
0.4100 -0.2656 -0.0134 0 0 -10 0
0.4200 -0.2661 -0.0132 0 0 -10 0
0.4160 -0.2664 -0.0145 0 0 -10 0
0.4120 -0.2660 -0.0144 0 0 -10 0
0.4120 -0.2660 -0.0144 0 0 -10 0
0.4100 -0.2655 -0.0099 0 0 -10 0
0.4080 -0.2640 -0.0109 0 0 -10 0
0.4080 -0.2636 -0.0075 0 0 -10 0
0.4080 -0.2632 -0.0084 0 0 -10 0
0.4260 -0.2630 -0.0088 0 0 -10 0
0.4260 -0.2630 -0.0088 0 0 -10 0
0.4060 -0.2630 -0.0096 0 0 -10 0
0.4320 -0.2620 -0.0088 0 0 -10 0
0.4260 -0.2611 -0.0091 0 0 -10 0
0.4360 -0.2604 -0.0106 0 0 -10 0
0.4360 -0.2604 -0.0106 0 0 -10 0
0.4340 -0.2594 -0.0128 0 0 -10 0
0.4420 -0.2592 -0.0149 0 0 -10 0
0.4540 -0.2591 -0.0146 0 0 -10 0
0.4540 -0.2591 -0.0146 0 0 -10 0
0.4360 -0.2573 -0.0129 0 0 -10 0
0.4540 -0.2559 -0.0126 0 0 -10 0
0.4180 -0.2554 -0.0122 0 0 -10 0
0.4180 -0.2549 -0.0128 0 0 -10 0
0.4520 -0.2546 -0.0128 0 0 -10 0
0.4380 -0.2547 -0.0152 0 0 -10 0
0.4380 -0.2547 -0.0152 0 0 -10 0
0.4400 -0.2547 -0.0154 0 0 -10 0
0.4440 -0.2550 -0.0167 0 0 -10 0
0.4520 -0.2548 -0.0167 0 0 -10 0
0.4360 -0.2544 -0.0172 0 0 -10 0
0.4380 -0.2535 -0.0170 0 0 -10 0
0.4260 -0.2531 -0.0148 0 0 -10 0
0.4260 -0.2531 -0.0148 0 0 -10 0
0.4260 -0.2525 -0.0170 0 0 -10 0
0.4540 -0.2521 -0.0169 0 0 -10 0
0.4460 -0.2521 -0.0103 0 0 -10 0
0.4460 -0.2521 -0.0103 0 0 -10 0
0.4380 -0.2513 -0.0114 0 0 -10 0
0.4420 -0.2508 -0.0114 0 0 -10 0
0.4320 -0.2503 -0.0107 0 0 -10 0
0.4320 -0.2495 -0.0100 0 0 -10 0
0.4180 -0.2485 -0.0112 0 0 -10 0
0.4180 -0.2485 -0.0112 0 0 -10 0
0.4040 -0.2480 -0.0118 0 0 -10 0
0.4060 -0.2477 -0.0063 0 0 -10 0
0.4280 -0.2476 -0.0069 0 0 -10 0
0.4080 -0.2474 -0.0066 0 0 -10 0
0.4260 -0.2472 -0.0070 0 0 -10 0
0.4300 -0.2473 -0.0086 0 0 -10 0
0.4300 -0.2473 -0.0086 0 0 -10 0
0.4520 -0.2476 -0.0084 0 0 -10 0
0.4460 -0.2477 -0.0078 0 0 -10 0
0.4160 -0.2477 -0.0067 0 0 -10 0
0.4160 -0.2477 -0.0067 0 0 -10 0
0.4340 -0.2471 -0.0086 0 0 -10 0
0.4340 -0.2465 -0.0088 0 0 -10 0
0.4360 -0.2465 -0.0088 0 0 -10 0
0.4280 -0.2461 -0.0078 0 0 -10 0
0.4160 -0.2457 -0.0076 0 0 -10 0
0.4420 -0.2452 -0.0078 0 0 -10 0
0.4420 -0.2452 -0.0078 0 0 -10 0
0.4240 -0.2438 -0.0078 0 0 -10 0
0.4240 -0.2438 -0.0078 0 0 -10 0
0.4420 -0.2418 -0.0068 0 0 -10 0
0.4240 -0.2415 -0.0063 0 0 -10 0
0.4280 -0.2417 -0.0059 0 0 -10 0
0.4280 -0.2417 -0.0059 0 0 -10 0
0.4220 -0.2415 -0.0057 0 0 -10 0
0.4120 -0.2413 -0.0060 0 0 -10 0
0.4240 -0.2411 -0.0065 0 0 -10 0
0.4280 -0.2407 -0.0088 0 0 -10 0
0.4400 -0.2407 -0.0098 0 0 -10 0
0.4400 -0.2407 -0.0098 0 0 -10 0
0.4140 -0.2405 -0.0105 0 0 -10 0
0.4080 -0.2404 -0.0106 0 0 -10 0
0.4260 -0.2395 -0.0134 0 0 -10 0
0.4460 -0.2384 -0.0131 0 0 -10 0
0.4460 -0.2384 -0.0131 0 0 -10 0
0.4300 -0.2376 -0.0148 0 0 -10 0
0.4300 -0.2369 -0.0144 0 0 -10 0
0.4380 -0.2355 -0.0117 0 0 -10 0
0.4380 -0.2355 -0.0117 0 0 -10 0
0.4280 -0.2342 -0.0110 0 0 -10 0
0.4280 -0.2342 -0.0110 0 0 -10 0
0.4420 -0.2336 -0.0115 0 0 -10 0
0.4300 -0.2335 -0.0115 0 0 -10 0
0.4360 -0.2335 -0.0115 0 0 -10 0
0.4380 -0.2336 -0.0108 0 0 -10 0
0.4300 -0.2339 -0.0097 0 0 -10 0
0.4300 -0.2342 -0.0091 0 0 -10 0
0.4300 -0.2342 -0.0091 0 0 -10 0
0.4480 -0.2341 -0.0074 0 0 -10 0
0.4260 -0.2337 -0.0054 0 0 -10 0
0.4440 -0.2330 -0.0056 0 0 -10 0
0.4520 -0.2324 -0.0058 0 0 -10 0
0.4380 -0.2312 -0.0051 0 0 -10 0
0.4420 -0.2302 -0.0039 0 0 -10 0
0.4380 -0.2294 -0.0042 0 0 -10 0
0.4420 -0.2290 -0.0042 0 0 -10 0
0.4380 -0.2286 -0.0044 0 0 -10 0
0.4460 -0.2282 -0.0034 0 0 -10 0
0.4300 -0.2272 -0.0026 0 0 -10 0
0.4300 -0.2272 -0.0026 0 0 -10 0
0.4540 -0.2272 -0.0026 0 0 -10 0
0.4280 -0.2267 -0.0015 0 0 -10 0
0.4380 -0.2260 -0.0035 0 0 -10 0
0.4380 -0.2260 -0.0035 0 0 -10 0
0.4360 -0.2256 -0.0028 0 0 -10 0
0.4460 -0.2256 -0.0028 0 0 -10 0
0.4520 -0.2252 -0.0027 0 0 -10 0
0.4360 -0.2246 -0.0031 0 0 -10 0
0.4300 -0.2241 0.0008 0 0 -10 0
0.4300 -0.2241 0.0008 0 0 -10 0
0.4440 -0.2237 0.0004 0 0 -10 0
0.4360 -0.2231 -0.0014 0 0 -10 0
0.4400 -0.2230 -0.0013 0 0 -10 0
0.4620 -0.2230 -0.0012 0 0 -10 0
0.4620 -0.2224 -0.0014 0 0 -10 0
0.4600 -0.2224 -0.0025 0 0 -10 0
0.4600 -0.2224 -0.0025 0 0 -10 0
0.4500 -0.2215 -0.0029 0 0 -10 0
0.4500 -0.2212 -0.0027 0 0 -10 0
0.4500 -0.2205 -0.0051 0 0 -10 0
0.4500 -0.2205 -0.0051 0 0 -10 0
0.4580 -0.2194 -0.0040 0 0 -10 0
0.4580 -0.2194 -0.0040 0 0 -10 0
0.4520 -0.2191 -0.0052 0 0 -10 0
0.4540 -0.2189 -0.0056 0 0 -10 0
0.4540 -0.2189 -0.0056 0 0 -10 0
0.4520 -0.2185 -0.0079 0 0 -10 0
0.4500 -0.2183 -0.0085 0 0 -10 0
0.4360 -0.2181 -0.0113 0 0 -10 0
0.4580 -0.2173 -0.0114 0 0 -10 0
0.4600 -0.2166 -0.0091 0 0 -10 0
0.4620 -0.2162 -0.0093 0 0 -10 0
0.4620 -0.2162 -0.0093 0 0 -10 0
0.4720 -0.2165 -0.0083 0 0 -10 0
0.4620 -0.2163 -0.0090 0 0 -10 0
0.4500 -0.2157 -0.0075 0 0 -10 0
0.4340 -0.2152 -0.0107 0 0 -10 0
0.4540 -0.2150 -0.0110 0 0 -10 0
0.4540 -0.2150 -0.0110 0 0 -10 0
0.4380 -0.2150 -0.0117 0 0 -10 0
0.4660 -0.2144 -0.0119 0 0 -10 0
0.4440 -0.2135 -0.0102 0 0 -10 0
0.4380 -0.2129 -0.0101 0 0 -10 0
0.4500 -0.2121 -0.0096 0 0 -10 0
0.4500 -0.2117 -0.0098 0 0 -10 0
0.4380 -0.2117 -0.0098 0 0 -10 0
0.4460 -0.2111 -0.0107 0 0 -10 0
0.4540 -0.2107 -0.0106 0 0 -10 0
0.4620 -0.2103 -0.0110 0 0 -10 0
0.4560 -0.2097 -0.0087 0 0 -10 0
0.4560 -0.2095 -0.0090 0 0 -10 0
0.4700 -0.2095 -0.0090 0 0 -10 0
0.4440 -0.2091 -0.0087 0 0 -10 0
0.4680 -0.2084 -0.0105 0 0 -10 0
0.4520 -0.2075 -0.0104 0 0 -10 0
0.4560 -0.2076 -0.0115 0 0 -10 0
0.4520 -0.2070 -0.0110 0 0 -10 0
0.4740 -0.2066 -0.0077 0 0 -10 0
0.4740 -0.2066 -0.0077 0 0 -10 0
0.4600 -0.2062 -0.0078 0 0 -10 0
0.4640 -0.2054 -0.0072 0 0 -10 0
0.4500 -0.2048 -0.0068 0 0 -10 0
0.4640 -0.2041 -0.0087 0 0 -10 0
0.4700 -0.2038 -0.0078 0 0 -10 0
0.4700 -0.2038 -0.0078 0 0 -10 0
0.4620 -0.2034 -0.0069 0 0 -10 0
0.4620 -0.2029 -0.0064 0 0 -10 0
0.4620 -0.2022 -0.0078 0 0 -10 0
0.4420 -0.2019 -0.0045 0 0 -10 0
0.4320 -0.2016 -0.0045 0 0 -10 0
0.4320 -0.2015 -0.0057 0 0 -10 0
0.4420 -0.2015 -0.0057 0 0 -10 0
0.4460 -0.2011 -0.0058 0 0 -10 0
0.4580 -0.2008 -0.0054 0 0 -10 0
0.4580 -0.2003 -0.0052 0 0 -10 0
0.4580 -0.1996 -0.0037 0 0 -10 0
0.4580 -0.1996 -0.0037 0 0 -10 0
0.4680 -0.1994 -0.0036 0 0 -10 0
0.4620 -0.1992 -0.0050 0 0 -10 0
0.4460 -0.1986 -0.0046 0 0 -10 0
0.4360 -0.1978 -0.0053 0 0 -10 0
0.4360 -0.1978 -0.0053 0 0 -10 0
0.4580 -0.1969 -0.0051 0 0 -10 0
0.4700 -0.1957 -0.0078 0 0 -10 0
0.4700 -0.1957 -0.0078 0 0 -10 0
0.4720 -0.1952 -0.0065 0 0 -10 0
0.4480 -0.1946 -0.0061 0 0 -10 0
0.4700 -0.1942 -0.0072 0 0 -10 0
0.4520 -0.1941 -0.0062 0 0 -10 0
0.4560 -0.1937 -0.0061 0 0 -10 0
0.4640 -0.1934 -0.0067 0 0 -10 0
0.4680 -0.1934 -0.0079 0 0 -10 0
0.4660 -0.1928 -0.0074 0 0 -10 0
0.4580 -0.1924 -0.0017 0 0 -10 0
0.4520 -0.1920 -0.0018 0 0 -10 0
0.4520 -0.1920 -0.0018 0 0 -10 0
0.4640 -0.1916 -0.0044 0 0 -10 0
0.4640 -0.1911 -0.0072 0 0 -10 0
0.4580 -0.1907 -0.0073 0 0 -10 0
0.4580 -0.1907 -0.0073 0 0 -10 0
0.4560 -0.1897 -0.0075 0 0 -10 0
0.4560 -0.1897 -0.0075 0 0 -10 0
0.4800 -0.1891 -0.0060 0 0 -10 0
0.4640 -0.1884 -0.0061 0 0 -10 0
0.4680 -0.1885 -0.0085 0 0 -10 0
0.4440 -0.1885 -0.0086 0 0 -10 0
0.4440 -0.1885 -0.0086 0 0 -10 0
0.4720 -0.1880 -0.0069 0 0 -10 0
0.4800 -0.1874 -0.0071 0 0 -10 0
0.4760 -0.1865 -0.0056 0 0 -10 0
0.4760 -0.1865 -0.0056 0 0 -10 0
0.4660 -0.1855 -0.0057 0 0 -10 0
0.4660 -0.1855 -0.0057 0 0 -10 0
0.4580 -0.1853 -0.0046 0 0 -10 0
0.4620 -0.1856 -0.0038 0 0 -10 0
0.4600 -0.1854 -0.0029 0 0 -10 0
0.4520 -0.1849 -0.0024 0 0 -10 0
0.4520 -0.1849 -0.0024 0 0 -10 0
0.4740 -0.1833 -0.0037 0 0 -10 0
0.4740 -0.1833 -0.0037 0 0 -10 0
0.4760 -0.1830 -0.0030 0 0 -10 0
0.4700 -0.1833 -0.0032 0 0 -10 0
0.4600 -0.1836 -0.0068 0 0 -10 0
0.4500 -0.1838 -0.0071 0 0 -10 0
0.4500 -0.1838 -0.0071 0 0 -10 0
0.4500 -0.1826 -0.0078 0 0 -10 0
0.4600 -0.1819 -0.0079 0 0 -10 0
0.4420 -0.1815 -0.0085 0 0 -10 0
0.4500 -0.1811 -0.0061 0 0 -10 0
0.4500 -0.1813 -0.0062 0 0 -10 0
0.4600 -0.1811 -0.0063 0 0 -10 0
0.4600 -0.1811 -0.0063 0 0 -10 0
0.4640 -0.1791 -0.0052 0 0 -10 0
0.4600 -0.1776 -0.0060 0 0 -10 0
0.4540 -0.1768 -0.0066 0 0 -10 0
0.4540 -0.1768 -0.0066 0 0 -10 0
0.4600 -0.1768 -0.0061 0 0 -10 0
0.4540 -0.1766 -0.0067 0 0 -10 0
0.4560 -0.1765 -0.0083 0 0 -10 0
0.4560 -0.1765 -0.0083 0 0 -10 0
0.4660 -0.1757 -0.0076 0 0 -10 0
0.4640 -0.1755 -0.0071 0 0 -10 0
0.4600 -0.1749 -0.0079 0 0 -10 0
0.4600 -0.1749 -0.0079 0 0 -10 0
0.4360 -0.1752 -0.0069 0 0 -10 0
0.4520 -0.1752 -0.0069 0 0 -10 0
0.4680 -0.1751 -0.0079 0 0 -10 0
0.4640 -0.1750 -0.0081 0 0 -10 0
0.4660 -0.1753 -0.0077 0 0 -10 0
0.4660 -0.1753 -0.0077 0 0 -10 0
0.4620 -0.1757 -0.0090 0 0 -10 0
0.4580 -0.1757 -0.0091 0 0 -10 0
0.4480 -0.1751 -0.0076 0 0 -10 0
0.4480 -0.1745 -0.0076 0 0 -10 0
0.4660 -0.1741 -0.0070 0 0 -10 0
0.4660 -0.1741 -0.0070 0 0 -10 0
0.4500 -0.1730 -0.0051 0 0 -10 0
0.4500 -0.1726 -0.0054 0 0 -10 0
0.4640 -0.1715 -0.0052 0 0 -10 0
0.4600 -0.1709 -0.0047 0 0 -10 0
0.4720 -0.1704 -0.0022 0 0 -10 0
0.4560 -0.1699 -0.0020 0 0 -10 0
0.4780 -0.1696 -0.0042 0 0 -10 0
0.4780 -0.1696 -0.0042 0 0 -10 0
0.4700 -0.1679 -0.0047 0 0 -10 0
0.4700 -0.1679 -0.0047 0 0 -10 0
0.4700 -0.1677 -0.0039 0 0 -10 0
0.4680 -0.1675 -0.0033 0 0 -10 0
0.4680 -0.1675 -0.0033 0 0 -10 0
0.4740 -0.1670 -0.0022 0 0 -10 0
0.4820 -0.1668 -0.0015 0 0 -10 0
0.4820 -0.1668 -0.0015 0 0 -10 0
0.4680 -0.1672 -0.0016 0 0 -10 0
0.4880 -0.1665 -0.0007 0 0 -10 0
0.4880 -0.1665 -0.0007 0 0 -10 0
0.4900 -0.1656 0.0000 0 0 -10 0
0.4820 -0.1641 0.0015 0 0 -10 0
0.4820 -0.1641 0.0015 0 0 -10 0
0.4880 -0.1630 0.0003 0 0 -10 0
0.4720 -0.1627 0.0002 0 0 -10 0
0.4800 -0.1628 -0.0001 0 0 -10 0
0.4840 -0.1625 -0.0024 0 0 -10 0
0.4880 -0.1621 -0.0018 0 0 -10 0
0.4820 -0.1605 -0.0013 0 0 -10 0
0.4820 -0.1605 -0.0013 0 0 -10 0
0.5100 -0.1597 -0.0018 0 0 -10 0
0.4740 -0.1588 -0.0041 0 0 -10 0
0.4800 -0.1583 -0.0035 0 0 -10 0
0.4800 -0.1583 -0.0035 0 0 -10 0
0.4920 -0.1580 -0.0041 0 0 -10 0
0.4940 -0.1569 -0.0052 0 0 -10 0
0.4840 -0.1562 -0.0033 0 0 -10 0
0.4840 -0.1558 -0.0035 0 0 -10 0
0.4800 -0.1558 -0.0035 0 0 -10 0
0.4780 -0.1557 -0.0043 0 0 -10 0
0.4860 -0.1554 -0.0042 0 0 -10 0
0.5020 -0.1550 -0.0023 0 0 -10 0
0.5020 -0.1548 -0.0026 0 0 -10 0
0.4980 -0.1542 -0.0027 0 0 -10 0
0.4880 -0.1531 -0.0030 0 0 -10 0
0.5200 -0.1525 -0.0037 0 0 -10 0
0.4960 -0.1523 -0.0037 0 0 -10 0
0.4880 -0.1518 -0.0027 0 0 -10 0
0.5120 -0.1518 -0.0007 0 0 -10 0
0.5180 -0.1520 -0.0006 0 0 -10 0
0.5020 -0.1522 -0.0002 0 0 -10 0
0.5100 -0.1512 -0.0004 0 0 -10 0
0.5260 -0.1505 0.0002 0 0 -10 0
0.5040 -0.1497 0.0007 0 0 -10 0
0.5060 -0.1492 0.0006 0 0 -10 0
0.5240 -0.1487 0.0014 0 0 -10 0
0.5140 -0.1486 0.0009 0 0 -10 0
0.5160 -0.1486 0.0019 0 0 -10 0
0.5060 -0.1484 0.0027 0 0 -10 0
0.5060 -0.1484 0.0027 0 0 -10 0
0.4980 -0.1480 0.0018 0 0 -10 0
0.5220 -0.1469 0.0047 0 0 -10 0
0.5280 -0.1465 0.0041 0 0 -10 0
0.5120 -0.1461 0.0038 0 0 -10 0
0.5120 -0.1461 0.0038 0 0 -10 0
0.5280 -0.1458 0.0037 0 0 -10 0
0.5260 -0.1460 0.0033 0 0 -10 0
0.5180 -0.1463 0.0041 0 0 -10 0
0.4980 -0.1464 0.0039 0 0 -10 0
0.4980 -0.1464 0.0039 0 0 -10 0
0.5200 -0.1459 -0.0025 0 0 -10 0
0.5120 -0.1456 -0.0026 0 0 -10 0
0.5200 -0.1452 -0.0003 0 0 -10 0
0.5440 -0.1447 -0.0023 0 0 -10 0
0.5200 -0.1443 -0.0005 0 0 -10 0
0.5160 -0.1443 -0.0008 0 0 -10 0
0.5160 -0.1443 -0.0008 0 0 -10 0
0.5320 -0.1443 -0.0007 0 0 -10 0
0.5140 -0.1437 0.0001 0 0 -10 0
0.5300 -0.1432 0.0004 0 0 -10 0
0.5480 -0.1422 0.0007 0 0 -10 0
0.5320 -0.1415 -0.0004 0 0 -10 0
0.5320 -0.1412 -0.0003 0 0 -10 0
0.5060 -0.1412 -0.0003 0 0 -10 0
0.5200 -0.1412 0.0014 0 0 -10 0
0.5320 -0.1409 0.0005 0 0 -10 0
0.5300 -0.1409 -0.0013 0 0 -10 0
0.5300 -0.1409 -0.0013 0 0 -10 0
0.5420 -0.1398 0.0002 0 0 -10 0
0.5420 -0.1398 0.0002 0 0 -10 0
0.5200 -0.1390 -0.0005 0 0 -10 0
0.5480 -0.1388 -0.0012 0 0 -10 0
0.5440 -0.1387 0.0000 0 0 -10 0
0.5440 -0.1388 -0.0010 0 0 -10 0
0.5440 -0.1388 -0.0010 0 0 -10 0
0.5440 -0.1390 -0.0023 0 0 -10 0
0.5340 -0.1386 -0.0023 0 0 -10 0
0.5200 -0.1381 -0.0014 0 0 -10 0
0.5200 -0.1373 -0.0013 0 0 -10 0
0.5340 -0.1366 -0.0025 0 0 -10 0
0.5400 -0.1361 -0.0028 0 0 -10 0
0.5400 -0.1361 -0.0028 0 0 -10 0
0.5600 -0.1355 -0.0035 0 0 -10 0
0.5400 -0.1355 -0.0040 0 0 -10 0
0.5420 -0.1352 -0.0066 0 0 -10 0
0.5600 -0.1343 -0.0065 0 0 -10 0
0.5240 -0.1336 -0.0064 0 0 -10 0
0.5580 -0.1334 -0.0065 0 0 -10 0
0.5340 -0.1335 -0.0063 0 0 -10 0
0.5480 -0.1329 -0.0048 0 0 -10 0
0.5320 -0.1325 -0.0047 0 0 -10 0
0.5320 -0.1325 -0.0047 0 0 -10 0
0.5420 -0.1321 -0.0048 0 0 -10 0
0.5580 -0.1316 -0.0045 0 0 -10 0
0.5460 -0.1310 -0.0036 0 0 -10 0
0.5200 -0.1304 -0.0033 0 0 -10 0
0.5440 -0.1304 -0.0044 0 0 -10 0
0.5480 -0.1303 -0.0046 0 0 -10 0
0.5480 -0.1303 -0.0046 0 0 -10 0
0.5260 -0.1305 -0.0044 0 0 -10 0
0.5200 -0.1303 -0.0043 0 0 -10 0
0.5320 -0.1297 -0.0044 0 0 -10 0
0.5320 -0.1297 -0.0044 0 0 -10 0
0.5580 -0.1284 -0.0034 0 0 -10 0
0.5580 -0.1284 -0.0034 0 0 -10 0
0.5380 -0.1280 -0.0033 0 0 -10 0
0.5260 -0.1280 -0.0024 0 0 -10 0
0.5280 -0.1276 -0.0017 0 0 -10 0
0.5460 -0.1270 -0.0016 0 0 -10 0
0.5460 -0.1270 -0.0016 0 0 -10 0
0.5400 -0.1263 -0.0038 0 0 -10 0
0.5740 -0.1258 -0.0036 0 0 -10 0
0.5400 -0.1256 -0.0038 0 0 -10 0
0.5400 -0.1256 -0.0038 0 0 -10 0
0.5480 -0.1244 -0.0049 0 0 -10 0
0.5300 -0.1244 -0.0049 0 0 -10 0
0.5440 -0.1238 -0.0035 0 0 -10 0
0.5600 -0.1234 -0.0039 0 0 -10 0
0.5420 -0.1231 -0.0055 0 0 -10 0
0.5420 -0.1231 -0.0055 0 0 -10 0
0.5660 -0.1229 -0.0058 0 0 -10 0
0.5460 -0.1224 -0.0044 0 0 -10 0
0.5460 -0.1224 -0.0044 0 0 -10 0
0.5460 -0.1221 -0.0067 0 0 -10 0
0.5480 -0.1215 -0.0069 0 0 -10 0
0.5520 -0.1213 -0.0060 0 0 -10 0
0.5400 -0.1214 -0.0062 0 0 -10 0
0.5400 -0.1214 -0.0062 0 0 -10 0
0.5340 -0.1217 -0.0079 0 0 -10 0
0.5340 -0.1217 -0.0079 0 0 -10 0
0.5720 -0.1210 -0.0046 0 0 -10 0
0.5720 -0.1210 -0.0046 0 0 -10 0
0.5380 -0.1194 -0.0036 0 0 -10 0
0.5380 -0.1194 -0.0036 0 0 -10 0
0.5640 -0.1188 -0.0034 0 0 -10 0
0.5620 -0.1186 -0.0033 0 0 -10 0
0.5720 -0.1182 -0.0016 0 0 -10 0
0.5460 -0.1185 -0.0028 0 0 -10 0
0.5460 -0.1185 -0.0028 0 0 -10 0
0.5640 -0.1182 -0.0001 0 0 -10 0
0.5620 -0.1178 0.0003 0 0 -10 0
0.5800 -0.1166 -0.0010 0 0 -10 0
0.5660 -0.1158 -0.0002 0 0 -10 0
0.5800 -0.1150 0.0002 0 0 -10 0
0.5700 -0.1146 0.0002 0 0 -10 0
0.5700 -0.1146 0.0002 0 0 -10 0
0.5460 -0.1141 -0.0017 0 0 -10 0
0.5460 -0.1141 -0.0017 0 0 -10 0
0.5560 -0.1129 0.0003 0 0 -10 0
0.5560 -0.1125 0.0003 0 0 -10 0
0.5800 -0.1121 0.0003 0 0 -10 0
0.5800 -0.1118 0.0008 0 0 -10 0
0.5540 -0.1118 0.0008 0 0 -10 0
0.5720 -0.1116 0.0004 0 0 -10 0
0.5580 -0.1112 -0.0004 0 0 -10 0
0.5780 -0.1107 -0.0006 0 0 -10 0
0.5820 -0.1101 0.0002 0 0 -10 0
0.5820 -0.1101 0.0002 0 0 -10 0
0.5960 -0.1096 -0.0007 0 0 -10 0
0.5720 -0.1086 -0.0008 0 0 -10 0
0.5900 -0.1075 0.0005 0 0 -10 0
0.5840 -0.1061 -0.0002 0 0 -10 0
0.5840 -0.1061 -0.0002 0 0 -10 0
0.5780 -0.1056 -0.0005 0 0 -10 0
0.5740 -0.1053 -0.0007 0 0 -10 0
0.5800 -0.1054 0.0000 0 0 -10 0
0.5860 -0.1056 -0.0029 0 0 -10 0
0.5920 -0.1054 -0.0029 0 0 -10 0
0.5860 -0.1052 -0.0014 0 0 -10 0
0.5860 -0.1052 -0.0014 0 0 -10 0
0.5960 -0.1049 -0.0022 0 0 -10 0
0.5900 -0.1047 -0.0031 0 0 -10 0
0.5860 -0.1043 -0.0036 0 0 -10 0
0.5840 -0.1044 -0.0037 0 0 -10 0
0.6100 -0.1043 -0.0036 0 0 -10 0
0.6100 -0.1043 -0.0036 0 0 -10 0
0.5880 -0.1038 -0.0042 0 0 -10 0
0.5960 -0.1028 -0.0042 0 0 -10 0
0.6000 -0.1021 -0.0037 0 0 -10 0
0.5900 -0.1017 -0.0034 0 0 -10 0
0.5900 -0.1014 -0.0038 0 0 -10 0
0.6060 -0.1011 -0.0040 0 0 -10 0
0.6060 -0.1011 -0.0040 0 0 -10 0
0.6120 -0.1005 -0.0041 0 0 -10 0
0.6220 -0.0995 -0.0038 0 0 -10 0
0.6060 -0.0992 -0.0030 0 0 -10 0
0.6060 -0.0986 -0.0024 0 0 -10 0
0.6080 -0.0986 -0.0024 0 0 -10 0
0.6020 -0.0979 -0.0031 0 0 -10 0
0.6140 -0.0976 -0.0031 0 0 -10 0
0.6240 -0.0973 -0.0021 0 0 -10 0
0.6080 -0.0967 -0.0018 0 0 -10 0
0.6260 -0.0962 -0.0014 0 0 -10 0
0.6260 -0.0962 -0.0014 0 0 -10 0
0.6320 -0.0960 -0.0017 0 0 -10 0
0.6220 -0.0954 0.0005 0 0 -10 0
0.6080 -0.0954 0.0005 0 0 -10 0
0.6400 -0.0950 0.0000 0 0 -10 0
0.6220 -0.0948 0.0006 0 0 -10 0
0.6220 -0.0948 0.0006 0 0 -10 0
0.6020 -0.0946 0.0006 0 0 -10 0
0.6320 -0.0942 -0.0001 0 0 -10 0
0.6220 -0.0940 0.0007 0 0 -10 0
0.6400 -0.0936 0.0020 0 0 -10 0
0.6400 -0.0936 0.0020 0 0 -10 0
0.6220 -0.0930 0.0023 0 0 -10 0
0.6080 -0.0924 0.0014 0 0 -10 0
0.6540 -0.0919 0.0013 0 0 -10 0
0.6480 -0.0916 0.0017 0 0 -10 0
0.6480 -0.0913 0.0015 0 0 -10 0
0.6480 -0.0913 0.0015 0 0 -10 0
0.6200 -0.0906 0.0006 0 0 -10 0
0.6440 -0.0899 0.0008 0 0 -10 0
0.6160 -0.0890 0.0019 0 0 -10 0
0.6320 -0.0888 0.0012 0 0 -10 0
0.6200 -0.0883 0.0011 0 0 -10 0
0.6540 -0.0879 0.0018 0 0 -10 0
0.6400 -0.0875 0.0020 0 0 -10 0
0.6400 -0.0872 0.0011 0 0 -10 0
0.6400 -0.0860 0.0011 0 0 -10 0
0.6240 -0.0854 -0.0004 0 0 -10 0
0.6540 -0.0851 -0.0005 0 0 -10 0
0.6360 -0.0852 -0.0002 0 0 -10 0
0.6380 -0.0847 -0.0005 0 0 -10 0
0.6380 -0.0847 -0.0005 0 0 -10 0
0.6420 -0.0840 0.0013 0 0 -10 0
0.6500 -0.0838 0.0010 0 0 -10 0
0.6460 -0.0838 -0.0038 0 0 -10 0
0.6640 -0.0836 -0.0036 0 0 -10 0
0.6640 -0.0836 -0.0036 0 0 -10 0
0.6480 -0.0833 -0.0054 0 0 -10 0
0.6700 -0.0825 -0.0061 0 0 -10 0
0.6480 -0.0816 -0.0104 0 0 -10 0
0.6580 -0.0812 -0.0101 0 0 -10 0
0.6580 -0.0812 -0.0101 0 0 -10 0
0.6600 -0.0814 -0.0118 0 0 -10 0
0.6320 -0.0813 -0.0116 0 0 -10 0
0.6300 -0.0811 -0.0100 0 0 -10 0
0.6300 -0.0811 -0.0100 0 0 -10 0
0.6220 -0.0802 -0.0095 0 0 -10 0
0.6200 -0.0800 -0.0098 0 0 -10 0
0.6200 -0.0800 -0.0098 0 0 -10 0
0.6400 -0.0801 -0.0094 0 0 -10 0
0.6300 -0.0798 -0.0097 0 0 -10 0
0.6480 -0.0793 -0.0113 0 0 -10 0
0.6480 -0.0793 -0.0113 0 0 -10 0
0.6600 -0.0785 -0.0100 0 0 -10 0
0.6600 -0.0785 -0.0100 0 0 -10 0
0.6500 -0.0780 -0.0101 0 0 -10 0
0.6160 -0.0776 -0.0104 0 0 -10 0
0.6480 -0.0772 -0.0085 0 0 -10 0
0.6480 -0.0768 -0.0086 0 0 -10 0
0.6480 -0.0768 -0.0086 0 0 -10 0
0.6580 -0.0759 -0.0075 0 0 -10 0
0.6480 -0.0753 -0.0074 0 0 -10 0
0.6160 -0.0750 -0.0082 0 0 -10 0
0.6520 -0.0746 -0.0080 0 0 -10 0
0.6340 -0.0739 -0.0109 0 0 -10 0
0.6280 -0.0732 -0.0102 0 0 -10 0
0.6280 -0.0732 -0.0102 0 0 -10 0
0.6540 -0.0726 -0.0059 0 0 -10 0
0.6160 -0.0723 -0.0062 0 0 -10 0
0.6500 -0.0719 -0.0067 0 0 -10 0
0.6500 -0.0719 -0.0067 0 0 -10 0
0.6440 -0.0717 -0.0059 0 0 -10 0
0.6440 -0.0718 -0.0081 0 0 -10 0
0.6540 -0.0718 -0.0081 0 0 -10 0
0.6440 -0.0718 -0.0085 0 0 -10 0
0.6480 -0.0714 -0.0092 0 0 -10 0
0.6580 -0.0705 -0.0091 0 0 -10 0
0.6580 -0.0705 -0.0091 0 0 -10 0
0.6580 -0.0690 -0.0131 0 0 -10 0
0.6640 -0.0685 -0.0138 0 0 -10 0
0.6520 -0.0682 -0.0125 0 0 -10 0
0.6700 -0.0682 -0.0131 0 0 -10 0
0.6480 -0.0682 -0.0136 0 0 -10 0
0.6480 -0.0682 -0.0135 0 0 -10 0
0.6540 -0.0682 -0.0135 0 0 -10 0
0.6660 -0.0674 -0.0118 0 0 -10 0
0.6700 -0.0664 -0.0122 0 0 -10 0
0.6720 -0.0660 -0.0113 0 0 -10 0
0.6720 -0.0660 -0.0113 0 0 -10 0
0.6600 -0.0661 -0.0092 0 0 -10 0
0.6600 -0.0661 -0.0092 0 0 -10 0
0.6640 -0.0664 -0.0117 0 0 -10 0
0.6640 -0.0661 -0.0111 0 0 -10 0
0.6740 -0.0658 -0.0089 0 0 -10 0
0.6740 -0.0658 -0.0089 0 0 -10 0
0.6640 -0.0649 -0.0089 0 0 -10 0
0.6760 -0.0641 -0.0098 0 0 -10 0
0.6600 -0.0633 -0.0105 0 0 -10 0
0.6540 -0.0626 -0.0089 0 0 -10 0
0.6540 -0.0626 -0.0089 0 0 -10 0
0.6680 -0.0617 -0.0088 0 0 -10 0
0.6640 -0.0613 -0.0086 0 0 -10 0
0.6700 -0.0609 -0.0073 0 0 -10 0
0.6700 -0.0605 -0.0072 0 0 -10 0
0.6720 -0.0600 -0.0078 0 0 -10 0
0.6720 -0.0600 -0.0078 0 0 -10 0
0.6640 -0.0597 -0.0074 0 0 -10 0
0.6820 -0.0592 -0.0076 0 0 -10 0
0.7060 -0.0585 -0.0084 0 0 -10 0
0.6860 -0.0575 -0.0099 0 0 -10 0
0.6860 -0.0575 -0.0099 0 0 -10 0
0.6840 -0.0571 -0.0101 0 0 -10 0
0.6820 -0.0569 -0.0127 0 0 -10 0
0.6660 -0.0566 -0.0133 0 0 -10 0
0.6840 -0.0560 -0.0134 0 0 -10 0
0.6840 -0.0556 -0.0109 0 0 -10 0
0.6700 -0.0551 -0.0122 0 0 -10 0
0.6660 -0.0551 -0.0115 0 0 -10 0
0.6660 -0.0551 -0.0115 0 0 -10 0
0.6920 -0.0555 -0.0097 0 0 -10 0
0.6720 -0.0551 -0.0098 0 0 -10 0
0.6820 -0.0544 -0.0097 0 0 -10 0
0.6820 -0.0544 -0.0097 0 0 -10 0
0.6640 -0.0537 -0.0086 0 0 -10 0
0.6760 -0.0533 -0.0085 0 0 -10 0
0.6940 -0.0533 -0.0081 0 0 -10 0
0.6940 -0.0533 -0.0081 0 0 -10 0
0.6860 -0.0531 -0.0057 0 0 -10 0
0.6860 -0.0531 -0.0057 0 0 -10 0
0.6880 -0.0527 -0.0053 0 0 -10 0
0.6780 -0.0522 -0.0034 0 0 -10 0
0.6980 -0.0518 -0.0031 0 0 -10 0
0.6980 -0.0518 -0.0031 0 0 -10 0
0.6980 -0.0509 -0.0014 0 0 -10 0
0.6840 -0.0498 -0.0014 0 0 -10 0
0.6920 -0.0494 -0.0009 0 0 -10 0
0.6720 -0.0489 0.0004 0 0 -10 0
0.7200 -0.0484 0.0021 0 0 -10 0
0.7020 -0.0477 0.0020 0 0 -10 0
0.6820 -0.0467 0.0036 0 0 -10 0
0.6880 -0.0465 0.0043 0 0 -10 0
0.6820 -0.0461 0.0052 0 0 -10 0
0.6820 -0.0461 0.0052 0 0 -10 0
0.7040 -0.0457 0.0050 0 0 -10 0
0.6940 -0.0451 0.0058 0 0 -10 0
0.7020 -0.0445 0.0059 0 0 -10 0
0.7020 -0.0445 0.0059 0 0 -10 0
0.7060 -0.0440 0.0047 0 0 -10 0
0.7120 -0.0434 0.0044 0 0 -10 0
0.6900 -0.0431 0.0042 0 0 -10 0
0.6940 -0.0428 0.0017 0 0 -10 0
0.6940 -0.0428 0.0017 0 0 -10 0
0.7020 -0.0422 0.0005 0 0 -10 0
0.6900 -0.0417 0.0005 0 0 -10 0
0.7160 -0.0416 0.0001 0 0 -10 0
0.6880 -0.0412 -0.0025 0 0 -10 0
0.6880 -0.0412 -0.0025 0 0 -10 0
0.6940 -0.0406 -0.0030 0 0 -10 0
0.7200 -0.0406 -0.0005 0 0 -10 0
0.7020 -0.0404 -0.0012 0 0 -10 0
0.7140 -0.0409 -0.0019 0 0 -10 0
0.7140 -0.0409 -0.0019 0 0 -10 0
0.6880 -0.0411 -0.0000 0 0 -10 0
0.7080 -0.0405 0.0003 0 0 -10 0
0.7040 -0.0401 -0.0003 0 0 -10 0
0.7040 -0.0397 -0.0007 0 0 -10 0
0.7060 -0.0394 -0.0007 0 0 -10 0
0.7020 -0.0386 -0.0014 0 0 -10 0
0.7020 -0.0381 -0.0014 0 0 -10 0
0.7220 -0.0381 -0.0014 0 0 -10 0
0.7120 -0.0373 -0.0013 0 0 -10 0
0.7080 -0.0370 -0.0017 0 0 -10 0
0.6980 -0.0368 -0.0024 0 0 -10 0
0.6980 -0.0368 -0.0024 0 0 -10 0
0.6940 -0.0361 -0.0028 0 0 -10 0
0.6880 -0.0354 -0.0032 0 0 -10 0
0.7060 -0.0348 -0.0033 0 0 -10 0
0.6940 -0.0345 -0.0044 0 0 -10 0
0.6940 -0.0344 -0.0047 0 0 -10 0
0.6820 -0.0346 -0.0038 0 0 -10 0
0.6820 -0.0346 -0.0038 0 0 -10 0
0.7040 -0.0348 -0.0040 0 0 -10 0
0.7220 -0.0340 -0.0060 0 0 -10 0
0.7380 -0.0334 -0.0055 0 0 -10 0
0.7020 -0.0324 -0.0074 0 0 -10 0
0.7220 -0.0316 -0.0072 0 0 -10 0
0.7220 -0.0316 -0.0072 0 0 -10 0
0.7160 -0.0306 -0.0022 0 0 -10 0
0.7140 -0.0298 -0.0021 0 0 -10 0
0.7160 -0.0297 -0.0049 0 0 -10 0
0.7120 -0.0294 -0.0049 0 0 -10 0
0.7120 -0.0294 -0.0049 0 0 -10 0
0.7280 -0.0294 -0.0054 0 0 -10 0
0.7180 -0.0293 -0.0059 0 0 -10 0
0.7260 -0.0289 -0.0079 0 0 -10 0
0.7340 -0.0285 -0.0080 0 0 -10 0
0.7080 -0.0275 -0.0074 0 0 -10 0
0.7180 -0.0266 -0.0085 0 0 -10 0
0.7180 -0.0266 -0.0085 0 0 -10 0
0.7140 -0.0261 -0.0077 0 0 -10 0
0.7280 -0.0258 -0.0088 0 0 -10 0
0.7080 -0.0257 -0.0086 0 0 -10 0
0.7080 -0.0257 -0.0086 0 0 -10 0
0.7140 -0.0256 -0.0101 0 0 -10 0
0.7260 -0.0256 -0.0102 0 0 -10 0
0.7300 -0.0253 -0.0092 0 0 -10 0
0.7300 -0.0253 -0.0092 0 0 -10 0
0.7260 -0.0248 -0.0108 0 0 -10 0
0.7260 -0.0248 -0.0108 0 0 -10 0
0.7060 -0.0244 -0.0110 0 0 -10 0
0.6920 -0.0239 -0.0113 0 0 -10 0
0.7000 -0.0231 -0.0154 0 0 -10 0
0.7020 -0.0230 -0.0154 0 0 -10 0
0.7020 -0.0230 -0.0154 0 0 -10 0
0.7160 -0.0230 -0.0158 0 0 -10 0
0.7140 -0.0229 -0.0154 0 0 -10 0
0.7160 -0.0225 -0.0166 0 0 -10 0
0.7160 -0.0225 -0.0166 0 0 -10 0
0.7100 -0.0206 -0.0167 0 0 -10 0
0.7100 -0.0200 -0.0162 0 0 -10 0
0.7140 -0.0200 -0.0162 0 0 -10 0
0.7180 -0.0187 -0.0168 0 0 -10 0
0.7140 -0.0185 -0.0139 0 0 -10 0
0.7140 -0.0185 -0.0139 0 0 -10 0
0.7220 -0.0182 -0.0135 0 0 -10 0
0.7180 -0.0182 -0.0133 0 0 -10 0
0.7180 -0.0175 -0.0114 0 0 -10 0
0.7180 -0.0175 -0.0114 0 0 -10 0
0.7200 -0.0159 -0.0111 0 0 -10 0
0.7320 -0.0152 -0.0113 0 0 -10 0
0.7320 -0.0152 -0.0113 0 0 -10 0
0.7320 -0.0142 -0.0092 0 0 -10 0
0.7440 -0.0139 -0.0092 0 0 -10 0
0.7440 -0.0139 -0.0092 0 0 0 0
0.7180 -0.0128 -0.0104 0 0 -10 0
0.7560 -0.0103 -0.0131 0 0 -10 0
0.7480 -0.0093 -0.0126 0 0 -10 0
0.7480 -0.0089 -0.0131 0 0 0 0
0.7840 -0.0077 -0.0139 0 0 -10 0
0.7420 -0.0062 -0.0147 0 0 -10 0
0.7420 -0.0061 -0.0114 0 0 0 0
0.7220 -0.0048 -0.0157 0 0 0 10
0.7060 -0.0057 -0.0162 0 0 0 10
0.7100 -0.0062 -0.0167 0 0 0 0
0.7540 -0.0054 -0.0051 0 0 0 10
0.7280 -0.0054 -0.0023 0 0 0 0
0.7620 -0.0059 -0.0016 0 0 0 10
0.7640 -0.0062 -0.0052 0 0 0 0
0.7440 -0.0055 0.0093 0 0 -10 0
0.7500 -0.0051 0.0063 0 0 -10 0
0.7500 -0.0060 0.0087 0 0 -10 0
0.7400 -0.0054 0.0087 0 0 -10 0
0.7340 -0.0051 0.0096 0 0 0 0
0.7280 -0.0043 0.0169 0 0 -10 0
0.7360 -0.0040 0.0196 0 0 -10 0
0.7360 -0.0037 0.0195 0 0 0 0
0.7140 -0.0023 0.0284 0 0 0 -10
0.7040 -0.0039 0.0193 0 0 0 -10
0.7280 -0.0034 0.0201 0 0 0 0
